1.461568824e+00 1.720171215e+00 2.000000000e+00 
1.503923529e+00 1.719636169e+00 2.000000000e+00 
1.585147059e+00 1.665596576e+00 2.000000000e+00 
1.576911765e+00 1.676297485e+00 2.000000000e+00 
1.561570588e+00 1.709470305e+00 2.000000000e+00 
1.567205882e+00 1.705189941e+00 2.000000000e+00 
1.460980588e+00 1.827180310e+00 2.000000000e+00 
1.451274706e+00 1.870518994e+00 2.000000000e+00 
1.438529412e+00 1.885500268e+00 2.000000000e+00 
1.383921765e+00 1.671482076e+00 1.946213425e+00 
1.453970588e+00 1.617442483e+00 1.946213425e+00 
1.383333529e+00 1.778491172e+00 1.946213425e+00 
1.422157059e+00 1.635098983e+00 1.940834768e+00 
1.411617647e+00 1.650080257e+00 1.940834768e+00 
1.442352941e+00 1.624398074e+00 1.940834768e+00 
1.468970588e+00 1.608881755e+00 1.940834768e+00 
1.381470588e+00 1.704654896e+00 1.940834768e+00 
1.527205882e+00 1.608346709e+00 1.940834768e+00 
1.376176471e+00 1.789192081e+00 1.940834768e+00 
1.794705882e+00 1.602461209e+00 1.946213425e+00 
1.659411765e+00 1.603531300e+00 1.940834768e+00 
1.742941176e+00 1.592830391e+00 1.935240964e+00 
1.357451176e+00 1.670947030e+00 1.906841652e+00 
1.351568824e+00 1.697164259e+00 1.906841652e+00 
1.444558824e+00 1.616372392e+00 1.906841652e+00 
1.399804118e+00 1.670411985e+00 1.906841652e+00 
1.623823529e+00 1.600856073e+00 1.906841652e+00 
1.745294118e+00 1.561797753e+00 1.906841652e+00 
1.391617647e+00 1.521134296e+00 1.887048193e+00 
1.344510000e+00 1.586409845e+00 1.887048193e+00 
1.333970588e+00 1.601391118e+00 1.887048193e+00 
1.365000000e+00 1.575708935e+00 1.887048193e+00 
1.303823529e+00 1.655965757e+00 1.887048193e+00 
1.672352941e+00 1.495987159e+00 1.887048193e+00 
1.661176471e+00 1.506688068e+00 1.887048193e+00 
1.316862941e+00 1.561797753e+00 1.872848537e+00 
1.379558824e+00 1.556982343e+00 1.872848537e+00 
1.426323529e+00 1.517924024e+00 1.872848537e+00 
1.279804118e+00 1.622257892e+00 1.853055077e+00 
1.273921765e+00 1.648475120e+00 1.853055077e+00 
1.289215882e+00 1.600856073e+00 1.847676420e+00 
1.309411765e+00 1.590155163e+00 1.847676420e+00 
1.410441176e+00 1.520064205e+00 1.847676420e+00 
1.490294118e+00 1.505082932e+00 1.847676420e+00 
1.624117647e+00 1.504547887e+00 1.847676420e+00 
1.621176471e+00 1.489031568e+00 1.842082616e+00 
1.324510000e+00 1.550026752e+00 1.833476764e+00 
1.295686471e+00 1.586944890e+00 1.833476764e+00 
1.315882353e+00 1.576243981e+00 1.833476764e+00 
1.379068824e+00 1.505617978e+00 1.822289157e+00 
1.459804118e+00 1.459604066e+00 1.822289157e+00 
1.449264706e+00 1.474585340e+00 1.822289157e+00 
1.520000000e+00 1.448368111e+00 1.822289157e+00 
1.537647059e+00 1.433386838e+00 1.822289157e+00 
1.266911765e+00 1.491706795e+00 1.813683305e+00 
1.297941176e+00 1.466024612e+00 1.813683305e+00 
1.340147059e+00 1.450508293e+00 1.813683305e+00 
1.236765294e+00 1.546281434e+00 1.813683305e+00 
1.287500000e+00 1.471910112e+00 1.793889845e+00 
1.211568824e+00 1.552166934e+00 1.793889845e+00 
1.260882353e+00 1.526484751e+00 1.793889845e+00 
1.540000000e+00 1.402354200e+00 1.793889845e+00 
1.212745294e+00 1.512573569e+00 1.779690189e+00 
1.247205882e+00 1.497057250e+00 1.779690189e+00 
1.402941176e+00 1.437132156e+00 1.782917384e+00 
1.285392353e+00 1.464954521e+00 1.774311532e+00 
1.261568824e+00 1.490636704e+00 1.774311532e+00 
1.274558824e+00 1.479935795e+00 1.774311532e+00 
1.308382353e+00 1.464419476e+00 1.774311532e+00 
1.312352941e+00 1.403424291e+00 1.748924269e+00 
1.266911765e+00 1.476190476e+00 1.748924269e+00 
1.297941176e+00 1.450508293e+00 1.748924269e+00 
1.274951176e+00 1.456393793e+00 1.729130809e+00 
1.415882353e+00 1.329588015e+00 1.729130809e+00 
1.211568824e+00 1.536650615e+00 1.729130809e+00 
1.162794118e+00 1.442482611e+00 1.720524957e+00 
1.193823529e+00 1.416800428e+00 1.720524957e+00 
1.236029412e+00 1.401284109e+00 1.720524957e+00 
1.342941176e+00 1.373461744e+00 1.720524957e+00 
1.229264706e+00 1.379882290e+00 1.663080895e+00 
1.220441176e+00 1.406099518e+00 1.663080895e+00 
1.293676471e+00 1.364901017e+00 1.663080895e+00 
1.222745294e+00 1.300160514e+00 1.655765921e+00 
1.208235294e+00 1.354200107e+00 1.655765921e+00 
1.162794118e+00 1.426966292e+00 1.655765921e+00 
1.193823529e+00 1.401284109e+00 1.655765921e+00 
1.192205882e+00 1.370786517e+00 1.643287435e+00 
1.138627059e+00 1.389513109e+00 1.623709122e+00 
1.158823529e+00 1.378812199e+00 1.623709122e+00 
1.185441176e+00 1.363295880e+00 1.623709122e+00 
1.308235294e+00 1.258962012e+00 1.589500861e+00 
1.179657059e+00 1.355270198e+00 1.578528399e+00 
1.125147059e+00 1.261102194e+00 1.569922547e+00 
1.071568824e+00 1.341359016e+00 1.569922547e+00 
1.269411765e+00 1.239700375e+00 1.516135972e+00 
1.112598235e+00 1.245585875e+00 1.505163511e+00 
1.049607647e+00 1.325842697e+00 1.505163511e+00 
1.176274706e+00 1.214018192e+00 1.505163511e+00 
1.254117647e+00 1.199036918e+00 1.505163511e+00 
1.106911765e+00 1.316746923e+00 1.446428571e+00 
1.079411765e+00 1.190476190e+00 1.430292599e+00 
1.030980588e+00 1.330658106e+00 1.430292599e+00 
1.038382353e+00 1.172819690e+00 1.392641997e+00 
1.024558824e+00 1.278758694e+00 1.392641997e+00 
1.146470588e+00 1.128410915e+00 1.365533563e+00 
1.048235294e+00 1.125735688e+00 1.327882960e+00 
1.025833529e+00 1.157303371e+00 1.327882960e+00 
1.002598235e+00 1.263242376e+00 1.327882960e+00 
1.046862941e+00 1.127340824e+00 1.316910499e+00 
1.054117647e+00 1.102193686e+00 1.253012048e+00 
1.014657059e+00 1.242375602e+00 1.253012048e+00 
