1.619786632e+00 1.744044321e+00 2.000000000e+00 
1.597574579e+00 1.770637119e+00 2.000000000e+00 
1.545422304e+00 1.840997230e+00 2.000000000e+00 
1.557915511e+00 1.830470914e+00 2.000000000e+00 
1.576312101e+00 1.813850416e+00 2.000000000e+00 
1.683379573e+00 1.732963989e+00 2.000000000e+00 
1.686811772e+00 1.729639889e+00 2.000000000e+00 
1.537511083e+00 1.875346260e+00 2.000000000e+00 
1.513390155e+00 1.899722992e+00 2.000000000e+00 
1.522397964e+00 1.897506925e+00 2.000000000e+00 
1.535125704e+00 1.886426593e+00 2.000000000e+00 
1.473919858e+00 1.703047091e+00 1.950814224e+00 
1.458380002e+00 1.727423823e+00 1.950814224e+00 
1.449417956e+00 1.748476454e+00 1.950814224e+00 
1.438549324e+00 1.788365651e+00 1.950814224e+00 
1.441695507e+00 1.786149584e+00 1.950814224e+00 
1.544089466e+00 1.689750693e+00 1.950814224e+00 
1.603008895e+00 1.679778393e+00 1.950814224e+00 
1.622646798e+00 1.675900277e+00 1.950814224e+00 
1.620741927e+00 1.678670360e+00 1.950814224e+00 
1.667837428e+00 1.644875346e+00 1.931372549e+00 
1.647816263e+00 1.674238227e+00 1.931372549e+00 
1.548951749e+00 1.637119114e+00 1.906447325e+00 
1.493082973e+00 1.696398892e+00 1.906447325e+00 
1.524829105e+00 1.680332410e+00 1.906447325e+00 
1.533123588e+00 1.677008310e+00 1.906447325e+00 
1.538083116e+00 1.674238227e+00 1.906447325e+00 
1.812087063e+00 1.633795014e+00 1.902293121e+00 
1.521968939e+00 1.603878116e+00 1.882186773e+00 
1.422627921e+00 1.702493075e+00 1.882186773e+00 
1.464386351e+00 1.662049861e+00 1.882186773e+00 
1.462098218e+00 1.675900277e+00 1.882186773e+00 
1.443602094e+00 1.700831025e+00 1.882186773e+00 
1.447606327e+00 1.698060942e+00 1.882186773e+00 
1.505953723e+00 1.657617729e+00 1.882186773e+00 
1.518822755e+00 1.648753463e+00 1.882186773e+00 
1.603008895e+00 1.590027701e+00 1.882186773e+00 
1.691674055e+00 1.577285319e+00 1.882186773e+00 
1.409757172e+00 1.593905817e+00 1.857261549e+00 
1.374672082e+00 1.628808864e+00 1.857261549e+00 
1.362945399e+00 1.679778393e+00 1.857261549e+00 
1.345784401e+00 1.722437673e+00 1.857261549e+00 
1.504905185e+00 1.586149584e+00 1.857261549e+00 
1.523496267e+00 1.583933518e+00 1.857261549e+00 
1.351028230e+00 1.679224377e+00 1.853107345e+00 
1.669364757e+00 1.582825485e+00 1.853107345e+00 
1.544850270e+00 1.578393352e+00 1.837819874e+00 
1.571261047e+00 1.567313019e+00 1.837819874e+00 
1.646100163e+00 1.564542936e+00 1.837819874e+00 
1.693962189e+00 1.551800554e+00 1.837819874e+00 
1.352076767e+00 1.613296399e+00 1.828182120e+00 
1.344735864e+00 1.672022161e+00 1.828182120e+00 
1.327574865e+00 1.714681440e+00 1.828182120e+00 
1.522638218e+00 1.577839335e+00 1.823861748e+00 
1.462002689e+00 1.541274238e+00 1.808740445e+00 
1.457235935e+00 1.565650970e+00 1.808740445e+00 
1.315657695e+00 1.582271468e+00 1.788634098e+00 
1.398983497e+00 1.537396122e+00 1.788634098e+00 
1.370095816e+00 1.568975069e+00 1.788634098e+00 
1.468581071e+00 1.484210526e+00 1.788634098e+00 
1.394979264e+00 1.567313019e+00 1.788634098e+00 
1.311367446e+00 1.524653740e+00 1.759554669e+00 
1.275424306e+00 1.570637119e+00 1.759554669e+00 
1.364947516e+00 1.511357341e+00 1.759554669e+00 
1.417956125e+00 1.490304709e+00 1.759554669e+00 
1.436547207e+00 1.488088643e+00 1.759554669e+00 
1.272564139e+00 1.546814404e+00 1.734629445e+00 
1.297161571e+00 1.530747922e+00 1.734629445e+00 
1.370667849e+00 1.506925208e+00 1.734629445e+00 
1.595000429e+00 1.483102493e+00 1.740112994e+00 
1.271229586e+00 1.618836565e+00 1.734629445e+00 
1.257214770e+00 1.562880886e+00 1.730475241e+00 
1.352458313e+00 1.520221607e+00 1.730475241e+00 
1.738580785e+00 1.482548476e+00 1.740112994e+00 
1.426727112e+00 1.482548476e+00 1.730309073e+00 
1.317659812e+00 1.514681440e+00 1.715187770e+00 
1.430445328e+00 1.474792244e+00 1.715187770e+00 
1.434545091e+00 1.465373961e+00 1.709704221e+00 
1.453136173e+00 1.463157895e+00 1.709704221e+00 
1.371907445e+00 1.505817175e+00 1.705550017e+00 
1.303453937e+00 1.512465374e+00 1.701229644e+00 
