1.528919068e+00 1.771967655e+00 2.000000000e+00 
1.628246475e+00 1.691644205e+00 2.000000000e+00 
1.614757817e+00 1.717520216e+00 2.000000000e+00 
1.646125077e+00 1.691105121e+00 2.000000000e+00 
1.583740037e+00 1.746630728e+00 2.000000000e+00 
1.507255058e+00 1.816172507e+00 2.000000000e+00 
1.578632741e+00 1.761185984e+00 2.000000000e+00 
1.499029430e+00 1.874932615e+00 2.000000000e+00 
1.826640098e+00 1.690566038e+00 2.000000000e+00 
1.524627223e+00 1.650673854e+00 1.938604651e+00 
1.554874310e+00 1.635040431e+00 1.938604651e+00 
1.513284488e+00 1.694878706e+00 1.938604651e+00 
1.504598406e+00 1.715902965e+00 1.938604651e+00 
1.621293685e+00 1.624258760e+00 1.938604651e+00 
1.735898222e+00 1.623719677e+00 1.938604651e+00 
1.499029430e+00 1.860377358e+00 1.938604651e+00 
1.511649295e+00 1.590835580e+00 1.933767442e+00 
1.426323115e+00 1.689487871e+00 1.933767442e+00 
1.489576947e+00 1.635040431e+00 1.933767442e+00 
1.497700797e+00 1.634501348e+00 1.933767442e+00 
1.481606376e+00 1.672237197e+00 1.933767442e+00 
1.423462293e+00 1.792452830e+00 1.933767442e+00 
1.763488657e+00 1.590296496e+00 1.933767442e+00 
1.451461067e+00 1.667385445e+00 1.904372093e+00 
1.402922747e+00 1.730458221e+00 1.904372093e+00 
1.486817903e+00 1.523989218e+00 1.872372093e+00 
1.438994482e+00 1.578436658e+00 1.872372093e+00 
1.426323115e+00 1.674932615e+00 1.872372093e+00 
1.672746781e+00 1.523450135e+00 1.872372093e+00 
1.459636419e+00 1.573584906e+00 1.867720930e+00 
1.452176579e+00 1.557951482e+00 1.862883721e+00 
1.508583691e+00 1.514285714e+00 1.862883721e+00 
1.416615573e+00 1.595148248e+00 1.862883721e+00 
1.400572042e+00 1.612938005e+00 1.862883721e+00 
1.574494175e+00 1.513746631e+00 1.862883721e+00 
1.369302882e+00 1.575202156e+00 1.855255814e+00 
1.424586143e+00 1.531536388e+00 1.855255814e+00 
1.377426732e+00 1.574663073e+00 1.855255814e+00 
1.454629062e+00 1.530997305e+00 1.855255814e+00 
1.427191907e+00 1.522911051e+00 1.838139535e+00 
1.398528510e+00 1.567115903e+00 1.838139535e+00 
1.410126916e+00 1.566576819e+00 1.838139535e+00 
1.331494175e+00 1.658221024e+00 1.838139535e+00 
1.337931944e+00 1.653369272e+00 1.833488372e+00 
1.394440834e+00 1.553099730e+00 1.825860465e+00 
1.402564684e+00 1.552560647e+00 1.825860465e+00 
1.483752299e+00 1.446900270e+00 1.801488372e+00 
1.391784181e+00 1.528301887e+00 1.801488372e+00 
1.421827100e+00 1.527762803e+00 1.801488372e+00 
1.466380748e+00 1.491105121e+00 1.801488372e+00 
1.454322502e+00 1.501886792e+00 1.801488372e+00 
1.399754752e+00 1.464690027e+00 1.793860465e+00 
1.352544451e+00 1.518598383e+00 1.793860465e+00 
1.426118945e+00 1.464150943e+00 1.793860465e+00 
1.373390558e+00 1.498652291e+00 1.789209302e+00 
1.330165543e+00 1.454447439e+00 1.784372093e+00 
1.407112201e+00 1.444743935e+00 1.776744186e+00 
1.593041079e+00 1.444204852e+00 1.776744186e+00 
1.314786634e+00 1.488948787e+00 1.759627907e+00 
1.286123237e+00 1.533153639e+00 1.759627907e+00 
1.282597793e+00 1.543396226e+00 1.759627907e+00 
1.577559779e+00 1.423719677e+00 1.736558140e+00 
1.643776824e+00 1.423180593e+00 1.736558140e+00 
1.639484979e+00 1.413477089e+00 1.727069767e+00 
1.305334151e+00 1.387601078e+00 1.722976744e+00 
1.397302269e+00 1.387061995e+00 1.722976744e+00 
1.304312078e+00 1.464690027e+00 1.709953488e+00 
1.262671367e+00 1.567654987e+00 1.709953488e+00 
1.404046597e+00 1.367654987e+00 1.705860465e+00 
1.290006131e+00 1.465768194e+00 1.698232558e+00 
1.286123237e+00 1.518598383e+00 1.698232558e+00 
1.282597793e+00 1.528840970e+00 1.698232558e+00 
1.280605150e+00 1.471698113e+00 1.693581395e+00 
1.266503372e+00 1.548247978e+00 1.692837209e+00 
1.268240343e+00 1.401617251e+00 1.688744186e+00 
1.248722869e+00 1.456064690e+00 1.688744186e+00 
1.237993256e+00 1.493261456e+00 1.688744186e+00 
1.548743102e+00 1.346630728e+00 1.665674419e+00 
1.494788473e+00 1.363881402e+00 1.658046512e+00 
1.497854077e+00 1.344474394e+00 1.640930233e+00 
1.564071122e+00 1.343935310e+00 1.640930233e+00 
1.266911711e+00 1.387601078e+00 1.639069767e+00 
1.307582465e+00 1.381132075e+00 1.633116279e+00 
1.202942980e+00 1.415633423e+00 1.631441860e+00 
1.383200490e+00 1.345552561e+00 1.631441860e+00 
1.243408952e+00 1.334231806e+00 1.627348837e+00 
1.400367872e+00 1.313207547e+00 1.587162791e+00 
1.462906193e+00 1.312668464e+00 1.587162791e+00 
1.253218884e+00 1.331536388e+00 1.577674419e+00 
1.302268547e+00 1.320754717e+00 1.577674419e+00 
1.231350705e+00 1.390835580e+00 1.577674419e+00 
1.469037400e+00 1.267385445e+00 1.570046512e+00 
1.432863274e+00 1.310512129e+00 1.562418605e+00 
1.290619252e+00 1.312668464e+00 1.560558140e+00 
1.202942980e+00 1.397843666e+00 1.560558140e+00 
1.221132434e+00 1.321293801e+00 1.554604651e+00 
1.115879828e+00 1.274932615e+00 1.552930233e+00 
1.267473942e+00 1.274393531e+00 1.552930233e+00 
1.338442673e+00 1.259838275e+00 1.491534884e+00 
1.400367872e+00 1.244204852e+00 1.491534884e+00 
1.397915389e+00 1.256064690e+00 1.487813953e+00 
1.078479460e+00 1.197843666e+00 1.482046512e+00 
1.210913550e+00 1.174123989e+00 1.417116279e+00 
1.039035561e+00 1.209164420e+00 1.384558140e+00 
1.075158185e+00 1.208625337e+00 1.384558140e+00 
1.064377682e+00 1.184366577e+00 1.375069767e+00 
1.210913550e+00 1.156334232e+00 1.346232558e+00 
1.256284488e+00 1.123450135e+00 1.346232558e+00 
1.161863887e+00 1.167654987e+00 1.323162791e+00 
1.023707541e+00 1.132075472e+00 1.313674419e+00 
1.039393010e+00 1.131536388e+00 1.313674419e+00 
1.049049663e+00 1.107277628e+00 1.304186047e+00 
1.196198651e+00 1.083557951e+00 1.239255814e+00 
1.025291232e+00 1.118059299e+00 1.206697674e+00 
1.079705702e+00 1.031266846e+00 1.177860465e+00 
1.023707541e+00 1.119676550e+00 1.177860465e+00 
1.049049663e+00 1.094878706e+00 1.168372093e+00 
1.073574494e+00 1.077088949e+00 1.145302326e+00 
1.009963213e+00 1.040970350e+00 1.135813953e+00 
1.099938688e+00 1.017789757e+00 1.070883721e+00 
1.000000000e+00 1.088409704e+00 1.061395349e+00 
1.009963213e+00 1.028571429e+00 1.000000000e+00 
1.000000000e+00 1.073854447e+00 1.000000000e+00 
1.079705702e+00 1.017250674e+00 1.000000000e+00 
1.099938688e+00 1.000000000e+00 1.000000000e+00 
