1.327338185e+00 1.788421053e+00 2.000000000e+00 
1.302929070e+00 1.814210526e+00 2.000000000e+00 
1.363528605e+00 1.777894737e+00 2.000000000e+00 
1.511324345e+00 1.777368421e+00 2.000000000e+00 
1.580427131e+00 1.771052632e+00 2.000000000e+00 
1.609306210e+00 1.761052632e+00 2.000000000e+00 
1.628049872e+00 1.750526316e+00 2.000000000e+00 
1.713505936e+00 1.725263158e+00 2.000000000e+00 
1.704110243e+00 1.750000000e+00 2.000000000e+00 
1.781661994e+00 1.724210526e+00 2.000000000e+00 
1.198035554e+00 1.726842105e+00 1.948417351e+00 
1.350553600e+00 1.726315789e+00 1.948417351e+00 
1.405237726e+00 1.722105263e+00 1.948417351e+00 
1.438595120e+00 1.712105263e+00 1.948417351e+00 
1.441428742e+00 1.711578947e+00 1.948417351e+00 
1.482838991e+00 1.684210526e+00 1.948417351e+00 
1.504265346e+00 1.683684211e+00 1.948417351e+00 
1.548559327e+00 1.673684211e+00 1.948417351e+00 
1.615671419e+00 1.658947368e+00 1.948417351e+00 
1.627155044e+00 1.658421053e+00 1.948417351e+00 
1.747539223e+00 1.657894737e+00 1.948417351e+00 
1.294477719e+00 1.697368421e+00 1.914028918e+00 
1.419455348e+00 1.696842105e+00 1.914028918e+00 
1.564815367e+00 1.670000000e+00 1.914028918e+00 
1.650271431e+00 1.644736842e+00 1.914028918e+00 
1.718427489e+00 1.643684211e+00 1.914028918e+00 
1.584203305e+00 1.665263158e+00 1.909144197e+00 
1.450824435e+00 1.687894737e+00 1.904064088e+00 
1.312175625e+00 1.694736842e+00 1.896248535e+00 
1.333601981e+00 1.694210526e+00 1.896248535e+00 
1.671896439e+00 1.634736842e+00 1.904064088e+00 
1.204448488e+00 1.712105263e+00 1.891168425e+00 
1.237308358e+00 1.695263158e+00 1.891168425e+00 
1.273499374e+00 1.684736842e+00 1.891168425e+00 
1.766151644e+00 1.634210526e+00 1.904064088e+00 
1.371184752e+00 1.674210526e+00 1.891168425e+00 
1.362236473e+00 1.684210526e+00 1.891168425e+00 
1.421245004e+00 1.673684211e+00 1.891168425e+00 
1.592901032e+00 1.656842105e+00 1.891168425e+00 
1.647187258e+00 1.646842105e+00 1.891168425e+00 
1.678357096e+00 1.631578947e+00 1.891168425e+00 
1.691582652e+00 1.620526316e+00 1.891168425e+00 
1.128984669e+00 1.646315789e+00 1.862446268e+00 
1.326343733e+00 1.645789474e+00 1.862446268e+00 
1.372377856e+00 1.631052632e+00 1.862446268e+00 
1.338622562e+00 1.645263158e+00 1.862446268e+00 
1.435214460e+00 1.603157895e+00 1.862446268e+00 
1.479508441e+00 1.593157895e+00 1.862446268e+00 
1.552436915e+00 1.578421053e+00 1.862446268e+00 
1.563920539e+00 1.577894737e+00 1.862446268e+00 
1.292936825e+00 1.637368421e+00 1.852481438e+00 
1.684304719e+00 1.577368421e+00 1.862446268e+00 
1.146681978e+00 1.643684211e+00 1.844665885e+00 
1.168108334e+00 1.643157895e+00 1.844665885e+00 
1.541997256e+00 1.583684211e+00 1.852481438e+00 
1.132414842e+00 1.607894737e+00 1.839585776e+00 
1.168605262e+00 1.597368421e+00 1.839585776e+00 
1.448089841e+00 1.554736842e+00 1.839585776e+00 
1.597208137e+00 1.554210526e+00 1.839585776e+00 
1.682037821e+00 1.544210526e+00 1.839585776e+00 
1.307950248e+00 1.593684211e+00 1.805197343e+00 
1.329376007e+00 1.593157895e+00 1.805197343e+00 
1.615122591e+00 1.551052632e+00 1.805197343e+00 
1.628348148e+00 1.540000000e+00 1.805197343e+00 
1.325150629e+00 1.584736842e+00 1.795232513e+00 
1.361341645e+00 1.574210526e+00 1.795232513e+00 
1.624768836e+00 1.530526316e+00 1.795232513e+00 
1.103581101e+00 1.601578947e+00 1.771590465e+00 
1.293264929e+00 1.586842105e+00 1.771590465e+00 
1.581369683e+00 1.551052632e+00 1.779406018e+00 
1.611942970e+00 1.535789474e+00 1.779406018e+00 
