1.520588235e+00 1.513643660e+00 1.822289157e+00 
1.424510000e+00 1.482611022e+00 1.793889845e+00 
1.343921765e+00 1.429641520e+00 1.748924269e+00 
1.150000000e+00 1.389513109e+00 1.623709122e+00 
1.412352941e+00 1.377742108e+00 1.682659208e+00 
1.317058824e+00 1.486891386e+00 1.748924269e+00 
1.272941176e+00 1.490636704e+00 1.774311532e+00 
1.222941176e+00 1.536650615e+00 1.729130809e+00 
1.229411765e+00 1.538255752e+00 1.779690189e+00 
1.699411765e+00 1.864098448e+00 1.935240964e+00 
1.248137059e+00 1.530765115e+00 1.748924269e+00 
1.355882353e+00 1.586409845e+00 1.887048193e+00 
1.285294118e+00 1.648475120e+00 1.853055077e+00 
1.243921765e+00 1.370786517e+00 1.643287435e+00 
1.338039412e+00 1.409844837e+00 1.729130809e+00 
1.270588235e+00 1.416800428e+00 1.663080895e+00 
1.300588235e+00 1.600856073e+00 1.847676420e+00 
1.276470588e+00 1.368646335e+00 1.623709122e+00 
1.317058824e+00 1.502407705e+00 1.813683305e+00 
1.297451176e+00 1.344034243e+00 1.598321859e+00 
1.184117647e+00 1.437667202e+00 1.655765921e+00 
1.308235294e+00 1.258962012e+00 1.589500861e+00 
1.222941176e+00 1.552166934e+00 1.793889845e+00 
1.310392353e+00 1.356875334e+00 1.629087780e+00 
1.183333529e+00 1.442482611e+00 1.720524957e+00 
1.317647059e+00 1.379882290e+00 1.655765921e+00 
1.377058824e+00 1.310326378e+00 1.655765921e+00 
1.059804118e+00 1.254681648e+00 1.381669535e+00 
1.326862941e+00 1.390583200e+00 1.663080895e+00 
1.157842941e+00 1.284644195e+00 1.438898451e+00 
1.249705882e+00 1.341359016e+00 1.571643718e+00 
1.277647059e+00 1.367041199e+00 1.580895009e+00 
1.332352941e+00 1.682182986e+00 1.887048193e+00 
1.623235294e+00 1.732477261e+00 1.926635112e+00 
1.060980588e+00 1.325842697e+00 1.505163511e+00 
1.039215882e+00 1.237560193e+00 1.327882960e+00 
1.239019412e+00 1.380417335e+00 1.655765921e+00 
1.037842941e+00 1.239165329e+00 1.316910499e+00 
1.292941176e+00 1.324237560e+00 1.578528399e+00 
1.358823529e+00 1.317817014e+00 1.598321859e+00 
1.214313529e+00 1.371856608e+00 1.580895009e+00 
1.293529412e+00 1.583199572e+00 1.813683305e+00 
1.405294118e+00 1.403959337e+00 1.748924269e+00 
1.082941176e+00 1.341359016e+00 1.569922547e+00 
1.061176471e+00 1.253076512e+00 1.392641997e+00 
1.176862941e+00 1.261102194e+00 1.569922547e+00 
1.004215882e+00 1.172819690e+00 1.193416523e+00 
1.004215882e+00 1.149277689e+00 1.000000000e+00 
1.176274706e+00 1.214018192e+00 1.505163511e+00 
1.157842941e+00 1.300160514e+00 1.503657487e+00 
1.042647059e+00 1.112359551e+00 1.204388985e+00 
1.269411765e+00 1.239700375e+00 1.516135972e+00 
1.254117647e+00 1.199036918e+00 1.505163511e+00 
1.090098235e+00 1.172819690e+00 1.392641997e+00 
1.065490000e+00 1.086677368e+00 1.188253012e+00 
1.000000000e+00 1.176565008e+00 1.139629948e+00 
1.048235294e+00 1.125735688e+00 1.327882960e+00 
1.311568824e+00 1.427501338e+00 1.720524957e+00 
1.065490000e+00 1.102193686e+00 1.253012048e+00 
1.000000000e+00 1.165864098e+00 1.000000000e+00 
1.045098235e+00 1.278758694e+00 1.392641997e+00 
1.302352941e+00 1.333333333e+00 1.609294320e+00 
1.004215882e+00 1.159978598e+00 1.139629948e+00 
1.023137059e+00 1.263242376e+00 1.327882960e+00 
1.820588235e+00 1.891385768e+00 1.940834768e+00 
1.021960588e+00 1.192081327e+00 1.204388985e+00 
1.090784118e+00 1.190476190e+00 1.430292599e+00 
1.042352941e+00 1.000000000e+00 1.000000000e+00 
1.146470588e+00 1.128410915e+00 1.365533563e+00 
1.046862941e+00 1.127340824e+00 1.316910499e+00 
1.092352941e+00 1.055109684e+00 1.188253012e+00 
1.009019412e+00 1.054039593e+00 1.000000000e+00 
1.009019412e+00 1.064740503e+00 1.139629948e+00 
1.042352941e+00 1.015516319e+00 1.064759036e+00 
1.076470588e+00 1.041198502e+00 1.177280551e+00 

1.303529412e+00 1.450508293e+00 1.748924269e+00 
1.418823529e+00 1.575708935e+00 1.887048193e+00 
1.222745294e+00 1.300160514e+00 1.655765921e+00 
1.303529412e+00 1.466024612e+00 1.813683305e+00 
1.410000000e+00 1.761904762e+00 1.906841652e+00 
1.445882353e+00 1.761369716e+00 1.906841652e+00 
1.484215882e+00 1.742108079e+00 1.946213425e+00 
1.355490000e+00 1.601926164e+00 1.887048193e+00 
1.196274706e+00 1.461209203e+00 1.655765921e+00 
1.447058824e+00 1.773140717e+00 1.946213425e+00 
1.427647059e+00 1.513108614e+00 1.822289157e+00 
1.774705882e+00 1.708400214e+00 1.946213425e+00 
1.287352941e+00 1.479935795e+00 1.774311532e+00 
1.354215882e+00 1.450508293e+00 1.813683305e+00 
1.380000000e+00 1.529159979e+00 1.822289157e+00 
1.687058824e+00 1.741573034e+00 1.946213425e+00 
1.631764706e+00 1.719636169e+00 1.940834768e+00 
1.176862941e+00 1.261102194e+00 1.569922547e+00 
1.314705882e+00 1.713215623e+00 1.853055077e+00 
1.707058824e+00 1.571963617e+00 1.872848537e+00 
1.261274706e+00 1.497057250e+00 1.779690189e+00 
1.257058824e+00 1.380417335e+00 1.663080895e+00 
1.023137059e+00 1.263242376e+00 1.327882960e+00 
1.045098235e+00 1.278758694e+00 1.392641997e+00 
1.307745294e+00 1.364901017e+00 1.663080895e+00 
1.128235294e+00 1.301230605e+00 1.446428571e+00 
1.060980588e+00 1.325842697e+00 1.505163511e+00 
1.222941176e+00 1.536650615e+00 1.729130809e+00 
1.157842941e+00 1.300160514e+00 1.503657487e+00 
1.199411765e+00 1.416800428e+00 1.720524957e+00 
1.184117647e+00 1.442482611e+00 1.580895009e+00 
1.251372353e+00 1.552701980e+00 1.793889845e+00 
1.172941176e+00 1.278758694e+00 1.505163511e+00 
1.061176471e+00 1.253076512e+00 1.392641997e+00 
1.269411765e+00 1.239700375e+00 1.516135972e+00 
1.039215882e+00 1.237560193e+00 1.327882960e+00 
1.090098235e+00 1.172819690e+00 1.392641997e+00 
1.169019412e+00 1.293204922e+00 1.467512909e+00 
1.250098235e+00 1.401284109e+00 1.720524957e+00 
1.090784118e+00 1.190476190e+00 1.430292599e+00 
1.312352941e+00 1.403424291e+00 1.748924269e+00 
1.208235294e+00 1.354200107e+00 1.655765921e+00 
1.199411765e+00 1.401284109e+00 1.655765921e+00 
1.437647059e+00 1.379347245e+00 1.674053356e+00 
1.687841176e+00 1.815944355e+00 2.000000000e+00 
1.125195882e+00 1.317817014e+00 1.435456110e+00 
1.082941176e+00 1.341359016e+00 1.569922547e+00 
1.000000000e+00 1.165864098e+00 1.000000000e+00 
1.254117647e+00 1.199036918e+00 1.505163511e+00 
1.065490000e+00 1.086677368e+00 1.188253012e+00 
1.146470588e+00 1.128410915e+00 1.365533563e+00 
1.065490000e+00 1.102193686e+00 1.253012048e+00 
1.048235294e+00 1.125735688e+00 1.327882960e+00 
1.059804118e+00 1.254681648e+00 1.381669535e+00 
1.000000000e+00 1.176565008e+00 1.139629948e+00 
1.176274706e+00 1.214018192e+00 1.505163511e+00 
1.046862941e+00 1.127340824e+00 1.316910499e+00 
1.037842941e+00 1.239165329e+00 1.316910499e+00 
1.021960588e+00 1.192081327e+00 1.204388985e+00 
1.004215882e+00 1.149277689e+00 1.000000000e+00 
1.004215882e+00 1.172819690e+00 1.193416523e+00 
1.004215882e+00 1.159978598e+00 1.139629948e+00 
1.009019412e+00 1.054039593e+00 1.000000000e+00 
1.042647059e+00 1.112359551e+00 1.204388985e+00 
1.042352941e+00 1.015516319e+00 1.064759036e+00 
1.076470588e+00 1.041198502e+00 1.177280551e+00 
1.009019412e+00 1.064740503e+00 1.139629948e+00 
1.092352941e+00 1.055109684e+00 1.188253012e+00 
1.042352941e+00 1.000000000e+00 1.000000000e+00 

1.691764706e+00 1.602996255e+00 1.876075731e+00 
1.326862941e+00 1.390583200e+00 1.663080895e+00 
1.482352941e+00 1.599785982e+00 1.847676420e+00 
1.663529412e+00 1.643124666e+00 1.906841652e+00 
1.680000000e+00 1.603531300e+00 1.876075731e+00 
1.308235294e+00 1.258962012e+00 1.589500861e+00 
1.125195882e+00 1.317817014e+00 1.435456110e+00 
1.126862941e+00 1.302835741e+00 1.435456110e+00 
1.128235294e+00 1.301230605e+00 1.446428571e+00 
1.722941176e+00 1.720171215e+00 1.940834768e+00 
1.184117647e+00 1.453183521e+00 1.720524957e+00 
1.541764706e+00 1.546816479e+00 1.847676420e+00 
1.082941176e+00 1.341359016e+00 1.569922547e+00 
1.633335294e+00 1.688068486e+00 1.887048193e+00 
1.467058824e+00 1.604601391e+00 1.822289157e+00 
1.338039412e+00 1.409844837e+00 1.729130809e+00 
1.287352941e+00 1.479935795e+00 1.774311532e+00 
1.303529412e+00 1.466024612e+00 1.813683305e+00 
1.199411765e+00 1.401284109e+00 1.655765921e+00 
1.608823529e+00 1.719101124e+00 1.887048193e+00 
1.176862941e+00 1.261102194e+00 1.569922547e+00 
1.250392353e+00 1.505617978e+00 1.729130809e+00 
1.250098235e+00 1.401284109e+00 1.720524957e+00 
1.370686471e+00 1.627073301e+00 1.872848537e+00 
1.184117647e+00 1.437667202e+00 1.655765921e+00 
1.314705882e+00 1.713215623e+00 1.853055077e+00 
1.199411765e+00 1.416800428e+00 1.720524957e+00 
1.342941176e+00 1.373461744e+00 1.720524957e+00 
1.037842941e+00 1.239165329e+00 1.316910499e+00 
1.090098235e+00 1.172819690e+00 1.392641997e+00 
1.405294118e+00 1.403959337e+00 1.748924269e+00 
1.456470588e+00 1.609416800e+00 1.881454389e+00 
1.157647059e+00 1.303370787e+00 1.505163511e+00 
1.112157059e+00 1.326912788e+00 1.446428571e+00 
1.529705882e+00 1.583199572e+00 1.872848537e+00 
1.444117647e+00 1.715890851e+00 1.881454389e+00 
1.045098235e+00 1.278758694e+00 1.392641997e+00 
1.176274706e+00 1.214018192e+00 1.505163511e+00 
1.424117647e+00 1.843231675e+00 1.946213425e+00 
1.323529412e+00 1.463884430e+00 1.729130809e+00 
1.157842941e+00 1.300160514e+00 1.503657487e+00 
1.254117647e+00 1.199036918e+00 1.505163511e+00 
1.065490000e+00 1.086677368e+00 1.188253012e+00 
1.222745294e+00 1.300160514e+00 1.655765921e+00 
1.004215882e+00 1.172819690e+00 1.193416523e+00 
1.495882353e+00 1.762439807e+00 1.946213425e+00 
1.090784118e+00 1.190476190e+00 1.430292599e+00 
1.004215882e+00 1.149277689e+00 1.000000000e+00 
1.258823529e+00 1.602996255e+00 1.779690189e+00 
1.332157059e+00 1.430176565e+00 1.748924269e+00 
1.368235294e+00 1.733012306e+00 1.872848537e+00 
1.172941176e+00 1.278758694e+00 1.505163511e+00 
1.004215882e+00 1.159978598e+00 1.139629948e+00 
1.065490000e+00 1.102193686e+00 1.253012048e+00 
1.169019412e+00 1.293204922e+00 1.467512909e+00 
1.039215882e+00 1.237560193e+00 1.327882960e+00 
1.059804118e+00 1.254681648e+00 1.381669535e+00 
1.269411765e+00 1.239700375e+00 1.516135972e+00 
1.000000000e+00 1.176565008e+00 1.139629948e+00 
1.048235294e+00 1.125735688e+00 1.327882960e+00 
1.042647059e+00 1.112359551e+00 1.204388985e+00 
1.208235294e+00 1.354200107e+00 1.655765921e+00 
1.000000000e+00 1.165864098e+00 1.000000000e+00 
1.046862941e+00 1.127340824e+00 1.316910499e+00 
1.042352941e+00 1.000000000e+00 1.000000000e+00 
1.023137059e+00 1.263242376e+00 1.327882960e+00 
1.061176471e+00 1.253076512e+00 1.392641997e+00 
1.021960588e+00 1.192081327e+00 1.204388985e+00 
1.146470588e+00 1.128410915e+00 1.365533563e+00 
1.076470588e+00 1.041198502e+00 1.177280551e+00 
1.042352941e+00 1.015516319e+00 1.064759036e+00 
1.009019412e+00 1.064740503e+00 1.139629948e+00 
1.092352941e+00 1.055109684e+00 1.188253012e+00 
1.009019412e+00 1.054039593e+00 1.000000000e+00 

1.293529412e+00 1.583199572e+00 1.813683305e+00 
1.592352941e+00 1.561797753e+00 1.876075731e+00 
1.424510000e+00 1.482611022e+00 1.793889845e+00 
1.344705882e+00 1.647940075e+00 1.853055077e+00 
1.172941176e+00 1.278758694e+00 1.505163511e+00 
1.472157059e+00 1.569823435e+00 1.842082616e+00 
1.317058824e+00 1.502407705e+00 1.813683305e+00 
1.401764706e+00 1.491706795e+00 1.774311532e+00 
1.597352941e+00 2.000000000e+00 1.935240964e+00 
1.299411765e+00 1.562867844e+00 1.793889845e+00 
1.459411765e+00 1.577314072e+00 1.876075731e+00 
1.456470588e+00 1.529159979e+00 1.822289157e+00 
1.441862941e+00 1.588550027e+00 1.876075731e+00 
1.530000000e+00 1.531300161e+00 1.847676420e+00 
1.270588235e+00 1.416800428e+00 1.663080895e+00 
1.361764706e+00 1.598180845e+00 1.872848537e+00 
1.527941176e+00 1.586944890e+00 1.887048193e+00 
1.338823529e+00 1.668271803e+00 1.872848537e+00 
1.332157059e+00 1.430176565e+00 1.748924269e+00 
1.393333529e+00 1.501337614e+00 1.774311532e+00 
1.447058824e+00 1.492241841e+00 1.813683305e+00 
1.383333529e+00 1.539860888e+00 1.822289157e+00 
1.285294118e+00 1.648475120e+00 1.853055077e+00 
1.157842941e+00 1.300160514e+00 1.503657487e+00 
1.459804118e+00 1.459604066e+00 1.822289157e+00 
1.343921765e+00 1.429641520e+00 1.748924269e+00 
1.250392353e+00 1.505617978e+00 1.729130809e+00 
1.184117647e+00 1.453183521e+00 1.720524957e+00 
1.405294118e+00 1.403959337e+00 1.748924269e+00 
1.724311765e+00 1.948635634e+00 1.946213425e+00 
1.184117647e+00 1.437667202e+00 1.655765921e+00 
1.430000000e+00 1.362760835e+00 1.682659208e+00 
1.342941176e+00 1.373461744e+00 1.720524957e+00 
1.214313529e+00 1.371856608e+00 1.580895009e+00 
1.150000000e+00 1.389513109e+00 1.623709122e+00 
1.409804118e+00 1.457998930e+00 1.782917384e+00 
1.023137059e+00 1.263242376e+00 1.327882960e+00 
1.037842941e+00 1.239165329e+00 1.316910499e+00 
1.265490000e+00 1.445157838e+00 1.663080895e+00 
1.000000000e+00 1.165864098e+00 1.000000000e+00 
1.021960588e+00 1.192081327e+00 1.204388985e+00 
1.060980588e+00 1.325842697e+00 1.505163511e+00 
1.229411765e+00 1.538255752e+00 1.779690189e+00 
1.219411765e+00 1.434991974e+00 1.655765921e+00 
1.176862941e+00 1.261102194e+00 1.569922547e+00 
1.338039412e+00 1.409844837e+00 1.729130809e+00 
1.004215882e+00 1.149277689e+00 1.000000000e+00 
1.039215882e+00 1.237560193e+00 1.327882960e+00 
1.308235294e+00 1.258962012e+00 1.589500861e+00 
1.697058824e+00 1.773675762e+00 1.940834768e+00 
1.410000000e+00 1.483146067e+00 1.793889845e+00 
1.059804118e+00 1.254681648e+00 1.381669535e+00 
1.065490000e+00 1.086677368e+00 1.188253012e+00 
1.004215882e+00 1.159978598e+00 1.139629948e+00 
1.634705882e+00 1.776886035e+00 1.906841652e+00 
1.082941176e+00 1.341359016e+00 1.569922547e+00 
1.090784118e+00 1.190476190e+00 1.430292599e+00 
1.281274706e+00 1.444087747e+00 1.709552496e+00 
1.045098235e+00 1.278758694e+00 1.392641997e+00 
1.004215882e+00 1.172819690e+00 1.193416523e+00 
1.042647059e+00 1.112359551e+00 1.204388985e+00 
1.269411765e+00 1.239700375e+00 1.516135972e+00 
1.090098235e+00 1.172819690e+00 1.392641997e+00 
1.222745294e+00 1.300160514e+00 1.655765921e+00 
1.254117647e+00 1.199036918e+00 1.505163511e+00 
1.065490000e+00 1.102193686e+00 1.253012048e+00 
1.048235294e+00 1.125735688e+00 1.327882960e+00 
1.000000000e+00 1.176565008e+00 1.139629948e+00 
1.146470588e+00 1.128410915e+00 1.365533563e+00 
1.046862941e+00 1.127340824e+00 1.316910499e+00 
1.176274706e+00 1.214018192e+00 1.505163511e+00 
1.092352941e+00 1.055109684e+00 1.188253012e+00 
1.042352941e+00 1.015516319e+00 1.064759036e+00 
1.042352941e+00 1.000000000e+00 1.000000000e+00 
1.009019412e+00 1.064740503e+00 1.139629948e+00 
1.009019412e+00 1.054039593e+00 1.000000000e+00 
1.076470588e+00 1.041198502e+00 1.177280551e+00 

1.412647059e+00 1.477260567e+00 1.813683305e+00 
1.388235294e+00 1.600321027e+00 1.847676420e+00 
1.287451176e+00 1.491706795e+00 1.813683305e+00 
1.324117647e+00 1.490101659e+00 1.729130809e+00 
1.459215882e+00 1.594435527e+00 1.822289157e+00 
1.459804118e+00 1.459604066e+00 1.822289157e+00 
1.516276471e+00 1.744783307e+00 1.881454389e+00 
1.224117647e+00 1.512573569e+00 1.779690189e+00 
1.270588235e+00 1.416800428e+00 1.663080895e+00 
1.500194118e+00 1.652755484e+00 1.872848537e+00 
1.183333529e+00 1.426966292e+00 1.655765921e+00 
1.272941176e+00 1.490636704e+00 1.774311532e+00 
1.832941176e+00 1.605671482e+00 1.906841652e+00 
1.686370588e+00 1.833065811e+00 1.926635112e+00 
1.430000000e+00 1.362760835e+00 1.682659208e+00 
1.039215882e+00 1.237560193e+00 1.327882960e+00 
1.687058824e+00 1.710005350e+00 1.935240964e+00 
1.090098235e+00 1.172819690e+00 1.392641997e+00 
1.343921765e+00 1.429641520e+00 1.748924269e+00 
1.176862941e+00 1.261102194e+00 1.569922547e+00 
1.282548824e+00 1.417335474e+00 1.709552496e+00 
1.250392353e+00 1.505617978e+00 1.729130809e+00 
1.405294118e+00 1.403959337e+00 1.748924269e+00 
1.332157059e+00 1.430176565e+00 1.748924269e+00 
1.498823529e+00 1.448368111e+00 1.782917384e+00 
1.183333529e+00 1.442482611e+00 1.720524957e+00 
1.219804118e+00 1.404494382e+00 1.623709122e+00 
1.342941176e+00 1.373461744e+00 1.720524957e+00 
1.338039412e+00 1.409844837e+00 1.729130809e+00 
1.308235294e+00 1.258962012e+00 1.589500861e+00 
1.661764706e+00 1.788121990e+00 1.906841652e+00 
1.641176471e+00 1.576779026e+00 1.876075731e+00 
1.060980588e+00 1.325842697e+00 1.505163511e+00 
1.214313529e+00 1.371856608e+00 1.580895009e+00 
1.059804118e+00 1.254681648e+00 1.381669535e+00 
1.023137059e+00 1.263242376e+00 1.327882960e+00 
1.222941176e+00 1.552166934e+00 1.793889845e+00 
1.222745294e+00 1.300160514e+00 1.655765921e+00 
1.157842941e+00 1.284644195e+00 1.438898451e+00 
1.082941176e+00 1.341359016e+00 1.569922547e+00 
1.037842941e+00 1.239165329e+00 1.316910499e+00 
1.791176471e+00 1.868378812e+00 1.946213425e+00 
1.004215882e+00 1.149277689e+00 1.000000000e+00 
1.269411765e+00 1.239700375e+00 1.516135972e+00 
1.157842941e+00 1.300160514e+00 1.503657487e+00 
1.048235294e+00 1.125735688e+00 1.327882960e+00 
1.471764706e+00 1.457463884e+00 1.782917384e+00 
1.580588235e+00 1.601926164e+00 1.887048193e+00 
1.045098235e+00 1.278758694e+00 1.392641997e+00 
1.000000000e+00 1.165864098e+00 1.000000000e+00 
1.000000000e+00 1.176565008e+00 1.139629948e+00 
1.176274706e+00 1.214018192e+00 1.505163511e+00 
1.690588235e+00 1.799892991e+00 1.940834768e+00 
1.004215882e+00 1.159978598e+00 1.139629948e+00 
1.004215882e+00 1.172819690e+00 1.193416523e+00 
1.046862941e+00 1.127340824e+00 1.316910499e+00 
1.254117647e+00 1.199036918e+00 1.505163511e+00 
1.065490000e+00 1.086677368e+00 1.188253012e+00 
1.065490000e+00 1.102193686e+00 1.253012048e+00 
1.009019412e+00 1.054039593e+00 1.000000000e+00 
1.146470588e+00 1.128410915e+00 1.365533563e+00 
1.090784118e+00 1.190476190e+00 1.430292599e+00 
1.042647059e+00 1.112359551e+00 1.204388985e+00 
1.021960588e+00 1.192081327e+00 1.204388985e+00 
1.092352941e+00 1.055109684e+00 1.188253012e+00 
1.042352941e+00 1.015516319e+00 1.064759036e+00 
1.042352941e+00 1.000000000e+00 1.000000000e+00 
1.076470588e+00 1.041198502e+00 1.177280551e+00 
1.009019412e+00 1.064740503e+00 1.139629948e+00 

1.350098235e+00 1.574638844e+00 1.847676420e+00 
1.184117647e+00 1.437667202e+00 1.655765921e+00 
1.483039412e+00 1.608881755e+00 1.940834768e+00 
1.229411765e+00 1.538255752e+00 1.779690189e+00 
1.250392353e+00 1.505617978e+00 1.729130809e+00 
1.343921765e+00 1.429641520e+00 1.748924269e+00 
1.329804118e+00 1.640984484e+00 1.833476764e+00 
1.534900000e+00 1.538255752e+00 1.822289157e+00 
1.308235294e+00 1.258962012e+00 1.589500861e+00 
1.157842941e+00 1.300160514e+00 1.503657487e+00 
1.405294118e+00 1.403959337e+00 1.748924269e+00 
1.469510000e+00 1.560192616e+00 1.887048193e+00 
1.222745294e+00 1.300160514e+00 1.655765921e+00 
1.307745294e+00 1.364901017e+00 1.663080895e+00 
1.393627647e+00 1.556982343e+00 1.872848537e+00 
1.500688235e+00 1.833600856e+00 1.946213425e+00 
1.415882353e+00 1.329588015e+00 1.729130809e+00 
1.548923529e+00 1.752808989e+00 1.946213425e+00 
1.261274706e+00 1.497057250e+00 1.779690189e+00 
1.588923529e+00 1.708935259e+00 1.946213425e+00 
1.354215882e+00 1.450508293e+00 1.813683305e+00 
1.150000000e+00 1.389513109e+00 1.623709122e+00 
1.039215882e+00 1.237560193e+00 1.327882960e+00 
1.280980588e+00 1.379882290e+00 1.663080895e+00 
1.060980588e+00 1.325842697e+00 1.505163511e+00 
1.208235294e+00 1.354200107e+00 1.655765921e+00 
1.172941176e+00 1.278758694e+00 1.505163511e+00 
1.061176471e+00 1.253076512e+00 1.392641997e+00 
1.322451176e+00 1.464419476e+00 1.774311532e+00 
1.169019412e+00 1.293204922e+00 1.467512909e+00 
1.250098235e+00 1.401284109e+00 1.720524957e+00 
1.176862941e+00 1.261102194e+00 1.569922547e+00 
1.082941176e+00 1.341359016e+00 1.569922547e+00 
1.317745294e+00 1.527019797e+00 1.793889845e+00 
1.090098235e+00 1.172819690e+00 1.392641997e+00 
1.421862941e+00 1.576243981e+00 1.887048193e+00 
1.059804118e+00 1.254681648e+00 1.381669535e+00 
1.176274706e+00 1.214018192e+00 1.505163511e+00 
1.254117647e+00 1.199036918e+00 1.505163511e+00 
1.090784118e+00 1.190476190e+00 1.430292599e+00 
1.065490000e+00 1.102193686e+00 1.253012048e+00 
1.023137059e+00 1.263242376e+00 1.327882960e+00 
1.045098235e+00 1.278758694e+00 1.392641997e+00 
1.048235294e+00 1.125735688e+00 1.327882960e+00 
1.004215882e+00 1.172819690e+00 1.193416523e+00 
1.184117647e+00 1.453183521e+00 1.720524957e+00 
1.042647059e+00 1.112359551e+00 1.204388985e+00 
1.065490000e+00 1.086677368e+00 1.188253012e+00 
1.021960588e+00 1.192081327e+00 1.204388985e+00 
1.004215882e+00 1.159978598e+00 1.139629948e+00 
1.037842941e+00 1.239165329e+00 1.316910499e+00 
1.269411765e+00 1.239700375e+00 1.516135972e+00 
1.000000000e+00 1.165864098e+00 1.000000000e+00 
1.146470588e+00 1.128410915e+00 1.365533563e+00 
1.046862941e+00 1.127340824e+00 1.316910499e+00 
1.004215882e+00 1.149277689e+00 1.000000000e+00 
1.000000000e+00 1.176565008e+00 1.139629948e+00 
1.042352941e+00 1.015516319e+00 1.064759036e+00 
1.076470588e+00 1.041198502e+00 1.177280551e+00 
1.042352941e+00 1.000000000e+00 1.000000000e+00 
1.009019412e+00 1.054039593e+00 1.000000000e+00 
1.092352941e+00 1.055109684e+00 1.188253012e+00 
1.009019412e+00 1.064740503e+00 1.139629948e+00 

1.157647059e+00 1.316211878e+00 1.558950086e+00 
1.300588235e+00 1.600856073e+00 1.847676420e+00 
1.412647059e+00 1.477260567e+00 1.813683305e+00 
1.343921765e+00 1.429641520e+00 1.748924269e+00 
1.280980588e+00 1.379882290e+00 1.663080895e+00 
1.307058824e+00 1.586944890e+00 1.833476764e+00 
1.250392353e+00 1.505617978e+00 1.729130809e+00 
1.405294118e+00 1.403959337e+00 1.748924269e+00 
1.344705882e+00 1.647940075e+00 1.853055077e+00 
1.509217647e+00 1.530765115e+00 1.847676420e+00 
1.342941176e+00 1.373461744e+00 1.720524957e+00 
1.293529412e+00 1.583199572e+00 1.813683305e+00 
1.424117647e+00 1.372926699e+00 1.720524957e+00 
1.222941176e+00 1.536650615e+00 1.729130809e+00 
1.229411765e+00 1.538255752e+00 1.779690189e+00 
1.586470588e+00 1.799892991e+00 1.935240964e+00 
1.699411765e+00 1.843766720e+00 1.946213425e+00 
1.183333529e+00 1.442482611e+00 1.720524957e+00 
1.169019412e+00 1.293204922e+00 1.467512909e+00 
1.222941176e+00 1.552166934e+00 1.793889845e+00 
1.222745294e+00 1.300160514e+00 1.655765921e+00 
1.061176471e+00 1.253076512e+00 1.392641997e+00 
1.172941176e+00 1.278758694e+00 1.505163511e+00 
1.592352941e+00 1.561797753e+00 1.876075731e+00 
1.272941176e+00 1.490636704e+00 1.774311532e+00 
1.184117647e+00 1.437667202e+00 1.655765921e+00 
1.317058824e+00 1.502407705e+00 1.813683305e+00 
1.332352941e+00 1.682182986e+00 1.887048193e+00 
1.472157059e+00 1.569823435e+00 1.842082616e+00 
1.579217647e+00 1.577314072e+00 1.876075731e+00 
1.059804118e+00 1.254681648e+00 1.381669535e+00 
1.176862941e+00 1.261102194e+00 1.569922547e+00 
1.214313529e+00 1.371856608e+00 1.580895009e+00 
1.150000000e+00 1.389513109e+00 1.623709122e+00 
1.023137059e+00 1.263242376e+00 1.327882960e+00 
1.045098235e+00 1.278758694e+00 1.392641997e+00 
1.459804118e+00 1.459604066e+00 1.822289157e+00 
1.409804118e+00 1.457998930e+00 1.782917384e+00 
1.060980588e+00 1.325842697e+00 1.505163511e+00 
1.157842941e+00 1.284644195e+00 1.438898451e+00 
1.065490000e+00 1.086677368e+00 1.188253012e+00 
1.355882353e+00 1.586409845e+00 1.887048193e+00 
1.270588235e+00 1.416800428e+00 1.663080895e+00 
1.090784118e+00 1.190476190e+00 1.430292599e+00 
1.004215882e+00 1.149277689e+00 1.000000000e+00 
1.430000000e+00 1.362760835e+00 1.682659208e+00 
1.090098235e+00 1.172819690e+00 1.392641997e+00 
1.004215882e+00 1.159978598e+00 1.139629948e+00 
1.459215882e+00 1.539325843e+00 1.822289157e+00 
1.000000000e+00 1.165864098e+00 1.000000000e+00 
1.021960588e+00 1.192081327e+00 1.204388985e+00 
1.004215882e+00 1.172819690e+00 1.193416523e+00 
1.157842941e+00 1.300160514e+00 1.503657487e+00 
1.338039412e+00 1.409844837e+00 1.729130809e+00 
1.065490000e+00 1.102193686e+00 1.253012048e+00 
1.037842941e+00 1.239165329e+00 1.316910499e+00 
1.308235294e+00 1.258962012e+00 1.589500861e+00 
1.269411765e+00 1.239700375e+00 1.516135972e+00 
1.620782353e+00 1.768325308e+00 1.935240964e+00 
1.146470588e+00 1.128410915e+00 1.365533563e+00 
1.048235294e+00 1.125735688e+00 1.327882960e+00 
1.046862941e+00 1.127340824e+00 1.316910499e+00 
1.082941176e+00 1.341359016e+00 1.569922547e+00 
1.176274706e+00 1.214018192e+00 1.505163511e+00 
1.042647059e+00 1.112359551e+00 1.204388985e+00 
1.009019412e+00 1.054039593e+00 1.000000000e+00 
1.254117647e+00 1.199036918e+00 1.505163511e+00 
1.000000000e+00 1.176565008e+00 1.139629948e+00 
1.042352941e+00 1.015516319e+00 1.064759036e+00 
1.009019412e+00 1.064740503e+00 1.139629948e+00 
1.092352941e+00 1.055109684e+00 1.188253012e+00 
1.076470588e+00 1.041198502e+00 1.177280551e+00 
1.042352941e+00 1.000000000e+00 1.000000000e+00 

1.272941176e+00 1.490636704e+00 1.774311532e+00 
1.305686471e+00 1.606206528e+00 1.808089501e+00 
1.388235294e+00 1.600321027e+00 1.847676420e+00 
1.419804118e+00 1.627608347e+00 1.887048193e+00 
1.300392353e+00 1.442482611e+00 1.720524957e+00 
1.270588235e+00 1.416800428e+00 1.663080895e+00 
1.400392353e+00 1.532370251e+00 1.788296041e+00 
1.391666471e+00 1.692348850e+00 1.887048193e+00 
1.344705882e+00 1.647940075e+00 1.853055077e+00 
1.371176471e+00 1.611021937e+00 1.847676420e+00 
1.328627647e+00 1.536115570e+00 1.808089501e+00 
1.229411765e+00 1.538255752e+00 1.779690189e+00 
1.421176471e+00 1.612627073e+00 1.887048193e+00 
1.184117647e+00 1.437667202e+00 1.655765921e+00 
1.308921765e+00 1.554307116e+00 1.782917384e+00 
1.222941176e+00 1.536650615e+00 1.729130809e+00 
1.059804118e+00 1.254681648e+00 1.381669535e+00 
1.250392353e+00 1.505617978e+00 1.729130809e+00 
1.150000000e+00 1.389513109e+00 1.623709122e+00 
1.299411765e+00 1.562867844e+00 1.793889845e+00 
1.601764706e+00 1.847512039e+00 1.946213425e+00 
1.184117647e+00 1.453183521e+00 1.720524957e+00 
1.424117647e+00 1.372926699e+00 1.720524957e+00 
1.478039412e+00 1.543071161e+00 1.842082616e+00 
1.657647059e+00 1.637774211e+00 1.906841652e+00 
1.060980588e+00 1.325842697e+00 1.505163511e+00 
1.611958824e+00 1.802033173e+00 1.906841652e+00 
1.023137059e+00 1.263242376e+00 1.327882960e+00 
1.265490000e+00 1.445157838e+00 1.663080895e+00 
1.332157059e+00 1.430176565e+00 1.748924269e+00 
1.412647059e+00 1.477260567e+00 1.813683305e+00 
1.343921765e+00 1.429641520e+00 1.748924269e+00 
1.281274706e+00 1.444087747e+00 1.709552496e+00 
1.405294118e+00 1.403959337e+00 1.748924269e+00 
1.172941176e+00 1.278758694e+00 1.505163511e+00 
1.744705882e+00 1.822364901e+00 1.940834768e+00 
1.812352941e+00 1.789727127e+00 1.946213425e+00 
1.169019412e+00 1.293204922e+00 1.467512909e+00 
1.410000000e+00 1.483146067e+00 1.793889845e+00 
1.459804118e+00 1.459604066e+00 1.822289157e+00 
1.037842941e+00 1.239165329e+00 1.316910499e+00 
1.404510000e+00 1.491706795e+00 1.813683305e+00 
1.222745294e+00 1.300160514e+00 1.655765921e+00 
1.082941176e+00 1.341359016e+00 1.569922547e+00 
1.502058824e+00 1.576779026e+00 1.876075731e+00 
1.342941176e+00 1.373461744e+00 1.720524957e+00 
1.208235294e+00 1.354200107e+00 1.655765921e+00 
1.562352941e+00 1.601926164e+00 1.887048193e+00 
1.157842941e+00 1.284644195e+00 1.438898451e+00 
1.280980588e+00 1.379882290e+00 1.663080895e+00 
1.021960588e+00 1.192081327e+00 1.204388985e+00 
1.157842941e+00 1.300160514e+00 1.503657487e+00 
1.430294118e+00 1.539325843e+00 1.822289157e+00 
1.430000000e+00 1.362760835e+00 1.682659208e+00 
1.176862941e+00 1.261102194e+00 1.569922547e+00 
1.338039412e+00 1.409844837e+00 1.729130809e+00 
1.508529412e+00 1.520599251e+00 1.847676420e+00 
1.437254706e+00 1.472980203e+00 1.782917384e+00 
1.090784118e+00 1.190476190e+00 1.430292599e+00 
1.004215882e+00 1.172819690e+00 1.193416523e+00 
1.176274706e+00 1.214018192e+00 1.505163511e+00 
1.042647059e+00 1.112359551e+00 1.204388985e+00 
1.308235294e+00 1.258962012e+00 1.589500861e+00 
1.004215882e+00 1.159978598e+00 1.139629948e+00 
1.269411765e+00 1.239700375e+00 1.516135972e+00 
1.065490000e+00 1.086677368e+00 1.188253012e+00 
1.000000000e+00 1.176565008e+00 1.139629948e+00 
1.520000000e+00 1.448368111e+00 1.822289157e+00 
1.254117647e+00 1.199036918e+00 1.505163511e+00 
1.046862941e+00 1.127340824e+00 1.316910499e+00 
1.045098235e+00 1.278758694e+00 1.392641997e+00 
1.065490000e+00 1.102193686e+00 1.253012048e+00 
1.048235294e+00 1.125735688e+00 1.327882960e+00 
1.146470588e+00 1.128410915e+00 1.365533563e+00 
1.004215882e+00 1.149277689e+00 1.000000000e+00 
1.042352941e+00 1.000000000e+00 1.000000000e+00 
1.000000000e+00 1.165864098e+00 1.000000000e+00 
1.090098235e+00 1.172819690e+00 1.392641997e+00 
1.009019412e+00 1.054039593e+00 1.000000000e+00 
1.009019412e+00 1.064740503e+00 1.139629948e+00 
1.042352941e+00 1.015516319e+00 1.064759036e+00 
1.076470588e+00 1.041198502e+00 1.177280551e+00 
1.092352941e+00 1.055109684e+00 1.188253012e+00 

1.208235294e+00 1.354200107e+00 1.655765921e+00 
1.532352941e+00 1.514178705e+00 1.822289157e+00 
1.326862941e+00 1.390583200e+00 1.663080895e+00 
1.412647059e+00 1.477260567e+00 1.813683305e+00 
1.157842941e+00 1.284644195e+00 1.438898451e+00 
1.291176471e+00 1.622257892e+00 1.853055077e+00 
1.332157059e+00 1.430176565e+00 1.748924269e+00 
1.554311765e+00 1.626003210e+00 1.926635112e+00 
1.505294118e+00 1.395933654e+00 1.714931153e+00 
1.498823529e+00 1.448368111e+00 1.782917384e+00 
1.199411765e+00 1.416800428e+00 1.720524957e+00 
1.250392353e+00 1.505617978e+00 1.729130809e+00 
1.082941176e+00 1.341359016e+00 1.569922547e+00 
1.172941176e+00 1.278758694e+00 1.505163511e+00 
1.395294118e+00 1.671482076e+00 1.946213425e+00 
1.429411765e+00 1.388443018e+00 1.682659208e+00 
1.369607647e+00 1.601926164e+00 1.887048193e+00 
1.308235294e+00 1.258962012e+00 1.589500861e+00 
1.224117647e+00 1.512573569e+00 1.779690189e+00 
1.405294118e+00 1.403959337e+00 1.748924269e+00 
1.315195882e+00 1.655965757e+00 1.887048193e+00 
1.328235294e+00 1.561797753e+00 1.872848537e+00 
1.222745294e+00 1.300160514e+00 1.655765921e+00 
1.126862941e+00 1.302835741e+00 1.435456110e+00 
1.281764706e+00 1.476190476e+00 1.722246127e+00 
1.402745294e+00 1.601391118e+00 1.887048193e+00 
1.176274706e+00 1.214018192e+00 1.505163511e+00 
1.287451176e+00 1.476190476e+00 1.748924269e+00 
1.364705882e+00 1.394863563e+00 1.674053356e+00 
1.176862941e+00 1.261102194e+00 1.569922547e+00 
1.157842941e+00 1.300160514e+00 1.503657487e+00 
1.381960588e+00 1.554842162e+00 1.822289157e+00 
1.240980588e+00 1.406099518e+00 1.663080895e+00 
1.287451176e+00 1.491706795e+00 1.813683305e+00 
1.458431176e+00 1.539325843e+00 1.822289157e+00 
1.248137059e+00 1.546281434e+00 1.813683305e+00 
1.425294118e+00 1.539860888e+00 1.822289157e+00 
1.183333529e+00 1.426966292e+00 1.655765921e+00 
1.269411765e+00 1.239700375e+00 1.516135972e+00 
1.061176471e+00 1.253076512e+00 1.392641997e+00 
1.059804118e+00 1.254681648e+00 1.381669535e+00 
1.023137059e+00 1.263242376e+00 1.327882960e+00 
1.183333529e+00 1.442482611e+00 1.720524957e+00 
1.169019412e+00 1.293204922e+00 1.467512909e+00 
1.060980588e+00 1.325842697e+00 1.505163511e+00 
1.125195882e+00 1.317817014e+00 1.435456110e+00 
1.343137059e+00 1.429641520e+00 1.748924269e+00 
1.164411765e+00 1.378812199e+00 1.623709122e+00 
1.045098235e+00 1.278758694e+00 1.392641997e+00 
1.042647059e+00 1.112359551e+00 1.204388985e+00 
1.037842941e+00 1.239165329e+00 1.316910499e+00 
1.004215882e+00 1.159978598e+00 1.139629948e+00 
1.090098235e+00 1.172819690e+00 1.392641997e+00 
1.046862941e+00 1.127340824e+00 1.316910499e+00 
1.090784118e+00 1.190476190e+00 1.430292599e+00 
1.021960588e+00 1.192081327e+00 1.204388985e+00 
1.000000000e+00 1.165864098e+00 1.000000000e+00 
1.004215882e+00 1.149277689e+00 1.000000000e+00 
1.065490000e+00 1.086677368e+00 1.188253012e+00 
1.065490000e+00 1.102193686e+00 1.253012048e+00 
1.254117647e+00 1.199036918e+00 1.505163511e+00 
1.039215882e+00 1.237560193e+00 1.327882960e+00 
1.009019412e+00 1.064740503e+00 1.139629948e+00 
1.146470588e+00 1.128410915e+00 1.365533563e+00 
1.004215882e+00 1.172819690e+00 1.193416523e+00 
1.092352941e+00 1.055109684e+00 1.188253012e+00 
1.048235294e+00 1.125735688e+00 1.327882960e+00 
1.000000000e+00 1.176565008e+00 1.139629948e+00 
1.076470588e+00 1.041198502e+00 1.177280551e+00 
1.009019412e+00 1.054039593e+00 1.000000000e+00 
1.042352941e+00 1.015516319e+00 1.064759036e+00 
1.042352941e+00 1.000000000e+00 1.000000000e+00 

1.272941176e+00 1.490636704e+00 1.774311532e+00 
1.459215882e+00 1.539325843e+00 1.822289157e+00 
1.332352941e+00 1.682182986e+00 1.887048193e+00 
1.229411765e+00 1.538255752e+00 1.779690189e+00 
1.150000000e+00 1.389513109e+00 1.623709122e+00 
1.039215882e+00 1.237560193e+00 1.327882960e+00 
1.317058824e+00 1.486891386e+00 1.748924269e+00 
1.300588235e+00 1.600856073e+00 1.847676420e+00 
1.169019412e+00 1.293204922e+00 1.467512909e+00 
1.430000000e+00 1.362760835e+00 1.682659208e+00 
1.157842941e+00 1.300160514e+00 1.503657487e+00 
1.222941176e+00 1.536650615e+00 1.729130809e+00 
1.355882353e+00 1.586409845e+00 1.887048193e+00 
1.612158824e+00 1.558052434e+00 1.887048193e+00 
1.405294118e+00 1.403959337e+00 1.748924269e+00 
1.317058824e+00 1.502407705e+00 1.813683305e+00 
1.280980588e+00 1.379882290e+00 1.663080895e+00 
1.332157059e+00 1.430176565e+00 1.748924269e+00 
1.593629412e+00 1.646334938e+00 1.926635112e+00 
1.520588235e+00 1.513643660e+00 1.822289157e+00 
1.300392353e+00 1.442482611e+00 1.720524957e+00 
1.265490000e+00 1.445157838e+00 1.663080895e+00 
1.293529412e+00 1.583199572e+00 1.813683305e+00 
1.412647059e+00 1.477260567e+00 1.813683305e+00 
1.184117647e+00 1.437667202e+00 1.655765921e+00 
1.462157059e+00 1.700909577e+00 1.926635112e+00 
1.508923529e+00 1.666666667e+00 1.946213425e+00 
1.176862941e+00 1.261102194e+00 1.569922547e+00 
1.307745294e+00 1.364901017e+00 1.663080895e+00 
1.281274706e+00 1.444087747e+00 1.709552496e+00 
1.308235294e+00 1.258962012e+00 1.589500861e+00 
1.060980588e+00 1.325842697e+00 1.505163511e+00 
1.493923529e+00 1.692348850e+00 1.946213425e+00 
1.222941176e+00 1.552166934e+00 1.793889845e+00 
1.343921765e+00 1.429641520e+00 1.748924269e+00 
1.338039412e+00 1.409844837e+00 1.729130809e+00 
1.157647059e+00 1.316211878e+00 1.558950086e+00 
1.383333529e+00 1.539860888e+00 1.822289157e+00 
1.023137059e+00 1.263242376e+00 1.327882960e+00 
1.342941176e+00 1.373461744e+00 1.720524957e+00 
1.214313529e+00 1.371856608e+00 1.580895009e+00 
1.219411765e+00 1.434991974e+00 1.655765921e+00 
1.393627647e+00 1.556982343e+00 1.872848537e+00 
1.061176471e+00 1.253076512e+00 1.392641997e+00 
1.184117647e+00 1.453183521e+00 1.720524957e+00 
1.090784118e+00 1.190476190e+00 1.430292599e+00 
1.222745294e+00 1.300160514e+00 1.655765921e+00 
1.082941176e+00 1.341359016e+00 1.569922547e+00 
1.037842941e+00 1.239165329e+00 1.316910499e+00 
1.045098235e+00 1.278758694e+00 1.392641997e+00 
1.065490000e+00 1.102193686e+00 1.253012048e+00 
1.269411765e+00 1.239700375e+00 1.516135972e+00 
1.172941176e+00 1.278758694e+00 1.505163511e+00 
1.090098235e+00 1.172819690e+00 1.392641997e+00 
1.065490000e+00 1.086677368e+00 1.188253012e+00 
1.004215882e+00 1.159978598e+00 1.139629948e+00 
1.059804118e+00 1.254681648e+00 1.381669535e+00 
1.146470588e+00 1.128410915e+00 1.365533563e+00 
1.250392353e+00 1.505617978e+00 1.729130809e+00 
1.004215882e+00 1.172819690e+00 1.193416523e+00 
1.254117647e+00 1.199036918e+00 1.505163511e+00 
1.046862941e+00 1.127340824e+00 1.316910499e+00 
1.076470588e+00 1.041198502e+00 1.177280551e+00 
1.021960588e+00 1.192081327e+00 1.204388985e+00 
1.176274706e+00 1.214018192e+00 1.505163511e+00 
1.048235294e+00 1.125735688e+00 1.327882960e+00 
1.009019412e+00 1.054039593e+00 1.000000000e+00 
1.042647059e+00 1.112359551e+00 1.204388985e+00 
1.000000000e+00 1.176565008e+00 1.139629948e+00 
1.042352941e+00 1.000000000e+00 1.000000000e+00 
1.092352941e+00 1.055109684e+00 1.188253012e+00 
1.004215882e+00 1.149277689e+00 1.000000000e+00 
1.009019412e+00 1.064740503e+00 1.139629948e+00 
1.000000000e+00 1.165864098e+00 1.000000000e+00 
1.042352941e+00 1.015516319e+00 1.064759036e+00 

1.338039412e+00 1.409844837e+00 1.729130809e+00 
1.412352941e+00 1.377742108e+00 1.682659208e+00 
1.188823529e+00 1.437132156e+00 1.629087780e+00 
1.520588235e+00 1.584804708e+00 1.867469880e+00 
1.277647059e+00 1.367041199e+00 1.580895009e+00 
1.661176471e+00 1.506688068e+00 1.887048193e+00 
1.404510000e+00 1.491706795e+00 1.813683305e+00 
1.644117647e+00 1.521134296e+00 1.887048193e+00 
1.172941176e+00 1.278758694e+00 1.505163511e+00 
1.736664706e+00 1.933654361e+00 1.946213425e+00 
1.388627647e+00 1.655965757e+00 1.887048193e+00 
1.183333529e+00 1.442482611e+00 1.720524957e+00 
1.060980588e+00 1.325842697e+00 1.505163511e+00 
1.397058824e+00 1.511503478e+00 1.802710843e+00 
1.527058824e+00 1.509898341e+00 1.847676420e+00 
1.214313529e+00 1.371856608e+00 1.580895009e+00 
1.609411765e+00 1.566613162e+00 1.876075731e+00 
1.269607647e+00 1.411985019e+00 1.654259897e+00 
1.308235294e+00 1.258962012e+00 1.589500861e+00 
1.039215882e+00 1.237560193e+00 1.327882960e+00 
1.023137059e+00 1.263242376e+00 1.327882960e+00 
1.520000000e+00 1.448368111e+00 1.822289157e+00 
1.400980588e+00 1.567683253e+00 1.853055077e+00 
1.605488235e+00 1.711075441e+00 1.926635112e+00 
1.045098235e+00 1.278758694e+00 1.392641997e+00 
1.082941176e+00 1.341359016e+00 1.569922547e+00 
1.535488235e+00 1.819154628e+00 1.906841652e+00 
1.540000000e+00 1.402354200e+00 1.793889845e+00 
1.037842941e+00 1.239165329e+00 1.316910499e+00 
1.459804118e+00 1.601391118e+00 1.887048193e+00 
1.276470588e+00 1.368646335e+00 1.623709122e+00 
1.365686471e+00 1.474585340e+00 1.736445783e+00 
1.157842941e+00 1.300160514e+00 1.503657487e+00 
1.402941176e+00 1.437132156e+00 1.782917384e+00 
1.280980588e+00 1.379882290e+00 1.663080895e+00 
1.477451176e+00 1.586409845e+00 1.887048193e+00 
1.355686471e+00 1.482611022e+00 1.793889845e+00 
1.824117647e+00 1.843231675e+00 1.946213425e+00 
1.537647059e+00 1.433386838e+00 1.822289157e+00 
1.318627647e+00 1.426966292e+00 1.720524957e+00 
1.310392353e+00 1.356875334e+00 1.629087780e+00 
1.415882353e+00 1.329588015e+00 1.729130809e+00 
1.292941176e+00 1.324237560e+00 1.578528399e+00 
1.243921765e+00 1.355270198e+00 1.578528399e+00 
1.317647059e+00 1.484216158e+00 1.748924269e+00 
1.358235294e+00 1.317817014e+00 1.598321859e+00 
1.059804118e+00 1.254681648e+00 1.381669535e+00 
1.349804118e+00 1.556982343e+00 1.813683305e+00 
1.456274706e+00 1.594435527e+00 1.867469880e+00 
1.269411765e+00 1.239700375e+00 1.516135972e+00 
1.021960588e+00 1.192081327e+00 1.204388985e+00 
1.377058824e+00 1.310326378e+00 1.655765921e+00 
1.410000000e+00 1.403959337e+00 1.748924269e+00 
1.280980588e+00 1.364365971e+00 1.598321859e+00 
1.169019412e+00 1.293204922e+00 1.467512909e+00 
1.243921765e+00 1.370786517e+00 1.643287435e+00 
1.065490000e+00 1.102193686e+00 1.253012048e+00 
1.000000000e+00 1.176565008e+00 1.139629948e+00 
1.004215882e+00 1.172819690e+00 1.193416523e+00 
1.176274706e+00 1.214018192e+00 1.505163511e+00 
1.090784118e+00 1.190476190e+00 1.430292599e+00 
1.042647059e+00 1.112359551e+00 1.204388985e+00 
1.254117647e+00 1.199036918e+00 1.505163511e+00 
1.065490000e+00 1.086677368e+00 1.188253012e+00 
1.048235294e+00 1.125735688e+00 1.327882960e+00 
1.004215882e+00 1.149277689e+00 1.000000000e+00 
1.046862941e+00 1.127340824e+00 1.316910499e+00 
1.176862941e+00 1.261102194e+00 1.569922547e+00 
1.090098235e+00 1.172819690e+00 1.392641997e+00 
1.000000000e+00 1.165864098e+00 1.000000000e+00 
1.157842941e+00 1.284644195e+00 1.438898451e+00 
1.061176471e+00 1.253076512e+00 1.392641997e+00 
1.042352941e+00 1.000000000e+00 1.000000000e+00 
1.009019412e+00 1.054039593e+00 1.000000000e+00 
1.146470588e+00 1.128410915e+00 1.365533563e+00 
1.004215882e+00 1.159978598e+00 1.139629948e+00 
1.092352941e+00 1.055109684e+00 1.188253012e+00 
1.042352941e+00 1.015516319e+00 1.064759036e+00 
1.009019412e+00 1.064740503e+00 1.139629948e+00 
1.076470588e+00 1.041198502e+00 1.177280551e+00 

1.365882353e+00 1.594435527e+00 1.867469880e+00 
1.660588235e+00 1.605671482e+00 1.906841652e+00 
1.222941176e+00 1.552166934e+00 1.793889845e+00 
1.794117647e+00 1.627608347e+00 1.946213425e+00 
1.561470588e+00 1.691278759e+00 1.926635112e+00 
1.250392353e+00 1.505617978e+00 1.729130809e+00 
1.307058824e+00 1.586944890e+00 1.833476764e+00 
1.586764706e+00 1.766720171e+00 1.946213425e+00 
1.332157059e+00 1.430176565e+00 1.748924269e+00 
1.507058824e+00 1.555912253e+00 1.876075731e+00 
1.281274706e+00 1.444087747e+00 1.709552496e+00 
1.293529412e+00 1.583199572e+00 1.813683305e+00 
1.343921765e+00 1.429641520e+00 1.748924269e+00 
1.272941176e+00 1.490636704e+00 1.774311532e+00 
1.673529412e+00 1.498127341e+00 1.853055077e+00 
1.366666471e+00 1.556982343e+00 1.813683305e+00 
1.169019412e+00 1.293204922e+00 1.467512909e+00 
1.338039412e+00 1.409844837e+00 1.729130809e+00 
1.459804118e+00 1.601391118e+00 1.887048193e+00 
1.355686471e+00 1.482611022e+00 1.793889845e+00 
1.648235294e+00 1.614232210e+00 1.940834768e+00 
1.420980588e+00 1.429106474e+00 1.748924269e+00 
1.402941176e+00 1.437132156e+00 1.782917384e+00 
1.342941176e+00 1.373461744e+00 1.720524957e+00 
1.525588235e+00 1.659711075e+00 1.906841652e+00 
1.734705882e+00 1.683253077e+00 1.946213425e+00 
1.184117647e+00 1.437667202e+00 1.655765921e+00 
1.527058824e+00 1.509898341e+00 1.847676420e+00 
1.461176471e+00 1.539325843e+00 1.822289157e+00 
1.346274706e+00 1.551631889e+00 1.793889845e+00 
1.644117647e+00 1.521134296e+00 1.887048193e+00 
1.635294118e+00 1.708400214e+00 1.946213425e+00 
1.270588235e+00 1.416800428e+00 1.663080895e+00 
1.332058824e+00 1.449973248e+00 1.714931153e+00 
1.308235294e+00 1.258962012e+00 1.589500861e+00 
1.636470588e+00 1.693418941e+00 1.940834768e+00 
1.520000000e+00 1.448368111e+00 1.822289157e+00 
1.172941176e+00 1.278758694e+00 1.505163511e+00 
1.184117647e+00 1.453183521e+00 1.720524957e+00 
1.222745294e+00 1.300160514e+00 1.655765921e+00 
1.661176471e+00 1.506688068e+00 1.887048193e+00 
1.415882353e+00 1.329588015e+00 1.729130809e+00 
1.457647059e+00 1.476190476e+00 1.813683305e+00 
1.537647059e+00 1.433386838e+00 1.822289157e+00 
1.150000000e+00 1.389513109e+00 1.623709122e+00 
1.039215882e+00 1.237560193e+00 1.327882960e+00 
1.422352941e+00 1.414125201e+00 1.748924269e+00 
1.265490000e+00 1.445157838e+00 1.663080895e+00 
1.060980588e+00 1.325842697e+00 1.505163511e+00 
1.037842941e+00 1.239165329e+00 1.316910499e+00 
1.061176471e+00 1.253076512e+00 1.392641997e+00 
1.599411765e+00 1.555377207e+00 1.881454389e+00 
1.326862941e+00 1.390583200e+00 1.663080895e+00 
1.090098235e+00 1.172819690e+00 1.392641997e+00 
1.157842941e+00 1.300160514e+00 1.503657487e+00 
1.269411765e+00 1.239700375e+00 1.516135972e+00 
1.059804118e+00 1.254681648e+00 1.381669535e+00 
1.004215882e+00 1.159978598e+00 1.139629948e+00 
1.082941176e+00 1.341359016e+00 1.569922547e+00 
1.176862941e+00 1.261102194e+00 1.569922547e+00 
1.214313529e+00 1.371856608e+00 1.580895009e+00 
1.065490000e+00 1.086677368e+00 1.188253012e+00 
1.045098235e+00 1.278758694e+00 1.392641997e+00 
1.004215882e+00 1.149277689e+00 1.000000000e+00 
1.254117647e+00 1.199036918e+00 1.505163511e+00 
1.021960588e+00 1.192081327e+00 1.204388985e+00 
1.023137059e+00 1.263242376e+00 1.327882960e+00 
1.004215882e+00 1.172819690e+00 1.193416523e+00 
1.540000000e+00 1.402354200e+00 1.793889845e+00 
1.572941176e+00 1.585874799e+00 1.887048193e+00 
1.157842941e+00 1.284644195e+00 1.438898451e+00 
1.090784118e+00 1.190476190e+00 1.430292599e+00 
1.000000000e+00 1.165864098e+00 1.000000000e+00 
1.000000000e+00 1.176565008e+00 1.139629948e+00 
1.065490000e+00 1.102193686e+00 1.253012048e+00 
1.146470588e+00 1.128410915e+00 1.365533563e+00 
1.042647059e+00 1.112359551e+00 1.204388985e+00 
1.176274706e+00 1.214018192e+00 1.505163511e+00 
1.048235294e+00 1.125735688e+00 1.327882960e+00 
1.046862941e+00 1.127340824e+00 1.316910499e+00 
1.076470588e+00 1.041198502e+00 1.177280551e+00 
1.042352941e+00 1.000000000e+00 1.000000000e+00 
1.042352941e+00 1.015516319e+00 1.064759036e+00 
1.009019412e+00 1.054039593e+00 1.000000000e+00 
1.092352941e+00 1.055109684e+00 1.188253012e+00 
1.009019412e+00 1.064740503e+00 1.139629948e+00 

1.394705882e+00 1.778491172e+00 1.946213425e+00 
1.476470588e+00 1.469234885e+00 1.779690189e+00 
1.338823529e+00 1.668271803e+00 1.872848537e+00 
1.810000000e+00 1.680577849e+00 1.926635112e+00 
1.684705882e+00 1.587479936e+00 1.887048193e+00 
1.169019412e+00 1.293204922e+00 1.467512909e+00 
1.272941176e+00 1.490636704e+00 1.774311532e+00 
1.061176471e+00 1.253076512e+00 1.392641997e+00 
1.222941176e+00 1.552166934e+00 1.793889845e+00 
1.265490000e+00 1.445157838e+00 1.663080895e+00 
1.424117647e+00 1.372926699e+00 1.720524957e+00 
1.538429412e+00 1.767255217e+00 1.946213425e+00 
1.684705882e+00 1.708400214e+00 1.946213425e+00 
1.546176471e+00 1.573033708e+00 1.872848537e+00 
1.432352941e+00 1.612092028e+00 1.887048193e+00 
1.059804118e+00 1.254681648e+00 1.381669535e+00 
1.214313529e+00 1.371856608e+00 1.580895009e+00 
1.307058824e+00 1.586944890e+00 1.833476764e+00 
1.654117647e+00 1.735152488e+00 1.946213425e+00 
1.285294118e+00 1.648475120e+00 1.853055077e+00 
1.280980588e+00 1.379882290e+00 1.663080895e+00 
1.520588235e+00 1.513643660e+00 1.822289157e+00 
1.281274706e+00 1.444087747e+00 1.709552496e+00 
1.300392353e+00 1.442482611e+00 1.720524957e+00 
1.483137059e+00 1.704654896e+00 1.940834768e+00 
1.361764706e+00 1.598180845e+00 1.872848537e+00 
1.269411765e+00 1.239700375e+00 1.516135972e+00 
1.184117647e+00 1.437667202e+00 1.655765921e+00 
1.293529412e+00 1.583199572e+00 1.813683305e+00 
1.229411765e+00 1.538255752e+00 1.779690189e+00 
1.412647059e+00 1.477260567e+00 1.813683305e+00 
1.383333529e+00 1.539860888e+00 1.822289157e+00 
1.219411765e+00 1.434991974e+00 1.655765921e+00 
1.342941176e+00 1.373461744e+00 1.720524957e+00 
1.362941176e+00 1.697164259e+00 1.906841652e+00 
1.459215882e+00 1.539325843e+00 1.822289157e+00 
1.150000000e+00 1.389513109e+00 1.623709122e+00 
1.410000000e+00 1.730872124e+00 1.940834768e+00 
1.157842941e+00 1.300160514e+00 1.503657487e+00 
1.176862941e+00 1.261102194e+00 1.569922547e+00 
1.317058824e+00 1.502407705e+00 1.813683305e+00 
1.270588235e+00 1.416800428e+00 1.663080895e+00 
1.430000000e+00 1.362760835e+00 1.682659208e+00 
1.039215882e+00 1.237560193e+00 1.327882960e+00 
1.004215882e+00 1.149277689e+00 1.000000000e+00 
1.300588235e+00 1.600856073e+00 1.847676420e+00 
1.250392353e+00 1.505617978e+00 1.729130809e+00 
1.441862941e+00 1.588550027e+00 1.876075731e+00 
1.060980588e+00 1.325842697e+00 1.505163511e+00 
1.004215882e+00 1.159978598e+00 1.139629948e+00 
1.157842941e+00 1.284644195e+00 1.438898451e+00 
1.042647059e+00 1.112359551e+00 1.204388985e+00 
1.037842941e+00 1.239165329e+00 1.316910499e+00 
1.418333529e+00 1.684323167e+00 1.876075731e+00 
1.000000000e+00 1.176565008e+00 1.139629948e+00 
1.023137059e+00 1.263242376e+00 1.327882960e+00 
1.312352941e+00 1.403424291e+00 1.748924269e+00 
1.082941176e+00 1.341359016e+00 1.569922547e+00 
1.222745294e+00 1.300160514e+00 1.655765921e+00 
1.021960588e+00 1.192081327e+00 1.204388985e+00 
1.222941176e+00 1.536650615e+00 1.729130809e+00 
1.000000000e+00 1.165864098e+00 1.000000000e+00 
1.184117647e+00 1.453183521e+00 1.720524957e+00 
1.176274706e+00 1.214018192e+00 1.505163511e+00 
1.090784118e+00 1.190476190e+00 1.430292599e+00 
1.045098235e+00 1.278758694e+00 1.392641997e+00 
1.254117647e+00 1.199036918e+00 1.505163511e+00 
1.065490000e+00 1.086677368e+00 1.188253012e+00 
1.090098235e+00 1.172819690e+00 1.392641997e+00 
1.046862941e+00 1.127340824e+00 1.316910499e+00 
1.065490000e+00 1.102193686e+00 1.253012048e+00 
1.048235294e+00 1.125735688e+00 1.327882960e+00 
1.042352941e+00 1.015516319e+00 1.064759036e+00 
1.092352941e+00 1.055109684e+00 1.188253012e+00 
1.146470588e+00 1.128410915e+00 1.365533563e+00 
1.076470588e+00 1.041198502e+00 1.177280551e+00 
1.004215882e+00 1.172819690e+00 1.193416523e+00 
1.042352941e+00 1.000000000e+00 1.000000000e+00 
1.009019412e+00 1.054039593e+00 1.000000000e+00 
1.009019412e+00 1.064740503e+00 1.139629948e+00 

1.405294118e+00 1.403959337e+00 1.748924269e+00 
1.620488235e+00 1.836811129e+00 1.940834768e+00 
1.670588235e+00 1.554842162e+00 1.881454389e+00 
1.266470588e+00 1.510968432e+00 1.729130809e+00 
1.540000000e+00 1.402354200e+00 1.793889845e+00 
1.507058824e+00 1.555912253e+00 1.876075731e+00 
1.343921765e+00 1.429641520e+00 1.748924269e+00 
1.370588235e+00 1.575708935e+00 1.887048193e+00 
1.303529412e+00 1.450508293e+00 1.748924269e+00 
1.501470588e+00 1.532905297e+00 1.842082616e+00 
1.672352941e+00 1.741037988e+00 1.940834768e+00 
1.287352941e+00 1.479935795e+00 1.774311532e+00 
1.126862941e+00 1.302835741e+00 1.435456110e+00 
1.402941176e+00 1.437132156e+00 1.782917384e+00 
1.520000000e+00 1.448368111e+00 1.822289157e+00 
1.157647059e+00 1.303370787e+00 1.505163511e+00 
1.308235294e+00 1.258962012e+00 1.589500861e+00 
1.169019412e+00 1.293204922e+00 1.467512909e+00 
1.172941176e+00 1.278758694e+00 1.505163511e+00 
1.176862941e+00 1.261102194e+00 1.569922547e+00 
1.303529412e+00 1.466024612e+00 1.813683305e+00 
1.537647059e+00 1.433386838e+00 1.822289157e+00 
1.183333529e+00 1.426966292e+00 1.655765921e+00 
1.338039412e+00 1.409844837e+00 1.729130809e+00 
1.415882353e+00 1.329588015e+00 1.729130809e+00 
1.370392353e+00 1.600321027e+00 1.847676420e+00 
1.339411765e+00 1.622257892e+00 1.853055077e+00 
1.265490000e+00 1.537185661e+00 1.729130809e+00 
1.266470588e+00 1.526484751e+00 1.793889845e+00 
1.199411765e+00 1.401284109e+00 1.655765921e+00 
1.199411765e+00 1.416800428e+00 1.720524957e+00 
1.222745294e+00 1.300160514e+00 1.655765921e+00 
1.214313529e+00 1.371856608e+00 1.580895009e+00 
1.570982353e+00 1.890850722e+00 1.940834768e+00 
1.004215882e+00 1.172819690e+00 1.193416523e+00 
1.183333529e+00 1.442482611e+00 1.720524957e+00 
1.082941176e+00 1.341359016e+00 1.569922547e+00 
1.004215882e+00 1.149277689e+00 1.000000000e+00 
1.004215882e+00 1.159978598e+00 1.139629948e+00 
1.048235294e+00 1.125735688e+00 1.327882960e+00 
1.090098235e+00 1.172819690e+00 1.392641997e+00 
1.000000000e+00 1.176565008e+00 1.139629948e+00 
1.061176471e+00 1.253076512e+00 1.392641997e+00 
1.039215882e+00 1.237560193e+00 1.327882960e+00 
1.042647059e+00 1.112359551e+00 1.204388985e+00 
1.090784118e+00 1.190476190e+00 1.430292599e+00 
1.046862941e+00 1.127340824e+00 1.316910499e+00 
1.000000000e+00 1.165864098e+00 1.000000000e+00 
1.059804118e+00 1.254681648e+00 1.381669535e+00 
1.042352941e+00 1.000000000e+00 1.000000000e+00 
1.065490000e+00 1.102193686e+00 1.253012048e+00 
1.045098235e+00 1.278758694e+00 1.392641997e+00 
1.023137059e+00 1.263242376e+00 1.327882960e+00 
1.060980588e+00 1.325842697e+00 1.505163511e+00 
1.254117647e+00 1.199036918e+00 1.505163511e+00 
1.065490000e+00 1.086677368e+00 1.188253012e+00 
1.269411765e+00 1.239700375e+00 1.516135972e+00 
1.021960588e+00 1.192081327e+00 1.204388985e+00 
1.176274706e+00 1.214018192e+00 1.505163511e+00 
1.037842941e+00 1.239165329e+00 1.316910499e+00 
1.042352941e+00 1.015516319e+00 1.064759036e+00 
1.146470588e+00 1.128410915e+00 1.365533563e+00 
1.092352941e+00 1.055109684e+00 1.188253012e+00 
1.009019412e+00 1.054039593e+00 1.000000000e+00 
1.076470588e+00 1.041198502e+00 1.177280551e+00 
1.009019412e+00 1.064740503e+00 1.139629948e+00 

1.459804118e+00 1.459604066e+00 1.822289157e+00 
1.176862941e+00 1.261102194e+00 1.569922547e+00 
1.365882353e+00 1.594435527e+00 1.867469880e+00 
1.285294118e+00 1.648475120e+00 1.853055077e+00 
1.600194118e+00 1.777956126e+00 1.946213425e+00 
1.265490000e+00 1.445157838e+00 1.663080895e+00 
1.270588235e+00 1.416800428e+00 1.663080895e+00 
1.338823529e+00 1.668271803e+00 1.872848537e+00 
1.310294118e+00 1.428036383e+00 1.720524957e+00 
1.307058824e+00 1.586944890e+00 1.833476764e+00 
1.433333529e+00 1.635634029e+00 1.881454389e+00 
1.039215882e+00 1.237560193e+00 1.327882960e+00 
1.557058824e+00 1.773675762e+00 1.887048193e+00 
1.157842941e+00 1.300160514e+00 1.503657487e+00 
1.620588235e+00 1.552166934e+00 1.876075731e+00 
1.411960588e+00 1.642054575e+00 1.872848537e+00 
1.229411765e+00 1.538255752e+00 1.779690189e+00 
1.430000000e+00 1.362760835e+00 1.682659208e+00 
1.412647059e+00 1.477260567e+00 1.813683305e+00 
1.214313529e+00 1.371856608e+00 1.580895009e+00 
1.184117647e+00 1.437667202e+00 1.655765921e+00 
1.090098235e+00 1.172819690e+00 1.392641997e+00 
1.317058824e+00 1.502407705e+00 1.813683305e+00 
1.272941176e+00 1.490636704e+00 1.774311532e+00 
1.308235294e+00 1.258962012e+00 1.589500861e+00 
1.222941176e+00 1.552166934e+00 1.793889845e+00 
1.305686471e+00 1.606206528e+00 1.808089501e+00 
1.420980588e+00 1.742108079e+00 1.881454389e+00 
1.060980588e+00 1.325842697e+00 1.505163511e+00 
1.023137059e+00 1.263242376e+00 1.327882960e+00 
1.164411765e+00 1.378812199e+00 1.623709122e+00 
1.004215882e+00 1.172819690e+00 1.193416523e+00 
1.082941176e+00 1.341359016e+00 1.569922547e+00 
1.184117647e+00 1.453183521e+00 1.720524957e+00 
1.045098235e+00 1.278758694e+00 1.392641997e+00 
1.250392353e+00 1.505617978e+00 1.729130809e+00 
1.342941176e+00 1.373461744e+00 1.720524957e+00 
1.405294118e+00 1.403959337e+00 1.748924269e+00 
1.090784118e+00 1.190476190e+00 1.430292599e+00 
1.254117647e+00 1.199036918e+00 1.505163511e+00 
1.037842941e+00 1.239165329e+00 1.316910499e+00 
1.004215882e+00 1.149277689e+00 1.000000000e+00 
1.150000000e+00 1.389513109e+00 1.623709122e+00 
1.343921765e+00 1.429641520e+00 1.748924269e+00 
1.126862941e+00 1.302835741e+00 1.435456110e+00 
1.332157059e+00 1.430176565e+00 1.748924269e+00 
1.042647059e+00 1.112359551e+00 1.204388985e+00 
1.169019412e+00 1.293204922e+00 1.467512909e+00 
1.176274706e+00 1.214018192e+00 1.505163511e+00 
1.338039412e+00 1.409844837e+00 1.729130809e+00 
1.222745294e+00 1.300160514e+00 1.655765921e+00 
1.146470588e+00 1.128410915e+00 1.365533563e+00 
1.269411765e+00 1.239700375e+00 1.516135972e+00 
1.065490000e+00 1.102193686e+00 1.253012048e+00 
1.281274706e+00 1.444087747e+00 1.709552496e+00 
1.004215882e+00 1.159978598e+00 1.139629948e+00 
1.048235294e+00 1.125735688e+00 1.327882960e+00 
1.172941176e+00 1.278758694e+00 1.505163511e+00 
1.157647059e+00 1.316211878e+00 1.558950086e+00 
1.046862941e+00 1.127340824e+00 1.316910499e+00 
1.021960588e+00 1.192081327e+00 1.204388985e+00 
1.059804118e+00 1.254681648e+00 1.381669535e+00 
1.000000000e+00 1.165864098e+00 1.000000000e+00 
1.042352941e+00 1.000000000e+00 1.000000000e+00 
1.000000000e+00 1.176565008e+00 1.139629948e+00 
1.065490000e+00 1.086677368e+00 1.188253012e+00 
1.009019412e+00 1.064740503e+00 1.139629948e+00 
1.042352941e+00 1.015516319e+00 1.064759036e+00 
1.076470588e+00 1.041198502e+00 1.177280551e+00 
1.009019412e+00 1.054039593e+00 1.000000000e+00 
1.092352941e+00 1.055109684e+00 1.188253012e+00 

1.285294118e+00 1.648475120e+00 1.853055077e+00 
1.393627647e+00 1.556982343e+00 1.872848537e+00 
1.454510000e+00 1.585874799e+00 1.887048193e+00 
1.427647059e+00 1.513108614e+00 1.822289157e+00 
1.272941176e+00 1.490636704e+00 1.774311532e+00 
1.498923529e+00 1.571428571e+00 1.887048193e+00 
1.157842941e+00 1.300160514e+00 1.503657487e+00 
1.222941176e+00 1.552166934e+00 1.793889845e+00 
1.157647059e+00 1.303370787e+00 1.505163511e+00 
1.312352941e+00 1.403424291e+00 1.748924269e+00 
1.593135294e+00 1.650615302e+00 1.940834768e+00 
1.039215882e+00 1.237560193e+00 1.327882960e+00 
1.229411765e+00 1.538255752e+00 1.779690189e+00 
1.184117647e+00 1.437667202e+00 1.655765921e+00 
1.317058824e+00 1.502407705e+00 1.813683305e+00 
1.037842941e+00 1.239165329e+00 1.316910499e+00 
1.150000000e+00 1.389513109e+00 1.623709122e+00 
1.060980588e+00 1.325842697e+00 1.505163511e+00 
1.082941176e+00 1.341359016e+00 1.569922547e+00 
1.176274706e+00 1.214018192e+00 1.505163511e+00 
1.240980588e+00 1.406099518e+00 1.663080895e+00 
1.308235294e+00 1.258962012e+00 1.589500861e+00 
1.350098235e+00 1.574638844e+00 1.847676420e+00 
1.356568824e+00 1.560727662e+00 1.833476764e+00 
1.059804118e+00 1.254681648e+00 1.381669535e+00 
1.184117647e+00 1.453183521e+00 1.720524957e+00 
1.157842941e+00 1.284644195e+00 1.438898451e+00 
1.172941176e+00 1.278758694e+00 1.505163511e+00 
1.354215882e+00 1.450508293e+00 1.813683305e+00 
1.061176471e+00 1.253076512e+00 1.392641997e+00 
1.342941176e+00 1.373461744e+00 1.720524957e+00 
1.250392353e+00 1.505617978e+00 1.729130809e+00 
1.322451176e+00 1.464419476e+00 1.774311532e+00 
1.176862941e+00 1.261102194e+00 1.569922547e+00 
1.664705882e+00 1.772605671e+00 1.946213425e+00 
1.000000000e+00 1.176565008e+00 1.139629948e+00 
1.004215882e+00 1.159978598e+00 1.139629948e+00 
1.222745294e+00 1.300160514e+00 1.655765921e+00 
1.045098235e+00 1.278758694e+00 1.392641997e+00 
1.415882353e+00 1.329588015e+00 1.729130809e+00 
1.219411765e+00 1.449973248e+00 1.714931153e+00 
1.208235294e+00 1.354200107e+00 1.655765921e+00 
1.021960588e+00 1.192081327e+00 1.204388985e+00 
1.250098235e+00 1.401284109e+00 1.720524957e+00 
1.269411765e+00 1.239700375e+00 1.516135972e+00 
1.004215882e+00 1.149277689e+00 1.000000000e+00 
1.254117647e+00 1.199036918e+00 1.505163511e+00 
1.004215882e+00 1.172819690e+00 1.193416523e+00 
1.023137059e+00 1.263242376e+00 1.327882960e+00 
1.090784118e+00 1.190476190e+00 1.430292599e+00 
1.042352941e+00 1.000000000e+00 1.000000000e+00 
1.000000000e+00 1.165864098e+00 1.000000000e+00 
1.169019412e+00 1.293204922e+00 1.467512909e+00 
1.146470588e+00 1.128410915e+00 1.365533563e+00 
1.042647059e+00 1.112359551e+00 1.204388985e+00 
1.048235294e+00 1.125735688e+00 1.327882960e+00 
1.065490000e+00 1.102193686e+00 1.253012048e+00 
1.065490000e+00 1.086677368e+00 1.188253012e+00 
1.009019412e+00 1.064740503e+00 1.139629948e+00 
1.092352941e+00 1.055109684e+00 1.188253012e+00 
1.009019412e+00 1.054039593e+00 1.000000000e+00 
1.046862941e+00 1.127340824e+00 1.316910499e+00 
1.090098235e+00 1.172819690e+00 1.392641997e+00 
1.042352941e+00 1.015516319e+00 1.064759036e+00 
1.076470588e+00 1.041198502e+00 1.177280551e+00 

1.749411765e+00 1.857677903e+00 1.946213425e+00 
1.774117647e+00 1.714820760e+00 1.881454389e+00 
1.580394118e+00 1.789192081e+00 1.867469880e+00 
1.410000000e+00 1.483146067e+00 1.793889845e+00 
1.158627647e+00 1.316746923e+00 1.446428571e+00 
1.455686471e+00 1.754949171e+00 1.833476764e+00 
1.432157059e+00 1.764579989e+00 1.853055077e+00 
1.602352941e+00 1.666666667e+00 1.833476764e+00 
1.222941176e+00 1.552166934e+00 1.793889845e+00 
1.412647059e+00 1.477260567e+00 1.813683305e+00 
1.601764706e+00 1.796147673e+00 1.926635112e+00 
1.558429412e+00 1.589620118e+00 1.822289157e+00 
1.476470588e+00 1.469234885e+00 1.779690189e+00 
1.430000000e+00 1.362760835e+00 1.682659208e+00 
1.607252941e+00 1.684858213e+00 1.867469880e+00 
1.610782353e+00 1.777956126e+00 1.906841652e+00 
1.332157059e+00 1.430176565e+00 1.748924269e+00 
1.272941176e+00 1.490636704e+00 1.774311532e+00 
1.366666471e+00 1.556982343e+00 1.813683305e+00 
1.184117647e+00 1.437667202e+00 1.655765921e+00 
1.229411765e+00 1.538255752e+00 1.779690189e+00 
1.293529412e+00 1.583199572e+00 1.813683305e+00 
1.495488235e+00 1.746388443e+00 1.822289157e+00 
1.199510000e+00 1.363295880e+00 1.623709122e+00 
1.270588235e+00 1.416800428e+00 1.663080895e+00 
1.342941176e+00 1.373461744e+00 1.720524957e+00 
1.383921765e+00 1.499732477e+00 1.808089501e+00 
1.338039412e+00 1.409844837e+00 1.729130809e+00 
1.405294118e+00 1.403959337e+00 1.748924269e+00 
1.162548824e+00 1.323702515e+00 1.484079174e+00 
1.172941176e+00 1.278758694e+00 1.505163511e+00 
1.582547059e+00 1.531835206e+00 1.822289157e+00 
1.250392353e+00 1.505617978e+00 1.729130809e+00 
1.343137059e+00 1.429641520e+00 1.748924269e+00 
1.176274706e+00 1.214018192e+00 1.505163511e+00 
1.082941176e+00 1.341359016e+00 1.569922547e+00 
1.514705882e+00 1.810593900e+00 1.940834768e+00 
1.607452941e+00 1.737827715e+00 1.876075731e+00 
1.254117647e+00 1.199036918e+00 1.505163511e+00 
1.125195882e+00 1.317817014e+00 1.435456110e+00 
1.308235294e+00 1.258962012e+00 1.589500861e+00 
1.021960588e+00 1.192081327e+00 1.204388985e+00 
1.303823529e+00 1.484216158e+00 1.748924269e+00 
1.183333529e+00 1.442482611e+00 1.720524957e+00 
1.090784118e+00 1.190476190e+00 1.430292599e+00 
1.310294118e+00 1.428036383e+00 1.720524957e+00 
1.731764706e+00 1.756019262e+00 1.881454389e+00 
1.061176471e+00 1.253076512e+00 1.392641997e+00 
1.045098235e+00 1.278758694e+00 1.392641997e+00 
1.004215882e+00 1.159978598e+00 1.139629948e+00 
1.039215882e+00 1.237560193e+00 1.327882960e+00 
1.000000000e+00 1.165864098e+00 1.000000000e+00 
1.176862941e+00 1.261102194e+00 1.569922547e+00 
1.037842941e+00 1.239165329e+00 1.316910499e+00 
1.060980588e+00 1.325842697e+00 1.505163511e+00 
1.065490000e+00 1.102193686e+00 1.253012048e+00 
1.059804118e+00 1.254681648e+00 1.381669535e+00 
1.090098235e+00 1.172819690e+00 1.392641997e+00 
1.042647059e+00 1.112359551e+00 1.204388985e+00 
1.048235294e+00 1.125735688e+00 1.327882960e+00 
1.169019412e+00 1.293204922e+00 1.467512909e+00 
1.065490000e+00 1.086677368e+00 1.188253012e+00 
1.222745294e+00 1.300160514e+00 1.655765921e+00 
1.269411765e+00 1.239700375e+00 1.516135972e+00 
1.146470588e+00 1.128410915e+00 1.365533563e+00 
1.150000000e+00 1.389513109e+00 1.623709122e+00 
1.046862941e+00 1.127340824e+00 1.316910499e+00 
1.004215882e+00 1.149277689e+00 1.000000000e+00 
1.042352941e+00 1.015516319e+00 1.064759036e+00 
1.009019412e+00 1.064740503e+00 1.139629948e+00 
1.004215882e+00 1.172819690e+00 1.193416523e+00 
1.023137059e+00 1.263242376e+00 1.327882960e+00 
1.076470588e+00 1.041198502e+00 1.177280551e+00 
1.009019412e+00 1.054039593e+00 1.000000000e+00 
1.042352941e+00 1.000000000e+00 1.000000000e+00 
1.092352941e+00 1.055109684e+00 1.188253012e+00 
1.000000000e+00 1.176565008e+00 1.139629948e+00 

1.521570588e+00 1.581594436e+00 1.881454389e+00 
1.317058824e+00 1.486891386e+00 1.748924269e+00 
1.459804118e+00 1.459604066e+00 1.822289157e+00 
1.670688235e+00 1.701979668e+00 1.940834768e+00 
1.355882353e+00 1.570893526e+00 1.822289157e+00 
1.483137059e+00 1.704654896e+00 1.940834768e+00 
1.229411765e+00 1.538255752e+00 1.779690189e+00 
1.570782353e+00 1.704119850e+00 1.940834768e+00 
1.444705882e+00 1.722311396e+00 1.906841652e+00 
1.433529412e+00 1.722846442e+00 1.906841652e+00 
1.272941176e+00 1.490636704e+00 1.774311532e+00 
1.505882353e+00 1.719101124e+00 1.946213425e+00 
1.592352941e+00 1.561797753e+00 1.876075731e+00 
1.482941176e+00 1.869983949e+00 1.946213425e+00 
1.612158824e+00 1.558052434e+00 1.887048193e+00 
1.740588235e+00 1.682182986e+00 1.946213425e+00 
1.332352941e+00 1.682182986e+00 1.887048193e+00 
1.355882353e+00 1.586409845e+00 1.887048193e+00 
1.157842941e+00 1.300160514e+00 1.503657487e+00 
1.494705882e+00 1.734617442e+00 1.946213425e+00 
1.285294118e+00 1.648475120e+00 1.853055077e+00 
1.176862941e+00 1.261102194e+00 1.569922547e+00 
1.410000000e+00 1.483146067e+00 1.793889845e+00 
1.222941176e+00 1.536650615e+00 1.729130809e+00 
1.430000000e+00 1.362760835e+00 1.682659208e+00 
1.457451176e+00 1.851257357e+00 1.926635112e+00 
1.412647059e+00 1.477260567e+00 1.813683305e+00 
1.293529412e+00 1.583199572e+00 1.813683305e+00 
1.059804118e+00 1.254681648e+00 1.381669535e+00 
1.169019412e+00 1.293204922e+00 1.467512909e+00 
1.317058824e+00 1.502407705e+00 1.813683305e+00 
1.343921765e+00 1.429641520e+00 1.748924269e+00 
1.498823529e+00 1.448368111e+00 1.782917384e+00 
1.222941176e+00 1.552166934e+00 1.793889845e+00 
1.308235294e+00 1.258962012e+00 1.589500861e+00 
1.311568824e+00 1.427501338e+00 1.720524957e+00 
1.214313529e+00 1.371856608e+00 1.580895009e+00 
1.187647059e+00 1.435527020e+00 1.578528399e+00 
1.184117647e+00 1.437667202e+00 1.655765921e+00 
1.172941176e+00 1.278758694e+00 1.505163511e+00 
1.405294118e+00 1.403959337e+00 1.748924269e+00 
1.090098235e+00 1.172819690e+00 1.392641997e+00 
1.061176471e+00 1.253076512e+00 1.392641997e+00 
1.332157059e+00 1.430176565e+00 1.748924269e+00 
1.037842941e+00 1.239165329e+00 1.316910499e+00 
1.219411765e+00 1.434991974e+00 1.655765921e+00 
1.060980588e+00 1.325842697e+00 1.505163511e+00 
1.342941176e+00 1.373461744e+00 1.720524957e+00 
1.254117647e+00 1.199036918e+00 1.505163511e+00 
1.023137059e+00 1.263242376e+00 1.327882960e+00 
1.042647059e+00 1.112359551e+00 1.204388985e+00 
1.045098235e+00 1.278758694e+00 1.392641997e+00 
1.065490000e+00 1.086677368e+00 1.188253012e+00 
1.184117647e+00 1.453183521e+00 1.720524957e+00 
1.338039412e+00 1.409844837e+00 1.729130809e+00 
1.082941176e+00 1.341359016e+00 1.569922547e+00 
1.090784118e+00 1.190476190e+00 1.430292599e+00 
1.281274706e+00 1.444087747e+00 1.709552496e+00 
1.250392353e+00 1.505617978e+00 1.729130809e+00 
1.004215882e+00 1.172819690e+00 1.193416523e+00 
1.000000000e+00 1.176565008e+00 1.139629948e+00 
1.176274706e+00 1.214018192e+00 1.505163511e+00 
1.004215882e+00 1.159978598e+00 1.139629948e+00 
1.048235294e+00 1.125735688e+00 1.327882960e+00 
1.039215882e+00 1.237560193e+00 1.327882960e+00 
1.021960588e+00 1.192081327e+00 1.204388985e+00 
1.065490000e+00 1.102193686e+00 1.253012048e+00 
1.042352941e+00 1.015516319e+00 1.064759036e+00 
1.146470588e+00 1.128410915e+00 1.365533563e+00 
1.269411765e+00 1.239700375e+00 1.516135972e+00 
1.222745294e+00 1.300160514e+00 1.655765921e+00 
1.000000000e+00 1.165864098e+00 1.000000000e+00 
1.046862941e+00 1.127340824e+00 1.316910499e+00 
1.092352941e+00 1.055109684e+00 1.188253012e+00 
1.004215882e+00 1.149277689e+00 1.000000000e+00 
1.009019412e+00 1.054039593e+00 1.000000000e+00 
1.042352941e+00 1.000000000e+00 1.000000000e+00 
1.009019412e+00 1.064740503e+00 1.139629948e+00 
1.076470588e+00 1.041198502e+00 1.177280551e+00 

1.598429412e+00 1.697699304e+00 1.946213425e+00 
1.476470588e+00 1.690208668e+00 1.926635112e+00 
1.450588235e+00 1.685393258e+00 1.906841652e+00 
1.291176471e+00 1.622257892e+00 1.853055077e+00 
1.772941176e+00 1.635098983e+00 1.940834768e+00 
1.402842941e+00 1.709470305e+00 1.940834768e+00 
1.315195882e+00 1.655965757e+00 1.887048193e+00 
1.328235294e+00 1.561797753e+00 1.872848537e+00 
1.176862941e+00 1.261102194e+00 1.569922547e+00 
1.600588235e+00 1.590690209e+00 1.887048193e+00 
1.547841176e+00 1.639914393e+00 1.940834768e+00 
1.157842941e+00 1.284644195e+00 1.438898451e+00 
1.412647059e+00 1.477260567e+00 1.813683305e+00 
1.671176471e+00 1.639379347e+00 1.940834768e+00 
1.250392353e+00 1.552166934e+00 1.793889845e+00 
1.169019412e+00 1.293204922e+00 1.467512909e+00 
1.526176471e+00 1.708935259e+00 1.940834768e+00 
1.229411765e+00 1.538255752e+00 1.779690189e+00 
1.354510000e+00 1.601391118e+00 1.887048193e+00 
1.250392353e+00 1.505617978e+00 1.729130809e+00 
1.090098235e+00 1.172819690e+00 1.392641997e+00 
1.281274706e+00 1.444087747e+00 1.709552496e+00 
1.287451176e+00 1.476190476e+00 1.748924269e+00 
1.328039412e+00 1.600856073e+00 1.847676420e+00 
1.338039412e+00 1.409844837e+00 1.729130809e+00 
1.172941176e+00 1.278758694e+00 1.505163511e+00 
1.332157059e+00 1.430176565e+00 1.748924269e+00 
1.342941176e+00 1.373461744e+00 1.720524957e+00 
1.557058824e+00 1.465489567e+00 1.813683305e+00 
1.184117647e+00 1.453183521e+00 1.720524957e+00 
1.183333529e+00 1.426966292e+00 1.655765921e+00 
1.343137059e+00 1.429641520e+00 1.748924269e+00 
1.308235294e+00 1.258962012e+00 1.589500861e+00 
1.272941176e+00 1.490636704e+00 1.774311532e+00 
1.287451176e+00 1.491706795e+00 1.813683305e+00 
1.405294118e+00 1.403959337e+00 1.748924269e+00 
1.532352941e+00 1.554307116e+00 1.822289157e+00 
1.214313529e+00 1.371856608e+00 1.580895009e+00 
1.128235294e+00 1.301230605e+00 1.446428571e+00 
1.560588235e+00 1.528624933e+00 1.822289157e+00 
1.061176471e+00 1.253076512e+00 1.392641997e+00 
1.222745294e+00 1.300160514e+00 1.655765921e+00 
1.608235294e+00 1.528089888e+00 1.822289157e+00 
1.322352941e+00 1.442482611e+00 1.720524957e+00 
1.157842941e+00 1.300160514e+00 1.503657487e+00 
1.039215882e+00 1.237560193e+00 1.327882960e+00 
1.004215882e+00 1.149277689e+00 1.000000000e+00 
1.021960588e+00 1.192081327e+00 1.204388985e+00 
1.000000000e+00 1.165864098e+00 1.000000000e+00 
1.004215882e+00 1.172819690e+00 1.193416523e+00 
1.150000000e+00 1.389513109e+00 1.623709122e+00 
1.265490000e+00 1.445157838e+00 1.663080895e+00 
1.059804118e+00 1.254681648e+00 1.381669535e+00 
1.037842941e+00 1.239165329e+00 1.316910499e+00 
1.254117647e+00 1.199036918e+00 1.505163511e+00 
1.048235294e+00 1.125735688e+00 1.327882960e+00 
1.042647059e+00 1.112359551e+00 1.204388985e+00 
1.004215882e+00 1.159978598e+00 1.139629948e+00 
1.000000000e+00 1.176565008e+00 1.139629948e+00 
1.270588235e+00 1.416800428e+00 1.663080895e+00 
1.046862941e+00 1.127340824e+00 1.316910499e+00 
1.023137059e+00 1.263242376e+00 1.327882960e+00 
1.176274706e+00 1.214018192e+00 1.505163511e+00 
1.045098235e+00 1.278758694e+00 1.392641997e+00 
1.082941176e+00 1.341359016e+00 1.569922547e+00 
1.090784118e+00 1.190476190e+00 1.430292599e+00 
1.065490000e+00 1.086677368e+00 1.188253012e+00 
1.060980588e+00 1.325842697e+00 1.505163511e+00 
1.269411765e+00 1.239700375e+00 1.516135972e+00 
1.009019412e+00 1.064740503e+00 1.139629948e+00 
1.146470588e+00 1.128410915e+00 1.365533563e+00 
1.042352941e+00 1.000000000e+00 1.000000000e+00 
1.042352941e+00 1.015516319e+00 1.064759036e+00 
1.009019412e+00 1.054039593e+00 1.000000000e+00 
1.076470588e+00 1.041198502e+00 1.177280551e+00 
1.065490000e+00 1.102193686e+00 1.253012048e+00 
1.092352941e+00 1.055109684e+00 1.188253012e+00 

1.355882353e+00 1.586409845e+00 1.887048193e+00 
1.400980588e+00 1.567683253e+00 1.853055077e+00 
1.661176471e+00 1.506688068e+00 1.887048193e+00 
1.524705882e+00 1.540930979e+00 1.876075731e+00 
1.644117647e+00 1.521134296e+00 1.887048193e+00 
1.229411765e+00 1.538255752e+00 1.779690189e+00 
1.490394118e+00 1.690743713e+00 1.926635112e+00 
1.466862941e+00 1.775280899e+00 1.926635112e+00 
1.732941176e+00 1.639914393e+00 1.940834768e+00 
1.599411765e+00 1.555377207e+00 1.881454389e+00 
1.428823529e+00 1.456928839e+00 1.793889845e+00 
1.318627647e+00 1.426966292e+00 1.720524957e+00 
1.338823529e+00 1.668271803e+00 1.872848537e+00 
1.281274706e+00 1.444087747e+00 1.709552496e+00 
1.265490000e+00 1.445157838e+00 1.663080895e+00 
1.302157059e+00 1.417870519e+00 1.709552496e+00 
1.402941176e+00 1.437132156e+00 1.782917384e+00 
1.537647059e+00 1.433386838e+00 1.822289157e+00 
1.150000000e+00 1.389513109e+00 1.623709122e+00 
1.332157059e+00 1.430176565e+00 1.748924269e+00 
1.317058824e+00 1.502407705e+00 1.813683305e+00 
1.537452941e+00 1.811128946e+00 1.940834768e+00 
1.157842941e+00 1.284644195e+00 1.438898451e+00 
1.549217647e+00 1.719636169e+00 1.940834768e+00 
1.293529412e+00 1.583199572e+00 1.813683305e+00 
1.272941176e+00 1.490636704e+00 1.774311532e+00 
1.157842941e+00 1.300160514e+00 1.503657487e+00 
1.222941176e+00 1.552166934e+00 1.793889845e+00 
1.300392353e+00 1.442482611e+00 1.720524957e+00 
1.060980588e+00 1.325842697e+00 1.505163511e+00 
1.169019412e+00 1.293204922e+00 1.467512909e+00 
1.637647059e+00 1.500267523e+00 1.842082616e+00 
1.540000000e+00 1.402354200e+00 1.793889845e+00 
1.184117647e+00 1.437667202e+00 1.655765921e+00 
1.023137059e+00 1.263242376e+00 1.327882960e+00 
1.462157059e+00 1.520064205e+00 1.847676420e+00 
1.184117647e+00 1.453183521e+00 1.720524957e+00 
1.061176471e+00 1.253076512e+00 1.392641997e+00 
1.343921765e+00 1.429641520e+00 1.748924269e+00 
1.338039412e+00 1.409844837e+00 1.729130809e+00 
1.280980588e+00 1.379882290e+00 1.663080895e+00 
1.250392353e+00 1.505617978e+00 1.729130809e+00 
1.520000000e+00 1.448368111e+00 1.822289157e+00 
1.405294118e+00 1.403959337e+00 1.748924269e+00 
1.342941176e+00 1.373461744e+00 1.720524957e+00 
1.308235294e+00 1.258962012e+00 1.589500861e+00 
1.045098235e+00 1.278758694e+00 1.392641997e+00 
1.355686471e+00 1.482611022e+00 1.793889845e+00 
1.222745294e+00 1.300160514e+00 1.655765921e+00 
1.082941176e+00 1.341359016e+00 1.569922547e+00 
1.000000000e+00 1.165864098e+00 1.000000000e+00 
1.004215882e+00 1.149277689e+00 1.000000000e+00 
1.039215882e+00 1.237560193e+00 1.327882960e+00 
1.126862941e+00 1.302835741e+00 1.435456110e+00 
1.415882353e+00 1.329588015e+00 1.729130809e+00 
1.501176471e+00 1.487426431e+00 1.813683305e+00 
1.021960588e+00 1.192081327e+00 1.204388985e+00 
1.090098235e+00 1.172819690e+00 1.392641997e+00 
1.065490000e+00 1.086677368e+00 1.188253012e+00 
1.269411765e+00 1.239700375e+00 1.516135972e+00 
1.046862941e+00 1.127340824e+00 1.316910499e+00 
1.176862941e+00 1.261102194e+00 1.569922547e+00 
1.738235294e+00 1.825575174e+00 1.946213425e+00 
1.090784118e+00 1.190476190e+00 1.430292599e+00 
1.037842941e+00 1.239165329e+00 1.316910499e+00 
1.059804118e+00 1.254681648e+00 1.381669535e+00 
1.004215882e+00 1.172819690e+00 1.193416523e+00 
1.172941176e+00 1.278758694e+00 1.505163511e+00 
1.065490000e+00 1.102193686e+00 1.253012048e+00 
1.176274706e+00 1.214018192e+00 1.505163511e+00 
1.004215882e+00 1.159978598e+00 1.139629948e+00 
1.146470588e+00 1.128410915e+00 1.365533563e+00 
1.000000000e+00 1.176565008e+00 1.139629948e+00 
1.042647059e+00 1.112359551e+00 1.204388985e+00 
1.254117647e+00 1.199036918e+00 1.505163511e+00 
1.009019412e+00 1.064740503e+00 1.139629948e+00 
1.076470588e+00 1.041198502e+00 1.177280551e+00 
1.092352941e+00 1.055109684e+00 1.188253012e+00 
1.042352941e+00 1.015516319e+00 1.064759036e+00 
1.042352941e+00 1.000000000e+00 1.000000000e+00 
1.009019412e+00 1.054039593e+00 1.000000000e+00 
1.048235294e+00 1.125735688e+00 1.327882960e+00 
