1.836436914e+00 1.569767442e+00 1.769242517e+00 
1.910832603e+00 1.613372093e+00 2.000000000e+00 
1.830259654e+00 1.639050388e+00 1.878741600e+00 
1.709577492e+00 1.650193798e+00 1.730757483e+00 
1.775470049e+00 1.671511628e+00 1.878741600e+00 
1.721217597e+00 1.711724806e+00 1.878741600e+00 
1.710474537e+00 1.720930233e+00 1.878741600e+00 
1.694897100e+00 1.772771318e+00 2.000000000e+00 
1.641181801e+00 1.808139535e+00 2.000000000e+00 
1.630438741e+00 1.817829457e+00 2.000000000e+00 
1.614861304e+00 1.844961240e+00 2.000000000e+00 
1.560608852e+00 1.894379845e+00 2.000000000e+00 
