1.860995910e+00 1.732963989e+00 2.000000000e+00 
1.844406944e+00 1.691966759e+00 1.662346294e+00 
1.828390012e+00 1.747368421e+00 2.000000000e+00 
1.814661213e+00 1.762880886e+00 2.000000000e+00 
1.775190916e+00 1.770637119e+00 2.000000000e+00 
1.773474816e+00 1.792797784e+00 2.000000000e+00 
1.714555387e+00 1.803324100e+00 2.000000000e+00 
1.711695221e+00 1.803878116e+00 1.788634098e+00 
1.684237623e+00 1.881440443e+00 2.000000000e+00 
1.681377456e+00 1.903601108e+00 2.000000000e+00 
1.656207991e+00 1.892520776e+00 1.857926221e+00 
1.645339359e+00 1.988365651e+00 2.000000000e+00 
