1.375294118e+00 1.317817014e+00 1.598321859e+00 
1.162941176e+00 1.387907972e+00 1.537650602e+00 
1.690000000e+00 1.974317817e+00 1.906841652e+00 
1.424313529e+00 1.509363296e+00 1.748924269e+00 
1.524705882e+00 1.621187801e+00 1.876075731e+00 
1.130490000e+00 1.431246656e+00 1.467512909e+00 
1.690588235e+00 1.944890316e+00 1.940834768e+00 
1.059804118e+00 1.254681648e+00 1.381669535e+00 
1.326862941e+00 1.390583200e+00 1.663080895e+00 
1.176862941e+00 1.261102194e+00 1.569922547e+00 
1.183333529e+00 1.426966292e+00 1.655765921e+00 
1.373529412e+00 1.332263242e+00 1.609294320e+00 
1.525688235e+00 1.729266988e+00 1.887048193e+00 
1.821176471e+00 1.734082397e+00 1.906841652e+00 
1.172941176e+00 1.278758694e+00 1.505163511e+00 
1.422352941e+00 1.524344569e+00 1.774311532e+00 
1.169019412e+00 1.293204922e+00 1.467512909e+00 
1.711764706e+00 1.605136437e+00 1.867469880e+00 
1.345294118e+00 1.356875334e+00 1.580895009e+00 
1.045098235e+00 1.278758694e+00 1.392641997e+00 
1.343529412e+00 1.336008561e+00 1.575301205e+00 
1.130980588e+00 1.383092563e+00 1.485800344e+00 
1.383137059e+00 1.570358480e+00 1.729130809e+00 
1.486276471e+00 1.527554842e+00 1.782917384e+00 
1.400000000e+00 1.550026752e+00 1.774311532e+00 
1.453921765e+00 1.500802568e+00 1.736445783e+00 
1.039215882e+00 1.237560193e+00 1.327882960e+00 
1.239019412e+00 1.380417335e+00 1.655765921e+00 
1.023137059e+00 1.263242376e+00 1.327882960e+00 
1.659705882e+00 1.676832531e+00 1.887048193e+00 
1.249705882e+00 1.341359016e+00 1.571643718e+00 
1.061176471e+00 1.253076512e+00 1.392641997e+00 
1.215098235e+00 1.404494382e+00 1.578528399e+00 
1.277647059e+00 1.367041199e+00 1.580895009e+00 
1.157647059e+00 1.303370787e+00 1.505163511e+00 
1.759605882e+00 1.810593900e+00 1.940834768e+00 
1.390490000e+00 1.617442483e+00 1.802710843e+00 
1.372548824e+00 1.342964152e+00 1.598321859e+00 
1.161568824e+00 1.389513109e+00 1.526678141e+00 
1.517647059e+00 1.563937935e+00 1.822289157e+00 
1.250098235e+00 1.401284109e+00 1.720524957e+00 
1.315490000e+00 1.379347245e+00 1.655765921e+00 
1.037842941e+00 1.239165329e+00 1.316910499e+00 
1.090098235e+00 1.172819690e+00 1.392641997e+00 
1.445294118e+00 1.490101659e+00 1.729130809e+00 
1.254117647e+00 1.199036918e+00 1.505163511e+00 
1.475490000e+00 1.620117710e+00 1.822289157e+00 
1.826076471e+00 1.930979133e+00 1.946213425e+00 
1.579411765e+00 1.597110754e+00 1.833476764e+00 
1.269411765e+00 1.239700375e+00 1.516135972e+00 
1.090784118e+00 1.190476190e+00 1.430292599e+00 
1.455588235e+00 1.592295345e+00 1.779690189e+00 
1.176274706e+00 1.214018192e+00 1.505163511e+00 
1.004215882e+00 1.149277689e+00 1.000000000e+00 
1.021960588e+00 1.192081327e+00 1.204388985e+00 
1.146470588e+00 1.128410915e+00 1.365533563e+00 
1.004215882e+00 1.159978598e+00 1.139629948e+00 
1.048235294e+00 1.125735688e+00 1.327882960e+00 
1.004215882e+00 1.172819690e+00 1.193416523e+00 
1.042647059e+00 1.112359551e+00 1.204388985e+00 
1.000000000e+00 1.176565008e+00 1.139629948e+00 
1.065490000e+00 1.086677368e+00 1.188253012e+00 
1.042352941e+00 1.000000000e+00 1.000000000e+00 
1.065490000e+00 1.102193686e+00 1.253012048e+00 
1.000000000e+00 1.165864098e+00 1.000000000e+00 
1.046862941e+00 1.127340824e+00 1.316910499e+00 
1.009019412e+00 1.064740503e+00 1.139629948e+00 
1.009019412e+00 1.054039593e+00 1.000000000e+00 
1.042352941e+00 1.015516319e+00 1.064759036e+00 
1.076470588e+00 1.041198502e+00 1.177280551e+00 
1.092352941e+00 1.055109684e+00 1.188253012e+00 

1.536864706e+00 1.608881755e+00 1.822289157e+00 
1.547647059e+00 1.667201712e+00 1.833476764e+00 
1.087941176e+00 1.367041199e+00 1.421041308e+00 
1.590000000e+00 1.826645265e+00 1.940834768e+00 
1.152941176e+00 1.397003745e+00 1.505593804e+00 
1.318627647e+00 1.426966292e+00 1.720524957e+00 
1.158333529e+00 1.342964152e+00 1.558950086e+00 
1.465588235e+00 1.643659711e+00 1.793889845e+00 
1.469705882e+00 1.896201177e+00 1.813683305e+00 
1.482941176e+00 1.682182986e+00 1.887048193e+00 
1.377058824e+00 1.310326378e+00 1.655765921e+00 
1.454705882e+00 1.401819155e+00 1.663080895e+00 
1.451764706e+00 1.562867844e+00 1.729130809e+00 
1.269411765e+00 1.239700375e+00 1.516135972e+00 
1.538235294e+00 1.593900482e+00 1.822289157e+00 
1.169019412e+00 1.293204922e+00 1.467512909e+00 
1.131862941e+00 1.429641520e+00 1.478485370e+00 
1.373529412e+00 1.358480471e+00 1.609294320e+00 
1.523823529e+00 1.649545211e+00 1.808089501e+00 
1.399019412e+00 1.796682718e+00 1.802710843e+00 
1.480588235e+00 1.577849117e+00 1.793889845e+00 
1.304510000e+00 1.397003745e+00 1.643287435e+00 
1.600000000e+00 1.672552167e+00 1.876075731e+00 
2.000000000e+00 1.719636169e+00 1.946213425e+00 
1.240980588e+00 1.406099518e+00 1.663080895e+00 
1.153431176e+00 1.329588015e+00 1.505163511e+00 
1.244510000e+00 1.378812199e+00 1.623709122e+00 
1.630000000e+00 1.804173355e+00 1.946213425e+00 
1.829117647e+00 1.727126806e+00 1.926635112e+00 
1.039215882e+00 1.237560193e+00 1.327882960e+00 
1.045098235e+00 1.278758694e+00 1.392641997e+00 
1.315490000e+00 1.379347245e+00 1.655765921e+00 
1.254117647e+00 1.199036918e+00 1.505163511e+00 
1.508629412e+00 1.550026752e+00 1.768932874e+00 
1.059804118e+00 1.254681648e+00 1.381669535e+00 
1.558235294e+00 1.440342429e+00 1.748924269e+00 
1.256176471e+00 1.285179240e+00 1.543244406e+00 
1.235686471e+00 1.492776886e+00 1.559165232e+00 
1.457451176e+00 1.641519529e+00 1.776032702e+00 
1.551764706e+00 1.508828250e+00 1.793889845e+00 
1.830588235e+00 1.753344034e+00 1.935240964e+00 
1.176274706e+00 1.214018192e+00 1.505163511e+00 
1.037842941e+00 1.239165329e+00 1.316910499e+00 
1.023137059e+00 1.263242376e+00 1.327882960e+00 
1.294117647e+00 1.507223114e+00 1.720524957e+00 
1.090098235e+00 1.172819690e+00 1.392641997e+00 
1.461176471e+00 1.528089888e+00 1.748924269e+00 
1.257058824e+00 1.364901017e+00 1.598321859e+00 
1.157842941e+00 1.284644195e+00 1.438898451e+00 
1.090784118e+00 1.190476190e+00 1.430292599e+00 
1.761764706e+00 1.638309256e+00 1.847676420e+00 
1.617058824e+00 1.796682718e+00 1.926635112e+00 
1.048235294e+00 1.125735688e+00 1.327882960e+00 
1.260588235e+00 1.345639379e+00 1.580895009e+00 
1.000000000e+00 1.176565008e+00 1.139629948e+00 
1.265882353e+00 1.317817014e+00 1.598321859e+00 
1.004215882e+00 1.159978598e+00 1.139629948e+00 
1.146470588e+00 1.128410915e+00 1.365533563e+00 
1.000000000e+00 1.165864098e+00 1.000000000e+00 
1.397647059e+00 1.590690209e+00 1.748924269e+00 
1.061176471e+00 1.253076512e+00 1.392641997e+00 
1.004215882e+00 1.172819690e+00 1.193416523e+00 
1.021960588e+00 1.192081327e+00 1.204388985e+00 
1.046862941e+00 1.127340824e+00 1.316910499e+00 
1.004215882e+00 1.149277689e+00 1.000000000e+00 
1.042647059e+00 1.112359551e+00 1.204388985e+00 
1.065490000e+00 1.086677368e+00 1.188253012e+00 
1.065490000e+00 1.102193686e+00 1.253012048e+00 
1.042352941e+00 1.015516319e+00 1.064759036e+00 
1.042352941e+00 1.000000000e+00 1.000000000e+00 
1.076470588e+00 1.041198502e+00 1.177280551e+00 
1.009019412e+00 1.064740503e+00 1.139629948e+00 
1.009019412e+00 1.054039593e+00 1.000000000e+00 
1.092352941e+00 1.055109684e+00 1.188253012e+00 

1.144019412e+00 1.350454789e+00 1.440834768e+00 
1.713135294e+00 1.686998395e+00 1.881454389e+00 
1.157647059e+00 1.316211878e+00 1.558950086e+00 
1.263529412e+00 1.560192616e+00 1.675774527e+00 
1.540394118e+00 1.690208668e+00 1.926635112e+00 
1.450784118e+00 1.611556982e+00 1.788296041e+00 
1.305294118e+00 1.424291065e+00 1.657487091e+00 
1.624117647e+00 1.675227394e+00 1.860370052e+00 
1.276372353e+00 1.430711610e+00 1.655765921e+00 
1.388823529e+00 1.365436062e+00 1.655765921e+00 
1.200980588e+00 1.425896201e+00 1.591437177e+00 
1.459117647e+00 1.490101659e+00 1.774311532e+00 
1.148039412e+00 1.367041199e+00 1.569922547e+00 
1.130980588e+00 1.383092563e+00 1.485800344e+00 
1.396274706e+00 1.571963617e+00 1.725473322e+00 
1.481960588e+00 1.675227394e+00 1.808089501e+00 
1.176274706e+00 1.214018192e+00 1.505163511e+00 
1.328039412e+00 1.379882290e+00 1.655765921e+00 
1.397647059e+00 1.572498662e+00 1.748924269e+00 
1.490782353e+00 1.833600856e+00 1.822719449e+00 
1.215098235e+00 1.476725522e+00 1.643287435e+00 
1.113137059e+00 1.388978063e+00 1.466006885e+00 
1.157842941e+00 1.300160514e+00 1.503657487e+00 
1.745882353e+00 1.798822900e+00 1.946213425e+00 
1.090392353e+00 1.390583200e+00 1.505163511e+00 
1.468039412e+00 1.632423756e+00 1.793889845e+00 
1.393823529e+00 1.435527020e+00 1.693846816e+00 
1.455490000e+00 1.581059390e+00 1.774311532e+00 
1.090098235e+00 1.172819690e+00 1.392641997e+00 
1.314117647e+00 1.470840021e+00 1.663080895e+00 
1.387842941e+00 1.442482611e+00 1.709552496e+00 
1.510000000e+00 1.484216158e+00 1.748924269e+00 
1.503235294e+00 1.843766720e+00 1.876075731e+00 
1.023137059e+00 1.263242376e+00 1.327882960e+00 
1.194901765e+00 1.309256287e+00 1.523450947e+00 
1.254117647e+00 1.199036918e+00 1.505163511e+00 
1.172941176e+00 1.278758694e+00 1.505163511e+00 
1.398823529e+00 1.284644195e+00 1.543244406e+00 
1.553529412e+00 1.546816479e+00 1.802710843e+00 
1.379117647e+00 1.747993579e+00 1.725473322e+00 
1.039215882e+00 1.237560193e+00 1.327882960e+00 
1.037842941e+00 1.239165329e+00 1.316910499e+00 
1.550000000e+00 1.563937935e+00 1.802710843e+00 
1.061176471e+00 1.253076512e+00 1.392641997e+00 
1.379804118e+00 1.629748529e+00 1.779690189e+00 
1.768235294e+00 1.642054575e+00 1.906841652e+00 
1.439019412e+00 1.693953986e+00 1.793889845e+00 
1.390588235e+00 1.293739968e+00 1.523450947e+00 
1.450000000e+00 1.625468165e+00 1.774311532e+00 
1.090784118e+00 1.190476190e+00 1.430292599e+00 
1.373529412e+00 1.358480471e+00 1.609294320e+00 
1.269411765e+00 1.239700375e+00 1.516135972e+00 
1.294117647e+00 1.507223114e+00 1.720524957e+00 
1.059804118e+00 1.254681648e+00 1.381669535e+00 
1.691764706e+00 1.621187801e+00 1.808089501e+00 
1.265882353e+00 1.317817014e+00 1.598321859e+00 
1.790588235e+00 1.768860353e+00 1.935240964e+00 
1.045098235e+00 1.278758694e+00 1.392641997e+00 
1.753823529e+00 1.663991439e+00 1.813683305e+00 
1.048235294e+00 1.125735688e+00 1.327882960e+00 
1.065490000e+00 1.086677368e+00 1.188253012e+00 
1.004215882e+00 1.159978598e+00 1.139629948e+00 
1.146470588e+00 1.128410915e+00 1.365533563e+00 
1.414117647e+00 1.494917068e+00 1.741824441e+00 
1.065490000e+00 1.102193686e+00 1.253012048e+00 
1.000000000e+00 1.176565008e+00 1.139629948e+00 
1.004215882e+00 1.172819690e+00 1.193416523e+00 
1.004215882e+00 1.149277689e+00 1.000000000e+00 
1.042647059e+00 1.112359551e+00 1.204388985e+00 
1.000000000e+00 1.165864098e+00 1.000000000e+00 
1.092352941e+00 1.055109684e+00 1.188253012e+00 
1.046862941e+00 1.127340824e+00 1.316910499e+00 
1.009019412e+00 1.064740503e+00 1.139629948e+00 
1.042352941e+00 1.000000000e+00 1.000000000e+00 
1.021960588e+00 1.192081327e+00 1.204388985e+00 
1.076470588e+00 1.041198502e+00 1.177280551e+00 
1.009019412e+00 1.054039593e+00 1.000000000e+00 
1.042352941e+00 1.015516319e+00 1.064759036e+00 

1.537647059e+00 1.538790797e+00 1.748924269e+00 
1.691176471e+00 1.635098983e+00 1.872848537e+00 
1.146274706e+00 1.375066881e+00 1.478485370e+00 
1.334705882e+00 1.544676297e+00 1.729130809e+00 
1.315490000e+00 1.379347245e+00 1.655765921e+00 
1.364117647e+00 1.417870519e+00 1.709552496e+00 
1.416470588e+00 1.490636704e+00 1.729130809e+00 
1.144019412e+00 1.350454789e+00 1.440834768e+00 
1.184117647e+00 1.453183521e+00 1.720524957e+00 
1.693235294e+00 1.823434992e+00 1.926635112e+00 
1.373529412e+00 1.332263242e+00 1.609294320e+00 
1.206274706e+00 1.451578384e+00 1.591437177e+00 
1.214313529e+00 1.371856608e+00 1.580895009e+00 
1.037842941e+00 1.239165329e+00 1.316910499e+00 
1.368235294e+00 1.338683788e+00 1.589500861e+00 
1.254117647e+00 1.199036918e+00 1.505163511e+00 
1.148039412e+00 1.367041199e+00 1.569922547e+00 
1.296666471e+00 1.344034243e+00 1.598321859e+00 
1.298627647e+00 1.552166934e+00 1.793889845e+00 
1.292941176e+00 1.324237560e+00 1.578528399e+00 
1.570000000e+00 1.489566613e+00 1.747418244e+00 
1.685882353e+00 1.784911717e+00 1.887048193e+00 
1.109901765e+00 1.382557517e+00 1.485800344e+00 
1.169019412e+00 1.293204922e+00 1.467512909e+00 
1.172941176e+00 1.278758694e+00 1.505163511e+00 
1.269411765e+00 1.239700375e+00 1.516135972e+00 
1.556176471e+00 1.715890851e+00 1.881454389e+00 
1.090784118e+00 1.190476190e+00 1.430292599e+00 
1.533335294e+00 1.624933119e+00 1.808089501e+00 
1.375294118e+00 1.328517924e+00 1.598321859e+00 
1.045098235e+00 1.278758694e+00 1.392641997e+00 
1.720000000e+00 1.579989299e+00 1.808089501e+00 
1.610782353e+00 1.927768860e+00 1.940834768e+00 
1.608823529e+00 1.645799893e+00 1.822289157e+00 
1.316470588e+00 1.302300696e+00 1.580895009e+00 
1.157842941e+00 1.284644195e+00 1.438898451e+00 
1.023137059e+00 1.263242376e+00 1.327882960e+00 
1.793529412e+00 1.802568218e+00 1.906841652e+00 
1.452941176e+00 1.416265383e+00 1.720524957e+00 
1.039215882e+00 1.237560193e+00 1.327882960e+00 
1.767058824e+00 1.814339219e+00 1.946213425e+00 
1.176862941e+00 1.261102194e+00 1.569922547e+00 
1.059804118e+00 1.254681648e+00 1.381669535e+00 
1.090098235e+00 1.172819690e+00 1.392641997e+00 
1.377058824e+00 1.310326378e+00 1.655765921e+00 
1.004215882e+00 1.172819690e+00 1.193416523e+00 
1.021960588e+00 1.192081327e+00 1.204388985e+00 
1.176274706e+00 1.214018192e+00 1.505163511e+00 
1.000000000e+00 1.165864098e+00 1.000000000e+00 
1.046862941e+00 1.127340824e+00 1.316910499e+00 
1.042647059e+00 1.112359551e+00 1.204388985e+00 
1.004215882e+00 1.149277689e+00 1.000000000e+00 
1.048235294e+00 1.125735688e+00 1.327882960e+00 
1.004215882e+00 1.159978598e+00 1.139629948e+00 
1.496864706e+00 1.652755484e+00 1.872848537e+00 
1.160980588e+00 1.350989834e+00 1.467512909e+00 
1.146470588e+00 1.128410915e+00 1.365533563e+00 
1.061176471e+00 1.253076512e+00 1.392641997e+00 
1.042352941e+00 1.015516319e+00 1.064759036e+00 
1.042352941e+00 1.000000000e+00 1.000000000e+00 
1.000000000e+00 1.176565008e+00 1.139629948e+00 
1.009019412e+00 1.054039593e+00 1.000000000e+00 
1.065490000e+00 1.086677368e+00 1.188253012e+00 
1.076470588e+00 1.041198502e+00 1.177280551e+00 
1.009019412e+00 1.064740503e+00 1.139629948e+00 
1.092352941e+00 1.055109684e+00 1.188253012e+00 
1.065490000e+00 1.102193686e+00 1.253012048e+00 

1.391470588e+00 1.520064205e+00 1.748924269e+00 
1.172941176e+00 1.278758694e+00 1.505163511e+00 
1.148039412e+00 1.367041199e+00 1.569922547e+00 
1.520000000e+00 1.543606207e+00 1.822289157e+00 
1.520394118e+00 1.841091493e+00 1.867469880e+00 
1.538235294e+00 1.494917068e+00 1.748924269e+00 
1.424313529e+00 1.509363296e+00 1.748924269e+00 
1.264313529e+00 1.405029428e+00 1.625430293e+00 
1.109901765e+00 1.382557517e+00 1.485800344e+00 
1.337842941e+00 1.486356340e+00 1.714931153e+00 
1.090784118e+00 1.190476190e+00 1.430292599e+00 
1.260588235e+00 1.345639379e+00 1.580895009e+00 
1.126862941e+00 1.302835741e+00 1.435456110e+00 
1.153431176e+00 1.329588015e+00 1.505163511e+00 
1.277842941e+00 1.505617978e+00 1.729130809e+00 
1.698041176e+00 1.858212948e+00 1.946213425e+00 
1.317647059e+00 1.379882290e+00 1.655765921e+00 
1.366176471e+00 1.391118245e+00 1.663080895e+00 
1.289607647e+00 1.426966292e+00 1.655765921e+00 
1.420000000e+00 1.468699839e+00 1.720524957e+00 
1.090098235e+00 1.172819690e+00 1.392641997e+00 
1.254117647e+00 1.199036918e+00 1.505163511e+00 
1.574117647e+00 1.741037988e+00 1.842082616e+00 
1.265882353e+00 1.317817014e+00 1.598321859e+00 
1.346470588e+00 1.567148208e+00 1.813683305e+00 
1.534117647e+00 1.765650080e+00 1.833476764e+00 
1.333529412e+00 1.443552702e+00 1.671686747e+00 
1.514705882e+00 1.428036383e+00 1.671686747e+00 
1.388823529e+00 1.365436062e+00 1.655765921e+00 
1.458823529e+00 1.309791332e+00 1.564328744e+00 
1.276470588e+00 1.368646335e+00 1.623709122e+00 
1.415686471e+00 1.485821295e+00 1.709552496e+00 
1.157647059e+00 1.316211878e+00 1.558950086e+00 
1.374117647e+00 1.359015516e+00 1.609294320e+00 
1.605100000e+00 1.666666667e+00 1.881454389e+00 
1.169019412e+00 1.293204922e+00 1.467512909e+00 
1.023137059e+00 1.263242376e+00 1.327882960e+00 
1.475686471e+00 1.700374532e+00 1.822289157e+00 
1.432941176e+00 1.489566613e+00 1.729130809e+00 
1.215098235e+00 1.404494382e+00 1.578528399e+00 
1.743235294e+00 1.705189941e+00 1.940834768e+00 
1.037842941e+00 1.239165329e+00 1.316910499e+00 
1.176274706e+00 1.214018192e+00 1.505163511e+00 
1.655100000e+00 1.728196897e+00 1.887048193e+00 
1.065490000e+00 1.102193686e+00 1.253012048e+00 
1.366666471e+00 1.556982343e+00 1.813683305e+00 
1.412941176e+00 1.484216158e+00 1.682659208e+00 
1.004215882e+00 1.149277689e+00 1.000000000e+00 
1.269411765e+00 1.239700375e+00 1.516135972e+00 
1.258823529e+00 1.356875334e+00 1.569922547e+00 
1.536176471e+00 1.745853398e+00 1.867469880e+00 
1.021960588e+00 1.192081327e+00 1.204388985e+00 
1.039215882e+00 1.237560193e+00 1.327882960e+00 
1.045098235e+00 1.278758694e+00 1.392641997e+00 
1.059804118e+00 1.254681648e+00 1.381669535e+00 
1.046862941e+00 1.127340824e+00 1.316910499e+00 
1.146274706e+00 1.375066881e+00 1.478485370e+00 
1.000000000e+00 1.176565008e+00 1.139629948e+00 
1.146470588e+00 1.128410915e+00 1.365533563e+00 
1.042647059e+00 1.112359551e+00 1.204388985e+00 
1.004215882e+00 1.159978598e+00 1.139629948e+00 
1.000000000e+00 1.165864098e+00 1.000000000e+00 
1.048235294e+00 1.125735688e+00 1.327882960e+00 
1.004215882e+00 1.172819690e+00 1.193416523e+00 
1.065490000e+00 1.086677368e+00 1.188253012e+00 
1.076470588e+00 1.041198502e+00 1.177280551e+00 
1.009019412e+00 1.064740503e+00 1.139629948e+00 
1.042352941e+00 1.000000000e+00 1.000000000e+00 
1.009019412e+00 1.054039593e+00 1.000000000e+00 
1.042352941e+00 1.015516319e+00 1.064759036e+00 
1.092352941e+00 1.055109684e+00 1.188253012e+00 

1.452352941e+00 1.362225789e+00 1.632314974e+00 
1.316470588e+00 1.302300696e+00 1.580895009e+00 
1.239019412e+00 1.380417335e+00 1.655765921e+00 
1.224804118e+00 1.339218834e+00 1.543244406e+00 
1.497647059e+00 1.499197432e+00 1.748924269e+00 
1.430784118e+00 1.771000535e+00 1.847676420e+00 
1.374117647e+00 1.631353665e+00 1.733218589e+00 
1.039215882e+00 1.237560193e+00 1.327882960e+00 
1.400588235e+00 1.663991439e+00 1.779690189e+00 
1.183333529e+00 1.442482611e+00 1.720524957e+00 
1.160195882e+00 1.355805243e+00 1.532271945e+00 
1.648823529e+00 1.710540396e+00 1.867469880e+00 
1.254117647e+00 1.199036918e+00 1.505163511e+00 
1.464313529e+00 1.600856073e+00 1.748924269e+00 
1.451764706e+00 1.371856608e+00 1.591437177e+00 
1.505882353e+00 1.697164259e+00 1.808089501e+00 
1.194901765e+00 1.309256287e+00 1.523450947e+00 
1.945294118e+00 1.684323167e+00 1.822719449e+00 
1.162352941e+00 1.364901017e+00 1.543244406e+00 
1.665882353e+00 1.689673622e+00 1.867469880e+00 
1.045098235e+00 1.278758694e+00 1.392641997e+00 
1.269411765e+00 1.239700375e+00 1.516135972e+00 
1.657058824e+00 1.826110219e+00 1.940834768e+00 
1.581176471e+00 1.715890851e+00 1.926635112e+00 
1.428529412e+00 1.749063670e+00 1.793889845e+00 
1.446470588e+00 1.416800428e+00 1.663080895e+00 
1.671764706e+00 1.788657036e+00 1.946213425e+00 
1.023137059e+00 1.263242376e+00 1.327882960e+00 
1.491958824e+00 1.817549492e+00 1.881454389e+00 
1.090784118e+00 1.190476190e+00 1.430292599e+00 
1.148039412e+00 1.367041199e+00 1.569922547e+00 
1.169019412e+00 1.293204922e+00 1.467512909e+00 
1.090784118e+00 1.174959872e+00 1.365533563e+00 
1.222745294e+00 1.289459604e+00 1.516135972e+00 
1.256176471e+00 1.285179240e+00 1.543244406e+00 
1.184901765e+00 1.237560193e+00 1.478485370e+00 
1.060980588e+00 1.325842697e+00 1.505163511e+00 
1.317647059e+00 1.379882290e+00 1.655765921e+00 
1.275490000e+00 1.342429106e+00 1.558950086e+00 
1.537058824e+00 1.594435527e+00 1.822289157e+00 
1.128235294e+00 1.301230605e+00 1.446428571e+00 
1.472352941e+00 1.612092028e+00 1.788296041e+00 
1.157842941e+00 1.284644195e+00 1.438898451e+00 
1.048235294e+00 1.125735688e+00 1.327882960e+00 
1.061176471e+00 1.253076512e+00 1.392641997e+00 
1.037842941e+00 1.239165329e+00 1.316910499e+00 
1.004215882e+00 1.149277689e+00 1.000000000e+00 
1.065490000e+00 1.086677368e+00 1.188253012e+00 
1.042647059e+00 1.112359551e+00 1.204388985e+00 
1.203725294e+00 1.304975923e+00 1.505163511e+00 
1.326176471e+00 1.600856073e+00 1.729130809e+00 
1.004215882e+00 1.172819690e+00 1.193416523e+00 
1.000000000e+00 1.165864098e+00 1.000000000e+00 
1.182941176e+00 1.292134831e+00 1.478485370e+00 
1.000000000e+00 1.176565008e+00 1.139629948e+00 
1.065490000e+00 1.102193686e+00 1.253012048e+00 
1.546470588e+00 1.569288390e+00 1.768717728e+00 
1.021960588e+00 1.192081327e+00 1.204388985e+00 
1.437647059e+00 1.581059390e+00 1.729130809e+00 
1.431666471e+00 1.724451578e+00 1.790232358e+00 
1.004215882e+00 1.159978598e+00 1.139629948e+00 
1.046862941e+00 1.127340824e+00 1.316910499e+00 
1.146470588e+00 1.128410915e+00 1.365533563e+00 
1.042352941e+00 1.015516319e+00 1.064759036e+00 
1.076470588e+00 1.041198502e+00 1.177280551e+00 
1.059804118e+00 1.254681648e+00 1.381669535e+00 
1.009019412e+00 1.064740503e+00 1.139629948e+00 
1.042352941e+00 1.000000000e+00 1.000000000e+00 
1.092352941e+00 1.055109684e+00 1.188253012e+00 
1.009019412e+00 1.054039593e+00 1.000000000e+00 

1.580982353e+00 1.715355805e+00 1.881454389e+00 
1.160980588e+00 1.401284109e+00 1.564328744e+00 
1.222745294e+00 1.289459604e+00 1.516135972e+00 
1.176274706e+00 1.214018192e+00 1.505163511e+00 
1.390588235e+00 1.293739968e+00 1.523450947e+00 
1.612352941e+00 1.722846442e+00 1.906841652e+00 
1.090784118e+00 1.190476190e+00 1.430292599e+00 
1.398823529e+00 1.284644195e+00 1.543244406e+00 
1.487647059e+00 1.462814339e+00 1.782917384e+00 
1.311568824e+00 1.427501338e+00 1.720524957e+00 
1.222745294e+00 1.300160514e+00 1.655765921e+00 
1.376470588e+00 1.604066346e+00 1.768717728e+00 
1.164117647e+00 1.341359016e+00 1.569922547e+00 
1.845882353e+00 1.879614767e+00 1.946213425e+00 
1.452941176e+00 1.416265383e+00 1.720524957e+00 
1.157647059e+00 1.316211878e+00 1.558950086e+00 
1.433529412e+00 1.620117710e+00 1.822289157e+00 
1.269411765e+00 1.239700375e+00 1.516135972e+00 
1.395098235e+00 1.596575709e+00 1.736445783e+00 
1.090392353e+00 1.390583200e+00 1.505163511e+00 
1.626076471e+00 1.698234350e+00 1.881454389e+00 
1.060980588e+00 1.330658106e+00 1.430292599e+00 
1.061176471e+00 1.253076512e+00 1.392641997e+00 
1.693235294e+00 1.784911717e+00 1.940834768e+00 
1.194901765e+00 1.309256287e+00 1.523450947e+00 
1.690000000e+00 1.692348850e+00 1.887048193e+00 
1.023137059e+00 1.263242376e+00 1.327882960e+00 
1.431764706e+00 1.644194757e+00 1.782917384e+00 
1.208235294e+00 1.354200107e+00 1.655765921e+00 
1.430000000e+00 1.593900482e+00 1.776032702e+00 
1.194607647e+00 1.498662386e+00 1.597030981e+00 
1.587647059e+00 1.808988764e+00 1.887048193e+00 
1.579411765e+00 1.667201712e+00 1.833476764e+00 
1.383137059e+00 1.570358480e+00 1.729130809e+00 
1.254117647e+00 1.199036918e+00 1.505163511e+00 
1.146274706e+00 1.375066881e+00 1.478485370e+00 
1.169019412e+00 1.293204922e+00 1.467512909e+00 
1.640588235e+00 1.688068486e+00 1.872848537e+00 
1.090098235e+00 1.172819690e+00 1.392641997e+00 
1.004215882e+00 1.149277689e+00 1.000000000e+00 
1.059804118e+00 1.254681648e+00 1.381669535e+00 
1.153431176e+00 1.329588015e+00 1.505163511e+00 
1.549217647e+00 1.706260032e+00 1.847676420e+00 
1.404313529e+00 1.651150348e+00 1.774311532e+00 
1.065490000e+00 1.086677368e+00 1.188253012e+00 
1.172941176e+00 1.278758694e+00 1.505163511e+00 
1.037842941e+00 1.239165329e+00 1.316910499e+00 
1.261470588e+00 1.663991439e+00 1.659423408e+00 
1.109901765e+00 1.382557517e+00 1.485800344e+00 
1.445294118e+00 1.569823435e+00 1.729130809e+00 
1.000000000e+00 1.165864098e+00 1.000000000e+00 
1.021960588e+00 1.192081327e+00 1.204388985e+00 
1.146470588e+00 1.128410915e+00 1.365533563e+00 
1.039215882e+00 1.237560193e+00 1.327882960e+00 
1.042647059e+00 1.112359551e+00 1.204388985e+00 
1.065490000e+00 1.102193686e+00 1.253012048e+00 
1.004215882e+00 1.159978598e+00 1.139629948e+00 
1.045098235e+00 1.278758694e+00 1.392641997e+00 
1.048235294e+00 1.125735688e+00 1.327882960e+00 
1.000000000e+00 1.176565008e+00 1.139629948e+00 
1.004215882e+00 1.172819690e+00 1.193416523e+00 
1.046862941e+00 1.127340824e+00 1.316910499e+00 
1.363725294e+00 1.405564473e+00 1.663080895e+00 
1.042352941e+00 1.000000000e+00 1.000000000e+00 
1.092352941e+00 1.055109684e+00 1.188253012e+00 
1.076470588e+00 1.041198502e+00 1.177280551e+00 
1.009019412e+00 1.054039593e+00 1.000000000e+00 
1.042352941e+00 1.015516319e+00 1.064759036e+00 
1.009019412e+00 1.064740503e+00 1.139629948e+00 
1.112157059e+00 1.326912788e+00 1.446428571e+00 

1.522352941e+00 1.421615837e+00 1.714931153e+00 
1.481764706e+00 1.439807384e+00 1.748924269e+00 
1.493135294e+00 1.562332798e+00 1.808089501e+00 
1.208235294e+00 1.354200107e+00 1.655765921e+00 
1.148039412e+00 1.367041199e+00 1.569922547e+00 
1.428627647e+00 1.616907437e+00 1.808089501e+00 
1.312941176e+00 1.486356340e+00 1.663080895e+00 
1.437254706e+00 1.586409845e+00 1.774311532e+00 
1.468235294e+00 1.536650615e+00 1.802710843e+00 
1.486470588e+00 1.729802033e+00 1.842082616e+00 
1.603235294e+00 1.789727127e+00 1.940834768e+00 
1.359607647e+00 1.509898341e+00 1.748924269e+00 
1.037842941e+00 1.239165329e+00 1.316910499e+00 
1.523235294e+00 1.779561263e+00 1.935240964e+00 
1.481568824e+00 1.572498662e+00 1.813683305e+00 
1.157842941e+00 1.284644195e+00 1.438898451e+00 
1.172941176e+00 1.278758694e+00 1.505163511e+00 
1.269411765e+00 1.239700375e+00 1.516135972e+00 
1.562647059e+00 1.624398074e+00 1.881454389e+00 
1.112352941e+00 1.406099518e+00 1.569922547e+00 
1.547452941e+00 1.748528625e+00 1.876075731e+00 
1.336568824e+00 1.445157838e+00 1.663080895e+00 
1.176274706e+00 1.214018192e+00 1.505163511e+00 
1.169019412e+00 1.293204922e+00 1.467512909e+00 
1.754705882e+00 1.743178170e+00 1.935240964e+00 
1.060980588e+00 1.325842697e+00 1.505163511e+00 
1.416666471e+00 1.612627073e+00 1.788296041e+00 
1.316862941e+00 1.463349385e+00 1.720524957e+00 
1.045098235e+00 1.278758694e+00 1.392641997e+00 
1.059804118e+00 1.254681648e+00 1.381669535e+00 
1.653529412e+00 1.612627073e+00 1.833476764e+00 
1.061176471e+00 1.253076512e+00 1.392641997e+00 
1.222745294e+00 1.300160514e+00 1.655765921e+00 
1.157647059e+00 1.303370787e+00 1.505163511e+00 
1.176862941e+00 1.261102194e+00 1.569922547e+00 
1.039215882e+00 1.237560193e+00 1.327882960e+00 
1.398137059e+00 1.735152488e+00 1.802710843e+00 
1.126862941e+00 1.302835741e+00 1.435456110e+00 
1.554117647e+00 1.659176030e+00 1.853055077e+00 
1.021960588e+00 1.192081327e+00 1.204388985e+00 
1.254117647e+00 1.199036918e+00 1.505163511e+00 
1.023137059e+00 1.263242376e+00 1.327882960e+00 
1.146470588e+00 1.128410915e+00 1.365533563e+00 
1.749017647e+00 1.879614767e+00 1.946213425e+00 
1.681764706e+00 1.975387908e+00 1.946213425e+00 
1.090098235e+00 1.172819690e+00 1.392641997e+00 
1.004215882e+00 1.149277689e+00 1.000000000e+00 
1.046862941e+00 1.127340824e+00 1.316910499e+00 
1.090784118e+00 1.190476190e+00 1.430292599e+00 
1.065490000e+00 1.086677368e+00 1.188253012e+00 
1.000000000e+00 1.165864098e+00 1.000000000e+00 
1.000000000e+00 1.176565008e+00 1.139629948e+00 
1.004215882e+00 1.172819690e+00 1.193416523e+00 
1.065490000e+00 1.102193686e+00 1.253012048e+00 
1.004215882e+00 1.159978598e+00 1.139629948e+00 
1.042647059e+00 1.112359551e+00 1.204388985e+00 
1.009019412e+00 1.054039593e+00 1.000000000e+00 
1.042352941e+00 1.000000000e+00 1.000000000e+00 
1.092352941e+00 1.055109684e+00 1.188253012e+00 
1.048235294e+00 1.125735688e+00 1.327882960e+00 
1.076470588e+00 1.041198502e+00 1.177280551e+00 
1.042352941e+00 1.015516319e+00 1.064759036e+00 
1.009019412e+00 1.064740503e+00 1.139629948e+00 

1.162941176e+00 1.387907972e+00 1.537650602e+00 
1.191568824e+00 1.475655431e+00 1.602409639e+00 
1.214804118e+00 1.325842697e+00 1.569922547e+00 
1.538823529e+00 1.406634564e+00 1.714931153e+00 
1.157842941e+00 1.284644195e+00 1.438898451e+00 
1.671764706e+00 1.597645800e+00 1.795611015e+00 
1.302352941e+00 1.333333333e+00 1.609294320e+00 
1.225686471e+00 1.307651150e+00 1.537650602e+00 
1.602058824e+00 1.737827715e+00 1.887048193e+00 
1.443333529e+00 1.774210808e+00 1.801204819e+00 
1.269411765e+00 1.239700375e+00 1.516135972e+00 
1.412548824e+00 1.621722846e+00 1.748924269e+00 
1.296666471e+00 1.344034243e+00 1.598321859e+00 
1.569117647e+00 1.769930444e+00 1.935240964e+00 
1.553629412e+00 1.800428036e+00 1.940834768e+00 
1.671764706e+00 1.646869984e+00 1.881454389e+00 
1.215098235e+00 1.404494382e+00 1.578528399e+00 
1.060980588e+00 1.325842697e+00 1.505163511e+00 
1.363725294e+00 1.441947566e+00 1.674053356e+00 
1.298431176e+00 1.379882290e+00 1.655765921e+00 
1.450392353e+00 1.651685393e+00 1.833476764e+00 
1.702058824e+00 1.614767255e+00 1.813683305e+00 
1.419607647e+00 1.428571429e+00 1.748924269e+00 
1.321568824e+00 1.515248796e+00 1.729130809e+00 
1.037842941e+00 1.239165329e+00 1.316910499e+00 
1.090098235e+00 1.172819690e+00 1.392641997e+00 
1.169019412e+00 1.293204922e+00 1.467512909e+00 
1.531470588e+00 1.747993579e+00 1.887048193e+00 
1.176274706e+00 1.214018192e+00 1.505163511e+00 
1.377058824e+00 1.310326378e+00 1.655765921e+00 
1.507058824e+00 1.553772071e+00 1.782917384e+00 
1.125195882e+00 1.317817014e+00 1.435456110e+00 
1.308235294e+00 1.258962012e+00 1.589500861e+00 
1.222745294e+00 1.289459604e+00 1.516135972e+00 
1.164117647e+00 1.341359016e+00 1.569922547e+00 
1.241176471e+00 1.306581059e+00 1.558950086e+00 
1.254117647e+00 1.199036918e+00 1.505163511e+00 
1.230784118e+00 1.392723381e+00 1.580895009e+00 
1.707647059e+00 1.710005350e+00 1.935240964e+00 
1.725294118e+00 1.630283574e+00 1.822289157e+00 
1.039215882e+00 1.237560193e+00 1.327882960e+00 
1.023137059e+00 1.263242376e+00 1.327882960e+00 
1.609411765e+00 1.853932584e+00 1.946213425e+00 
1.172941176e+00 1.278758694e+00 1.505163511e+00 
1.239019412e+00 1.380417335e+00 1.655765921e+00 
1.045098235e+00 1.278758694e+00 1.392641997e+00 
1.604117647e+00 1.658105939e+00 1.876075731e+00 
1.578823529e+00 1.626003210e+00 1.813683305e+00 
1.697841176e+00 1.768860353e+00 1.935240964e+00 
1.649411765e+00 1.585874799e+00 1.788296041e+00 
1.048235294e+00 1.125735688e+00 1.327882960e+00 
1.146470588e+00 1.128410915e+00 1.365533563e+00 
1.160980588e+00 1.366506153e+00 1.532271945e+00 
1.146274706e+00 1.390583200e+00 1.543244406e+00 
1.618629412e+00 1.647405029e+00 1.822289157e+00 
1.375294118e+00 1.317817014e+00 1.598321859e+00 
1.275882353e+00 1.341359016e+00 1.571643718e+00 
1.021960588e+00 1.192081327e+00 1.204388985e+00 
1.059804118e+00 1.254681648e+00 1.381669535e+00 
1.046862941e+00 1.127340824e+00 1.316910499e+00 
1.004215882e+00 1.159978598e+00 1.139629948e+00 
1.042647059e+00 1.112359551e+00 1.204388985e+00 
1.061176471e+00 1.253076512e+00 1.392641997e+00 
1.004215882e+00 1.149277689e+00 1.000000000e+00 
1.090784118e+00 1.190476190e+00 1.430292599e+00 
1.000000000e+00 1.165864098e+00 1.000000000e+00 
1.004215882e+00 1.172819690e+00 1.193416523e+00 
1.430392353e+00 1.587479936e+00 1.793889845e+00 
1.042352941e+00 1.000000000e+00 1.000000000e+00 
1.092352941e+00 1.055109684e+00 1.188253012e+00 
1.065490000e+00 1.102193686e+00 1.253012048e+00 
1.000000000e+00 1.176565008e+00 1.139629948e+00 
1.076470588e+00 1.041198502e+00 1.177280551e+00 
1.009019412e+00 1.054039593e+00 1.000000000e+00 
1.009019412e+00 1.064740503e+00 1.139629948e+00 
1.065490000e+00 1.086677368e+00 1.188253012e+00 
1.042352941e+00 1.015516319e+00 1.064759036e+00 

1.567058824e+00 1.524879615e+00 1.808089501e+00 
1.684117647e+00 1.708400214e+00 1.946213425e+00 
1.569411765e+00 1.567683253e+00 1.813683305e+00 
1.269607647e+00 1.485821295e+00 1.625430293e+00 
1.373529412e+00 1.332263242e+00 1.609294320e+00 
1.045098235e+00 1.278758694e+00 1.392641997e+00 
1.090392353e+00 1.390583200e+00 1.505163511e+00 
1.487647059e+00 1.598180845e+00 1.782917384e+00 
1.130980588e+00 1.383092563e+00 1.485800344e+00 
1.308235294e+00 1.258962012e+00 1.589500861e+00 
1.215098235e+00 1.404494382e+00 1.578528399e+00 
1.653529412e+00 1.817549492e+00 1.946213425e+00 
1.323921765e+00 1.622792937e+00 1.675774527e+00 
1.446666471e+00 1.634563938e+00 1.822289157e+00 
1.269411765e+00 1.239700375e+00 1.516135972e+00 
1.365490000e+00 1.435527020e+00 1.729130809e+00 
1.176274706e+00 1.214018192e+00 1.505163511e+00 
1.290000000e+00 1.478330658e+00 1.640060241e+00 
1.176862941e+00 1.261102194e+00 1.569922547e+00 
1.090098235e+00 1.172819690e+00 1.392641997e+00 
1.468627647e+00 1.559657571e+00 1.779690189e+00 
1.153431176e+00 1.329588015e+00 1.505163511e+00 
1.630294118e+00 1.601926164e+00 1.847676420e+00 
1.680588235e+00 1.575173890e+00 1.822289157e+00 
1.644705882e+00 1.546281434e+00 1.813683305e+00 
1.383235294e+00 1.601926164e+00 1.802710843e+00 
1.127254706e+00 1.388978063e+00 1.466006885e+00 
1.093431176e+00 1.386837881e+00 1.446428571e+00 
1.432352941e+00 1.331728197e+00 1.654259897e+00 
1.566664706e+00 1.736757624e+00 1.887048193e+00 
1.146274706e+00 1.390583200e+00 1.543244406e+00 
1.307745294e+00 1.364901017e+00 1.663080895e+00 
1.023137059e+00 1.263242376e+00 1.327882960e+00 
1.160980588e+00 1.401284109e+00 1.564328744e+00 
1.602647059e+00 1.803103264e+00 1.906841652e+00 
1.061176471e+00 1.253076512e+00 1.392641997e+00 
1.169019412e+00 1.293204922e+00 1.467512909e+00 
1.172941176e+00 1.278758694e+00 1.505163511e+00 
1.419607647e+00 1.428571429e+00 1.748924269e+00 
1.555100000e+00 1.714285714e+00 1.876075731e+00 
1.653723529e+00 1.784911717e+00 1.940834768e+00 
1.037842941e+00 1.239165329e+00 1.316910499e+00 
1.090784118e+00 1.190476190e+00 1.430292599e+00 
1.265882353e+00 1.317817014e+00 1.598321859e+00 
1.230784118e+00 1.392723381e+00 1.580895009e+00 
1.302352941e+00 1.413590155e+00 1.609294320e+00 
1.612058824e+00 1.668806849e+00 1.861876076e+00 
1.346764706e+00 1.487961477e+00 1.709552496e+00 
1.706764706e+00 1.650615302e+00 1.940834768e+00 
1.453823529e+00 1.616907437e+00 1.808089501e+00 
1.324901765e+00 1.533440342e+00 1.720524957e+00 
1.039215882e+00 1.237560193e+00 1.327882960e+00 
1.669411765e+00 1.667736758e+00 1.876075731e+00 
1.065490000e+00 1.086677368e+00 1.188253012e+00 
1.048235294e+00 1.125735688e+00 1.327882960e+00 
1.065490000e+00 1.102193686e+00 1.253012048e+00 
1.000000000e+00 1.176565008e+00 1.139629948e+00 
1.004215882e+00 1.149277689e+00 1.000000000e+00 
1.042647059e+00 1.112359551e+00 1.204388985e+00 
1.004215882e+00 1.172819690e+00 1.193416523e+00 
1.059804118e+00 1.254681648e+00 1.381669535e+00 
1.146470588e+00 1.128410915e+00 1.365533563e+00 
1.254117647e+00 1.199036918e+00 1.505163511e+00 
1.000000000e+00 1.165864098e+00 1.000000000e+00 
1.046862941e+00 1.127340824e+00 1.316910499e+00 
1.004215882e+00 1.159978598e+00 1.139629948e+00 
1.092352941e+00 1.055109684e+00 1.188253012e+00 
1.368039412e+00 1.796147673e+00 1.768932874e+00 
1.009019412e+00 1.064740503e+00 1.139629948e+00 
1.009019412e+00 1.054039593e+00 1.000000000e+00 
1.042352941e+00 1.015516319e+00 1.064759036e+00 
1.076470588e+00 1.041198502e+00 1.177280551e+00 
1.042352941e+00 1.000000000e+00 1.000000000e+00 
1.021960588e+00 1.192081327e+00 1.204388985e+00 

1.356470588e+00 1.482611022e+00 1.709552496e+00 
1.599217647e+00 1.689673622e+00 1.861876076e+00 
1.373725294e+00 1.478865704e+00 1.720524957e+00 
1.208235294e+00 1.354200107e+00 1.655765921e+00 
1.282157059e+00 1.450508293e+00 1.657487091e+00 
1.633335294e+00 1.769930444e+00 1.881454389e+00 
1.552941176e+00 1.773675762e+00 1.867469880e+00 
1.090098235e+00 1.172819690e+00 1.392641997e+00 
1.366862941e+00 1.570358480e+00 1.729130809e+00 
1.426470588e+00 1.476190476e+00 1.748924269e+00 
1.476078235e+00 1.635098983e+00 1.822289157e+00 
1.082941176e+00 1.341359016e+00 1.569922547e+00 
1.300195882e+00 1.592295345e+00 1.714931153e+00 
1.184117647e+00 1.437667202e+00 1.655765921e+00 
1.726276471e+00 1.922953451e+00 1.946213425e+00 
1.626470588e+00 1.660781166e+00 1.842082616e+00 
1.158333529e+00 1.330123060e+00 1.505163511e+00 
1.222745294e+00 1.300160514e+00 1.655765921e+00 
1.169019412e+00 1.293204922e+00 1.467512909e+00 
1.631176471e+00 1.741573034e+00 1.867469880e+00 
1.269411765e+00 1.239700375e+00 1.516135972e+00 
1.537058824e+00 1.514178705e+00 1.822289157e+00 
1.599705882e+00 1.669341894e+00 1.853055077e+00 
1.037842941e+00 1.239165329e+00 1.316910499e+00 
1.176274706e+00 1.214018192e+00 1.505163511e+00 
1.059804118e+00 1.254681648e+00 1.381669535e+00 
1.727841176e+00 1.887105404e+00 1.926635112e+00 
1.126862941e+00 1.302835741e+00 1.435456110e+00 
1.364510000e+00 1.581059390e+00 1.714931153e+00 
1.090784118e+00 1.190476190e+00 1.430292599e+00 
1.333529412e+00 1.443552702e+00 1.671686747e+00 
1.658629412e+00 1.825040128e+00 1.887048193e+00 
1.157842941e+00 1.300160514e+00 1.503657487e+00 
1.458823529e+00 1.537720706e+00 1.793889845e+00 
1.593335294e+00 1.751203852e+00 1.872848537e+00 
1.039215882e+00 1.237560193e+00 1.327882960e+00 
1.644117647e+00 1.762439807e+00 1.881454389e+00 
1.157842941e+00 1.284644195e+00 1.438898451e+00 
1.496470588e+00 1.667201712e+00 1.833476764e+00 
1.457647059e+00 1.465489567e+00 1.674053356e+00 
1.023137059e+00 1.263242376e+00 1.327882960e+00 
1.254117647e+00 1.199036918e+00 1.505163511e+00 
1.061176471e+00 1.253076512e+00 1.392641997e+00 
1.742352941e+00 1.692883895e+00 1.872848537e+00 
1.492352941e+00 1.535045479e+00 1.767211704e+00 
1.757352941e+00 1.678972713e+00 1.872848537e+00 
1.004215882e+00 1.172819690e+00 1.193416523e+00 
1.004215882e+00 1.149277689e+00 1.000000000e+00 
1.045098235e+00 1.278758694e+00 1.392641997e+00 
1.391372353e+00 1.515783842e+00 1.747418244e+00 
1.046862941e+00 1.127340824e+00 1.316910499e+00 
1.172941176e+00 1.278758694e+00 1.505163511e+00 
1.256176471e+00 1.285179240e+00 1.543244406e+00 
1.000000000e+00 1.165864098e+00 1.000000000e+00 
1.048235294e+00 1.125735688e+00 1.327882960e+00 
1.764117647e+00 1.852327448e+00 1.946213425e+00 
1.042647059e+00 1.112359551e+00 1.204388985e+00 
1.065490000e+00 1.086677368e+00 1.188253012e+00 
1.000000000e+00 1.176565008e+00 1.139629948e+00 
1.004215882e+00 1.159978598e+00 1.139629948e+00 
1.042352941e+00 1.015516319e+00 1.064759036e+00 
1.021960588e+00 1.192081327e+00 1.204388985e+00 
1.042352941e+00 1.000000000e+00 1.000000000e+00 
1.009019412e+00 1.064740503e+00 1.139629948e+00 
1.065490000e+00 1.102193686e+00 1.253012048e+00 
1.146470588e+00 1.128410915e+00 1.365533563e+00 
1.092352941e+00 1.055109684e+00 1.188253012e+00 
1.076470588e+00 1.041198502e+00 1.177280551e+00 
1.009019412e+00 1.054039593e+00 1.000000000e+00 

1.374117647e+00 1.359015516e+00 1.609294320e+00 
1.496076471e+00 1.695559123e+00 1.802710843e+00 
1.268039412e+00 1.389513109e+00 1.623709122e+00 
1.631764706e+00 1.591225254e+00 1.808089501e+00 
1.243137059e+00 1.356340289e+00 1.569922547e+00 
1.510588235e+00 1.406099518e+00 1.714931153e+00 
1.388823529e+00 1.369181380e+00 1.655765921e+00 
1.695294118e+00 1.783841627e+00 1.887048193e+00 
1.242941176e+00 1.415730337e+00 1.575301205e+00 
1.532252941e+00 1.612627073e+00 1.833476764e+00 
1.495588235e+00 1.732477261e+00 1.808089501e+00 
1.386764706e+00 1.426966292e+00 1.720524957e+00 
1.308235294e+00 1.258962012e+00 1.589500861e+00 
1.241176471e+00 1.306581059e+00 1.558950086e+00 
1.689217647e+00 1.861423221e+00 1.926635112e+00 
1.247451176e+00 1.542536116e+00 1.591437177e+00 
1.090098235e+00 1.172819690e+00 1.392641997e+00 
1.172941176e+00 1.278758694e+00 1.505163511e+00 
1.277647059e+00 1.367041199e+00 1.580895009e+00 
1.242548824e+00 1.430176565e+00 1.578528399e+00 
1.267058824e+00 1.326377742e+00 1.569922547e+00 
1.380784118e+00 1.632423756e+00 1.793889845e+00 
1.162352941e+00 1.364901017e+00 1.543244406e+00 
1.332157059e+00 1.430176565e+00 1.748924269e+00 
1.358235294e+00 1.317817014e+00 1.598321859e+00 
1.680000000e+00 1.581594436e+00 1.802710843e+00 
1.674705882e+00 1.611021937e+00 1.813683305e+00 
1.176274706e+00 1.214018192e+00 1.505163511e+00 
1.817647059e+00 1.895131086e+00 1.946213425e+00 
1.275098235e+00 1.441947566e+00 1.632314974e+00 
1.407451176e+00 1.570893526e+00 1.774311532e+00 
1.061176471e+00 1.253076512e+00 1.392641997e+00 
1.224901765e+00 1.513108614e+00 1.564328744e+00 
1.702352941e+00 1.686463349e+00 1.881454389e+00 
1.542352941e+00 1.726591760e+00 1.881454389e+00 
1.628235294e+00 1.705189941e+00 1.881454389e+00 
1.060980588e+00 1.325842697e+00 1.505163511e+00 
1.680588235e+00 1.679507758e+00 1.867469880e+00 
1.643135294e+00 1.839486356e+00 1.906841652e+00 
1.254117647e+00 1.199036918e+00 1.505163511e+00 
1.652352941e+00 1.590155163e+00 1.782917384e+00 
1.225980588e+00 1.407169609e+00 1.569922547e+00 
1.375980588e+00 1.753344034e+00 1.876075731e+00 
1.296666471e+00 1.344034243e+00 1.598321859e+00 
1.250392353e+00 1.505617978e+00 1.729130809e+00 
1.510000000e+00 1.379882290e+00 1.663080895e+00 
1.023137059e+00 1.263242376e+00 1.327882960e+00 
1.158431176e+00 1.413590155e+00 1.537650602e+00 
1.045098235e+00 1.278758694e+00 1.392641997e+00 
1.631958824e+00 1.920278224e+00 1.906841652e+00 
1.037842941e+00 1.239165329e+00 1.316910499e+00 
1.046862941e+00 1.127340824e+00 1.316910499e+00 
1.225686471e+00 1.307651150e+00 1.537650602e+00 
1.059804118e+00 1.254681648e+00 1.381669535e+00 
1.004215882e+00 1.172819690e+00 1.193416523e+00 
1.269411765e+00 1.239700375e+00 1.516135972e+00 
1.798235294e+00 1.799892991e+00 1.940834768e+00 
1.039215882e+00 1.237560193e+00 1.327882960e+00 
1.160195882e+00 1.355805243e+00 1.532271945e+00 
1.169019412e+00 1.293204922e+00 1.467512909e+00 
1.310294118e+00 1.428036383e+00 1.720524957e+00 
1.000000000e+00 1.165864098e+00 1.000000000e+00 
1.315490000e+00 1.379347245e+00 1.655765921e+00 
1.146470588e+00 1.128410915e+00 1.365533563e+00 
1.065490000e+00 1.102193686e+00 1.253012048e+00 
1.021960588e+00 1.192081327e+00 1.204388985e+00 
1.000000000e+00 1.176565008e+00 1.139629948e+00 
1.048235294e+00 1.125735688e+00 1.327882960e+00 
1.065490000e+00 1.086677368e+00 1.188253012e+00 
1.042647059e+00 1.112359551e+00 1.204388985e+00 
1.004215882e+00 1.159978598e+00 1.139629948e+00 
1.090784118e+00 1.190476190e+00 1.430292599e+00 
1.004215882e+00 1.149277689e+00 1.000000000e+00 
1.009019412e+00 1.064740503e+00 1.139629948e+00 
1.076470588e+00 1.041198502e+00 1.177280551e+00 
1.042352941e+00 1.015516319e+00 1.064759036e+00 
1.042352941e+00 1.000000000e+00 1.000000000e+00 
1.009019412e+00 1.054039593e+00 1.000000000e+00 
1.092352941e+00 1.055109684e+00 1.188253012e+00 

1.272941176e+00 1.490636704e+00 1.774311532e+00 
1.125195882e+00 1.317817014e+00 1.435456110e+00 
1.863529412e+00 1.814339219e+00 1.946213425e+00 
1.157647059e+00 1.316211878e+00 1.558950086e+00 
1.187058824e+00 1.460674157e+00 1.602409639e+00 
1.746764706e+00 1.790262172e+00 1.935240964e+00 
1.045098235e+00 1.278758694e+00 1.392641997e+00 
1.082941176e+00 1.341359016e+00 1.569922547e+00 
1.316470588e+00 1.302300696e+00 1.580895009e+00 
1.060980588e+00 1.325842697e+00 1.505163511e+00 
1.176862941e+00 1.261102194e+00 1.569922547e+00 
1.196274706e+00 1.461209203e+00 1.655765921e+00 
1.037842941e+00 1.239165329e+00 1.316910499e+00 
1.867058824e+00 1.690743713e+00 1.926635112e+00 
1.734705882e+00 1.689138577e+00 1.887048193e+00 
1.640588235e+00 1.562332798e+00 1.802710843e+00 
1.336568824e+00 1.445157838e+00 1.663080895e+00 
1.503529412e+00 1.624398074e+00 1.822289157e+00 
1.462548824e+00 1.652755484e+00 1.872848537e+00 
1.208235294e+00 1.354200107e+00 1.655765921e+00 
1.579705882e+00 1.917067951e+00 1.906841652e+00 
1.429411765e+00 1.388443018e+00 1.682659208e+00 
1.090098235e+00 1.172819690e+00 1.392641997e+00 
1.391372353e+00 1.634028892e+00 1.801204819e+00 
1.090784118e+00 1.190476190e+00 1.430292599e+00 
1.697058824e+00 1.619582665e+00 1.822289157e+00 
1.766470588e+00 1.854467630e+00 1.940834768e+00 
1.654117647e+00 1.891920813e+00 1.926635112e+00 
1.419607647e+00 1.428571429e+00 1.748924269e+00 
1.157842941e+00 1.300160514e+00 1.503657487e+00 
1.157842941e+00 1.284644195e+00 1.438898451e+00 
1.446078235e+00 1.637239165e+00 1.813683305e+00 
1.039215882e+00 1.237560193e+00 1.327882960e+00 
1.620294118e+00 1.720171215e+00 1.887048193e+00 
1.367451176e+00 1.486356340e+00 1.714931153e+00 
1.421176471e+00 1.498127341e+00 1.793889845e+00 
1.702058824e+00 1.846976993e+00 1.906841652e+00 
1.724705882e+00 1.865703585e+00 1.940834768e+00 
1.358235294e+00 1.317817014e+00 1.598321859e+00 
1.398431176e+00 1.443552702e+00 1.709552496e+00 
1.000000000e+00 1.176565008e+00 1.139629948e+00 
1.021960588e+00 1.192081327e+00 1.204388985e+00 
1.337451176e+00 1.414125201e+00 1.657487091e+00 
1.302352941e+00 1.333333333e+00 1.609294320e+00 
1.157647059e+00 1.303370787e+00 1.505163511e+00 
1.004215882e+00 1.159978598e+00 1.139629948e+00 
1.059804118e+00 1.254681648e+00 1.381669535e+00 
1.061176471e+00 1.253076512e+00 1.392641997e+00 
1.292941176e+00 1.324237560e+00 1.578528399e+00 
1.169019412e+00 1.293204922e+00 1.467512909e+00 
1.254117647e+00 1.199036918e+00 1.505163511e+00 
1.042647059e+00 1.112359551e+00 1.204388985e+00 
1.373529412e+00 1.332263242e+00 1.609294320e+00 
1.023137059e+00 1.263242376e+00 1.327882960e+00 
1.065490000e+00 1.086677368e+00 1.188253012e+00 
1.172941176e+00 1.278758694e+00 1.505163511e+00 
1.176274706e+00 1.214018192e+00 1.505163511e+00 
1.516470588e+00 1.747993579e+00 1.887048193e+00 
1.146470588e+00 1.128410915e+00 1.365533563e+00 
1.004215882e+00 1.172819690e+00 1.193416523e+00 
1.269411765e+00 1.239700375e+00 1.516135972e+00 
1.065490000e+00 1.102193686e+00 1.253012048e+00 
1.048235294e+00 1.125735688e+00 1.327882960e+00 
1.000000000e+00 1.165864098e+00 1.000000000e+00 
1.004215882e+00 1.149277689e+00 1.000000000e+00 
1.076470588e+00 1.041198502e+00 1.177280551e+00 
1.009019412e+00 1.064740503e+00 1.139629948e+00 
1.042352941e+00 1.000000000e+00 1.000000000e+00 
1.092352941e+00 1.055109684e+00 1.188253012e+00 
1.042352941e+00 1.015516319e+00 1.064759036e+00 
1.009019412e+00 1.054039593e+00 1.000000000e+00 
1.046862941e+00 1.127340824e+00 1.316910499e+00 

1.200980588e+00 1.410379882e+00 1.526678141e+00 
1.570982353e+00 1.691278759e+00 1.847676420e+00 
1.667252941e+00 1.678972713e+00 1.872848537e+00 
1.609411765e+00 1.593365436e+00 1.822289157e+00 
1.184117647e+00 1.442482611e+00 1.580895009e+00 
1.233235294e+00 1.345639379e+00 1.532271945e+00 
1.023137059e+00 1.263242376e+00 1.327882960e+00 
1.399411765e+00 1.490101659e+00 1.729130809e+00 
1.358235294e+00 1.317817014e+00 1.598321859e+00 
1.297745294e+00 1.459604066e+00 1.682874355e+00 
1.390784118e+00 1.532905297e+00 1.720524957e+00 
1.297451176e+00 1.344034243e+00 1.598321859e+00 
1.741764706e+00 1.660246121e+00 1.842082616e+00 
1.700194118e+00 1.915997860e+00 1.940834768e+00 
1.515488235e+00 1.858747994e+00 1.867469880e+00 
1.358039412e+00 1.391118245e+00 1.663080895e+00 
1.172941176e+00 1.278758694e+00 1.505163511e+00 
1.397058824e+00 1.263777421e+00 1.537650602e+00 
1.488529412e+00 1.817549492e+00 1.822719449e+00 
1.236078235e+00 1.331193151e+00 1.558950086e+00 
1.462352941e+00 1.521134296e+00 1.748924269e+00 
1.395882353e+00 1.527019797e+00 1.782917384e+00 
1.196372353e+00 1.475120385e+00 1.623709122e+00 
1.377157059e+00 1.596575709e+00 1.729130809e+00 
1.628041176e+00 1.744248261e+00 1.926635112e+00 
1.155294118e+00 1.455323703e+00 1.455034423e+00 
1.113921765e+00 1.415195292e+00 1.440834768e+00 
1.090392353e+00 1.395398609e+00 1.430292599e+00 
1.713529412e+00 1.723381487e+00 1.946213425e+00 
1.157842941e+00 1.300160514e+00 1.503657487e+00 
1.090784118e+00 1.190476190e+00 1.430292599e+00 
1.267058824e+00 1.326377742e+00 1.569922547e+00 
1.564311765e+00 1.608881755e+00 1.822289157e+00 
1.090098235e+00 1.172819690e+00 1.392641997e+00 
1.144019412e+00 1.350454789e+00 1.440834768e+00 
1.174313529e+00 1.456928839e+00 1.532271945e+00 
1.429705882e+00 1.546281434e+00 1.813683305e+00 
1.254117647e+00 1.199036918e+00 1.505163511e+00 
1.422548824e+00 1.577849117e+00 1.793889845e+00 
1.553529412e+00 1.524879615e+00 1.768717728e+00 
1.377058824e+00 1.310326378e+00 1.655765921e+00 
1.265490000e+00 1.445157838e+00 1.663080895e+00 
1.208235294e+00 1.354200107e+00 1.655765921e+00 
1.176274706e+00 1.214018192e+00 1.505163511e+00 
1.269411765e+00 1.239700375e+00 1.516135972e+00 
1.316470588e+00 1.302300696e+00 1.580895009e+00 
1.045098235e+00 1.278758694e+00 1.392641997e+00 
1.524117647e+00 1.442482611e+00 1.720524957e+00 
1.061176471e+00 1.253076512e+00 1.392641997e+00 
1.169019412e+00 1.293204922e+00 1.467512909e+00 
1.059804118e+00 1.254681648e+00 1.381669535e+00 
1.383137059e+00 1.570358480e+00 1.729130809e+00 
1.037842941e+00 1.239165329e+00 1.316910499e+00 
1.397451176e+00 1.606741573e+00 1.788296041e+00 
1.677058824e+00 1.670411985e+00 1.887048193e+00 
1.048235294e+00 1.125735688e+00 1.327882960e+00 
1.275882353e+00 1.341359016e+00 1.571643718e+00 
1.373529412e+00 1.332263242e+00 1.609294320e+00 
1.368431176e+00 1.557517389e+00 1.720524957e+00 
1.302352941e+00 1.333333333e+00 1.609294320e+00 
1.042647059e+00 1.112359551e+00 1.204388985e+00 
1.039215882e+00 1.237560193e+00 1.327882960e+00 
1.260588235e+00 1.345639379e+00 1.580895009e+00 
1.362352941e+00 1.266987694e+00 1.551850258e+00 
1.065490000e+00 1.086677368e+00 1.188253012e+00 
1.021960588e+00 1.192081327e+00 1.204388985e+00 
1.537352941e+00 1.791867309e+00 1.926635112e+00 
1.000000000e+00 1.176565008e+00 1.139629948e+00 
1.004215882e+00 1.149277689e+00 1.000000000e+00 
1.004215882e+00 1.172819690e+00 1.193416523e+00 
1.009019412e+00 1.054039593e+00 1.000000000e+00 
1.000000000e+00 1.165864098e+00 1.000000000e+00 
1.146470588e+00 1.128410915e+00 1.365533563e+00 
1.065490000e+00 1.102193686e+00 1.253012048e+00 
1.004215882e+00 1.159978598e+00 1.139629948e+00 
1.092352941e+00 1.055109684e+00 1.188253012e+00 
1.076470588e+00 1.041198502e+00 1.177280551e+00 
1.042352941e+00 1.000000000e+00 1.000000000e+00 
1.042352941e+00 1.015516319e+00 1.064759036e+00 
1.046862941e+00 1.127340824e+00 1.316910499e+00 
1.009019412e+00 1.064740503e+00 1.139629948e+00 

1.520882353e+00 1.864098448e+00 1.867469880e+00 
1.373529412e+00 1.332263242e+00 1.609294320e+00 
1.717058824e+00 1.573033708e+00 1.793889845e+00 
1.037842941e+00 1.243980738e+00 1.242039587e+00 
1.488429412e+00 1.741037988e+00 1.842082616e+00 
1.242548824e+00 1.430176565e+00 1.578528399e+00 
1.507647059e+00 1.559657571e+00 1.782917384e+00 
1.260588235e+00 1.345639379e+00 1.580895009e+00 
1.085882353e+00 1.348849652e+00 1.451807229e+00 
1.645882353e+00 1.752273943e+00 1.881454389e+00 
1.660588235e+00 1.608346709e+00 1.813683305e+00 
1.162352941e+00 1.349384698e+00 1.478485370e+00 
1.298431176e+00 1.379882290e+00 1.655765921e+00 
1.045098235e+00 1.278758694e+00 1.392641997e+00 
1.525488235e+00 1.769930444e+00 1.867469880e+00 
1.382352941e+00 1.468699839e+00 1.720524957e+00 
1.233921765e+00 1.471375067e+00 1.663080895e+00 
1.254117647e+00 1.199036918e+00 1.505163511e+00 
1.292745294e+00 1.561797753e+00 1.674053356e+00 
1.405490000e+00 1.595505618e+00 1.808089501e+00 
1.664705882e+00 1.623863028e+00 1.876075731e+00 
1.243921765e+00 1.370786517e+00 1.643287435e+00 
1.176274706e+00 1.214018192e+00 1.505163511e+00 
1.061176471e+00 1.253076512e+00 1.392641997e+00 
1.498823529e+00 1.499197432e+00 1.748924269e+00 
1.158627647e+00 1.316746923e+00 1.446428571e+00 
1.269411765e+00 1.239700375e+00 1.516135972e+00 
1.548235294e+00 1.432316747e+00 1.709552496e+00 
1.169019412e+00 1.293204922e+00 1.467512909e+00 
1.607647059e+00 1.850187266e+00 1.940834768e+00 
1.196372353e+00 1.475120385e+00 1.623709122e+00 
1.510000000e+00 1.484216158e+00 1.748924269e+00 
1.148039412e+00 1.367041199e+00 1.569922547e+00 
1.541176471e+00 1.659176030e+00 1.853055077e+00 
1.655588235e+00 1.723381487e+00 1.861876076e+00 
1.371176471e+00 1.445157838e+00 1.663080895e+00 
1.374705882e+00 1.554307116e+00 1.748924269e+00 
1.130490000e+00 1.431246656e+00 1.467512909e+00 
1.023137059e+00 1.263242376e+00 1.327882960e+00 
1.176862941e+00 1.261102194e+00 1.569922547e+00 
1.326862941e+00 1.668271803e+00 1.793889845e+00 
1.388039412e+00 1.570893526e+00 1.774311532e+00 
1.341568824e+00 1.562867844e+00 1.729130809e+00 
1.785294118e+00 1.701979668e+00 1.887048193e+00 
1.039215882e+00 1.237560193e+00 1.327882960e+00 
1.090784118e+00 1.190476190e+00 1.430292599e+00 
1.315490000e+00 1.379347245e+00 1.655765921e+00 
1.042647059e+00 1.112359551e+00 1.204388985e+00 
1.021960588e+00 1.192081327e+00 1.204388985e+00 
1.004215882e+00 1.172819690e+00 1.193416523e+00 
1.130980588e+00 1.383092563e+00 1.485800344e+00 
1.000000000e+00 1.165864098e+00 1.000000000e+00 
1.059804118e+00 1.254681648e+00 1.381669535e+00 
1.090098235e+00 1.172819690e+00 1.392641997e+00 
1.358823529e+00 1.317817014e+00 1.598321859e+00 
1.048235294e+00 1.125735688e+00 1.327882960e+00 
1.333529412e+00 1.330123060e+00 1.580895009e+00 
1.759411765e+00 1.764044944e+00 1.935240964e+00 
1.398235294e+00 1.460139112e+00 1.674053356e+00 
1.312157059e+00 1.596040663e+00 1.698795181e+00 
1.146470588e+00 1.128410915e+00 1.365533563e+00 
1.388823529e+00 1.365436062e+00 1.655765921e+00 
1.000000000e+00 1.176565008e+00 1.139629948e+00 
1.004215882e+00 1.159978598e+00 1.139629948e+00 
1.004215882e+00 1.149277689e+00 1.000000000e+00 
1.065490000e+00 1.102193686e+00 1.253012048e+00 
1.046862941e+00 1.127340824e+00 1.316910499e+00 
1.065490000e+00 1.086677368e+00 1.188253012e+00 
1.042352941e+00 1.015516319e+00 1.064759036e+00 
1.009019412e+00 1.054039593e+00 1.000000000e+00 
1.076470588e+00 1.041198502e+00 1.177280551e+00 
1.092352941e+00 1.055109684e+00 1.188253012e+00 
1.042352941e+00 1.000000000e+00 1.000000000e+00 
1.009019412e+00 1.064740503e+00 1.139629948e+00 

1.375294118e+00 1.317817014e+00 1.598321859e+00 
1.398431176e+00 1.453718566e+00 1.709552496e+00 
1.219804118e+00 1.404494382e+00 1.623709122e+00 
1.267058824e+00 1.326377742e+00 1.569922547e+00 
1.661176471e+00 1.710540396e+00 1.833476764e+00 
1.416470588e+00 1.505617978e+00 1.729130809e+00 
1.158627647e+00 1.316746923e+00 1.446428571e+00 
1.621764706e+00 1.795612627e+00 1.881454389e+00 
1.060980588e+00 1.325842697e+00 1.505163511e+00 
1.282157059e+00 1.450508293e+00 1.657487091e+00 
1.158333529e+00 1.342964152e+00 1.558950086e+00 
1.625294118e+00 1.528624933e+00 1.822289157e+00 
1.377058824e+00 1.310326378e+00 1.655765921e+00 
1.224804118e+00 1.339218834e+00 1.543244406e+00 
1.715294118e+00 1.800428036e+00 1.940834768e+00 
1.225686471e+00 1.307651150e+00 1.537650602e+00 
1.255686471e+00 1.331728197e+00 1.558950086e+00 
1.626470588e+00 1.730872124e+00 1.876075731e+00 
1.222745294e+00 1.289459604e+00 1.516135972e+00 
1.490000000e+00 1.556447298e+00 1.813683305e+00 
1.172941176e+00 1.278758694e+00 1.505163511e+00 
1.187647059e+00 1.451043339e+00 1.643287435e+00 
1.734705882e+00 1.762439807e+00 1.946213425e+00 
1.447647059e+00 1.797752809e+00 1.795611015e+00 
1.269411765e+00 1.239700375e+00 1.516135972e+00 
1.762352941e+00 1.719101124e+00 1.946213425e+00 
1.629411765e+00 1.729802033e+00 1.842082616e+00 
1.364313529e+00 1.486356340e+00 1.663080895e+00 
1.371176471e+00 1.445157838e+00 1.663080895e+00 
1.308235294e+00 1.258962012e+00 1.589500861e+00 
1.338039412e+00 1.398608882e+00 1.655765921e+00 
1.256176471e+00 1.285179240e+00 1.543244406e+00 
1.244510000e+00 1.375066881e+00 1.564328744e+00 
1.286666471e+00 1.437667202e+00 1.655765921e+00 
1.169019412e+00 1.293204922e+00 1.467512909e+00 
1.767647059e+00 1.716960942e+00 1.847676420e+00 
1.112352941e+00 1.406099518e+00 1.569922547e+00 
1.059804118e+00 1.254681648e+00 1.381669535e+00 
1.090098235e+00 1.172819690e+00 1.392641997e+00 
1.419607647e+00 1.455323703e+00 1.748924269e+00 
1.254117647e+00 1.199036918e+00 1.505163511e+00 
1.125195882e+00 1.317817014e+00 1.435456110e+00 
1.374117647e+00 1.359015516e+00 1.609294320e+00 
1.000000000e+00 1.176565008e+00 1.139629948e+00 
1.045098235e+00 1.278758694e+00 1.392641997e+00 
1.558823529e+00 1.878544676e+00 1.887048193e+00 
1.325686471e+00 1.507223114e+00 1.720524957e+00 
1.595488235e+00 1.644729802e+00 1.822289157e+00 
1.251372353e+00 1.552701980e+00 1.793889845e+00 
1.146470588e+00 1.128410915e+00 1.365533563e+00 
1.176274706e+00 1.214018192e+00 1.505163511e+00 
1.160980588e+00 1.401284109e+00 1.564328744e+00 
1.021960588e+00 1.192081327e+00 1.204388985e+00 
1.575294118e+00 1.779561263e+00 1.853055077e+00 
1.000000000e+00 1.165864098e+00 1.000000000e+00 
1.048235294e+00 1.125735688e+00 1.327882960e+00 
1.023137059e+00 1.268057785e+00 1.253012048e+00 
1.230784118e+00 1.392723381e+00 1.580895009e+00 
1.042647059e+00 1.112359551e+00 1.204388985e+00 
1.146274706e+00 1.390583200e+00 1.543244406e+00 
1.004215882e+00 1.149277689e+00 1.000000000e+00 
1.039215882e+00 1.237560193e+00 1.327882960e+00 
1.004215882e+00 1.159978598e+00 1.139629948e+00 
1.090784118e+00 1.190476190e+00 1.430292599e+00 
1.037842941e+00 1.239165329e+00 1.316910499e+00 
1.061176471e+00 1.253076512e+00 1.392641997e+00 
1.004215882e+00 1.172819690e+00 1.193416523e+00 
1.046862941e+00 1.127340824e+00 1.316910499e+00 
1.076470588e+00 1.041198502e+00 1.177280551e+00 
1.566470588e+00 1.822899946e+00 1.861876076e+00 
1.065490000e+00 1.102193686e+00 1.253012048e+00 
1.042352941e+00 1.000000000e+00 1.000000000e+00 
1.042352941e+00 1.015516319e+00 1.064759036e+00 
1.009019412e+00 1.064740503e+00 1.139629948e+00 
1.092352941e+00 1.055109684e+00 1.188253012e+00 
1.065490000e+00 1.086677368e+00 1.188253012e+00 
1.009019412e+00 1.054039593e+00 1.000000000e+00 

1.293529412e+00 1.583199572e+00 1.813683305e+00 
1.302157059e+00 1.417870519e+00 1.709552496e+00 
1.157647059e+00 1.316211878e+00 1.558950086e+00 
1.422352941e+00 1.414125201e+00 1.748924269e+00 
1.322451176e+00 1.464419476e+00 1.774311532e+00 
1.567941176e+00 1.703049759e+00 1.887048193e+00 
1.184117647e+00 1.453183521e+00 1.720524957e+00 
1.153431176e+00 1.329588015e+00 1.505163511e+00 
1.704705882e+00 1.961476726e+00 1.935240964e+00 
1.714117647e+00 1.810593900e+00 1.940834768e+00 
1.552941176e+00 1.668271803e+00 1.872848537e+00 
1.752547059e+00 1.959871589e+00 1.946213425e+00 
1.090098235e+00 1.172819690e+00 1.392641997e+00 
1.707647059e+00 1.653290530e+00 1.872848537e+00 
1.222745294e+00 1.300160514e+00 1.655765921e+00 
1.219411765e+00 1.449973248e+00 1.714931153e+00 
1.082941176e+00 1.341359016e+00 1.569922547e+00 
1.872941176e+00 1.705189941e+00 1.940834768e+00 
1.840588235e+00 1.883895131e+00 1.946213425e+00 
1.157842941e+00 1.300160514e+00 1.503657487e+00 
1.269411765e+00 1.239700375e+00 1.516135972e+00 
1.398039412e+00 1.756019262e+00 1.842082616e+00 
1.045098235e+00 1.278758694e+00 1.392641997e+00 
1.492747059e+00 1.722846442e+00 1.906841652e+00 
1.023137059e+00 1.263242376e+00 1.327882960e+00 
1.172941176e+00 1.278758694e+00 1.505163511e+00 
1.476078235e+00 1.635098983e+00 1.822289157e+00 
1.254117647e+00 1.199036918e+00 1.505163511e+00 
1.636176471e+00 1.924558587e+00 1.926635112e+00 
1.037842941e+00 1.239165329e+00 1.316910499e+00 
1.059804118e+00 1.254681648e+00 1.381669535e+00 
1.090784118e+00 1.190476190e+00 1.430292599e+00 
1.176274706e+00 1.214018192e+00 1.505163511e+00 
1.000000000e+00 1.165864098e+00 1.000000000e+00 
1.524117647e+00 1.547886570e+00 1.802710843e+00 
1.039215882e+00 1.237560193e+00 1.327882960e+00 
1.004215882e+00 1.159978598e+00 1.139629948e+00 
1.208235294e+00 1.354200107e+00 1.655765921e+00 
1.061176471e+00 1.253076512e+00 1.392641997e+00 
1.257058824e+00 1.380417335e+00 1.663080895e+00 
1.042647059e+00 1.112359551e+00 1.204388985e+00 
1.004215882e+00 1.149277689e+00 1.000000000e+00 
1.587058824e+00 1.542536116e+00 1.822289157e+00 
1.125195882e+00 1.317817014e+00 1.435456110e+00 
1.507058824e+00 1.674692349e+00 1.867469880e+00 
1.000000000e+00 1.176565008e+00 1.139629948e+00 
1.146470588e+00 1.128410915e+00 1.365533563e+00 
1.046862941e+00 1.127340824e+00 1.316910499e+00 
1.176862941e+00 1.261102194e+00 1.569922547e+00 
1.065490000e+00 1.102193686e+00 1.253012048e+00 
1.048235294e+00 1.125735688e+00 1.327882960e+00 
1.169019412e+00 1.293204922e+00 1.467512909e+00 
1.004215882e+00 1.172819690e+00 1.193416523e+00 
1.009019412e+00 1.054039593e+00 1.000000000e+00 
1.042352941e+00 1.015516319e+00 1.064759036e+00 
1.076470588e+00 1.041198502e+00 1.177280551e+00 
1.065490000e+00 1.086677368e+00 1.188253012e+00 
1.009019412e+00 1.064740503e+00 1.139629948e+00 
1.042352941e+00 1.000000000e+00 1.000000000e+00 
1.092352941e+00 1.055109684e+00 1.188253012e+00 
1.021960588e+00 1.192081327e+00 1.204388985e+00 

1.454705882e+00 1.401819155e+00 1.663080895e+00 
1.208235294e+00 1.343499197e+00 1.516135972e+00 
1.200980588e+00 1.425896201e+00 1.591437177e+00 
1.224804118e+00 1.339218834e+00 1.543244406e+00 
1.595100000e+00 1.741037988e+00 1.876075731e+00 
1.503823529e+00 1.689673622e+00 1.822289157e+00 
1.521764706e+00 1.596575709e+00 1.779690189e+00 
1.240784118e+00 1.319957196e+00 1.523450947e+00 
1.373529412e+00 1.358480471e+00 1.609294320e+00 
1.296666471e+00 1.344034243e+00 1.598321859e+00 
1.239019412e+00 1.380417335e+00 1.655765921e+00 
1.875488235e+00 1.901016586e+00 1.940834768e+00 
1.565294118e+00 1.424291065e+00 1.674053356e+00 
1.157842941e+00 1.284644195e+00 1.438898451e+00 
1.882941176e+00 1.938469770e+00 1.946213425e+00 
1.426078235e+00 1.617977528e+00 1.782917384e+00 
1.127254706e+00 1.388978063e+00 1.466006885e+00 
1.160980588e+00 1.401284109e+00 1.564328744e+00 
1.714705882e+00 1.737292670e+00 1.935240964e+00 
1.315490000e+00 1.379347245e+00 1.655765921e+00 
1.499605882e+00 1.674157303e+00 1.813683305e+00 
1.820000000e+00 1.948635634e+00 1.946213425e+00 
1.577252941e+00 1.689673622e+00 1.867469880e+00 
1.644705882e+00 1.721776351e+00 1.872848537e+00 
1.090784118e+00 1.190476190e+00 1.430292599e+00 
1.296470588e+00 1.287319422e+00 1.569922547e+00 
1.511664706e+00 1.637239165e+00 1.788296041e+00 
1.524311765e+00 1.666666667e+00 1.822289157e+00 
1.339411765e+00 1.463884430e+00 1.720524957e+00 
1.452941176e+00 1.427501338e+00 1.720524957e+00 
1.892941176e+00 1.890315677e+00 1.940834768e+00 
1.131862941e+00 1.429641520e+00 1.478485370e+00 
1.693529412e+00 1.659176030e+00 1.867469880e+00 
1.358235294e+00 1.317817014e+00 1.598321859e+00 
1.506470588e+00 1.643659711e+00 1.793889845e+00 
1.176274706e+00 1.214018192e+00 1.505163511e+00 
1.153431176e+00 1.329588015e+00 1.505163511e+00 
1.267058824e+00 1.326377742e+00 1.569922547e+00 
1.537841176e+00 1.575173890e+00 1.768717728e+00 
1.148039412e+00 1.351524880e+00 1.505163511e+00 
1.377058824e+00 1.310326378e+00 1.655765921e+00 
1.610294118e+00 1.581594436e+00 1.813683305e+00 
1.037842941e+00 1.239165329e+00 1.316910499e+00 
1.059804118e+00 1.254681648e+00 1.381669535e+00 
1.269411765e+00 1.239700375e+00 1.516135972e+00 
1.778235294e+00 1.573033708e+00 1.872848537e+00 
1.308235294e+00 1.258962012e+00 1.589500861e+00 
1.169019412e+00 1.293204922e+00 1.467512909e+00 
1.196274706e+00 1.465489567e+00 1.575301205e+00 
1.303823529e+00 1.484216158e+00 1.748924269e+00 
1.611470588e+00 1.821294810e+00 1.881454389e+00 
1.243137059e+00 1.356340289e+00 1.569922547e+00 
1.638235294e+00 1.649545211e+00 1.842082616e+00 
1.664117647e+00 1.772605671e+00 1.887048193e+00 
1.000000000e+00 1.165864098e+00 1.000000000e+00 
1.254117647e+00 1.199036918e+00 1.505163511e+00 
1.090098235e+00 1.172819690e+00 1.392641997e+00 
1.000000000e+00 1.176565008e+00 1.139629948e+00 
1.424215882e+00 1.802033173e+00 1.768717728e+00 
1.638529412e+00 1.590155163e+00 1.822289157e+00 
1.039215882e+00 1.237560193e+00 1.327882960e+00 
1.065490000e+00 1.086677368e+00 1.188253012e+00 
1.045098235e+00 1.278758694e+00 1.392641997e+00 
1.046862941e+00 1.127340824e+00 1.316910499e+00 
1.612941176e+00 1.558587480e+00 1.802710843e+00 
1.478235294e+00 1.723381487e+00 1.853055077e+00 
1.042647059e+00 1.112359551e+00 1.204388985e+00 
1.065490000e+00 1.102193686e+00 1.253012048e+00 
1.004215882e+00 1.149277689e+00 1.000000000e+00 
1.061176471e+00 1.253076512e+00 1.392641997e+00 
1.146470588e+00 1.128410915e+00 1.365533563e+00 
1.048235294e+00 1.125735688e+00 1.327882960e+00 
1.004215882e+00 1.172819690e+00 1.193416523e+00 
1.021960588e+00 1.192081327e+00 1.204388985e+00 
1.042352941e+00 1.015516319e+00 1.064759036e+00 
1.009019412e+00 1.054039593e+00 1.000000000e+00 
1.042352941e+00 1.000000000e+00 1.000000000e+00 
1.023137059e+00 1.263242376e+00 1.327882960e+00 
1.004215882e+00 1.159978598e+00 1.139629948e+00 
1.076470588e+00 1.041198502e+00 1.177280551e+00 
1.092352941e+00 1.055109684e+00 1.188253012e+00 
1.009019412e+00 1.064740503e+00 1.139629948e+00 

1.311862941e+00 1.561797753e+00 1.664802065e+00 
1.157647059e+00 1.303370787e+00 1.505163511e+00 
1.157842941e+00 1.284644195e+00 1.438898451e+00 
1.316470588e+00 1.302300696e+00 1.580895009e+00 
1.039215882e+00 1.237560193e+00 1.327882960e+00 
1.458235294e+00 1.467629749e+00 1.729130809e+00 
1.269411765e+00 1.239700375e+00 1.516135972e+00 
1.436764706e+00 1.483146067e+00 1.793889845e+00 
1.363235294e+00 1.483681113e+00 1.748924269e+00 
1.398627647e+00 1.614767255e+00 1.774311532e+00 
1.128235294e+00 1.301230605e+00 1.446428571e+00 
1.131862941e+00 1.429641520e+00 1.478485370e+00 
1.318627647e+00 1.426966292e+00 1.720524957e+00 
1.172941176e+00 1.278758694e+00 1.505163511e+00 
1.037842941e+00 1.243980738e+00 1.242039587e+00 
1.275882353e+00 1.341359016e+00 1.571643718e+00 
1.214804118e+00 1.325842697e+00 1.569922547e+00 
1.061176471e+00 1.253076512e+00 1.392641997e+00 
1.045098235e+00 1.278758694e+00 1.392641997e+00 
1.208235294e+00 1.354200107e+00 1.655765921e+00 
1.342941176e+00 1.373461744e+00 1.720524957e+00 
1.445882353e+00 1.332798288e+00 1.598321859e+00 
1.149804118e+00 1.388443018e+00 1.466006885e+00 
1.225686471e+00 1.307651150e+00 1.537650602e+00 
1.023137059e+00 1.268057785e+00 1.253012048e+00 
1.430686471e+00 1.646869984e+00 1.813683305e+00 
1.090784118e+00 1.190476190e+00 1.430292599e+00 
1.060980588e+00 1.330658106e+00 1.430292599e+00 
1.090098235e+00 1.172819690e+00 1.392641997e+00 
1.059804118e+00 1.254681648e+00 1.381669535e+00 
1.556570588e+00 1.970572499e+00 1.881454389e+00 
1.645294118e+00 1.667736758e+00 1.876075731e+00 
1.488235294e+00 1.659711075e+00 1.867469880e+00 
1.705000000e+00 1.730337079e+00 1.940834768e+00 
1.305294118e+00 1.424291065e+00 1.657487091e+00 
1.157647059e+00 1.316211878e+00 1.558950086e+00 
1.413529412e+00 1.523274478e+00 1.779690189e+00 
1.146470588e+00 1.128410915e+00 1.365533563e+00 
1.624311765e+00 1.842696629e+00 1.946213425e+00 
1.176274706e+00 1.214018192e+00 1.505163511e+00 
1.004215882e+00 1.149277689e+00 1.000000000e+00 
1.256176471e+00 1.285179240e+00 1.543244406e+00 
1.021960588e+00 1.192081327e+00 1.204388985e+00 
1.169019412e+00 1.293204922e+00 1.467512909e+00 
1.046862941e+00 1.127340824e+00 1.316910499e+00 
1.065490000e+00 1.086677368e+00 1.188253012e+00 
1.000000000e+00 1.165864098e+00 1.000000000e+00 
1.537647059e+00 1.598715891e+00 1.872848537e+00 
1.254117647e+00 1.199036918e+00 1.505163511e+00 
1.048235294e+00 1.125735688e+00 1.327882960e+00 
1.000000000e+00 1.176565008e+00 1.139629948e+00 
1.004215882e+00 1.172819690e+00 1.193416523e+00 
1.004215882e+00 1.159978598e+00 1.139629948e+00 
1.042352941e+00 1.000000000e+00 1.000000000e+00 
1.042352941e+00 1.015516319e+00 1.064759036e+00 
1.092352941e+00 1.055109684e+00 1.188253012e+00 
1.009019412e+00 1.054039593e+00 1.000000000e+00 
1.076470588e+00 1.041198502e+00 1.177280551e+00 
1.009019412e+00 1.064740503e+00 1.139629948e+00 
1.065490000e+00 1.102193686e+00 1.253012048e+00 
1.042647059e+00 1.112359551e+00 1.204388985e+00 

1.794705882e+00 1.764044944e+00 1.935240964e+00 
1.265882353e+00 1.317817014e+00 1.598321859e+00 
1.130490000e+00 1.431246656e+00 1.467512909e+00 
1.538235294e+00 1.608881755e+00 1.822289157e+00 
1.454705882e+00 1.401819155e+00 1.663080895e+00 
1.420000000e+00 1.621722846e+00 1.813683305e+00 
1.587647059e+00 1.799892991e+00 1.940834768e+00 
1.023137059e+00 1.263242376e+00 1.327882960e+00 
1.298627647e+00 1.536650615e+00 1.729130809e+00 
1.419019412e+00 1.429106474e+00 1.748924269e+00 
1.339411765e+00 1.494382022e+00 1.657487091e+00 
1.113921765e+00 1.415195292e+00 1.440834768e+00 
1.744411765e+00 1.868913858e+00 1.946213425e+00 
1.061176471e+00 1.253076512e+00 1.392641997e+00 
1.158333529e+00 1.330123060e+00 1.505163511e+00 
1.131862941e+00 1.429641520e+00 1.478485370e+00 
1.542352941e+00 1.814874264e+00 1.867469880e+00 
1.513823529e+00 1.620117710e+00 1.768717728e+00 
1.272745294e+00 1.569288390e+00 1.697074010e+00 
1.039215882e+00 1.237560193e+00 1.327882960e+00 
1.574705882e+00 1.523274478e+00 1.779690189e+00 
1.545882353e+00 1.609951846e+00 1.867469880e+00 
1.090098235e+00 1.172819690e+00 1.392641997e+00 
1.554117647e+00 1.608346709e+00 1.822289157e+00 
1.657058824e+00 1.683788122e+00 1.876075731e+00 
1.254117647e+00 1.199036918e+00 1.505163511e+00 
1.240784118e+00 1.319957196e+00 1.523450947e+00 
1.146274706e+00 1.375066881e+00 1.478485370e+00 
1.158333529e+00 1.342964152e+00 1.558950086e+00 
1.299901765e+00 1.531835206e+00 1.690189329e+00 
1.125195882e+00 1.317817014e+00 1.435456110e+00 
1.059804118e+00 1.254681648e+00 1.381669535e+00 
1.045098235e+00 1.278758694e+00 1.392641997e+00 
1.269411765e+00 1.239700375e+00 1.516135972e+00 
1.037842941e+00 1.239165329e+00 1.316910499e+00 
1.240294118e+00 1.340823970e+00 1.532271945e+00 
1.366666471e+00 1.499732477e+00 1.697074010e+00 
1.336078235e+00 1.515248796e+00 1.655981067e+00 
1.583823529e+00 1.733547352e+00 1.926635112e+00 
1.169019412e+00 1.293204922e+00 1.467512909e+00 
1.065490000e+00 1.086677368e+00 1.188253012e+00 
1.208235294e+00 1.354200107e+00 1.655765921e+00 
1.046862941e+00 1.127340824e+00 1.316910499e+00 
1.529017647e+00 1.929373997e+00 1.935240964e+00 
1.172941176e+00 1.278758694e+00 1.505163511e+00 
1.370195882e+00 1.470304976e+00 1.663080895e+00 
1.569411765e+00 1.582129481e+00 1.813683305e+00 
1.256176471e+00 1.285179240e+00 1.543244406e+00 
1.004215882e+00 1.159978598e+00 1.139629948e+00 
1.065490000e+00 1.102193686e+00 1.253012048e+00 
1.004215882e+00 1.172819690e+00 1.193416523e+00 
1.021960588e+00 1.192081327e+00 1.204388985e+00 
1.048235294e+00 1.125735688e+00 1.327882960e+00 
1.090784118e+00 1.190476190e+00 1.430292599e+00 
1.176274706e+00 1.214018192e+00 1.505163511e+00 
1.000000000e+00 1.165864098e+00 1.000000000e+00 
1.076470588e+00 1.041198502e+00 1.177280551e+00 
1.146470588e+00 1.128410915e+00 1.365533563e+00 
1.042647059e+00 1.112359551e+00 1.204388985e+00 
1.092352941e+00 1.055109684e+00 1.188253012e+00 
1.000000000e+00 1.176565008e+00 1.139629948e+00 
1.009019412e+00 1.054039593e+00 1.000000000e+00 
1.009019412e+00 1.064740503e+00 1.139629948e+00 
1.042352941e+00 1.000000000e+00 1.000000000e+00 
1.042352941e+00 1.015516319e+00 1.064759036e+00 
1.004215882e+00 1.149277689e+00 1.000000000e+00 
