1.176186182e+00 1.415213178e+00 1.640195480e+00 
1.637598991e+00 1.681201550e+00 1.905620037e+00 
1.276813200e+00 1.238372093e+00 1.469303604e+00 
1.249955551e+00 1.243217054e+00 1.522907758e+00 
1.255864234e+00 1.374515504e+00 1.613317043e+00 
1.583529170e+00 1.693798450e+00 1.812309102e+00 
1.626855931e+00 1.745155039e+00 1.905620037e+00 
1.578872054e+00 1.703003876e+00 1.873701894e+00 
1.403670474e+00 1.690406977e+00 1.783139890e+00 
1.297135309e+00 1.341085271e+00 1.567501527e+00 
1.702594503e+00 1.877422481e+00 1.960293219e+00 
1.399284082e+00 1.363856589e+00 1.594379963e+00 
1.427753191e+00 1.530038760e+00 1.775351252e+00 
1.561860419e+00 1.695251938e+00 1.812309102e+00 
1.654610626e+00 1.643410853e+00 1.825137447e+00 
1.169024321e+00 1.271802326e+00 1.500000000e+00 
1.550402945e+00 1.378391473e+00 1.661881491e+00 
1.106983150e+00 1.358527132e+00 1.553604154e+00 
1.094270350e+00 1.226744186e+00 1.355986561e+00 
1.399104673e+00 1.354651163e+00 1.582773366e+00 
1.569471877e+00 1.751937984e+00 1.873701894e+00 
1.158281261e+00 1.231104651e+00 1.423335370e+00 
1.161862460e+00 1.193798450e+00 1.404398290e+00 
1.263742119e+00 1.188468992e+00 1.432345754e+00 
1.158281261e+00 1.309108527e+00 1.518937080e+00 
1.464727043e+00 1.673934109e+00 1.778252902e+00 
1.355147833e+00 1.233042636e+00 1.522907758e+00 
1.193912230e+00 1.271317829e+00 1.494960293e+00 
1.515488001e+00 1.207364341e+00 1.510079414e+00 
1.369919540e+00 1.289728682e+00 1.526725718e+00 
1.231155196e+00 1.346414729e+00 1.544593769e+00 
1.452641101e+00 1.254360465e+00 1.567501527e+00 
1.309758405e+00 1.749031008e+00 1.725717776e+00 
1.713520195e+00 1.730135659e+00 1.913408674e+00 
1.136974013e+00 1.194282946e+00 1.409437996e+00 
1.624352798e+00 1.594476744e+00 1.783139890e+00 
1.454610841e+00 1.821220930e+00 1.873701894e+00 
1.596598103e+00 1.454941860e+00 1.697770312e+00 
1.275201741e+00 1.453003876e+00 1.688759927e+00 
1.396240036e+00 1.160852713e+00 1.378741600e+00 
1.155864072e+00 1.358042636e+00 1.473121564e+00 
1.556311628e+00 1.442829457e+00 1.688759927e+00 
1.215577759e+00 1.301356589e+00 1.522907758e+00 
1.213160571e+00 1.350290698e+00 1.567501527e+00 
1.388719895e+00 1.368701550e+00 1.586591326e+00 
1.615575718e+00 1.670058140e+00 1.788179597e+00 
1.380662600e+00 1.417635659e+00 1.644166158e+00 
1.850848729e+00 1.624515504e+00 1.792150275e+00 
1.410206014e+00 1.157945736e+00 1.423335370e+00 
1.387287308e+00 1.332364341e+00 1.544593769e+00 
1.143330682e+00 1.335271318e+00 1.472052535e+00 
1.544402946e+00 1.825581395e+00 1.913408674e+00 
1.437600817e+00 1.414728682e+00 1.647984117e+00 
1.094807503e+00 1.191860465e+00 1.306200367e+00 
1.447269571e+00 1.227228682e+00 1.518937080e+00 
1.416651850e+00 1.327034884e+00 1.567501527e+00 
1.255058504e+00 1.332848837e+00 1.544593769e+00 
1.312802451e+00 1.340116279e+00 1.553604154e+00 
1.211280535e+00 1.304748062e+00 1.503817960e+00 
1.131513316e+00 1.217538760e+00 1.404398290e+00 
1.487915938e+00 1.598837209e+00 1.783139890e+00 
1.694897100e+00 1.471414729e+00 1.721747098e+00 
1.470188277e+00 1.719476744e+00 1.825137447e+00 
1.143240977e+00 1.092054264e+00 1.283139890e+00 
1.335004595e+00 1.118701550e+00 1.374923641e+00 
1.564814760e+00 1.714631783e+00 1.825137447e+00 
1.401611566e+00 1.187984496e+00 1.427306048e+00 
1.242703985e+00 1.186046512e+00 1.382712279e+00 
1.311369864e+00 1.496124031e+00 1.738546121e+00 
1.095524065e+00 1.189437984e+00 1.363622480e+00 
1.433303593e+00 1.229166667e+00 1.469303604e+00 
1.073232216e+00 1.238372093e+00 1.432345754e+00 
1.118353067e+00 1.092538760e+00 1.288179597e+00 
1.239928516e+00 1.169089147e+00 1.373701894e+00 
1.256848835e+00 1.167635659e+00 1.374923641e+00 
1.094986912e+00 1.224321705e+00 1.413408674e+00 
1.032766333e+00 1.114341085e+00 1.147984117e+00 
1.105281987e+00 1.114341085e+00 1.269242517e+00 
1.215040606e+00 1.169573643e+00 1.378741600e+00 
1.283975061e+00 1.052325581e+00 1.234728161e+00 
1.051029534e+00 1.090600775e+00 1.147984117e+00 
1.182184569e+00 1.122577519e+00 1.292150275e+00 
1.065980651e+00 1.181201550e+00 1.292150275e+00 
1.062757733e+00 1.114341085e+00 1.215638363e+00 
1.183348580e+00 1.089631783e+00 1.238546121e+00 
1.382811212e+00 1.176841085e+00 1.382712279e+00 
1.485767326e+00 1.331879845e+00 1.658063531e+00 
1.032050308e+00 1.140503876e+00 1.211820403e+00 
1.086661041e+00 1.000000000e+00 1.000000000e+00 
1.032766333e+00 1.138081395e+00 1.269242517e+00 
1.101701325e+00 1.151647287e+00 1.288179597e+00 
1.000000000e+00 1.062984496e+00 1.121258400e+00 
1.086661041e+00 1.012596899e+00 1.147984117e+00 
1.000000000e+00 1.039244186e+00 1.000000000e+00 

1.150671414e+00 1.317829457e+00 1.449144777e+00 
1.663027813e+00 1.468992248e+00 1.725717776e+00 
1.521933837e+00 1.642441860e+00 1.792150275e+00 
1.268218752e+00 1.414728682e+00 1.647984117e+00 
1.515488001e+00 1.207364341e+00 1.510079414e+00 
1.075917981e+00 1.340116279e+00 1.553604154e+00 
1.512710920e+00 1.662790698e+00 1.783139890e+00 
1.433303593e+00 1.229166667e+00 1.469303604e+00 
1.140644917e+00 1.328972868e+00 1.522907758e+00 
1.094986912e+00 1.224321705e+00 1.413408674e+00 
1.305819462e+00 1.291666667e+00 1.522907758e+00 
1.306714359e+00 1.389050388e+00 1.688759927e+00 
1.647627637e+00 1.885174419e+00 1.913408674e+00 
1.335004595e+00 1.118701550e+00 1.374923641e+00 
1.407878530e+00 1.364825581e+00 1.642944411e+00 
1.356759292e+00 1.247093023e+00 1.510079414e+00 
1.578872054e+00 1.335755814e+00 1.608277337e+00 
1.456490876e+00 1.482558140e+00 1.779321930e+00 
1.239659939e+00 1.269379845e+00 1.496182040e+00 
1.442256322e+00 1.693313953e+00 1.873701894e+00 
1.256848835e+00 1.167635659e+00 1.374923641e+00 
1.241002822e+00 1.304263566e+00 1.540775809e+00 
1.211280535e+00 1.304748062e+00 1.503817960e+00 
1.658193436e+00 1.828003876e+00 1.960293219e+00 
1.161862460e+00 1.193798450e+00 1.404398290e+00 
1.073232216e+00 1.238372093e+00 1.432345754e+00 
1.306356615e+00 1.400678295e+00 1.594379963e+00 
1.220322431e+00 1.324612403e+00 1.522907758e+00 
1.509847894e+00 1.468507752e+00 1.691050703e+00 
1.420949074e+00 1.289728682e+00 1.518937080e+00 
1.198388863e+00 1.403100775e+00 1.644166158e+00 
1.816025100e+00 1.728682171e+00 1.909437996e+00 
1.158281261e+00 1.231104651e+00 1.423335370e+00 
1.455058289e+00 1.357073643e+00 1.604459377e+00 
1.529453979e+00 1.534883721e+00 1.865913256e+00 
1.255058504e+00 1.332848837e+00 1.544593769e+00 
1.300447932e+00 1.266957364e+00 1.500000000e+00 
1.605552443e+00 1.531007752e+00 1.822846671e+00 
1.371262422e+00 1.505329457e+00 1.752443494e+00 
1.506893553e+00 1.234980620e+00 1.513897373e+00 
1.401611566e+00 1.187984496e+00 1.427306048e+00 
1.424709145e+00 1.289244186e+00 1.526725718e+00 
1.309042380e+00 1.327034884e+00 1.567501527e+00 
1.203312408e+00 1.536821705e+00 1.738546121e+00 
1.095524065e+00 1.189437984e+00 1.363622480e+00 
1.131513316e+00 1.217538760e+00 1.404398290e+00 
1.273769154e+00 1.355620155e+00 1.567501527e+00 
1.136974013e+00 1.194282946e+00 1.409437996e+00 
1.094807503e+00 1.191860465e+00 1.306200367e+00 
1.292659213e+00 1.275193798e+00 1.517868051e+00 
1.382811212e+00 1.176841085e+00 1.382712279e+00 
1.452641101e+00 1.562984496e+00 1.775351252e+00 
1.215577759e+00 1.322674419e+00 1.513897373e+00 
1.032050308e+00 1.140503876e+00 1.211820403e+00 
1.396240036e+00 1.160852713e+00 1.378741600e+00 
1.719966030e+00 1.730135659e+00 1.913408674e+00 
1.215040606e+00 1.169573643e+00 1.378741600e+00 
1.410206014e+00 1.157945736e+00 1.423335370e+00 
1.289704872e+00 1.267926357e+00 1.444105070e+00 
1.640644648e+00 1.477713178e+00 1.697770312e+00 
1.101701325e+00 1.151647287e+00 1.288179597e+00 
1.239928516e+00 1.169089147e+00 1.373701894e+00 
1.062757733e+00 1.114341085e+00 1.215638363e+00 
1.051029534e+00 1.090600775e+00 1.147984117e+00 
1.414592943e+00 1.683139535e+00 1.783139890e+00 
1.433840746e+00 1.243217054e+00 1.522907758e+00 
1.105281987e+00 1.114341085e+00 1.269242517e+00 
1.065980651e+00 1.181201550e+00 1.292150275e+00 
1.032766333e+00 1.114341085e+00 1.147984117e+00 
1.180304534e+00 1.302325581e+00 1.496182040e+00 
1.118353067e+00 1.092538760e+00 1.288179597e+00 
1.263742119e+00 1.188468992e+00 1.432345754e+00 
1.183348580e+00 1.089631783e+00 1.238546121e+00 
1.182184569e+00 1.122577519e+00 1.292150275e+00 
1.213160571e+00 1.268410853e+00 1.449144777e+00 
1.143240977e+00 1.092054264e+00 1.283139890e+00 
1.283975061e+00 1.052325581e+00 1.234728161e+00 
1.406893392e+00 1.802325581e+00 1.779321930e+00 
1.032766333e+00 1.138081395e+00 1.269242517e+00 
1.242703985e+00 1.186046512e+00 1.382712279e+00 
1.086661041e+00 1.012596899e+00 1.147984117e+00 
1.000000000e+00 1.039244186e+00 1.000000000e+00 
1.000000000e+00 1.062984496e+00 1.121258400e+00 
1.086661041e+00 1.000000000e+00 1.000000000e+00 

1.414234662e+00 1.568313953e+00 1.725565058e+00 
1.212444009e+00 1.611434109e+00 1.613317043e+00 
1.253715622e+00 1.415213178e+00 1.640195480e+00 
1.713160302e+00 1.569282946e+00 1.820097740e+00 
1.335989197e+00 1.592538760e+00 1.779321930e+00 
1.426857757e+00 1.541666667e+00 1.730757483e+00 
1.309042380e+00 1.327034884e+00 1.567501527e+00 
1.333930289e+00 1.442829457e+00 1.654092853e+00 
1.510293731e+00 1.428779070e+00 1.688759927e+00 
1.366517750e+00 1.386627907e+00 1.594379963e+00 
1.418800462e+00 1.229166667e+00 1.461514966e+00 
1.569563193e+00 1.442344961e+00 1.744654856e+00 
1.214413749e+00 1.289244186e+00 1.445326817e+00 
1.482812984e+00 1.480620155e+00 1.775351252e+00 
1.188720109e+00 1.327519380e+00 1.567501527e+00 
1.422918814e+00 1.491279070e+00 1.687690898e+00 
1.175111876e+00 1.293120155e+00 1.496182040e+00 
1.382811212e+00 1.176841085e+00 1.382712279e+00 
1.574037677e+00 1.707848837e+00 1.905620037e+00 
1.626141517e+00 1.704457364e+00 1.913408674e+00 
1.341719008e+00 1.437015504e+00 1.661881491e+00 
1.175828438e+00 1.290697674e+00 1.553604154e+00 
1.413966085e+00 1.261627907e+00 1.473121564e+00 
1.853357233e+00 1.571220930e+00 1.873701894e+00 
1.131513316e+00 1.217538760e+00 1.404398290e+00 
1.408415683e+00 1.584302326e+00 1.721747098e+00 
1.552551557e+00 1.255813953e+00 1.517868051e+00 
1.399821235e+00 1.352228682e+00 1.640195480e+00 
1.409668861e+00 1.141472868e+00 1.369883934e+00 
1.239749644e+00 1.283430233e+00 1.544593769e+00 
1.386034130e+00 1.429263566e+00 1.654092853e+00 
1.599192552e+00 1.799903101e+00 1.960293219e+00 
1.521933837e+00 1.250000000e+00 1.513897373e+00 
1.420233049e+00 1.289728682e+00 1.548564447e+00 
1.410564295e+00 1.501937984e+00 1.688759927e+00 
1.314413910e+00 1.452034884e+00 1.654092853e+00 
1.640644648e+00 1.421996124e+00 1.658063531e+00 
1.247180081e+00 1.364341085e+00 1.593310935e+00 
1.462847008e+00 1.263565891e+00 1.513897373e+00 
1.239928516e+00 1.169089147e+00 1.373701894e+00 
1.405640214e+00 1.734980620e+00 1.783139890e+00 
1.161862460e+00 1.193798450e+00 1.404398290e+00 
1.433303593e+00 1.228682171e+00 1.469303604e+00 
1.239033082e+00 1.285852713e+00 1.487171655e+00 
1.369919540e+00 1.280038760e+00 1.510079414e+00 
1.156669802e+00 1.312984496e+00 1.513897373e+00 
1.587020665e+00 1.629360465e+00 1.825137447e+00 
1.276813200e+00 1.238372093e+00 1.469303604e+00 
1.263742119e+00 1.188468992e+00 1.432345754e+00 
1.756132541e+00 1.397771318e+00 1.661881491e+00 
1.245837199e+00 1.443313953e+00 1.631185095e+00 
1.095524065e+00 1.189437984e+00 1.363622480e+00 
1.094807503e+00 1.191860465e+00 1.306200367e+00 
1.585317890e+00 1.625484496e+00 1.784361637e+00 
1.410832872e+00 1.664728682e+00 1.873701894e+00 
1.075917981e+00 1.340116279e+00 1.553604154e+00 
1.242703985e+00 1.186046512e+00 1.382712279e+00 
1.215040606e+00 1.169573643e+00 1.378741600e+00 
1.406356239e+00 1.587209302e+00 1.738546121e+00 
1.401611566e+00 1.187984496e+00 1.427306048e+00 
1.274216603e+00 1.515503876e+00 1.688759927e+00 
1.504385048e+00 1.483042636e+00 1.779321930e+00 
1.136974013e+00 1.194282946e+00 1.409437996e+00 
1.158281261e+00 1.231104651e+00 1.423335370e+00 
1.410206014e+00 1.157945736e+00 1.423335370e+00 
1.367770928e+00 1.162790698e+00 1.321319487e+00 
1.382274059e+00 1.162306202e+00 1.329108125e+00 
1.282184730e+00 1.275678295e+00 1.507788638e+00 
1.182184569e+00 1.122577519e+00 1.292150275e+00 
1.065980651e+00 1.181201550e+00 1.292150275e+00 
1.032050308e+00 1.140503876e+00 1.211820403e+00 
1.094270350e+00 1.226744186e+00 1.355986561e+00 
1.062757733e+00 1.114341085e+00 1.215638363e+00 
1.396240036e+00 1.160852713e+00 1.378741600e+00 
1.283975061e+00 1.052325581e+00 1.234728161e+00 
1.234198705e+00 1.470445736e+00 1.635155773e+00 
1.183348580e+00 1.089631783e+00 1.238546121e+00 
1.572426218e+00 1.633236434e+00 1.839034820e+00 
1.105281987e+00 1.114341085e+00 1.269242517e+00 
1.287735132e+00 1.511143411e+00 1.654092853e+00 
1.451745667e+00 1.546027132e+00 1.734575443e+00 
1.143240977e+00 1.092054264e+00 1.283139890e+00 
1.086661041e+00 1.012596899e+00 1.147984117e+00 
1.032766333e+00 1.114341085e+00 1.147984117e+00 
1.073232216e+00 1.238372093e+00 1.432345754e+00 
1.353626078e+00 1.269864341e+00 1.496182040e+00 
1.101701325e+00 1.151647287e+00 1.288179597e+00 
1.032766333e+00 1.138081395e+00 1.269242517e+00 
1.000000000e+00 1.062984496e+00 1.121258400e+00 
1.051029534e+00 1.090600775e+00 1.147984117e+00 
1.086661041e+00 1.000000000e+00 1.000000000e+00 
1.779590013e+00 1.658430233e+00 1.905620037e+00 
1.000000000e+00 1.039244186e+00 1.000000000e+00 
1.094986912e+00 1.224321705e+00 1.413408674e+00 
1.118353067e+00 1.092538760e+00 1.288179597e+00 

1.215040606e+00 1.169573643e+00 1.378741600e+00 
1.601792372e+00 1.767926357e+00 1.869731216e+00 
1.748789660e+00 1.569767442e+00 1.757635919e+00 
1.362757679e+00 1.711240310e+00 1.865913256e+00 
1.274396012e+00 1.265988372e+00 1.522907758e+00 
1.692388596e+00 1.685562016e+00 1.873701894e+00 
1.447269571e+00 1.227228682e+00 1.518937080e+00 
1.513699281e+00 1.674903101e+00 1.820097740e+00 
1.922649969e+00 1.547965116e+00 1.822846671e+00 
1.707251619e+00 1.482073643e+00 1.703879047e+00 
1.463921314e+00 1.445251938e+00 1.697770312e+00 
1.248701836e+00 1.501937984e+00 1.638973732e+00 
1.515488001e+00 1.207364341e+00 1.510079414e+00 
1.739212222e+00 1.623546512e+00 1.812309102e+00 
1.129812152e+00 1.317829457e+00 1.567501527e+00 
1.713697455e+00 1.508720930e+00 1.729535736e+00 
1.518533658e+00 1.900193798e+00 1.869731216e+00 
1.626501410e+00 1.753391473e+00 1.913408674e+00 
1.653267743e+00 1.708817829e+00 1.855833842e+00 
1.271083389e+00 1.458333333e+00 1.658063531e+00 
1.433124721e+00 1.329457364e+00 1.598350641e+00 
1.239928516e+00 1.169089147e+00 1.373701894e+00 
1.433840746e+00 1.243217054e+00 1.522907758e+00 
1.756669694e+00 1.545542636e+00 1.792150275e+00 
1.276813200e+00 1.238372093e+00 1.469303604e+00 
1.242703985e+00 1.186046512e+00 1.382712279e+00 
1.647987529e+00 1.575581395e+00 1.775351252e+00 
1.317725995e+00 1.529069767e+00 1.744654856e+00 
1.299283921e+00 1.265503876e+00 1.517868051e+00 
1.158281261e+00 1.231104651e+00 1.423335370e+00 
1.543957109e+00 1.304263566e+00 1.609499084e+00 
1.073232216e+00 1.238372093e+00 1.432345754e+00 
1.136974013e+00 1.194282946e+00 1.409437996e+00 
1.561860419e+00 1.827034884e+00 1.905620037e+00 
1.517636613e+00 1.525678295e+00 1.721747098e+00 
1.095524065e+00 1.189437984e+00 1.363622480e+00 
1.273769154e+00 1.379360465e+00 1.688759927e+00 
1.169024321e+00 1.271802326e+00 1.500000000e+00 
1.414861519e+00 1.262596899e+00 1.500000000e+00 
1.094986912e+00 1.224321705e+00 1.413408674e+00 
1.239749644e+00 1.283430233e+00 1.544593769e+00 
1.217368090e+00 1.485949612e+00 1.593310935e+00 
1.131513316e+00 1.217538760e+00 1.404398290e+00 
1.424171992e+00 1.257267442e+00 1.510079414e+00 
1.264190105e+00 1.459786822e+00 1.640195480e+00 
1.175828438e+00 1.290697674e+00 1.553604154e+00 
1.516562307e+00 1.645833333e+00 1.819028711e+00 
1.410206014e+00 1.157945736e+00 1.423335370e+00 
1.616832656e+00 1.670542636e+00 1.822846671e+00 
1.094807503e+00 1.191860465e+00 1.306200367e+00 
1.382811212e+00 1.176841085e+00 1.382712279e+00 
1.065980651e+00 1.181201550e+00 1.292150275e+00 
1.787287415e+00 1.717054264e+00 1.905620037e+00 
1.615935610e+00 1.371124031e+00 1.613317043e+00 
1.396240036e+00 1.160852713e+00 1.378741600e+00 
1.094270350e+00 1.226744186e+00 1.355986561e+00 
1.183348580e+00 1.089631783e+00 1.238546121e+00 
1.483795974e+00 1.574127907e+00 1.752443494e+00 
1.161862460e+00 1.193798450e+00 1.404398290e+00 
1.737692079e+00 1.724321705e+00 1.909437996e+00 
1.401611566e+00 1.187984496e+00 1.427306048e+00 
1.256848835e+00 1.167635659e+00 1.374923641e+00 
1.101701325e+00 1.151647287e+00 1.288179597e+00 
1.335004595e+00 1.118701550e+00 1.374923641e+00 
1.610923973e+00 1.760174419e+00 1.869731216e+00 
1.272157695e+00 1.380813953e+00 1.658063531e+00 
1.482275831e+00 1.583333333e+00 1.779321930e+00 
1.143240977e+00 1.092054264e+00 1.283139890e+00 
1.051029534e+00 1.090600775e+00 1.147984117e+00 
1.563831770e+00 1.779554264e+00 1.913408674e+00 
1.443956948e+00 1.601259690e+00 1.783139890e+00 
1.283975061e+00 1.052325581e+00 1.234728161e+00 
1.822562252e+00 1.562015504e+00 1.873701894e+00 
1.032766333e+00 1.138081395e+00 1.269242517e+00 
1.675919485e+00 1.751937984e+00 1.873701894e+00 
1.118353067e+00 1.092538760e+00 1.288179597e+00 
1.182184569e+00 1.122577519e+00 1.292150275e+00 
1.752372470e+00 1.593992248e+00 1.839034820e+00 
1.615398457e+00 1.518410853e+00 1.725717776e+00 
1.062757733e+00 1.114341085e+00 1.215638363e+00 
1.032050308e+00 1.140503876e+00 1.211820403e+00 
1.105281987e+00 1.114341085e+00 1.269242517e+00 
1.032766333e+00 1.114341085e+00 1.147984117e+00 
1.263742119e+00 1.188468992e+00 1.432345754e+00 
1.000000000e+00 1.039244186e+00 1.000000000e+00 
1.086661041e+00 1.012596899e+00 1.147984117e+00 
1.000000000e+00 1.062984496e+00 1.121258400e+00 
1.086661041e+00 1.000000000e+00 1.000000000e+00 
1.716023327e+00 1.600775194e+00 1.784361637e+00 

1.566694796e+00 1.524709302e+00 1.779321930e+00 
1.521396684e+00 1.428294574e+00 1.654092853e+00 
1.549865792e+00 1.731589147e+00 1.960293219e+00 
1.213160571e+00 1.268410853e+00 1.449144777e+00 
1.594809383e+00 1.580426357e+00 1.783139890e+00 
1.548791486e+00 1.640988372e+00 1.869731216e+00 
1.437600817e+00 1.414728682e+00 1.647984117e+00 
1.182811427e+00 1.299903101e+00 1.518937080e+00 
1.215040606e+00 1.169573643e+00 1.378741600e+00 
1.348433420e+00 1.403585271e+00 1.590562004e+00 
1.582809385e+00 1.585755814e+00 1.783139890e+00 
1.654610626e+00 1.570251938e+00 1.812309102e+00 
1.526231061e+00 1.533914729e+00 1.729535736e+00 
1.432587568e+00 1.570251938e+00 1.738546121e+00 
1.522470990e+00 1.380329457e+00 1.604459377e+00 
1.300447932e+00 1.266957364e+00 1.500000000e+00 
1.356490715e+00 1.409399225e+00 1.593310935e+00 
1.503133482e+00 1.442829457e+00 1.688759927e+00 
1.317368251e+00 1.548449612e+00 1.729535736e+00 
1.276544624e+00 1.395348837e+00 1.567501527e+00 
1.276813200e+00 1.238372093e+00 1.469303604e+00 
1.334109161e+00 1.384205426e+00 1.567501527e+00 
1.203312408e+00 1.520833333e+00 1.644166158e+00 
1.433303593e+00 1.228682171e+00 1.469303604e+00 
1.094986912e+00 1.224321705e+00 1.413408674e+00 
1.131513316e+00 1.217538760e+00 1.404398290e+00 
1.433124721e+00 1.329457364e+00 1.598350641e+00 
1.392301094e+00 1.417151163e+00 1.644166158e+00 
1.345479079e+00 1.406976744e+00 1.590409285e+00 
1.173142673e+00 1.410368217e+00 1.635155773e+00 
1.306893768e+00 1.362403101e+00 1.548564447e+00 
1.422829110e+00 1.460755814e+00 1.661881491e+00 
1.330707371e+00 1.447189922e+00 1.642944411e+00 
1.239928516e+00 1.169089147e+00 1.373701894e+00 
1.164548225e+00 1.487403101e+00 1.639126451e+00 
1.509402057e+00 1.684593023e+00 1.783139890e+00 
1.073232216e+00 1.238372093e+00 1.432345754e+00 
1.762755638e+00 1.717054264e+00 1.873701894e+00 
1.516385046e+00 1.636627907e+00 1.775351252e+00 
1.175111876e+00 1.293120155e+00 1.496182040e+00 
1.396240036e+00 1.160852713e+00 1.378741600e+00 
1.095524065e+00 1.189437984e+00 1.363622480e+00 
1.656399345e+00 1.600775194e+00 1.816127062e+00 
1.406356239e+00 1.791182171e+00 1.960293219e+00 
1.354700384e+00 1.313468992e+00 1.548564447e+00 
1.335004595e+00 1.118701550e+00 1.374923641e+00 
1.527842520e+00 1.674418605e+00 1.778252902e+00 
1.536974121e+00 1.683139535e+00 1.825137447e+00 
1.382811212e+00 1.176841085e+00 1.382712279e+00 
1.536796860e+00 1.605620155e+00 1.783139890e+00 
1.161862460e+00 1.193798450e+00 1.404398290e+00 
1.470725430e+00 1.542635659e+00 1.694868662e+00 
1.256848835e+00 1.167635659e+00 1.374923641e+00 
1.626678670e+00 1.629360465e+00 1.819028711e+00 
1.141092365e+00 1.332848837e+00 1.544593769e+00 
1.663027813e+00 1.602713178e+00 1.825137447e+00 
1.383169493e+00 1.304263566e+00 1.540775809e+00 
1.233840961e+00 1.466569767e+00 1.654092853e+00 
1.242703985e+00 1.186046512e+00 1.382712279e+00 
1.549060063e+00 1.515019380e+00 1.752443494e+00 
1.359445057e+00 1.576065891e+00 1.774282224e+00 
1.401611566e+00 1.187984496e+00 1.427306048e+00 
1.444225525e+00 1.253875969e+00 1.567501527e+00 
1.481378786e+00 1.718507752e+00 1.775351252e+00 
1.416651850e+00 1.327034884e+00 1.567501527e+00 
1.140286636e+00 1.377906977e+00 1.503817960e+00 
1.180035957e+00 1.363372093e+00 1.553604154e+00 
1.410206014e+00 1.157945736e+00 1.423335370e+00 
1.418800462e+00 1.229166667e+00 1.461514966e+00 
1.329991346e+00 1.468023256e+00 1.658063531e+00 
1.248164683e+00 1.574127907e+00 1.733506414e+00 
1.274664588e+00 1.507267442e+00 1.688759927e+00 
1.094270350e+00 1.226744186e+00 1.355986561e+00 
1.451208514e+00 1.450581395e+00 1.661881491e+00 
1.620769987e+00 1.437015504e+00 1.661881491e+00 
1.442524898e+00 1.778585271e+00 1.783139890e+00 
1.051029534e+00 1.090600775e+00 1.147984117e+00 
1.305819462e+00 1.291666667e+00 1.522907758e+00 
1.136974013e+00 1.194282946e+00 1.409437996e+00 
1.372605305e+00 1.350775194e+00 1.567501527e+00 
1.094807503e+00 1.191860465e+00 1.306200367e+00 
1.577437855e+00 1.502422481e+00 1.734575443e+00 
1.355147833e+00 1.233042636e+00 1.522907758e+00 
1.283975061e+00 1.052325581e+00 1.234728161e+00 
1.199015184e+00 1.439922481e+00 1.639126451e+00 
1.357117573e+00 1.391472868e+00 1.640195480e+00 
1.246642928e+00 1.321705426e+00 1.521686011e+00 
1.156669802e+00 1.312984496e+00 1.513897373e+00 
1.316741394e+00 1.464147287e+00 1.647984117e+00 
1.143240977e+00 1.092054264e+00 1.283139890e+00 
1.032766333e+00 1.138081395e+00 1.269242517e+00 
1.263742119e+00 1.188468992e+00 1.432345754e+00 
1.158281261e+00 1.231104651e+00 1.423335370e+00 
1.065980651e+00 1.181201550e+00 1.292150275e+00 
1.205371852e+00 1.433624031e+00 1.638973732e+00 
1.032050308e+00 1.140503876e+00 1.211820403e+00 
1.183348580e+00 1.089631783e+00 1.238546121e+00 
1.813070759e+00 1.730620155e+00 1.905620037e+00 
1.062757733e+00 1.114341085e+00 1.215638363e+00 
1.182184569e+00 1.122577519e+00 1.292150275e+00 
1.118353067e+00 1.092538760e+00 1.288179597e+00 
1.101701325e+00 1.151647287e+00 1.288179597e+00 
1.086661041e+00 1.012596899e+00 1.147984117e+00 
1.000000000e+00 1.062984496e+00 1.121258400e+00 
1.032766333e+00 1.114341085e+00 1.147984117e+00 
1.105281987e+00 1.114341085e+00 1.269242517e+00 
1.086661041e+00 1.000000000e+00 1.000000000e+00 
1.000000000e+00 1.039244186e+00 1.000000000e+00 

1.442793475e+00 1.507751938e+00 1.670891875e+00 
1.693285641e+00 1.464631783e+00 1.678833232e+00 
1.558637501e+00 1.743701550e+00 1.913408674e+00 
1.273410873e+00 1.433624031e+00 1.647984117e+00 
1.256848835e+00 1.167635659e+00 1.374923641e+00 
1.239749644e+00 1.283430233e+00 1.544593769e+00 
1.309042380e+00 1.327034884e+00 1.567501527e+00 
1.156669802e+00 1.312984496e+00 1.513897373e+00 
1.075917981e+00 1.340116279e+00 1.553604154e+00 
1.269740507e+00 1.543120155e+00 1.647984117e+00 
1.557923087e+00 1.532945736e+00 1.717929139e+00 
1.432229287e+00 1.569282946e+00 1.779321930e+00 
1.360429658e+00 1.265503876e+00 1.522907758e+00 
1.116562199e+00 1.330910853e+00 1.500000000e+00 
1.549151379e+00 1.686046512e+00 1.905620037e+00 
1.528111096e+00 1.468507752e+00 1.697770312e+00 
1.314234501e+00 1.578972868e+00 1.675931582e+00 
1.175828438e+00 1.290697674e+00 1.553604154e+00 
1.567414581e+00 1.465600775e+00 1.679902260e+00 
1.282184730e+00 1.275678295e+00 1.507788638e+00 
1.274127435e+00 1.401162791e+00 1.647984117e+00 
1.198388863e+00 1.403100775e+00 1.644166158e+00 
1.094807503e+00 1.191860465e+00 1.306200367e+00 
1.569563193e+00 1.480135659e+00 1.783139890e+00 
1.263742119e+00 1.188468992e+00 1.432345754e+00 
1.180841687e+00 1.431686047e+00 1.594379963e+00 
1.193912230e+00 1.271317829e+00 1.494960293e+00 
1.336257773e+00 1.711724806e+00 1.779321930e+00 
1.333930289e+00 1.442829457e+00 1.654092853e+00 
1.555951736e+00 1.614341085e+00 1.815058033e+00 
1.451029642e+00 1.366763566e+00 1.617287721e+00 
1.376275671e+00 1.676841085e+00 1.725717776e+00 
1.382811212e+00 1.176841085e+00 1.382712279e+00 
1.335004595e+00 1.118701550e+00 1.374923641e+00 
1.523276719e+00 1.501453488e+00 1.701588271e+00 
1.388988471e+00 1.616763566e+00 1.865913256e+00 
1.433840746e+00 1.243217054e+00 1.522907758e+00 
1.158281261e+00 1.231104651e+00 1.423335370e+00 
1.332587407e+00 1.266472868e+00 1.454184484e+00 
1.514773587e+00 1.400193798e+00 1.635155773e+00 
1.581917711e+00 1.474806202e+00 1.738546121e+00 
1.447269571e+00 1.227228682e+00 1.518937080e+00 
1.770812933e+00 1.667151163e+00 1.873701894e+00 
1.396240036e+00 1.160852713e+00 1.378741600e+00 
1.401611566e+00 1.187984496e+00 1.427306048e+00 
1.679319664e+00 1.640503876e+00 1.869731216e+00 
1.489344765e+00 1.544089147e+00 1.725565058e+00 
1.239928516e+00 1.169089147e+00 1.373701894e+00 
1.073232216e+00 1.238372093e+00 1.432345754e+00 
1.385855258e+00 1.680717054e+00 1.778252902e+00 
1.566157643e+00 1.583817829e+00 1.812309102e+00 
1.151835425e+00 1.486918605e+00 1.593310935e+00 
1.095524065e+00 1.189437984e+00 1.363622480e+00 
1.400358388e+00 1.254360465e+00 1.450366524e+00 
1.292659213e+00 1.275193798e+00 1.517868051e+00 
1.161862460e+00 1.193798450e+00 1.404398290e+00 
1.389435920e+00 1.277616279e+00 1.567501527e+00 
1.247180081e+00 1.364341085e+00 1.593310935e+00 
1.213160571e+00 1.350290698e+00 1.567501527e+00 
1.224082502e+00 1.336240310e+00 1.567501527e+00 
1.370188116e+00 1.560077519e+00 1.703879047e+00 
1.136974013e+00 1.194282946e+00 1.409437996e+00 
1.215040606e+00 1.169573643e+00 1.378741600e+00 
1.480304480e+00 1.511143411e+00 1.682651191e+00 
1.242703985e+00 1.186046512e+00 1.382712279e+00 
1.032050308e+00 1.140503876e+00 1.211820403e+00 
1.353178093e+00 1.605620155e+00 1.688759927e+00 
1.410206014e+00 1.157945736e+00 1.423335370e+00 
1.346643089e+00 1.256298450e+00 1.442577886e+00 
1.131513316e+00 1.217538760e+00 1.404398290e+00 
1.032766333e+00 1.138081395e+00 1.269242517e+00 
1.319516863e+00 1.463178295e+00 1.658063531e+00 
1.793196098e+00 1.745155039e+00 1.960293219e+00 
1.593375185e+00 1.758236434e+00 1.960293219e+00 
1.094270350e+00 1.226744186e+00 1.355986561e+00 
1.487733306e+00 1.411337209e+00 1.661881491e+00 
1.062757733e+00 1.114341085e+00 1.215638363e+00 
1.105281987e+00 1.114341085e+00 1.269242517e+00 
1.183348580e+00 1.089631783e+00 1.238546121e+00 
1.065980651e+00 1.181201550e+00 1.292150275e+00 
1.283975061e+00 1.052325581e+00 1.234728161e+00 
1.143240977e+00 1.092054264e+00 1.283139890e+00 
1.051029534e+00 1.090600775e+00 1.147984117e+00 
1.182184569e+00 1.122577519e+00 1.292150275e+00 
1.094986912e+00 1.224321705e+00 1.413408674e+00 
1.118353067e+00 1.092538760e+00 1.288179597e+00 
1.312981323e+00 1.368217054e+00 1.607208308e+00 
1.086661041e+00 1.000000000e+00 1.000000000e+00 
1.000000000e+00 1.039244186e+00 1.000000000e+00 
1.032766333e+00 1.114341085e+00 1.147984117e+00 
1.101701325e+00 1.151647287e+00 1.288179597e+00 
1.441898041e+00 1.542635659e+00 1.674862553e+00 
1.000000000e+00 1.062984496e+00 1.121258400e+00 
1.086661041e+00 1.012596899e+00 1.147984117e+00 

1.195255113e+00 1.460271318e+00 1.640195480e+00 
1.377618554e+00 1.365310078e+00 1.600488699e+00 
1.341897880e+00 1.572674419e+00 1.678833232e+00 
1.094270350e+00 1.226744186e+00 1.355986561e+00 
1.156669802e+00 1.312984496e+00 1.513897373e+00 
1.213160571e+00 1.268410853e+00 1.449144777e+00 
1.132497917e+00 1.363372093e+00 1.518937080e+00 
1.249955551e+00 1.243217054e+00 1.522907758e+00 
1.416472978e+00 1.488372093e+00 1.721747098e+00 
1.239749644e+00 1.283430233e+00 1.544593769e+00 
1.591495149e+00 1.584302326e+00 1.865913256e+00 
1.410743167e+00 1.369186047e+00 1.640195480e+00 
1.256848835e+00 1.167635659e+00 1.374923641e+00 
1.352193491e+00 1.242248062e+00 1.469303604e+00 
1.573231947e+00 1.611918605e+00 1.865913256e+00 
1.396240036e+00 1.160852713e+00 1.378741600e+00 
1.263742119e+00 1.188468992e+00 1.432345754e+00 
1.456938325e+00 1.513081395e+00 1.748472816e+00 
1.444225525e+00 1.253875969e+00 1.567501527e+00 
1.558100348e+00 1.478682171e+00 1.752443494e+00 
1.235273011e+00 1.539244186e+00 1.654092853e+00 
1.416651850e+00 1.327034884e+00 1.567501527e+00 
1.095524065e+00 1.189437984e+00 1.363622480e+00 
1.415398672e+00 1.353197674e+00 1.609499084e+00 
1.416114697e+00 1.419089147e+00 1.688759927e+00 
1.410206014e+00 1.157945736e+00 1.423335370e+00 
1.158281261e+00 1.231104651e+00 1.423335370e+00 
1.613609738e+00 1.552325581e+00 1.783139890e+00 
1.165532826e+00 1.328488372e+00 1.517868051e+00 
1.519339388e+00 1.767926357e+00 1.873701894e+00 
1.224082502e+00 1.336240310e+00 1.567501527e+00 
1.743240870e+00 1.722383721e+00 1.905620037e+00 
1.395702883e+00 1.622093023e+00 1.775351252e+00 
1.094807503e+00 1.191860465e+00 1.306200367e+00 
1.073232216e+00 1.238372093e+00 1.432345754e+00 
1.143330682e+00 1.335271318e+00 1.472052535e+00 
1.826499583e+00 1.515988372e+00 1.784361637e+00 
1.516293730e+00 1.569282946e+00 1.779321930e+00 
1.687108382e+00 1.676356589e+00 1.873701894e+00 
1.179946252e+00 1.381298450e+00 1.526725718e+00 
1.435899653e+00 1.641957364e+00 1.820097740e+00 
1.249955551e+00 1.232558140e+00 1.432345754e+00 
1.320411760e+00 1.598837209e+00 1.734575443e+00 
1.756132541e+00 1.579457364e+00 1.784361637e+00 
1.239928516e+00 1.169089147e+00 1.373701894e+00 
1.167144285e+00 1.324612403e+00 1.522907758e+00 
1.335004595e+00 1.118701550e+00 1.374923641e+00 
1.233124399e+00 1.188468992e+00 1.308949297e+00 
1.253894493e+00 1.378875969e+00 1.661881491e+00 
1.282363602e+00 1.174903101e+00 1.378741600e+00 
1.032766333e+00 1.138081395e+00 1.269242517e+00 
1.161862460e+00 1.193798450e+00 1.404398290e+00 
1.199910618e+00 1.290213178e+00 1.553604154e+00 
1.535539922e+00 1.461724806e+00 1.701588271e+00 
1.136974013e+00 1.194282946e+00 1.409437996e+00 
1.182184569e+00 1.122577519e+00 1.292150275e+00 
1.051029534e+00 1.090600775e+00 1.147984117e+00 
1.401611566e+00 1.187984496e+00 1.427306048e+00 
1.118353067e+00 1.092538760e+00 1.288179597e+00 
1.595346536e+00 1.743701550e+00 1.960293219e+00 
1.062757733e+00 1.114341085e+00 1.215638363e+00 
1.101701325e+00 1.151647287e+00 1.288179597e+00 
1.094986912e+00 1.224321705e+00 1.413408674e+00 
1.242703985e+00 1.186046512e+00 1.382712279e+00 
1.382811212e+00 1.176841085e+00 1.382712279e+00 
1.319068878e+00 1.651647287e+00 1.703879047e+00 
1.032050308e+00 1.140503876e+00 1.211820403e+00 
1.131513316e+00 1.217538760e+00 1.404398290e+00 
1.183348580e+00 1.089631783e+00 1.238546121e+00 
1.361056515e+00 1.570251938e+00 1.680971289e+00 
1.538139742e+00 1.756782946e+00 1.869731216e+00 
1.000000000e+00 1.039244186e+00 1.000000000e+00 
1.032766333e+00 1.114341085e+00 1.147984117e+00 
1.447269571e+00 1.227228682e+00 1.518937080e+00 
1.450045040e+00 1.583333333e+00 1.825137447e+00 
1.143240977e+00 1.092054264e+00 1.283139890e+00 
1.283975061e+00 1.052325581e+00 1.234728161e+00 
1.105281987e+00 1.114341085e+00 1.269242517e+00 
1.086661041e+00 1.000000000e+00 1.000000000e+00 
1.000000000e+00 1.062984496e+00 1.121258400e+00 
1.086661041e+00 1.012596899e+00 1.147984117e+00 
1.065980651e+00 1.181201550e+00 1.292150275e+00 

1.239659939e+00 1.269379845e+00 1.496182040e+00 
1.292659213e+00 1.275193798e+00 1.517868051e+00 
1.384243799e+00 1.415697674e+00 1.640195480e+00 
1.384691247e+00 1.581879845e+00 1.783139890e+00 
1.188720109e+00 1.327519380e+00 1.567501527e+00 
1.396240036e+00 1.160852713e+00 1.378741600e+00 
1.216472656e+00 1.478682171e+00 1.635155773e+00 
1.459624090e+00 1.394864341e+00 1.608277337e+00 
1.421396523e+00 1.736434109e+00 1.869731216e+00 
1.519607964e+00 1.679748062e+00 1.873701894e+00 
1.364369138e+00 1.508236434e+00 1.670891875e+00 
1.369919540e+00 1.289728682e+00 1.526725718e+00 
1.156669802e+00 1.312984496e+00 1.513897373e+00 
1.584243584e+00 1.309108527e+00 1.596670739e+00 
1.207251888e+00 1.322674419e+00 1.518937080e+00 
1.720949020e+00 1.850290698e+00 1.905620037e+00 
1.415398672e+00 1.488372093e+00 1.701588271e+00 
1.309042380e+00 1.327034884e+00 1.567501527e+00 
1.094807503e+00 1.191860465e+00 1.306200367e+00 
1.666696568e+00 1.793120155e+00 1.878741600e+00 
1.321038618e+00 1.487403101e+00 1.647984117e+00 
1.352730644e+00 1.188953488e+00 1.432345754e+00 
1.408415683e+00 1.447189922e+00 1.642944411e+00 
1.299283921e+00 1.265503876e+00 1.517868051e+00 
1.215577759e+00 1.301356589e+00 1.522907758e+00 
1.464995620e+00 1.567829457e+00 1.725565058e+00 
1.428290344e+00 1.429263566e+00 1.688759927e+00 
1.521933837e+00 1.250000000e+00 1.513897373e+00 
1.523905188e+00 1.371124031e+00 1.631185095e+00 
1.094986912e+00 1.224321705e+00 1.413408674e+00 
1.237063879e+00 1.455910853e+00 1.590409285e+00 
1.326947300e+00 1.413759690e+00 1.608277337e+00 
1.363026256e+00 1.520833333e+00 1.688759927e+00 
1.310653839e+00 1.420058140e+00 1.594379963e+00 
1.515488001e+00 1.207364341e+00 1.510079414e+00 
1.317905404e+00 1.416666667e+00 1.639126451e+00 
1.175111876e+00 1.293120155e+00 1.496182040e+00 
1.305819462e+00 1.291666667e+00 1.522907758e+00 
1.697045712e+00 1.496608527e+00 1.779321930e+00 
1.543779849e+00 1.552810078e+00 1.783139890e+00 
1.161862460e+00 1.193798450e+00 1.404398290e+00 
1.357386149e+00 1.409883721e+00 1.613317043e+00 
1.516653623e+00 1.555717054e+00 1.770464264e+00 
1.362130821e+00 1.611434109e+00 1.783139890e+00 
1.572157642e+00 1.435077519e+00 1.697770312e+00 
1.413966085e+00 1.261627907e+00 1.473121564e+00 
1.073232216e+00 1.238372093e+00 1.432345754e+00 
1.440286582e+00 1.642926357e+00 1.825137447e+00 
1.136974013e+00 1.194282946e+00 1.409437996e+00 
1.401969847e+00 1.526647287e+00 1.703879047e+00 
1.627752976e+00 1.496124031e+00 1.744654856e+00 
1.332497702e+00 1.344476744e+00 1.590562004e+00 
1.233124399e+00 1.188468992e+00 1.308949297e+00 
1.258818575e+00 1.424418605e+00 1.607208308e+00 
1.747000941e+00 1.827519380e+00 1.905620037e+00 
1.289167719e+00 1.278585271e+00 1.503970678e+00 
1.376275671e+00 1.434108527e+00 1.640195480e+00 
1.221755018e+00 1.322189922e+00 1.526725718e+00 
1.214413749e+00 1.289244186e+00 1.445326817e+00 
1.587375186e+00 1.620639535e+00 1.873701894e+00 
1.448343877e+00 1.264050388e+00 1.506108735e+00 
1.517636613e+00 1.376937984e+00 1.609499084e+00 
1.391674236e+00 1.452034884e+00 1.654092853e+00 
1.848077019e+00 1.741763566e+00 1.960293219e+00 
1.562934725e+00 1.527131783e+00 1.738546121e+00 
1.687376958e+00 1.505813953e+00 1.779321930e+00 
1.158281261e+00 1.231104651e+00 1.423335370e+00 
1.116562199e+00 1.330910853e+00 1.500000000e+00 
1.075917981e+00 1.340116279e+00 1.553604154e+00 
1.539482625e+00 1.511143411e+00 1.721747098e+00 
1.265353578e+00 1.202519380e+00 1.419517410e+00 
1.499104835e+00 1.388081395e+00 1.654092853e+00 
1.131513316e+00 1.217538760e+00 1.404398290e+00 
1.351924915e+00 1.400193798e+00 1.604459377e+00 
1.183348580e+00 1.089631783e+00 1.238546121e+00 
1.239928516e+00 1.169089147e+00 1.373701894e+00 
1.360429658e+00 1.265503876e+00 1.522907758e+00 
1.246195480e+00 1.427810078e+00 1.593310935e+00 
1.051029534e+00 1.090600775e+00 1.147984117e+00 
1.410206014e+00 1.157945736e+00 1.423335370e+00 
1.335004595e+00 1.118701550e+00 1.374923641e+00 
1.488453091e+00 1.552325581e+00 1.734575443e+00 
1.538945472e+00 1.669573643e+00 1.864844227e+00 
1.118353067e+00 1.092538760e+00 1.288179597e+00 
1.095524065e+00 1.189437984e+00 1.363622480e+00 
1.565083337e+00 1.505329457e+00 1.744654856e+00 
1.032050308e+00 1.140503876e+00 1.211820403e+00 
1.143240977e+00 1.092054264e+00 1.283139890e+00 
1.216204079e+00 1.548934109e+00 1.654092853e+00 
1.401611566e+00 1.187984496e+00 1.427306048e+00 
1.065980651e+00 1.181201550e+00 1.292150275e+00 
1.283975061e+00 1.052325581e+00 1.234728161e+00 
1.032766333e+00 1.138081395e+00 1.269242517e+00 
1.105281987e+00 1.114341085e+00 1.269242517e+00 
1.101701325e+00 1.151647287e+00 1.288179597e+00 
1.552551557e+00 1.255813953e+00 1.517868051e+00 
1.282363602e+00 1.174903101e+00 1.378741600e+00 
1.094270350e+00 1.226744186e+00 1.355986561e+00 
1.182184569e+00 1.122577519e+00 1.292150275e+00 
1.305013732e+00 1.522286822e+00 1.639126451e+00 
1.032766333e+00 1.114341085e+00 1.147984117e+00 
1.086661041e+00 1.012596899e+00 1.147984117e+00 
1.062757733e+00 1.114341085e+00 1.215638363e+00 
1.242703985e+00 1.186046512e+00 1.382712279e+00 
1.000000000e+00 1.062984496e+00 1.121258400e+00 
1.000000000e+00 1.039244186e+00 1.000000000e+00 
1.086661041e+00 1.000000000e+00 1.000000000e+00 

1.501613339e+00 1.816860465e+00 1.905620037e+00 
1.156669802e+00 1.312984496e+00 1.513897373e+00 
1.477081562e+00 1.505329457e+00 1.752443494e+00 
1.182811427e+00 1.299903101e+00 1.518937080e+00 
1.249686974e+00 1.353682171e+00 1.609499084e+00 
1.129812152e+00 1.317829457e+00 1.567501527e+00 
1.500270457e+00 1.501453488e+00 1.717929139e+00 
1.491047540e+00 1.570251938e+00 1.779321930e+00 
1.552551557e+00 1.629844961e+00 1.839034820e+00 
1.299283921e+00 1.265503876e+00 1.517868051e+00 
1.570637499e+00 1.607558140e+00 1.865913256e+00 
1.731960657e+00 1.711724806e+00 1.905620037e+00 
1.798390367e+00 1.692344961e+00 1.873701894e+00 
1.094807503e+00 1.191860465e+00 1.306200367e+00 
1.281468168e+00 1.278100775e+00 1.450366524e+00 
1.244852597e+00 1.469961240e+00 1.584300550e+00 
1.425246298e+00 1.452519380e+00 1.688759927e+00 
1.214413749e+00 1.289244186e+00 1.445326817e+00 
1.596689419e+00 1.718023256e+00 1.960293219e+00 
1.248701836e+00 1.501937984e+00 1.638973732e+00 
1.601255219e+00 1.592054264e+00 1.792150275e+00 
1.239033082e+00 1.285852713e+00 1.487171655e+00 
1.462847008e+00 1.263565891e+00 1.513897373e+00 
1.545477252e+00 1.636143411e+00 1.822846671e+00 
1.771532718e+00 1.610949612e+00 1.869731216e+00 
1.131781892e+00 1.313468992e+00 1.518937080e+00 
1.286123673e+00 1.501453488e+00 1.688759927e+00 
1.550402945e+00 1.378391473e+00 1.661881491e+00 
1.106983150e+00 1.358527132e+00 1.553604154e+00 
1.782990191e+00 1.505813953e+00 1.770464264e+00 
1.297314181e+00 1.587693798e+00 1.779321930e+00 
1.409489989e+00 1.483042636e+00 1.680971289e+00 
1.360429658e+00 1.265503876e+00 1.522907758e+00 
1.401611566e+00 1.187984496e+00 1.427306048e+00 
1.285586520e+00 1.276162791e+00 1.465332926e+00 
1.382542635e+00 1.256782946e+00 1.510079414e+00 
1.310116686e+00 1.313468992e+00 1.548564447e+00 
1.281916154e+00 1.560562016e+00 1.734575443e+00 
1.370456693e+00 1.349806202e+00 1.658063531e+00 
1.488270459e+00 1.663759690e+00 1.869731216e+00 
1.253894493e+00 1.378875969e+00 1.661881491e+00 
1.211817688e+00 1.526162791e+00 1.635155773e+00 
1.073232216e+00 1.238372093e+00 1.432345754e+00 
1.341450431e+00 1.502422481e+00 1.693799633e+00 
1.272426272e+00 1.344476744e+00 1.644166158e+00 
1.335004595e+00 1.118701550e+00 1.374923641e+00 
1.492927575e+00 1.237887597e+00 1.469303604e+00 
1.474664373e+00 1.836240310e+00 1.812309102e+00 
1.256848835e+00 1.167635659e+00 1.374923641e+00 
1.094270350e+00 1.226744186e+00 1.355986561e+00 
1.515488001e+00 1.207364341e+00 1.510079414e+00 
1.158281261e+00 1.231104651e+00 1.423335370e+00 
1.313876757e+00 1.270348837e+00 1.522907758e+00 
1.183348580e+00 1.089631783e+00 1.238546121e+00 
1.161862460e+00 1.193798450e+00 1.404398290e+00 
1.569203300e+00 1.762596899e+00 1.878741600e+00 
1.131513316e+00 1.217538760e+00 1.404398290e+00 
1.239749644e+00 1.283430233e+00 1.544593769e+00 
1.633661659e+00 1.560562016e+00 1.783139890e+00 
1.215040606e+00 1.169573643e+00 1.378741600e+00 
1.263742119e+00 1.188468992e+00 1.432345754e+00 
1.410206014e+00 1.157945736e+00 1.423335370e+00 
1.105281987e+00 1.114341085e+00 1.269242517e+00 
1.051029534e+00 1.090600775e+00 1.147984117e+00 
1.396240036e+00 1.160852713e+00 1.378741600e+00 
1.095524065e+00 1.189437984e+00 1.363622480e+00 
1.283975061e+00 1.052325581e+00 1.234728161e+00 
1.032766333e+00 1.114341085e+00 1.147984117e+00 
1.062757733e+00 1.114341085e+00 1.215638363e+00 
1.101701325e+00 1.151647287e+00 1.288179597e+00 
1.094986912e+00 1.224321705e+00 1.413408674e+00 
1.735183575e+00 1.533430233e+00 1.784361637e+00 
1.239928516e+00 1.169089147e+00 1.373701894e+00 
1.136974013e+00 1.194282946e+00 1.409437996e+00 
1.032766333e+00 1.138081395e+00 1.269242517e+00 
1.032050308e+00 1.140503876e+00 1.211820403e+00 
1.866786058e+00 1.680717054e+00 1.878741600e+00 
1.242703985e+00 1.186046512e+00 1.382712279e+00 
1.143240977e+00 1.092054264e+00 1.283139890e+00 
1.000000000e+00 1.062984496e+00 1.121258400e+00 
1.382811212e+00 1.176841085e+00 1.382712279e+00 
1.182184569e+00 1.122577519e+00 1.292150275e+00 
1.086661041e+00 1.000000000e+00 1.000000000e+00 
1.118353067e+00 1.092538760e+00 1.288179597e+00 
1.086661041e+00 1.012596899e+00 1.147984117e+00 
1.000000000e+00 1.039244186e+00 1.000000000e+00 
1.065980651e+00 1.181201550e+00 1.292150275e+00 

1.301163957e+00 1.454941860e+00 1.594379963e+00 
1.444225525e+00 1.253875969e+00 1.567501527e+00 
1.241539975e+00 1.575581395e+00 1.642944411e+00 
1.413966085e+00 1.261627907e+00 1.473121564e+00 
1.353626078e+00 1.269864341e+00 1.496182040e+00 
1.344494477e+00 1.269864341e+00 1.446395846e+00 
1.426141732e+00 1.569767442e+00 1.779321930e+00 
1.144136411e+00 1.353682171e+00 1.553604154e+00 
1.428827497e+00 1.259689922e+00 1.544593769e+00 
1.225872833e+00 1.600290698e+00 1.647984117e+00 
1.531425330e+00 1.546511628e+00 1.779321930e+00 
1.389435920e+00 1.277616279e+00 1.567501527e+00 
1.521396684e+00 1.366279070e+00 1.617287721e+00 
1.493464728e+00 1.251937984e+00 1.456475260e+00 
1.309400124e+00 1.461724806e+00 1.688759927e+00 
1.242703985e+00 1.186046512e+00 1.382712279e+00 
1.256401386e+00 1.490794574e+00 1.644166158e+00 
1.471083174e+00 1.421027132e+00 1.631185095e+00 
1.188720109e+00 1.327519380e+00 1.567501527e+00 
1.515488001e+00 1.207364341e+00 1.510079414e+00 
1.434377899e+00 1.562500000e+00 1.783139890e+00 
1.317994572e+00 1.433139535e+00 1.638973732e+00 
1.285855097e+00 1.462693798e+00 1.598350641e+00 
1.435541909e+00 1.734011628e+00 1.788179597e+00 
1.606089596e+00 1.603682171e+00 1.822846671e+00 
1.353446669e+00 1.428779070e+00 1.688759927e+00 
1.181020558e+00 1.299903101e+00 1.553604154e+00 
1.158281261e+00 1.231104651e+00 1.423335370e+00 
1.554522909e+00 1.486918605e+00 1.729535736e+00 
1.219874983e+00 1.470930233e+00 1.594379963e+00 
1.527665259e+00 1.499031008e+00 1.748472816e+00 
1.215040606e+00 1.169573643e+00 1.378741600e+00 
1.140644917e+00 1.328972868e+00 1.522907758e+00 
1.451298218e+00 1.617732558e+00 1.865913256e+00 
1.413339228e+00 1.588662791e+00 1.779321930e+00 
1.239928516e+00 1.169089147e+00 1.373701894e+00 
1.167144285e+00 1.324612403e+00 1.522907758e+00 
1.401611566e+00 1.187984496e+00 1.427306048e+00 
1.228290022e+00 1.456395349e+00 1.593310935e+00 
1.571174652e+00 1.357558140e+00 1.639126451e+00 
1.131513316e+00 1.217538760e+00 1.404398290e+00 
1.323545511e+00 1.420058140e+00 1.590409285e+00 
1.254431646e+00 1.298934109e+00 1.513897373e+00 
1.193912230e+00 1.271317829e+00 1.494960293e+00 
1.363563408e+00 1.542151163e+00 1.730757483e+00 
1.542882803e+00 1.684108527e+00 1.873701894e+00 
1.602506786e+00 1.421511628e+00 1.658063531e+00 
1.516293730e+00 1.692829457e+00 1.873701894e+00 
1.448165005e+00 1.621124031e+00 1.816127062e+00 
1.459086937e+00 1.548934109e+00 1.748472816e+00 
1.601969633e+00 1.379360465e+00 1.654092853e+00 
1.410206014e+00 1.157945736e+00 1.423335370e+00 
1.073232216e+00 1.238372093e+00 1.432345754e+00 
1.711011690e+00 1.478197674e+00 1.733506414e+00 
1.783795921e+00 1.763081395e+00 1.913408674e+00 
1.360429658e+00 1.265503876e+00 1.522907758e+00 
1.174127274e+00 1.345930233e+00 1.567501527e+00 
1.333751417e+00 1.353682171e+00 1.609499084e+00 
1.396240036e+00 1.160852713e+00 1.378741600e+00 
1.095524065e+00 1.189437984e+00 1.363622480e+00 
1.136974013e+00 1.194282946e+00 1.409437996e+00 
1.335004595e+00 1.118701550e+00 1.374923641e+00 
1.106983150e+00 1.358527132e+00 1.553604154e+00 
2.000000000e+00 1.705426357e+00 1.905620037e+00 
1.667679558e+00 1.826065891e+00 1.905620037e+00 
1.094986912e+00 1.224321705e+00 1.413408674e+00 
1.161862460e+00 1.193798450e+00 1.404398290e+00 
1.297851334e+00 1.472383721e+00 1.642944411e+00 
1.305819462e+00 1.291666667e+00 1.522907758e+00 
1.062757733e+00 1.114341085e+00 1.215638363e+00 
1.182184569e+00 1.122577519e+00 1.292150275e+00 
1.382811212e+00 1.176841085e+00 1.382712279e+00 
1.613786998e+00 1.317829457e+00 1.604459377e+00 
1.283975061e+00 1.052325581e+00 1.234728161e+00 
1.141092365e+00 1.332848837e+00 1.544593769e+00 
1.118353067e+00 1.092538760e+00 1.288179597e+00 
1.263742119e+00 1.188468992e+00 1.432345754e+00 
1.677171052e+00 1.784399225e+00 1.905620037e+00 
1.101701325e+00 1.151647287e+00 1.288179597e+00 
1.032766333e+00 1.114341085e+00 1.147984117e+00 
1.256848835e+00 1.167635659e+00 1.374923641e+00 
1.105281987e+00 1.114341085e+00 1.269242517e+00 
1.143240977e+00 1.092054264e+00 1.283139890e+00 
1.065980651e+00 1.181201550e+00 1.292150275e+00 
1.051029534e+00 1.090600775e+00 1.147984117e+00 
1.183348580e+00 1.089631783e+00 1.238546121e+00 
1.032050308e+00 1.140503876e+00 1.211820403e+00 
1.000000000e+00 1.062984496e+00 1.121258400e+00 
1.086661041e+00 1.012596899e+00 1.147984117e+00 
1.000000000e+00 1.039244186e+00 1.000000000e+00 
1.032766333e+00 1.138081395e+00 1.269242517e+00 
1.086661041e+00 1.000000000e+00 1.000000000e+00 

1.214413749e+00 1.289244186e+00 1.445326817e+00 
1.418800462e+00 1.229166667e+00 1.461514966e+00 
1.542882803e+00 1.684108527e+00 1.873701894e+00 
1.516293730e+00 1.692829457e+00 1.873701894e+00 
1.418084437e+00 1.676841085e+00 1.815058033e+00 
1.416472978e+00 1.665697674e+00 1.779321930e+00 
1.175828438e+00 1.290697674e+00 1.553604154e+00 
1.711011690e+00 1.478197674e+00 1.733506414e+00 
1.131781892e+00 1.313468992e+00 1.518937080e+00 
1.783795921e+00 1.763081395e+00 1.913408674e+00 
1.350313456e+00 1.511143411e+00 1.688759927e+00 
1.228469431e+00 1.386143411e+00 1.567501527e+00 
1.333751417e+00 1.353682171e+00 1.609499084e+00 
1.304834323e+00 1.446705426e+00 1.661881491e+00 
2.000000000e+00 1.705426357e+00 1.905620037e+00 
1.540734191e+00 1.764534884e+00 1.960293219e+00 
1.403939050e+00 1.423449612e+00 1.635155773e+00 
1.249955551e+00 1.243217054e+00 1.522907758e+00 
1.249955551e+00 1.232558140e+00 1.432345754e+00 
1.199910618e+00 1.290213178e+00 1.553604154e+00 
1.239928516e+00 1.169089147e+00 1.373701894e+00 
1.348791701e+00 1.437984496e+00 1.654092853e+00 
1.401611566e+00 1.187984496e+00 1.427306048e+00 
1.382811212e+00 1.176841085e+00 1.382712279e+00 
1.698657171e+00 1.561531008e+00 1.769242517e+00 
1.228290022e+00 1.456395349e+00 1.593310935e+00 
1.552551557e+00 1.497093023e+00 1.729535736e+00 
1.344941926e+00 1.441860465e+00 1.640195480e+00 
1.626141517e+00 1.616763566e+00 1.878741600e+00 
1.389525624e+00 1.326550388e+00 1.567501527e+00 
1.318800301e+00 1.417151163e+00 1.590562004e+00 
1.140644917e+00 1.328972868e+00 1.522907758e+00 
1.242703985e+00 1.186046512e+00 1.382712279e+00 
1.525516647e+00 1.386143411e+00 1.635155773e+00 
1.332677111e+00 1.441375969e+00 1.608277337e+00 
1.383885518e+00 1.423934109e+00 1.613317043e+00 
1.404834484e+00 1.416666667e+00 1.658063531e+00 
1.158281261e+00 1.231104651e+00 1.423335370e+00 
1.473767328e+00 1.491279070e+00 1.691050703e+00 
1.396240036e+00 1.160852713e+00 1.378741600e+00 
1.761772648e+00 1.731104651e+00 1.909437996e+00 
1.439659724e+00 1.581879845e+00 1.865913256e+00 
1.256848835e+00 1.167635659e+00 1.374923641e+00 
1.354431808e+00 1.528100775e+00 1.752443494e+00 
1.259803176e+00 1.450581395e+00 1.647984117e+00 
1.335004595e+00 1.118701550e+00 1.374923641e+00 
1.094807503e+00 1.191860465e+00 1.306200367e+00 
1.410206014e+00 1.157945736e+00 1.423335370e+00 
1.318979710e+00 1.439437984e+00 1.604459377e+00 
1.550940098e+00 1.680232558e+00 1.869731216e+00 
1.418621590e+00 1.388565891e+00 1.654092853e+00 
1.075917981e+00 1.340116279e+00 1.553604154e+00 
1.278156083e+00 1.406007752e+00 1.590409285e+00 
1.095524065e+00 1.189437984e+00 1.363622480e+00 
1.170098627e+00 1.468507752e+00 1.567501527e+00 
1.131513316e+00 1.217538760e+00 1.404398290e+00 
1.094270350e+00 1.226744186e+00 1.355986561e+00 
1.183348580e+00 1.089631783e+00 1.238546121e+00 
1.161862460e+00 1.193798450e+00 1.404398290e+00 
1.032050308e+00 1.140503876e+00 1.211820403e+00 
1.309042380e+00 1.327034884e+00 1.567501527e+00 
1.032766333e+00 1.114341085e+00 1.147984117e+00 
1.444225525e+00 1.253875969e+00 1.567501527e+00 
1.136974013e+00 1.194282946e+00 1.409437996e+00 
1.215040606e+00 1.169573643e+00 1.378741600e+00 
1.492927575e+00 1.237887597e+00 1.469303604e+00 
1.105281987e+00 1.114341085e+00 1.269242517e+00 
1.073232216e+00 1.238372093e+00 1.432345754e+00 
1.032766333e+00 1.138081395e+00 1.269242517e+00 
1.459086937e+00 1.492248062e+00 1.725717776e+00 
1.118353067e+00 1.092538760e+00 1.288179597e+00 
1.182184569e+00 1.122577519e+00 1.292150275e+00 
1.094986912e+00 1.224321705e+00 1.413408674e+00 
1.690062723e+00 1.481589147e+00 1.671044594e+00 
1.283975061e+00 1.052325581e+00 1.234728161e+00 
1.263742119e+00 1.188468992e+00 1.432345754e+00 
1.256938539e+00 1.625484496e+00 1.642944411e+00 
1.101701325e+00 1.151647287e+00 1.288179597e+00 
1.051029534e+00 1.090600775e+00 1.147984117e+00 
1.062757733e+00 1.114341085e+00 1.215638363e+00 
1.143240977e+00 1.092054264e+00 1.283139890e+00 
1.086661041e+00 1.012596899e+00 1.147984117e+00 
1.000000000e+00 1.039244186e+00 1.000000000e+00 
1.065980651e+00 1.181201550e+00 1.292150275e+00 
1.086661041e+00 1.000000000e+00 1.000000000e+00 
1.000000000e+00 1.062984496e+00 1.121258400e+00 

1.192390476e+00 1.449612403e+00 1.639126451e+00 
1.249865846e+00 1.422965116e+00 1.608277337e+00 
1.583346538e+00 1.539244186e+00 1.783139890e+00 
1.170635780e+00 1.349321705e+00 1.553604154e+00 
1.263742119e+00 1.188468992e+00 1.432345754e+00 
1.401611566e+00 1.187984496e+00 1.427306048e+00 
1.368039504e+00 1.523740310e+00 1.752443494e+00 
1.357117573e+00 1.391472868e+00 1.640195480e+00 
1.499910564e+00 1.630329457e+00 1.839034820e+00 
1.094807503e+00 1.191860465e+00 1.306200367e+00 
1.193912230e+00 1.271317829e+00 1.494960293e+00 
1.335004595e+00 1.118701550e+00 1.374923641e+00 
1.711817420e+00 1.578488372e+00 1.792150275e+00 
1.355147833e+00 1.233042636e+00 1.522907758e+00 
1.585586466e+00 1.580426357e+00 1.822846671e+00 
1.174127274e+00 1.345930233e+00 1.567501527e+00 
1.292659213e+00 1.275193798e+00 1.517868051e+00 
1.300447932e+00 1.266957364e+00 1.500000000e+00 
1.340823574e+00 1.558139535e+00 1.783139890e+00 
1.073232216e+00 1.238372093e+00 1.432345754e+00 
1.451387923e+00 1.320736434e+00 1.590562004e+00 
1.220591008e+00 1.490310078e+00 1.644166158e+00 
1.220322431e+00 1.324612403e+00 1.522907758e+00 
1.428827497e+00 1.259689922e+00 1.544593769e+00 
1.416651850e+00 1.327034884e+00 1.567501527e+00 
1.256848835e+00 1.167635659e+00 1.374923641e+00 
1.328021606e+00 1.406492248e+00 1.627367135e+00 
1.453715407e+00 1.405038760e+00 1.658063531e+00 
1.603581092e+00 1.322189922e+00 1.658063531e+00 
1.696868452e+00 1.531007752e+00 1.783139890e+00 
1.142076967e+00 1.362887597e+00 1.553604154e+00 
1.242703985e+00 1.495155039e+00 1.688759927e+00 
1.473949960e+00 1.555717054e+00 1.779321930e+00 
1.131513316e+00 1.217538760e+00 1.404398290e+00 
1.734377845e+00 1.684593023e+00 1.960293219e+00 
1.516922199e+00 1.787306202e+00 1.869731216e+00 
1.387287308e+00 1.332364341e+00 1.544593769e+00 
1.270277660e+00 1.413759690e+00 1.658063531e+00 
1.158281261e+00 1.231104651e+00 1.423335370e+00 
1.342524737e+00 1.332848837e+00 1.544593769e+00 
1.577620487e+00 1.671511628e+00 1.913408674e+00 
1.332408535e+00 1.348837209e+00 1.631337813e+00 
1.094270350e+00 1.226744186e+00 1.355986561e+00 
1.247180081e+00 1.364341085e+00 1.593310935e+00 
1.506716292e+00 1.506782946e+00 1.775351252e+00 
1.282184730e+00 1.275678295e+00 1.507788638e+00 
1.136974013e+00 1.194282946e+00 1.409437996e+00 
1.462847008e+00 1.355620155e+00 1.688759927e+00 
1.261772916e+00 1.306686047e+00 1.500000000e+00 
1.242703985e+00 1.186046512e+00 1.382712279e+00 
1.273948026e+00 1.313953488e+00 1.540775809e+00 
1.225246513e+00 1.296027132e+00 1.496029322e+00 
1.427663487e+00 1.784399225e+00 1.820097740e+00 
1.410206014e+00 1.157945736e+00 1.423335370e+00 
1.094986912e+00 1.224321705e+00 1.413408674e+00 
1.095524065e+00 1.189437984e+00 1.363622480e+00 
1.515488001e+00 1.207364341e+00 1.510079414e+00 
1.215040606e+00 1.169573643e+00 1.378741600e+00 
1.065980651e+00 1.181201550e+00 1.292150275e+00 
1.131781892e+00 1.313468992e+00 1.518937080e+00 
1.182184569e+00 1.122577519e+00 1.292150275e+00 
1.101701325e+00 1.151647287e+00 1.288179597e+00 
1.226409986e+00 1.410368217e+00 1.607208308e+00 
1.396240036e+00 1.160852713e+00 1.378741600e+00 
1.161862460e+00 1.193798450e+00 1.404398290e+00 
1.283975061e+00 1.052325581e+00 1.234728161e+00 
1.382811212e+00 1.176841085e+00 1.382712279e+00 
1.143240977e+00 1.092054264e+00 1.283139890e+00 
1.344494477e+00 1.468507752e+00 1.738546121e+00 
1.062757733e+00 1.114341085e+00 1.215638363e+00 
1.239928516e+00 1.169089147e+00 1.373701894e+00 
1.183348580e+00 1.089631783e+00 1.238546121e+00 
1.499104835e+00 1.696220930e+00 1.812309102e+00 
1.051029534e+00 1.090600775e+00 1.147984117e+00 
1.105281987e+00 1.114341085e+00 1.269242517e+00 
1.032766333e+00 1.138081395e+00 1.269242517e+00 
1.032766333e+00 1.114341085e+00 1.147984117e+00 
1.118353067e+00 1.092538760e+00 1.288179597e+00 
1.032050308e+00 1.140503876e+00 1.211820403e+00 
1.086661041e+00 1.012596899e+00 1.147984117e+00 
1.000000000e+00 1.062984496e+00 1.121258400e+00 
1.086661041e+00 1.000000000e+00 1.000000000e+00 
1.000000000e+00 1.039244186e+00 1.000000000e+00 

1.274037731e+00 1.573643411e+00 1.688759927e+00 
1.471799736e+00 1.539728682e+00 1.783139890e+00 
1.291316331e+00 1.334786822e+00 1.644166158e+00 
1.356938163e+00 1.563953488e+00 1.683872938e+00 
1.402685872e+00 1.589631783e+00 1.728466707e+00 
1.821665207e+00 1.776647287e+00 1.913408674e+00 
1.249955551e+00 1.243217054e+00 1.522907758e+00 
1.435273333e+00 1.778585271e+00 1.812309102e+00 
1.371172718e+00 1.460271318e+00 1.661881491e+00 
1.361593668e+00 1.619186047e+00 1.783139890e+00 
1.416114697e+00 1.419089147e+00 1.688759927e+00 
1.483527398e+00 1.513081395e+00 1.783139890e+00 
1.576277605e+00 1.640503876e+00 1.869731216e+00 
1.193912230e+00 1.271317829e+00 1.494960293e+00 
1.200806052e+00 1.224321705e+00 1.413408674e+00 
1.403044153e+00 1.552810078e+00 1.728466707e+00 
1.401611566e+00 1.187984496e+00 1.427306048e+00 
1.095524065e+00 1.189437984e+00 1.363622480e+00 
1.441092311e+00 1.615310078e+00 1.730757483e+00 
1.658462013e+00 1.862887597e+00 1.960293219e+00 
1.444762678e+00 1.608527132e+00 1.779321930e+00 
1.100089866e+00 1.233527132e+00 1.378741600e+00 
1.106983150e+00 1.358527132e+00 1.553604154e+00 
1.249955551e+00 1.232558140e+00 1.432345754e+00 
1.410206014e+00 1.157945736e+00 1.423335370e+00 
1.393554272e+00 1.519379845e+00 1.688759927e+00 
1.451029642e+00 1.540697674e+00 1.738546121e+00 
1.256848835e+00 1.167635659e+00 1.374923641e+00 
1.396240036e+00 1.160852713e+00 1.378741600e+00 
1.242703985e+00 1.186046512e+00 1.382712279e+00 
1.233840961e+00 1.466569767e+00 1.654092853e+00 
1.215040606e+00 1.169573643e+00 1.378741600e+00 
1.459624090e+00 1.658430233e+00 1.869731216e+00 
1.231960925e+00 1.367732558e+00 1.644166158e+00 
1.094270350e+00 1.226744186e+00 1.355986561e+00 
1.326768429e+00 1.486434109e+00 1.661881491e+00 
1.579769099e+00 1.813468992e+00 1.905620037e+00 
1.199910618e+00 1.290213178e+00 1.553604154e+00 
1.161862460e+00 1.193798450e+00 1.404398290e+00 
1.697045712e+00 1.645348837e+00 1.873701894e+00 
1.183885733e+00 1.541182171e+00 1.644166158e+00 
1.094807503e+00 1.191860465e+00 1.306200367e+00 
1.335004595e+00 1.118701550e+00 1.374923641e+00 
1.213160571e+00 1.268410853e+00 1.449144777e+00 
1.631513047e+00 1.388081395e+00 1.661881491e+00 
1.610564080e+00 1.505329457e+00 1.752443494e+00 
1.723366209e+00 1.621608527e+00 1.816127062e+00 
1.158281261e+00 1.231104651e+00 1.423335370e+00 
1.175828438e+00 1.290697674e+00 1.553604154e+00 
1.239928516e+00 1.169089147e+00 1.373701894e+00 
1.392479966e+00 1.562500000e+00 1.688759927e+00 
1.413250060e+00 1.501937984e+00 1.688759927e+00 
1.183348580e+00 1.089631783e+00 1.238546121e+00 
1.267950176e+00 1.459302326e+00 1.647984117e+00 
1.032766333e+00 1.138081395e+00 1.269242517e+00 
1.283975061e+00 1.052325581e+00 1.234728161e+00 
1.389435920e+00 1.277616279e+00 1.567501527e+00 
1.428827497e+00 1.259689922e+00 1.544593769e+00 
1.433303593e+00 1.229166667e+00 1.469303604e+00 
1.118353067e+00 1.092538760e+00 1.288179597e+00 
1.129812152e+00 1.317829457e+00 1.567501527e+00 
1.263742119e+00 1.188468992e+00 1.432345754e+00 
1.136974013e+00 1.194282946e+00 1.409437996e+00 
1.062757733e+00 1.114341085e+00 1.215638363e+00 
1.382811212e+00 1.176841085e+00 1.382712279e+00 
1.708503186e+00 1.780523256e+00 1.960293219e+00 
1.051029534e+00 1.090600775e+00 1.147984117e+00 
1.065980651e+00 1.181201550e+00 1.292150275e+00 
1.131513316e+00 1.217538760e+00 1.404398290e+00 
1.032766333e+00 1.114341085e+00 1.147984117e+00 
1.592300879e+00 1.688953488e+00 1.873701894e+00 
1.143240977e+00 1.092054264e+00 1.283139890e+00 
1.073232216e+00 1.238372093e+00 1.432345754e+00 
1.182184569e+00 1.122577519e+00 1.292150275e+00 
1.105281987e+00 1.114341085e+00 1.269242517e+00 
1.465174491e+00 1.479651163e+00 1.748472816e+00 
1.032050308e+00 1.140503876e+00 1.211820403e+00 
1.000000000e+00 1.062984496e+00 1.121258400e+00 
1.086661041e+00 1.012596899e+00 1.147984117e+00 
1.101701325e+00 1.151647287e+00 1.288179597e+00 
1.086661041e+00 1.000000000e+00 1.000000000e+00 
1.000000000e+00 1.039244186e+00 1.000000000e+00 

1.542077074e+00 1.504844961e+00 1.752443494e+00 
1.860340222e+00 1.659883721e+00 1.820097740e+00 
1.299283921e+00 1.265503876e+00 1.517868051e+00 
1.369919540e+00 1.289728682e+00 1.526725718e+00 
1.346643089e+00 1.256298450e+00 1.442577886e+00 
1.315488216e+00 1.380813953e+00 1.658063531e+00 
1.557385934e+00 1.557170543e+00 1.779321930e+00 
1.539928462e+00 1.579457364e+00 1.784361637e+00 
1.675919485e+00 1.565406977e+00 1.792150275e+00 
1.389525624e+00 1.326550388e+00 1.567501527e+00 
1.476275832e+00 1.665697674e+00 1.784361637e+00 
1.267054742e+00 1.404069767e+00 1.658063531e+00 
1.440107710e+00 1.502422481e+00 1.734575443e+00 
1.169024321e+00 1.271802326e+00 1.500000000e+00 
1.701611513e+00 1.555717054e+00 1.792150275e+00 
1.852820080e+00 1.661337209e+00 1.822846671e+00 
1.558282980e+00 1.504360465e+00 1.752443494e+00 
1.486304479e+00 1.380329457e+00 1.658063531e+00 
1.356759292e+00 1.247093023e+00 1.510079414e+00 
1.459355513e+00 1.625484496e+00 1.783139890e+00 
1.477172878e+00 1.684593023e+00 1.816127062e+00 
1.793196098e+00 1.730135659e+00 1.913408674e+00 
1.175828438e+00 1.290697674e+00 1.553604154e+00 
1.199910618e+00 1.290213178e+00 1.553604154e+00 
1.214861197e+00 1.388565891e+00 1.654092853e+00 
1.645210448e+00 1.721899225e+00 1.822846671e+00 
1.284601919e+00 1.678294574e+00 1.744654856e+00 
1.717457526e+00 1.500484496e+00 1.725717776e+00 
1.463473865e+00 1.763081395e+00 1.873701894e+00 
1.132497917e+00 1.419573643e+00 1.688759927e+00 
1.131692188e+00 1.464631783e+00 1.647984117e+00 
1.075917981e+00 1.340116279e+00 1.553604154e+00 
1.482990245e+00 1.373062016e+00 1.631337813e+00 
1.570637499e+00 1.750000000e+00 1.822846671e+00 
1.158281261e+00 1.309108527e+00 1.518937080e+00 
1.433303593e+00 1.228682171e+00 1.469303604e+00 
1.401611566e+00 1.187984496e+00 1.427306048e+00 
1.647181800e+00 1.662790698e+00 1.855833842e+00 
1.283616780e+00 1.350290698e+00 1.567501527e+00 
1.769024213e+00 1.648740310e+00 1.815058033e+00 
1.256848835e+00 1.167635659e+00 1.374923641e+00 
1.524259709e+00 1.501453488e+00 1.701588271e+00 
1.500984870e+00 1.737403101e+00 1.819028711e+00 
1.158281261e+00 1.231104651e+00 1.423335370e+00 
1.831871113e+00 1.655523256e+00 1.819028711e+00 
1.116562199e+00 1.330910853e+00 1.500000000e+00 
1.333393136e+00 1.378391473e+00 1.640195480e+00 
1.280752143e+00 1.374031008e+00 1.608277337e+00 
1.156669802e+00 1.312984496e+00 1.513897373e+00 
1.136974013e+00 1.194282946e+00 1.409437996e+00 
1.646644647e+00 1.694767442e+00 1.909437996e+00 
1.095524065e+00 1.189437984e+00 1.363622480e+00 
1.242703985e+00 1.186046512e+00 1.382712279e+00 
1.215040606e+00 1.169573643e+00 1.378741600e+00 
1.428827497e+00 1.259689922e+00 1.544593769e+00 
1.420233049e+00 1.289728682e+00 1.548564447e+00 
1.447269571e+00 1.227228682e+00 1.518937080e+00 
1.239928516e+00 1.169089147e+00 1.373701894e+00 
1.131513316e+00 1.217538760e+00 1.404398290e+00 
1.396240036e+00 1.160852713e+00 1.378741600e+00 
1.094270350e+00 1.226744186e+00 1.355986561e+00 
1.094807503e+00 1.191860465e+00 1.306200367e+00 
1.599643760e+00 1.739341085e+00 1.913408674e+00 
1.828111042e+00 1.622093023e+00 1.815058033e+00 
1.410206014e+00 1.157945736e+00 1.423335370e+00 
1.774664320e+00 1.662790698e+00 1.873701894e+00 
1.263742119e+00 1.188468992e+00 1.432345754e+00 
1.073232216e+00 1.238372093e+00 1.432345754e+00 
1.491047540e+00 1.608042636e+00 1.779321930e+00 
1.283975061e+00 1.052325581e+00 1.234728161e+00 
1.418800462e+00 1.229166667e+00 1.461514966e+00 
1.360429658e+00 1.265503876e+00 1.522907758e+00 
1.525425331e+00 1.604651163e+00 1.779321930e+00 
1.335004595e+00 1.118701550e+00 1.374923641e+00 
1.382811212e+00 1.176841085e+00 1.382712279e+00 
1.094986912e+00 1.224321705e+00 1.413408674e+00 
1.512265083e+00 1.755329457e+00 1.865913256e+00 
1.344673349e+00 1.514050388e+00 1.775351252e+00 
1.143240977e+00 1.092054264e+00 1.283139890e+00 
1.182184569e+00 1.122577519e+00 1.292150275e+00 
1.032766333e+00 1.138081395e+00 1.269242517e+00 
1.118353067e+00 1.092538760e+00 1.288179597e+00 
1.032766333e+00 1.114341085e+00 1.147984117e+00 
1.183348580e+00 1.089631783e+00 1.238546121e+00 
1.602866678e+00 1.738856589e+00 1.825137447e+00 
1.105281987e+00 1.114341085e+00 1.269242517e+00 
1.051029534e+00 1.090600775e+00 1.147984117e+00 
1.507967859e+00 1.367732558e+00 1.596670739e+00 
1.062757733e+00 1.114341085e+00 1.215638363e+00 
1.000000000e+00 1.062984496e+00 1.121258400e+00 
1.086661041e+00 1.012596899e+00 1.147984117e+00 
1.101701325e+00 1.151647287e+00 1.288179597e+00 
1.065980651e+00 1.181201550e+00 1.292150275e+00 
1.000000000e+00 1.039244186e+00 1.000000000e+00 
1.032050308e+00 1.140503876e+00 1.211820403e+00 
1.086661041e+00 1.000000000e+00 1.000000000e+00 

1.282184730e+00 1.275678295e+00 1.507788638e+00 
1.644764612e+00 1.715116279e+00 1.873701894e+00 
1.331334229e+00 1.447189922e+00 1.654092853e+00 
1.577889064e+00 1.778100775e+00 1.909437996e+00 
1.403044153e+00 1.404069767e+00 1.582773366e+00 
1.195613394e+00 1.499031008e+00 1.644166158e+00 
1.573231947e+00 1.738372093e+00 1.820097740e+00 
1.406893392e+00 1.741763566e+00 1.757635919e+00 
1.193912230e+00 1.271317829e+00 1.494960293e+00 
1.263742119e+00 1.188468992e+00 1.432345754e+00 
1.129812152e+00 1.317829457e+00 1.567501527e+00 
1.400000107e+00 1.527131783e+00 1.703879047e+00 
1.213249738e+00 1.487887597e+00 1.688759927e+00 
1.175111876e+00 1.293120155e+00 1.496182040e+00 
1.273410873e+00 1.433624031e+00 1.647984117e+00 
1.176544463e+00 1.412790698e+00 1.590562004e+00 
1.810384994e+00 1.597383721e+00 1.825137447e+00 
1.492927575e+00 1.710271318e+00 1.816127062e+00 
1.502956221e+00 1.755813953e+00 1.819028711e+00 
1.772247131e+00 1.630329457e+00 1.864844227e+00 
1.395076026e+00 1.660852713e+00 1.734575443e+00 
1.428827497e+00 1.259689922e+00 1.544593769e+00 
1.518533658e+00 1.690891473e+00 1.815058033e+00 
1.576723442e+00 1.747093023e+00 1.839034820e+00 
1.131513316e+00 1.217538760e+00 1.404398290e+00 
1.515488001e+00 1.207364341e+00 1.510079414e+00 
1.199910618e+00 1.290213178e+00 1.553604154e+00 
1.528739565e+00 1.546511628e+00 1.752443494e+00 
1.407430545e+00 1.526162791e+00 1.728466707e+00 
1.415935825e+00 1.556201550e+00 1.744654856e+00 
1.306445782e+00 1.424418605e+00 1.640195480e+00 
1.552014404e+00 1.677325581e+00 1.815058033e+00 
1.473052914e+00 1.527616279e+00 1.730757483e+00 
1.335004595e+00 1.118701550e+00 1.374923641e+00 
1.401611566e+00 1.187984496e+00 1.427306048e+00 
1.094807503e+00 1.191860465e+00 1.306200367e+00 
1.410564295e+00 1.613372093e+00 1.733506414e+00 
1.161862460e+00 1.193798450e+00 1.404398290e+00 
1.439033404e+00 1.626453488e+00 1.783139890e+00 
1.732497810e+00 1.674903101e+00 1.865913256e+00 
1.350134584e+00 1.707848837e+00 1.693799633e+00 
1.356759292e+00 1.247093023e+00 1.510079414e+00 
1.433303593e+00 1.229166667e+00 1.469303604e+00 
1.415935825e+00 1.379360465e+00 1.688759927e+00 
1.690599876e+00 1.603197674e+00 1.822846671e+00 
1.239928516e+00 1.169089147e+00 1.373701894e+00 
1.439928301e+00 1.311531008e+00 1.567501527e+00 
1.623992905e+00 1.729166667e+00 1.869731216e+00 
1.452641101e+00 1.254360465e+00 1.567501527e+00 
1.094270350e+00 1.226744186e+00 1.355986561e+00 
1.073232216e+00 1.238372093e+00 1.432345754e+00 
1.647450376e+00 1.766957364e+00 1.960293219e+00 
1.095524065e+00 1.189437984e+00 1.363622480e+00 
1.136974013e+00 1.194282946e+00 1.409437996e+00 
1.483436082e+00 1.563468992e+00 1.775351252e+00 
1.307699497e+00 1.451550388e+00 1.654092853e+00 
1.633752975e+00 1.839631783e+00 1.913408674e+00 
1.424530273e+00 1.696220930e+00 1.783139890e+00 
1.506893553e+00 1.234980620e+00 1.513897373e+00 
1.381736906e+00 1.551841085e+00 1.730757483e+00 
1.369919540e+00 1.289728682e+00 1.526725718e+00 
1.158281261e+00 1.231104651e+00 1.423335370e+00 
1.233124399e+00 1.188468992e+00 1.308949297e+00 
1.396240036e+00 1.160852713e+00 1.378741600e+00 
1.065980651e+00 1.181201550e+00 1.292150275e+00 
1.778155814e+00 1.595930233e+00 1.779321930e+00 
1.094986912e+00 1.224321705e+00 1.413408674e+00 
1.611461126e+00 1.494670543e+00 1.725565058e+00 
1.143240977e+00 1.092054264e+00 1.283139890e+00 
1.577620487e+00 1.670542636e+00 1.815058033e+00 
1.242703985e+00 1.186046512e+00 1.382712279e+00 
1.382811212e+00 1.176841085e+00 1.382712279e+00 
1.338943538e+00 1.476259690e+00 1.661881491e+00 
1.183348580e+00 1.089631783e+00 1.238546121e+00 
1.062757733e+00 1.114341085e+00 1.215638363e+00 
1.499641988e+00 1.774224806e+00 1.865913256e+00 
1.591226573e+00 1.664244186e+00 1.784361637e+00 
1.677348312e+00 1.695251938e+00 1.855833842e+00 
1.276813200e+00 1.238372093e+00 1.469303604e+00 
1.032050308e+00 1.140503876e+00 1.211820403e+00 
1.182184569e+00 1.122577519e+00 1.292150275e+00 
1.032766333e+00 1.114341085e+00 1.147984117e+00 
1.594003654e+00 1.664728682e+00 1.819028711e+00 
1.532676897e+00 1.538275194e+00 1.744654856e+00 
1.221128161e+00 1.460755814e+00 1.635155773e+00 
1.101701325e+00 1.151647287e+00 1.288179597e+00 
1.118353067e+00 1.092538760e+00 1.288179597e+00 
1.283975061e+00 1.052325581e+00 1.234728161e+00 
1.410206014e+00 1.157945736e+00 1.423335370e+00 
1.282363602e+00 1.174903101e+00 1.378741600e+00 
1.105281987e+00 1.114341085e+00 1.269242517e+00 
1.032766333e+00 1.138081395e+00 1.269242517e+00 
1.051029534e+00 1.090600775e+00 1.147984117e+00 
1.000000000e+00 1.039244186e+00 1.000000000e+00 
1.086661041e+00 1.000000000e+00 1.000000000e+00 
1.592300879e+00 1.506298450e+00 1.744654856e+00 
1.086661041e+00 1.012596899e+00 1.147984117e+00 
1.000000000e+00 1.062984496e+00 1.121258400e+00 

1.433303593e+00 1.228682171e+00 1.469303604e+00 
1.415398672e+00 1.353197674e+00 1.609499084e+00 
1.305729757e+00 1.367732558e+00 1.617287721e+00 
1.488990244e+00 1.501937984e+00 1.729535736e+00 
1.555774475e+00 1.518895349e+00 1.752443494e+00 
1.378424283e+00 1.477713178e+00 1.697770312e+00 
1.545568568e+00 1.472868217e+00 1.725717776e+00 
1.561505898e+00 1.559593023e+00 1.779321930e+00 
1.480573056e+00 1.624031008e+00 1.869731216e+00 
1.429901803e+00 1.352713178e+00 1.617287721e+00 
1.306893768e+00 1.382751938e+00 1.640195480e+00 
1.319516863e+00 1.637112403e+00 1.733506414e+00 
1.131513316e+00 1.217538760e+00 1.404398290e+00 
1.308236650e+00 1.525193798e+00 1.688759927e+00 
1.361503964e+00 1.279554264e+00 1.510079414e+00 
1.282363602e+00 1.419573643e+00 1.613317043e+00 
1.300447932e+00 1.266957364e+00 1.500000000e+00 
1.382274059e+00 1.162306202e+00 1.329108125e+00 
1.073232216e+00 1.238372093e+00 1.432345754e+00 
1.251924753e+00 1.614341085e+00 1.721747098e+00 
1.465532773e+00 1.442829457e+00 1.688759927e+00 
1.239749644e+00 1.283430233e+00 1.544593769e+00 
1.605729704e+00 1.793604651e+00 1.913408674e+00 
1.286571121e+00 1.434108527e+00 1.654092853e+00 
1.716920373e+00 1.738856589e+00 1.878741600e+00 
1.533214050e+00 1.277616279e+00 1.567501527e+00 
1.644941872e+00 1.441860465e+00 1.733506414e+00 
1.286481954e+00 1.487403101e+00 1.635155773e+00 
1.413966085e+00 1.261627907e+00 1.473121564e+00 
1.410206014e+00 1.157945736e+00 1.423335370e+00 
1.591403833e+00 1.506298450e+00 1.779321930e+00 
1.610386820e+00 1.570736434e+00 1.783139890e+00 
1.449418183e+00 1.265988372e+00 1.522907758e+00 
1.601969633e+00 1.379360465e+00 1.654092853e+00 
1.611101233e+00 1.504360465e+00 1.752443494e+00 
1.415935825e+00 1.378391473e+00 1.640195480e+00 
1.505104833e+00 1.527131783e+00 1.738546121e+00 
1.322381500e+00 1.446220930e+00 1.661881491e+00 
1.136974013e+00 1.194282946e+00 1.409437996e+00 
1.367770928e+00 1.162790698e+00 1.321319487e+00 
1.094807503e+00 1.191860465e+00 1.306200367e+00 
1.352193491e+00 1.242248062e+00 1.469303604e+00 
1.347627691e+00 1.501453488e+00 1.688759927e+00 
1.450761065e+00 1.529069767e+00 1.744654856e+00 
1.401611566e+00 1.187984496e+00 1.427306048e+00 
1.420233049e+00 1.289728682e+00 1.548564447e+00 
1.095524065e+00 1.189437984e+00 1.363622480e+00 
1.531334014e+00 1.599321705e+00 1.783139890e+00 
1.447269571e+00 1.227228682e+00 1.518937080e+00 
1.502773589e+00 1.437500000e+00 1.661881491e+00 
1.579231946e+00 1.835755814e+00 1.905620037e+00 
1.616295503e+00 1.606589147e+00 1.873701894e+00 
1.841002714e+00 1.670058140e+00 1.878741600e+00 
1.176544463e+00 1.412790698e+00 1.590562004e+00 
1.175111876e+00 1.293120155e+00 1.496182040e+00 
1.396240036e+00 1.160852713e+00 1.378741600e+00 
1.263742119e+00 1.188468992e+00 1.432345754e+00 
1.353536374e+00 1.578488372e+00 1.779321930e+00 
1.486121847e+00 1.427325581e+00 1.658063531e+00 
1.215040606e+00 1.169573643e+00 1.378741600e+00 
1.158281261e+00 1.231104651e+00 1.423335370e+00 
1.242703985e+00 1.186046512e+00 1.382712279e+00 
1.105281987e+00 1.114341085e+00 1.269242517e+00 
1.560340276e+00 1.907945736e+00 1.878741600e+00 
1.193912230e+00 1.271317829e+00 1.494960293e+00 
1.143240977e+00 1.092054264e+00 1.283139890e+00 
1.094270350e+00 1.226744186e+00 1.355986561e+00 
1.449776464e+00 1.712209302e+00 1.822846671e+00 
1.129812152e+00 1.317829457e+00 1.567501527e+00 
1.094986912e+00 1.224321705e+00 1.413408674e+00 
1.062757733e+00 1.114341085e+00 1.215638363e+00 
1.239928516e+00 1.169089147e+00 1.373701894e+00 
1.118353067e+00 1.092538760e+00 1.288179597e+00 
1.283975061e+00 1.052325581e+00 1.234728161e+00 
1.101701325e+00 1.151647287e+00 1.288179597e+00 
1.717726102e+00 1.862887597e+00 1.960293219e+00 
1.065980651e+00 1.181201550e+00 1.292150275e+00 
1.182184569e+00 1.122577519e+00 1.292150275e+00 
1.032050308e+00 1.140503876e+00 1.211820403e+00 
1.382811212e+00 1.176841085e+00 1.382712279e+00 
1.032766333e+00 1.138081395e+00 1.269242517e+00 
1.032766333e+00 1.114341085e+00 1.147984117e+00 
1.000000000e+00 1.039244186e+00 1.000000000e+00 
1.051029534e+00 1.090600775e+00 1.147984117e+00 
1.086661041e+00 1.012596899e+00 1.147984117e+00 
1.000000000e+00 1.062984496e+00 1.121258400e+00 
1.183348580e+00 1.089631783e+00 1.238546121e+00 
1.086661041e+00 1.000000000e+00 1.000000000e+00 

1.209937653e+00 1.430232558e+00 1.639126451e+00 
1.411101448e+00 1.515988372e+00 1.688759927e+00 
1.306356615e+00 1.400678295e+00 1.594379963e+00 
1.601969633e+00 1.346414729e+00 1.600488699e+00 
1.433303593e+00 1.228682171e+00 1.469303604e+00 
1.712085996e+00 1.558624031e+00 1.792150275e+00 
1.741092258e+00 1.556686047e+00 1.783139890e+00 
1.372068152e+00 1.586240310e+00 1.775351252e+00 
1.372695009e+00 1.375968992e+00 1.617287721e+00 
1.472784338e+00 1.681201550e+00 1.788179597e+00 
1.359086775e+00 1.388081395e+00 1.598350641e+00 
1.575649136e+00 1.541182171e+00 1.779321930e+00 
1.132497917e+00 1.407461240e+00 1.544593769e+00 
1.433840746e+00 1.243217054e+00 1.522907758e+00 
1.175111876e+00 1.293120155e+00 1.496182040e+00 
1.772784284e+00 1.598837209e+00 1.815058033e+00 
1.305102900e+00 1.383236434e+00 1.584300550e+00 
1.533482626e+00 1.706395349e+00 1.825137447e+00 
1.486121847e+00 1.354651163e+00 1.658063531e+00 
1.174127274e+00 1.345930233e+00 1.567501527e+00 
1.136974013e+00 1.194282946e+00 1.409437996e+00 
1.397493214e+00 1.551356589e+00 1.730757483e+00 
1.239659939e+00 1.269379845e+00 1.496182040e+00 
1.441360888e+00 1.619186047e+00 1.779321930e+00 
1.322560372e+00 1.428779070e+00 1.635155773e+00 
1.462847008e+00 1.515019380e+00 1.744654856e+00 
1.465532773e+00 1.442829457e+00 1.688759927e+00 
1.705462900e+00 1.649224806e+00 1.816127062e+00 
1.188720109e+00 1.327519380e+00 1.567501527e+00 
1.472336889e+00 1.574612403e+00 1.769242517e+00 
1.278066378e+00 1.525193798e+00 1.688759927e+00 
1.789973180e+00 1.628875969e+00 1.825137447e+00 
1.625964257e+00 1.694282946e+00 1.873701894e+00 
1.445210663e+00 1.562984496e+00 1.752443494e+00 
1.673948134e+00 1.467538760e+00 1.733506414e+00 
1.346643089e+00 1.256298450e+00 1.442577886e+00 
1.352193491e+00 1.242248062e+00 1.469303604e+00 
1.178782779e+00 1.548449612e+00 1.594379963e+00 
1.263742119e+00 1.188468992e+00 1.432345754e+00 
1.364010857e+00 1.427810078e+00 1.661881491e+00 
1.356759292e+00 1.247093023e+00 1.510079414e+00 
1.648164790e+00 1.642441860e+00 1.792150275e+00 
1.143330682e+00 1.335271318e+00 1.472052535e+00 
1.520145117e+00 1.562015504e+00 1.783139890e+00 
1.410206014e+00 1.157945736e+00 1.423335370e+00 
1.094807503e+00 1.191860465e+00 1.306200367e+00 
1.514236434e+00 1.580426357e+00 1.783139890e+00 
1.546374298e+00 1.500968992e+00 1.729535736e+00 
1.713160302e+00 1.727228682e+00 1.960293219e+00 
1.142076967e+00 1.362887597e+00 1.553604154e+00 
1.474395797e+00 1.394379845e+00 1.658063531e+00 
1.073232216e+00 1.238372093e+00 1.432345754e+00 
1.627752976e+00 1.293120155e+00 1.567501527e+00 
1.095524065e+00 1.189437984e+00 1.363622480e+00 
1.656759238e+00 1.665697674e+00 1.822846671e+00 
1.242703985e+00 1.186046512e+00 1.382712279e+00 
1.307072640e+00 1.468023256e+00 1.658063531e+00 
1.205371852e+00 1.495639535e+00 1.640195480e+00 
1.396240036e+00 1.160852713e+00 1.378741600e+00 
1.274396012e+00 1.265988372e+00 1.522907758e+00 
1.575380559e+00 1.468992248e+00 1.691050703e+00 
1.175828438e+00 1.290697674e+00 1.553604154e+00 
1.382811212e+00 1.176841085e+00 1.382712279e+00 
1.094986912e+00 1.224321705e+00 1.413408674e+00 
1.094270350e+00 1.226744186e+00 1.355986561e+00 
1.455326866e+00 1.731589147e+00 1.960293219e+00 
1.466069926e+00 1.364825581e+00 1.600488699e+00 
1.161862460e+00 1.193798450e+00 1.404398290e+00 
1.428827497e+00 1.259689922e+00 1.544593769e+00 
1.558191664e+00 1.504360465e+00 1.752443494e+00 
1.263563247e+00 1.406007752e+00 1.586591326e+00 
1.476453093e+00 1.629360465e+00 1.783139890e+00 
1.447269571e+00 1.227228682e+00 1.518937080e+00 
1.335004595e+00 1.118701550e+00 1.374923641e+00 
1.131513316e+00 1.217538760e+00 1.404398290e+00 
1.475470103e+00 1.576550388e+00 1.779321930e+00 
1.285765392e+00 1.561046512e+00 1.730757483e+00 
1.541631237e+00 1.689437984e+00 1.812309102e+00 
1.101701325e+00 1.151647287e+00 1.288179597e+00 
1.376902529e+00 1.424418605e+00 1.640195480e+00 
1.051029534e+00 1.090600775e+00 1.147984117e+00 
1.032766333e+00 1.114341085e+00 1.147984117e+00 
1.105281987e+00 1.114341085e+00 1.269242517e+00 
1.239928516e+00 1.169089147e+00 1.373701894e+00 
1.158281261e+00 1.231104651e+00 1.423335370e+00 
1.283975061e+00 1.052325581e+00 1.234728161e+00 
1.065980651e+00 1.181201550e+00 1.292150275e+00 
1.153357179e+00 1.350775194e+00 1.503970678e+00 
1.032050308e+00 1.140503876e+00 1.211820403e+00 
1.215040606e+00 1.169573643e+00 1.378741600e+00 
1.143240977e+00 1.092054264e+00 1.283139890e+00 
1.183348580e+00 1.089631783e+00 1.238546121e+00 
1.595255220e+00 1.729651163e+00 1.865913256e+00 
1.032766333e+00 1.138081395e+00 1.269242517e+00 
1.086661041e+00 1.000000000e+00 1.000000000e+00 
1.182184569e+00 1.122577519e+00 1.292150275e+00 
1.062757733e+00 1.114341085e+00 1.215638363e+00 
1.118353067e+00 1.092538760e+00 1.288179597e+00 
1.086661041e+00 1.012596899e+00 1.147984117e+00 
1.000000000e+00 1.039244186e+00 1.000000000e+00 
1.000000000e+00 1.062984496e+00 1.121258400e+00 

1.731960657e+00 1.672480620e+00 1.905620037e+00 
1.559534546e+00 1.516957364e+00 1.721747098e+00 
1.629901588e+00 1.536821705e+00 1.783139890e+00 
1.144136411e+00 1.353682171e+00 1.553604154e+00 
1.158281261e+00 1.309108527e+00 1.518937080e+00 
1.291316331e+00 1.334786822e+00 1.644166158e+00 
1.287019107e+00 1.437500000e+00 1.661881491e+00 
1.334557147e+00 1.625000000e+00 1.783139890e+00 
1.504744941e+00 1.670058140e+00 1.812309102e+00 
1.242703985e+00 1.186046512e+00 1.382712279e+00 
1.571711805e+00 1.630813953e+00 1.825137447e+00 
1.429006369e+00 1.519379845e+00 1.744654856e+00 
1.428827497e+00 1.259689922e+00 1.544593769e+00 
1.116562199e+00 1.330910853e+00 1.500000000e+00 
1.245837199e+00 1.443313953e+00 1.631185095e+00 
1.624530058e+00 1.509205426e+00 1.728466707e+00 
1.444225525e+00 1.253875969e+00 1.567501527e+00 
1.715308914e+00 1.681686047e+00 1.909437996e+00 
1.237242751e+00 1.437984496e+00 1.593310935e+00 
1.704925747e+00 1.801841085e+00 1.909437996e+00 
1.648524682e+00 1.492732558e+00 1.717929139e+00 
1.156669802e+00 1.312984496e+00 1.513897373e+00 
1.677976781e+00 1.656976744e+00 1.878741600e+00 
1.188720109e+00 1.327519380e+00 1.567501527e+00 
1.456938325e+00 1.585755814e+00 1.783139890e+00 
1.627393084e+00 1.502422481e+00 1.728466707e+00 
1.605192551e+00 1.354651163e+00 1.661881491e+00 
1.605192551e+00 1.518410853e+00 1.725717776e+00 
1.169024321e+00 1.353197674e+00 1.548564447e+00 
1.264727258e+00 1.390019380e+00 1.617287721e+00 
1.095524065e+00 1.189437984e+00 1.363622480e+00 
1.355147833e+00 1.233042636e+00 1.522907758e+00 
1.213249738e+00 1.487887597e+00 1.688759927e+00 
1.263742119e+00 1.188468992e+00 1.432345754e+00 
1.073232216e+00 1.238372093e+00 1.432345754e+00 
1.249955551e+00 1.232558140e+00 1.432345754e+00 
1.506447716e+00 1.743701550e+00 1.865913256e+00 
1.213160571e+00 1.268410853e+00 1.449144777e+00 
1.215040606e+00 1.169573643e+00 1.378741600e+00 
1.207520464e+00 1.541182171e+00 1.658063531e+00 
1.287914004e+00 1.429263566e+00 1.688759927e+00 
1.546105721e+00 1.652616279e+00 1.819028711e+00 
1.161862460e+00 1.193798450e+00 1.404398290e+00 
1.170635780e+00 1.349321705e+00 1.553604154e+00 
1.150671414e+00 1.317829457e+00 1.449144777e+00 
1.389435920e+00 1.277616279e+00 1.567501527e+00 
1.712891726e+00 1.697189922e+00 1.905620037e+00 
1.256848835e+00 1.167635659e+00 1.374923641e+00 
1.335004595e+00 1.118701550e+00 1.374923641e+00 
1.410206014e+00 1.157945736e+00 1.423335370e+00 
1.239928516e+00 1.169089147e+00 1.373701894e+00 
1.382811212e+00 1.176841085e+00 1.382712279e+00 
1.598300878e+00 1.689922481e+00 1.873701894e+00 
1.175828438e+00 1.290697674e+00 1.553604154e+00 
1.094807503e+00 1.191860465e+00 1.306200367e+00 
1.425156594e+00 1.777131783e+00 1.816127062e+00 
1.587643762e+00 1.501453488e+00 1.697770312e+00 
1.169024321e+00 1.271802326e+00 1.500000000e+00 
1.062757733e+00 1.114341085e+00 1.215638363e+00 
1.094270350e+00 1.226744186e+00 1.355986561e+00 
1.193912230e+00 1.271317829e+00 1.494960293e+00 
1.528825510e+00 1.810077519e+00 1.909437996e+00 
1.136974013e+00 1.194282946e+00 1.409437996e+00 
1.396240036e+00 1.160852713e+00 1.378741600e+00 
1.538585579e+00 1.404554264e+00 1.658063531e+00 
1.094986912e+00 1.224321705e+00 1.413408674e+00 
1.201611781e+00 1.231104651e+00 1.423335370e+00 
1.118353067e+00 1.092538760e+00 1.288179597e+00 
1.283975061e+00 1.052325581e+00 1.234728161e+00 
1.143240977e+00 1.092054264e+00 1.283139890e+00 
1.353536374e+00 1.529554264e+00 1.779321930e+00 
1.032050308e+00 1.140503876e+00 1.211820403e+00 
1.065980651e+00 1.181201550e+00 1.292150275e+00 
1.543151380e+00 1.665213178e+00 1.839034820e+00 
1.183348580e+00 1.089631783e+00 1.238546121e+00 
1.101701325e+00 1.151647287e+00 1.288179597e+00 
1.051029534e+00 1.090600775e+00 1.147984117e+00 
1.032766333e+00 1.138081395e+00 1.269242517e+00 
1.032766333e+00 1.114341085e+00 1.147984117e+00 
1.105281987e+00 1.114341085e+00 1.269242517e+00 
1.182184569e+00 1.122577519e+00 1.292150275e+00 
1.000000000e+00 1.039244186e+00 1.000000000e+00 
1.000000000e+00 1.062984496e+00 1.121258400e+00 
1.086661041e+00 1.000000000e+00 1.000000000e+00 
1.131513316e+00 1.217538760e+00 1.404398290e+00 
1.086661041e+00 1.012596899e+00 1.147984117e+00 

1.400626965e+00 1.553779070e+00 1.775351252e+00 
1.692211335e+00 1.740310078e+00 1.913408674e+00 
1.116562199e+00 1.330910853e+00 1.500000000e+00 
1.422918814e+00 1.437500000e+00 1.661881491e+00 
1.094986912e+00 1.224321705e+00 1.413408674e+00 
1.309042380e+00 1.327034884e+00 1.567501527e+00 
1.398209777e+00 1.405523256e+00 1.627367135e+00 
1.147627906e+00 1.350290698e+00 1.567501527e+00 
1.106983150e+00 1.358527132e+00 1.553604154e+00 
1.310564134e+00 1.461724806e+00 1.688759927e+00 
1.617724330e+00 1.823643411e+00 1.960293219e+00 
1.297135309e+00 1.341085271e+00 1.567501527e+00 
1.549060063e+00 1.515019380e+00 1.752443494e+00 
1.504836257e+00 1.664244186e+00 1.778252902e+00 
1.277439521e+00 1.485949612e+00 1.661881491e+00 
1.140644917e+00 1.328972868e+00 1.522907758e+00 
1.458728656e+00 1.375484496e+00 1.617287721e+00 
1.276813200e+00 1.238372093e+00 1.469303604e+00 
1.516385046e+00 1.669573643e+00 1.779321930e+00 
1.150671414e+00 1.317829457e+00 1.449144777e+00 
1.446732418e+00 1.675387597e+00 1.825137447e+00 
1.173142673e+00 1.488372093e+00 1.730757483e+00 
1.520413694e+00 1.620155039e+00 1.873701894e+00 
1.548077073e+00 1.363856589e+00 1.588271228e+00 
1.506893553e+00 1.234980620e+00 1.513897373e+00 
1.175828438e+00 1.290697674e+00 1.553604154e+00 
1.249955551e+00 1.232558140e+00 1.432345754e+00 
1.418531886e+00 1.734011628e+00 1.825137447e+00 
1.444225525e+00 1.253875969e+00 1.567501527e+00 
1.426141732e+00 1.479166667e+00 1.730757483e+00 
1.410206014e+00 1.157945736e+00 1.423335370e+00 
1.136974013e+00 1.194282946e+00 1.409437996e+00 
1.213160571e+00 1.268410853e+00 1.449144777e+00 
1.650136141e+00 1.593507752e+00 1.825137447e+00 
1.107967751e+00 1.417635659e+00 1.644166158e+00 
1.249955551e+00 1.243217054e+00 1.522907758e+00 
1.131513316e+00 1.217538760e+00 1.404398290e+00 
1.095524065e+00 1.189437984e+00 1.363622480e+00 
1.550402945e+00 1.378391473e+00 1.661881491e+00 
1.073232216e+00 1.238372093e+00 1.432345754e+00 
1.454073688e+00 1.368217054e+00 1.609499084e+00 
1.239749644e+00 1.283430233e+00 1.544593769e+00 
1.736257881e+00 1.580426357e+00 1.783139890e+00 
1.380662600e+00 1.414244186e+00 1.647984117e+00 
1.144136411e+00 1.353682171e+00 1.553604154e+00 
1.506265084e+00 1.793604651e+00 1.865913256e+00 
1.141092365e+00 1.332848837e+00 1.544593769e+00 
1.158281261e+00 1.309108527e+00 1.518937080e+00 
1.512802236e+00 1.404069767e+00 1.658063531e+00 
1.352730644e+00 1.408914729e+00 1.608277337e+00 
1.401611566e+00 1.187984496e+00 1.427306048e+00 
1.384601543e+00 1.390503876e+00 1.609499084e+00 
1.589975006e+00 1.607073643e+00 1.865913256e+00 
1.467502513e+00 1.432170543e+00 1.658063531e+00 
1.239928516e+00 1.169089147e+00 1.373701894e+00 
1.215040606e+00 1.169573643e+00 1.378741600e+00 
1.723994678e+00 1.752906977e+00 1.960293219e+00 
1.193912230e+00 1.271317829e+00 1.494960293e+00 
1.167144285e+00 1.324612403e+00 1.522907758e+00 
1.418621590e+00 1.388565891e+00 1.654092853e+00 
1.382811212e+00 1.176841085e+00 1.382712279e+00 
1.169024321e+00 1.271802326e+00 1.500000000e+00 
1.158281261e+00 1.231104651e+00 1.423335370e+00 
1.256848835e+00 1.167635659e+00 1.374923641e+00 
1.242703985e+00 1.186046512e+00 1.382712279e+00 
1.161862460e+00 1.193798450e+00 1.404398290e+00 
1.094270350e+00 1.226744186e+00 1.355986561e+00 
1.406893392e+00 1.492248062e+00 1.738546121e+00 
1.408236274e+00 1.378391473e+00 1.586591326e+00 
1.182184569e+00 1.122577519e+00 1.292150275e+00 
1.554522909e+00 1.433624031e+00 1.744654856e+00 
1.118353067e+00 1.092538760e+00 1.288179597e+00 
1.051029534e+00 1.090600775e+00 1.147984117e+00 
1.101701325e+00 1.151647287e+00 1.288179597e+00 
1.335004595e+00 1.118701550e+00 1.374923641e+00 
1.105281987e+00 1.114341085e+00 1.269242517e+00 
1.143240977e+00 1.092054264e+00 1.283139890e+00 
1.396240036e+00 1.160852713e+00 1.378741600e+00 
1.062757733e+00 1.114341085e+00 1.215638363e+00 
1.283975061e+00 1.052325581e+00 1.234728161e+00 
1.032766333e+00 1.138081395e+00 1.269242517e+00 
1.263742119e+00 1.188468992e+00 1.432345754e+00 
1.446195265e+00 1.540697674e+00 1.744654856e+00 
1.065980651e+00 1.181201550e+00 1.292150275e+00 
1.183348580e+00 1.089631783e+00 1.238546121e+00 
1.094807503e+00 1.191860465e+00 1.306200367e+00 
1.032766333e+00 1.114341085e+00 1.147984117e+00 
1.032050308e+00 1.140503876e+00 1.211820403e+00 
1.086661041e+00 1.000000000e+00 1.000000000e+00 
1.000000000e+00 1.062984496e+00 1.121258400e+00 
1.086661041e+00 1.012596899e+00 1.147984117e+00 
1.000000000e+00 1.039244186e+00 1.000000000e+00 

1.433840746e+00 1.243217054e+00 1.522907758e+00 
1.576009028e+00 1.704941860e+00 1.909437996e+00 
1.360429658e+00 1.265503876e+00 1.522907758e+00 
1.277708097e+00 1.285852713e+00 1.465332926e+00 
1.290868345e+00 1.378391473e+00 1.586591326e+00 
1.320232888e+00 1.413275194e+00 1.658063531e+00 
1.447448443e+00 1.484011628e+00 1.678680513e+00 
1.199910618e+00 1.290213178e+00 1.553604154e+00 
1.305998334e+00 1.391472868e+00 1.631337813e+00 
1.487824622e+00 1.507267442e+00 1.721747098e+00 
1.158281261e+00 1.231104651e+00 1.423335370e+00 
1.165532826e+00 1.328488372e+00 1.517868051e+00 
1.214413749e+00 1.289244186e+00 1.445326817e+00 
1.451387923e+00 1.320736434e+00 1.590562004e+00 
1.465085324e+00 1.747093023e+00 1.820097740e+00 
1.454073688e+00 1.368217054e+00 1.609499084e+00 
1.180751982e+00 1.336240310e+00 1.567501527e+00 
1.382811212e+00 1.176841085e+00 1.382712279e+00 
1.401611566e+00 1.187984496e+00 1.427306048e+00 
1.352730644e+00 1.503875969e+00 1.688759927e+00 
1.564191663e+00 1.453003876e+00 1.734575443e+00 
1.465353901e+00 1.555717054e+00 1.779321930e+00 
1.499733304e+00 1.723837209e+00 1.820097740e+00 
1.319516863e+00 1.463178295e+00 1.658063531e+00 
1.658010804e+00 1.628391473e+00 1.825137447e+00 
1.831333960e+00 1.668120155e+00 1.869731216e+00 
1.177260488e+00 1.332848837e+00 1.544593769e+00 
1.613786998e+00 1.766957364e+00 1.913408674e+00 
1.414503238e+00 1.536337209e+00 1.703879047e+00 
1.389435920e+00 1.277616279e+00 1.567501527e+00 
1.416472978e+00 1.620155039e+00 1.819028711e+00 
1.403401897e+00 1.411821705e+00 1.654092853e+00 
1.579231946e+00 1.776162791e+00 1.960293219e+00 
1.696062722e+00 1.684108527e+00 1.839034820e+00 
1.300447932e+00 1.266957364e+00 1.500000000e+00 
1.539482625e+00 1.658914729e+00 1.822846671e+00 
1.509579318e+00 1.860949612e+00 1.865913256e+00 
1.318621429e+00 1.447189922e+00 1.654092853e+00 
1.216472656e+00 1.478682171e+00 1.635155773e+00 
1.470546021e+00 1.750484496e+00 1.822846671e+00 
1.726051974e+00 1.581879845e+00 1.865913256e+00 
1.293106662e+00 1.414244186e+00 1.642944411e+00 
1.335541748e+00 1.284399225e+00 1.513897373e+00 
1.396240036e+00 1.160852713e+00 1.378741600e+00 
1.357296445e+00 1.598352713e+00 1.779321930e+00 
1.316472817e+00 1.389050388e+00 1.612248015e+00 
1.116562199e+00 1.330910853e+00 1.500000000e+00 
1.131513316e+00 1.217538760e+00 1.404398290e+00 
1.094270350e+00 1.226744186e+00 1.355986561e+00 
1.073232216e+00 1.238372093e+00 1.432345754e+00 
1.095524065e+00 1.189437984e+00 1.363622480e+00 
1.352193491e+00 1.242248062e+00 1.469303604e+00 
1.263742119e+00 1.188468992e+00 1.432345754e+00 
1.635273118e+00 1.499515504e+00 1.748472816e+00 
1.616650024e+00 1.704457364e+00 1.869731216e+00 
1.239928516e+00 1.169089147e+00 1.373701894e+00 
1.242345704e+00 1.582848837e+00 1.730757483e+00 
1.672605251e+00 1.722868217e+00 1.960293219e+00 
1.659982156e+00 1.542635659e+00 1.765424557e+00 
1.566157643e+00 1.574612403e+00 1.812309102e+00 
1.075917981e+00 1.340116279e+00 1.553604154e+00 
1.779767273e+00 1.671027132e+00 1.873701894e+00 
1.256848835e+00 1.167635659e+00 1.374923641e+00 
1.514950848e+00 1.460755814e+00 1.661881491e+00 
1.426410309e+00 1.464631783e+00 1.661881491e+00 
1.484693020e+00 1.741763566e+00 1.825137447e+00 
1.292390637e+00 1.527616279e+00 1.688759927e+00 
1.410206014e+00 1.157945736e+00 1.423335370e+00 
1.215040606e+00 1.169573643e+00 1.378741600e+00 
1.428648088e+00 1.540213178e+00 1.738546121e+00 
1.183348580e+00 1.089631783e+00 1.238546121e+00 
1.136974013e+00 1.194282946e+00 1.409437996e+00 
1.051029534e+00 1.090600775e+00 1.147984117e+00 
1.032766333e+00 1.138081395e+00 1.269242517e+00 
1.283975061e+00 1.052325581e+00 1.234728161e+00 
1.372695009e+00 1.375968992e+00 1.617287721e+00 
1.382542635e+00 1.256782946e+00 1.510079414e+00 
1.242703985e+00 1.186046512e+00 1.382712279e+00 
1.062757733e+00 1.114341085e+00 1.215638363e+00 
1.065980651e+00 1.181201550e+00 1.292150275e+00 
1.143240977e+00 1.092054264e+00 1.283139890e+00 
1.101701325e+00 1.151647287e+00 1.288179597e+00 
1.446195265e+00 1.363856589e+00 1.573762981e+00 
1.241808551e+00 1.440406977e+00 1.644166158e+00 
1.032050308e+00 1.140503876e+00 1.211820403e+00 
1.105281987e+00 1.114341085e+00 1.269242517e+00 
1.094807503e+00 1.191860465e+00 1.306200367e+00 
1.161862460e+00 1.193798450e+00 1.404398290e+00 
1.335004595e+00 1.118701550e+00 1.374923641e+00 
1.445658112e+00 1.577519380e+00 1.748472816e+00 
1.182184569e+00 1.122577519e+00 1.292150275e+00 
1.000000000e+00 1.039244186e+00 1.000000000e+00 
1.094986912e+00 1.224321705e+00 1.413408674e+00 
1.118353067e+00 1.092538760e+00 1.288179597e+00 
1.610564080e+00 1.427810078e+00 1.698839340e+00 
1.000000000e+00 1.062984496e+00 1.121258400e+00 
1.032766333e+00 1.114341085e+00 1.147984117e+00 
1.086661041e+00 1.012596899e+00 1.147984117e+00 
1.086661041e+00 1.000000000e+00 1.000000000e+00 
