1.506874812e+00 1.672418092e+00 2.000000000e+00 
1.357703617e+00 1.672717299e+00 2.000000000e+00 
1.344765287e+00 1.674562410e+00 2.000000000e+00 
1.332825596e+00 1.675559767e+00 2.000000000e+00 
1.307853088e+00 1.682441530e+00 2.000000000e+00 
1.290108905e+00 1.684436244e+00 2.000000000e+00 
1.275460832e+00 1.688575276e+00 2.000000000e+00 
1.271489895e+00 1.690370518e+00 2.000000000e+00 
1.266446195e+00 1.694459682e+00 2.000000000e+00 
1.266195313e+00 1.698100035e+00 2.000000000e+00 
1.265326187e+00 1.728619159e+00 2.000000000e+00 
1.263195321e+00 1.735500923e+00 2.000000000e+00 
1.259970513e+00 1.750561013e+00 2.000000000e+00 
1.247433757e+00 1.776891238e+00 2.000000000e+00 
1.246558114e+00 1.789807011e+00 2.000000000e+00 
1.246252657e+00 1.815937765e+00 2.000000000e+00 
1.243483184e+00 1.832543759e+00 2.000000000e+00 
1.239817703e+00 1.850296714e+00 2.000000000e+00 
1.237366719e+00 1.938463073e+00 2.000000000e+00 
