1.392471104e+00 1.586246447e+00 1.499156588e+00 
1.348377007e+00 1.643744078e+00 1.823583705e+00 
1.321258970e+00 1.565052611e+00 1.368077658e+00 
1.321069180e+00 1.561113050e+00 1.332908975e+00 
1.386545244e+00 1.600009974e+00 1.581333546e+00 
1.328203019e+00 1.609534733e+00 1.587969446e+00 
1.333558692e+00 1.611629183e+00 1.597246976e+00 
1.335853283e+00 1.579813494e+00 1.448854233e+00 
1.397643504e+00 1.670473246e+00 1.967743475e+00 
1.381358997e+00 1.660300204e+00 1.905887969e+00 
1.340835078e+00 1.647783374e+00 1.851034373e+00 
1.326730310e+00 1.581658605e+00 1.415690643e+00 
1.345030016e+00 1.594125567e+00 1.521912794e+00 
1.427930959e+00 1.677355009e+00 2.000000000e+00 
1.360086180e+00 1.607540019e+00 1.577880331e+00 
1.308823218e+00 1.539570139e+00 1.195703374e+00 
1.343876612e+00 1.604747419e+00 1.570241884e+00 
1.334135395e+00 1.606143719e+00 1.572899427e+00 
1.497513990e+00 1.613723632e+00 1.606460853e+00 
1.315842205e+00 1.628035705e+00 1.729837683e+00 
1.353820652e+00 1.600708123e+00 1.552753024e+00 
1.346849723e+00 1.599411559e+00 1.536505411e+00 
1.314491679e+00 1.595471999e+00 1.521085296e+00 
1.350766085e+00 1.608437640e+00 1.580330999e+00 
1.320885906e+00 1.560365033e+00 1.303246340e+00 
1.334067787e+00 1.575425123e+00 1.398933800e+00 
1.350969723e+00 1.665286989e+00 1.903357734e+00 
1.352150822e+00 1.615917818e+00 1.621928708e+00 
1.336464196e+00 1.636712711e+00 1.733991088e+00 
1.330293972e+00 1.654814741e+00 1.838239975e+00 
1.392477620e+00 1.624345484e+00 1.652753024e+00 
1.367647658e+00 1.660100733e+00 1.881222151e+00 
1.355341419e+00 1.639106368e+00 1.753166773e+00 
1.470593075e+00 1.667979853e+00 1.922501591e+00 
1.324130263e+00 1.589637461e+00 1.415149586e+00 
1.315272019e+00 1.628285045e+00 1.693427753e+00 
1.434223366e+00 1.667680646e+00 1.920607893e+00 
1.342152207e+00 1.674412806e+00 1.952371101e+00 
1.376316111e+00 1.623098788e+00 1.647342457e+00 
1.300895192e+00 1.630130155e+00 1.694032463e+00 
1.327585589e+00 1.588889443e+00 1.438208148e+00 
1.304628280e+00 1.618161871e+00 1.592504774e+00 
1.320471299e+00 1.575425123e+00 1.345050923e+00 
1.333918724e+00 1.580711116e+00 1.395798854e+00 
1.327578258e+00 1.591382835e+00 1.464353915e+00 
1.332330349e+00 1.553184062e+00 1.226066200e+00 
1.322474281e+00 1.678501970e+00 1.960550605e+00 
1.329003722e+00 1.680396948e+00 1.979710376e+00 
1.324632841e+00 1.610083279e+00 1.589003819e+00 
1.326315704e+00 1.638707425e+00 1.746371738e+00 
1.373716064e+00 1.621153942e+00 1.636903246e+00 
1.325501153e+00 1.657607341e+00 1.859197963e+00 
1.365482581e+00 1.626888745e+00 1.648886060e+00 
1.289634022e+00 1.593277814e+00 1.456110757e+00 
1.315652415e+00 1.605944248e+00 1.548440484e+00 
1.320152810e+00 1.616815439e+00 1.590515595e+00 
1.311260355e+00 1.609235526e+00 1.557161044e+00 
1.288744532e+00 1.557073755e+00 1.239353915e+00 
1.311470509e+00 1.612826011e+00 1.585582432e+00 
1.356569762e+00 1.635864958e+00 1.737937619e+00 
1.304886492e+00 1.606742133e+00 1.537332909e+00 
1.338405272e+00 1.604697551e+00 1.550079567e+00 
1.307967939e+00 1.605794644e+00 1.538987906e+00 
1.289049989e+00 1.610332619e+00 1.533688733e+00 
1.331630650e+00 1.654615270e+00 1.810900700e+00 
1.307513420e+00 1.667630778e+00 1.871053469e+00 
1.300216671e+00 1.671320999e+00 1.890770210e+00 
1.363561055e+00 1.593676757e+00 1.489258434e+00 
1.342973275e+00 1.644940907e+00 1.754678549e+00 
1.275026677e+00 1.648531392e+00 1.740722470e+00 
1.274998982e+00 1.641649628e+00 1.717281986e+00 
1.281060871e+00 1.637959408e+00 1.678103119e+00 
1.291738008e+00 1.579264948e+00 1.317807129e+00 
1.284814323e+00 1.620256321e+00 1.574968173e+00 
1.288167830e+00 1.622699845e+00 1.597628899e+00 
1.273438302e+00 1.605944248e+00 1.463287715e+00 
1.268272418e+00 1.655762230e+00 1.798711012e+00 
1.348247493e+00 1.620106717e+00 1.627689370e+00 
1.283144493e+00 1.594075699e+00 1.400716104e+00 
1.268557511e+00 1.571784770e+00 1.293300446e+00 
1.307038536e+00 1.629481873e+00 1.655092298e+00 
1.281753240e+00 1.581010323e+00 1.301336728e+00 
1.275956079e+00 1.604897023e+00 1.505617441e+00 
1.289389657e+00 1.635615619e+00 1.653819223e+00 
1.279289223e+00 1.644891039e+00 1.735518778e+00 
1.268109508e+00 1.574677106e+00 1.282638447e+00 
1.270885499e+00 1.595721338e+00 1.435280076e+00 
1.300990494e+00 1.592430060e+00 1.419573520e+00 
1.272202628e+00 1.642846457e+00 1.690754297e+00 
1.284380167e+00 1.617264250e+00 1.553246340e+00 
1.269921885e+00 1.636812447e+00 1.640340547e+00 
1.279201251e+00 1.568842567e+00 1.290070019e+00 
1.310106136e+00 1.629432005e+00 1.621228517e+00 
1.322093885e+00 1.587393407e+00 1.383927435e+00 
1.279574316e+00 1.582955169e+00 1.357192871e+00 
1.280484169e+00 1.679200120e+00 1.913494589e+00 
1.285066019e+00 1.642547250e+00 1.732733927e+00 
1.270654981e+00 1.540866703e+00 1.069366645e+00 
1.284903109e+00 1.610482222e+00 1.523329090e+00 
1.270084795e+00 1.589487857e+00 1.370432845e+00 
1.271116831e+00 1.604248741e+00 1.448138129e+00 
1.269602580e+00 1.597516581e+00 1.413621897e+00 
1.280164865e+00 1.584501072e+00 1.367457034e+00 
1.272467357e+00 1.566748117e+00 1.216374920e+00 
1.263134230e+00 1.653917120e+00 1.769430299e+00 
1.268726938e+00 1.609484865e+00 1.487110121e+00 
1.284991081e+00 1.623697202e+00 1.589894971e+00 
1.286212907e+00 1.654266195e+00 1.787396563e+00 
1.262645499e+00 1.613873236e+00 1.532527053e+00 
1.281671785e+00 1.663192540e+00 1.826177594e+00 
1.276709539e+00 1.631875530e+00 1.632320178e+00 
1.274972102e+00 1.610581958e+00 1.497056015e+00 
1.299157754e+00 1.592230589e+00 1.384977721e+00 
1.282465972e+00 1.662394654e+00 1.806222151e+00 
1.295702428e+00 1.581459133e+00 1.329678549e+00 
1.267858627e+00 1.631077644e+00 1.624236155e+00 
1.275080437e+00 1.581957812e+00 1.295910248e+00 
1.318299706e+00 1.700344088e+00 1.987571610e+00 
1.272148053e+00 1.621852092e+00 1.533736474e+00 
1.268754633e+00 1.568393757e+00 1.146483132e+00 
1.261185824e+00 1.635017204e+00 1.516040738e+00 
1.259400327e+00 1.653817384e+00 1.676639083e+00 
1.266751652e+00 1.651323991e+00 1.657829408e+00 
1.264966970e+00 1.600907595e+00 1.345337365e+00 
1.257886891e+00 1.621552885e+00 1.430442393e+00 
1.276553960e+00 1.687129108e+00 1.809261617e+00 
1.259841814e+00 1.648282053e+00 1.447708466e+00 
1.249747896e+00 1.703236423e+00 1.801607257e+00 
1.257004733e+00 1.678252631e+00 1.638017187e+00 
1.259169809e+00 1.698050167e+00 1.776527689e+00 
1.256278153e+00 1.674811749e+00 1.603994271e+00 
1.249083223e+00 1.653667780e+00 1.448106302e+00 
1.251486149e+00 1.649977559e+00 1.382972629e+00 
1.246021325e+00 1.707724530e+00 1.735359644e+00 
1.249619197e+00 1.644392360e+00 1.333322724e+00 
1.247019150e+00 1.670622849e+00 1.455792489e+00 
1.310228319e+00 1.752854934e+00 1.968475493e+00 
1.276519749e+00 1.730713609e+00 1.833625080e+00 
1.252802463e+00 1.675160824e+00 1.484977721e+00 
1.275338650e+00 1.747568942e+00 1.914306174e+00 
1.274123339e+00 1.761132998e+00 1.983322724e+00 
1.255497813e+00 1.685034658e+00 1.531492680e+00 
1.254832325e+00 1.681892984e+00 1.497437938e+00 
1.249401712e+00 1.693911135e+00 1.526320815e+00 
1.267566203e+00 1.742831497e+00 1.809882241e+00 
1.261430189e+00 1.776941106e+00 2.000000000e+00 
1.266046250e+00 1.749812996e+00 1.806253978e+00 
1.242885303e+00 1.674961352e+00 1.393921069e+00 
1.258837473e+00 1.750261806e+00 1.809882241e+00 
1.263262929e+00 1.764025333e+00 1.854169319e+00 
1.237842417e+00 1.749563656e+00 1.770321451e+00 
1.249246133e+00 1.695706378e+00 1.464608530e+00 
1.243856248e+00 1.742781629e+00 1.709373011e+00 
1.247331938e+00 1.667331571e+00 1.236075748e+00 
1.242261357e+00 1.726026031e+00 1.527721197e+00 
1.258259956e+00 1.796389568e+00 1.956985996e+00 
1.243483184e+00 1.731361891e+00 1.582877148e+00 
1.237203809e+00 1.718894928e+00 1.511823679e+00 
1.232690381e+00 1.704782327e+00 1.356842775e+00 
1.242498391e+00 1.715404179e+00 1.358609166e+00 
1.259766875e+00 1.831995213e+00 1.993427753e+00 
1.236287439e+00 1.825661996e+00 1.852275621e+00 
1.237299111e+00 1.793946043e+00 1.651973265e+00 
1.255925452e+00 1.855233631e+00 1.963017187e+00 
1.226438701e+00 1.871839625e+00 1.641454488e+00 
1.221605154e+00 1.881513988e+00 1.684388924e+00 
1.227504134e+00 1.906896724e+00 1.839640356e+00 
