1.411819740e+00 1.668601791e+00 2.000000000e+00 
1.399265072e+00 1.669093772e+00 2.000000000e+00 
1.386587775e+00 1.669388960e+00 2.000000000e+00 
1.354709533e+00 1.669930139e+00 2.000000000e+00 
1.315951384e+00 1.670372921e+00 2.000000000e+00 
1.286895722e+00 1.671061694e+00 2.000000000e+00 
1.282218907e+00 1.684246778e+00 2.000000000e+00 
1.279664842e+00 1.684492768e+00 2.000000000e+00 
1.260375097e+00 1.691872479e+00 2.000000000e+00 
1.256381198e+00 1.694873561e+00 2.000000000e+00 
1.252565958e+00 1.701220112e+00 2.000000000e+00 
1.250141922e+00 1.705303552e+00 2.000000000e+00 
1.250046779e+00 1.705598741e+00 2.000000000e+00 
1.245115192e+00 1.706976287e+00 2.000000000e+00 
1.244380475e+00 1.708698219e+00 2.000000000e+00 
1.243458644e+00 1.716176326e+00 2.000000000e+00 
1.242676356e+00 1.718144249e+00 2.000000000e+00 
1.237984741e+00 1.718783824e+00 2.000000000e+00 
1.236211907e+00 1.741168946e+00 2.000000000e+00 
