1.720704746e+00 1.623569794e+00 1.710986197e+00 
1.324492568e+00 1.614068252e+00 1.675648687e+00 
2.000000000e+00 1.625858124e+00 1.750736869e+00 
1.330900174e+00 1.601034723e+00 1.575579429e+00 
1.988757263e+00 1.582628594e+00 1.467746871e+00 
1.443685958e+00 1.554273207e+00 1.277964791e+00 
1.501056365e+00 1.643617550e+00 1.813777441e+00 
1.316418924e+00 1.637449010e+00 1.775138113e+00 
1.981287256e+00 1.576161576e+00 1.413693688e+00 
1.308358108e+00 1.622724107e+00 1.682703303e+00 
1.978269071e+00 1.577106756e+00 1.414547329e+00 
1.315431978e+00 1.598845886e+00 1.553304234e+00 
1.433675394e+00 1.600537260e+00 1.571971588e+00 
1.968988154e+00 1.596010347e+00 1.541820349e+00 
1.386465706e+00 1.595363645e+00 1.509591380e+00 
1.962649966e+00 1.536364541e+00 1.167990078e+00 
1.961819965e+00 1.673166849e+00 1.989128159e+00 
1.386000905e+00 1.656302855e+00 1.893697553e+00 
1.958801781e+00 1.554919908e+00 1.287580331e+00 
1.387949898e+00 1.630733260e+00 1.735741782e+00 
1.956613597e+00 1.652074420e+00 1.862273906e+00 
1.289519354e+00 1.653318078e+00 1.854687777e+00 
1.324121331e+00 1.555765595e+00 1.275999807e+00 
1.423526749e+00 1.557904686e+00 1.291542513e+00 
1.435825851e+00 1.577206248e+00 1.396427594e+00 
1.293474685e+00 1.612227639e+00 1.599239776e+00 
1.526333660e+00 1.546413292e+00 1.223814969e+00 
1.940390855e+00 1.586757537e+00 1.456424050e+00 
1.940239946e+00 1.609889563e+00 1.603556300e+00 
1.596317815e+00 1.641030743e+00 1.779261359e+00 
1.533765940e+00 1.611580937e+00 1.608500974e+00 
1.935486305e+00 1.578400159e+00 1.405382769e+00 
1.401782993e+00 1.653417570e+00 1.862789312e+00 
1.932317211e+00 1.642722117e+00 1.779567381e+00 
1.368293971e+00 1.632673366e+00 1.747016284e+00 
1.928695390e+00 1.630285544e+00 1.718733390e+00 
1.331547574e+00 1.633220575e+00 1.739269090e+00 
1.270725119e+00 1.624962690e+00 1.670011436e+00 
1.923111748e+00 1.533926972e+00 1.130607051e+00 
1.920697201e+00 1.588001194e+00 1.444682462e+00 
1.328976081e+00 1.607451995e+00 1.589608131e+00 
1.363578058e+00 1.579594070e+00 1.365374394e+00 
1.390603637e+00 1.594368720e+00 1.478216052e+00 
1.393433185e+00 1.594318973e+00 1.512393899e+00 
1.561080510e+00 1.569595065e+00 1.322933948e+00 
1.914208104e+00 1.560242762e+00 1.303155250e+00 
1.404612541e+00 1.592130136e+00 1.449305007e+00 
1.535237305e+00 1.674360760e+00 1.947380289e+00 
1.910586282e+00 1.568202169e+00 1.327073300e+00 
1.399846827e+00 1.542184857e+00 1.163045404e+00 
1.546706406e+00 1.571535171e+00 1.341907324e+00 
1.559797782e+00 1.652969854e+00 1.844057532e+00 
1.897608089e+00 1.583573774e+00 1.417752509e+00 
1.895419905e+00 1.588001194e+00 1.416415675e+00 
1.373123066e+00 1.574221471e+00 1.335448645e+00 
1.519203199e+00 1.573176798e+00 1.305361831e+00 
1.548253226e+00 1.589642822e+00 1.434068323e+00 
1.426305742e+00 1.670480549e+00 1.904698246e+00 
1.541764129e+00 1.572082380e+00 1.324512378e+00 
1.377537161e+00 1.652472391e+00 1.793563870e+00 
1.374984532e+00 1.597701721e+00 1.451914249e+00 
1.364722704e+00 1.547706696e+00 1.134843043e+00 
1.278810835e+00 1.567306736e+00 1.235637090e+00 
1.295210141e+00 1.571883395e+00 1.250599965e+00 
1.590017355e+00 1.700726296e+00 2.000000000e+00 
1.340709273e+00 1.694010546e+00 1.952115580e+00 
1.399809100e+00 1.703412596e+00 2.000000000e+00 
1.263078548e+00 1.630932246e+00 1.556283924e+00 
1.265562514e+00 1.618943389e+00 1.485415626e+00 
1.265549687e+00 1.662172918e+00 1.726255094e+00 
1.297630725e+00 1.597801214e+00 1.356676921e+00 
1.266172187e+00 1.630136305e+00 1.566608147e+00 
1.258890817e+00 1.585911850e+00 1.267318440e+00 
1.260733419e+00 1.642771863e+00 1.575708280e+00 
1.289909454e+00 1.618694657e+00 1.457889735e+00 
1.338426771e+00 1.700726296e+00 1.925233946e+00 
1.256369879e+00 1.623420555e+00 1.456359624e+00 
1.288060816e+00 1.610934235e+00 1.393157988e+00 
1.263015921e+00 1.671773953e+00 1.683814647e+00 
1.253389421e+00 1.622176898e+00 1.365970332e+00 
1.304446540e+00 1.714655258e+00 1.886208063e+00 
1.278150607e+00 1.705700925e+00 1.741008585e+00 
1.298511280e+00 1.797482838e+00 2.000000000e+00 
1.325762469e+00 1.792259477e+00 1.911044180e+00 
1.229696672e+00 1.891155109e+00 1.611400132e+00 
