1.404892261e+00 1.596625012e+00 1.606941369e+00 
1.393181196e+00 1.653547181e+00 1.877370233e+00 
1.326536588e+00 1.536012988e+00 1.233458884e+00 
1.304743520e+00 1.536406573e+00 1.198784371e+00 
1.300199906e+00 1.580734035e+00 1.485734146e+00 
1.313424805e+00 1.565728623e+00 1.402062689e+00 
1.290484733e+00 1.549247270e+00 1.285705048e+00 
1.269249839e+00 1.563613106e+00 1.382227898e+00 
1.358853546e+00 1.528485683e+00 1.129661661e+00 
1.354759219e+00 1.552887927e+00 1.300528604e+00 
1.335566731e+00 1.570353242e+00 1.430756050e+00 
1.290760648e+00 1.550575617e+00 1.295662857e+00 
1.334985300e+00 1.555249434e+00 1.309872133e+00 
1.317156531e+00 1.521794746e+00 1.101550250e+00 
1.334352070e+00 1.624766309e+00 1.706664942e+00 
1.296701810e+00 1.606267834e+00 1.600135788e+00 
1.366277884e+00 1.556528584e+00 1.326279886e+00 
1.409488732e+00 1.526025780e+00 1.102035208e+00 
1.368767463e+00 1.593328742e+00 1.505310292e+00 
1.366519970e+00 1.543491095e+00 1.235447212e+00 
1.315470382e+00 1.546049395e+00 1.258159422e+00 
1.331259917e+00 1.597854964e+00 1.565897738e+00 
1.334129012e+00 1.530748795e+00 1.172936099e+00 
1.336803592e+00 1.608137361e+00 1.624222046e+00 
1.370910298e+00 1.641346059e+00 1.811561404e+00 
1.390924189e+00 1.623733150e+00 1.670002101e+00 
1.391921078e+00 1.579946866e+00 1.432792874e+00 
1.372351188e+00 1.614828299e+00 1.631771229e+00 
1.365555853e+00 1.603463544e+00 1.566657506e+00 
1.326492188e+00 1.605037883e+00 1.551866281e+00 
1.313480833e+00 1.657483027e+00 1.854367049e+00 
1.365735568e+00 1.640854079e+00 1.760382147e+00 
1.344534502e+00 1.631309653e+00 1.733677115e+00 
1.321544744e+00 1.600364066e+00 1.515494415e+00 
1.390182072e+00 1.604890288e+00 1.571216114e+00 
1.352819356e+00 1.669487356e+00 1.917201468e+00 
1.316877444e+00 1.634950310e+00 1.686135045e+00 
1.290416019e+00 1.611384434e+00 1.538319781e+00 
1.262909076e+00 1.573403523e+00 1.323337806e+00 
1.278137266e+00 1.561743580e+00 1.262847351e+00 
1.263200848e+00 1.612663584e+00 1.555972260e+00 
1.265773942e+00 1.584965069e+00 1.419408028e+00 
1.293571600e+00 1.579946866e+00 1.382405716e+00 
1.271214016e+00 1.548853685e+00 1.161167779e+00 
1.317741132e+00 1.644642330e+00 1.784403744e+00 
1.315799155e+00 1.605825052e+00 1.546725724e+00 
1.293920458e+00 1.589737282e+00 1.421105381e+00 
1.302793086e+00 1.545262226e+00 1.179967993e+00 
1.268319550e+00 1.564547870e+00 1.295646692e+00 
1.320449541e+00 1.637213421e+00 1.726968526e+00 
1.315129981e+00 1.594411099e+00 1.486607071e+00 
1.286587035e+00 1.584522287e+00 1.411616366e+00 
1.296540066e+00 1.549099675e+00 1.210116228e+00 
1.270595586e+00 1.584768277e+00 1.385089151e+00 
1.335520216e+00 1.651579258e+00 1.812563651e+00 
1.287330209e+00 1.660090524e+00 1.819029760e+00 
1.311405656e+00 1.654432746e+00 1.775399686e+00 
1.293025055e+00 1.623142773e+00 1.585619372e+00 
1.315339296e+00 1.626931024e+00 1.624723170e+00 
1.256669799e+00 1.571091213e+00 1.283716720e+00 
1.270309099e+00 1.595099872e+00 1.422479430e+00 
1.298099357e+00 1.656400669e+00 1.783482323e+00 
1.249827949e+00 1.552445144e+00 1.159583583e+00 
1.255625339e+00 1.584817475e+00 1.365464509e+00 
1.260933270e+00 1.550477221e+00 1.157934725e+00 
1.266663002e+00 1.564154285e+00 1.220235690e+00 
1.248870175e+00 1.620682869e+00 1.574045036e+00 
1.297436526e+00 1.546098593e+00 1.104750974e+00 
1.309786108e+00 1.638640165e+00 1.650167311e+00 
1.264328823e+00 1.600806848e+00 1.463086597e+00 
1.265557227e+00 1.568729706e+00 1.238308466e+00 
1.256539770e+00 1.567204566e+00 1.220348847e+00 
1.283264425e+00 1.631900030e+00 1.592958407e+00 
1.288408498e+00 1.627423005e+00 1.593605018e+00 
1.247422942e+00 1.665895897e+00 1.828502611e+00 
1.258580062e+00 1.619354521e+00 1.560838008e+00 
1.273274394e+00 1.600954443e+00 1.488158937e+00 
1.259129778e+00 1.602085998e+00 1.425874137e+00 
1.268219121e+00 1.627718193e+00 1.589321220e+00 
1.234630416e+00 1.556036603e+00 1.159729070e+00 
1.233012983e+00 1.570992817e+00 1.235948336e+00 
1.269535268e+00 1.662009249e+00 1.768319296e+00 
1.269436953e+00 1.610744859e+00 1.481757489e+00 
1.245719880e+00 1.559332874e+00 1.188390100e+00 
1.252157900e+00 1.596182230e+00 1.396970628e+00 
1.269045809e+00 1.663485191e+00 1.765668192e+00 
1.274998599e+00 1.654235954e+00 1.710657765e+00 
1.241758753e+00 1.604152317e+00 1.427135029e+00 
1.249483320e+00 1.633966349e+00 1.593912158e+00 
1.251693812e+00 1.587129785e+00 1.331274955e+00 
1.258347490e+00 1.607694578e+00 1.439048835e+00 
1.246452482e+00 1.610105284e+00 1.434166923e+00 
1.251782613e+00 1.584473089e+00 1.251095197e+00 
1.252037385e+00 1.603119158e+00 1.376780201e+00 
1.238370599e+00 1.636869035e+00 1.581497228e+00 
1.225476588e+00 1.607645380e+00 1.408253989e+00 
1.241517724e+00 1.598642133e+00 1.344708298e+00 
1.228905970e+00 1.585506248e+00 1.281825383e+00 
1.266205258e+00 1.647348224e+00 1.614070254e+00 
1.247555085e+00 1.602036800e+00 1.372658056e+00 
1.227177536e+00 1.597166191e+00 1.316693878e+00 
1.260480811e+00 1.613745941e+00 1.443187145e+00 
1.246602597e+00 1.580586441e+00 1.241040397e+00 
1.221744862e+00 1.560759618e+00 1.099351773e+00 
1.239065145e+00 1.620978058e+00 1.440924007e+00 
1.238333599e+00 1.606809013e+00 1.341378251e+00 
1.247218913e+00 1.621962019e+00 1.445062317e+00 
1.236613623e+00 1.607251796e+00 1.353162736e+00 
1.248595317e+00 1.688281019e+00 1.840658897e+00 
1.238266999e+00 1.632687199e+00 1.516108695e+00 
1.235281618e+00 1.646610253e+00 1.557718110e+00 
1.234784760e+00 1.619157729e+00 1.416304295e+00 
1.232522467e+00 1.631850831e+00 1.463587721e+00 
1.206077956e+00 1.566810981e+00 1.062478783e+00 
1.248291916e+00 1.658122602e+00 1.599052715e+00 
1.232228580e+00 1.679080980e+00 1.612502223e+00 
1.232207437e+00 1.665305520e+00 1.514896300e+00 
1.343916071e+00 1.745350782e+00 1.968962674e+00 
1.294031459e+00 1.733789235e+00 1.868172192e+00 
1.322257261e+00 1.745990357e+00 1.914889834e+00 
1.298804473e+00 1.796565975e+00 1.884094987e+00 
1.303897804e+00 1.839614287e+00 2.000000000e+00 
1.266772945e+00 1.907015645e+00 1.840739723e+00 
1.301804654e+00 1.990209584e+00 1.946783919e+00 
