1.341396352e+00 1.588587845e+00 1.534623168e+00 
1.357002735e+00 1.558274308e+00 1.337100834e+00 
1.352828447e+00 1.637228194e+00 1.797097873e+00 
1.334670504e+00 1.628708703e+00 1.764786207e+00 
1.364428353e+00 1.586557036e+00 1.518121843e+00 
1.340970113e+00 1.635098321e+00 1.784890512e+00 
1.335543958e+00 1.607459508e+00 1.648470790e+00 
1.350206407e+00 1.601565209e+00 1.598177122e+00 
1.323406219e+00 1.580167418e+00 1.489281543e+00 
1.336376298e+00 1.669423944e+00 1.986394222e+00 
1.341319998e+00 1.605181039e+00 1.581889673e+00 
1.319441694e+00 1.586259844e+00 1.513794976e+00 
1.324657247e+00 1.572985289e+00 1.415510916e+00 
1.344515111e+00 1.547327753e+00 1.258378165e+00 
1.335236865e+00 1.593342910e+00 1.542207525e+00 
1.336592774e+00 1.613750062e+00 1.681358275e+00 
1.326985619e+00 1.569963842e+00 1.398976688e+00 
1.373944891e+00 1.650651345e+00 1.848740602e+00 
1.344214730e+00 1.657288623e+00 1.904595035e+00 
1.339648605e+00 1.601911932e+00 1.572051396e+00 
1.327713077e+00 1.644014067e+00 1.815672145e+00 
1.312260241e+00 1.579374907e+00 1.437737525e+00 
1.349192831e+00 1.569765714e+00 1.380369511e+00 
1.314680069e+00 1.584625291e+00 1.459602191e+00 
1.309666728e+00 1.611372530e+00 1.633927249e+00 
1.346913124e+00 1.567635841e+00 1.356349637e+00 
1.333642664e+00 1.628560107e+00 1.716285804e+00 
1.312610126e+00 1.639358066e+00 1.778688120e+00 
1.340564850e+00 1.551290307e+00 1.261800174e+00 
1.329020322e+00 1.560453712e+00 1.324054423e+00 
1.316455505e+00 1.598791421e+00 1.539048747e+00 
1.331041600e+00 1.609490317e+00 1.601780103e+00 
1.352045611e+00 1.554559414e+00 1.303653982e+00 
1.329328254e+00 1.545841795e+00 1.247289538e+00 
1.324895538e+00 1.570261033e+00 1.354786700e+00 
1.313820040e+00 1.646886919e+00 1.844364378e+00 
1.310099679e+00 1.599039081e+00 1.533076683e+00 
1.339285295e+00 1.539699837e+00 1.193508053e+00 
1.330551593e+00 1.604586656e+00 1.550268990e+00 
1.339047004e+00 1.558670563e+00 1.307437935e+00 
1.322888523e+00 1.578780524e+00 1.414737673e+00 
1.312295481e+00 1.569864778e+00 1.344767451e+00 
1.313295632e+00 1.536183070e+00 1.176908017e+00 
1.333677065e+00 1.566149884e+00 1.332806870e+00 
1.310596399e+00 1.634157214e+00 1.730664824e+00 
1.301954154e+00 1.546188519e+00 1.254561308e+00 
1.300786193e+00 1.555550052e+00 1.303769146e+00 
1.391977815e+00 1.578235673e+00 1.432933550e+00 
1.285683241e+00 1.622467680e+00 1.700804501e+00 
1.318189827e+00 1.625043340e+00 1.715315137e+00 
1.295605041e+00 1.600475506e+00 1.531809881e+00 
1.346402980e+00 1.669374412e+00 1.941381636e+00 
1.306093202e+00 1.649363515e+00 1.764161032e+00 
1.312876105e+00 1.595472782e+00 1.477617097e+00 
1.293717172e+00 1.552033285e+00 1.241580705e+00 
1.301394506e+00 1.610827678e+00 1.543638846e+00 
1.295235019e+00 1.652484026e+00 1.791997763e+00 
1.300198856e+00 1.619594829e+00 1.581346758e+00 
1.320686010e+00 1.668334241e+00 1.846749914e+00 
1.328803846e+00 1.609391253e+00 1.549479295e+00 
1.307183971e+00 1.659715687e+00 1.820788707e+00 
1.279230085e+00 1.626529298e+00 1.584192949e+00 
1.293158363e+00 1.614691168e+00 1.556356218e+00 
1.296863620e+00 1.591658824e+00 1.398121185e+00 
1.311533621e+00 1.579919758e+00 1.333267525e+00 
1.310980685e+00 1.686760117e+00 1.919385354e+00 
1.279341679e+00 1.587745802e+00 1.368129247e+00 
1.281487976e+00 1.602555847e+00 1.427603113e+00 
1.357681529e+00 1.700133736e+00 2.000000000e+00 
1.279104227e+00 1.578730992e+00 1.300018097e+00 
1.281320166e+00 1.602654911e+00 1.428787654e+00 
1.285466765e+00 1.602060528e+00 1.396772124e+00 
1.319035593e+00 1.676903264e+00 1.864040932e+00 
1.315169237e+00 1.685175095e+00 1.876593784e+00 
1.275139702e+00 1.579325375e+00 1.285359393e+00 
1.281691027e+00 1.667442667e+00 1.786716681e+00 
1.292466144e+00 1.615731339e+00 1.485727917e+00 
1.341312447e+00 1.704938333e+00 2.000000000e+00 
1.272174489e+00 1.612759423e+00 1.464866821e+00 
1.292955312e+00 1.665510922e+00 1.773505750e+00 
1.273797218e+00 1.643370152e+00 1.649951467e+00 
1.275796681e+00 1.646193472e+00 1.664939210e+00 
1.266609052e+00 1.644410322e+00 1.654228978e+00 
1.322294474e+00 1.707018674e+00 2.000000000e+00 
1.264266416e+00 1.695626331e+00 1.932793709e+00 
1.297276434e+00 1.674921987e+00 1.797607884e+00 
1.268580826e+00 1.659468027e+00 1.723064015e+00 
1.283551207e+00 1.640794492e+00 1.632199793e+00 
1.287900018e+00 1.657932538e+00 1.705822352e+00 
1.282201171e+00 1.677497647e+00 1.819669974e+00 
1.275461060e+00 1.620882659e+00 1.478489051e+00 
1.267412864e+00 1.595522314e+00 1.298372900e+00 
1.256470776e+00 1.571053544e+00 1.192603195e+00 
1.262777097e+00 1.567933033e+00 1.140203675e+00 
1.262329882e+00 1.609589380e+00 1.356843196e+00 
1.260994110e+00 1.615681807e+00 1.382277940e+00 
1.266965649e+00 1.667492199e+00 1.695868911e+00 
1.249296874e+00 1.604982911e+00 1.310646069e+00 
1.271070296e+00 1.580613205e+00 1.196058108e+00 
1.259617224e+00 1.609341721e+00 1.322129543e+00 
1.265713782e+00 1.628659171e+00 1.496240725e+00 
1.280145492e+00 1.681163010e+00 1.818205748e+00 
1.253610445e+00 1.634702065e+00 1.515621144e+00 
1.252100149e+00 1.582792610e+00 1.205715414e+00 
1.304436073e+00 1.694932884e+00 1.857196914e+00 
1.256980920e+00 1.599039081e+00 1.273069773e+00 
1.270755651e+00 1.679379860e+00 1.737163352e+00 
1.277698814e+00 1.605379167e+00 1.358751625e+00 
1.271328724e+00 1.609985636e+00 1.358504845e+00 
1.259099528e+00 1.686611521e+00 1.791520655e+00 
1.263309057e+00 1.622517212e+00 1.397742790e+00 
1.249016630e+00 1.668928624e+00 1.649260484e+00 
1.245366750e+00 1.597305463e+00 1.251007683e+00 
1.256848350e+00 1.658328793e+00 1.598588421e+00 
1.269455119e+00 1.727822081e+00 2.000000000e+00 
1.252645534e+00 1.663430581e+00 1.588240133e+00 
1.264161534e+00 1.633860023e+00 1.423325601e+00 
1.259847964e+00 1.657486750e+00 1.538341313e+00 
1.253918377e+00 1.711773738e+00 1.839889443e+00 
1.230704301e+00 1.677249988e+00 1.616702038e+00 
1.246520448e+00 1.633810491e+00 1.336179524e+00 
1.243241429e+00 1.672742583e+00 1.601154928e+00 
1.257183971e+00 1.689880628e+00 1.660233947e+00 
1.254478025e+00 1.690029224e+00 1.654837701e+00 
1.225502173e+00 1.684134925e+00 1.585081355e+00 
1.239801312e+00 1.650799941e+00 1.393893029e+00 
1.267189676e+00 1.754321660e+00 2.000000000e+00 
1.230466849e+00 1.662241815e+00 1.432818387e+00 
1.256834086e+00 1.731883699e+00 1.878469309e+00 
1.239255928e+00 1.701718758e+00 1.689321027e+00 
1.247541575e+00 1.731190252e+00 1.826925292e+00 
1.235851051e+00 1.628807767e+00 1.264926048e+00 
1.246129449e+00 1.718757739e+00 1.759521577e+00 
1.243108859e+00 1.657536282e+00 1.413980883e+00 
1.242899096e+00 1.708058844e+00 1.717684221e+00 
1.240325720e+00 1.720441825e+00 1.788065742e+00 
1.238801161e+00 1.721729655e+00 1.788065742e+00 
1.260197010e+00 1.769825152e+00 1.928220062e+00 
1.248905036e+00 1.777205409e+00 1.955020318e+00 
1.235060664e+00 1.744118084e+00 1.672243884e+00 
1.237801849e+00 1.733716380e+00 1.623381538e+00 
1.223068920e+00 1.749021745e+00 1.536169653e+00 
1.230424896e+00 1.762841151e+00 1.588733692e+00 
1.223005991e+00 1.731437912e+00 1.320385634e+00 
1.254589619e+00 1.844271633e+00 2.000000000e+00 
1.219859543e+00 1.717866165e+00 1.211259727e+00 
1.248107936e+00 1.834612908e+00 1.857509501e+00 
1.232585458e+00 1.821189757e+00 1.760936446e+00 
1.221139098e+00 1.826192481e+00 1.678808219e+00 
1.226013156e+00 1.833176482e+00 1.701347416e+00 
