1.351829135e+00 1.669869731e+00 2.000000000e+00 
1.347528989e+00 1.671157561e+00 2.000000000e+00 
1.341941736e+00 1.671702412e+00 2.000000000e+00 
1.334054639e+00 1.672148200e+00 2.000000000e+00 
1.331180883e+00 1.672891178e+00 2.000000000e+00 
1.320566864e+00 1.675912626e+00 2.000000000e+00 
1.313379537e+00 1.677497647e+00 2.000000000e+00 
1.306568945e+00 1.681509733e+00 2.000000000e+00 
1.293458744e+00 1.694090842e+00 2.000000000e+00 
1.292745549e+00 1.698251523e+00 2.000000000e+00 
1.290557299e+00 1.706077567e+00 2.000000000e+00 
1.266091356e+00 1.707315865e+00 2.000000000e+00 
1.264280680e+00 1.716925058e+00 2.000000000e+00 
1.257491064e+00 1.719302591e+00 2.000000000e+00 
1.254289238e+00 1.727524890e+00 2.000000000e+00 
1.238724807e+00 1.749764723e+00 2.000000000e+00 
1.230655636e+00 1.810441329e+00 2.000000000e+00 
1.228914601e+00 1.886076576e+00 2.000000000e+00 
