1.304093464e+00 1.616750385e+00 1.685570606e+00 
1.379136349e+00 1.572337992e+00 1.400746208e+00 
1.325973735e+00 1.601531805e+00 1.582139671e+00 
1.314676356e+00 1.612224598e+00 1.658755779e+00 
1.369096303e+00 1.592430497e+00 1.541227999e+00 
1.302016178e+00 1.585418014e+00 1.497574824e+00 
1.328636260e+00 1.566568857e+00 1.393592343e+00 
1.382454424e+00 1.595563734e+00 1.541406440e+00 
1.307470477e+00 1.573481872e+00 1.410252251e+00 
1.297825415e+00 1.564629234e+00 1.373168951e+00 
1.335542281e+00 1.634256727e+00 1.739784249e+00 
1.304349894e+00 1.512856219e+00 1.049282180e+00 
1.304365404e+00 1.537325310e+00 1.189407089e+00 
1.306433385e+00 1.640075596e+00 1.802709060e+00 
1.300032984e+00 1.643706172e+00 1.823943548e+00 
1.325926171e+00 1.573879743e+00 1.458431341e+00 
1.356206579e+00 1.591933158e+00 1.532533052e+00 
1.338154141e+00 1.659123688e+00 1.885473274e+00 
1.323289496e+00 1.530660964e+00 1.121421040e+00 
1.326892952e+00 1.598299100e+00 1.524308541e+00 
1.333004869e+00 1.603620630e+00 1.591840376e+00 
1.403315180e+00 1.645198190e+00 1.857003812e+00 
1.321660961e+00 1.555279256e+00 1.321842810e+00 
1.337659894e+00 1.536181429e+00 1.173233839e+00 
1.322570872e+00 1.570895708e+00 1.379819937e+00 
1.328268159e+00 1.597752027e+00 1.571124990e+00 
1.319837002e+00 1.584821207e+00 1.434796009e+00 
1.349527001e+00 1.579549411e+00 1.479779382e+00 
1.281464585e+00 1.576615109e+00 1.415637927e+00 
1.333682133e+00 1.558561695e+00 1.324714089e+00 
1.323468376e+00 1.584821207e+00 1.459599319e+00 
1.300557217e+00 1.574725220e+00 1.406861870e+00 
1.276983271e+00 1.609887104e+00 1.602887501e+00 
1.318946736e+00 1.559257970e+00 1.314445616e+00 
1.269604716e+00 1.564131894e+00 1.306188661e+00 
1.332462024e+00 1.630526682e+00 1.725671182e+00 
1.306238994e+00 1.551698413e+00 1.244010058e+00 
1.318901240e+00 1.563435619e+00 1.337350961e+00 
1.300681296e+00 1.594270652e+00 1.520496391e+00 
1.337675404e+00 1.527676928e+00 1.096861059e+00 
1.315410489e+00 1.604565574e+00 1.538064725e+00 
1.242848147e+00 1.566767792e+00 1.359753427e+00 
1.303908380e+00 1.559407172e+00 1.283413091e+00 
1.244938876e+00 1.632068434e+00 1.727666477e+00 
1.274872897e+00 1.545034068e+00 1.225371076e+00 
1.291883072e+00 1.588799920e+00 1.480525590e+00 
1.239376007e+00 1.579300741e+00 1.422937789e+00 
1.334154666e+00 1.662704531e+00 1.858528672e+00 
1.296205152e+00 1.618789476e+00 1.631924730e+00 
1.256445120e+00 1.616402248e+00 1.563095142e+00 
1.249612512e+00 1.541751629e+00 1.156168383e+00 
1.264146281e+00 1.599592182e+00 1.510260362e+00 
1.251316528e+00 1.604863978e+00 1.533717252e+00 
1.259712530e+00 1.575123091e+00 1.400843540e+00 
1.298135612e+00 1.583577858e+00 1.432816936e+00 
1.278998518e+00 1.592231561e+00 1.465325655e+00 
1.333518762e+00 1.657681404e+00 1.829053451e+00 
1.283608047e+00 1.538319988e+00 1.108411063e+00 
1.239356362e+00 1.602029144e+00 1.522475464e+00 
1.259047674e+00 1.645894465e+00 1.727780031e+00 
1.265897860e+00 1.599492714e+00 1.488766323e+00 
1.256372741e+00 1.598149898e+00 1.455122070e+00 
1.293387528e+00 1.625006217e+00 1.634974450e+00 
1.253658516e+00 1.594618789e+00 1.451228810e+00 
1.254080384e+00 1.628636793e+00 1.662778814e+00 
1.263855729e+00 1.561346795e+00 1.253370103e+00 
1.291867562e+00 1.663201870e+00 1.842193203e+00 
1.253493078e+00 1.598895907e+00 1.480947360e+00 
1.234162628e+00 1.548018103e+00 1.127763809e+00 
1.248547502e+00 1.541701895e+00 1.068310487e+00 
1.262052450e+00 1.559705575e+00 1.174547814e+00 
1.269361728e+00 1.678669120e+00 1.852380566e+00 
1.259779739e+00 1.563634555e+00 1.173525833e+00 
1.258999077e+00 1.665290695e+00 1.755405953e+00 
1.229073327e+00 1.573830009e+00 1.195100981e+00 
1.225965152e+00 1.633510718e+00 1.427966583e+00 
1.240697447e+00 1.669070473e+00 1.630188985e+00 
1.235010500e+00 1.677923111e+00 1.662908590e+00 
1.236341246e+00 1.611677525e+00 1.263005921e+00 
1.225076955e+00 1.628437857e+00 1.384134966e+00 
1.210163712e+00 1.638732780e+00 1.449201071e+00 
1.216876377e+00 1.608295618e+00 1.223002677e+00 
1.230502302e+00 1.619833889e+00 1.340416903e+00 
1.225587746e+00 1.617098523e+00 1.245405142e+00 
1.224463798e+00 1.633411250e+00 1.336134317e+00 
1.230114556e+00 1.685233998e+00 1.631113635e+00 
1.248093580e+00 1.725120605e+00 1.891491605e+00 
1.214935577e+00 1.633212314e+00 1.316976235e+00 
1.239904377e+00 1.716069031e+00 1.823829994e+00 
1.232621982e+00 1.650917591e+00 1.454862519e+00 
1.229646158e+00 1.625155419e+00 1.278092303e+00 
1.261100145e+00 1.743571890e+00 1.935339444e+00 
1.322039401e+00 1.764261203e+00 1.945429475e+00 
1.228427084e+00 1.700701248e+00 1.565139103e+00 
1.229866398e+00 1.719500671e+00 1.665293211e+00 
1.222333778e+00 1.720545084e+00 1.630399870e+00 
1.203408653e+00 1.655343910e+00 1.270435558e+00 
1.225918623e+00 1.703337146e+00 1.547830319e+00 
1.220521193e+00 1.730939474e+00 1.588920432e+00 
1.205462158e+00 1.693340628e+00 1.380290372e+00 
1.228400200e+00 1.744666037e+00 1.696293292e+00 
1.211388990e+00 1.715969563e+00 1.530781085e+00 
1.214984175e+00 1.720246680e+00 1.536718306e+00 
1.224024353e+00 1.772765703e+00 1.826393057e+00 
1.202579392e+00 1.719301736e+00 1.348657636e+00 
1.235689832e+00 1.859601134e+00 1.842988077e+00 
1.315891295e+00 1.894912220e+00 2.000000000e+00 
1.207570464e+00 1.866315214e+00 1.800778652e+00 
