Fo(cost)	Fo(time)	Fo(bonus)

1134	1326	2531
tour: 0 6 2 7 4 8 3 1 9 5 0 
bonus: 2 4 5 
passengers: 2 1 0 3 8 6 5 7 4 10 14 12 9 13 17 21 22 16 20 

1431	1572	7042
tour: 0 6 2 1 3 7 4 8 9 5 0 
bonus: 6 2 1 3 7 4 8 9 5 
passengers: 2 1 0 3 10 14 12 9 13 17 21 22 16 20 

1245	1581	7042
tour: 0 3 1 2 7 4 8 9 6 5 0 
bonus: 3 1 2 7 4 8 9 6 5 
passengers: 10 14 12 9 13 17 21 22 16 20 

1291.5	1535	5760
tour: 0 6 2 7 1 3 4 8 9 5 0 
bonus: 2 1 3 4 8 9 5 
passengers: 2 1 0 3 8 6 5 7 4 17 21 22 16 20 

1131	1661	4861
tour: 0 6 5 7 4 8 9 2 1 3 0 
bonus: 4 8 9 2 1 3 
passengers: 2 1 0 3 8 6 5 7 10 14 12 9 13 17 21 22 16 20 

1226.5	1920	7042
tour: 0 6 8 9 2 7 4 5 1 3 0 
bonus: 6 8 9 2 7 4 5 1 3 
passengers: 2 1 0 3 17 21 22 16 20 

1205	2050	7042
tour: 0 7 4 5 1 3 6 9 2 8 0 
bonus: 7 4 5 1 3 6 9 2 8 
passengers: 

1177	2200	7042
tour: 0 7 4 5 1 6 3 9 2 8 0 
bonus: 7 4 5 1 6 3 9 2 8 
passengers: 

