Fo(cost)	Fo(time)	Fo(bonus)

5036.25	11982	31367
tour: 0 68 82 3 96 41 15 39 38 55 26 32 11 75 23 78 24 37 93 85 76 29 19 94 52 88 74 10 21 20 6 63 34 2 73 48 97 44 70 18 91 51 87 79 69 46 47 33 49 50 83 61 25 77 62 81 43 66 45 12 16 54 84 36 72 4 14 98 67 28 31 64 17 13 60 86 7 27 95 90 22 8 53 71 42 1 59 30 58 35 89 5 92 80 99 40 56 9 57 65 0 
bonus: 68 82 3 96 41 15 39 38 55 26 32 11 75 23 48 97 44 70 18 91 51 87 79 69 84 36 72 4 14 98 67 28 64 95 90 22 8 53 42 35 89 5 92 80 99 40 56 9 57 65 
passengers: 60 52 49 163 73 71 70 105 95 103 76 124 17 116 

4494.92	13135	51754
tour: 0 68 82 3 96 41 15 39 38 55 26 32 22 8 95 12 16 54 84 36 72 4 14 98 67 28 31 64 17 13 60 86 7 27 90 53 71 42 1 59 30 58 35 89 5 92 80 93 85 76 29 19 94 52 46 47 33 49 50 83 61 25 77 62 81 43 66 45 88 74 10 21 20 6 63 34 2 73 48 97 44 70 18 91 51 87 79 69 11 75 23 78 24 37 99 40 56 9 57 65 0 
bonus: 68 82 3 96 41 15 55 28 31 64 17 13 60 86 7 27 90 53 71 42 1 59 30 58 35 89 5 92 80 93 85 76 29 19 94 52 46 47 33 49 50 83 61 25 77 62 81 43 66 45 88 74 10 21 20 6 63 34 2 73 48 97 44 70 18 91 51 87 79 69 11 75 23 78 24 37 99 40 56 9 57 65 
passengers: 184 187 190 197 177 178 137 132 115 103 155 67 75 163 200 71 

4162	11557	23130
tour: 0 68 82 3 96 41 15 39 38 55 26 32 34 2 73 48 97 44 70 18 91 51 87 79 69 11 75 52 46 47 33 49 50 83 61 25 77 62 81 43 66 45 12 16 54 84 36 72 4 14 98 67 28 31 64 17 13 60 86 7 27 95 90 22 8 53 71 42 1 59 30 99 29 19 94 58 35 89 5 92 80 93 85 76 88 74 10 21 20 6 63 23 78 24 37 40 56 9 57 65 0 
bonus: 68 82 3 96 41 15 39 38 55 26 32 34 2 73 48 97 18 72 4 14 98 67 28 64 95 90 22 8 53 71 42 1 59 30 99 35 
passengers: 186 188 185 97 105 192 95 39 17 116 64 

4159.67	11478	20920
tour: 0 68 82 3 99 71 42 1 90 53 17 13 60 86 7 27 95 96 41 15 39 38 55 26 32 22 8 59 30 58 35 89 5 92 80 93 85 76 29 19 94 52 46 47 33 49 50 83 61 25 77 62 81 43 66 45 12 16 54 84 36 72 4 14 98 67 28 31 64 88 74 10 21 20 6 63 34 2 73 48 97 44 70 18 91 51 87 79 69 11 75 23 78 24 37 40 56 9 57 65 0 
bonus: 68 82 3 99 71 42 1 90 53 17 13 60 86 7 27 95 96 41 15 39 38 55 26 32 22 8 59 30 56 9 57 65 
passengers: 189 191 195 123 5 8 57 31 28 80 26 2 4 163 200 

4963.5	12258	36531
tour: 0 68 82 3 24 37 93 85 76 29 19 94 52 46 47 33 49 50 83 61 25 77 62 81 43 66 45 12 16 54 84 36 72 4 14 98 67 28 31 64 88 74 10 21 20 6 63 34 2 73 48 97 44 70 71 42 1 90 53 17 13 60 86 7 27 95 96 41 15 39 38 55 26 32 22 8 59 18 91 51 87 79 69 11 75 23 78 30 58 35 89 5 92 80 99 40 56 9 57 65 0 
bonus: 68 82 3 24 37 93 85 76 29 19 94 52 46 47 33 49 50 83 61 25 77 62 81 43 66 12 34 2 73 48 97 22 8 59 18 91 51 87 79 69 11 75 23 78 30 58 35 89 5 92 80 99 40 56 9 57 65 
passengers: 42 43 28 80 90 179 182 163 33 202 63 141 55 32 138 

4247.25	12449	36948
tour: 0 18 91 51 87 79 69 94 52 46 47 83 61 25 77 62 81 43 66 45 53 17 13 60 86 7 27 95 12 16 54 84 36 72 4 14 98 67 28 31 64 88 74 10 21 20 6 63 34 2 73 48 97 44 70 71 42 1 90 22 8 59 30 58 35 89 5 92 80 93 85 76 29 19 33 49 50 68 82 3 96 41 15 39 38 55 26 32 11 75 23 78 24 37 99 40 56 9 57 65 0 
bonus: 18 91 51 87 79 69 94 52 46 47 83 61 25 77 62 81 43 66 45 53 17 13 60 86 7 27 95 12 16 54 84 36 72 4 14 98 67 28 31 64 88 74 10 21 20 6 63 34 2 73 48 97 44 70 71 42 8 56 9 57 65 
passengers: 105 108 109 115 95 159 122 14 25 39 177 63 64 36 55 32 

4313	12491	37531
tour: 0 18 91 51 87 79 69 11 75 23 78 24 37 93 85 76 29 19 94 63 34 2 73 48 97 44 70 71 42 1 90 53 17 13 60 86 7 27 95 96 41 15 39 38 55 26 32 22 8 59 30 58 35 89 5 92 80 52 46 47 83 61 25 77 62 81 43 66 45 12 16 54 84 36 72 4 14 98 67 28 31 64 88 74 10 21 20 6 33 49 50 68 82 3 99 40 56 9 57 65 0 
bonus: 18 91 51 87 79 69 11 75 23 78 24 37 93 85 76 29 19 94 63 34 2 73 48 97 44 70 71 42 1 90 53 17 13 84 36 72 4 14 98 67 28 31 64 88 74 10 21 20 6 33 49 50 68 82 3 99 40 56 9 57 65 
passengers: 106 192 29 195 14 6 139 115 154 67 75 38 4 

4341.17	11853	28206
tour: 0 18 91 51 87 79 69 11 75 23 78 24 37 99 40 56 9 57 33 49 50 68 82 3 66 45 12 16 54 84 36 72 4 14 98 67 28 31 64 88 74 10 21 20 6 63 34 2 73 48 97 44 70 71 42 1 90 53 17 77 62 81 43 13 60 86 7 27 95 96 41 15 39 38 55 26 32 22 8 59 30 58 35 89 5 92 80 93 85 76 29 19 94 52 46 47 83 61 25 65 0 
bonus: 18 91 51 87 79 69 11 75 37 97 44 70 71 42 1 90 53 17 77 62 81 22 8 59 30 58 35 89 5 92 80 93 85 76 29 19 94 52 46 47 83 61 25 65 
passengers: 107 106 128 103 25 39 195 63 123 5 47 125 31 82 149 

5099.75	13671	60813
tour: 0 18 91 51 87 79 69 11 75 23 78 41 15 39 38 55 26 32 22 8 59 30 93 85 76 29 19 94 63 34 2 73 48 97 44 70 71 42 1 90 53 17 13 60 86 7 27 95 96 58 35 89 5 92 80 52 46 47 83 61 25 77 62 81 43 66 45 12 16 54 84 36 72 4 14 98 67 28 31 64 88 74 10 21 20 6 33 49 50 68 82 3 24 37 99 40 56 9 57 65 0 
bonus: 18 91 51 87 79 69 11 75 23 78 41 15 39 38 55 26 32 22 8 59 30 93 85 76 29 19 94 63 34 2 73 48 97 44 70 71 42 1 90 53 17 13 60 86 7 27 95 96 58 35 89 5 92 80 52 46 47 83 61 25 77 62 81 43 66 45 12 16 54 84 14 98 67 28 31 64 88 74 10 21 20 6 33 49 50 68 82 3 24 37 99 40 56 9 57 65 
passengers: 60 51 52 34 202 1 122 35 38 198 2 

4899.83	13467	56926
tour: 0 18 91 51 87 79 69 11 75 52 46 47 83 61 25 77 62 81 43 66 45 12 16 54 84 36 72 4 14 98 67 28 31 64 17 13 60 86 7 27 95 96 41 15 39 38 55 26 32 34 2 73 48 97 44 70 53 71 42 1 90 22 8 59 30 58 35 89 5 92 80 93 85 76 88 74 10 21 20 6 33 49 50 68 82 3 99 29 19 94 63 23 78 24 37 40 56 9 57 65 0 
bonus: 18 91 51 87 79 69 11 75 52 46 47 83 61 25 77 62 81 43 66 45 12 16 54 84 36 72 4 14 98 67 28 31 64 17 13 60 86 7 27 95 96 41 15 39 38 55 26 32 34 2 73 48 97 44 70 53 71 42 1 90 22 8 59 30 58 35 89 5 92 80 93 85 76 88 74 10 21 20 6 33 49 50 68 82 3 99 56 9 57 65 
passengers: 105 108 192 115 95 159 15 17 60 34 202 64 100 

4402.33	13216	53479
tour: 0 18 91 51 87 79 69 11 75 52 46 47 83 61 25 77 62 81 43 66 45 12 16 54 84 36 72 4 14 98 67 28 31 64 17 13 60 86 7 27 95 96 58 35 89 5 92 80 99 29 19 94 63 23 78 41 15 39 38 55 26 32 34 2 73 48 97 44 70 53 71 42 1 90 22 8 59 30 93 85 76 88 74 10 21 20 6 33 49 50 68 82 3 24 37 40 56 9 57 65 0 
bonus: 18 91 51 87 79 69 11 75 52 46 47 83 61 25 77 62 81 43 66 45 12 16 54 84 36 72 4 14 98 67 28 31 64 17 13 60 86 7 27 95 96 58 35 89 5 92 80 99 29 19 63 70 53 71 42 1 90 22 8 59 30 93 85 76 88 74 10 21 20 6 33 49 50 68 82 3 24 37 40 56 9 57 65 
passengers: 105 108 192 115 95 159 15 17 133 36 45 202 70 64 

4229.17	11890	26122
tour: 0 18 91 51 87 79 69 11 75 52 46 47 83 61 25 77 62 81 43 66 45 12 34 2 73 48 97 92 80 93 85 76 29 19 94 63 23 78 30 58 35 44 70 89 5 39 38 55 26 32 22 8 59 71 42 1 90 53 17 13 60 86 7 27 95 96 41 15 16 54 84 36 72 4 14 98 67 28 31 64 88 74 10 21 20 6 33 49 50 68 82 3 24 37 99 40 56 9 57 65 0 
bonus: 18 91 51 87 79 69 11 75 52 46 47 83 61 25 77 62 81 43 66 45 12 34 2 73 48 97 92 80 93 85 76 29 19 94 63 23 78 30 58 56 9 57 65 
passengers: 105 108 106 115 94 155 202 28 29 64 5 61 38 2 

4453.83	12140	32797
tour: 0 18 91 51 87 79 69 11 75 52 46 47 83 61 25 77 62 81 63 23 78 24 43 66 45 12 16 54 84 36 72 4 14 98 67 28 31 64 17 13 60 86 7 27 95 96 41 15 39 38 55 26 32 34 2 73 48 97 44 70 53 71 42 1 90 22 8 59 30 93 85 76 88 74 10 21 20 6 33 49 50 68 82 3 99 29 19 94 58 35 89 5 92 80 37 40 56 9 57 65 0 
bonus: 18 91 51 87 79 69 11 75 52 46 47 83 61 25 77 62 81 63 23 78 24 43 66 45 12 16 54 84 36 72 4 98 95 96 41 15 39 38 55 26 34 89 5 92 80 37 40 56 9 57 65 
passengers: 105 108 192 115 95 159 15 18 141 60 31 34 202 64 

5471.58	13809	62840
tour: 0 18 91 26 32 34 2 73 48 85 76 88 74 51 87 79 69 11 75 52 46 47 83 61 25 77 62 81 43 66 45 12 16 54 84 36 72 4 14 98 67 28 31 64 17 13 60 86 7 27 95 96 41 15 39 38 55 97 44 70 53 71 42 1 90 22 8 59 30 58 35 89 5 92 80 93 10 21 20 6 33 49 50 68 82 3 99 29 19 94 63 23 78 24 37 40 56 9 57 65 0 
bonus: 18 91 26 32 34 2 73 48 85 76 88 74 51 87 79 69 11 75 52 46 47 83 61 25 77 62 81 43 66 45 12 16 54 84 36 72 4 14 98 67 28 31 64 17 13 60 86 7 27 95 96 41 15 39 38 55 97 44 70 53 71 42 1 90 22 8 59 30 58 35 89 5 92 80 93 10 21 20 6 33 49 50 68 82 3 99 29 19 94 63 23 78 24 37 40 56 9 57 65 
passengers: 105 108 192 115 95 159 15 17 51 70 64 100 

4638.67	12409	36314
tour: 0 18 91 51 87 79 69 11 75 52 46 47 83 61 25 77 62 81 43 66 45 12 22 8 59 71 42 1 90 53 17 13 60 86 7 27 95 96 41 15 16 54 84 36 72 4 14 98 67 28 31 64 88 74 10 21 20 6 33 49 50 68 82 3 24 93 85 76 29 19 94 63 23 78 30 58 35 44 70 89 5 39 38 55 26 32 34 2 73 48 97 92 80 37 99 40 56 9 57 65 0 
bonus: 18 91 51 87 79 69 11 75 17 13 60 86 7 27 95 96 41 15 16 54 84 36 72 4 14 98 67 28 31 64 82 23 78 30 58 35 44 70 89 5 39 38 55 26 32 34 2 73 48 97 92 80 37 99 40 56 9 57 65 
passengers: 105 108 109 115 95 159 122 14 61 197 177 182 163 133 36 69 200 

4009.33	11046	12298
tour: 0 18 91 51 87 79 69 94 58 35 15 39 38 55 26 32 34 2 73 48 97 14 98 67 16 54 84 36 72 4 11 75 52 46 47 83 61 25 77 62 81 43 66 45 12 22 8 59 71 42 1 90 53 17 13 60 86 7 27 95 96 41 44 70 89 5 92 80 28 31 64 88 74 10 21 20 6 63 23 78 30 93 85 76 29 19 33 49 50 68 82 3 24 37 99 40 56 9 57 65 0 
bonus: 18 91 51 83 61 25 77 62 81 43 66 45 12 22 8 59 71 42 65 
passengers: 105 108 106 97 39 115 95 159 64 16 70 

4439.67	12353	35834
tour: 0 18 91 51 87 79 69 11 75 52 46 47 83 61 25 77 62 81 43 66 45 12 16 54 84 36 72 4 14 98 67 28 31 64 17 13 60 86 7 27 95 96 41 15 39 38 55 26 32 34 2 73 48 97 44 70 53 71 42 1 90 22 8 59 30 63 23 78 24 93 85 76 88 74 10 21 20 6 33 49 50 68 82 3 99 29 19 94 58 35 89 5 92 80 37 40 56 9 57 65 0 
bonus: 18 91 51 87 79 69 11 75 52 46 47 83 61 25 77 62 81 43 66 45 12 16 54 84 36 72 4 14 98 67 28 31 64 17 13 60 86 7 27 95 96 41 15 39 38 55 26 32 34 2 73 48 53 56 9 57 65 
passengers: 105 108 192 115 95 159 15 18 141 60 32 34 202 64 100 

4320.08	12381	36001
tour: 0 18 91 51 87 79 69 94 58 35 44 70 89 5 92 80 93 85 76 29 19 3 99 71 42 1 90 53 17 13 60 86 7 27 95 96 41 15 39 38 55 26 32 22 8 59 30 28 31 64 88 74 10 21 20 6 33 49 50 68 82 34 2 73 48 97 14 98 67 43 66 45 12 16 54 84 36 72 4 11 75 52 46 47 83 61 25 77 62 81 63 23 78 24 37 40 56 9 57 65 0 
bonus: 18 91 51 87 79 69 94 58 35 44 70 89 5 17 13 60 86 7 27 95 96 41 15 39 38 55 26 32 22 8 59 30 28 31 64 88 74 10 21 20 50 2 73 48 97 14 98 67 43 66 45 12 16 84 56 9 57 65 
passengers: 109 192 133 193 195 123 15 5 60 136 137 103 200 97 75 38 

6325.83	12533	38110
tour: 0 18 91 26 32 34 2 73 48 97 44 70 53 71 42 1 90 22 8 59 30 58 47 83 61 25 77 62 81 43 66 45 12 16 54 84 36 72 4 14 98 67 28 31 64 17 13 60 86 7 27 95 96 41 15 39 38 55 85 76 88 74 51 87 79 69 11 75 52 46 6 33 49 50 68 82 3 99 29 19 94 63 23 78 24 93 10 21 20 35 89 5 92 80 37 40 56 9 57 65 0 
bonus: 18 91 26 32 34 2 73 48 97 44 70 53 71 42 72 4 14 98 67 28 31 64 17 13 60 86 7 27 95 96 41 15 55 85 76 88 74 51 87 79 69 11 94 63 23 78 24 93 10 21 20 35 89 5 92 80 37 40 56 9 57 65 
passengers: 202 97 73 1 124 199 3 15 50 46 125 107 

4095.5	12820	45863
tour: 0 18 91 51 87 79 69 11 75 52 46 47 83 61 25 77 62 81 48 97 44 70 53 71 42 1 90 22 8 59 30 93 85 76 88 74 10 21 20 6 33 49 50 68 82 3 99 29 19 94 58 35 89 5 92 80 28 31 64 17 13 60 86 7 27 95 96 41 15 39 38 55 26 32 34 2 73 98 67 43 66 45 12 16 54 84 36 72 4 14 63 23 78 24 37 40 56 9 57 65 0 
bonus: 18 91 51 87 79 69 11 75 52 46 47 83 61 25 77 62 81 48 97 44 70 53 71 42 1 90 22 8 59 30 93 85 76 82 3 99 29 19 94 58 35 89 5 92 55 26 32 2 98 67 43 66 45 12 16 54 84 36 72 4 14 63 23 78 24 37 40 56 9 57 65 
passengers: 105 108 109 115 89 70 118 137 98 188 191 6 48 200 67 75 38 

4561.75	12272	34735
tour: 0 18 91 51 87 79 69 11 75 52 46 6 33 49 50 68 82 3 99 71 42 1 90 22 8 59 30 28 31 64 88 74 10 21 20 35 89 5 92 80 93 85 76 29 19 94 58 47 83 61 25 77 62 81 48 97 44 70 53 17 13 60 86 7 27 95 96 41 15 39 38 55 26 32 34 2 73 98 67 43 66 45 12 16 54 84 36 72 4 14 63 23 78 24 37 40 56 9 57 65 0 
bonus: 18 91 51 87 79 69 11 75 52 46 6 33 49 50 68 82 3 99 71 42 1 90 22 8 59 64 55 26 32 34 2 73 98 67 43 66 45 12 16 54 84 36 72 4 14 63 23 78 24 37 40 56 9 57 65 
passengers: 107 108 113 85 101 189 136 165 132 96 48 200 67 75 38 

4476.17	12246	33714
tour: 0 18 91 51 87 79 69 11 75 52 46 47 83 61 25 77 62 81 43 66 45 12 16 54 84 36 72 4 14 86 7 27 95 96 41 15 39 38 55 26 32 34 2 73 48 97 44 70 53 17 13 60 1 90 22 8 59 71 42 98 67 28 31 64 88 74 10 21 20 6 33 49 50 68 82 3 24 93 85 76 29 19 94 63 23 78 30 58 35 89 5 92 80 37 99 40 56 9 57 65 0 
bonus: 18 91 51 87 79 69 11 75 52 46 47 83 61 25 77 62 81 43 66 45 12 16 60 1 90 22 8 59 71 42 98 67 28 31 64 88 74 10 21 20 6 33 49 50 68 82 3 24 93 56 9 57 65 
passengers: 105 108 106 115 95 159 30 70 17 18 145 137 100 

4078.92	12167	32745
tour: 0 18 91 51 87 79 69 11 75 52 46 47 83 61 25 77 62 81 63 23 78 30 28 31 64 88 74 10 21 20 6 33 49 50 68 82 3 24 93 85 76 29 19 94 58 35 44 70 89 5 39 38 55 26 32 22 8 59 71 42 1 90 53 17 13 60 86 7 27 95 96 41 15 16 54 84 36 72 4 14 98 67 43 66 45 12 34 2 73 48 97 92 80 37 99 40 56 9 57 65 0 
bonus: 18 91 51 87 79 69 11 75 52 46 47 83 61 25 77 81 94 58 35 44 70 89 5 39 38 55 26 32 22 8 59 71 42 1 90 14 98 67 43 66 45 12 34 2 73 48 97 92 56 9 57 65 
passengers: 105 107 108 115 94 161 165 101 28 48 64 40 2 67 75 

4524.25	12427	36468
tour: 0 18 91 26 32 34 2 73 48 97 44 70 53 17 13 60 86 7 27 95 96 41 15 39 38 55 85 76 29 19 94 58 47 83 61 25 77 62 81 63 23 78 24 43 66 45 12 16 54 84 36 72 4 14 98 67 28 31 64 88 74 51 87 79 69 11 75 52 46 6 33 49 50 68 82 3 99 71 42 1 90 22 8 59 30 93 10 21 20 35 89 5 92 80 37 40 56 9 57 65 0 
bonus: 18 91 26 32 34 2 73 48 97 44 70 53 17 13 60 86 7 27 95 96 41 15 39 55 72 4 14 98 67 28 31 64 88 74 51 87 79 69 11 75 52 46 50 30 93 10 21 20 35 89 5 92 80 37 40 56 9 57 65 
passengers: 31 201 193 61 28 132 67 25 39 178 64 62 

4157.42	11463	19056
tour: 0 18 91 51 87 79 69 11 75 52 46 47 83 61 25 77 62 81 48 97 44 70 53 71 42 1 90 22 8 59 30 28 31 64 17 13 60 86 7 27 95 96 41 15 39 38 55 26 32 34 2 73 98 67 43 66 45 12 16 54 84 36 72 4 14 63 23 78 24 93 85 76 88 74 10 21 20 6 33 49 50 68 82 3 99 29 19 94 58 35 89 5 92 80 37 40 56 9 57 65 0 
bonus: 18 91 51 87 79 69 11 75 52 46 47 83 61 25 77 62 81 48 97 44 70 53 71 42 1 22 56 9 57 65 
passengers: 105 108 109 115 95 159 122 14 60 34 38 2 

4319.25	11765	25069
tour: 0 18 91 26 32 22 8 59 71 42 1 90 53 17 13 60 86 7 27 95 96 41 15 39 38 55 85 76 29 19 3 24 37 93 10 21 20 6 33 49 50 68 82 34 2 73 48 97 14 98 67 43 66 45 12 16 54 84 36 72 4 11 75 52 46 47 83 61 25 77 62 81 63 23 78 30 28 31 64 88 74 51 87 79 69 94 58 35 44 70 89 5 92 80 99 40 56 9 57 65 0 
bonus: 18 91 26 32 22 8 59 71 42 1 90 53 17 13 60 86 7 27 95 96 41 15 39 66 45 12 16 54 84 36 72 4 11 75 56 9 57 65 
passengers: 31 140 63 123 6 52 28 97 67 76 38 4 133 

4526.75	13567	56767
tour: 0 18 91 26 32 34 2 73 48 85 76 29 19 94 63 23 78 24 93 10 21 20 6 33 49 50 68 82 3 99 71 42 98 67 28 31 64 88 74 51 87 79 69 11 75 52 46 47 83 61 25 77 62 81 43 66 45 12 16 54 84 36 72 4 14 86 7 27 95 96 41 15 39 38 55 97 44 70 53 17 13 60 1 90 22 8 59 30 58 35 89 5 92 80 37 40 56 9 57 65 0 
bonus: 18 91 26 32 34 2 73 48 85 76 29 19 94 63 23 78 24 93 10 21 20 6 33 49 50 68 82 3 99 71 42 98 67 28 31 64 88 74 51 47 83 61 25 77 62 81 43 66 45 12 16 54 84 36 72 4 14 86 7 27 95 96 41 15 39 38 55 97 44 53 60 1 90 22 8 59 30 58 35 89 5 92 80 37 40 56 9 57 65 
passengers: 31 32 202 104 101 180 181 83 147 159 154 174 197 116 17 

4541.25	12577	39082
tour: 0 18 91 26 32 34 2 73 98 67 16 54 84 36 72 4 14 63 23 78 24 43 66 45 12 22 8 59 30 28 31 64 88 74 51 87 79 69 11 75 52 46 47 83 61 25 77 62 81 48 97 44 70 71 42 1 90 53 17 13 60 86 7 27 95 96 41 15 39 38 55 85 76 29 19 94 58 35 89 5 92 80 37 93 10 21 20 6 33 49 50 68 82 3 99 40 56 9 57 65 0 
bonus: 18 91 26 32 34 2 73 98 67 16 54 84 36 72 4 14 63 23 78 24 43 66 45 12 22 8 59 30 28 31 64 88 74 51 87 79 69 11 75 52 46 47 83 61 25 77 62 81 48 97 44 70 71 42 13 82 3 99 40 56 9 57 65 
passengers: 32 178 182 67 68 77 136 138 105 95 89 70 123 5 50 55 

4348.67	12994	46124
tour: 0 18 91 26 32 34 2 73 48 97 44 70 53 17 13 19 94 58 35 89 5 92 80 28 31 64 88 74 51 87 79 69 11 75 52 46 47 83 61 25 77 62 81 43 66 60 86 7 27 95 96 41 15 39 38 55 85 76 29 1 90 22 8 59 30 93 10 21 20 6 33 49 50 68 82 3 99 71 42 98 67 16 54 84 36 72 45 12 4 14 63 23 78 24 37 40 56 9 57 65 0 
bonus: 18 91 26 32 34 2 73 48 97 44 70 53 17 13 19 94 58 35 89 5 92 80 28 31 64 88 74 51 87 79 46 47 83 61 25 77 62 81 43 66 60 86 7 27 95 96 41 15 39 38 55 85 76 29 1 22 54 84 36 72 45 12 4 14 63 23 78 24 37 40 56 9 57 65 
passengers: 31 34 72 132 165 115 160 65 51 48 64 26 38 198 

4272.92	13357	52675
tour: 0 18 91 26 32 34 2 73 48 97 44 70 53 17 13 19 94 58 35 89 5 92 80 28 31 64 88 74 51 87 79 69 11 75 52 46 47 83 61 25 77 62 81 43 66 60 86 7 27 95 96 41 15 39 38 55 85 76 29 1 90 22 8 59 71 42 98 67 16 54 84 36 72 45 12 4 14 63 23 78 30 93 10 21 20 6 33 49 50 68 82 3 24 37 99 40 56 9 57 65 0 
bonus: 18 91 26 32 34 2 73 48 97 44 70 53 17 13 19 94 58 35 89 5 92 80 28 31 64 88 74 51 87 79 46 47 83 61 25 77 62 81 43 66 60 86 7 27 95 96 41 15 39 38 55 85 76 29 1 90 8 12 4 14 63 23 78 30 93 10 21 20 6 33 49 50 68 82 3 24 37 99 40 56 9 57 65 
passengers: 31 34 72 132 165 115 154 67 48 38 198 75 

5036.33	12746	41019
tour: 0 18 91 26 32 34 2 73 98 67 43 66 45 12 16 54 84 36 72 4 14 63 23 78 24 93 10 21 20 6 33 49 50 68 82 3 99 71 42 1 90 22 8 59 30 28 31 64 88 74 51 87 79 69 11 75 52 46 47 83 61 25 77 62 81 48 97 44 70 53 17 13 60 86 7 27 95 96 41 15 39 38 55 85 76 29 19 94 58 35 89 5 92 80 37 40 56 9 57 65 0 
bonus: 18 91 26 32 34 2 73 98 67 43 66 45 12 16 54 84 36 72 4 14 63 23 78 47 83 61 25 77 62 81 48 97 44 70 53 17 13 60 86 7 27 95 96 41 15 39 38 55 85 76 29 19 94 58 35 89 5 92 80 37 40 56 9 57 65 
passengers: 32 202 182 104 101 136 138 105 86 95 193 123 5 55 125 

4731.5	13463	55376
tour: 0 18 91 26 32 34 2 73 48 97 44 70 53 17 13 60 1 90 22 8 59 30 28 31 64 88 74 51 87 79 69 11 75 52 46 47 83 61 25 77 62 81 63 23 78 24 93 10 21 20 6 33 49 50 68 82 3 99 71 42 98 67 43 66 45 12 16 54 84 36 72 4 14 86 7 27 95 96 41 15 39 38 55 85 76 29 19 94 58 35 89 5 92 80 37 40 56 9 57 65 0 
bonus: 18 91 26 32 34 2 73 48 97 44 70 53 17 13 60 1 90 22 8 59 30 28 31 64 88 74 51 87 79 69 11 75 52 46 47 83 61 25 77 62 81 63 23 78 24 93 10 21 20 6 33 49 50 68 82 3 99 71 42 98 4 14 86 7 27 95 96 41 38 55 85 76 29 19 94 58 35 89 5 92 80 37 40 56 9 57 65 
passengers: 72 71 119 105 115 80 87 154 164 63 38 197 55 

4580.42	13042	47329
tour: 0 50 68 82 3 24 93 10 21 20 6 33 49 26 32 34 2 73 98 67 43 66 45 12 16 54 84 36 72 4 14 63 23 78 30 28 31 64 88 74 51 87 79 69 11 75 52 46 47 83 61 25 77 71 42 1 90 22 8 59 18 91 62 81 48 97 44 70 53 17 13 60 86 7 27 95 96 41 15 39 38 55 85 76 29 19 94 58 35 89 5 92 80 37 99 40 56 9 57 65 0 
bonus: 50 68 82 3 24 93 10 21 20 6 33 49 26 32 34 73 12 16 54 84 36 72 4 14 63 23 78 30 28 31 64 88 74 51 87 79 69 11 75 52 46 47 83 61 25 77 71 42 1 90 22 8 59 18 13 38 55 85 76 29 19 94 58 35 89 5 92 80 37 99 40 56 9 57 65 
passengers: 103 102 184 182 67 25 26 105 108 115 95 63 159 15 55 125 

5995.33	13621	57970
tour: 0 50 68 82 34 2 73 98 67 43 66 45 12 16 54 84 36 72 4 11 75 52 46 47 83 61 25 77 71 42 1 90 53 17 13 60 86 7 27 95 96 41 15 39 38 55 85 76 29 19 3 24 93 10 21 20 6 33 49 26 32 22 8 59 18 91 62 81 48 97 14 63 23 78 30 28 31 64 88 74 51 87 79 69 94 58 35 44 70 89 5 92 80 37 99 40 56 9 57 65 0 
bonus: 50 68 82 34 2 73 98 67 43 66 45 12 16 54 84 36 47 83 61 25 77 71 42 1 90 53 13 86 7 27 95 96 41 15 39 38 55 85 76 29 19 3 24 93 10 21 20 6 33 49 26 32 22 8 59 18 91 62 81 48 97 14 63 23 78 30 28 31 64 88 74 51 87 79 69 94 58 35 44 70 89 5 92 80 37 99 40 56 9 57 65 
passengers: 103 104 102 67 78 79 95 63 141 125 32 136 138 166 133 

4197.25	12050	26088
tour: 0 18 91 26 32 34 2 73 98 67 43 66 60 86 7 27 95 96 41 15 16 54 84 36 72 45 12 22 8 59 71 42 1 90 53 17 13 19 94 58 35 44 70 89 5 39 38 55 85 76 29 87 79 69 11 93 10 21 20 6 33 49 50 68 82 3 24 4 14 63 23 78 30 28 31 64 88 74 51 75 52 46 47 83 61 25 77 62 81 48 97 92 80 37 99 40 56 9 57 65 0 
bonus: 18 91 26 32 34 2 73 44 70 89 5 39 38 55 85 76 29 87 79 69 23 78 30 28 31 64 88 74 51 75 52 46 47 83 61 25 77 62 81 48 56 9 57 65 
passengers: 31 34 202 63 28 36 54 49 2 4 166 

4088.5	12825	43575
tour: 0 18 91 26 32 34 2 73 98 67 43 66 60 86 7 27 95 96 41 15 16 54 84 36 72 45 12 4 14 63 23 78 24 93 10 21 20 6 33 49 50 68 82 3 99 71 42 44 70 53 17 13 19 94 58 35 89 5 39 38 55 85 76 29 1 90 22 8 59 30 28 31 64 88 74 51 87 79 69 11 75 52 46 47 83 61 25 77 62 81 48 97 92 80 37 40 56 9 57 65 0 
bonus: 18 91 26 32 34 2 73 98 67 43 66 60 86 7 27 95 96 41 15 16 54 84 36 72 35 89 5 39 38 55 85 76 29 1 90 22 8 59 30 28 31 64 88 74 51 87 79 69 11 75 52 46 47 83 61 25 77 62 81 48 97 92 80 37 40 56 9 57 65 
passengers: 32 201 179 144 61 39 98 63 134 53 46 136 105 82 92 

5548.83	13615	57851
tour: 0 18 91 26 32 34 2 72 4 11 75 23 78 24 93 85 76 29 1 90 22 8 59 30 28 31 64 88 74 51 87 79 69 52 46 47 83 61 25 77 62 81 48 73 98 67 43 66 45 12 16 54 84 36 60 86 7 27 95 96 41 15 39 38 55 97 14 63 10 21 20 6 33 49 50 68 82 3 99 71 42 44 70 53 17 13 19 94 58 35 89 5 92 80 37 40 56 9 57 65 0 
bonus: 18 91 26 32 34 2 72 4 11 75 23 78 24 93 85 76 29 1 90 22 8 59 30 28 31 64 88 74 51 87 79 69 52 46 47 83 61 25 77 62 81 48 73 98 67 43 66 45 12 16 54 84 36 60 86 7 27 95 96 41 15 39 38 55 97 14 63 10 21 20 6 33 49 50 68 82 3 19 94 58 35 89 5 92 80 37 40 56 9 57 65 
passengers: 32 136 138 139 105 115 95 155 97 201 39 51 56 64 62 17 

4418.5	13750	59847
tour: 0 18 91 26 32 34 2 73 98 67 16 54 84 36 72 45 12 4 95 96 41 15 39 38 55 97 14 63 23 78 30 28 31 64 88 74 51 87 79 69 11 93 10 21 20 6 33 49 50 68 82 3 24 43 66 60 86 7 27 75 52 46 47 83 61 25 77 62 81 48 85 76 29 1 90 22 8 59 71 42 44 70 53 17 13 19 94 58 35 89 5 92 80 37 99 40 56 9 57 65 0 
bonus: 18 91 26 32 34 2 73 98 67 16 54 84 36 72 45 12 4 95 96 41 15 39 38 55 97 14 63 23 78 30 28 31 64 88 74 51 87 79 69 11 93 10 21 20 6 33 49 50 68 82 3 24 43 27 75 52 46 47 83 61 25 77 62 81 48 85 76 29 1 90 22 8 59 71 42 44 70 53 17 13 19 94 58 35 89 5 92 80 37 99 40 56 9 57 65 
passengers: 32 201 182 46 29 105 107 104 7 86 89 140 193 116 17 

4837.92	12721	40679
tour: 0 18 91 26 32 99 71 42 44 70 53 17 13 60 1 90 22 8 59 30 28 31 64 88 74 51 87 79 69 94 63 23 78 41 15 39 38 55 85 76 29 19 3 24 93 10 21 20 6 33 49 50 68 82 34 2 73 98 67 43 66 45 12 16 54 84 36 72 4 11 75 52 46 47 83 61 25 77 62 81 48 97 14 86 7 27 95 96 58 35 89 5 92 80 37 40 56 9 57 65 0 
bonus: 18 91 26 32 99 71 42 44 70 53 17 13 60 1 78 41 15 39 38 55 85 76 29 19 3 24 93 10 21 20 6 68 82 34 2 73 98 67 43 66 45 12 16 54 84 36 72 4 11 75 52 46 47 83 89 5 92 80 37 40 56 9 57 65 
passengers: 32 71 194 107 60 52 103 34 177 76 

3912	12862	43613
tour: 0 18 91 26 32 63 23 78 24 4 14 86 7 27 95 96 41 15 16 54 84 36 72 45 12 34 2 73 98 67 43 66 60 1 90 22 8 59 30 28 31 64 88 74 51 87 79 69 11 93 10 21 20 6 33 49 50 68 82 3 99 71 42 44 70 53 17 13 19 94 58 35 89 5 39 38 55 85 76 29 75 52 46 47 83 61 25 77 62 81 48 97 92 80 37 40 56 9 57 65 0 
bonus: 18 91 26 32 63 23 78 24 4 14 86 7 27 95 96 41 15 16 54 84 36 72 45 12 34 2 73 98 67 43 1 44 70 53 17 13 19 94 58 35 89 5 39 38 55 85 76 29 75 52 46 47 83 61 25 77 62 81 48 97 92 80 37 40 56 9 57 65 
passengers: 32 163 164 29 6 40 202 172 145 137 107 98 101 63 64 55 47 112 

4239.67	12035	27537
tour: 0 18 91 26 32 34 2 72 45 12 16 54 84 36 15 39 38 55 97 14 63 10 21 20 6 33 49 50 68 82 3 99 29 75 23 78 24 4 11 93 85 76 88 74 51 87 79 69 52 46 47 83 61 25 77 62 81 48 73 98 67 43 66 60 86 7 27 95 96 41 44 70 53 71 42 1 90 22 8 59 30 28 31 64 17 13 19 94 58 35 89 5 92 80 37 40 56 9 57 65 0 
bonus: 18 91 26 32 34 2 72 45 12 16 54 84 47 83 61 27 95 96 41 44 70 53 71 42 1 90 22 8 59 31 19 94 58 35 89 5 92 80 37 40 56 9 57 65 
passengers: 32 199 74 46 104 29 105 83 95 174 5 30 193 116 17 

3957.83	12622	37233
tour: 0 18 91 26 32 63 23 78 30 28 31 64 88 74 51 87 79 69 11 93 10 21 20 6 33 49 50 68 82 3 24 4 14 86 7 27 95 96 41 15 16 54 84 36 72 45 12 34 2 73 98 67 43 66 60 1 90 22 8 59 71 42 44 70 53 17 13 19 94 58 35 89 5 39 38 55 85 76 29 75 52 46 47 83 61 25 77 62 81 48 97 92 80 37 99 40 56 9 57 65 0 
bonus: 18 91 26 32 63 23 78 30 28 31 64 88 74 51 87 79 69 11 93 10 21 20 6 33 49 68 15 16 54 84 36 72 45 12 34 2 73 98 67 43 66 60 1 83 61 25 77 62 81 48 97 92 80 37 99 40 56 9 57 65 
passengers: 32 29 167 107 103 6 60 76 34 68 134 36 47 112 82 92 

4152.33	11765	21683
tour: 0 18 91 26 32 34 2 73 98 67 43 66 60 1 90 22 8 59 71 42 44 70 53 17 77 62 81 48 85 76 29 13 19 21 20 6 63 23 78 30 28 31 64 88 74 51 87 79 69 94 58 35 89 5 92 80 37 99 40 56 9 57 33 49 50 68 82 3 24 93 10 39 38 55 97 14 86 7 27 95 96 41 15 16 54 84 36 72 45 12 4 11 75 52 46 47 83 61 25 65 0 
bonus: 18 91 26 32 34 2 73 98 67 43 66 60 1 90 22 8 59 71 42 44 70 53 21 20 6 63 23 78 30 57 47 83 61 25 65 
passengers: 31 202 178 136 64 17 165 134 128 48 79 82 149 

4317.42	11871	24872
tour: 0 18 91 26 32 34 2 72 45 88 74 51 87 79 69 11 93 10 21 20 6 33 49 50 68 82 3 99 71 42 1 90 22 8 59 30 28 31 64 46 12 16 54 84 47 83 61 25 77 62 81 48 73 98 67 43 66 60 86 7 27 95 96 41 44 70 53 17 13 19 94 58 35 89 97 14 63 23 78 24 4 36 15 39 38 55 85 76 29 75 52 5 92 80 37 40 56 9 57 65 0 
bonus: 18 91 26 32 34 2 72 45 88 74 51 87 79 69 11 93 10 21 20 6 82 83 61 25 77 62 81 48 73 98 43 5 92 80 37 40 56 9 57 65 
passengers: 77 105 107 104 136 83 95 97 173 30 15 38 112 111 

4239.58	12085	29180
tour: 0 18 91 26 32 22 8 59 71 42 1 90 53 17 13 19 21 20 6 33 49 50 68 82 3 24 93 10 39 38 55 85 76 88 74 51 87 79 69 94 58 35 44 70 89 97 14 63 23 78 30 28 31 64 46 47 83 61 25 77 62 81 48 73 98 67 43 66 45 12 34 2 72 4 11 75 52 5 92 80 37 99 29 84 36 60 86 7 27 95 96 41 15 16 54 40 56 9 57 65 0 
bonus: 18 91 26 32 22 8 59 71 42 1 90 53 17 13 19 21 20 6 33 49 50 68 82 3 24 93 10 39 38 55 85 76 51 95 96 41 15 16 54 40 56 9 57 65 
passengers: 31 137 140 119 98 99 54 46 105 132 95 67 75 2 38 

4297.92	11319	14206
tour: 0 18 91 26 32 99 29 1 90 22 8 59 71 42 44 70 53 17 13 19 94 52 5 39 38 55 85 76 88 74 51 87 79 69 11 75 23 78 30 28 31 64 46 47 83 61 25 77 62 81 48 73 98 67 43 66 45 12 34 2 72 4 14 63 10 21 20 6 33 49 50 68 82 3 24 93 41 15 16 54 84 36 60 86 7 27 95 96 58 35 89 97 92 80 37 40 56 9 57 65 0 
bonus: 18 91 26 32 14 63 10 21 20 6 33 49 50 68 82 3 40 56 9 57 65 
passengers: 31 32 140 119 28 80 83 175 2 164 38 142 

4176.92	13832	60361
tour: 0 18 91 26 32 34 2 73 98 67 43 66 60 1 90 53 17 13 19 21 20 6 63 23 78 30 28 31 64 88 74 51 87 79 69 94 58 35 33 49 50 68 82 3 24 4 11 93 10 39 38 55 85 76 29 75 52 46 47 83 61 25 77 62 81 48 97 14 86 7 27 95 96 41 15 16 54 84 36 72 45 12 22 8 59 71 42 44 70 89 5 92 80 37 99 40 56 9 57 65 0 
bonus: 18 91 26 32 34 2 73 98 67 43 66 60 1 90 53 17 13 19 21 20 6 63 23 78 30 28 31 64 88 74 51 87 79 69 33 49 50 68 82 3 24 4 11 93 10 39 38 55 85 76 29 75 52 46 47 83 61 25 77 62 81 48 97 14 86 7 27 95 96 41 15 16 54 84 36 72 45 12 22 8 59 71 42 44 70 89 5 92 80 37 99 40 56 9 57 65 
passengers: 31 32 34 28 165 36 3 57 48 47 115 154 25 39 198 64 62 

4257.08	13870	61565
tour: 0 18 91 26 32 34 2 72 45 53 17 13 19 94 58 35 89 97 14 63 23 78 24 4 36 15 39 38 55 85 76 88 74 51 87 79 69 11 75 52 5 92 80 37 93 10 21 20 6 33 49 50 68 82 3 99 29 84 47 83 61 25 77 62 81 48 73 98 67 43 66 60 86 7 27 95 96 41 44 70 71 42 1 90 22 8 59 30 28 31 64 46 12 16 54 40 56 9 57 65 0 
bonus: 18 91 26 32 34 2 72 45 53 17 13 19 94 58 35 89 97 14 63 23 78 24 4 36 15 39 38 55 85 76 88 74 51 87 79 69 11 75 52 5 92 80 37 93 10 21 20 6 33 49 50 68 82 3 99 29 84 47 83 61 25 77 62 73 98 67 43 66 60 86 7 27 95 96 41 44 70 71 42 1 90 22 8 59 30 28 31 64 46 12 16 54 40 56 9 57 65 
passengers: 31 32 34 28 36 2 3 46 45 105 44 102 95 202 66 73 64 166 

4203.42	12460	37013
tour: 0 18 91 26 32 99 29 1 90 22 8 59 71 42 44 70 53 17 13 19 3 24 43 66 45 12 4 11 93 10 21 20 6 33 49 50 68 82 34 2 72 87 79 69 94 58 35 89 97 14 63 23 78 30 28 31 64 46 47 83 61 25 77 62 81 48 73 98 67 16 54 84 36 60 86 7 27 95 96 41 15 39 38 55 85 76 88 74 51 75 52 5 92 80 37 40 56 9 57 65 0 
bonus: 18 91 26 32 99 29 1 90 22 8 59 71 42 44 70 53 17 13 19 3 24 43 66 45 2 72 87 79 69 94 58 35 89 60 86 7 27 95 96 41 15 39 38 55 85 76 88 74 51 75 52 5 92 40 9 57 65 
passengers: 31 0 137 28 104 187 34 197 35 164 84 179 38 141 142 108 112 

4224.08	13034	46902
tour: 0 18 91 26 32 99 71 42 44 70 53 17 13 19 3 24 4 11 75 52 46 47 83 61 25 77 62 81 48 97 14 86 7 27 95 96 58 35 89 5 92 80 37 93 10 21 20 6 33 49 50 68 82 34 2 73 98 67 43 66 60 1 90 22 8 59 30 28 31 64 88 74 51 87 79 69 94 63 23 78 41 15 39 38 55 85 76 29 84 36 72 45 12 16 54 40 56 9 57 65 0 
bonus: 18 91 26 32 99 71 42 44 70 53 17 13 19 3 24 4 11 75 52 46 47 83 61 25 77 62 81 48 97 14 86 7 27 95 96 58 35 89 5 92 80 37 93 10 21 20 6 33 49 2 73 98 67 43 66 60 1 90 22 8 59 30 28 64 12 16 54 40 56 9 57 65 
passengers: 31 72 69 28 2 115 157 96 6 102 201 67 65 61 57 38 75 

4806	12682	40023
tour: 0 18 91 26 32 99 71 42 44 70 53 17 13 19 21 20 6 33 49 50 68 82 3 24 4 11 93 10 39 38 55 85 76 29 87 79 69 94 63 23 78 41 15 16 54 84 36 72 45 12 34 2 73 98 67 43 66 60 1 90 22 8 59 30 28 31 64 88 74 51 75 52 46 47 83 61 25 77 62 81 48 97 14 86 7 27 95 96 58 35 89 5 92 80 37 40 56 9 57 65 0 
bonus: 18 91 26 32 99 71 42 44 70 53 17 13 19 21 20 6 33 49 50 68 82 3 24 4 38 55 85 76 29 87 79 69 94 63 23 78 41 15 16 54 84 72 98 67 43 66 60 1 90 22 8 59 89 5 92 80 37 40 56 9 57 65 
passengers: 31 63 70 28 190 3 52 57 48 26 40 197 177 68 95 

4214.08	13413	53992
tour: 0 18 91 26 32 99 29 1 90 22 8 59 71 42 44 70 53 17 13 19 3 24 4 11 93 10 21 20 6 33 49 50 68 82 34 2 72 87 79 69 94 58 35 89 97 14 63 23 78 30 28 31 64 46 47 83 61 25 77 62 81 48 73 98 67 43 66 45 12 16 54 84 36 60 86 7 27 95 96 41 15 39 38 55 85 76 88 74 51 75 52 5 92 80 37 40 56 9 57 65 0 
bonus: 18 91 26 32 99 29 1 90 22 8 59 71 42 44 70 53 17 13 19 3 24 4 11 93 10 21 20 6 33 49 50 68 82 34 2 72 87 79 69 94 58 35 89 47 83 61 25 77 62 81 48 73 98 67 43 66 45 12 60 86 27 95 96 41 15 39 38 55 85 76 88 74 51 75 52 5 92 80 37 40 56 9 57 65 
passengers: 31 0 137 28 104 187 34 197 164 29 83 173 38 5 55 112 

4704.92	12797	40776
tour: 0 18 91 26 32 34 2 72 45 12 16 54 84 36 15 39 38 55 85 76 29 87 79 69 46 47 83 61 25 77 62 81 48 73 98 67 43 66 60 1 90 22 8 59 71 42 44 70 53 17 13 19 94 58 35 89 97 14 86 7 27 95 96 41 33 49 50 68 82 3 24 4 11 93 10 21 20 6 63 23 78 30 28 31 64 88 74 51 75 52 5 92 80 37 99 40 56 9 57 65 0 
bonus: 18 91 26 32 34 2 72 45 12 16 84 1 90 22 8 59 71 42 44 70 53 17 13 19 94 58 35 89 97 14 86 50 68 82 3 24 4 11 93 10 21 20 6 63 23 78 30 28 31 64 88 74 51 75 52 5 92 80 37 99 40 56 9 57 65 
passengers: 199 78 79 192 147 159 145 137 17 28 5 190 2 4 166 

3773.75	12123	28662
tour: 0 50 68 82 34 2 72 45 12 16 54 84 36 15 39 38 55 85 76 88 74 51 87 79 69 94 58 35 89 97 14 63 23 78 30 28 31 64 46 47 83 61 25 77 71 42 1 90 22 8 59 18 91 62 81 48 73 98 67 43 66 60 86 7 27 95 96 41 44 70 53 17 13 19 3 24 4 11 93 10 21 20 6 33 49 26 32 99 29 75 52 5 92 80 37 40 56 9 57 65 0 
bonus: 50 68 82 2 1 90 22 8 27 95 96 41 44 70 53 17 13 19 3 24 4 11 93 10 21 20 6 33 49 26 32 99 29 75 52 5 92 80 37 40 56 9 57 65 
passengers: 103 101 187 197 76 132 29 136 201 66 5 72 193 122 28 2 4 112 

4093.17	12377	34464
tour: 0 18 91 26 32 22 8 59 71 42 1 90 53 17 77 62 81 48 73 98 67 43 66 60 13 19 3 24 93 10 21 20 6 63 23 78 30 28 31 64 46 47 83 61 25 4 11 75 52 5 92 80 37 99 29 84 36 15 39 38 55 85 76 88 74 51 87 79 69 94 58 35 44 70 89 97 14 86 7 27 95 96 41 33 49 50 68 82 34 2 72 45 12 16 54 40 56 9 57 65 0 
bonus: 18 91 26 32 22 8 59 71 42 1 90 53 78 30 28 31 64 46 47 83 61 25 4 11 75 52 5 92 80 37 99 29 84 36 15 39 38 55 85 76 88 74 51 87 79 69 94 58 35 40 56 9 57 65 
passengers: 31 32 136 179 146 28 165 2 3 41 57 46 107 73 103 75 

4148.42	12595	37108
tour: 0 18 91 26 32 34 2 72 45 12 16 54 84 36 15 39 38 55 85 76 88 74 51 75 23 78 24 4 11 93 10 21 20 6 63 64 46 47 83 61 25 77 62 81 48 73 98 67 43 66 60 1 90 22 8 59 30 28 31 71 42 44 70 53 17 13 19 94 58 35 89 97 14 86 7 27 95 96 41 33 49 50 68 82 3 99 29 87 79 69 52 5 92 80 37 40 56 9 57 65 0 
bonus: 18 91 26 32 34 2 72 45 12 16 54 84 36 15 39 38 55 85 76 88 74 51 75 23 78 24 4 11 93 10 21 20 6 63 64 46 25 95 96 41 33 49 50 68 82 3 99 29 87 79 69 52 5 92 80 56 9 57 65 
passengers: 32 199 74 46 105 106 83 95 202 174 64 119 100 112 

4039.25	12443	35012
tour: 0 18 91 26 32 34 2 72 45 12 46 47 83 61 25 77 62 81 48 73 98 67 43 66 60 1 90 22 8 59 30 28 31 64 88 74 51 87 79 69 94 58 35 89 97 14 86 7 27 95 96 41 15 16 54 84 36 33 49 50 68 82 3 99 71 42 44 70 53 17 13 19 21 20 6 63 23 78 24 4 11 93 10 39 38 55 85 76 29 75 52 5 92 80 37 40 56 9 57 65 0 
bonus: 18 91 26 32 34 2 72 45 12 46 47 83 61 25 77 62 81 48 73 98 67 35 89 97 14 86 7 27 82 70 53 17 13 19 21 20 6 63 23 78 24 4 11 93 10 39 5 92 80 37 40 56 9 57 65 
passengers: 197 76 77 138 107 133 35 39 101 63 64 72 55 112 

3762.83	11397	15041
tour: 0 18 91 26 32 34 2 72 45 12 4 95 96 41 33 49 50 68 82 3 24 43 66 60 1 90 22 8 59 71 42 44 70 53 17 13 19 94 58 35 89 97 14 86 7 27 75 52 5 92 80 37 99 29 84 36 15 39 38 55 85 76 88 74 51 87 79 69 11 93 10 21 20 6 63 23 78 30 28 31 64 46 47 83 61 25 77 62 81 48 73 98 67 16 54 40 56 9 57 65 0 
bonus: 18 91 26 32 34 2 72 45 12 89 97 14 86 7 27 75 52 5 92 84 56 9 57 65 
passengers: 31 34 197 134 36 35 38 46 105 82 92 

4041.83	12515	36798
tour: 0 18 91 26 32 99 29 84 36 72 45 12 34 2 73 98 67 43 66 60 1 90 22 8 59 71 42 44 70 53 17 13 19 21 20 6 33 49 50 68 82 3 24 4 11 75 52 61 25 77 62 81 48 85 76 88 74 51 87 79 69 94 58 35 89 5 92 80 37 93 10 39 38 55 97 14 63 23 78 30 28 31 64 46 47 83 86 7 27 95 96 41 15 16 54 40 56 9 57 65 0 
bonus: 18 91 26 32 99 29 84 36 72 45 12 34 2 73 98 67 43 66 60 1 90 21 20 6 33 49 50 68 82 3 24 4 11 75 52 61 25 77 62 81 48 85 76 88 74 51 87 79 69 94 35 54 40 56 9 57 65 
passengers: 31 39 40 66 72 69 28 2 115 160 105 42 82 95 

4595.5	12977	46372
tour: 0 18 91 26 32 99 29 75 23 78 30 28 31 64 46 47 83 61 25 77 62 81 48 73 98 67 43 66 60 1 90 22 8 59 71 42 44 70 53 17 13 19 94 58 35 89 97 14 86 7 27 95 96 41 33 49 50 68 82 3 24 4 11 93 10 21 20 6 63 34 2 72 45 12 16 54 84 36 15 39 38 55 85 76 88 74 51 87 79 69 52 5 92 80 37 40 56 9 57 65 0 
bonus: 18 91 26 32 99 29 75 23 78 30 28 31 64 46 47 83 61 25 77 62 81 48 73 98 67 43 66 60 1 90 22 8 59 71 42 44 70 53 17 13 19 94 58 35 89 97 14 86 7 27 95 96 41 33 49 50 68 82 3 24 4 11 93 10 21 56 9 57 65 
passengers: 32 83 84 86 177 174 193 122 28 5 60 2 4 199 46 108 112 

3961	12393	33766
tour: 0 18 91 26 32 99 29 1 90 22 8 59 71 42 44 70 53 17 13 19 3 24 4 11 93 10 21 20 6 33 49 50 68 82 34 2 72 45 12 16 54 84 36 87 79 69 94 58 35 89 97 14 63 23 78 30 28 31 64 46 47 83 61 25 77 62 81 48 73 98 67 43 66 60 86 7 27 95 96 41 15 39 38 55 85 76 88 74 51 75 52 5 92 80 37 40 56 9 57 65 0 
bonus: 18 91 26 32 99 29 1 90 22 8 59 71 42 44 70 53 17 13 19 3 24 4 11 93 10 21 20 6 33 50 87 79 69 94 58 35 55 85 76 88 74 51 75 52 5 92 80 37 40 56 9 57 65 
passengers: 31 1 0 28 103 34 76 40 132 36 65 173 55 46 108 112 111 

4372.5	12352	34567
tour: 0 18 91 26 32 99 29 84 36 15 39 38 55 85 76 88 94 58 35 89 97 14 86 7 27 95 96 41 33 49 50 68 82 34 2 72 45 12 16 54 40 74 51 87 79 69 11 75 52 5 92 80 37 93 10 21 20 6 63 23 78 30 28 31 64 46 47 83 61 25 77 62 81 48 73 98 67 43 66 60 1 90 22 8 59 71 42 44 70 53 17 13 19 3 24 4 56 9 57 65 0 
bonus: 18 91 26 32 99 29 84 36 15 39 38 55 85 76 88 94 58 35 89 97 14 86 82 34 2 72 45 12 16 54 40 74 51 87 79 69 11 75 52 5 92 80 37 93 10 21 20 63 81 48 73 98 43 
passengers: 57 50 48 187 198 24 58 115 44 82 159 202 193 16 28 

3998.83	12374	33870
tour: 0 18 91 26 32 99 29 84 36 33 49 50 68 82 3 24 4 11 75 23 78 30 28 31 64 46 12 34 2 72 45 35 89 97 14 86 7 27 95 96 58 47 83 61 25 77 62 81 48 73 98 67 43 66 60 1 90 22 8 59 71 42 44 70 53 17 13 19 21 20 6 63 10 39 38 55 85 76 88 74 51 87 79 69 94 52 5 92 80 37 93 41 15 16 54 40 56 9 57 65 0 
bonus: 18 91 26 32 99 29 84 36 33 49 50 68 82 3 24 4 11 75 23 78 30 28 31 64 46 12 34 2 72 45 35 89 97 14 86 7 27 95 96 58 83 60 1 15 16 54 40 56 9 57 65 
passengers: 32 103 104 29 83 76 6 132 66 65 173 72 112 111 

3766.58	12465	33537
tour: 0 50 68 82 3 24 4 11 75 52 5 92 80 37 93 10 39 38 55 85 76 88 74 51 87 79 69 94 58 35 33 49 26 32 99 29 84 36 98 67 43 66 60 1 90 22 8 59 18 91 62 81 48 73 12 34 2 72 45 53 17 13 19 21 20 6 63 23 78 30 28 31 64 46 47 83 61 25 77 71 42 44 70 89 97 14 86 7 27 95 96 41 15 16 54 40 56 9 57 65 0 
bonus: 50 68 82 3 24 4 11 75 52 5 92 80 37 93 10 39 38 55 85 76 88 74 51 87 79 69 94 58 35 33 49 26 32 99 29 84 36 98 67 43 66 60 19 21 20 6 63 23 78 64 9 57 65 
passengers: 190 185 2 3 46 106 192 132 67 96 75 79 14 149 

4289.33	13353	50957
tour: 0 18 91 26 32 99 29 84 36 98 67 43 66 60 1 90 22 8 59 71 42 44 70 89 97 14 86 7 27 95 96 58 35 33 49 50 68 82 3 24 4 11 75 23 78 30 28 31 64 46 47 83 61 25 77 62 81 48 73 12 34 2 72 45 53 17 13 19 21 20 6 63 10 39 38 55 85 76 88 74 51 87 79 69 94 52 5 92 80 37 93 41 15 16 54 40 56 9 57 65 0 
bonus: 18 91 26 32 99 29 84 36 98 67 43 66 60 1 90 22 8 59 71 42 44 70 89 97 14 86 7 27 95 96 58 35 33 49 50 68 82 3 73 12 34 2 72 45 53 17 13 19 21 20 6 63 10 39 38 55 85 76 88 74 51 87 79 69 94 52 5 92 80 37 93 41 15 16 54 40 56 9 57 65 
passengers: 39 40 177 66 69 70 134 104 80 94 96 199 57 55 46 108 112 

3993.25	13614	54737
tour: 0 18 91 26 32 99 29 84 36 15 16 54 40 74 51 87 79 69 11 75 23 78 30 28 31 64 46 12 34 2 72 45 35 89 97 14 86 7 27 95 96 58 47 83 61 25 77 62 81 48 73 98 67 43 66 60 1 90 22 8 59 71 42 44 70 53 17 13 19 21 20 6 63 10 39 38 55 85 76 88 94 52 5 92 80 37 93 41 33 49 50 68 82 3 24 4 56 9 57 65 0 
bonus: 18 91 26 32 99 29 84 36 15 16 54 40 74 51 87 79 69 11 75 23 78 30 28 31 64 46 12 34 2 72 45 35 89 97 14 86 7 27 95 96 58 83 60 1 90 22 8 59 71 42 44 70 53 17 13 19 21 20 6 63 10 39 38 55 85 76 88 94 52 5 92 80 37 93 41 33 49 50 68 82 3 24 4 56 9 57 65 
passengers: 32 38 26 58 29 83 197 6 7 66 173 72 70 112 111 190 

3903.67	13688	55976
tour: 0 50 68 82 34 2 72 45 12 22 8 59 18 91 62 81 48 73 98 67 43 66 60 1 90 53 17 13 19 21 20 6 63 23 78 30 28 31 64 46 47 83 61 25 77 71 42 44 70 89 97 14 86 7 27 95 96 41 33 49 26 32 99 29 84 36 15 16 54 40 74 51 87 79 69 11 75 52 5 92 80 37 93 10 39 38 55 85 76 88 94 58 35 3 24 4 56 9 57 65 0 
bonus: 50 68 82 34 2 72 45 12 22 8 59 18 91 62 81 48 73 98 66 60 1 90 53 17 13 19 21 20 6 63 23 78 30 28 31 64 44 70 89 97 14 86 7 27 95 96 41 33 49 26 32 99 29 84 36 15 16 54 40 74 51 87 79 69 11 75 52 5 92 80 37 93 10 39 38 55 85 76 88 94 58 35 3 24 4 56 9 57 65 
passengers: 103 102 184 77 136 202 179 68 146 95 195 64 61 38 24 108 112 110 111 

4681.33	12131	30745
tour: 0 18 91 26 32 99 29 84 36 15 16 54 40 74 51 87 79 69 11 75 23 78 30 28 31 64 46 47 83 61 25 77 62 81 48 73 98 67 43 66 60 1 90 53 17 13 19 21 20 6 63 10 39 38 55 85 76 88 94 52 5 92 80 37 93 41 33 49 50 68 82 34 2 72 45 12 22 8 59 71 42 44 70 89 97 14 86 7 27 95 96 58 35 3 24 4 56 9 57 65 0 
bonus: 18 91 26 32 99 29 84 36 15 16 54 40 74 51 87 79 69 11 75 23 12 22 8 59 71 42 44 70 89 97 14 86 7 27 95 96 58 35 3 24 4 56 9 57 65 
passengers: 32 40 38 58 165 80 67 163 45 103 34 76 77 

4428.58	13159	47424
tour: 0 18 91 26 32 99 29 84 36 98 67 43 66 60 1 90 22 8 59 71 42 44 70 89 97 14 86 7 27 95 96 58 35 15 16 54 40 74 51 87 79 69 11 75 23 78 30 28 31 64 46 47 83 61 25 77 62 81 48 73 12 34 2 72 45 53 17 13 19 21 20 6 63 10 39 38 55 85 76 88 94 52 5 92 80 37 93 41 33 49 50 68 82 3 24 4 56 9 57 65 0 
bonus: 18 91 26 32 99 29 84 36 98 67 43 66 60 1 90 22 8 59 71 42 44 70 89 97 14 86 7 27 95 96 58 35 15 16 54 40 74 51 17 13 19 21 20 6 63 10 39 38 55 85 76 88 94 52 5 92 80 37 93 41 33 49 50 68 82 3 24 4 56 9 57 65 
passengers: 39 40 38 66 64 73 58 105 109 165 94 122 28 45 190 

3594.42	13231	46547
tour: 0 50 68 82 34 2 72 45 12 22 8 59 71 42 44 70 89 97 14 86 7 27 95 96 41 3 24 4 11 75 52 5 92 80 37 93 10 39 38 55 85 76 88 74 51 87 79 69 94 58 35 33 49 26 32 99 31 64 46 47 83 61 25 77 29 84 36 15 16 18 91 62 81 48 73 98 67 43 66 60 1 90 53 17 13 19 21 20 6 63 23 78 30 28 54 40 56 9 57 65 0 
bonus: 50 68 82 34 2 72 45 12 22 8 59 71 42 44 70 89 97 14 86 7 38 55 85 76 88 74 51 87 79 69 94 58 35 33 49 26 32 99 31 64 46 47 83 25 18 91 62 81 48 73 98 67 43 66 60 1 90 53 17 13 19 21 20 6 63 23 78 30 28 54 40 56 9 57 65 
passengers: 103 101 186 77 138 63 5 2 43 57 105 89 93 27 20 200 116 

3594.08	13093	45074
tour: 0 50 68 82 3 24 4 11 75 52 5 92 80 37 93 10 39 38 55 85 76 88 74 51 87 79 69 94 58 35 33 49 26 32 99 31 64 46 47 83 61 25 77 29 84 36 98 67 43 66 60 1 90 22 8 59 71 42 44 70 89 97 14 86 7 27 95 96 41 15 16 18 91 62 81 48 73 12 34 2 72 45 53 17 13 19 21 20 6 63 23 78 30 28 54 40 56 9 57 65 0 
bonus: 50 68 82 3 24 4 11 75 52 5 92 80 37 93 10 39 38 55 85 76 88 74 51 87 79 69 94 58 35 33 49 26 32 99 31 64 46 47 83 61 25 77 29 84 36 98 67 43 66 60 1 90 22 8 59 42 19 21 20 6 63 23 78 30 28 54 40 56 9 57 65 
passengers: 190 185 2 3 43 46 105 132 95 89 67 0 30 75 116 14 

3668.5	13019	42612
tour: 0 50 68 82 34 2 72 45 12 22 8 59 71 42 44 70 89 97 14 86 7 27 95 96 58 35 33 49 26 32 99 31 64 46 47 83 61 25 77 29 84 36 15 16 18 91 62 81 48 73 98 67 43 66 60 1 90 53 17 13 19 21 20 6 63 10 39 38 55 85 76 88 74 51 87 79 69 94 52 5 92 80 37 93 41 3 24 4 11 75 23 78 30 28 54 40 56 9 57 65 0 
bonus: 50 68 82 34 2 72 45 12 22 8 59 71 42 44 70 89 97 14 86 7 27 95 96 58 35 33 49 26 66 60 1 90 53 17 13 19 21 20 6 63 10 39 38 55 85 76 88 74 51 87 79 69 94 3 24 4 11 75 23 78 30 28 54 40 56 9 57 65 
passengers: 103 101 186 76 69 6 132 179 65 173 141 108 112 111 4 

3799.58	11842	19971
tour: 0 12 34 2 72 45 88 94 58 35 89 97 14 86 7 27 95 96 41 15 16 18 91 26 32 99 31 64 46 47 83 61 25 77 62 81 48 73 98 67 43 66 60 1 90 22 8 59 71 42 44 70 53 17 13 19 21 20 6 63 23 78 30 28 54 40 74 51 87 79 69 11 75 52 5 92 80 37 93 10 39 38 55 85 76 29 84 36 33 49 50 68 82 3 24 4 56 9 57 65 0 
bonus: 12 34 2 72 45 88 94 58 35 89 97 14 86 7 27 95 41 99 31 64 46 47 83 61 21 20 6 63 23 78 56 9 57 65 
passengers: 33 34 197 6 5 25 31 66 64 72 28 107 112 190 

3714.58	12664	36131
tour: 0 50 68 82 34 2 72 45 12 66 60 1 90 22 8 59 71 42 44 70 53 17 94 63 10 39 38 55 85 76 29 84 36 15 16 18 91 62 81 48 73 98 67 43 13 19 21 20 6 33 49 26 32 99 31 64 46 47 83 61 25 77 35 89 97 14 86 7 27 95 96 58 88 74 51 87 79 69 52 5 92 80 37 93 41 3 24 4 11 75 23 78 30 28 54 40 56 9 57 65 0 
bonus: 50 68 82 34 2 72 45 12 66 60 1 90 22 8 59 71 42 44 70 53 17 94 63 10 21 20 6 33 49 26 32 99 31 64 46 47 83 61 25 77 35 89 3 24 4 11 75 23 78 30 28 54 40 56 9 57 65 
passengers: 103 101 186 77 136 63 193 52 177 180 167 153 108 112 111 4 

3755.75	12713	37555
tour: 0 50 68 82 34 2 72 45 12 66 60 1 90 53 17 77 29 84 36 15 16 18 91 62 81 48 73 98 67 43 13 19 21 20 6 63 23 78 30 28 54 40 74 51 87 79 69 11 75 52 5 92 80 37 93 10 39 38 55 85 76 88 94 58 35 33 49 26 32 99 31 64 46 47 83 61 25 22 8 59 71 42 44 70 89 97 14 86 7 27 95 96 41 3 24 4 56 9 57 65 0 
bonus: 50 68 82 34 2 72 45 12 66 60 1 90 53 17 77 29 84 36 15 11 75 52 5 92 80 37 93 10 39 38 55 85 76 35 83 61 25 22 8 59 71 42 44 70 89 97 14 86 7 27 95 96 41 3 24 4 56 9 57 65 
passengers: 103 187 188 78 174 1 119 40 200 14 59 105 110 134 167 82 95 

3574.92	12377	29113
tour: 0 50 68 82 34 2 72 45 12 10 39 38 55 85 76 88 94 63 23 78 30 28 54 40 74 51 87 79 69 11 75 52 5 92 80 37 93 41 27 95 96 58 35 89 97 14 86 7 21 20 6 33 49 26 32 99 31 64 46 47 83 61 25 77 29 84 36 15 16 18 91 62 81 48 73 98 67 43 66 60 1 90 22 8 59 71 42 44 70 53 17 13 19 3 24 4 56 9 57 65 0 
bonus: 50 68 82 34 2 72 45 12 10 39 38 55 85 76 88 54 89 97 14 86 7 21 20 6 33 49 66 60 1 90 22 8 59 71 42 44 70 53 17 13 19 3 24 4 56 9 57 65 
passengers: 103 187 185 197 76 43 132 35 89 39 66 140 193 122 116 28 

3511.5	13376	50191
tour: 0 50 68 82 34 2 72 45 12 22 8 59 71 42 44 70 89 5 92 80 37 93 10 39 38 55 85 76 88 94 58 35 15 16 18 91 62 81 48 73 98 67 43 66 60 1 90 53 17 13 19 21 20 6 63 23 78 30 28 54 40 74 51 87 79 69 11 75 52 61 25 77 29 84 36 33 49 26 32 99 31 64 46 47 83 97 14 86 7 27 95 96 41 3 24 4 56 9 57 65 0 
bonus: 50 68 82 34 2 72 45 12 22 8 59 71 42 44 70 89 5 92 80 37 93 10 39 38 55 85 76 88 94 58 35 15 16 18 91 62 81 48 73 98 67 43 66 60 1 90 53 17 13 19 21 20 6 63 23 78 30 28 54 40 74 51 87 79 69 11 75 52 61 25 77 29 84 36 33 49 26 99 65 
passengers: 103 101 186 76 63 44 52 132 200 179 173 146 59 112 148 167 82 

4493.33	12661	39444
tour: 0 50 68 82 34 2 72 45 12 22 8 59 18 91 62 81 48 73 98 67 43 66 60 1 90 53 17 13 19 21 20 6 63 10 39 38 55 85 76 88 94 52 5 92 80 37 93 41 3 24 4 56 9 57 65 64 46 47 83 61 25 77 29 84 36 15 16 54 40 74 51 87 79 69 11 75 23 78 30 28 31 71 42 44 70 89 97 14 86 7 27 95 96 58 35 33 49 26 32 99 0 
bonus: 50 68 82 34 2 72 45 12 22 8 59 18 91 62 81 48 73 3 24 4 56 9 57 65 64 46 47 83 61 25 77 29 84 36 15 16 54 40 74 51 87 79 44 70 89 97 14 86 7 27 95 96 58 35 33 49 26 32 99 
passengers: 103 102 184 77 136 201 179 65 141 112 61 4 131 39 58 29 

3694.08	12139	25181
tour: 0 50 68 82 34 2 72 45 53 17 13 19 21 20 6 33 49 26 32 99 31 64 46 47 83 61 25 77 29 84 36 98 67 43 66 60 1 90 22 8 59 71 42 44 70 89 97 14 86 7 27 95 96 58 35 15 16 18 91 62 81 48 73 12 10 39 38 55 85 76 88 94 63 23 78 30 28 54 40 74 51 87 79 69 11 75 52 5 92 80 37 93 41 3 24 4 56 9 57 65 0 
bonus: 50 68 82 34 2 72 45 53 17 13 20 85 76 88 94 63 23 78 30 28 54 40 74 51 87 79 69 11 75 52 5 92 80 37 93 41 3 24 4 56 9 57 65 
passengers: 103 104 101 78 83 141 145 136 63 200 54 108 112 111 

3515	11692	18431
tour: 0 50 68 82 34 2 72 45 12 16 18 91 62 81 48 73 98 67 43 66 60 1 90 22 8 59 30 28 54 40 74 51 87 79 69 11 75 52 5 92 80 37 93 10 29 84 36 15 39 38 55 85 76 88 94 63 23 78 41 27 95 96 58 35 89 97 14 86 7 21 20 6 33 49 26 32 99 31 64 46 47 83 61 25 77 71 42 44 70 53 17 13 19 3 24 4 56 9 57 65 0 
bonus: 50 68 82 34 2 72 45 12 16 18 91 62 81 48 73 98 67 43 70 53 17 13 19 3 24 4 56 9 57 65 
passengers: 103 102 184 77 178 65 138 139 108 110 43 126 134 133 82 92 193 28 

3987.42	12849	41166
tour: 0 50 68 82 34 2 72 45 12 22 8 59 71 42 44 70 89 97 14 95 96 58 35 15 16 18 91 62 81 48 73 98 67 43 66 60 86 7 27 75 23 78 30 28 54 84 36 33 49 26 32 99 31 64 46 47 83 61 25 77 29 1 90 53 17 13 19 21 20 6 63 10 39 38 55 85 76 88 94 52 5 92 80 37 40 74 51 87 79 69 11 93 41 3 24 4 56 9 57 65 0 
bonus: 50 68 82 34 2 72 45 12 22 8 59 71 42 44 70 89 97 14 95 96 58 35 15 16 18 91 62 81 48 73 98 67 43 66 60 86 7 27 75 23 78 30 28 54 84 36 33 49 31 74 51 87 79 69 11 93 41 3 24 4 56 9 57 65 
passengers: 103 101 186 76 69 132 134 97 68 38 80 89 119 54 

3677	11877	18936
tour: 0 12 34 2 72 45 88 94 58 35 89 97 14 86 7 27 95 96 41 33 49 50 68 82 3 24 85 76 29 84 36 15 16 18 91 26 32 99 31 64 46 47 83 61 25 77 62 81 48 73 98 67 43 66 60 1 90 22 8 59 71 42 44 70 53 17 13 19 21 20 6 63 23 78 30 28 54 40 74 51 87 79 69 11 75 52 5 92 80 37 93 10 39 38 55 4 56 9 57 65 0 
bonus: 12 34 2 72 45 88 94 58 35 44 70 53 17 13 19 21 20 6 63 5 92 80 37 93 10 39 38 55 4 56 9 57 65 
passengers: 34 197 76 132 35 5 61 39 40 66 173 64 72 108 112 110 111 

3605.83	12356	31773
tour: 0 50 68 82 34 2 72 45 12 10 39 38 55 85 76 88 94 63 23 78 30 28 54 40 74 51 87 79 69 11 75 52 61 25 77 29 84 36 15 16 18 91 62 81 48 73 98 67 43 66 60 1 90 22 8 59 71 42 44 70 53 17 13 19 21 20 6 33 49 26 32 99 31 64 46 47 83 97 14 86 7 27 95 96 58 35 89 5 92 80 37 93 41 3 24 4 56 9 57 65 0 
bonus: 50 68 82 34 2 72 45 12 10 39 87 25 77 29 84 36 15 16 18 91 62 81 48 73 98 67 43 66 19 21 20 6 33 49 26 32 99 31 64 46 47 83 97 14 86 7 35 65 
passengers: 103 187 185 199 79 46 108 192 115 147 159 155 202 193 17 16 28 

3770.75	12972	41086
tour: 0 50 68 82 34 2 72 45 12 66 60 1 90 22 8 59 30 28 54 40 74 51 87 79 69 11 75 52 5 92 80 37 93 10 39 38 67 43 13 19 21 20 35 89 97 14 86 7 27 95 96 58 47 83 61 25 4 56 9 57 65 64 46 6 33 49 26 55 85 76 88 94 63 23 78 41 3 24 32 99 31 71 42 44 70 53 17 77 29 84 36 15 16 18 91 62 81 48 73 98 0 
bonus: 50 68 82 34 2 72 45 12 66 60 1 90 22 8 59 30 28 54 40 74 51 87 79 69 11 75 52 5 92 80 37 93 10 39 38 67 85 76 88 94 63 23 3 24 32 99 31 71 42 44 70 53 17 77 29 84 36 15 16 18 91 62 81 48 73 98 
passengers: 103 187 185 197 77 138 105 192 15 5 92 10 164 61 69 27 155 

3646.75	13158	46220
tour: 0 50 68 82 34 2 72 45 12 66 60 1 90 22 8 59 71 42 44 70 53 17 77 29 84 36 15 16 18 91 62 81 48 73 98 67 43 13 19 21 20 6 33 49 26 32 63 23 78 30 28 54 40 74 51 87 79 69 11 93 10 39 38 55 97 14 95 96 41 3 24 85 76 88 94 58 35 89 5 92 80 37 99 31 64 46 47 83 86 7 27 75 52 61 25 4 56 9 57 65 0 
bonus: 50 68 82 34 2 72 45 12 66 60 1 90 22 8 59 71 42 44 70 53 17 77 29 84 36 15 16 18 91 62 81 48 73 98 67 43 13 19 21 20 6 33 49 26 32 63 23 74 51 87 79 69 11 93 10 39 38 55 97 83 86 7 27 75 61 25 4 56 9 57 65 
passengers: 103 101 186 77 136 64 193 200 98 105 54 47 95 112 111 

3509.5	11750	17761
tour: 0 50 68 82 34 2 72 45 12 10 39 38 55 97 14 95 96 58 35 89 5 92 80 37 40 74 51 87 79 69 11 93 41 3 24 85 76 88 94 63 23 78 30 28 54 84 36 15 16 18 91 62 81 48 73 98 67 43 66 60 1 90 22 8 59 71 42 44 70 53 17 77 29 13 19 21 20 6 33 49 26 32 99 31 64 46 47 83 86 7 27 75 52 61 25 4 56 9 57 65 0 
bonus: 50 68 82 34 2 72 45 12 10 39 38 55 97 14 95 96 58 35 66 60 1 90 61 25 4 56 9 57 65 
passengers: 103 187 185 197 76 132 35 61 39 40 68 66 72 193 28 95 112 111 

3543.58	12172	27353
tour: 0 50 68 82 34 2 72 45 12 22 8 59 30 28 54 40 74 51 87 79 69 11 75 52 5 92 80 37 93 10 39 38 67 43 13 19 21 20 6 33 49 26 55 85 76 88 94 63 23 78 41 3 24 32 99 31 71 42 44 70 89 97 14 86 7 27 95 96 58 35 15 16 18 91 62 25 4 56 9 57 65 64 46 47 83 61 66 60 1 90 53 17 77 29 84 36 81 48 73 98 0 
bonus: 50 68 82 34 2 72 45 12 22 8 59 30 28 54 40 74 51 87 79 69 11 75 52 5 92 80 37 93 10 39 38 67 43 13 19 21 20 6 33 49 26 3 73 98 
passengers: 103 187 185 198 77 138 108 192 110 51 15 126 29 69 8 134 83 89 174 1 121 

3913.17	12106	26366
tour: 0 50 68 82 3 24 32 99 31 23 78 30 28 54 40 74 51 87 79 66 60 1 90 22 8 59 71 42 44 70 53 17 77 35 89 97 14 86 7 27 95 96 58 47 83 61 69 11 75 52 5 92 80 37 93 41 15 16 18 91 62 25 4 56 9 57 65 64 46 12 34 2 72 45 88 94 63 10 39 38 67 43 13 19 21 20 6 33 49 26 55 85 76 29 84 36 81 48 73 98 0 
bonus: 50 68 82 3 24 32 99 31 23 79 27 95 96 58 61 93 41 15 16 18 91 62 25 19 21 20 6 33 49 26 55 85 76 29 84 36 81 48 73 98 
passengers: 101 189 191 140 62 119 5 192 42 60 80 199 164 15 

3559.75	13117	43407
tour: 0 50 68 82 34 2 72 45 12 66 60 1 90 22 8 59 30 28 54 40 74 51 87 79 69 11 75 52 61 25 4 56 9 57 65 64 46 47 83 97 14 86 7 27 95 96 58 35 89 5 92 80 37 93 10 39 38 67 43 13 19 21 20 6 33 49 26 55 85 76 88 94 63 23 78 41 3 24 32 99 31 71 42 44 70 53 17 77 29 84 36 15 16 18 91 62 81 48 73 98 0 
bonus: 50 68 82 34 2 72 45 12 66 60 1 90 22 8 59 30 28 54 40 74 51 89 5 92 80 37 93 10 39 38 67 43 13 19 21 20 6 33 49 26 55 85 76 88 94 63 23 78 41 3 24 42 44 70 53 17 77 29 84 36 15 16 18 91 62 81 48 73 98 
passengers: 103 187 190 197 77 138 105 2 95 30 36 51 49 15 164 61 69 27 155 

3709.25	12604	34766
tour: 0 50 68 82 3 24 85 76 88 94 58 47 83 92 80 37 93 10 29 84 36 81 48 73 98 67 43 13 19 21 20 6 63 23 78 30 28 54 40 74 51 87 79 69 11 75 52 61 66 60 1 90 22 8 59 71 42 44 70 89 5 39 38 55 97 14 86 7 27 95 96 41 33 49 26 32 99 31 64 46 12 34 2 72 45 53 17 77 35 15 16 18 91 62 25 4 56 9 57 65 0 
bonus: 50 68 82 3 24 43 13 19 21 20 6 63 44 70 89 5 39 38 55 97 14 86 7 27 95 96 41 33 49 26 32 99 31 64 46 12 34 2 72 45 53 17 77 35 15 18 91 62 25 4 56 9 57 65 
passengers: 184 188 132 202 178 14 108 110 137 63 57 126 60 82 34 156 158 

3531.75	12996	40239
tour: 0 50 68 82 34 2 72 45 12 66 60 1 90 22 8 59 71 42 44 70 53 17 77 35 89 5 39 38 55 97 14 86 7 27 95 96 58 47 83 92 80 37 93 41 3 24 85 76 88 94 63 10 29 84 36 15 16 18 91 62 81 48 73 98 67 43 13 19 21 20 6 33 49 26 32 99 31 64 46 23 78 30 28 54 40 74 51 87 79 69 11 75 52 61 25 4 56 9 57 65 0 
bonus: 50 68 82 34 2 72 45 12 66 60 1 90 22 8 59 71 42 44 70 53 17 77 35 89 5 39 38 55 97 14 47 13 19 21 20 6 33 49 26 32 99 31 64 46 23 78 30 28 54 40 74 51 87 79 69 11 75 52 61 25 4 56 9 57 65 
passengers: 103 101 186 76 63 123 57 6 132 27 200 14 16 108 112 111 

3645.67	11633	18228
tour: 0 50 68 82 34 2 72 45 12 66 60 86 7 27 75 52 61 25 4 56 9 57 65 64 46 47 83 97 14 95 96 58 35 89 5 92 80 37 40 74 51 87 79 69 11 93 10 39 38 67 43 13 19 21 20 6 33 49 26 55 85 76 88 94 63 23 78 41 3 24 32 99 31 71 42 44 70 53 17 77 29 1 90 22 8 59 30 28 54 84 36 15 16 18 91 62 81 48 73 98 0 
bonus: 50 68 82 34 2 72 25 47 83 97 14 95 96 58 35 89 43 13 15 16 18 91 62 81 48 73 98 
passengers: 103 104 187 197 76 84 132 36 48 182 66 164 73 27 155 

4025.08	12848	39038
tour: 0 50 68 82 34 2 72 45 12 22 8 59 30 28 54 84 36 81 48 73 98 67 43 13 19 21 20 6 33 49 26 32 99 31 64 46 47 83 92 80 37 40 74 51 87 79 66 60 86 7 27 75 52 61 69 11 93 10 29 1 90 53 17 77 71 42 44 70 89 5 39 38 55 97 14 95 96 58 35 3 24 85 76 88 94 63 23 78 41 15 16 18 91 62 25 4 56 9 57 65 0 
bonus: 50 68 82 34 2 72 45 12 22 8 59 13 19 21 20 6 33 49 26 32 31 86 7 27 75 52 61 69 11 93 10 29 1 90 53 17 77 71 42 44 70 89 5 39 38 55 97 14 95 96 58 35 3 24 85 76 25 56 9 57 65 
passengers: 103 102 184 77 136 200 179 68 95 108 146 110 153 122 120 63 57 156 158 

4172.25	12005	24126
tour: 0 18 91 26 32 99 31 64 46 47 53 17 77 62 81 48 73 98 67 43 13 19 21 20 6 33 49 50 68 82 34 2 72 45 12 66 60 1 90 22 8 59 71 42 44 70 89 5 39 38 55 97 14 86 7 27 95 96 58 35 15 16 83 92 80 37 10 29 84 36 87 79 69 11 93 41 3 24 85 76 88 94 63 23 78 30 28 54 40 74 51 75 52 61 25 4 56 9 57 65 0 
bonus: 18 91 26 32 99 31 64 46 55 97 14 86 7 27 95 96 58 35 15 16 83 92 80 37 3 40 74 51 75 52 61 25 4 56 9 57 65 
passengers: 31 165 83 98 141 48 126 5 35 38 108 112 111 149 

3650.25	11916	22446
tour: 0 50 68 82 3 24 85 76 29 84 36 81 48 73 98 67 43 13 19 21 20 6 33 49 26 32 99 31 64 46 12 34 2 72 45 88 94 63 23 78 30 28 54 40 74 51 87 79 66 60 1 90 22 8 59 71 42 44 70 53 17 77 35 89 5 92 80 37 10 39 38 55 97 14 95 96 58 47 83 86 7 27 75 52 61 69 11 93 41 15 16 18 91 62 25 4 56 9 57 65 0 
bonus: 50 68 82 3 24 85 76 29 84 36 81 48 73 98 67 43 13 19 21 20 74 51 87 79 66 60 1 90 22 8 59 42 56 9 57 65 
passengers: 102 184 188 200 182 67 77 105 109 140 119 122 95 112 156 

3661.42	13846	57404
tour: 0 50 68 82 3 24 85 76 88 94 63 10 29 84 36 81 48 73 98 67 43 13 19 21 20 6 33 49 26 32 99 31 64 46 12 34 2 72 45 23 78 30 28 54 40 74 51 87 79 69 11 75 52 61 66 60 1 90 22 8 59 71 42 44 70 53 17 77 35 89 5 39 38 55 97 14 86 7 27 95 96 58 47 83 92 80 37 93 41 15 16 18 91 62 25 4 56 9 57 65 0 
bonus: 50 68 82 3 24 85 76 88 94 63 10 29 84 36 81 13 19 21 20 6 33 49 26 32 99 31 64 46 12 34 2 72 45 23 54 74 51 87 79 69 11 75 52 61 66 60 1 90 22 8 59 71 42 44 70 53 17 77 35 89 5 39 38 55 97 14 86 7 27 95 96 58 47 83 92 80 37 93 41 15 16 18 91 62 25 4 56 9 57 65 
passengers: 102 184 188 200 67 14 77 108 109 110 140 122 123 126 5 135 92 156 

3717.67	13111	46045
tour: 0 50 68 82 34 2 72 45 12 22 8 59 18 91 62 81 48 73 98 67 43 13 19 21 20 6 33 49 26 32 99 31 64 46 47 83 92 80 37 10 29 84 36 87 79 69 11 93 41 3 24 85 76 88 94 63 23 78 30 28 66 60 1 90 53 17 77 71 42 44 70 89 5 39 38 55 97 14 86 7 27 95 96 58 35 15 16 54 40 74 51 75 52 61 25 4 56 9 57 65 0 
bonus: 50 68 82 34 2 72 45 12 22 8 59 18 91 62 81 48 73 98 13 19 21 20 6 33 49 26 87 79 69 11 93 41 3 24 90 53 17 77 71 44 70 89 5 39 38 55 97 14 86 7 27 95 96 58 35 15 16 54 40 74 51 75 52 61 25 4 56 9 57 65 
passengers: 103 102 184 77 136 97 68 65 89 39 29 122 63 57 108 112 111 

3540.75	11072	4359
tour: 0 50 68 82 34 2 72 45 53 17 77 35 15 16 18 91 62 81 48 73 98 67 43 13 19 21 20 6 33 49 26 32 99 31 64 46 12 66 60 1 90 22 8 59 71 42 44 70 89 5 39 38 55 97 14 86 7 27 95 96 58 47 83 92 80 37 10 29 84 36 87 79 69 11 93 41 3 24 85 76 88 94 63 23 78 30 28 54 40 74 51 75 52 61 25 4 56 9 57 65 0 
bonus: 70 89 5 39 56 9 57 65 
passengers: 103 102 101 121 202 66 63 64 54 48 108 112 111 

3715.67	12468	32886
tour: 0 50 68 82 34 2 72 45 12 16 18 91 51 87 79 69 11 75 52 61 25 4 56 9 57 65 64 46 47 83 97 14 86 7 27 95 96 58 35 89 5 92 80 37 93 41 3 24 32 99 31 23 78 30 28 54 40 74 13 19 21 20 6 33 49 26 55 85 76 88 94 63 10 29 84 36 15 39 38 67 43 66 60 1 90 22 8 59 71 42 44 70 53 17 77 62 81 48 73 98 0 
bonus: 50 68 82 34 2 72 45 12 16 18 91 51 87 79 69 11 75 52 61 25 4 56 9 57 65 64 46 47 83 35 89 5 92 3 66 60 1 90 22 8 59 71 42 44 70 53 17 77 62 81 48 73 98 
passengers: 103 187 190 197 76 2 132 31 32 124 15 98 164 39 178 66 136 69 121 

3533.75	12047	23278
tour: 0 50 68 82 3 24 85 76 88 94 63 10 29 84 36 87 79 66 60 1 90 22 8 59 71 42 44 70 53 17 77 35 89 5 39 38 55 97 14 86 7 27 95 96 58 47 83 92 80 37 69 11 93 41 15 16 18 91 62 81 48 73 98 67 43 13 19 21 20 6 33 49 26 32 99 31 64 46 12 34 2 72 45 23 78 30 28 54 40 74 51 75 52 61 25 4 56 9 57 65 0 
bonus: 50 68 82 98 67 43 13 19 21 20 6 33 49 26 32 99 31 64 46 12 34 2 72 45 23 54 74 51 75 52 61 25 4 56 9 57 65 
passengers: 101 189 191 140 63 119 52 6 192 200 67 14 75 108 112 111 

3546.42	12343	28161
tour: 0 50 68 82 34 2 72 45 12 22 8 59 71 42 44 70 89 5 62 81 48 73 98 67 43 66 60 1 90 53 17 77 29 84 36 15 16 18 91 51 87 79 69 11 93 41 3 24 85 76 88 94 63 23 78 30 28 54 40 74 13 19 21 20 6 33 49 26 32 99 31 64 46 47 83 92 80 37 10 39 38 55 97 14 95 96 58 35 86 7 27 75 52 61 25 4 56 9 57 65 0 
bonus: 50 68 82 74 13 19 21 20 6 33 49 26 32 99 31 64 46 47 83 92 80 37 10 39 38 55 97 14 95 96 58 35 86 7 27 75 52 61 25 4 56 9 57 65 
passengers: 103 102 101 77 136 64 97 65 38 124 59 15 17 165 47 126 112 111 149 

3527.83	12208	25992
tour: 0 12 16 18 91 26 32 99 31 64 46 47 83 86 7 27 75 52 61 69 11 93 41 15 39 38 55 97 14 95 96 58 35 3 24 85 76 88 94 63 23 78 30 28 54 40 74 51 87 79 66 60 1 90 22 8 59 71 42 44 70 89 5 92 80 37 10 29 84 36 81 48 73 98 67 43 13 19 21 20 6 33 49 50 68 82 34 2 72 45 53 17 77 62 25 4 56 9 57 65 0 
bonus: 12 16 18 91 26 32 99 31 64 46 47 81 48 73 98 67 43 13 19 21 20 6 33 49 50 68 82 34 2 72 45 53 17 77 62 25 4 56 9 57 65 
passengers: 24 21 20 165 51 46 164 106 62 44 40 96 183 67 75 122 

3657.5	11947	23091
tour: 0 50 68 82 3 24 85 76 88 94 63 23 78 30 28 54 40 74 12 34 2 72 45 53 17 77 29 84 36 81 48 73 98 67 43 13 19 21 20 6 33 49 26 32 99 31 64 46 47 83 92 80 37 10 39 38 55 97 14 95 96 58 35 86 7 27 75 52 61 69 11 93 41 15 16 18 91 51 87 79 66 60 1 90 22 8 59 71 42 44 70 89 5 62 25 4 56 9 57 65 0 
bonus: 50 68 82 3 24 85 76 88 94 63 23 78 30 28 54 40 53 17 84 86 7 27 75 52 61 69 11 93 41 15 16 18 91 79 65 
passengers: 103 187 188 197 74 177 126 5 7 112 25 156 158 

3563	11591	13597
tour: 0 50 68 82 34 2 72 45 12 16 18 91 51 87 79 69 11 93 41 3 24 32 99 31 23 78 30 28 54 84 36 15 39 38 67 43 66 60 86 7 27 75 52 61 25 4 56 9 57 65 64 46 47 83 97 14 95 96 58 35 89 5 92 80 37 40 74 13 19 21 20 6 33 49 26 55 85 76 88 94 63 10 29 1 90 22 8 59 71 42 44 70 53 17 77 62 81 48 73 98 0 
bonus: 50 68 82 9 57 65 64 46 47 83 97 14 95 96 70 53 17 77 62 81 48 73 98 
passengers: 103 187 190 75 78 146 148 2 9 166 89 41 15 136 140 69 121 

3448.42	13339	48351
tour: 0 50 68 82 34 2 72 45 12 16 18 91 51 87 79 69 11 75 52 61 25 4 56 9 57 65 76 88 94 63 23 78 30 28 54 40 74 13 19 21 20 6 33 49 26 55 85 93 41 3 24 32 99 31 64 46 47 83 97 14 86 7 27 95 96 58 35 89 5 92 80 37 10 29 84 36 15 39 38 67 43 66 60 1 90 22 8 59 71 42 44 70 53 17 77 62 81 48 73 98 0 
bonus: 50 68 82 34 2 72 45 12 16 18 91 51 87 79 69 11 75 52 61 25 4 56 9 57 65 76 88 94 63 23 78 30 28 54 40 74 13 55 46 47 83 97 14 86 7 27 95 96 58 35 89 5 92 80 37 10 29 84 43 60 1 90 22 8 59 71 42 44 70 53 17 77 62 81 48 73 98 
passengers: 103 187 190 75 79 148 4 10 59 126 165 83 132 178 66 174 136 69 121 

3517.08	12448	30610
tour: 0 50 68 82 34 2 72 45 12 22 8 59 18 91 62 81 48 73 98 67 43 13 19 21 20 6 33 49 26 32 99 31 64 46 47 83 92 80 37 10 29 84 36 15 16 54 40 74 51 87 79 69 11 93 41 3 24 85 76 88 94 63 23 78 30 28 66 60 1 90 53 17 77 71 42 44 70 89 5 39 38 55 97 14 95 96 58 35 86 7 27 75 52 61 25 4 56 9 57 65 0 
bonus: 50 68 82 34 2 72 45 12 22 8 59 18 91 62 81 48 73 98 13 19 21 20 6 33 49 26 44 70 89 5 39 38 55 97 14 95 96 58 35 27 75 52 61 25 4 56 9 57 65 
passengers: 103 102 184 77 136 97 68 65 93 39 25 29 63 72 54 112 111 

3716.75	12733	37069
tour: 0 50 68 82 3 24 85 76 88 94 63 23 78 30 28 54 84 36 81 48 73 98 67 43 13 19 21 20 6 33 49 26 32 99 31 64 46 12 34 2 72 45 53 17 77 35 86 10 29 7 27 75 52 61 66 60 1 90 22 8 59 71 42 44 70 89 5 39 38 55 97 14 95 96 58 47 83 92 80 37 40 74 51 87 79 69 11 93 41 15 16 18 91 62 25 4 56 9 57 65 0 
bonus: 50 68 82 3 24 85 76 13 19 21 20 6 33 49 26 32 99 31 64 46 12 34 2 72 45 53 17 77 35 86 10 29 47 83 92 80 37 40 74 51 87 79 69 11 93 41 15 16 18 91 62 25 4 56 9 57 65 
passengers: 102 184 188 67 18 19 76 150 172 141 135 92 90 156 

3731.75	13346	49480
tour: 0 12 34 2 72 45 53 17 77 62 25 4 56 9 57 65 64 46 47 83 92 80 37 10 29 84 36 81 48 73 98 67 43 13 19 21 20 6 33 49 50 68 82 3 24 85 76 88 94 63 23 78 30 28 31 71 42 44 70 89 5 39 38 55 97 14 95 96 58 35 86 7 27 75 52 61 69 11 93 41 15 16 54 40 74 51 87 79 66 60 1 90 22 8 59 18 91 26 32 99 0 
bonus: 12 34 2 72 45 53 17 77 62 25 4 56 9 57 65 64 46 47 83 92 80 37 10 29 84 36 81 48 73 98 67 43 13 19 70 89 5 39 38 55 97 14 95 96 58 35 86 7 27 75 52 61 69 11 93 41 15 16 54 40 74 51 87 79 66 60 1 90 22 8 59 18 91 26 32 99 
passengers: 198 75 122 2 128 44 39 40 202 66 63 64 72 57 114 22 59 145 

3442.42	12536	33464
tour: 0 50 68 82 3 24 85 76 88 94 63 23 78 30 28 31 71 42 44 70 89 97 14 95 96 58 35 86 7 27 75 52 5 92 80 37 10 29 84 36 39 38 55 4 56 9 57 65 64 46 47 83 61 25 77 62 81 48 73 98 67 43 66 60 1 90 22 8 59 18 91 51 87 79 69 11 93 41 15 16 54 40 74 12 34 2 72 45 53 17 13 19 21 20 6 33 49 26 32 99 0 
bonus: 50 68 82 3 24 85 56 9 57 65 64 46 61 66 60 1 90 22 8 59 18 91 51 87 79 69 11 93 41 15 16 54 40 74 12 34 2 72 45 53 17 13 19 21 20 6 33 49 26 32 99 
passengers: 101 186 190 63 132 52 9 89 200 67 0 59 33 

3676	13525	51917
tour: 0 50 68 82 34 2 72 45 53 17 77 62 81 48 73 98 67 43 13 19 21 20 6 33 49 26 32 99 31 64 46 47 83 97 14 95 96 58 35 15 16 18 91 51 87 79 69 11 93 41 3 24 85 76 88 94 63 23 78 30 28 54 40 74 12 66 60 86 7 27 75 52 61 25 1 90 22 8 59 71 42 44 70 89 5 92 80 37 10 29 84 36 39 38 55 4 56 9 57 65 0 
bonus: 50 68 82 34 2 72 45 53 17 77 62 81 48 73 98 67 43 13 19 21 20 6 33 49 26 64 35 15 16 18 91 51 87 79 69 11 93 41 3 24 85 76 88 94 63 23 78 30 28 54 40 74 12 66 60 86 7 27 75 52 61 25 1 90 22 8 59 71 42 44 70 89 5 92 80 37 10 29 84 36 65 
passengers: 103 102 184 76 177 68 93 24 20 22 29 173 146 7 112 149 54 

3615.08	12897	39735
tour: 0 50 68 82 3 24 32 99 31 71 42 44 70 89 97 14 95 96 58 47 83 61 25 4 56 9 57 65 64 46 12 34 2 72 45 53 17 77 35 86 10 29 84 36 39 38 67 43 13 19 21 20 6 33 49 26 55 85 76 88 94 63 23 78 30 28 7 27 75 52 5 92 80 37 69 11 93 41 15 16 54 40 74 51 87 79 66 60 1 90 22 8 59 18 91 62 81 48 73 98 0 
bonus: 50 68 82 3 24 32 99 31 71 42 44 70 89 97 14 95 96 58 47 83 61 25 4 56 9 57 65 64 46 12 34 2 72 45 53 17 77 35 86 10 13 23 78 40 74 51 87 79 66 60 1 90 22 8 59 18 91 62 81 48 73 98 
passengers: 101 186 190 132 134 3 80 56 65 14 29 5 27 22 106 145 136 

3593.75	12470	31235
tour: 0 50 68 82 34 2 72 45 12 22 8 59 18 91 51 87 79 69 11 93 41 3 24 85 76 88 94 63 23 78 30 28 31 71 42 44 70 89 5 39 38 55 97 14 95 96 58 62 81 48 73 98 67 43 66 60 1 90 53 17 77 35 86 7 27 75 52 61 25 4 56 9 57 65 64 46 47 83 92 80 37 10 29 84 36 15 16 54 40 74 13 19 21 20 6 33 49 26 32 99 0 
bonus: 50 68 82 34 2 72 45 12 22 8 59 18 91 75 52 61 25 4 56 9 57 65 64 46 47 83 92 80 37 10 29 84 36 15 16 54 40 74 13 19 21 20 6 33 49 26 32 99 
passengers: 103 101 187 77 74 138 106 63 52 126 179 180 146 112 148 149 130 170 166 93 124 59 

3890.67	12102	24192
tour: 0 18 91 51 87 79 69 11 93 41 3 24 85 76 88 94 63 23 78 30 28 54 40 74 13 19 21 20 6 33 49 26 32 99 31 64 46 47 53 17 50 68 82 34 2 72 45 12 16 83 97 14 95 96 58 35 86 7 27 75 52 61 25 77 62 81 48 73 98 67 43 66 60 1 90 22 8 59 71 42 44 70 89 5 92 80 37 10 29 84 36 15 39 38 55 4 56 9 57 65 0 
bonus: 18 91 51 87 79 69 11 93 2 72 45 12 16 83 97 14 95 96 58 35 86 7 27 75 52 61 25 77 62 81 48 73 98 67 43 9 57 65 
passengers: 105 192 163 17 95 34 132 6 115 155 202 66 176 63 54 55 

3685.75	13509	50663
tour: 0 18 91 62 81 48 73 98 67 43 13 19 21 20 6 33 49 26 32 99 31 64 46 12 34 2 72 45 53 17 50 68 82 3 24 85 76 88 94 63 23 78 30 28 7 27 75 52 5 92 80 37 69 11 93 41 15 16 54 40 74 51 87 79 66 60 1 90 22 8 59 71 42 44 70 89 97 14 95 96 58 47 83 61 25 77 35 86 10 29 84 36 39 38 55 4 56 9 57 65 0 
bonus: 18 91 62 81 48 73 98 67 43 13 19 21 20 6 33 49 26 32 99 31 64 46 12 34 2 72 45 53 17 50 68 82 3 24 85 76 88 69 11 93 41 15 16 54 40 74 51 87 79 66 60 1 90 22 8 70 89 97 14 95 96 58 47 83 61 25 77 35 86 10 29 38 55 4 56 9 57 65 
passengers: 159 155 154 67 32 198 119 29 5 41 25 22 146 63 135 92 149 54 

3848.25	11886	20717
tour: 0 12 34 2 72 45 53 17 50 68 82 3 24 85 76 88 94 63 23 78 30 28 7 27 75 52 61 25 77 71 42 44 70 89 5 92 80 37 69 11 93 41 15 16 54 40 74 51 87 79 66 60 1 90 22 8 59 18 91 62 81 48 73 98 67 43 13 19 21 20 6 33 49 26 32 99 31 64 46 47 83 97 14 95 96 58 35 86 10 29 84 36 39 38 55 4 56 9 57 65 0 
bonus: 12 34 2 72 45 53 17 50 68 82 3 24 76 11 93 41 15 16 54 40 74 51 87 79 66 60 1 73 98 67 43 13 
passengers: 79 119 118 186 153 44 192 27 177 183 15 36 

3506.42	12881	39227
tour: 0 18 91 51 87 79 69 11 93 41 15 16 54 40 74 12 34 2 72 45 53 17 50 68 82 3 24 85 76 88 94 63 23 78 30 28 66 60 1 90 22 8 59 71 42 44 70 89 97 14 95 96 58 62 81 48 73 98 67 43 13 19 21 20 6 33 49 26 32 99 31 64 46 47 83 61 25 77 35 86 7 27 75 52 5 92 80 37 10 29 84 36 39 38 55 4 56 9 57 65 0 
bonus: 18 91 51 87 79 69 11 93 41 15 16 54 40 74 12 34 2 72 45 53 17 50 68 82 3 24 85 76 62 81 48 73 98 67 43 13 19 21 20 6 33 49 26 32 99 31 64 46 47 83 61 25 77 35 86 7 56 9 57 65 
passengers: 107 109 60 76 118 101 186 69 193 132 180 68 28 95 149 112 

3595.08	11896	18595
tour: 0 18 91 51 87 79 69 11 93 41 15 16 54 40 74 1 90 22 8 59 71 42 98 67 43 13 19 21 20 6 33 49 26 32 99 31 64 46 47 83 97 14 95 96 58 62 81 48 73 12 34 2 72 45 53 17 50 68 82 3 24 85 76 88 94 63 23 78 30 28 66 60 86 7 27 75 52 61 25 77 35 44 70 89 5 92 80 37 10 29 84 36 39 38 55 4 56 9 57 65 0 
bonus: 18 91 51 87 75 52 61 25 77 35 44 70 89 5 92 80 37 10 29 84 36 39 38 55 4 56 9 57 65 
passengers: 105 106 192 17 95 155 96 34 197 112 36 35 54 

4125.67	14270	62059
tour: 0 24 85 76 88 94 63 23 78 47 83 97 14 95 96 58 35 86 7 27 75 52 61 25 77 71 42 44 70 89 5 92 80 37 10 29 84 36 39 38 55 4 56 9 57 65 64 46 12 34 2 72 45 53 17 50 68 82 3 66 60 1 90 22 8 59 30 31 28 54 40 74 51 87 79 69 11 93 41 15 16 18 91 62 81 48 73 98 67 43 13 19 21 20 6 33 49 26 32 99 0 
bonus: 24 85 76 88 94 63 23 78 47 83 97 14 95 96 58 35 86 7 27 75 52 61 25 77 71 42 44 70 89 5 92 80 37 10 29 84 36 39 38 55 4 56 9 57 65 64 46 12 34 2 72 45 53 17 50 68 82 3 66 60 1 90 22 8 59 30 31 28 54 40 74 51 87 79 69 11 93 41 15 16 18 91 62 81 48 73 98 67 43 13 19 21 20 6 33 49 26 99 
passengers: 29 95 91 7 8 112 70 130 83 188 172 59 106 

3559.08	12696	33540
tour: 0 18 91 51 87 79 69 11 93 41 27 75 52 61 25 77 35 15 16 54 40 74 1 90 22 8 59 71 42 47 83 97 14 95 67 43 13 19 44 70 89 5 92 80 37 10 29 84 36 39 38 55 4 56 9 57 65 82 3 24 85 76 88 94 63 23 78 30 28 66 60 86 7 21 20 6 33 49 26 32 99 31 64 46 12 34 2 72 45 53 17 50 68 96 58 62 81 48 73 98 0 
bonus: 18 91 51 87 79 69 11 93 41 27 75 52 61 25 77 35 15 16 54 40 74 1 90 22 8 59 71 42 47 83 97 14 95 67 43 13 19 44 70 38 55 4 68 96 58 62 81 48 73 98 
passengers: 105 108 192 113 63 92 15 54 127 10 11 85 76 188 155 

3517.42	11624	9205
tour: 0 12 34 2 72 45 53 17 50 68 82 3 24 85 20 6 33 49 79 69 11 93 41 15 16 18 91 26 32 99 31 28 54 40 74 13 19 44 70 89 5 92 80 37 51 87 22 8 59 71 42 47 83 97 14 95 67 43 66 60 1 90 64 46 23 78 30 63 10 29 84 36 39 38 55 4 56 9 57 65 76 88 94 27 75 52 61 25 77 35 86 7 21 96 58 62 81 48 73 98 0 
bonus: 12 34 82 99 31 28 54 40 74 13 19 44 56 9 98 
passengers: 33 119 118 185 192 25 31 18 28 63 146 52 115 147 155 

3424.5	12960	32428
tour: 0 12 34 2 72 45 53 17 50 68 82 3 24 85 20 6 33 49 26 32 99 31 84 36 39 38 55 4 56 9 57 65 76 88 94 63 23 78 30 28 54 40 74 1 90 64 46 47 83 97 14 95 67 43 13 19 79 66 60 86 10 29 7 27 75 52 61 25 77 35 15 16 18 91 51 87 22 8 59 71 42 44 70 89 5 92 80 37 69 11 93 41 21 96 58 62 81 48 73 98 0 
bonus: 12 34 2 72 45 53 17 50 68 55 4 56 9 57 65 76 88 94 63 23 78 30 28 54 40 74 1 90 64 46 47 83 97 14 95 67 43 13 19 79 66 60 86 10 29 7 27 75 52 62 81 48 73 98 
passengers: 33 199 75 32 48 9 29 124 95 17 5 113 136 155 

3402.58	13337	42520
tour: 0 12 34 2 72 45 53 17 50 68 82 3 24 85 20 6 33 49 26 32 99 31 28 54 40 74 1 90 64 46 47 83 97 14 95 67 43 13 19 44 70 89 5 92 80 37 10 29 84 36 39 38 55 4 79 66 60 86 7 27 75 52 61 25 77 35 15 16 18 91 51 87 22 8 59 30 63 23 78 41 21 96 69 11 93 56 9 57 65 76 88 94 58 62 81 48 73 71 42 98 0 
bonus: 12 34 2 72 45 53 17 50 68 82 3 24 85 20 6 33 49 26 47 83 97 14 95 67 43 13 19 44 70 89 5 92 60 86 7 27 75 52 61 25 77 35 15 16 18 91 51 87 22 8 59 30 63 23 78 41 21 96 69 11 93 56 57 65 76 42 98 
passengers: 33 118 104 189 31 1 83 28 57 173 172 112 25 106 131 202 

3492.83	13287	41338
tour: 0 18 91 51 87 22 8 59 71 42 47 53 17 50 68 82 3 24 85 20 6 33 49 26 32 99 31 84 36 39 38 55 4 79 66 60 86 10 29 7 27 75 52 61 25 77 35 44 70 89 5 92 80 37 69 11 93 56 9 57 65 76 88 94 63 23 78 30 28 54 40 74 1 90 64 46 12 34 2 72 45 41 15 16 83 97 14 95 67 43 13 19 21 96 58 62 81 48 73 98 0 
bonus: 18 91 51 87 22 8 59 71 42 47 53 17 50 68 82 3 24 85 20 6 33 49 26 32 31 75 52 61 25 77 35 44 70 89 5 92 80 37 69 11 93 12 34 2 72 45 41 15 16 83 97 14 95 67 43 13 19 21 96 58 62 81 48 73 98 
passengers: 105 107 109 95 122 190 2 173 112 111 42 127 130 0 84 76 27 177 155 

3470.92	12276	21701
tour: 0 18 91 51 87 22 75 52 61 25 77 35 86 60 1 90 64 46 79 66 54 40 74 12 28 89 5 92 80 37 10 23 78 30 63 34 2 72 45 29 7 21 20 6 33 49 26 32 99 31 84 36 39 38 55 4 56 9 57 65 82 3 24 85 76 88 94 27 69 11 93 41 15 16 83 97 14 95 67 43 13 19 44 70 8 59 71 42 47 53 17 50 68 96 58 62 81 48 73 98 0 
bonus: 18 91 51 87 22 75 52 61 25 77 35 86 60 1 90 64 46 79 66 54 40 74 12 68 96 58 62 81 48 73 98 
passengers: 108 114 148 150 1 165 175 58 29 5 40 45 25 68 118 121 188 155 

3384	12690	27049
tour: 0 18 23 78 30 63 34 2 72 45 53 17 79 66 14 95 67 43 13 37 10 29 7 21 20 35 15 16 54 40 74 12 28 89 5 92 80 60 1 90 64 46 6 33 49 26 32 99 31 84 36 39 38 55 4 56 9 57 65 82 3 24 85 76 88 19 94 27 69 11 93 41 44 70 8 59 71 42 47 83 97 86 91 51 87 22 75 52 61 25 77 50 68 96 58 62 81 48 73 98 0 
bonus: 18 23 78 30 63 34 2 72 45 53 17 79 66 14 95 67 43 13 37 10 29 7 21 20 35 15 16 54 40 74 55 4 56 68 96 58 62 81 48 73 98 
passengers: 29 163 34 197 8 36 35 82 39 45 168 72 107 115 188 155 

3613.17	14005	50854
tour: 0 18 23 78 30 63 34 2 72 45 53 17 79 66 14 95 67 43 13 37 10 29 7 21 20 35 44 70 8 59 71 42 47 83 97 86 91 51 87 22 75 52 61 25 77 50 68 96 58 62 81 48 76 88 19 94 27 69 11 93 41 15 16 54 40 74 12 28 89 5 92 80 60 1 90 64 46 6 33 49 26 32 99 31 84 36 39 38 55 4 56 9 57 65 82 3 24 85 73 98 0 
bonus: 18 23 78 30 63 34 2 72 45 53 17 79 66 14 95 67 43 13 37 10 29 7 21 20 35 44 70 8 59 71 42 47 83 97 86 91 51 87 22 75 52 61 25 77 50 68 96 58 62 81 48 76 88 19 94 27 69 11 93 41 15 16 54 40 74 12 28 89 5 92 56 9 57 65 82 3 24 85 73 98 
passengers: 29 163 34 197 7 72 69 71 107 115 185 160 28 61 21 165 52 

3408	13226	28134
tour: 0 10 29 7 76 88 94 27 75 52 61 25 77 35 15 16 18 23 78 30 63 64 46 3 24 85 73 98 89 5 92 80 37 69 11 38 55 4 79 66 14 95 67 43 93 56 9 57 65 82 34 2 72 45 12 28 54 40 74 13 19 44 70 8 41 21 20 6 33 49 26 32 99 31 84 36 39 59 71 42 47 83 97 86 91 51 87 22 60 1 90 53 17 50 68 96 58 62 81 48 0 
bonus: 10 29 7 76 88 94 27 75 52 11 38 55 4 79 66 14 95 67 43 93 56 9 57 65 82 34 2 72 45 12 28 54 40 74 13 19 44 70 8 41 21 20 6 33 49 26 
passengers: 8 110 153 82 192 4 169 77 59 17 39 136 89 118 

3284.08	14328	50373
tour: 0 10 29 7 35 15 16 18 23 78 30 63 34 2 72 45 12 28 89 5 92 80 60 1 90 64 46 44 70 8 41 21 20 6 33 49 26 32 99 31 84 36 39 59 83 97 86 91 51 87 22 75 52 61 25 77 50 68 96 58 62 81 48 76 88 19 94 27 69 11 93 56 9 57 65 82 3 24 85 73 71 42 47 53 17 38 55 4 79 66 14 95 67 43 13 37 40 74 54 98 0 
bonus: 10 29 7 35 15 16 18 23 78 30 63 34 2 72 45 12 28 89 5 92 80 60 1 90 64 46 44 70 21 20 6 33 84 61 25 77 50 68 96 58 62 81 48 76 88 19 94 27 69 11 93 56 9 57 65 82 3 24 85 73 71 42 47 53 17 38 55 4 79 66 14 95 67 43 13 37 40 74 54 98 
passengers: 5 7 8 86 72 61 99 50 55 112 190 9 129 90 48 2 4 

3373.17	13827	40093
tour: 0 99 31 84 36 39 26 32 75 52 61 25 77 35 15 16 18 91 51 87 22 8 41 21 20 6 33 49 23 78 30 63 34 2 72 59 71 42 47 83 97 86 60 1 90 64 46 3 24 85 73 98 89 5 92 80 37 10 29 7 76 88 94 27 69 11 38 55 4 79 66 14 95 67 43 93 56 9 57 65 82 45 12 28 54 40 74 13 19 44 70 53 17 50 68 96 58 62 81 48 0 
bonus: 99 31 84 47 83 97 86 60 1 90 64 46 3 24 85 73 98 89 5 92 80 37 10 29 7 76 88 94 27 69 11 38 55 4 79 66 14 95 67 43 93 56 9 57 65 82 45 12 28 54 40 74 13 19 44 70 53 17 50 68 96 58 62 81 48 
passengers: 39 51 57 25 62 95 89 165 6 192 48 67 76 124 17 69 

3399.75	14224	48797
tour: 0 10 29 7 47 53 17 50 68 96 58 62 81 48 76 88 19 94 27 69 11 38 67 43 13 37 93 56 9 57 65 82 3 55 4 79 66 14 95 98 89 5 92 80 60 1 90 28 54 40 74 12 85 73 71 42 24 34 2 72 45 41 21 20 6 33 49 26 32 99 31 84 36 39 59 83 97 86 91 51 87 22 75 52 61 25 77 35 15 16 18 23 78 30 63 64 46 44 70 8 0 
bonus: 10 29 7 47 53 17 50 68 96 58 62 81 48 76 88 19 94 27 69 11 38 67 43 13 37 93 56 9 57 65 82 3 55 4 79 66 14 95 98 89 5 42 26 32 99 31 84 36 39 59 83 97 86 91 51 87 22 75 52 61 25 77 35 15 16 18 23 78 30 63 64 46 44 70 8 
passengers: 6 95 92 30 14 15 10 4 59 202 63 99 32 57 138 108 148 21 86 

3364.25	13758	37955
tour: 0 99 31 84 36 39 26 32 93 56 9 57 65 82 45 85 20 6 33 49 41 21 60 1 90 28 54 40 74 12 73 71 42 24 34 2 72 59 83 97 86 91 51 87 22 75 52 61 25 77 35 15 16 18 23 78 30 63 64 46 3 55 4 79 66 14 95 98 89 5 92 80 37 10 29 7 47 53 17 50 68 96 58 62 81 48 76 88 94 27 69 11 38 67 43 13 19 44 70 8 0 
bonus: 99 31 84 36 39 26 32 93 56 9 57 65 82 45 85 24 34 2 72 59 83 97 86 91 51 87 22 75 52 61 25 77 35 15 16 18 23 78 30 63 64 46 3 55 4 79 66 14 95 98 89 5 92 67 43 13 19 44 70 8 
passengers: 39 38 51 58 196 34 197 23 21 29 165 6 186 66 

3275.92	13334	28159
tour: 0 28 54 40 74 13 19 44 70 8 41 21 20 6 33 49 23 78 30 63 34 2 72 59 18 91 51 87 22 75 52 61 25 77 35 15 16 83 97 86 60 1 90 64 46 3 55 4 79 66 14 95 98 89 5 92 80 37 10 29 7 47 53 17 50 68 96 58 62 81 48 76 88 94 27 69 11 38 67 43 93 56 9 57 65 82 45 12 73 71 42 24 85 31 84 36 39 26 32 99 0 
bonus: 28 54 40 74 13 19 44 70 8 41 21 20 6 33 49 23 78 30 63 34 2 72 59 18 51 1 90 64 46 3 55 4 79 66 14 95 98 89 5 92 67 39 26 32 99 
passengers: 124 58 18 19 163 34 148 23 141 165 2 44 184 97 183 67 169 202 195 63 

3305.42	13260	24066
tour: 0 10 29 7 21 20 67 43 13 19 44 70 8 41 15 16 23 78 30 63 64 46 3 55 4 79 66 14 95 98 89 5 92 80 37 93 56 9 57 65 82 45 53 17 50 68 96 58 62 81 48 76 88 94 6 33 49 47 83 97 86 60 1 90 28 54 40 74 12 85 73 71 42 24 34 2 72 59 18 91 51 87 22 75 52 61 25 77 35 27 69 11 38 31 84 36 39 26 32 99 0 
bonus: 10 29 7 21 20 67 43 13 19 44 70 8 41 15 16 96 58 62 81 48 76 88 94 6 33 49 47 83 97 86 60 1 90 28 54 40 99 
passengers: 6 5 7 66 70 194 23 82 169 76 101 188 135 95 202 63 33 

3238.33	14418	46210
tour: 0 10 64 46 3 55 4 79 66 14 95 98 89 5 92 80 37 93 56 9 57 65 82 45 53 17 50 68 96 58 62 81 48 76 88 94 6 33 49 47 83 97 86 91 51 87 22 75 52 61 25 77 2 72 59 18 23 78 30 63 34 20 35 15 16 29 7 27 69 11 38 67 43 13 19 44 70 8 41 21 60 1 90 28 54 40 74 12 73 71 42 24 85 31 84 36 39 26 32 99 0 
bonus: 10 64 46 3 55 4 79 66 14 95 98 89 5 92 80 37 93 56 9 57 65 82 45 53 17 50 68 96 58 62 81 48 76 88 94 6 51 20 35 15 16 29 69 11 38 67 43 13 19 44 70 8 41 21 60 1 90 28 54 40 74 12 73 71 42 24 85 31 84 36 39 26 32 99 
passengers: 82 83 2 174 44 169 76 118 135 154 96 95 197 34 36 25 30 48 14 59 202 195 63 

3282.5	13148	20946
tour: 0 28 54 40 74 13 19 44 70 8 41 53 17 50 68 96 58 62 81 48 76 88 94 6 33 49 47 83 97 86 91 51 87 22 75 52 61 25 77 2 72 59 18 23 78 30 63 34 20 35 27 69 11 38 67 43 93 95 98 89 5 92 80 37 10 29 7 21 60 1 90 64 46 3 55 4 79 66 14 15 16 56 9 57 65 82 45 12 73 71 42 24 85 31 84 36 39 26 32 99 0 
bonus: 28 54 40 74 13 19 44 70 8 41 53 17 50 68 96 58 62 81 48 95 12 73 71 42 24 85 31 84 36 39 26 32 99 
passengers: 124 17 19 69 132 96 153 34 36 179 183 67 141 3 169 202 195 63 

3250.58	13674	28642
tour: 0 10 29 7 76 88 94 6 33 49 41 21 60 39 26 32 99 31 84 36 81 48 24 34 20 35 27 69 11 38 67 43 13 37 93 95 98 89 5 92 80 1 90 28 54 40 74 12 85 73 71 42 47 83 97 86 91 51 87 22 75 52 61 25 77 2 72 59 18 23 78 30 63 64 46 3 55 4 79 66 14 15 16 56 9 57 65 82 45 53 17 50 68 96 58 62 19 44 70 8 0 
bonus: 10 29 7 76 88 94 6 33 49 41 21 60 13 37 93 95 98 89 5 92 80 1 90 28 12 79 66 14 15 16 56 9 65 82 45 53 17 50 68 96 58 62 19 44 70 8 
passengers: 6 5 98 60 34 36 48 47 68 58 90 112 82 174 169 168 76 118 186 133 

4026.58	15323	60859
tour: 0 10 35 15 16 18 23 42 24 34 20 6 33 49 41 21 60 1 90 28 77 2 72 45 12 85 73 71 59 83 37 78 30 63 64 46 44 70 8 29 54 40 74 13 97 86 91 51 87 22 75 52 61 25 65 82 3 55 4 79 66 14 95 98 89 5 92 80 7 47 53 17 50 68 96 58 62 81 48 76 88 19 94 27 69 11 38 67 43 93 56 9 57 31 84 36 39 26 32 99 0 
bonus: 10 35 15 16 18 23 42 24 34 20 6 33 49 41 21 60 1 90 28 77 2 71 59 83 37 78 30 63 64 46 44 70 8 29 54 40 74 13 97 86 91 51 87 22 75 52 61 25 65 82 3 55 4 79 66 14 95 98 89 5 92 80 7 47 53 17 50 68 96 58 62 81 48 76 88 19 94 27 69 11 38 67 43 93 56 9 57 31 84 36 39 26 32 99 
passengers: 25 26 27 198 200 138 41 72 15 105 110 174 6 95 119 128 

3612.75	14879	52385
tour: 0 10 35 15 16 56 9 57 65 82 45 12 85 73 71 42 24 34 20 67 43 93 95 98 89 5 92 53 17 50 68 96 58 62 81 48 76 88 94 6 33 49 41 21 60 1 90 28 54 40 74 13 19 44 70 8 29 7 47 83 97 86 91 51 87 22 75 52 61 25 77 2 72 59 18 23 78 30 63 64 46 3 55 4 79 66 14 27 80 37 69 11 38 31 84 36 39 26 32 99 0 
bonus: 10 35 15 16 56 9 57 65 82 45 12 85 73 71 42 24 34 20 67 43 93 95 98 89 5 92 53 17 50 68 96 58 62 81 48 76 88 70 8 29 7 47 83 97 86 91 51 87 22 75 52 61 25 77 2 72 59 18 23 78 30 63 64 46 3 55 4 79 66 14 27 80 37 69 11 38 31 84 36 39 26 32 99 
passengers: 25 27 23 202 196 64 177 189 133 124 58 19 72 110 148 164 165 126 

3321.58	13765	30476
tour: 0 10 29 19 44 70 8 41 53 17 50 68 96 58 62 81 48 76 88 94 6 33 49 47 83 97 86 91 51 87 22 75 52 61 25 77 2 72 65 82 45 12 85 73 71 59 18 23 42 24 34 20 35 27 69 11 38 67 43 93 95 98 89 5 92 80 7 21 60 1 90 28 54 40 74 13 37 78 30 63 64 46 3 55 4 79 66 14 15 16 56 9 57 31 84 36 39 26 32 99 0 
bonus: 10 29 19 8 69 11 38 67 43 93 95 98 89 5 92 80 7 21 60 1 90 28 54 40 74 13 37 78 30 63 64 46 3 55 4 79 66 14 15 16 56 9 57 31 84 36 99 
passengers: 69 71 70 101 95 108 113 29 64 192 8 59 15 83 3 176 128 

3598.25	15217	57455
tour: 0 10 29 19 44 70 8 41 21 60 1 90 28 54 40 74 13 97 86 91 51 87 22 75 52 61 25 77 2 72 59 71 12 85 73 15 16 18 23 42 24 34 20 67 43 93 56 9 57 65 82 45 53 17 50 68 96 58 62 81 48 76 88 94 6 33 49 47 83 37 78 30 63 64 46 3 55 4 79 66 14 95 98 89 5 92 80 7 35 27 69 11 38 31 84 36 39 26 32 99 0 
bonus: 10 29 19 44 70 8 41 21 60 1 90 28 54 40 74 13 97 86 91 51 87 22 75 52 61 25 77 2 72 59 71 12 85 73 15 16 18 23 42 65 82 45 53 17 50 68 96 58 62 81 48 76 88 94 6 33 49 47 83 37 78 30 63 64 46 3 55 4 79 66 14 95 98 89 5 92 80 7 35 27 69 11 38 31 84 36 39 26 32 99 
passengers: 72 73 71 124 16 108 112 113 196 177 169 170 76 134 135 95 90 83 3 36 

3583.33	15489	61792
tour: 0 10 29 19 44 70 8 41 21 60 1 90 28 54 40 74 13 97 86 91 51 87 22 75 52 61 25 77 2 72 59 18 23 42 6 33 49 47 83 37 78 30 63 64 46 3 55 4 79 66 14 27 69 11 38 67 43 93 95 98 89 5 92 80 7 76 88 94 58 62 81 48 24 34 20 35 15 16 56 9 57 65 82 45 53 17 50 68 96 73 71 12 85 31 84 36 39 26 32 99 0 
bonus: 10 29 19 44 70 8 41 21 60 1 90 28 54 40 74 13 97 86 91 51 87 22 75 52 61 25 77 2 72 59 18 23 42 6 33 49 47 83 37 78 30 63 64 46 3 55 4 79 66 14 27 69 11 38 67 43 93 95 98 89 5 92 80 7 76 88 94 58 62 81 48 24 34 20 35 15 16 56 9 57 65 82 45 53 17 50 68 71 12 85 31 84 36 39 26 32 99 
passengers: 72 73 71 124 19 105 110 148 95 165 126 177 183 181 155 160 25 169 118 188 195 

3354.67	13963	33399
tour: 0 10 29 45 12 85 73 71 59 18 23 42 53 17 50 68 96 58 62 81 48 24 34 20 35 27 69 11 38 67 43 93 95 98 89 5 92 80 7 76 88 19 94 6 33 49 47 83 37 78 30 63 64 46 44 70 8 41 21 60 1 90 28 54 40 74 13 97 86 91 51 87 22 75 52 61 25 77 2 72 65 82 3 55 4 79 66 14 15 16 56 9 57 31 84 36 39 26 32 99 0 
bonus: 10 29 45 12 85 73 71 59 18 23 42 53 17 50 68 96 58 62 81 48 24 34 20 35 27 69 11 38 67 43 93 95 98 89 5 92 80 7 76 88 64 40 74 13 97 86 25 39 26 32 99 
passengers: 76 77 202 136 119 132 96 34 36 48 68 65 89 146 1 124 15 150 3 176 128 

3346.5	13900	31259
tour: 0 10 64 46 44 70 8 29 54 40 74 12 73 71 67 43 13 97 86 91 51 87 22 75 52 61 25 65 82 3 45 53 17 50 68 96 58 62 81 48 24 85 93 95 98 89 5 92 80 7 76 88 19 94 6 33 49 41 21 60 1 90 28 77 2 72 59 18 23 42 47 83 37 78 30 63 34 20 35 27 69 11 38 55 4 79 66 14 15 16 56 9 57 31 84 36 39 26 32 99 0 
bonus: 10 64 46 44 70 8 29 54 40 74 12 73 71 67 43 13 97 86 91 51 87 22 75 52 61 25 65 82 3 45 53 17 50 68 96 58 62 81 48 24 85 93 95 39 26 32 99 
passengers: 166 82 84 177 180 152 169 76 189 135 154 1 197 95 36 3 176 128 

3279.83	14141	33074
tour: 0 10 35 27 69 11 38 55 4 79 66 14 15 16 18 23 42 47 53 17 50 68 96 58 62 81 48 24 34 20 67 43 93 95 98 89 5 92 80 74 13 97 86 91 51 87 22 75 52 61 25 77 2 72 65 82 3 45 12 85 73 71 59 83 37 78 30 63 64 46 44 70 8 29 7 76 88 19 94 6 33 49 41 21 60 1 90 28 54 40 56 9 57 31 84 36 39 26 32 99 0 
bonus: 10 35 27 69 11 38 55 4 79 66 14 15 16 18 23 42 47 53 13 25 77 12 85 73 71 59 83 37 78 30 63 64 46 44 70 8 29 7 76 88 41 40 56 9 57 31 84 36 39 26 32 99 
passengers: 36 45 174 172 118 102 184 180 67 108 113 148 77 137 41 166 73 99 59 128 

3502.83	15122	50893
tour: 0 10 29 7 76 88 19 94 6 33 49 47 83 37 78 30 63 64 46 44 70 8 41 21 62 81 48 24 34 20 67 43 93 75 52 61 25 77 2 72 45 12 85 73 71 53 17 50 68 96 58 15 16 56 9 57 65 82 3 55 4 79 66 14 95 98 89 5 92 80 86 91 51 87 22 60 1 90 28 54 40 74 13 97 59 18 23 42 35 27 69 11 38 31 84 36 39 26 32 99 0 
bonus: 10 29 7 76 88 19 94 6 33 49 37 93 75 52 61 25 77 2 72 45 12 85 73 71 53 17 50 68 96 58 15 16 56 9 57 65 82 3 55 4 79 66 14 95 98 89 5 92 80 86 91 51 87 22 60 1 90 28 54 40 74 13 97 59 18 23 42 35 27 69 11 38 31 84 36 39 26 32 99 
passengers: 6 5 7 72 60 177 67 112 76 22 12 130 172 145 1 58 63 36 

3427.5	15806	62840
tour: 0 10 64 46 44 70 8 41 21 60 1 90 28 54 40 74 12 73 71 67 43 13 97 59 18 23 42 24 85 93 95 98 89 5 92 80 86 91 51 87 22 75 52 61 25 77 2 72 65 82 3 45 53 17 50 68 96 58 62 81 48 76 88 19 94 6 33 49 29 7 47 83 37 78 30 63 34 20 35 27 69 11 38 55 4 79 66 14 15 16 56 9 57 31 84 36 39 26 32 99 0 
bonus: 10 64 46 44 70 8 41 21 60 1 90 28 54 40 74 12 73 71 67 43 13 97 59 18 23 42 24 85 93 95 98 89 5 92 80 86 91 51 87 22 75 52 61 25 77 2 72 65 82 3 45 53 17 50 68 96 58 62 81 48 76 88 19 94 6 33 49 29 7 47 83 37 78 30 63 34 20 35 27 69 11 38 55 4 79 66 14 15 16 56 9 57 31 84 36 39 26 32 99 
passengers: 166 167 84 145 58 178 138 139 107 108 115 152 190 185 160 3 176 128 

3484.17	15262	50665
tour: 0 10 29 54 40 80 7 64 46 44 70 8 41 21 74 13 97 86 60 1 90 28 77 2 72 59 18 91 51 87 22 75 52 61 25 65 82 3 45 12 85 73 71 67 43 93 95 98 89 5 92 53 17 50 68 96 58 62 81 48 76 88 19 94 6 33 49 47 83 37 78 30 63 23 42 24 34 20 35 27 69 11 38 55 4 79 66 14 15 16 56 9 57 31 84 36 39 26 32 99 0 
bonus: 10 29 54 40 80 7 64 46 44 70 8 41 21 74 13 97 86 60 1 90 28 61 25 65 82 3 45 12 85 73 71 67 43 93 95 98 89 5 92 53 17 50 68 96 58 62 81 48 76 88 19 94 6 33 49 47 83 37 78 30 63 23 42 24 34 20 35 27 69 11 38 56 9 57 31 84 36 39 26 32 99 
passengers: 124 5 7 72 18 19 146 152 151 149 169 76 177 190 135 160 95 3 176 128 

3199.83	13761	24754
tour: 0 10 29 7 47 83 37 78 30 63 64 46 44 70 8 41 21 74 13 97 59 71 12 85 73 15 16 18 23 42 24 34 20 67 43 93 75 52 61 25 77 2 72 65 82 3 45 53 17 50 68 96 58 62 81 48 76 88 19 94 6 33 49 35 27 69 11 38 55 4 79 66 14 95 98 89 5 92 80 86 91 51 87 22 60 1 90 28 54 40 56 9 57 31 84 36 39 26 32 99 0 
bonus: 10 29 7 47 83 37 78 30 63 64 46 44 8 43 93 75 52 61 25 77 2 72 65 82 3 27 69 11 38 55 4 79 66 14 95 26 32 99 
passengers: 5 7 8 84 194 60 34 177 180 152 190 156 36 46 4 3 142 59 128 

3395.67	15271	50893
tour: 0 10 29 7 76 88 19 94 6 33 49 47 83 37 78 30 63 64 46 44 70 8 41 21 62 81 48 24 34 20 67 43 93 75 52 61 25 77 2 72 65 82 3 45 12 85 73 71 53 17 50 68 96 58 27 69 11 38 55 4 79 66 14 95 98 89 5 92 80 86 91 51 87 22 60 1 90 28 54 40 74 13 97 59 18 23 42 35 15 16 56 9 57 31 84 36 39 26 32 99 0 
bonus: 10 29 7 76 88 19 94 6 33 49 37 93 75 52 61 25 77 2 72 65 82 3 45 12 85 73 71 53 17 50 68 96 58 27 69 11 38 55 4 79 66 14 95 98 89 5 92 80 86 91 51 87 22 60 1 90 28 54 40 74 13 97 59 18 23 42 35 15 16 56 9 57 31 84 36 39 26 32 99 
passengers: 6 5 7 72 60 177 67 110 76 192 46 4 142 58 16 63 128 

3450	15547	53676
tour: 0 10 29 7 88 19 94 6 33 49 47 83 37 78 30 63 64 46 44 70 8 41 21 60 1 90 28 54 40 74 13 97 59 18 23 42 24 34 20 35 27 80 86 91 51 87 22 75 52 61 25 77 2 72 65 82 3 45 12 85 73 71 67 43 93 95 98 89 5 92 53 17 50 68 96 58 62 81 48 76 69 11 38 55 4 79 66 14 15 16 56 9 57 31 84 36 39 26 32 99 0 
bonus: 10 29 7 88 19 94 6 33 49 47 83 37 78 30 63 64 46 44 70 8 41 21 60 1 90 28 54 40 74 13 97 59 18 23 42 24 34 20 35 27 80 86 91 51 87 22 75 52 61 25 77 2 72 65 82 3 45 12 85 73 71 67 43 93 95 76 69 11 38 55 4 79 66 14 15 16 56 9 57 31 84 36 39 26 32 99 
passengers: 5 7 8 86 73 194 60 124 19 34 108 106 152 151 177 190 156 97 3 176 128 

3137.92	15257	48407
tour: 0 10 35 15 16 18 23 42 6 33 49 47 53 17 50 68 96 58 27 69 11 38 55 4 79 66 14 95 98 89 5 92 80 86 91 51 87 22 60 1 90 28 54 40 74 13 97 59 83 37 78 30 63 64 46 44 70 8 29 7 76 88 19 94 56 9 57 31 84 36 39 26 41 21 62 81 48 24 34 20 67 43 93 75 52 61 25 77 2 72 65 82 3 45 85 73 71 12 32 99 0 
bonus: 10 35 15 16 18 23 42 6 33 49 47 53 17 50 68 96 58 27 69 11 38 55 4 79 66 14 95 98 89 5 92 80 86 91 51 87 22 60 1 90 28 54 40 74 13 78 30 63 64 46 44 70 8 29 7 76 88 19 94 56 9 57 31 84 36 39 26 41 21 62 81 48 25 99 
passengers: 36 24 23 190 192 46 2 145 16 41 42 86 69 193 128 40 51 96 33 67 195 

3277.92	14177	29196
tour: 0 10 35 27 69 11 38 55 4 79 66 14 95 98 89 5 92 80 86 91 51 87 22 60 1 90 28 54 40 74 13 97 59 18 23 42 47 83 37 78 30 63 64 46 44 70 8 29 7 76 88 19 94 6 33 49 53 17 50 68 96 58 15 16 56 9 57 31 84 36 39 26 41 21 62 81 48 24 34 20 67 43 93 75 52 61 25 77 2 72 65 82 3 45 85 73 71 12 32 99 0 
bonus: 10 35 27 69 11 38 55 4 79 66 14 95 98 89 5 92 80 86 91 51 87 22 60 1 90 28 54 40 74 13 31 84 36 39 26 41 21 62 81 48 25 12 32 99 
passengers: 36 192 46 48 105 124 17 16 92 132 40 51 67 149 169 195 

3211.75	15121	44577
tour: 0 10 35 27 69 11 38 55 4 79 66 14 95 98 89 5 92 80 86 91 51 87 22 60 1 90 28 54 40 74 13 97 59 18 23 42 24 34 20 67 43 8 41 21 62 81 48 76 58 15 16 29 7 88 19 94 6 33 49 47 83 37 78 30 63 64 46 44 82 3 45 53 17 50 68 96 73 71 12 85 93 75 52 61 25 77 2 72 65 70 56 9 57 31 84 36 39 26 32 99 0 
bonus: 10 35 27 69 11 38 55 4 79 66 14 95 98 89 5 92 80 86 91 51 87 22 60 1 90 28 54 40 74 13 97 59 18 23 42 24 34 20 67 43 8 41 21 62 81 48 76 58 15 16 29 7 88 19 94 6 33 49 47 82 3 45 53 17 50 68 96 73 99 
passengers: 36 192 46 48 106 124 17 136 134 133 135 87 82 72 195 112 128 

3254.42	13608	14835
tour: 0 10 35 27 80 86 91 51 87 22 60 1 90 28 54 40 74 13 97 59 18 23 42 6 33 49 47 83 37 78 30 63 64 46 44 70 8 41 21 62 81 48 24 34 20 67 43 93 75 52 61 25 77 2 72 65 76 69 11 38 55 4 79 66 14 95 98 89 5 92 53 17 50 68 96 58 15 16 29 7 88 19 94 56 9 57 31 84 36 39 26 82 3 45 85 73 71 12 32 99 0 
bonus: 10 35 27 80 86 91 51 87 22 60 1 90 28 54 40 74 85 73 71 12 32 99 
passengers: 30 105 106 19 88 96 177 152 199 45 103 188 25 195 

3192.17	14785	33162
tour: 0 10 29 7 88 19 94 6 33 49 47 83 37 78 30 63 64 46 44 70 8 41 21 62 81 48 76 58 27 80 86 91 51 87 22 60 1 90 28 77 2 72 65 82 3 45 85 93 75 52 61 25 40 74 54 98 89 5 69 11 38 55 4 79 66 14 95 67 43 13 97 59 18 23 42 24 34 20 35 15 16 56 9 57 31 84 36 39 26 92 53 17 50 68 96 73 71 12 32 99 0 
bonus: 10 29 7 88 19 94 6 33 49 47 83 37 78 30 63 64 46 44 70 8 41 21 62 81 48 76 58 27 80 86 91 51 87 22 60 1 90 28 77 2 65 82 3 45 17 50 68 96 73 71 12 32 99 
passengers: 5 7 8 82 69 154 108 197 169 77 110 3 140 35 51 52 118 188 195 

3388.58	16196	60137
tour: 0 10 35 27 69 11 38 55 4 79 66 14 95 98 89 5 92 53 17 50 68 96 73 71 12 85 93 75 52 61 25 77 2 72 65 82 3 45 97 59 18 23 42 47 83 37 78 30 63 64 46 44 70 8 29 7 76 58 15 16 56 9 57 31 84 36 39 26 41 21 62 81 48 24 34 20 67 43 13 19 88 94 6 33 49 80 86 91 51 87 22 60 1 90 28 54 40 74 32 99 0 
bonus: 10 35 27 69 11 38 55 4 79 66 14 95 98 89 5 92 53 17 50 68 96 73 71 12 85 93 75 52 61 25 77 65 97 59 18 23 42 47 83 37 78 30 63 64 46 44 70 8 29 7 76 58 15 16 56 9 57 31 84 36 39 26 41 21 62 81 48 24 34 20 67 43 13 19 88 94 6 33 49 80 86 91 51 87 22 60 1 90 28 54 40 74 32 99 
passengers: 36 45 47 173 103 113 148 76 29 167 6 132 60 179 14 18 59 

3207.17	14892	36628
tour: 0 10 29 7 88 19 94 6 33 49 47 83 37 78 30 63 64 46 44 70 8 41 21 62 81 48 76 58 27 69 11 38 55 4 79 66 14 15 16 56 60 1 90 28 77 2 72 65 82 3 45 85 93 95 67 43 13 97 59 18 23 42 24 34 20 35 86 91 51 87 22 75 52 61 25 40 80 74 54 98 89 5 9 57 31 84 36 39 26 92 53 17 50 68 96 73 71 12 32 99 0 
bonus: 10 29 7 88 19 94 6 33 49 47 83 37 78 30 63 64 46 44 82 3 45 85 93 95 67 43 13 97 59 18 23 42 24 34 20 35 86 91 51 87 22 75 52 61 25 40 80 74 54 98 68 96 73 71 12 32 99 
passengers: 5 7 8 82 69 154 132 197 169 77 14 138 35 107 13 51 118 188 195 

3130.08	14642	32163
tour: 0 10 35 15 16 56 9 57 31 84 36 39 26 41 21 62 81 48 24 34 20 67 43 13 76 58 27 69 11 38 55 4 79 66 14 95 98 89 5 92 53 17 50 68 96 73 71 12 85 93 75 52 61 25 77 2 72 65 82 3 45 97 59 18 23 42 47 83 37 78 30 63 64 46 44 70 8 29 7 88 19 94 6 33 49 80 86 91 51 87 22 60 1 90 28 54 40 74 32 99 0 
bonus: 10 35 15 55 4 79 66 14 95 98 89 5 92 53 17 50 68 96 73 71 12 85 93 75 52 61 25 77 65 97 59 18 23 42 80 86 91 51 87 22 60 1 90 28 54 40 74 32 99 
passengers: 36 35 37 40 56 15 17 45 47 173 103 113 148 77 137 138 166 100 59 

3074.67	14359	22424
tour: 0 10 35 66 14 27 69 11 38 55 4 79 36 39 26 41 21 62 81 48 76 58 15 16 56 60 1 90 28 77 2 72 65 82 3 45 85 73 71 12 32 99 31 84 80 86 91 51 87 22 75 52 61 25 40 74 13 97 59 18 23 42 24 34 20 67 43 93 95 98 89 5 92 53 17 50 68 96 9 57 7 88 19 94 6 33 49 47 83 37 78 30 63 64 46 44 70 8 29 54 0 
bonus: 10 35 66 14 27 69 11 38 55 4 79 36 39 26 41 21 62 82 12 32 99 31 84 80 86 91 51 68 96 9 8 29 54 
passengers: 36 35 37 3 51 53 57 25 169 77 195 32 107 140 29 118 104 186 7 86 73 

3195.08	14572	22535
tour: 0 10 35 66 14 15 16 56 48 24 34 20 67 43 13 97 59 18 23 42 6 33 49 80 86 91 51 87 22 60 1 90 28 77 2 72 65 82 3 45 85 93 95 98 89 5 9 57 31 84 47 83 37 78 30 63 64 46 44 70 8 29 7 76 58 27 69 11 38 55 4 79 36 39 26 41 21 62 19 88 94 81 92 53 17 50 68 96 73 71 12 32 99 75 52 61 25 40 74 54 0 
bonus: 10 35 66 14 15 16 56 13 65 82 3 84 83 37 78 30 63 64 46 44 70 8 29 7 76 58 27 69 11 38 55 4 79 36 39 
passengers: 176 172 26 127 178 137 105 143 198 129 95 41 70 48 45 188 200 195 

3407.08	16910	62427
tour: 0 10 35 66 14 15 16 56 48 76 58 27 69 11 38 55 4 79 36 81 92 89 5 9 57 63 64 46 44 70 8 29 7 47 53 17 50 68 96 73 71 12 32 99 31 84 80 86 91 51 87 22 60 1 90 28 77 2 72 65 82 3 45 85 93 95 98 75 52 61 25 40 39 26 41 21 62 19 88 94 6 33 49 18 23 42 24 34 20 67 43 13 97 59 83 37 78 30 74 54 0 
bonus: 10 35 66 14 15 16 56 48 76 58 27 69 11 38 55 4 79 36 81 92 89 5 9 57 63 64 46 44 70 8 29 7 47 53 17 50 68 96 73 71 12 32 99 31 84 80 86 91 51 87 22 60 1 90 28 77 2 72 65 82 3 45 85 93 95 98 75 61 25 40 39 26 41 21 62 19 88 94 6 33 49 18 23 42 24 34 20 67 43 13 97 59 83 37 78 30 74 54 
passengers: 36 35 176 128 49 9 13 85 89 118 188 189 195 108 169 171 79 115 147 159 161 62 178 14 

3118.83	16783	53557
tour: 0 10 35 66 14 27 69 11 91 51 87 22 75 52 84 47 94 81 92 53 17 50 68 96 73 71 12 32 99 86 60 1 90 28 77 2 72 65 82 3 45 85 93 95 98 89 5 9 70 44 61 25 40 39 26 41 21 62 7 88 19 76 58 57 31 15 16 56 18 23 42 6 33 49 80 74 13 97 59 83 37 78 30 63 64 46 38 55 4 79 36 48 24 34 20 67 43 8 29 54 0 
bonus: 10 35 66 14 27 69 11 91 51 87 22 75 52 84 47 94 1 90 28 77 2 72 65 82 3 45 85 93 95 98 89 5 9 70 44 61 25 40 39 26 41 21 62 7 88 19 76 58 57 31 15 16 56 18 23 42 6 33 49 80 74 13 97 59 83 37 78 30 63 64 46 38 55 4 79 36 48 24 34 20 67 43 8 29 54 
passengers: 173 174 172 105 114 89 118 187 146 169 168 76 147 58 159 134 62 14 44 84 96 

3131.25	16147	40970
tour: 0 10 35 66 14 27 69 11 91 51 87 22 75 52 43 17 50 68 96 73 71 12 32 99 86 60 1 90 28 77 2 72 65 82 3 45 85 93 95 98 89 5 9 57 31 84 47 94 81 92 53 70 44 61 25 40 39 26 41 21 62 7 88 19 76 58 15 16 56 18 23 42 6 33 49 80 74 13 97 59 83 37 78 30 63 64 46 38 55 4 79 36 48 24 34 20 67 8 29 54 0 
bonus: 10 35 66 14 27 69 11 91 51 87 22 75 52 43 17 50 68 96 73 71 12 32 99 86 25 40 39 26 88 19 76 58 15 16 56 18 23 42 6 33 49 80 74 13 97 59 83 37 78 30 63 38 55 4 79 36 48 24 34 20 67 8 29 54 
passengers: 173 172 107 108 114 67 103 146 79 9 91 147 58 159 8 62 14 44 84 96 

3359.92	17376	60516
tour: 0 10 35 66 14 27 69 11 91 51 87 22 71 12 32 99 86 60 1 90 53 70 44 61 25 40 39 26 41 21 62 7 88 19 76 58 57 31 84 47 94 81 92 89 5 9 28 77 2 72 65 82 3 45 85 93 95 98 75 52 43 17 50 68 96 73 15 16 56 18 23 42 6 33 49 80 74 13 97 59 83 37 78 30 63 64 46 38 55 4 79 36 48 24 34 20 67 8 29 54 0 
bonus: 10 35 66 14 27 69 11 91 51 87 22 71 12 32 99 86 60 1 90 53 70 44 61 25 40 39 26 41 21 62 7 88 19 76 58 57 31 84 47 94 81 92 89 5 9 28 77 2 72 65 82 3 45 85 93 95 98 75 52 43 17 50 68 96 73 15 16 56 18 23 80 74 13 97 59 83 37 78 30 63 64 46 38 55 4 79 36 48 24 34 20 67 8 29 54 
passengers: 174 172 109 195 31 123 193 132 135 92 88 10 169 75 101 128 62 98 44 48 96 

2997.92	17709	40309
tour: 0 4 79 36 48 76 69 11 91 51 87 22 71 12 85 93 95 98 25 40 39 26 41 21 62 19 88 94 81 92 89 5 9 52 32 99 75 10 35 66 14 15 16 56 18 46 27 3 45 97 59 83 20 67 38 55 77 2 42 6 33 49 80 86 60 1 90 23 61 37 78 30 74 13 58 57 63 64 17 50 68 96 73 7 47 53 70 31 84 72 65 28 24 44 82 34 43 8 29 54 0 
bonus: 4 79 36 48 76 69 11 91 51 87 22 71 12 85 93 95 98 25 40 39 26 41 21 62 19 88 94 81 92 89 5 9 52 32 99 75 10 80 86 60 1 90 23 68 96 73 7 47 53 70 31 84 72 65 28 24 44 82 34 43 8 29 54 
passengers: 4 3 38 59 57 55 10 36 84 177 45 146 152 132 186 187 168 73 

2938.58	17903	43007
tour: 0 4 79 36 48 76 69 11 91 51 87 22 71 12 85 93 95 98 25 40 39 26 41 21 62 19 88 94 92 89 5 9 52 32 99 75 10 35 66 14 15 16 56 18 46 50 68 96 73 7 47 53 70 81 59 83 31 84 72 65 13 58 27 3 55 77 44 82 45 97 28 24 34 2 42 6 33 49 80 86 60 1 90 23 61 37 78 30 74 57 63 64 17 20 67 38 43 8 29 54 0 
bonus: 4 79 36 48 76 69 11 91 51 87 22 71 12 85 93 95 98 25 40 39 26 41 21 62 19 88 94 92 89 5 9 52 32 99 75 10 35 66 14 15 16 56 18 46 50 68 73 59 6 33 86 37 78 30 74 57 63 64 17 20 67 38 43 8 29 54 
passengers: 4 3 38 59 57 55 11 174 26 101 116 169 168 78 79 62 146 148 151 129 165 48 

3011	18412	52763
tour: 0 4 79 36 48 76 69 11 91 51 87 22 71 12 85 93 95 98 25 40 39 26 41 21 62 19 88 94 92 89 5 9 52 55 77 2 42 6 33 49 80 86 60 1 90 23 61 37 78 30 74 57 63 64 17 20 67 38 32 99 75 10 35 66 14 15 16 56 18 46 50 68 96 73 7 47 53 70 81 59 83 31 84 72 65 13 58 27 3 45 97 28 24 44 82 34 43 8 29 54 0 
bonus: 4 79 36 48 76 69 11 91 51 87 22 71 12 85 93 95 98 25 40 39 26 41 21 62 19 88 94 92 89 5 42 61 37 78 30 74 57 63 64 32 99 75 10 35 66 14 15 16 56 18 46 50 68 96 73 7 47 53 70 81 59 83 31 84 72 65 13 58 27 3 45 97 28 24 44 82 34 43 8 29 54 
passengers: 4 3 38 58 55 161 10 98 148 150 165 45 174 176 82 186 116 169 168 14 73 

