Fo(cost)	Fo(time)	Fo(bonus)

9703.5	12738	44143
tour: 0 77 32 86 83 58 40 17 85 6 88 19 67 3 54 31 15 30 23 64 22 43 28 29 51 95 2 74 12 78 87 25 27 9 34 42 94 33 79 65 92 11 99 55 1 56 52 26 38 44 63 93 8 36 35 53 47 70 81 76 84 14 71 69 89 90 10 18 96 62 21 20 37 24 16 13 49 7 66 59 45 4 48 82 72 75 46 41 57 98 39 97 60 91 80 50 61 5 68 73 0 
bonus: 77 32 86 83 58 40 17 85 6 88 19 67 11 99 55 1 56 52 26 38 44 63 93 8 36 35 53 47 70 81 76 84 14 71 69 89 90 10 18 96 62 21 20 37 24 16 13 49 7 66 59 45 4 48 82 72 75 46 41 57 98 39 97 60 91 80 50 61 5 68 73 
passengers: 7 2 133 76 52 109 186 50 155 148 57 86 92 162 

4452.5	12547	41949
tour: 0 77 32 86 83 58 40 17 85 6 88 19 67 3 54 31 15 30 23 64 52 26 38 44 63 93 8 36 35 53 78 87 25 27 9 47 11 99 55 42 94 33 79 34 70 81 76 1 56 92 22 13 49 7 66 59 45 69 89 90 10 18 4 48 82 72 75 46 41 57 98 39 97 60 91 80 50 84 14 71 43 28 29 51 95 2 74 12 96 62 21 20 37 24 16 65 61 5 68 73 0 
bonus: 77 32 86 83 58 40 17 85 6 88 19 67 3 54 31 15 30 23 64 52 26 38 44 63 93 8 36 35 53 78 87 25 27 9 47 11 99 55 42 94 33 79 34 70 81 76 1 56 92 22 13 49 7 66 59 45 69 90 20 37 24 16 65 61 5 68 73 
passengers: 133 172 173 77 19 89 11 193 25 30 31 199 137 142 8 98 177 9 

13405	12784	46611
tour: 0 77 32 86 83 58 40 78 87 25 27 9 34 70 81 76 1 56 92 22 43 28 29 51 95 2 74 12 96 62 21 20 37 24 16 13 49 7 66 59 45 69 89 90 10 18 4 48 82 72 75 46 41 57 98 39 97 60 91 80 50 84 14 71 17 85 6 88 19 67 3 54 31 15 30 23 64 52 26 38 44 63 93 8 36 35 53 47 11 99 55 42 94 33 79 65 61 5 68 73 0 
bonus: 77 32 86 83 58 40 78 87 25 27 9 34 70 81 76 1 56 92 22 43 28 95 74 62 21 20 37 24 16 13 49 7 66 59 45 69 89 90 10 18 4 48 82 72 75 46 41 57 98 39 64 52 26 38 44 63 93 8 36 35 53 47 11 99 55 42 94 33 79 65 61 5 68 73 
passengers: 6 3 7 181 126 53 206 56 22 42 211 77 19 11 102 115 193 187 154 202 

4537.42	12285	35736
tour: 0 77 32 86 83 58 40 84 14 71 17 85 6 88 19 67 3 54 31 15 30 23 64 52 26 38 44 63 93 8 36 35 53 47 11 99 55 1 56 92 22 43 28 29 51 95 2 74 12 96 62 21 20 37 24 16 13 49 7 66 59 45 69 89 90 10 18 4 48 82 78 87 25 27 9 34 70 81 76 42 94 33 79 65 72 75 46 41 57 98 39 97 60 91 80 50 61 5 68 73 0 
bonus: 77 32 86 83 58 40 84 14 71 17 85 6 88 19 67 3 54 31 15 30 23 64 52 26 38 44 63 22 43 28 29 51 95 12 70 81 76 42 94 33 79 65 72 75 46 41 57 98 39 97 60 91 80 50 61 5 68 73 
passengers: 133 172 173 76 77 11 187 26 152 185 181 124 126 39 114 202 196 

13256	11915	29041
tour: 0 77 6 88 19 8 36 93 39 97 72 75 46 41 57 98 59 2 74 35 53 47 70 81 51 95 52 45 69 89 90 10 18 16 13 67 3 54 31 15 30 23 64 22 43 28 29 12 96 62 21 20 37 24 4 48 82 78 87 25 27 9 34 42 94 55 76 1 56 92 11 99 86 32 80 50 84 14 83 58 40 17 85 26 38 44 63 71 60 91 49 7 66 33 79 65 61 5 68 73 0 
bonus: 77 6 88 19 8 36 93 39 97 72 75 46 41 57 98 52 45 69 89 90 10 18 16 13 67 3 54 31 15 30 23 64 22 43 28 29 12 96 62 55 76 1 56 92 68 73 
passengers: 7 2 4 210 144 39 66 129 127 52 29 202 49 133 

6032.17	11345	17258
tour: 0 77 32 86 83 58 40 17 85 6 88 19 67 3 54 31 15 30 23 64 52 26 38 44 63 93 8 36 35 53 47 11 99 55 42 94 33 79 65 46 41 57 98 39 97 72 75 4 48 82 78 87 25 27 9 34 70 81 76 1 56 92 22 43 28 29 51 95 2 74 12 96 62 21 20 37 24 16 13 49 7 66 59 45 69 89 90 10 18 84 14 71 60 91 80 50 61 5 68 73 0 
bonus: 77 32 86 83 58 40 17 13 49 7 66 59 45 69 89 90 10 18 84 14 71 60 91 80 50 61 5 68 73 
passengers: 5 133 172 73 77 193 214 196 210 171 93 54 

6792.5	13141	50525
tour: 0 77 6 88 19 8 36 35 53 47 70 81 76 22 43 28 29 51 95 10 18 16 13 67 3 54 31 15 30 23 64 52 45 69 89 90 93 39 97 72 75 46 41 57 98 59 2 74 12 96 62 21 20 37 24 4 48 82 78 87 25 27 9 34 42 94 55 1 56 92 11 99 86 32 80 50 84 14 83 58 40 17 85 26 38 44 63 71 60 91 49 7 66 33 79 65 61 5 68 73 0 
bonus: 77 6 88 19 8 36 35 53 47 70 81 76 22 43 28 29 51 95 10 18 16 13 67 3 54 31 15 30 23 64 52 45 62 21 20 37 24 4 48 82 78 87 25 27 9 34 42 94 55 1 56 92 11 99 86 32 80 50 84 14 83 58 40 17 85 26 38 44 63 71 60 91 49 7 66 33 79 65 61 5 68 73 
passengers: 2 18 19 26 42 40 84 52 205 93 29 49 133 172 

4345.5	13017	48126
tour: 0 77 6 88 19 8 36 35 53 47 70 81 76 84 14 83 58 40 17 85 26 38 44 63 71 69 89 90 93 39 97 60 91 49 7 66 33 79 65 72 75 46 41 57 98 59 2 74 12 96 62 21 20 37 24 22 43 28 29 51 95 10 18 16 13 67 3 54 31 15 30 23 64 52 45 4 48 82 78 87 25 27 9 34 42 94 55 1 56 92 11 99 86 32 80 50 61 5 68 73 0 
bonus: 77 6 88 19 8 36 35 53 47 70 81 76 84 14 83 58 40 17 85 26 38 44 60 91 49 7 66 33 79 65 72 75 46 41 57 98 59 2 74 12 96 62 21 20 37 24 22 43 28 29 51 95 10 18 16 13 67 3 54 31 15 30 23 64 52 45 4 48 82 78 87 27 80 50 61 5 68 73 
passengers: 19 24 153 156 115 191 189 171 207 176 53 68 55 61 101 13 108 202 

13157	11785	25685
tour: 0 77 6 88 19 8 36 35 53 47 70 81 20 37 24 22 43 28 41 57 98 39 97 60 91 49 7 66 59 2 74 12 96 62 21 29 51 95 10 18 16 13 67 3 54 31 15 30 23 64 52 45 4 48 82 78 87 25 27 9 34 42 94 33 79 65 72 75 46 55 76 1 56 92 11 99 86 32 80 50 84 14 83 58 40 17 85 26 38 44 63 71 69 89 90 93 61 5 68 73 0 
bonus: 77 6 88 19 8 36 35 47 62 21 29 51 95 10 18 16 13 67 3 54 31 15 30 23 64 52 45 4 48 82 34 44 63 71 69 89 90 93 61 5 68 73 
passengers: 3 7 4 210 53 205 66 55 61 127 101 111 29 30 184 133 172 77 115 

4238.67	12721	42387
tour: 0 77 6 88 81 20 37 24 16 13 67 3 54 31 15 30 23 64 52 45 69 89 90 93 19 8 36 35 53 47 70 92 22 43 28 41 57 98 39 97 72 75 46 55 76 1 56 11 99 86 32 80 50 84 14 83 58 40 17 85 26 38 44 63 71 60 91 49 7 66 59 2 74 12 96 62 21 29 51 95 10 18 4 48 82 78 87 25 27 9 34 42 94 33 79 65 61 5 68 73 0 
bonus: 77 6 88 81 20 37 24 16 13 67 3 54 31 15 30 23 64 52 45 69 89 90 93 19 8 36 35 53 47 38 44 63 71 60 91 49 7 66 59 2 74 12 96 62 21 29 51 95 10 18 4 48 82 78 87 25 27 9 34 42 94 33 79 65 61 5 68 73 
passengers: 19 17 161 66 11 99 24 26 95 179 78 117 118 205 39 86 108 30 202 

13117	11804	25738
tour: 0 77 6 88 19 8 36 35 53 47 70 81 20 59 45 4 48 82 78 87 25 27 9 34 42 94 55 76 1 56 92 11 99 86 32 80 50 84 14 83 58 40 17 85 37 24 22 43 28 41 57 98 39 97 60 91 49 7 66 33 79 65 72 75 46 2 74 12 96 62 21 29 51 95 10 18 16 13 67 3 54 31 15 30 23 64 52 26 38 44 63 71 69 89 90 93 61 5 68 73 0 
bonus: 77 6 88 19 8 86 32 80 50 84 14 83 58 40 17 85 37 24 22 43 67 3 54 31 15 30 23 64 52 26 38 44 63 71 69 89 90 93 61 5 68 73 
passengers: 6 5 1 199 181 184 214 133 73 169 94 38 55 61 63 102 115 

4332.42	12241	34353
tour: 0 77 6 88 19 8 36 35 53 47 70 81 76 84 14 83 58 40 17 85 26 38 44 63 71 60 91 49 7 66 33 79 65 46 41 57 98 59 2 74 12 96 62 21 20 37 24 22 43 28 29 51 95 10 18 16 13 67 3 54 31 15 30 23 64 52 45 69 89 90 93 39 97 72 75 4 48 82 78 87 25 27 9 34 42 94 55 1 56 92 11 99 86 32 80 50 61 5 68 73 0 
bonus: 77 6 88 19 8 36 35 53 47 70 81 76 84 14 83 58 40 17 85 26 38 44 63 10 18 16 13 67 3 54 31 15 30 23 64 52 45 69 89 90 93 39 97 72 75 4 11 99 86 32 80 50 61 5 68 73 
passengers: 19 24 150 151 172 78 117 176 39 37 101 108 202 199 184 

5899.5	12275	35512
tour: 0 77 6 88 19 8 36 35 53 47 70 81 20 37 24 22 43 28 41 57 98 39 97 72 75 4 48 82 78 87 25 27 9 34 42 94 33 79 65 46 55 76 1 56 92 11 99 86 32 80 50 84 14 83 58 40 17 85 26 38 44 63 71 60 91 49 7 66 59 2 74 12 96 62 21 29 51 95 10 18 16 13 67 3 54 31 15 30 23 64 52 45 69 89 90 93 61 5 68 73 0 
bonus: 77 6 88 19 8 36 35 53 47 70 81 20 37 24 22 43 28 41 57 98 39 9 34 42 94 33 79 65 46 55 76 1 56 92 11 99 50 13 67 3 54 31 15 30 23 64 52 45 69 89 90 93 61 5 68 73 
passengers: 4 19 89 25 209 29 30 136 132 59 94 92 66 55 61 

12994	12184	33640
tour: 0 77 6 88 39 97 60 91 49 7 66 33 79 65 61 5 68 72 75 46 2 74 12 96 62 21 29 51 95 10 85 26 38 44 63 71 69 89 90 93 19 8 36 35 53 47 70 81 20 37 24 22 43 28 41 57 98 59 14 83 58 40 17 73 18 16 13 67 3 54 31 15 30 23 64 52 45 4 48 82 78 87 25 27 9 34 42 94 55 76 1 56 92 11 99 86 32 80 50 84 0 
bonus: 77 6 88 39 97 7 10 85 26 38 44 63 71 69 89 90 93 19 8 36 35 53 47 70 81 20 37 24 22 43 83 58 40 17 73 18 16 13 67 3 54 31 15 30 23 64 52 45 4 48 82 80 50 84 
passengers: 3 7 2 206 93 204 42 26 124 210 57 83 68 13 184 

5273.83	12171	31639
tour: 0 77 6 88 19 8 36 35 53 47 70 81 20 37 24 22 43 28 41 57 98 59 14 83 58 40 17 85 26 38 44 63 71 69 89 90 93 39 97 60 91 49 7 66 33 79 65 61 5 68 72 73 75 46 2 74 12 96 62 21 29 51 95 10 18 16 13 67 3 54 31 15 30 23 64 52 45 4 48 82 78 87 25 27 9 34 42 94 55 76 1 56 92 11 99 86 32 80 50 84 0 
bonus: 77 6 88 19 8 36 35 53 47 70 81 24 66 33 79 65 61 5 68 72 73 75 46 2 74 12 96 62 21 29 51 95 10 18 16 13 67 3 54 31 15 30 23 64 52 45 4 48 82 80 50 84 
passengers: 4 19 88 24 211 73 115 189 171 207 22 53 68 55 61 101 13 108 199 184 

12910	10985	10430
tour: 0 77 6 88 39 97 60 91 49 7 66 33 79 65 61 5 68 72 73 75 46 2 74 12 96 62 21 29 51 95 10 18 16 13 67 3 54 31 15 30 23 64 52 26 38 44 63 71 69 89 90 93 19 8 36 35 53 47 70 81 20 59 14 83 58 40 17 85 37 24 22 43 28 41 57 98 45 4 48 82 78 87 25 27 9 34 42 94 55 76 1 56 92 11 99 86 32 80 50 84 0 
bonus: 77 6 9 34 42 94 55 76 1 56 11 99 86 32 80 50 84 
passengers: 3 7 2 53 206 204 35 56 25 172 76 72 162 13 29 184 

12899	13735	61412
tour: 0 77 6 88 50 61 11 99 55 76 1 56 5 68 72 73 75 46 2 74 12 96 62 21 29 51 95 10 18 16 13 67 3 54 31 15 30 23 64 52 45 4 48 82 78 87 25 86 32 80 66 59 14 83 58 40 17 85 26 38 44 63 71 69 89 90 93 19 8 36 35 53 47 70 81 20 37 24 22 43 28 41 57 98 39 97 60 91 49 7 27 9 34 42 94 33 79 65 92 84 0 
bonus: 77 6 88 50 61 11 99 55 76 1 56 5 68 72 73 75 46 2 74 12 96 62 21 29 51 95 10 18 16 13 67 3 54 31 15 30 23 64 52 45 4 48 82 78 87 25 86 32 80 66 59 14 83 58 40 17 85 26 38 44 63 71 69 89 90 93 19 8 36 35 53 47 70 81 20 37 24 22 43 28 41 57 98 39 97 60 91 49 7 27 9 34 42 33 79 65 92 84 
passengers: 6 3 7 14 53 206 93 35 56 60 172 73 77 193 180 30 31 

5267.67	13396	55487
tour: 0 77 6 88 81 20 37 24 16 13 67 3 54 31 15 30 23 64 52 45 4 48 82 78 98 39 97 60 91 49 7 66 59 14 83 58 40 17 85 26 38 44 63 71 69 89 90 93 19 8 36 35 53 47 70 87 25 27 9 34 42 94 33 79 65 92 22 43 28 41 57 86 32 80 50 61 11 99 55 76 1 56 5 68 72 73 75 46 2 74 12 96 62 21 29 51 95 10 18 84 0 
bonus: 77 6 88 81 20 37 24 16 13 67 3 54 31 15 30 23 64 52 45 4 48 39 97 60 91 49 7 66 59 14 83 58 40 17 85 26 38 44 63 71 69 89 90 93 19 8 36 35 53 47 70 87 25 27 22 43 28 41 57 86 32 80 50 61 11 99 55 76 1 56 5 68 72 73 75 46 2 74 12 96 62 21 29 51 95 10 18 84 
passengers: 4 17 162 66 102 211 170 60 76 115 193 202 181 98 14 206 

12859	11358	17855
tour: 0 55 76 1 56 92 11 99 86 32 96 62 21 29 51 95 10 18 16 13 49 7 66 59 14 83 58 40 17 85 26 38 44 63 71 69 89 90 93 19 8 36 35 53 47 70 81 20 37 24 22 43 28 41 77 6 88 67 3 54 31 15 30 23 64 52 45 57 98 39 97 60 91 80 50 61 5 68 72 73 75 4 48 82 78 87 25 27 9 34 42 94 33 79 65 46 2 74 12 84 0 
bonus: 55 76 1 56 92 11 99 86 32 96 62 21 29 51 95 10 27 9 34 42 94 33 79 65 46 2 74 84 
passengers: 6 3 5 181 214 206 93 125 35 60 172 77 187 156 124 61 101 14 108 30 200 

5293.5	12882	45680
tour: 0 77 6 88 81 20 37 24 16 13 67 3 54 31 15 30 23 64 52 45 4 48 82 78 98 39 97 60 91 49 7 66 59 14 83 58 40 17 85 26 38 44 63 71 69 89 90 93 19 8 36 35 53 47 70 87 25 27 9 34 42 94 33 79 65 61 11 99 55 76 1 56 92 22 43 28 41 57 86 32 80 50 5 68 72 73 75 46 2 74 12 96 62 21 29 51 95 10 18 84 0 
bonus: 77 6 88 81 20 37 24 16 13 67 3 54 31 15 30 23 64 52 45 4 48 39 97 60 91 49 7 66 59 14 83 58 40 17 85 26 38 44 63 71 69 89 90 93 19 8 43 28 41 57 86 32 80 50 5 68 72 73 75 46 2 74 12 96 62 21 29 51 95 10 18 84 
passengers: 4 17 162 66 102 211 170 60 77 115 193 187 154 202 199 181 98 14 206 

12830	13311	53536
tour: 0 77 6 88 39 97 60 91 49 7 66 33 79 34 42 94 55 76 1 56 92 11 99 86 32 80 50 61 5 68 72 73 75 4 48 82 78 87 25 27 9 22 13 67 3 54 31 15 30 23 64 52 26 38 44 63 71 43 28 41 57 98 45 69 89 90 93 19 8 36 35 53 47 70 81 20 59 14 83 58 40 17 85 37 24 16 65 46 2 74 12 96 62 21 29 51 95 10 18 84 0 
bonus: 77 6 88 39 97 60 91 49 7 66 33 79 34 42 94 55 76 1 56 92 11 99 86 32 80 50 61 5 68 72 73 75 4 48 82 78 87 25 27 9 22 13 67 3 54 31 15 30 23 64 52 26 38 44 63 71 41 53 47 70 81 20 59 14 83 58 40 17 85 37 24 16 65 46 2 74 12 96 62 21 29 51 95 10 18 84 
passengers: 6 5 1 202 8 216 16 109 61 102 115 119 210 187 155 148 160 206 

3989	13336	53065
tour: 0 77 6 88 67 3 54 31 15 30 23 64 52 45 69 89 90 93 19 8 36 35 53 47 70 81 20 59 14 83 58 40 17 85 26 38 44 63 71 43 28 41 57 98 39 97 60 91 80 50 61 5 68 72 73 75 4 48 82 78 87 25 27 9 22 13 49 7 66 33 79 34 42 94 55 76 1 56 92 11 99 86 32 37 24 16 65 46 2 74 12 96 62 21 29 51 95 10 18 84 0 
bonus: 77 6 88 67 3 54 31 15 30 23 64 52 45 69 89 90 93 19 8 36 35 53 47 70 81 20 59 14 83 58 40 17 85 26 38 44 41 57 98 39 97 60 91 80 50 61 5 68 72 73 75 49 7 66 33 79 34 42 94 55 76 1 56 92 11 99 86 32 37 24 16 65 46 2 74 12 96 62 21 29 51 95 10 18 84 
passengers: 19 11 131 24 26 60 119 124 169 13 98 23 45 104 206 

4447.58	11375	17136
tour: 0 77 6 88 50 61 5 68 72 73 75 4 48 82 78 87 25 86 32 80 66 59 14 83 58 40 17 85 26 38 44 63 71 43 28 41 57 98 39 97 60 91 49 7 27 9 22 13 67 3 54 31 15 30 23 11 99 55 76 1 56 92 33 79 65 46 2 74 12 96 62 21 29 51 34 42 94 64 52 45 69 89 90 93 19 8 36 35 53 47 70 81 20 37 24 16 95 10 18 84 0 
bonus: 77 6 88 50 61 5 68 72 30 23 11 99 55 76 1 56 92 33 79 65 46 2 74 36 35 10 18 84 
passengers: 15 16 111 60 167 98 61 50 45 206 194 148 

5765	11418	18101
tour: 0 77 6 88 67 3 54 31 15 30 23 64 52 45 69 89 90 51 95 10 18 16 83 58 40 17 85 26 38 44 63 93 19 8 36 35 53 47 70 81 20 37 24 22 13 49 7 66 59 14 71 43 28 41 57 98 39 97 60 91 80 50 61 5 68 72 73 75 4 48 82 78 87 25 27 9 34 42 94 55 76 1 56 92 11 99 86 32 96 62 21 29 33 79 65 46 2 74 12 84 0 
bonus: 77 6 88 67 3 54 31 15 30 23 64 52 45 69 89 90 8 36 35 29 33 79 65 46 2 74 12 84 
passengers: 2 18 19 204 80 88 26 59 124 13 108 195 45 

5928	11806	24613
tour: 0 77 6 88 50 61 5 68 72 75 4 48 82 78 87 25 85 26 38 44 63 71 43 28 41 57 98 39 97 60 91 49 7 27 9 22 13 67 3 54 31 15 30 23 64 52 45 69 89 90 93 19 8 36 35 53 47 70 81 20 37 24 16 95 10 33 79 65 46 2 74 12 96 62 21 29 51 34 42 94 55 76 1 56 92 11 99 86 32 80 66 59 14 83 58 40 17 73 18 84 0 
bonus: 77 6 88 50 61 5 68 72 75 4 48 82 78 87 25 85 51 34 42 94 55 76 1 56 92 11 99 86 32 80 66 59 14 83 58 40 17 73 18 84 
passengers: 4 16 111 180 210 123 11 61 100 27 104 68 199 197 184 133 134 57 

4041.42	12510	37205
tour: 0 77 6 88 67 3 54 31 15 30 23 64 52 45 69 89 90 93 19 8 36 35 53 47 70 81 20 59 14 83 58 40 17 85 26 38 44 63 71 43 28 41 57 98 39 97 60 91 80 50 61 5 68 72 73 75 4 48 82 78 87 25 27 9 22 13 49 7 66 33 79 65 46 2 74 12 96 62 21 29 51 34 42 94 55 76 1 56 92 11 99 86 32 37 24 16 95 10 18 84 0 
bonus: 77 6 88 67 3 54 31 15 30 23 64 52 45 69 89 90 93 19 8 36 35 53 47 70 81 20 59 14 83 58 40 17 85 26 38 44 41 57 98 39 97 60 91 80 50 61 5 68 72 73 75 99 86 32 37 24 16 95 10 18 84 
passengers: 19 11 131 24 26 60 119 124 169 13 98 23 194 132 

7127.5	11187	13896
tour: 0 77 6 88 67 3 54 31 15 30 23 64 52 45 69 89 90 51 95 10 33 79 65 46 41 57 98 39 97 60 91 80 50 61 5 68 72 73 18 16 83 58 40 17 85 26 38 44 63 93 19 8 36 35 53 47 70 81 20 37 24 22 13 49 7 66 59 14 71 43 28 75 4 48 82 78 87 25 27 9 34 42 94 55 76 1 56 92 11 99 86 32 96 62 21 29 2 74 12 84 0 
bonus: 77 6 16 83 55 76 1 56 92 11 99 86 32 96 62 21 29 2 74 12 84 
passengers: 2 4 18 42 210 211 86 71 77 193 154 13 195 199 181 45 

12615	11998	28338
tour: 0 42 94 33 79 65 46 2 74 12 96 62 21 29 51 95 10 18 84 6 88 67 3 54 31 15 30 23 64 52 45 69 89 90 93 19 8 36 35 53 47 11 99 55 76 1 56 92 22 13 49 7 66 59 14 83 58 40 17 85 26 38 44 63 71 43 28 41 77 32 86 57 98 39 97 60 91 80 50 61 5 68 72 73 75 4 48 82 78 87 25 27 9 34 70 81 20 37 24 16 0 
bonus: 42 94 33 79 65 46 2 74 12 96 62 21 29 51 95 10 18 84 6 88 67 3 54 31 15 30 23 64 52 45 69 17 85 26 38 44 63 71 43 28 41 77 24 16 
passengers: 3 7 2 52 206 203 35 19 88 49 172 73 72 75 180 171 33 

12613	12463	37473
tour: 0 77 75 4 48 82 78 87 25 27 9 34 42 94 55 76 1 56 92 11 99 86 32 96 62 21 29 51 95 10 33 79 65 46 2 74 12 84 6 88 67 3 54 31 15 30 23 64 52 45 69 89 90 93 19 8 36 35 53 47 70 81 20 37 24 22 13 49 7 66 59 14 83 58 40 17 85 26 38 44 63 71 43 28 41 57 98 39 97 60 91 80 50 61 5 68 72 73 18 16 0 
bonus: 77 75 4 48 82 78 87 25 27 9 34 42 94 55 76 1 56 92 11 99 86 32 96 62 21 29 51 95 10 33 79 65 46 2 67 17 85 26 38 44 63 71 43 28 41 57 98 39 97 60 91 80 50 61 5 68 72 73 18 16 
passengers: 6 3 5 181 216 206 125 35 19 99 88 95 172 73 75 119 210 212 171 

8055	13089	48382
tour: 0 77 32 86 94 64 52 45 69 89 90 93 8 36 35 53 47 70 81 20 37 24 16 95 10 33 79 65 46 41 57 98 39 97 60 91 80 50 61 5 68 72 73 18 84 6 88 67 3 54 31 15 30 23 11 99 55 76 1 56 92 22 13 49 7 66 59 14 83 58 40 17 85 26 38 44 63 71 43 28 75 4 48 82 78 87 25 27 9 34 42 19 2 74 12 96 62 21 29 51 0 
bonus: 77 32 86 94 64 52 45 69 89 90 93 8 36 35 53 47 70 81 10 33 79 65 46 41 57 98 39 97 60 91 80 50 61 5 68 72 73 6 88 67 3 54 31 15 30 23 11 99 55 76 1 56 92 22 13 49 7 66 59 58 48 82 78 87 25 27 9 34 42 19 2 74 12 96 62 21 29 51 
passengers: 2 1 132 194 66 203 42 212 83 10 99 8 95 58 118 108 

7226	12497	37780
tour: 0 42 94 33 79 65 46 41 77 32 86 57 98 39 97 60 91 80 50 61 5 68 72 73 75 4 48 82 78 87 25 27 9 34 70 81 20 37 24 16 71 43 28 47 11 99 55 76 1 56 92 22 13 49 7 66 59 14 83 58 40 17 85 26 38 44 63 93 19 8 36 35 53 6 88 67 3 54 31 15 30 23 64 52 45 69 89 90 51 95 10 18 96 62 21 29 2 74 12 84 0 
bonus: 42 94 33 79 65 46 41 77 32 86 57 98 39 97 60 91 80 50 61 5 68 72 73 75 4 48 82 78 87 25 27 9 34 70 81 20 37 24 16 71 43 23 64 52 45 69 89 90 51 95 10 18 96 62 21 29 2 74 12 84 
passengers: 4 1 202 196 210 171 13 66 71 48 155 18 128 40 84 

12550	11830	25169
tour: 0 77 75 4 48 82 78 98 39 97 60 91 49 7 66 59 14 19 2 74 12 96 62 21 29 51 95 10 33 79 65 46 41 57 86 32 80 50 61 5 68 72 73 18 16 83 58 40 17 85 26 38 44 63 71 43 28 47 70 87 25 27 9 34 42 94 64 52 45 69 89 90 93 8 36 35 53 6 88 81 20 37 24 22 13 67 3 54 31 15 30 23 11 99 55 76 1 56 92 84 0 
bonus: 77 75 4 48 82 78 98 39 97 60 91 10 33 65 5 35 53 6 88 81 20 37 24 22 13 67 3 54 31 15 30 23 11 99 55 76 1 56 92 84 
passengers: 3 7 2 9 206 39 35 71 172 77 199 187 152 144 61 44 

5476.83	13338	53568
tour: 0 77 75 4 48 82 78 87 25 27 9 34 42 94 64 52 45 69 89 90 93 8 36 35 53 6 88 81 20 37 24 16 83 58 40 17 85 26 38 44 63 71 43 28 47 70 55 76 1 56 92 22 13 67 3 54 31 15 30 23 11 99 86 32 80 50 61 5 68 72 73 18 96 62 21 29 51 95 10 33 79 65 46 41 57 98 39 97 60 91 49 7 66 59 14 19 2 74 12 84 0 
bonus: 77 75 4 48 82 78 87 25 27 9 34 42 94 64 52 45 69 89 90 93 8 36 35 53 6 88 81 20 37 24 16 83 58 40 17 85 26 38 44 63 71 43 28 56 92 22 13 67 3 54 31 15 30 23 11 99 86 32 80 50 61 5 68 72 73 18 96 62 21 29 51 95 10 33 79 65 46 41 39 19 2 74 12 84 
passengers: 1 109 110 199 152 148 161 182 181 131 128 126 42 170 58 

12508	13123	48401
tour: 0 77 75 4 48 82 78 87 25 27 9 34 42 94 55 76 1 56 92 11 99 86 32 80 50 61 5 68 72 73 18 16 83 58 40 17 85 26 38 44 63 71 43 28 47 70 81 20 37 24 22 13 49 7 66 59 14 31 15 30 23 64 52 45 69 89 90 93 19 8 36 35 53 6 88 67 3 54 51 95 10 33 79 65 46 41 57 98 39 97 60 91 96 62 21 29 2 74 12 84 0 
bonus: 77 75 4 48 82 78 87 25 27 9 34 42 94 55 76 1 56 92 11 99 86 32 80 50 61 5 68 72 73 18 16 83 58 40 17 85 15 30 23 64 52 45 69 89 90 93 19 8 36 35 53 6 88 67 3 54 51 95 10 33 79 65 46 41 57 98 39 97 60 91 96 62 21 29 2 74 12 84 
passengers: 6 5 1 202 183 215 16 97 61 128 187 155 156 42 207 

5033	12921	46380
tour: 0 77 75 4 48 82 78 87 25 27 9 34 42 94 64 52 45 69 89 90 93 19 8 36 35 53 6 88 67 3 54 31 15 30 23 11 99 86 32 55 76 1 56 92 22 13 49 7 66 59 14 83 58 40 17 85 26 38 44 63 71 43 28 47 70 81 20 37 24 16 95 10 33 79 65 46 41 57 98 39 97 60 91 80 50 61 5 68 72 73 18 96 62 21 29 51 2 74 12 84 0 
bonus: 77 75 4 48 82 78 87 25 27 9 34 90 99 86 32 55 76 1 56 92 22 13 49 7 66 59 14 83 58 40 17 85 26 38 44 63 71 43 28 47 70 81 20 37 24 16 95 10 33 79 65 46 41 57 98 39 97 60 91 80 50 61 5 68 72 73 18 96 62 21 29 51 2 84 
passengers: 1 13 109 199 144 130 49 95 56 20 73 78 90 42 40 212 207 84 

12460	12873	44624
tour: 0 42 94 64 52 45 69 89 90 51 95 10 33 79 65 46 41 77 32 86 57 98 39 97 60 91 80 50 61 5 68 72 73 18 96 62 21 29 2 74 12 84 6 88 67 3 54 31 15 30 23 11 99 55 76 1 56 92 22 13 49 7 66 59 14 71 43 28 75 4 48 82 78 87 25 27 9 34 70 81 20 37 24 16 83 58 40 17 85 26 38 44 63 93 19 8 36 35 53 47 0 
bonus: 42 94 64 52 90 62 21 29 2 74 12 84 6 88 67 3 54 31 15 30 23 11 99 55 76 1 56 92 22 13 49 7 66 59 14 71 43 28 75 4 48 82 78 87 25 27 9 34 70 81 20 37 24 16 83 58 40 17 85 26 38 44 63 93 19 8 36 35 53 47 
passengers: 3 2 4 42 212 207 83 93 53 8 56 58 109 77 187 

4546	12932	45899
tour: 0 77 75 4 48 82 78 87 25 27 9 34 70 81 20 37 24 16 83 58 40 17 85 26 38 44 63 93 19 8 42 94 64 52 45 69 89 90 51 95 10 33 79 65 46 41 57 98 39 97 60 91 80 50 61 5 68 72 73 18 96 62 21 29 2 74 12 84 6 36 35 53 88 67 3 54 31 15 30 23 11 99 86 32 55 76 1 56 92 22 13 49 7 66 59 14 71 43 28 47 0 
bonus: 77 75 4 48 82 78 87 25 27 9 34 70 81 20 37 24 16 83 58 40 17 85 26 38 44 63 93 19 8 42 94 64 52 45 69 89 90 51 95 10 33 79 65 46 41 57 98 39 97 60 91 80 50 61 5 68 72 73 18 96 62 21 29 36 49 7 66 59 14 71 43 28 47 
passengers: 111 113 108 140 172 73 115 193 191 202 176 207 14 53 52 99 49 54 

3739.92	12766	41599
tour: 0 77 32 80 66 59 14 83 58 40 17 85 26 38 44 63 71 43 28 75 4 48 82 78 87 25 27 9 22 13 67 3 54 31 15 30 23 64 52 45 69 89 90 93 19 8 51 34 42 94 55 76 1 56 92 11 99 86 57 98 39 97 60 91 49 7 95 10 33 79 65 46 41 88 50 61 5 68 72 73 18 96 62 21 29 2 74 12 84 6 36 35 53 47 70 81 20 37 24 16 0 
bonus: 77 32 80 66 59 14 83 58 40 17 85 26 38 44 63 71 43 28 75 4 48 82 78 8 51 34 42 94 55 76 1 56 92 11 99 86 57 98 39 97 60 91 49 7 95 10 33 79 65 46 41 68 72 73 18 96 62 21 29 2 74 12 84 6 16 
passengers: 133 60 58 115 97 193 88 202 196 212 23 14 84 17 148 

12386	10936	8109
tour: 0 77 32 55 76 1 56 92 22 43 28 75 40 17 51 95 10 33 79 65 46 41 88 67 3 54 31 15 30 23 11 99 86 57 98 39 97 60 85 26 38 44 63 71 69 89 90 93 19 8 42 94 64 52 45 4 48 82 78 87 25 27 9 34 70 81 20 37 24 16 13 49 7 66 59 14 83 58 91 80 50 61 5 68 72 73 18 96 62 21 29 2 74 12 84 6 36 35 53 47 0 
bonus: 77 32 55 76 1 56 92 22 43 36 35 53 47 
passengers: 6 5 2 182 39 102 213 115 193 202 200 163 14 

12354	12023	27609
tour: 0 77 32 86 57 98 39 97 60 85 26 38 44 63 71 43 28 75 40 17 51 95 10 33 79 65 46 41 88 67 3 96 62 21 29 2 74 12 84 6 36 35 53 47 70 81 20 37 24 4 48 82 78 87 25 27 9 34 42 94 64 52 45 69 89 90 93 19 8 54 31 15 30 23 11 99 55 76 1 56 92 22 13 49 7 66 59 14 83 58 91 80 50 61 5 68 72 73 18 16 0 
bonus: 77 32 86 57 98 39 97 60 85 26 38 44 17 8 54 31 15 30 23 11 99 55 76 1 56 92 22 13 49 7 66 59 14 83 58 91 80 50 61 5 68 72 73 18 16 
passengers: 3 2 4 211 78 203 39 205 19 31 143 199 88 99 96 54 57 

4511.92	12414	36607
tour: 0 77 32 80 66 33 79 65 46 41 88 50 61 5 68 72 73 75 4 48 82 78 87 25 27 9 22 13 67 3 54 31 15 30 23 64 52 45 69 89 90 93 19 8 51 34 42 94 55 76 1 56 92 11 99 86 57 98 39 97 60 91 49 7 95 10 18 96 62 21 29 2 74 12 84 6 36 35 53 47 70 81 20 59 14 83 58 40 17 85 26 38 44 63 71 43 28 37 24 16 0 
bonus: 77 32 80 66 33 79 65 46 41 88 50 61 5 68 72 73 75 4 48 82 78 87 27 64 52 45 69 89 90 93 19 8 51 34 42 94 55 76 1 56 92 11 99 86 57 39 85 26 38 44 63 71 43 28 37 24 16 
passengers: 138 137 180 123 97 11 193 88 195 196 211 20 93 172 72 

4970.5	11854	22685
tour: 0 77 32 80 50 61 5 68 72 73 18 16 95 10 33 79 65 46 41 88 67 3 54 31 15 30 23 64 52 45 69 89 90 93 19 8 42 94 55 76 1 56 92 11 99 86 57 98 39 97 60 85 26 38 44 63 71 43 28 75 40 17 51 34 70 81 20 37 24 4 48 82 78 87 25 27 9 22 13 49 7 66 59 14 83 58 91 96 62 21 29 2 74 12 84 6 36 35 53 47 0 
bonus: 77 32 80 50 61 5 68 72 73 18 16 95 10 33 56 92 11 99 86 57 98 39 97 60 85 44 62 21 29 2 74 12 84 6 36 35 53 47 
passengers: 2 132 134 83 66 204 102 24 185 118 124 139 109 110 125 

5328.67	12151	29691
tour: 0 42 94 64 52 45 69 89 90 93 19 8 51 40 17 85 26 38 44 63 71 43 28 75 4 48 82 78 87 25 27 9 34 70 81 20 37 24 16 95 10 33 79 65 46 41 88 67 3 54 31 15 30 23 11 99 55 76 1 56 92 22 13 49 7 66 59 14 83 58 77 32 86 57 98 39 97 60 91 80 50 61 5 68 72 73 18 96 62 21 29 2 74 12 84 6 36 35 53 47 0 
bonus: 42 94 64 52 45 69 89 90 93 19 8 51 40 17 85 26 38 44 63 71 43 28 75 39 97 60 91 80 50 61 5 68 72 96 62 21 29 2 74 12 84 6 36 35 53 47 
passengers: 1 188 191 190 172 78 167 42 176 99 49 98 57 212 84 87 125 

5366.17	12150	31813
tour: 0 77 32 86 57 98 39 97 60 85 26 38 44 63 71 43 28 37 24 4 48 82 78 87 25 27 9 34 42 94 64 52 45 69 89 90 93 19 8 54 31 15 30 23 11 99 55 76 1 56 92 22 13 49 7 66 33 79 65 46 41 88 67 3 96 62 21 29 2 74 12 84 6 36 35 53 47 70 81 20 59 14 83 58 91 80 50 61 5 68 72 73 75 40 17 51 95 10 18 16 0 
bonus: 77 32 86 57 98 39 97 60 85 26 38 44 63 71 43 28 37 24 4 48 82 78 87 25 27 9 34 42 94 64 99 55 76 1 56 92 22 13 49 7 66 33 79 65 46 36 35 5 18 16 
passengers: 4 115 116 167 199 191 48 186 206 18 90 

7588	11653	20050
tour: 0 77 32 80 50 61 5 68 72 73 75 40 17 51 34 70 81 20 59 14 83 58 91 96 62 21 29 2 74 12 84 6 42 94 55 76 1 56 92 11 99 86 57 98 39 97 60 85 26 38 44 63 71 43 28 37 24 16 95 10 18 4 48 82 78 87 25 27 9 22 13 49 7 66 33 79 65 46 41 88 67 3 54 31 15 30 23 64 52 45 69 89 90 93 19 8 36 35 53 47 0 
bonus: 77 32 80 50 61 5 68 72 73 75 40 17 18 4 48 82 78 87 25 27 9 22 13 49 7 66 33 79 65 46 41 88 53 47 
passengers: 3 7 133 73 206 52 47 171 66 38 109 187 

12268	11465	18822
tour: 0 42 94 64 52 45 69 89 90 93 19 8 54 31 15 30 23 91 80 50 61 5 68 72 73 18 96 62 21 29 2 74 12 84 6 36 35 53 88 67 3 57 98 39 97 60 85 26 38 44 63 71 43 28 47 11 99 86 32 55 76 1 56 92 22 13 49 7 66 59 14 83 58 40 17 51 95 10 33 79 65 46 41 77 75 4 48 82 78 87 25 27 9 34 70 81 20 37 24 16 0 
bonus: 42 94 5 74 49 7 66 59 14 83 58 40 17 51 95 10 33 79 65 48 82 78 87 70 81 20 37 24 16 
passengers: 3 7 1 202 14 92 52 152 47 185 56 78 36 180 108 33 

5514.33	12106	27896
tour: 0 77 32 86 57 98 39 97 60 91 80 50 61 5 68 72 73 75 4 48 82 78 87 25 27 9 34 70 81 20 59 14 83 58 40 17 51 95 10 18 96 62 21 29 2 74 12 84 6 42 94 64 52 45 69 89 90 93 19 8 36 35 53 47 11 99 55 76 1 56 92 22 13 49 7 66 33 79 65 46 41 88 67 3 54 31 15 30 23 85 26 38 44 63 71 43 28 37 24 16 0 
bonus: 77 32 86 57 98 39 97 60 51 95 10 18 96 62 21 29 2 13 49 7 66 33 79 65 46 41 88 67 3 54 31 15 30 23 85 26 38 44 63 71 43 28 37 24 16 
passengers: 4 211 170 209 57 60 77 83 187 152 182 183 55 61 63 102 100 

7245.5	13759	58820
tour: 0 77 32 86 57 98 39 97 60 85 26 38 44 63 71 43 28 75 40 17 51 95 10 33 79 65 46 41 88 67 3 54 31 15 30 23 11 99 55 4 48 82 78 87 25 27 9 34 70 81 20 37 24 16 83 58 91 80 50 61 5 68 72 73 18 96 62 21 29 2 74 12 84 6 42 94 64 52 45 69 89 76 1 56 92 22 13 49 7 66 59 14 90 93 19 8 36 35 53 47 0 
bonus: 77 32 86 57 98 39 97 60 85 26 38 44 63 71 43 28 75 40 17 51 95 10 33 79 65 46 41 88 67 3 54 31 15 30 23 11 99 55 4 48 82 78 87 25 27 9 34 70 81 20 24 16 83 58 91 80 50 61 5 68 72 73 18 96 62 21 29 2 74 12 84 6 42 94 64 52 45 56 92 22 13 49 7 66 59 14 90 93 19 8 36 35 53 47 
passengers: 2 4 133 211 78 72 36 138 180 101 108 33 163 159 160 53 19 186 54 58 

12220	11625	20307
tour: 0 77 32 55 76 1 56 92 22 13 49 7 66 33 79 65 46 41 88 67 3 54 31 15 30 23 11 99 86 57 98 39 97 60 85 26 38 44 63 71 43 28 37 24 16 95 10 18 4 48 82 78 87 25 27 9 34 70 81 20 59 14 83 58 91 96 62 21 29 2 74 12 84 6 42 94 64 52 45 69 80 50 61 5 68 72 73 75 40 17 51 89 90 93 19 8 36 35 53 47 0 
bonus: 77 32 55 39 97 60 85 16 64 52 45 69 80 50 61 5 68 72 73 75 40 17 51 89 90 93 19 8 36 35 53 47 
passengers: 6 5 4 182 128 214 210 203 39 125 19 202 172 173 77 187 

5451.17	11102	10123
tour: 0 77 32 86 57 98 39 97 60 85 26 38 44 63 71 43 28 37 24 16 83 58 91 80 50 61 5 68 72 73 75 40 17 51 95 10 18 96 62 21 29 2 74 12 84 6 42 94 64 52 45 69 89 76 1 56 92 22 13 49 7 66 33 79 65 46 41 88 67 3 54 31 15 30 23 11 99 55 4 48 82 78 87 25 27 9 34 70 81 20 59 14 90 93 19 8 36 35 53 47 0 
bonus: 77 32 86 57 98 39 97 16 90 93 19 8 36 35 53 47 
passengers: 4 132 133 210 14 16 76 53 185 54 61 101 109 58 187 

7397.5	11692	21228
tour: 0 77 32 86 57 98 39 97 60 85 26 38 44 63 71 43 28 75 4 48 82 78 87 25 27 9 22 13 67 3 96 62 21 29 2 80 66 59 14 83 58 40 17 51 34 42 94 91 49 23 64 52 45 69 89 76 1 56 92 11 99 55 7 95 10 33 79 65 46 41 88 50 61 5 68 72 73 18 90 93 19 8 54 31 15 30 74 12 84 6 36 35 53 47 70 81 20 37 24 16 0 
bonus: 77 32 86 57 98 39 97 60 85 26 38 44 63 71 43 28 62 21 29 2 80 66 59 58 53 47 70 81 20 37 24 16 
passengers: 3 4 169 208 56 54 206 58 76 186 38 187 28 17 148 

7571	13329	52405
tour: 0 77 75 40 17 51 95 10 33 79 65 46 41 88 67 3 57 98 39 97 60 85 26 38 44 63 71 43 28 90 93 19 8 54 31 15 30 23 11 99 86 32 55 4 48 82 78 87 25 27 9 34 42 94 64 52 45 69 89 76 1 56 92 22 13 49 7 66 59 14 83 58 91 80 50 61 5 68 72 73 18 96 62 21 29 2 74 12 84 6 36 35 53 47 70 81 20 37 24 16 0 
bonus: 77 75 40 17 51 95 10 33 79 65 46 41 88 67 3 57 98 39 97 60 85 26 38 44 63 71 43 28 90 93 19 8 54 31 15 30 23 11 99 86 32 55 4 48 82 78 87 25 27 9 34 42 64 52 45 69 89 76 1 56 92 22 13 49 7 66 59 14 83 58 91 80 50 61 5 53 47 70 81 20 37 24 16 
passengers: 2 4 172 73 42 115 120 116 193 215 202 199 186 98 14 125 17 148 

12048	11934	25937
tour: 0 42 94 64 52 45 69 89 76 1 56 92 11 99 86 32 55 7 66 59 14 83 58 40 17 51 34 70 81 20 37 24 16 95 10 33 79 65 46 41 88 50 61 5 68 72 73 18 96 62 21 29 2 80 77 75 4 48 82 78 87 25 27 9 22 13 67 3 57 98 39 97 60 91 49 23 85 26 38 44 63 71 43 28 90 93 19 8 54 31 15 30 74 12 84 6 36 35 53 47 0 
bonus: 42 94 64 52 45 69 89 76 1 56 92 11 99 86 32 55 7 66 59 14 83 58 40 17 51 34 70 81 20 2 80 77 75 4 48 9 22 13 53 47 
passengers: 6 5 1 199 185 181 214 141 92 109 123 55 11 28 

12019	12023	25854
tour: 0 77 32 86 57 98 39 97 60 85 26 38 44 63 71 43 28 90 93 19 8 42 94 64 52 45 69 89 76 1 56 92 22 13 49 23 91 80 50 61 11 99 55 7 66 33 79 65 46 41 88 67 3 54 31 15 30 62 21 29 2 74 12 96 5 68 72 73 75 4 48 82 78 87 25 27 9 34 70 81 20 59 14 37 24 16 83 58 40 17 51 95 10 18 84 6 36 35 53 47 0 
bonus: 77 32 86 57 98 39 97 60 85 26 38 44 63 90 64 56 92 62 21 29 2 74 12 96 5 68 72 73 75 4 48 82 78 87 25 27 34 36 35 53 47 
passengers: 6 4 1 208 199 182 181 55 64 127 125 33 32 163 

5097	11746	20827
tour: 0 80 50 61 5 68 72 73 18 16 95 10 33 79 65 46 41 88 67 3 54 31 15 30 44 63 71 43 28 90 93 19 8 42 94 64 52 45 69 89 76 1 56 92 11 99 55 7 66 59 14 83 58 77 75 40 17 51 34 70 81 20 37 24 4 48 82 78 87 25 27 9 22 13 49 23 85 26 38 32 86 57 98 39 97 60 91 96 62 21 29 2 74 12 84 6 36 35 53 47 0 
bonus: 80 50 61 5 68 72 73 18 16 95 10 33 79 65 56 92 11 99 55 7 83 48 85 26 38 32 86 57 98 39 97 60 53 47 
passengers: 2 16 83 204 65 193 199 197 8 185 216 139 109 110 102 118 125 

7033	11725	18959
tour: 0 77 32 86 57 98 39 97 60 91 96 5 68 72 73 75 4 48 82 78 87 25 27 9 34 70 81 20 59 14 83 58 40 17 51 89 76 1 56 92 22 13 49 23 85 26 38 44 63 71 43 28 37 24 16 95 10 18 90 93 19 8 42 94 64 52 45 69 80 50 61 11 99 55 7 66 33 79 65 46 41 88 67 3 54 31 15 30 62 21 29 2 74 12 84 6 36 35 53 47 0 
bonus: 77 32 86 57 51 89 76 1 56 92 22 13 49 8 64 54 31 15 30 62 21 29 2 74 12 84 6 36 35 53 47 
passengers: 3 4 133 211 205 33 76 77 97 161 193 88 197 214 136 129 125 

7418	12056	26950
tour: 0 42 94 64 52 45 69 80 77 75 4 48 82 78 87 25 27 9 34 70 81 20 37 24 16 95 10 33 79 65 46 41 88 50 61 11 99 86 32 55 7 66 59 14 83 58 40 17 51 89 76 1 56 92 22 13 67 3 57 98 39 97 60 91 49 23 85 26 38 44 63 71 43 28 90 93 19 8 54 31 15 30 62 21 29 2 74 12 96 5 68 72 73 18 84 6 36 35 53 47 0 
bonus: 42 94 64 10 33 79 65 46 41 50 39 85 26 38 44 63 71 43 28 90 93 19 8 54 31 15 30 62 21 29 2 74 12 96 5 68 72 6 35 53 47 
passengers: 2 1 194 197 42 35 216 172 73 102 115 118 168 187 87 

5801.83	13681	56170
tour: 0 77 32 55 7 66 33 79 65 46 41 88 67 3 54 31 15 30 62 21 29 2 74 12 84 6 42 94 64 52 45 69 80 50 61 11 99 86 57 98 39 97 60 91 96 5 68 72 73 75 4 48 82 78 87 25 27 9 34 70 81 20 59 14 83 58 40 17 51 89 76 1 56 92 22 13 49 23 85 26 38 44 63 71 43 28 37 24 16 95 10 18 90 93 19 8 36 35 53 47 0 
bonus: 77 32 55 7 66 33 79 65 46 41 88 67 3 54 31 15 30 62 21 29 2 74 12 84 6 42 94 64 52 45 69 80 50 61 11 99 86 57 98 39 97 60 91 96 5 68 72 73 75 4 48 82 78 87 25 27 9 34 70 81 20 59 14 83 58 40 17 51 89 76 1 56 92 22 13 49 44 63 71 43 28 37 24 16 8 36 35 53 47 
passengers: 7 136 129 125 9 52 202 47 15 111 113 60 172 76 186 97 165 

7332	11703	20148
tour: 0 42 94 64 52 45 69 80 77 75 46 41 88 67 3 57 98 39 97 60 85 26 38 44 63 71 43 28 90 93 19 8 54 31 15 30 62 21 29 2 74 12 84 6 36 50 61 11 99 86 32 55 7 66 59 14 83 58 40 17 51 89 76 1 56 92 22 13 49 23 91 96 5 68 72 73 18 4 48 82 78 87 25 27 9 34 70 81 20 37 24 16 95 10 33 79 65 35 53 47 0 
bonus: 42 94 64 52 45 69 80 77 75 48 82 78 87 25 27 9 34 70 81 20 37 24 16 95 10 33 79 65 35 53 47 
passengers: 4 1 196 200 207 209 9 52 47 57 86 12 109 108 90 

5155.5	13319	49270
tour: 0 77 75 46 41 88 67 3 57 98 39 97 72 73 18 16 83 58 40 17 51 34 70 81 20 37 24 50 61 5 68 21 29 2 80 66 59 14 31 15 30 74 12 84 6 36 93 19 8 54 42 94 64 52 45 69 89 76 1 56 92 11 99 86 32 55 4 48 82 78 87 25 27 9 22 13 49 23 91 96 62 60 85 26 38 44 63 71 43 28 90 7 95 10 33 79 65 35 53 47 0 
bonus: 77 75 46 41 88 67 3 57 98 39 97 72 73 18 16 83 58 40 17 51 34 70 81 20 24 19 8 54 42 94 64 52 45 69 89 76 1 56 92 11 99 86 32 55 4 48 82 78 87 25 27 9 22 13 49 23 91 96 62 60 85 26 38 44 63 71 43 28 90 7 95 10 33 79 65 35 53 47 
passengers: 4 177 210 211 66 77 105 52 19 193 89 199 8 47 12 109 30 

5121.67	12218	28058
tour: 0 80 66 33 79 65 35 53 47 70 81 20 59 14 37 24 50 61 11 99 86 32 55 4 48 82 78 87 25 27 9 34 42 94 64 52 45 69 89 76 1 56 92 22 13 49 23 85 26 38 44 63 71 43 28 90 7 95 10 18 16 83 58 77 75 46 41 88 67 3 54 31 15 30 62 21 29 2 74 12 84 6 36 93 19 8 51 40 17 57 98 39 97 60 91 96 5 68 72 73 0 
bonus: 80 66 33 79 65 35 53 47 70 81 20 59 14 37 24 50 61 11 99 86 32 55 4 48 82 78 87 25 27 9 34 42 94 64 52 39 97 60 91 96 5 68 72 73 
passengers: 5 135 148 91 162 47 216 12 111 102 115 168 42 19 189 172 73 

4985.67	11213	8372
tour: 0 77 75 46 41 88 67 3 57 98 39 97 60 85 26 38 44 63 93 19 8 54 31 15 30 62 71 43 28 90 7 95 10 18 78 87 25 27 9 34 42 94 64 52 45 69 80 66 33 79 65 35 53 47 70 81 20 59 14 37 24 16 83 58 40 17 51 89 76 1 56 92 22 13 49 23 91 96 5 68 21 29 2 74 12 84 6 36 50 61 11 99 86 32 55 4 48 82 72 73 0 
bonus: 77 75 46 41 88 67 3 57 39 48 82 72 73 
passengers: 4 179 180 212 115 193 83 33 199 162 181 184 125 47 

3847.08	11607	14630
tour: 0 80 66 59 14 31 15 30 62 71 43 28 90 70 81 20 37 24 16 83 58 77 75 4 48 82 72 73 18 78 87 25 27 9 34 42 94 64 52 45 69 89 76 12 84 6 36 50 61 11 99 86 32 55 7 95 10 33 79 65 46 41 88 67 3 54 1 56 92 22 13 49 23 85 26 38 44 63 93 19 8 51 40 17 57 98 39 97 60 91 96 5 68 21 29 2 74 35 53 47 0 
bonus: 80 66 59 14 31 15 30 9 34 42 94 64 52 45 69 89 76 12 84 6 36 53 47 
passengers: 64 62 65 124 13 110 123 152 50 11 186 27 172 73 

4064.42	11699	15559
tour: 0 80 66 33 79 65 35 53 47 70 81 41 88 67 3 54 31 15 30 44 63 93 19 8 51 40 17 10 18 78 87 25 27 9 34 42 94 64 38 32 86 57 98 39 97 60 85 26 56 92 22 13 49 23 20 59 14 37 24 16 95 52 45 69 89 76 1 62 71 43 28 90 7 83 58 77 75 46 91 96 5 68 21 29 2 74 12 84 6 36 50 61 11 99 55 4 48 82 72 73 0 
bonus: 80 66 33 79 65 35 53 47 70 81 41 88 49 5 68 21 29 2 74 36 48 82 72 73 
passengers: 144 146 179 130 140 117 118 54 59 124 14 125 52 47 

7971.5	14289	62087
tour: 0 42 94 64 38 44 85 26 56 92 22 13 49 23 20 59 14 37 24 16 46 83 58 77 32 55 4 48 82 72 73 75 63 93 19 8 51 40 17 10 18 78 87 25 27 9 34 70 81 41 88 67 3 54 31 15 30 62 71 43 28 90 7 95 52 45 69 89 76 1 74 12 84 6 36 50 61 11 99 86 57 98 39 97 60 91 96 5 68 21 29 2 80 66 33 79 65 35 53 47 0 
bonus: 42 94 64 38 44 85 26 56 92 22 13 49 23 20 59 14 37 24 16 46 83 58 77 32 55 4 48 82 72 73 75 63 93 19 8 51 40 17 10 18 78 87 25 27 9 34 70 81 41 88 67 3 54 31 15 30 62 71 43 28 90 7 95 52 45 69 89 76 1 74 12 84 6 36 50 61 11 99 86 57 98 39 97 60 91 96 5 68 21 29 2 80 66 33 79 65 35 53 47 
passengers: 1 0 201 115 184 133 12 191 78 36 10 129 203 52 155 156 45 

4667.42	14154	59114
tour: 0 80 66 33 79 65 46 77 75 63 93 19 8 51 40 17 10 18 78 87 25 27 54 31 15 30 23 20 59 14 37 24 16 83 58 9 34 42 94 64 38 44 85 26 56 92 22 13 49 7 95 52 45 69 89 76 1 62 71 43 28 90 70 81 41 88 67 3 57 98 39 97 72 73 60 91 96 5 68 21 29 2 74 12 84 6 36 50 61 11 99 86 32 55 4 48 82 35 53 47 0 
bonus: 80 66 33 79 65 46 77 75 63 93 19 8 51 40 17 10 18 78 87 25 27 54 31 15 30 23 20 59 14 37 24 16 83 64 38 44 85 26 56 92 22 13 49 7 95 52 45 69 89 76 1 62 71 43 28 90 70 81 41 88 67 3 57 98 39 97 72 73 60 91 96 5 68 21 29 2 74 12 84 6 36 50 61 11 99 86 32 55 4 48 82 35 53 47 
passengers: 138 135 193 99 60 194 98 207 14 125 52 47 

5450.67	14343	62087
tour: 0 80 63 93 19 8 51 40 17 4 48 82 72 73 75 46 83 58 77 45 69 89 76 1 62 71 43 28 90 70 81 41 88 67 3 54 31 15 30 44 85 26 56 92 52 95 10 18 78 87 25 27 9 22 13 49 23 20 59 14 37 24 16 34 42 94 64 38 32 86 57 98 39 97 60 91 96 5 68 21 29 2 74 12 84 6 36 50 61 11 99 55 7 66 33 79 65 35 53 47 0 
bonus: 80 63 93 19 8 51 40 17 4 48 82 72 73 75 46 83 58 77 45 69 89 76 1 62 71 43 28 90 70 81 41 88 67 3 54 31 15 30 44 85 26 56 92 52 95 10 18 78 87 25 27 9 22 13 49 23 20 59 14 37 24 16 34 42 94 64 38 32 86 57 98 39 97 60 91 96 5 68 21 29 2 74 12 84 6 36 50 61 11 99 55 7 66 33 79 65 35 53 47 
passengers: 6 191 190 172 75 179 180 176 117 39 29 100 104 202 207 14 125 52 49 

3638.58	12886	34538
tour: 0 80 66 59 14 37 24 16 46 83 58 77 75 63 93 19 8 51 40 17 4 48 82 72 73 18 78 87 25 27 9 34 42 94 64 38 32 55 7 95 52 45 69 89 76 1 62 71 43 28 10 33 79 68 21 29 2 74 12 84 6 36 50 61 11 99 86 57 98 39 97 60 91 96 5 90 70 81 41 88 67 3 54 31 15 30 44 85 26 56 92 22 13 49 23 20 65 35 53 47 0 
bonus: 80 66 59 14 37 24 16 46 83 58 78 87 25 27 9 34 42 94 64 38 32 55 7 95 52 45 69 89 76 1 62 33 79 68 21 29 2 12 36 50 61 11 99 86 57 98 39 97 60 49 23 20 65 35 53 47 
passengers: 57 58 162 89 12 83 29 203 42 40 152 169 16 61 186 

3671.5	12645	30138
tour: 0 80 63 93 19 8 51 40 17 4 48 82 72 73 75 38 32 86 54 31 15 30 44 85 26 56 92 22 13 49 23 20 59 14 37 24 16 46 77 45 69 89 76 1 62 71 43 28 90 70 81 41 88 67 3 57 98 39 97 60 91 96 5 68 21 29 2 74 12 84 6 36 50 61 11 99 55 7 83 58 9 34 42 94 64 52 95 10 18 78 87 25 27 66 33 79 65 35 53 47 0 
bonus: 80 63 93 19 8 51 40 17 4 48 82 72 73 75 38 32 86 54 31 15 30 44 85 26 56 92 22 13 49 23 20 59 14 37 24 16 46 77 45 27 66 33 79 65 35 53 47 
passengers: 188 192 190 172 76 132 181 98 178 125 126 18 30 109 

3671.33	13514	45091
tour: 0 80 55 7 83 63 93 19 8 51 40 17 4 48 82 72 73 18 78 87 25 27 66 59 14 37 24 16 34 42 94 64 52 95 10 33 79 45 69 89 76 1 62 71 43 28 90 70 81 41 88 67 3 54 31 15 30 44 85 26 56 92 84 6 36 50 61 11 99 86 57 98 39 97 60 91 96 5 68 21 29 2 74 12 46 77 75 38 32 58 9 22 13 49 23 20 65 35 53 47 0 
bonus: 80 55 7 83 63 93 19 8 51 40 17 4 48 82 72 73 18 78 87 25 27 66 59 14 37 24 16 34 42 94 64 52 95 10 33 79 45 69 89 76 1 62 71 43 28 90 70 81 41 88 67 3 54 31 15 30 44 85 26 56 92 84 6 36 50 49 23 20 65 35 53 47 
passengers: 23 193 190 172 78 103 194 37 36 179 130 118 181 205 53 32 

4096.5	12220	22145
tour: 0 80 55 4 48 82 72 73 18 78 87 25 27 66 59 14 37 58 77 75 63 93 19 8 51 40 17 10 33 79 68 21 29 2 74 12 84 6 36 50 61 11 99 86 57 98 39 97 60 91 96 5 9 34 42 94 64 38 32 24 16 46 83 26 56 92 22 13 49 7 95 52 45 69 89 76 1 62 71 43 28 90 70 81 41 88 67 3 54 31 15 30 44 85 23 20 65 35 53 47 0 
bonus: 80 55 4 48 82 72 73 18 78 5 9 34 42 94 64 38 32 24 16 46 83 26 56 92 22 13 49 44 85 23 20 65 35 53 47 
passengers: 84 79 80 9 208 205 16 29 132 66 55 61 

3679.58	12870	35179
tour: 0 80 55 7 66 59 14 37 58 77 75 38 32 24 16 46 83 63 93 19 8 51 40 17 4 48 82 72 73 18 78 87 25 27 9 34 42 94 64 52 95 10 33 79 45 69 89 76 1 62 71 43 28 90 70 81 41 88 67 3 57 98 39 97 60 91 96 5 68 21 29 2 74 12 84 6 36 50 61 11 99 86 54 31 15 30 44 85 26 56 92 22 13 49 23 20 65 35 53 47 0 
bonus: 80 55 7 66 59 14 37 58 77 75 38 32 24 16 46 83 63 19 79 45 69 89 76 1 62 71 43 28 90 70 81 41 88 67 3 57 98 39 97 60 91 96 5 56 92 22 49 23 20 65 35 53 47 
passengers: 23 58 162 69 89 12 30 42 136 179 207 94 53 61 186 

3583.08	11981	16597
tour: 0 80 55 7 83 63 93 19 8 51 40 17 4 48 82 72 73 18 78 87 25 27 66 59 14 37 24 16 46 77 75 38 32 58 9 34 42 94 64 52 95 10 33 79 45 69 89 76 1 62 71 43 28 90 70 81 41 88 67 3 57 98 39 97 60 91 96 5 68 21 29 2 74 12 84 6 36 50 61 11 99 86 54 31 15 30 44 85 26 56 92 22 13 49 23 20 65 35 53 47 0 
bonus: 80 55 7 83 63 93 19 8 51 40 17 4 48 82 72 73 56 92 22 49 23 20 65 35 53 47 
passengers: 23 193 190 172 78 103 202 42 179 207 14 53 52 216 186 

3607.5	13124	35744
tour: 0 80 66 59 14 37 24 16 46 83 58 77 75 63 93 19 8 51 40 17 4 48 82 72 73 18 78 87 25 27 54 31 15 30 44 85 26 56 92 55 7 95 10 33 79 68 21 29 2 74 12 84 6 36 50 61 11 34 42 94 64 38 32 52 45 69 89 76 1 62 71 43 28 90 70 81 41 88 67 3 99 86 57 98 39 97 60 91 96 5 9 22 13 49 23 20 65 35 53 47 0 
bonus: 80 66 59 14 37 24 16 46 83 58 78 87 25 27 54 31 15 30 44 85 26 56 92 55 7 95 10 33 79 68 21 29 2 74 12 84 6 36 50 61 11 34 42 94 64 38 32 52 45 9 22 13 49 23 20 65 35 53 47 
passengers: 57 58 162 88 12 84 203 39 52 154 46 202 199 176 216 32 

3994.17	12640	28429
tour: 0 80 66 59 14 37 58 3 19 8 51 40 17 4 48 82 72 73 75 38 32 24 16 34 42 94 64 52 95 10 18 78 87 25 27 54 31 15 30 44 85 26 56 92 55 7 83 63 93 98 39 97 60 91 96 5 9 22 13 49 23 20 65 46 77 45 69 89 76 1 62 71 43 28 90 70 81 41 88 67 12 84 6 36 50 61 11 99 86 57 33 79 68 21 29 2 74 35 53 47 0 
bonus: 80 66 59 14 37 58 3 19 8 51 17 83 63 93 98 39 97 60 91 96 5 9 22 13 49 23 20 65 76 99 86 57 33 79 68 21 29 2 74 35 53 47 
passengers: 58 162 161 11 88 24 12 42 115 20 191 169 91 52 45 214 136 

4637.17	14289	57445
tour: 0 80 55 7 66 59 14 37 24 16 46 83 63 93 58 77 45 69 89 76 1 62 71 43 28 90 70 81 41 88 67 3 19 8 51 40 17 4 48 82 72 73 75 38 32 52 95 10 33 79 68 21 29 2 74 12 84 6 36 50 61 11 99 86 57 98 39 97 60 91 96 5 9 34 42 94 64 18 78 87 25 27 54 31 15 30 44 85 26 56 92 22 13 49 23 20 65 35 53 47 0 
bonus: 80 55 7 66 59 14 37 24 16 46 83 63 93 58 77 45 69 89 76 1 62 71 43 28 90 70 81 41 88 67 3 19 8 51 40 17 4 48 82 72 73 75 38 32 52 2 74 12 84 6 36 50 61 11 99 86 57 98 39 97 60 91 96 5 9 34 42 64 18 78 87 25 27 54 31 15 30 44 85 26 56 92 22 13 49 23 20 65 35 53 47 
passengers: 6 23 58 103 8 124 27 13 12 39 125 18 51 32 109 130 

3549.67	12735	28334
tour: 0 80 55 7 66 59 14 37 24 16 46 83 63 93 19 8 51 40 17 4 48 82 78 72 73 75 38 32 52 95 10 33 79 68 21 29 2 74 12 84 6 36 50 61 11 87 58 77 45 69 89 76 1 62 71 43 28 90 70 81 41 88 67 3 99 86 57 98 39 97 60 91 96 5 9 34 42 94 64 18 25 27 54 31 15 30 44 85 26 56 92 22 13 49 23 20 65 35 53 47 0 
bonus: 80 55 7 66 59 14 37 24 16 46 83 63 93 19 8 51 40 17 4 48 82 78 72 75 2 74 12 84 6 36 87 5 9 34 42 94 64 18 25 20 65 35 53 47 
passengers: 23 58 59 104 27 125 52 155 151 46 179 216 205 32 186 

3969.67	12484	24410
tour: 0 80 55 4 48 82 78 87 58 9 22 13 49 23 20 65 35 53 88 67 3 19 8 51 40 17 72 73 75 38 32 24 16 34 42 94 64 52 95 10 18 25 27 54 31 15 30 44 85 26 56 92 84 6 36 50 61 11 99 86 57 33 79 68 21 29 2 74 12 46 83 63 93 98 39 97 60 91 96 5 90 70 81 41 77 45 69 89 76 1 62 71 43 28 7 66 59 14 37 47 0 
bonus: 80 55 4 48 82 78 87 58 9 22 13 49 23 20 65 35 53 88 19 46 83 63 93 98 39 97 60 91 96 5 90 70 81 41 77 76 37 47 
passengers: 29 34 32 144 167 132 66 129 115 45 9 191 189 170 15 

3637.75	13707	42456
tour: 0 77 75 38 32 79 68 21 17 72 73 18 25 27 54 31 15 30 44 85 26 56 70 81 41 88 67 12 84 6 36 50 61 60 91 96 5 9 22 13 49 23 20 65 46 28 90 7 83 63 93 19 8 51 40 92 55 4 80 66 59 14 37 24 16 34 42 94 64 52 95 10 33 48 82 78 87 58 3 45 69 89 76 1 62 71 43 11 99 86 57 98 39 97 29 2 74 35 53 47 0 
bonus: 77 75 38 32 79 68 21 17 72 73 18 25 27 54 31 15 30 44 85 26 56 70 81 41 88 67 12 84 6 36 50 61 60 91 96 5 9 22 13 49 23 20 65 46 28 90 7 83 63 93 19 8 51 92 16 34 42 94 64 52 95 10 33 48 2 74 35 53 47 
passengers: 168 133 134 75 87 176 53 19 54 100 185 161 104 194 42 45 

3510.17	12710	22722
tour: 0 80 55 4 28 90 23 20 65 68 21 17 72 73 75 38 32 79 88 67 12 46 83 63 93 52 95 10 33 48 82 78 87 58 3 19 8 51 40 92 84 6 36 50 61 60 91 96 5 9 22 13 49 7 66 59 14 37 24 16 34 42 94 64 18 25 27 54 31 15 30 44 85 26 56 70 81 41 77 45 69 89 76 1 62 71 43 11 99 86 57 98 39 97 29 2 74 35 53 47 0 
bonus: 80 55 4 28 90 23 20 65 68 21 17 72 73 75 38 32 79 64 18 25 27 54 31 15 30 44 85 26 56 70 81 41 76 53 47 
passengers: 12 90 76 39 40 185 205 33 158 139 199 109 45 

4186.83	14569	55022
tour: 0 80 55 4 28 90 23 20 65 35 53 88 67 48 82 78 87 58 3 19 8 51 40 92 84 6 36 50 61 97 29 2 74 12 46 83 63 93 52 95 10 33 79 68 21 17 72 73 75 38 32 24 16 34 42 94 64 18 25 27 54 31 15 30 44 85 26 56 70 81 41 77 45 69 89 76 1 62 71 43 11 99 86 57 98 39 60 91 96 5 9 22 13 49 7 66 59 14 37 47 0 
bonus: 80 55 4 28 90 23 20 65 35 53 88 67 48 82 78 87 58 3 19 8 51 40 92 84 6 36 50 61 97 29 2 74 12 46 83 63 93 52 95 10 33 79 21 64 18 25 27 54 31 15 30 44 85 26 56 70 81 41 77 45 69 89 76 1 62 71 43 11 99 86 57 98 39 60 91 96 5 9 22 13 49 7 66 59 14 37 47 
passengers: 147 11 27 172 154 193 75 199 197 49 51 215 33 54 

3838.33	14389	46007
tour: 0 80 55 4 28 90 23 65 35 53 88 67 12 84 6 36 81 41 20 59 14 37 24 5 9 34 42 94 64 18 25 27 66 33 79 16 46 77 54 31 15 30 44 85 26 56 70 87 58 3 19 8 51 40 92 2 74 68 21 17 22 13 49 7 83 63 93 52 95 10 45 69 72 73 75 38 32 50 61 97 29 48 82 78 89 76 1 62 71 43 11 99 86 57 98 39 60 91 96 47 0 
bonus: 80 55 4 28 90 23 65 35 53 88 67 12 84 6 36 81 41 20 59 14 37 24 5 9 34 42 94 64 18 27 19 8 51 40 92 2 74 68 21 17 22 13 49 7 83 63 93 52 95 10 45 69 72 73 75 38 32 50 61 97 29 48 82 78 89 76 1 62 71 39 60 91 96 47 
passengers: 100 147 148 154 161 105 200 115 10 92 188 189 42 167 

4108.17	16234	62087
tour: 0 80 55 4 28 90 70 87 11 34 42 94 64 18 25 27 66 59 14 20 88 67 12 84 6 36 50 98 39 60 54 1 62 71 89 76 30 44 85 47 91 96 56 16 46 77 5 9 22 13 49 7 48 82 78 43 31 15 63 93 52 95 10 45 69 61 97 29 2 74 37 24 17 72 73 81 41 23 65 35 53 83 58 3 99 86 57 33 79 68 75 38 32 19 8 51 40 92 26 21 0 
bonus: 80 55 4 28 90 70 87 11 34 42 94 64 18 25 27 66 59 14 20 88 67 12 84 6 36 50 98 39 60 54 1 62 71 89 76 30 44 85 47 91 96 56 16 46 77 5 9 22 13 49 7 48 82 78 43 31 15 63 93 52 95 10 45 69 61 97 29 2 74 37 24 17 72 73 81 41 23 65 35 53 83 58 3 99 86 57 33 79 68 75 38 32 19 8 51 40 92 26 21 
passengers: 1 13 48 44 196 17 210 127 67 16 33 61 191 161 179 102 11 24 

4469.33	16129	56564
tour: 0 42 94 64 18 25 27 66 59 14 20 88 67 48 82 78 43 31 15 63 81 23 65 35 53 83 9 34 22 13 49 7 37 24 5 41 17 72 73 4 80 55 16 46 77 54 1 62 28 90 58 3 99 86 57 33 79 68 75 38 32 19 8 51 40 92 26 21 71 89 76 30 44 85 47 91 96 56 70 87 11 93 52 95 10 45 69 61 97 29 2 74 12 84 6 36 50 98 39 60 0 
bonus: 42 94 64 18 25 27 66 59 14 20 88 67 48 82 78 43 31 15 63 81 23 65 35 53 83 9 34 22 13 49 7 37 24 5 41 17 72 73 4 80 55 16 46 77 54 1 62 28 90 58 3 99 86 57 33 92 26 21 71 89 76 30 44 85 47 91 96 56 70 87 11 93 52 95 10 45 69 61 97 29 2 74 12 84 6 36 50 98 39 60 
passengers: 1 109 108 60 148 142 95 162 74 68 11 24 28 175 115 128 206 187 42 41 207 157 

3196.17	18117	37960
tour: 0 42 19 97 70 87 11 93 82 35 7 48 65 57 33 56 90 28 49 18 25 27 66 23 24 29 2 98 51 40 63 55 36 50 89 76 88 79 68 75 52 13 67 12 96 5 41 17 72 1 74 22 94 64 30 44 85 47 8 10 45 91 31 15 86 39 60 54 14 20 59 3 99 4 80 38 32 62 71 58 61 37 78 43 83 9 46 77 73 81 95 16 34 53 6 84 69 92 26 21 0 
bonus: 42 19 97 70 87 11 93 82 35 7 48 65 57 33 56 90 28 49 18 25 27 66 23 24 29 2 98 51 40 63 55 36 50 76 72 1 74 22 94 64 30 44 85 47 8 10 45 91 31 15 86 39 60 54 14 20 59 3 99 4 
passengers: 88 49 45 22 23 100 104 9 211 172 16 73 197 170 171 214 132 140 

