Fo(cost)	Fo(time)	Fo(bonus)

3160.97	12631	42262
tour: 0 61 47 3 65 15 36 25 89 68 35 51 8 19 57 9 67 81 70 96 69 41 86 38 71 93 72 90 18 17 28 55 13 99 88 52 37 42 56 78 48 82 24 60 39 32 83 40 10 30 6 84 50 22 29 11 2 20 14 16 64 23 77 75 63 26 45 21 62 34 12 73 31 54 94 27 7 76 46 92 74 59 44 4 49 91 58 80 98 95 66 97 43 79 53 85 5 1 33 87 0 
bonus: 61 47 3 65 15 36 25 89 68 35 51 8 19 57 9 67 81 70 96 69 41 86 38 20 14 16 64 23 77 75 63 26 45 21 62 34 12 73 31 54 94 27 7 76 46 92 74 59 44 4 49 91 58 80 98 95 66 97 43 79 53 85 5 1 33 87 
passengers: 164 165 166 167 100 138 39 177 239 55 122 135 105 22 6 7 113 90 83 132 232 151 203 204 220 219 

3886.73	11738	24704
tour: 0 50 22 29 11 13 99 88 52 37 42 56 78 48 82 24 60 39 32 83 40 10 30 6 84 14 16 64 23 77 75 63 26 45 21 62 34 12 73 31 54 94 27 7 76 46 92 74 59 44 4 61 47 3 66 97 43 79 53 85 5 1 65 15 36 25 89 68 35 51 8 19 57 9 67 81 70 96 69 41 86 38 71 93 49 91 58 80 98 95 72 90 18 17 28 55 2 20 33 87 0 
bonus: 50 22 29 11 13 99 88 52 37 42 56 78 48 82 24 60 39 32 83 40 10 30 6 14 86 38 71 93 49 91 58 80 98 95 72 28 55 2 20 33 87 
passengers: 122 125 134 135 136 22 116 51 90 83 132 236 144 13 9 164 100 67 138 34 111 55 

3372.58	12325	35886
tour: 0 49 91 58 80 98 95 66 36 44 4 61 47 3 65 15 25 89 68 35 51 8 19 57 9 67 81 70 96 69 41 86 38 71 93 72 90 18 17 28 55 13 99 88 52 37 42 56 78 48 82 24 60 39 32 83 40 10 30 6 84 50 22 29 11 2 20 14 16 64 23 77 75 63 26 45 21 62 34 12 73 31 54 94 27 7 76 46 92 74 59 97 43 79 53 85 5 1 33 87 0 
bonus: 49 91 58 80 98 95 66 36 44 4 61 47 3 28 55 13 99 88 52 37 42 56 78 48 82 24 60 39 32 83 40 10 84 50 22 29 11 2 14 94 27 7 76 46 92 74 59 97 43 79 53 85 5 1 33 87 
passengers: 118 202 100 97 99 170 177 111 179 183 186 55 135 71 22 23 6 196 90 83 26 193 232 151 146 220 219 

3263.32	12540	40609
tour: 0 49 91 58 80 98 95 66 36 25 89 68 35 51 8 19 57 9 67 81 70 96 69 41 86 38 71 93 72 90 18 17 28 55 13 56 78 48 82 24 60 39 32 83 40 10 30 6 84 50 22 29 11 2 20 14 16 64 23 77 75 63 26 45 21 62 34 12 73 31 54 94 27 7 44 4 61 47 3 65 15 99 88 52 37 42 76 46 92 74 59 97 43 79 53 85 5 1 33 87 0 
bonus: 49 91 58 80 98 95 66 36 25 89 68 35 51 8 19 57 9 67 81 70 96 69 41 86 38 71 93 72 90 18 17 28 55 13 56 78 48 82 24 60 39 32 83 40 10 30 6 84 50 29 61 47 3 65 97 43 79 53 85 5 1 33 87 
passengers: 118 202 100 97 99 170 177 111 179 183 186 55 135 136 22 23 6 196 90 83 132 27 160 162 247 232 151 220 219 

3789.63	12142	33364
tour: 0 61 47 3 66 36 25 89 68 35 51 8 19 57 9 67 81 70 96 69 41 86 38 71 31 54 94 27 7 44 4 18 17 28 55 13 56 78 79 53 85 5 1 65 15 99 88 52 37 42 76 46 92 43 93 49 91 58 80 98 95 72 90 74 59 97 48 82 24 60 39 32 83 40 10 30 6 84 14 16 64 23 77 75 63 26 45 21 62 34 12 73 50 22 29 11 2 20 33 87 0 
bonus: 61 47 3 66 36 25 89 68 35 51 8 19 57 9 67 46 92 43 93 49 91 58 80 98 95 72 90 74 59 97 48 82 24 60 39 32 83 40 10 30 6 84 14 75 50 22 29 11 2 20 33 87 
passengers: 100 99 170 172 171 68 111 229 179 27 10 59 133 201 220 17 193 230 231 150 69 22 24 191 190 115 

3140.88	12001	30673
tour: 0 61 47 3 65 15 25 89 68 35 51 8 19 57 9 56 78 48 82 67 81 70 96 69 41 86 38 71 93 72 90 18 17 28 91 58 80 98 95 66 36 55 2 20 14 16 64 23 77 75 63 26 45 21 62 34 12 73 31 54 94 27 7 44 4 49 24 60 39 32 83 40 10 30 6 84 50 22 29 11 13 99 88 52 37 42 76 46 92 74 59 97 43 79 53 85 5 1 33 87 0 
bonus: 61 47 3 65 15 25 89 68 35 51 8 19 57 9 56 78 48 82 67 81 70 96 69 41 86 38 71 93 72 90 18 17 28 91 58 80 98 95 66 36 55 64 75 63 26 45 21 33 87 
passengers: 164 165 166 167 170 138 34 240 244 111 225 98 6 199 191 190 116 117 155 82 33 104 105 48 101 151 146 220 219 

3398.33	11622	24263
tour: 0 61 47 3 65 15 36 25 89 68 35 51 8 19 57 9 67 81 70 96 69 41 86 38 71 93 49 66 97 91 58 80 98 95 72 90 74 59 44 4 18 17 28 55 13 99 88 52 37 42 56 78 48 82 24 60 39 32 83 40 10 30 6 84 50 22 29 11 2 20 14 16 64 23 77 75 63 26 45 21 62 34 12 73 31 54 94 27 7 76 46 92 43 79 53 85 5 1 33 87 0 
bonus: 61 47 3 65 15 36 25 89 68 35 51 8 10 30 6 84 50 22 29 11 2 14 94 27 7 76 46 92 43 79 53 85 5 1 33 87 
passengers: 164 165 166 167 100 142 38 242 111 179 150 55 57 135 71 22 23 24 6 188 90 83 26 193 232 220 219 

3918.82	12205	33375
tour: 0 61 47 3 65 15 36 25 89 68 35 69 41 86 38 71 31 54 94 27 7 76 46 92 74 59 44 4 49 91 58 80 98 95 66 97 43 79 53 85 5 1 51 8 19 57 9 67 81 70 96 26 45 21 62 34 12 73 75 63 93 72 90 18 17 28 55 13 99 88 52 37 42 56 78 48 82 24 60 39 32 83 40 10 30 6 84 14 16 64 23 77 50 22 29 11 2 20 33 87 0 
bonus: 61 47 3 65 15 36 25 89 68 35 69 41 86 38 9 67 81 70 96 26 45 21 62 34 12 73 75 63 93 72 90 18 17 28 55 13 10 30 6 84 14 16 64 23 77 50 22 29 11 2 20 33 87 
passengers: 163 99 170 171 173 110 229 27 193 230 13 220 16 39 40 38 239 187 192 55 57 135 24 

3193.63	11761	25290
tour: 0 66 36 44 4 61 47 3 65 15 25 89 68 35 51 8 19 57 9 67 81 70 96 69 41 86 38 71 93 49 91 58 80 98 95 72 90 18 17 28 55 13 99 88 52 37 42 56 78 48 82 24 60 39 32 83 40 10 30 6 84 50 22 29 11 2 20 14 16 64 23 77 75 63 26 45 21 62 34 12 73 31 54 94 27 7 76 46 92 74 59 97 43 79 53 85 5 1 33 87 0 
bonus: 66 36 44 4 61 78 48 82 24 60 39 32 83 40 10 84 50 22 29 11 2 14 94 27 7 76 46 92 74 59 97 43 79 53 85 5 1 33 87 
passengers: 100 99 13 9 10 67 39 179 183 55 122 135 71 22 23 6 116 90 83 26 193 232 151 146 220 219 

3100.35	11583	23004
tour: 0 49 91 58 80 98 95 66 97 43 79 53 85 5 1 33 87 11 2 20 14 16 64 23 77 75 63 26 45 21 62 34 12 73 31 54 94 27 7 76 46 92 74 59 44 4 61 47 3 65 15 36 25 89 68 35 51 8 19 57 9 67 81 70 96 69 41 86 38 71 93 72 90 18 17 78 48 82 24 60 39 32 83 40 10 30 6 84 50 22 29 28 55 13 99 88 52 37 42 56 0 
bonus: 49 91 58 80 98 95 66 97 43 79 53 85 5 1 33 87 71 93 72 90 18 17 78 48 82 24 60 39 32 83 40 10 30 6 42 56 
passengers: 120 119 203 204 206 220 218 20 3 53 196 198 96 127 144 164 100 137 38 111 183 57 54 72 70 

3465.12	12983	45604
tour: 0 50 22 29 11 2 20 89 68 35 51 8 19 57 9 67 81 70 96 69 41 86 38 71 93 72 90 18 17 28 55 13 99 88 52 37 42 56 78 48 82 24 60 39 32 83 40 10 30 6 84 14 16 64 23 77 75 63 26 45 49 91 58 80 98 95 66 97 43 79 21 62 34 12 73 31 54 94 27 7 76 46 92 74 59 44 4 61 47 3 65 15 36 25 53 85 5 1 33 87 0 
bonus: 50 22 29 11 2 20 89 68 35 51 8 19 57 9 67 81 70 96 69 41 86 38 71 93 72 90 18 17 28 55 13 99 88 52 37 42 56 78 48 82 24 60 39 32 83 40 10 84 14 16 64 23 77 75 63 26 45 49 91 58 80 98 95 66 97 43 79 25 53 85 5 1 33 87 
passengers: 45 47 170 172 168 63 66 111 179 183 186 57 135 71 69 22 24 196 198 113 208 51 132 144 160 162 220 219 

3163.45	10542	3038
tour: 0 61 47 3 11 2 20 14 16 64 23 77 75 63 26 34 12 73 9 67 81 70 96 69 41 86 38 71 93 72 90 18 17 68 35 51 8 19 57 82 24 60 39 32 83 40 10 30 6 84 50 22 29 28 55 13 99 88 52 37 42 56 78 48 62 65 15 36 25 89 45 21 31 54 94 27 7 76 46 92 74 59 44 4 49 91 58 80 98 95 66 97 43 79 53 85 5 1 33 87 0 
bonus: 61 47 3 33 87 
passengers: 45 47 6 53 192 52 173 183 57 68 141 72 23 122 101 159 113 116 132 27 151 203 204 206 220 219 

3163.6	11034	11676
tour: 0 61 47 3 65 15 99 88 52 37 42 76 46 92 74 59 97 43 79 53 85 5 1 33 87 11 2 20 14 16 64 23 77 75 63 26 45 21 62 34 12 73 31 54 94 27 7 44 4 49 91 58 80 98 95 66 36 25 89 68 35 51 8 19 57 9 67 81 70 96 69 41 86 38 71 93 72 90 18 17 78 48 82 24 60 39 32 83 40 10 30 6 84 50 22 29 28 55 13 56 0 
bonus: 61 47 3 65 15 99 88 52 37 42 76 46 38 71 93 72 90 18 17 48 
passengers: 159 160 163 162 247 126 220 20 3 53 198 113 112 28 202 100 137 239 111 179 183 70 

3183.6	13100	49483
tour: 0 61 47 3 65 15 36 25 89 68 35 51 8 19 57 9 67 81 70 96 69 41 86 38 71 93 72 90 18 17 28 55 13 99 88 52 37 42 56 78 48 82 24 60 39 32 83 40 10 30 6 84 50 22 46 92 74 59 44 4 29 11 2 20 14 16 64 23 21 62 34 12 73 31 54 94 27 7 76 77 75 63 26 45 49 91 58 80 98 95 66 97 43 79 53 85 5 1 33 87 0 
bonus: 61 47 3 65 15 36 25 89 68 35 51 8 19 57 9 67 81 70 96 69 41 86 38 71 93 72 90 18 17 28 55 13 99 88 52 37 42 56 78 48 82 24 60 39 32 83 40 10 30 6 84 50 22 46 92 74 59 44 4 29 11 2 31 54 94 27 7 98 95 66 97 43 79 53 85 5 1 33 87 
passengers: 164 165 166 167 100 137 39 177 239 111 179 59 125 135 136 105 22 148 12 43 90 84 26 188 189 191 113 203 204 206 220 219 

3121.7	13173	50792
tour: 0 49 91 58 80 98 95 66 97 43 93 72 90 18 17 68 35 51 8 19 57 9 67 81 70 96 69 41 86 38 71 31 54 94 27 7 76 46 92 74 59 44 4 61 47 3 11 2 20 89 45 32 83 40 10 30 6 84 14 16 64 23 77 75 63 26 34 12 73 50 22 29 28 55 13 99 88 52 37 42 56 78 48 82 24 60 39 79 21 62 65 15 36 25 53 85 5 1 33 87 0 
bonus: 49 91 58 80 98 95 66 97 43 93 72 90 18 17 68 35 51 8 19 57 9 81 96 69 41 86 38 94 27 7 76 46 92 74 59 44 4 61 47 3 11 2 20 89 45 32 83 40 10 30 6 84 14 16 64 23 75 50 22 29 28 55 13 99 88 52 37 42 56 78 48 82 24 39 25 53 85 5 1 33 87 
passengers: 118 119 202 207 209 170 239 111 178 132 33 27 230 11 12 22 24 199 198 51 187 247 101 73 220 219 

3372.12	11769	28260
tour: 0 50 22 46 92 74 59 44 4 61 47 3 65 15 36 25 89 68 35 51 8 19 57 9 67 81 70 96 69 41 86 38 71 93 72 90 18 17 28 55 2 20 14 16 64 12 73 31 54 94 27 7 76 77 75 63 26 34 29 11 13 99 88 52 37 42 56 78 48 82 24 60 39 32 83 40 10 30 6 84 45 49 91 58 80 98 95 66 97 43 79 53 23 21 62 85 5 1 33 87 0 
bonus: 50 22 46 92 74 59 44 4 61 47 3 65 15 36 25 89 68 35 51 8 10 30 6 84 45 49 91 58 80 98 95 66 97 43 79 53 23 21 62 33 87 
passengers: 236 235 230 144 149 164 140 111 106 186 55 6 187 82 87 33 199 122 135 104 113 203 204 206 208 220 219 

3664.97	12132	32828
tour: 0 66 36 25 89 45 21 62 85 5 1 65 15 99 88 52 37 42 76 46 92 74 59 97 43 79 53 23 77 50 22 29 28 55 13 56 78 48 82 24 60 39 32 83 40 10 30 6 84 14 16 64 98 95 72 90 18 17 68 35 51 8 19 57 9 67 81 70 96 69 41 86 38 71 93 49 91 58 80 75 63 26 34 12 73 31 54 94 27 7 44 4 61 47 3 11 2 20 33 87 0 
bonus: 66 36 25 89 45 21 62 85 5 1 65 15 99 88 52 37 42 76 46 92 74 59 97 43 79 53 23 77 10 30 6 84 14 16 64 98 95 72 54 94 27 7 44 4 61 47 3 11 2 20 33 87 
passengers: 98 114 116 152 157 155 150 135 24 53 238 237 181 180 138 111 106 120 86 85 90 132 27 

3490.38	13483	54585
tour: 0 61 47 3 11 13 99 88 52 37 42 56 78 79 53 23 21 62 85 5 1 65 15 36 25 89 45 49 91 58 80 98 95 66 97 48 82 24 60 39 32 83 40 10 30 6 84 14 16 64 12 73 50 22 46 92 43 93 72 90 74 59 44 4 18 17 68 35 51 8 19 57 9 67 81 70 96 69 41 86 38 71 31 54 94 27 7 76 77 75 63 26 34 29 28 55 2 20 33 87 0 
bonus: 61 47 3 11 13 99 88 52 37 42 56 78 79 53 23 21 62 85 5 1 65 98 95 66 97 48 82 24 60 39 32 83 40 10 30 6 84 14 16 64 12 73 50 22 46 92 43 93 72 74 44 4 18 17 68 35 51 8 19 57 9 67 81 70 96 69 41 86 38 71 31 54 94 27 7 76 77 75 63 26 34 29 28 55 2 20 33 87 
passengers: 48 43 44 247 122 201 126 17 113 116 237 105 22 24 53 52 236 148 149 140 111 86 85 90 26 194 

3346.62	10900	7485
tour: 0 55 13 99 88 52 48 82 67 81 70 96 69 41 86 38 71 93 72 90 18 17 68 35 51 8 19 57 9 56 78 37 42 31 54 94 27 7 76 77 75 63 26 34 29 28 91 58 80 98 95 66 97 43 79 53 23 21 62 85 5 1 65 15 36 25 89 45 49 24 60 39 32 83 40 10 30 6 84 14 16 64 12 73 50 22 46 92 74 59 44 4 61 47 3 11 2 20 33 87 0 
bonus: 55 13 99 88 52 48 82 67 81 70 69 20 33 87 
passengers: 248 250 249 246 124 176 179 57 68 36 134 101 90 26 30 194 78 79 126 3 159 115 116 105 

3381.47	12260	32321
tour: 0 55 13 99 88 52 48 82 67 81 70 96 69 41 86 38 71 93 72 90 18 17 68 35 51 8 19 57 9 56 78 37 42 31 54 94 27 7 76 77 50 22 46 92 74 59 97 43 79 53 23 21 62 85 5 1 65 15 25 89 45 49 24 60 39 32 83 40 10 30 6 84 14 16 64 12 73 75 63 26 34 29 28 91 58 80 98 95 66 36 44 4 61 47 3 11 2 20 33 87 0 
bonus: 55 13 99 88 52 48 82 67 81 70 96 69 41 86 38 71 93 72 90 18 17 68 35 51 8 19 57 9 10 30 6 84 14 16 64 12 73 75 63 26 34 29 44 4 61 47 3 11 2 20 33 87 
passengers: 248 250 249 124 121 176 179 59 172 68 67 36 134 90 31 26 193 230 144 126 159 113 120 73 22 51 77 81 

3440.58	12367	36484
tour: 0 66 97 43 79 53 23 21 62 85 5 1 65 15 36 25 89 45 49 24 60 39 32 83 40 10 30 6 84 14 16 64 12 73 50 22 46 92 74 59 44 4 61 47 3 11 13 99 88 52 37 42 31 54 94 27 7 76 77 75 63 26 34 29 28 91 58 80 98 95 72 90 18 17 68 35 51 8 19 57 9 56 78 48 82 67 81 70 96 69 41 86 38 71 93 55 2 20 33 87 0 
bonus: 66 97 43 79 53 23 21 62 85 5 1 65 15 36 25 89 45 49 24 60 39 32 83 40 10 30 6 84 14 16 64 12 73 50 22 46 92 74 59 44 4 61 47 3 11 13 99 86 38 71 93 55 2 20 33 87 
passengers: 201 126 155 220 219 17 3 116 72 71 105 234 148 143 248 90 127 28 26 194 80 63 138 111 109 

4120.57	13203	52830
tour: 0 55 2 20 14 16 64 23 21 62 65 15 36 44 4 61 47 3 11 13 99 88 52 37 42 31 54 94 27 7 76 77 75 63 26 45 49 24 60 39 32 83 40 10 30 6 84 25 89 68 35 51 8 19 57 9 56 73 50 22 46 92 74 59 86 38 71 93 72 90 18 17 78 48 82 67 81 70 96 34 12 41 69 29 28 91 58 80 98 95 66 97 43 79 53 85 5 1 33 87 0 
bonus: 55 2 20 14 16 64 23 21 62 65 15 36 44 4 61 47 3 49 60 39 32 83 40 10 30 6 84 25 89 68 35 51 8 19 57 9 56 73 50 22 46 92 74 59 86 38 71 93 72 90 18 17 78 48 82 67 81 70 96 34 12 41 69 29 28 91 58 80 98 95 66 97 43 79 53 85 5 1 33 87 
passengers: 159 163 98 11 8 33 114 116 105 172 168 63 236 235 149 147 224 181 215 92 203 204 206 208 220 219 

3330.87	11395	19840
tour: 0 66 97 43 79 53 15 36 25 89 45 49 91 58 80 98 95 72 90 18 17 68 35 51 8 19 57 82 24 60 39 32 83 40 10 30 6 84 14 16 64 23 21 31 54 94 27 7 76 77 75 63 26 34 12 73 50 22 46 92 74 59 44 4 61 47 3 11 13 99 88 52 37 42 56 78 48 62 85 5 1 65 9 67 81 70 96 69 41 86 38 71 93 29 28 55 2 20 33 87 0 
bonus: 66 97 43 79 53 15 36 25 89 45 49 91 58 80 98 95 72 90 18 19 71 93 29 28 55 2 20 33 87 
passengers: 201 126 100 97 98 113 117 207 183 59 71 22 130 132 28 52 187 144 13 153 165 34 111 109 

3485.6	11011	10679
tour: 0 61 47 3 11 98 95 66 97 43 79 53 23 21 31 54 94 27 7 76 77 50 22 46 92 74 59 44 4 18 17 68 35 51 8 19 57 82 13 99 88 52 37 42 56 78 48 62 85 5 1 65 15 36 25 89 45 49 24 60 39 32 83 40 10 30 6 84 14 16 64 12 73 9 67 81 70 96 69 41 86 38 71 93 72 90 91 58 80 75 63 26 34 29 28 55 2 20 33 87 0 
bonus: 61 47 3 11 98 95 66 97 53 27 29 28 55 2 20 33 87 
passengers: 48 47 46 49 44 90 83 88 132 27 233 11 8 67 101 135 3 120 22 24 52 34 216 215 

3339.67	11709	23414
tour: 0 66 97 91 58 80 75 63 26 34 12 73 50 22 46 92 43 79 53 23 21 62 85 5 1 65 15 36 25 89 45 49 24 60 39 32 83 40 10 30 6 84 14 16 64 98 95 72 90 74 59 44 4 18 17 68 35 51 8 19 57 9 56 78 48 82 67 81 70 96 69 41 86 38 71 93 29 28 55 13 99 88 52 37 42 31 54 94 27 7 76 77 61 47 3 11 2 20 33 87 0 
bonus: 66 97 91 58 80 75 63 26 34 12 73 50 22 46 92 43 79 53 23 21 62 85 5 1 65 15 49 24 60 39 32 83 40 20 33 87 
passengers: 203 204 206 205 208 126 220 219 17 18 3 114 116 105 53 148 149 140 138 134 81 86 26 

3394.77	12249	35207
tour: 0 66 97 43 79 53 23 21 62 85 5 1 65 15 36 25 89 45 49 24 60 39 32 83 40 10 30 6 84 14 16 64 98 95 72 90 91 58 80 75 63 26 34 12 73 50 22 46 92 74 59 44 4 18 17 68 35 51 8 19 57 9 56 78 48 82 67 81 70 96 69 41 86 38 71 93 29 28 55 13 99 88 52 37 42 31 54 94 27 7 76 77 61 47 3 11 2 20 33 87 0 
bonus: 66 97 43 79 53 23 21 62 85 5 1 65 15 36 25 89 45 49 24 60 39 32 83 40 10 30 6 84 14 16 64 98 95 72 90 91 58 80 75 63 26 34 12 73 50 22 46 92 74 59 20 33 87 
passengers: 201 126 155 220 219 17 3 113 105 22 24 53 237 192 52 187 148 55 140 134 81 86 26 

3313.23	11989	26803
tour: 0 55 69 41 86 38 71 93 72 90 18 17 68 35 51 8 19 57 9 67 81 70 96 34 29 28 91 58 80 98 95 66 97 43 79 53 23 21 62 85 5 1 65 15 36 25 89 56 78 48 82 13 99 88 52 37 42 31 54 94 27 7 76 77 75 63 26 45 49 24 60 39 32 83 40 10 30 6 84 14 16 64 12 73 50 22 46 92 74 59 44 4 61 47 3 11 2 20 33 87 0 
bonus: 55 69 41 86 38 71 93 72 90 18 17 68 35 51 8 19 57 9 67 81 70 96 34 29 28 88 52 37 42 31 54 94 27 7 60 39 32 83 40 10 30 6 20 33 87 
passengers: 173 110 111 108 224 226 141 36 215 212 92 93 201 152 159 134 122 125 82 115 116 105 22 

3600.37	11883	29576
tour: 0 66 97 91 58 80 98 95 72 90 74 59 44 4 18 17 68 35 51 8 19 57 9 56 78 48 82 67 81 70 96 69 41 86 38 71 93 61 47 3 11 13 99 88 52 37 42 31 54 94 27 7 76 77 50 22 46 92 43 79 53 23 21 62 85 5 1 65 15 36 25 89 45 49 24 60 39 32 83 40 10 30 6 84 14 16 64 12 73 75 63 26 34 29 28 55 2 20 33 87 0 
bonus: 66 97 91 58 80 98 95 72 90 74 59 77 50 22 46 92 43 79 53 23 21 62 85 5 1 65 10 30 6 84 14 16 64 63 26 34 29 28 55 20 33 87 
passengers: 202 207 181 180 184 140 240 111 106 178 31 26 193 198 200 230 231 159 98 115 120 22 

2942.12	11824	25622
tour: 0 55 2 20 33 30 6 84 14 10 16 64 12 73 75 63 26 34 29 28 91 58 80 98 95 66 97 43 79 53 23 21 62 85 5 1 65 15 36 25 89 45 49 24 60 39 32 83 40 72 90 18 17 68 35 51 8 19 57 9 56 78 48 82 67 81 70 96 69 41 86 38 71 93 4 61 47 3 11 13 99 88 52 37 42 31 54 94 27 7 76 77 50 22 46 92 74 59 44 87 0 
bonus: 55 2 20 33 30 6 84 14 10 16 64 12 73 75 63 26 34 29 28 91 58 80 98 95 66 97 43 25 89 45 49 24 60 39 32 83 40 44 87 
passengers: 6 7 22 24 51 188 189 191 201 126 2 164 100 114 112 72 59 140 134 178 90 83 26 193 196 

3447.13	11461	20017
tour: 0 55 2 20 33 30 6 84 14 10 16 64 12 73 50 22 46 92 74 59 97 43 79 53 23 21 62 85 5 1 65 15 25 89 45 49 24 60 39 32 83 40 72 90 18 17 68 35 51 8 19 57 9 56 78 48 82 67 81 70 96 69 41 86 38 71 93 4 61 47 3 11 13 99 88 52 37 42 31 54 94 27 7 76 77 75 63 26 34 29 28 91 58 80 98 95 66 36 44 87 0 
bonus: 55 2 20 33 30 6 84 14 10 16 64 12 73 77 75 63 26 34 29 28 91 58 80 98 95 66 36 44 87 
passengers: 6 22 24 25 233 232 144 145 220 17 164 72 71 181 140 134 111 43 245 90 26 194 198 

3348.35	11989	28332
tour: 0 55 2 20 25 89 68 35 51 8 19 57 9 67 81 70 96 34 12 41 69 29 28 91 58 80 75 63 26 45 49 24 60 39 32 83 40 72 90 18 17 78 48 82 13 99 88 52 37 42 56 73 31 54 94 27 7 76 77 50 22 46 92 74 59 86 38 71 93 4 61 47 3 11 98 95 66 97 43 79 53 85 5 1 33 30 6 84 14 10 16 64 23 21 62 65 15 36 44 87 0 
bonus: 55 2 20 25 89 68 35 51 8 19 57 9 67 81 70 96 34 12 41 69 29 28 91 58 80 75 63 1 33 30 6 84 14 10 16 64 23 21 62 65 15 36 44 87 
passengers: 6 170 172 67 63 66 78 79 119 72 61 250 134 90 132 131 232 48 44 220 219 3 2 4 5 24 

3126.77	11786	25081
tour: 0 55 13 99 88 52 37 42 31 54 94 27 7 76 77 75 63 26 51 8 19 57 9 56 78 48 82 67 81 70 96 34 29 28 91 58 80 98 95 66 97 43 79 53 23 21 62 85 5 1 65 15 36 25 89 45 49 24 60 39 32 83 40 72 90 18 17 68 35 69 41 86 38 71 93 4 61 47 3 11 2 20 33 30 6 84 14 10 16 64 12 73 50 22 46 92 74 59 44 87 0 
bonus: 55 13 99 88 52 42 72 90 18 17 68 35 69 41 86 38 71 93 4 61 20 33 30 6 84 14 10 16 64 12 73 50 22 46 92 74 59 44 87 
passengers: 248 246 124 101 89 63 215 175 239 92 79 201 220 19 2 159 115 118 105 181 170 111 107 178 12 6 22 

2898.78	12493	37165
tour: 0 66 36 25 89 45 49 91 58 80 98 95 72 90 18 17 68 35 51 8 19 57 9 67 81 70 96 69 41 86 38 71 93 4 61 47 3 11 2 20 33 30 6 84 14 76 77 75 63 26 34 29 28 55 13 56 78 48 82 24 60 39 32 83 40 10 16 64 12 73 50 22 46 92 74 59 97 43 79 53 23 21 62 85 5 1 65 15 99 88 52 37 42 31 54 94 27 7 44 87 0 
bonus: 66 36 25 89 45 49 91 58 80 98 95 72 90 18 17 68 35 51 8 19 57 9 67 81 70 96 69 41 86 38 71 93 4 61 47 3 11 2 30 73 50 97 43 79 53 23 21 62 85 5 1 65 15 94 27 7 44 87 
passengers: 100 97 98 99 113 112 202 181 55 240 111 179 11 8 22 196 72 71 104 234 148 2 163 90 

3304.62	11475	19384
tour: 0 66 97 91 58 80 75 63 26 34 12 73 50 22 46 92 43 79 53 15 36 25 89 45 49 24 60 39 32 83 40 10 16 64 23 21 31 54 94 27 7 44 4 18 17 68 35 51 8 19 57 82 13 99 88 52 37 42 56 78 48 62 85 5 1 65 9 67 81 70 96 69 41 30 6 84 14 76 77 61 47 3 11 98 95 72 90 74 59 86 38 71 93 29 28 55 2 20 33 87 0 
bonus: 66 97 91 58 80 75 63 26 34 12 73 50 22 46 92 43 79 53 15 36 25 89 45 39 55 2 20 33 87 
passengers: 205 208 207 209 188 201 126 114 117 72 127 28 27 13 246 135 34 111 109 195 

2827.42	11573	18875
tour: 0 55 2 20 33 30 6 84 14 10 16 64 12 73 31 54 94 27 7 44 87 11 98 95 66 36 25 89 68 35 69 41 86 38 71 93 4 61 47 3 65 15 99 88 52 37 42 76 77 50 22 46 92 74 59 97 43 79 53 23 21 62 85 5 1 51 8 19 57 9 67 81 70 96 34 29 28 91 58 80 75 63 26 45 49 24 60 39 32 83 40 72 90 18 17 78 48 82 13 56 0 
bonus: 55 2 20 33 30 6 84 14 10 16 64 12 73 31 54 94 27 7 44 87 11 98 95 66 36 25 89 68 35 69 41 
passengers: 6 7 22 23 24 52 51 90 127 129 99 170 173 110 111 226 228 103 38 216 215 211 177 94 192 

3435.33	12908	44734
tour: 0 66 97 43 93 4 18 17 78 48 82 13 99 88 52 37 42 56 73 50 22 46 92 74 59 86 38 71 31 54 94 27 79 53 85 5 1 65 15 36 25 89 68 35 51 8 19 57 9 67 81 70 96 26 45 49 24 60 39 32 83 40 10 16 64 23 21 62 34 12 41 69 29 28 55 2 20 33 30 6 84 14 76 77 61 47 3 11 98 95 72 90 91 58 80 75 63 7 44 87 0 
bonus: 66 97 43 93 4 18 17 78 48 82 13 99 88 52 37 42 56 73 50 22 46 92 74 59 86 38 71 31 54 94 27 79 53 85 5 1 65 15 36 25 89 68 35 51 8 19 57 9 67 81 70 96 26 39 61 47 3 11 98 95 72 90 91 58 80 75 63 7 44 87 
passengers: 12 10 61 59 57 101 134 234 144 89 90 128 16 3 164 138 174 239 240 91 109 81 7 43 46 209 

3181.72	11323	15042
tour: 0 66 97 43 79 53 23 21 62 85 5 1 65 15 36 25 89 56 78 48 82 24 91 58 80 98 95 72 90 18 17 68 35 51 8 19 57 9 67 81 70 96 69 41 86 38 71 93 4 61 47 3 11 2 20 33 30 6 84 14 27 7 76 77 75 63 26 34 29 28 55 13 99 88 52 37 42 31 54 94 45 49 60 39 32 83 40 10 16 64 12 73 50 22 46 92 74 59 44 87 0 
bonus: 66 97 43 79 53 23 21 62 85 5 65 77 75 63 26 34 29 28 55 13 99 44 87 
passengers: 201 152 157 158 156 136 202 209 140 216 240 46 29 32 194 196 191 78 82 87 116 105 

3304.18	11559	20796
tour: 0 66 97 43 79 53 23 21 62 85 5 1 65 15 36 25 89 56 78 48 82 24 91 58 80 98 95 72 90 18 17 68 35 51 8 19 57 9 67 81 70 96 69 41 86 38 71 93 4 61 47 3 11 13 99 88 52 37 42 31 54 94 45 49 60 39 32 83 40 10 16 64 12 73 75 63 26 34 29 28 55 2 20 33 30 6 84 14 27 7 76 77 50 22 46 92 74 59 44 87 0 
bonus: 66 97 43 79 53 23 21 62 85 5 65 55 2 20 33 30 6 84 14 27 7 76 77 50 22 46 92 74 59 44 87 
passengers: 201 152 157 158 156 136 72 71 137 216 111 11 12 245 130 105 91 78 75 26 193 196 

3127.97	12179	32086
tour: 0 66 97 43 79 53 15 36 25 89 68 35 51 8 19 57 82 24 91 58 80 98 95 72 90 18 17 78 48 62 85 5 1 65 9 67 81 70 96 34 12 41 69 29 28 55 13 99 88 52 37 42 56 73 50 22 46 92 74 59 86 38 71 93 4 61 47 3 11 2 20 33 30 6 84 14 76 77 75 63 26 45 49 60 39 32 83 40 10 16 64 23 21 31 54 94 27 7 44 87 0 
bonus: 66 97 43 79 53 15 36 25 89 68 35 51 8 19 57 82 24 91 58 80 98 95 72 90 18 17 78 48 62 85 5 1 65 9 67 81 70 96 73 50 22 46 92 74 59 86 44 87 
passengers: 201 100 97 172 168 63 72 181 180 59 111 78 250 135 231 148 11 46 23 191 117 90 

3485.75	10840	5971
tour: 0 66 97 43 79 53 15 36 25 89 56 73 50 22 46 92 74 59 86 38 71 93 4 61 47 3 11 2 68 35 51 8 19 57 82 24 91 58 80 98 95 72 90 18 17 78 48 20 33 30 6 84 14 76 77 75 63 26 45 49 60 39 32 83 40 10 16 64 23 21 62 85 5 1 65 9 67 81 70 96 34 12 41 69 29 28 55 13 99 88 52 37 42 31 54 94 27 7 44 87 0 
bonus: 66 97 43 79 53 15 36 44 87 
passengers: 100 99 136 231 150 226 8 140 69 56 24 200 189 117 156 2 0 165 166 39 215 93 106 90 

3270.42	12386	33169
tour: 0 66 97 43 79 53 15 36 25 89 68 35 69 41 86 38 71 93 4 29 28 55 2 20 33 30 6 84 14 76 77 61 47 3 65 9 67 81 70 96 34 12 73 50 22 46 92 74 59 91 58 80 75 63 26 45 49 24 60 39 32 83 40 10 16 64 23 21 31 54 94 27 7 44 87 11 98 95 72 90 18 17 78 48 62 85 5 1 51 8 19 57 82 13 99 88 52 37 42 56 0 
bonus: 66 97 43 79 53 15 36 25 89 68 35 69 41 86 71 96 34 12 73 50 22 46 92 74 59 91 58 80 75 63 26 45 49 24 60 39 32 83 40 10 64 51 8 19 57 82 13 99 88 52 37 42 56 
passengers: 99 170 171 169 111 107 224 227 13 22 193 40 216 239 234 231 232 192 189 104 90 47 57 220 18 0 63 

2568.65	11626	22177
tour: 0 66 36 55 2 68 35 69 41 86 38 71 93 4 29 28 91 58 80 75 63 26 45 49 24 60 39 32 83 40 10 16 64 23 21 62 85 5 1 51 8 19 57 82 13 99 88 52 37 42 31 54 94 27 7 44 87 11 98 95 72 90 18 17 78 48 20 33 30 6 84 14 76 77 61 47 3 65 9 67 81 70 96 34 12 73 50 22 46 92 74 59 97 43 79 53 15 25 89 56 0 
bonus: 66 36 55 2 68 35 69 41 86 38 71 93 4 29 28 91 82 13 42 50 22 46 92 74 59 97 43 79 53 15 25 89 56 
passengers: 98 99 170 173 110 111 226 228 117 140 139 249 125 26 59 193 196 200 165 177 187 233 151 

3159.18	11478	17471
tour: 0 66 97 43 79 53 23 21 62 85 5 1 51 8 19 57 82 13 99 88 52 37 42 31 54 94 27 7 44 87 11 98 95 72 90 18 17 78 48 20 33 30 6 84 14 76 77 50 22 46 92 74 59 91 58 80 75 63 26 45 49 24 60 39 32 83 40 10 16 64 12 73 9 67 81 70 96 34 29 28 55 2 68 35 69 41 86 38 71 93 4 61 47 3 65 15 36 25 89 56 0 
bonus: 66 97 43 79 53 23 21 62 85 5 1 51 8 19 49 24 60 39 41 86 38 71 93 4 61 47 
passengers: 158 154 220 221 218 18 142 140 139 122 193 196 235 230 145 147 115 70 187 241 77 170 111 107 225 10 

2588.87	12939	44857
tour: 0 66 36 44 87 27 68 35 51 8 19 57 9 67 69 41 86 38 71 93 4 18 17 78 48 82 13 99 88 52 37 42 31 54 94 45 49 24 60 39 32 83 40 10 16 81 70 96 26 34 29 28 55 2 20 33 30 6 84 14 76 77 61 47 3 11 98 95 72 90 91 58 80 75 63 7 64 12 73 50 22 46 92 74 59 97 43 79 53 23 21 62 85 5 1 65 15 25 89 56 0 
bonus: 66 36 44 87 27 68 35 51 8 19 57 9 67 69 41 86 38 71 93 4 18 17 78 48 82 13 99 88 52 37 70 96 26 34 29 28 55 2 20 33 30 6 84 14 76 77 61 73 50 22 46 92 74 59 97 43 79 53 23 21 62 85 5 1 65 15 25 89 56 
passengers: 100 99 170 172 67 66 111 224 103 55 57 86 120 216 240 91 6 7 193 196 237 188 187 233 232 144 152 220 2 

2878.37	11189	13893
tour: 0 66 97 43 79 53 26 45 49 24 60 39 32 83 40 10 16 64 23 21 62 85 5 1 51 8 19 57 9 67 81 70 96 34 12 73 50 22 46 92 74 59 91 58 80 75 63 7 44 87 11 98 95 72 90 18 17 78 48 82 13 99 88 52 37 42 31 54 94 27 68 35 69 41 86 38 71 93 4 29 28 55 2 20 33 30 6 84 14 76 77 61 47 3 65 15 36 25 89 56 0 
bonus: 66 97 43 79 53 26 38 71 93 4 29 28 55 2 20 33 30 6 14 
passengers: 201 126 116 117 120 104 105 68 93 148 149 29 28 27 250 86 111 225 179 10 75 198 200 

3042.88	12069	29622
tour: 0 66 97 43 79 53 85 5 1 51 8 19 57 9 67 81 70 96 26 34 12 73 50 22 46 92 74 59 91 58 80 75 63 7 44 87 27 68 35 69 41 86 38 71 93 4 29 28 55 2 20 33 30 6 84 14 76 77 61 47 3 11 98 95 72 90 18 17 78 48 82 13 99 88 52 37 42 31 54 94 45 49 24 60 39 32 83 40 10 16 64 23 21 62 65 15 36 25 89 56 0 
bonus: 66 97 43 79 53 85 5 1 51 8 19 57 9 67 81 26 91 58 80 75 63 7 44 87 27 68 35 69 41 86 38 71 93 4 29 28 55 2 20 33 30 6 25 89 56 
passengers: 220 223 219 16 21 18 68 142 244 96 148 150 28 27 26 111 79 81 75 23 199 198 49 122 82 114 73 74 152 

2535.07	11878	26072
tour: 0 66 36 86 38 71 93 4 29 28 55 2 68 35 69 41 91 58 80 75 63 26 45 49 24 60 39 32 83 40 10 16 64 23 21 62 85 5 1 51 8 19 57 82 13 99 88 52 37 42 31 54 94 27 7 44 87 11 98 95 72 90 18 17 78 48 20 33 30 6 84 14 76 77 61 47 3 65 9 67 81 70 96 34 12 73 50 22 46 92 74 59 97 43 79 53 15 25 89 56 0 
bonus: 66 36 86 38 71 93 4 29 28 55 2 68 35 82 13 42 9 67 81 70 96 34 12 73 50 22 46 92 74 59 97 43 79 53 15 25 89 56 
passengers: 98 99 226 228 11 8 117 72 104 2 140 139 249 26 59 193 196 200 165 160 177 233 151 

3451.7	13555	52924
tour: 0 66 36 44 87 64 12 73 50 22 46 92 74 59 97 43 79 53 23 21 62 85 5 1 65 15 99 88 52 37 42 31 54 94 45 49 24 60 39 32 83 40 10 16 81 70 96 34 29 28 55 2 20 33 30 6 84 14 27 7 76 77 61 47 3 11 98 95 72 90 91 58 80 75 63 26 51 8 19 57 9 67 25 89 68 35 69 41 86 38 71 93 4 18 17 78 48 82 13 56 0 
bonus: 66 36 44 87 64 12 73 50 22 46 92 74 59 97 43 79 53 23 21 62 85 5 1 65 15 99 88 52 37 42 31 54 94 45 49 34 29 28 55 2 20 33 30 6 84 14 27 7 76 77 61 47 3 11 98 95 72 90 91 58 80 75 63 26 51 8 19 57 9 67 25 89 68 35 69 41 86 38 18 17 78 48 82 13 56 
passengers: 234 232 144 145 151 126 220 16 159 86 115 117 70 240 81 7 28 27 45 47 181 63 111 107 179 10 

3084.68	12672	38955
tour: 0 66 36 44 87 27 7 64 12 73 50 22 46 92 74 59 97 43 79 53 23 21 62 85 5 1 65 15 99 88 52 37 42 31 54 94 45 49 24 60 39 32 83 40 10 16 81 70 96 34 29 28 55 2 20 33 30 6 84 14 76 77 61 47 3 11 98 95 72 90 91 58 80 75 63 26 51 8 19 57 9 67 25 89 68 35 69 41 86 38 71 93 4 18 17 78 48 82 13 56 0 
bonus: 66 36 44 87 27 7 64 12 73 50 22 46 92 74 59 97 43 79 53 23 21 62 85 5 1 65 15 99 88 52 37 42 31 54 94 45 49 34 29 28 55 2 20 33 30 6 84 14 76 38 71 93 4 18 17 78 48 82 13 56 
passengers: 32 30 234 232 144 220 16 159 165 86 89 115 240 244 91 7 195 45 47 181 192 63 111 107 179 10 

2700.15	12624	34712
tour: 0 66 36 44 87 11 98 95 72 90 74 59 97 91 58 80 75 63 26 9 67 81 70 96 34 29 28 55 2 68 35 69 41 86 38 71 93 4 18 17 78 48 20 33 30 6 84 14 27 7 64 12 73 50 22 46 92 43 79 53 23 21 62 85 5 1 51 8 19 57 82 13 99 88 52 37 42 31 54 94 45 49 24 60 39 32 83 40 10 16 76 77 61 47 3 65 15 25 89 56 0 
bonus: 66 36 44 87 11 98 95 72 90 74 59 97 91 58 80 75 63 26 9 67 81 70 96 34 29 28 55 2 68 35 69 82 13 99 88 52 37 42 31 54 94 45 49 24 60 39 32 83 40 10 16 76 77 61 47 15 25 89 56 
passengers: 97 99 45 43 181 180 202 96 173 110 111 226 228 178 234 140 141 139 122 82 114 200 

2634.07	11123	9627
tour: 0 66 36 44 87 11 98 95 72 90 91 58 80 75 63 26 9 67 81 70 96 34 29 28 55 2 68 35 69 41 86 38 71 93 4 18 17 78 48 20 33 30 6 84 14 27 7 64 12 73 50 22 46 92 74 59 97 43 79 53 23 21 62 85 5 1 51 8 19 57 82 13 99 88 52 37 42 31 54 94 45 49 24 60 39 32 83 40 10 16 76 77 61 47 3 65 15 25 89 56 0 
bonus: 66 36 44 87 11 98 95 72 90 91 78 48 20 33 30 6 
passengers: 100 97 99 45 43 181 202 96 111 107 226 228 178 12 59 234 233 145 140 141 82 74 200 

2774.63	12286	31455
tour: 0 66 83 40 10 16 64 12 73 50 22 46 92 74 59 97 43 79 53 23 21 62 85 5 1 51 8 19 57 82 13 99 88 52 37 42 31 54 94 45 49 24 60 39 32 27 7 44 87 11 98 95 72 90 91 58 80 75 63 26 9 67 81 70 96 34 29 28 55 2 68 35 69 41 86 38 71 93 4 18 17 78 48 20 33 30 6 84 14 76 77 61 47 3 65 15 36 25 89 56 0 
bonus: 66 83 40 10 16 64 12 73 50 22 46 92 74 59 97 43 79 53 23 21 62 85 5 1 51 8 19 57 82 13 99 52 68 35 69 41 86 38 71 93 4 18 17 48 61 47 25 89 56 
passengers: 104 105 53 234 232 148 220 17 0 138 86 89 70 28 240 77 170 171 111 107 225 10 198 200 

2650.55	12392	32901
tour: 0 66 36 86 38 71 93 4 29 28 55 2 68 35 51 8 19 57 82 13 99 88 52 48 20 33 30 6 84 14 76 77 61 47 3 11 98 95 72 90 18 17 78 37 42 31 54 94 27 7 44 87 64 23 21 62 85 5 1 65 9 67 69 41 91 58 80 75 63 26 45 49 24 60 39 32 83 40 10 16 81 70 96 34 12 73 50 22 46 92 74 59 97 43 79 53 15 25 89 56 0 
bonus: 66 36 86 38 71 93 4 29 28 55 2 68 35 51 8 19 57 82 13 77 61 47 3 75 63 26 45 49 24 60 39 32 83 40 10 16 81 70 96 34 12 73 50 22 46 92 74 59 97 43 53 
passengers: 99 226 228 9 81 75 68 140 139 197 200 45 43 101 28 3 159 108 202 205 114 116 214 177 92 151 

2731.75	11794	24710
tour: 0 66 36 86 38 71 93 4 29 28 55 2 68 35 69 41 91 58 80 75 63 26 51 8 19 57 82 13 99 88 52 37 42 31 54 94 45 49 24 60 39 32 83 40 10 16 76 77 61 47 3 11 98 95 72 90 18 17 78 48 20 33 30 6 84 14 27 7 44 87 64 23 21 62 85 5 1 65 9 67 81 70 96 34 12 73 50 22 46 92 74 59 97 43 79 53 15 25 89 56 0 
bonus: 66 36 86 38 71 93 4 29 28 55 69 44 87 9 67 81 70 96 34 12 73 50 22 46 92 74 59 97 43 79 53 15 25 89 56 
passengers: 99 226 228 11 9 79 68 140 139 200 46 183 61 22 30 152 15 165 160 177 187 

3103.35	11964	26681
tour: 0 66 36 86 38 71 93 4 29 28 55 2 68 35 69 41 91 58 80 75 63 26 9 67 81 70 96 34 12 73 50 22 46 92 74 59 97 43 79 53 85 5 1 51 8 19 57 82 13 99 88 52 37 42 31 54 94 45 49 24 60 39 32 83 40 10 16 76 77 61 47 3 11 98 95 72 90 18 17 78 48 20 33 30 6 84 14 27 7 44 87 64 23 21 62 65 15 25 89 56 0 
bonus: 66 36 86 38 71 93 4 29 28 55 61 47 3 11 98 95 72 90 18 17 78 48 20 33 30 6 84 14 27 7 44 87 64 23 21 62 65 15 25 89 56 
passengers: 99 224 226 227 103 178 214 175 242 234 145 220 20 140 82 200 46 183 30 152 157 

2918.27	12138	28685
tour: 0 66 97 12 73 50 22 46 92 43 79 53 15 36 44 87 27 7 49 24 60 39 32 83 40 10 16 81 70 96 91 58 80 75 74 59 86 38 71 93 4 18 17 78 48 20 33 30 6 84 14 76 77 61 47 3 11 98 95 72 90 85 5 1 51 8 19 57 82 13 99 88 52 37 42 31 54 94 45 63 26 34 29 28 55 2 68 35 69 41 64 23 21 62 65 9 67 25 89 56 0 
bonus: 66 97 12 73 50 22 46 92 43 79 53 15 36 44 87 27 7 49 24 60 39 32 83 40 10 16 81 70 96 91 58 80 75 74 59 86 68 35 69 62 9 67 25 89 56 
passengers: 51 231 201 100 99 33 105 216 192 189 150 229 55 58 199 220 18 2 141 122 127 114 170 152 157 166 

3445.55	13454	51107
tour: 0 66 97 48 20 33 30 6 84 14 76 77 61 47 3 11 98 95 72 90 85 5 1 51 8 19 57 82 13 99 88 52 53 23 91 58 80 75 74 59 86 38 71 93 4 18 17 78 37 42 31 54 94 45 63 26 9 67 44 87 27 7 49 24 60 39 32 83 40 10 16 81 70 96 34 29 28 55 2 68 35 69 41 64 12 73 50 22 46 92 43 79 21 62 65 15 36 25 89 56 0 
bonus: 66 97 48 20 33 30 6 84 14 76 77 61 47 3 11 98 95 72 90 85 5 1 51 8 19 57 82 13 99 88 52 53 23 91 58 80 75 86 38 71 93 4 18 17 78 37 42 31 54 94 49 24 60 39 32 83 40 10 16 81 29 68 35 69 41 64 12 73 50 22 46 92 43 79 21 62 65 15 36 25 89 56 
passengers: 196 199 48 47 43 68 122 126 205 148 115 117 34 33 28 31 215 174 92 6 170 51 187 233 152 157 

2962.85	11054	6683
tour: 0 66 36 25 89 45 63 26 51 8 19 57 9 67 44 87 64 12 73 50 22 46 92 43 79 53 23 21 62 85 5 1 65 15 99 88 52 17 78 37 42 31 54 94 27 7 49 24 60 39 32 83 40 10 16 81 70 96 34 29 28 55 2 68 35 69 41 86 38 71 93 4 18 20 33 30 6 84 14 76 77 61 47 3 11 98 95 72 90 91 58 80 75 74 59 97 48 82 13 56 0 
bonus: 66 36 25 89 45 63 19 97 48 82 13 56 
passengers: 100 98 68 65 141 39 234 165 250 55 86 33 105 240 7 170 111 10 196 43 

2534.88	12335	32208
tour: 0 66 36 25 89 45 63 26 34 29 28 55 2 68 35 69 41 86 38 71 93 4 18 20 33 30 6 84 14 76 77 61 47 3 11 98 95 72 90 85 5 1 51 8 19 57 9 67 44 87 64 12 73 50 22 46 92 43 79 53 23 21 62 65 15 99 88 52 17 78 37 42 31 54 94 27 7 49 24 60 39 32 83 40 10 16 81 70 96 91 58 80 75 74 59 97 48 82 13 56 0 
bonus: 66 36 25 89 45 63 26 34 29 28 55 2 68 35 69 41 86 38 71 93 4 18 20 33 30 6 84 14 98 5 1 51 8 19 57 9 67 44 87 64 43 79 53 23 21 62 65 15 99 
passengers: 98 99 115 112 96 91 7 229 226 13 193 237 220 15 141 39 234 233 152 165 249 59 89 177 244 

2725.32	13217	44864
tour: 0 66 83 40 10 16 81 70 96 91 58 80 75 74 59 97 48 82 13 99 88 52 37 42 31 54 94 45 63 7 49 24 60 39 32 27 68 35 69 29 28 55 2 20 33 30 73 50 22 46 92 43 79 53 26 34 12 41 86 38 71 93 4 18 17 78 6 84 14 76 77 61 47 3 11 98 95 72 90 85 5 1 51 8 19 57 9 67 44 87 64 23 21 62 65 15 36 25 89 56 0 
bonus: 66 83 40 10 16 81 70 96 91 58 80 75 74 59 97 48 82 13 99 88 52 37 54 94 45 63 7 49 24 60 55 2 20 33 30 73 50 22 46 92 43 79 53 26 34 12 41 86 38 93 18 17 78 6 84 14 76 77 57 9 67 44 87 64 23 21 62 65 15 36 25 89 56 
passengers: 105 216 214 210 212 191 148 145 245 86 115 28 70 78 77 6 7 236 52 110 111 229 13 9 184 220 18 63 141 152 157 

2791.57	12284	30130
tour: 0 66 36 44 87 64 23 21 62 65 9 67 25 89 45 63 26 14 76 77 61 47 3 11 98 95 29 28 55 2 68 35 69 41 86 38 71 93 4 18 34 12 73 50 22 46 92 43 79 53 15 99 88 52 17 78 37 42 31 54 94 27 7 49 24 60 39 32 83 40 10 16 81 70 96 91 58 80 75 74 59 97 48 20 33 30 6 84 72 90 85 5 1 51 8 19 57 82 13 56 0 
bonus: 66 36 44 87 64 23 21 62 65 9 67 25 89 45 63 26 14 76 77 61 47 3 11 98 95 29 28 55 38 71 93 4 18 34 12 73 50 22 46 51 8 19 57 82 13 56 
passengers: 98 99 153 159 166 34 115 112 6 170 111 103 178 11 12 234 231 232 89 104 175 244 189 150 184 220 219 18 63 

2699.45	12257	28056
tour: 0 66 36 44 87 64 23 21 62 65 9 67 81 70 96 91 58 80 75 74 59 97 48 20 33 30 6 84 72 90 85 5 1 51 8 19 57 82 13 99 88 52 17 78 37 42 31 54 94 45 63 26 14 27 7 49 24 60 39 32 83 40 10 16 76 77 61 47 3 11 98 95 29 28 55 2 68 35 69 41 86 38 71 93 4 18 34 12 73 50 22 46 92 43 79 53 15 25 89 56 0 
bonus: 66 36 44 87 64 23 21 62 65 82 13 99 88 52 17 78 37 42 31 54 94 45 68 35 69 41 86 38 71 93 4 18 34 12 73 50 22 46 92 43 79 53 15 25 89 56 
passengers: 97 158 156 164 165 216 175 192 184 220 17 140 138 139 55 70 195 45 78 6 170 111 107 179 178 12 187 233 

3057.43	12797	39143
tour: 0 66 83 40 10 16 81 70 96 34 12 73 50 22 46 92 43 79 21 62 65 15 36 44 87 64 23 91 58 80 75 74 59 41 86 38 71 93 4 18 17 78 37 42 31 54 94 45 63 7 49 24 60 39 32 27 68 35 69 29 28 55 2 97 48 20 33 30 6 84 14 76 77 61 47 3 11 98 95 72 90 85 5 1 51 8 19 57 82 13 99 88 52 53 26 9 67 25 89 56 0 
bonus: 66 83 40 10 16 81 70 96 34 12 73 50 22 46 92 43 79 21 62 65 15 36 44 87 64 23 91 58 80 75 74 59 41 86 38 71 93 4 18 17 78 37 42 31 1 51 8 19 57 82 13 99 88 52 53 26 9 67 25 89 56 
passengers: 216 214 215 174 241 96 153 159 192 148 8 61 55 115 26 70 81 7 199 48 47 184 15 63 

2673.2	12186	27816
tour: 0 66 64 23 21 62 65 9 67 44 87 27 7 49 24 60 39 32 83 40 10 16 81 70 96 91 58 80 75 74 59 97 48 20 33 30 6 84 72 90 85 5 1 51 8 19 57 82 13 99 88 52 17 78 37 42 31 54 94 45 63 26 14 76 77 61 47 3 11 98 95 29 28 55 2 68 35 69 41 86 38 71 93 4 18 34 12 73 50 22 46 92 43 79 53 15 36 25 89 56 0 
bonus: 66 64 23 21 62 65 9 67 44 87 94 45 63 61 47 3 11 98 95 29 28 55 2 68 35 69 41 86 38 71 93 4 18 34 12 73 50 22 46 92 25 89 56 
passengers: 155 156 165 166 163 41 33 104 105 216 175 192 150 23 220 20 0 140 55 86 127 195 198 6 170 111 107 225 179 12 51 187 

2677.28	12870	40857
tour: 0 66 83 40 10 16 81 70 96 91 58 80 75 74 59 97 48 82 13 99 88 52 17 78 37 42 31 54 94 45 63 32 27 7 49 24 60 39 79 53 15 36 44 87 64 23 21 62 85 5 1 65 20 33 30 6 84 14 76 77 61 47 3 11 98 95 72 90 18 34 12 73 50 22 46 92 43 93 4 29 28 55 2 68 35 69 41 86 38 71 26 51 8 19 57 9 67 25 89 56 0 
bonus: 66 83 40 10 16 81 70 96 91 58 80 75 74 59 97 48 54 94 45 63 32 27 7 49 24 60 39 79 53 15 36 44 87 64 23 21 62 85 5 1 65 20 33 50 22 46 92 43 93 4 29 55 2 68 35 69 41 86 38 71 26 51 8 19 
passengers: 105 216 214 210 212 192 148 145 249 57 58 101 90 117 26 30 73 74 97 2 161 22 194 193 181 52 187 236 76 173 110 179 

2771.82	11517	15619
tour: 0 66 64 23 21 62 65 15 36 44 87 33 30 6 84 72 90 85 5 1 51 8 19 57 82 13 99 88 52 17 78 37 42 31 54 94 27 7 49 24 60 39 32 83 40 10 16 81 70 96 91 58 80 75 74 59 97 48 20 14 76 77 61 47 3 11 98 95 29 28 55 2 68 35 69 41 86 38 71 93 4 18 34 12 73 50 22 46 92 43 79 53 45 63 26 9 67 25 89 56 0 
bonus: 66 64 23 21 62 65 15 36 44 87 33 30 6 84 72 90 85 5 1 51 8 19 63 
passengers: 158 154 155 164 163 142 139 249 59 33 105 216 191 149 195 194 45 78 111 179 178 13 233 126 114 

3042.73	13565	51917
tour: 0 66 64 23 91 38 71 93 4 18 17 78 37 42 31 54 94 45 63 26 51 8 19 57 9 67 25 89 56 84 14 76 77 61 47 3 11 98 95 72 90 85 5 1 65 20 33 30 6 58 80 75 74 59 97 48 82 13 99 88 52 53 15 36 44 87 27 7 49 24 60 39 32 83 40 10 16 81 70 96 34 29 28 55 2 68 35 69 41 86 12 73 50 22 46 92 43 79 21 62 0 
bonus: 66 64 23 91 38 71 93 4 18 17 78 37 42 31 54 94 45 63 26 19 84 14 76 77 61 47 3 11 98 95 72 90 85 5 1 65 58 80 75 74 59 97 48 53 15 36 44 87 27 7 49 24 60 39 32 83 40 10 16 81 70 96 34 29 28 55 2 68 35 69 41 86 12 73 50 22 46 92 43 79 21 62 
passengers: 179 13 9 10 61 63 135 196 199 198 15 24 148 124 99 33 28 215 174 92 78 111 

2671.6	12272	29648
tour: 0 66 64 23 21 62 65 20 14 27 7 49 24 60 39 32 83 40 10 16 81 70 96 91 58 80 75 74 59 97 48 31 54 94 45 63 26 9 67 44 87 33 30 6 84 72 90 85 5 1 51 8 19 57 82 13 99 88 52 17 78 37 42 76 77 61 47 3 11 98 95 29 28 55 2 68 35 69 41 86 38 71 93 4 18 34 12 73 50 22 46 92 43 79 53 15 36 25 89 56 0 
bonus: 66 64 23 21 62 65 20 14 27 7 49 24 60 39 32 83 40 10 16 81 70 96 91 41 86 38 71 93 4 18 34 12 73 50 22 46 92 43 79 53 15 36 25 89 56 
passengers: 155 156 159 165 163 29 105 216 176 192 150 90 35 39 34 181 140 250 55 195 6 170 111 107 225 179 178 12 51 187 233 

2484.65	11249	7876
tour: 0 66 83 40 10 16 81 70 96 91 58 80 75 74 59 41 86 38 71 26 9 67 44 87 64 23 21 62 85 5 1 51 8 19 57 82 13 99 88 52 17 78 37 42 92 43 93 4 29 28 55 2 68 35 69 32 27 65 20 33 30 6 84 14 76 77 61 47 3 11 98 95 72 90 18 34 12 73 50 22 46 97 48 31 54 94 45 63 7 49 24 60 39 79 53 15 36 25 89 56 0 
bonus: 66 83 40 10 92 63 7 49 24 39 25 89 56 
passengers: 104 105 53 216 214 192 149 146 229 220 18 2 0 140 141 55 235 6 159 161 163 198 51 187 114 73 

2623.77	11122	4211
tour: 0 66 94 45 63 7 49 24 60 39 79 53 15 36 25 89 5 1 51 8 19 57 82 13 99 91 58 80 75 74 59 97 48 31 54 88 83 40 10 16 81 70 96 34 12 41 86 38 71 26 9 67 44 87 64 23 21 62 85 52 17 78 6 84 14 76 77 61 47 3 11 98 95 72 90 18 20 33 30 73 50 22 46 92 43 93 4 29 28 55 2 68 35 69 32 27 65 37 42 56 0 
bonus: 66 94 45 63 7 37 42 56 
passengers: 113 116 117 28 32 31 202 150 89 215 175 240 96 111 229 34 221 218 125 194 200 45 187 

2754.38	11484	10760
tour: 0 66 69 32 27 65 37 42 92 43 93 4 29 28 55 2 68 35 88 83 40 10 16 81 70 96 34 12 73 50 74 59 41 86 38 71 26 9 67 5 1 51 8 19 57 82 13 99 91 58 80 75 44 87 64 23 21 62 85 52 17 78 6 84 14 76 77 61 47 3 11 98 95 72 90 18 20 33 30 22 46 97 48 31 54 94 45 63 7 49 24 60 39 79 53 15 36 25 89 56 0 
bonus: 66 69 32 27 65 37 50 84 14 76 77 61 3 15 36 25 89 56 
passengers: 165 161 167 101 236 176 244 150 110 35 5 140 139 192 58 23 198 48 46 114 117 73 

2825.07	13876	52545
tour: 0 66 64 23 21 34 12 73 50 74 59 41 86 38 71 26 9 67 5 1 51 8 19 57 82 13 99 88 83 40 46 97 48 31 54 94 45 63 7 49 24 60 39 79 53 15 36 25 89 56 95 29 28 55 2 68 35 69 32 27 65 37 42 92 43 93 4 18 20 14 76 77 61 47 3 11 98 90 85 52 17 78 6 84 72 10 16 81 70 96 91 58 80 75 44 87 33 30 22 62 0 
bonus: 66 64 23 21 34 12 73 50 74 59 41 86 38 71 26 9 67 5 1 51 8 19 57 82 13 99 88 83 40 46 97 48 31 54 94 45 63 7 49 24 60 39 79 53 15 36 25 89 56 95 29 28 55 2 68 35 69 32 27 65 37 42 92 43 93 4 18 20 14 76 77 61 98 96 91 58 80 75 44 87 33 30 22 62 
passengers: 96 93 52 148 149 226 35 39 138 246 86 85 27 78 171 169 165 231 199 43 124 24 216 174 244 190 

2732.4	11563	10697
tour: 0 66 64 23 21 62 85 52 17 78 6 84 72 10 16 81 70 96 34 29 28 55 2 68 35 69 12 73 50 74 59 41 86 38 71 26 9 67 5 1 51 8 19 57 82 13 99 91 58 80 75 44 87 33 30 22 46 97 48 31 54 88 83 40 32 27 65 37 42 92 43 93 4 90 18 20 14 76 77 61 47 3 11 98 95 94 45 63 7 49 24 60 39 79 53 15 36 25 89 56 0 
bonus: 66 64 23 21 62 6 49 24 60 39 79 53 15 36 25 89 56 
passengers: 153 156 220 222 221 124 216 176 76 226 35 39 18 141 139 207 209 191 132 159 8 198 114 117 73 

2724.85	13607	46567
tour: 0 66 64 23 21 62 85 52 17 78 87 33 30 6 84 72 90 18 20 14 76 77 61 47 3 11 98 95 29 28 55 2 68 35 69 32 94 27 65 86 12 73 50 74 59 41 97 48 31 54 88 83 40 10 16 81 70 96 34 45 63 7 49 24 60 8 19 57 9 67 5 1 22 46 92 43 93 4 37 42 58 80 75 44 82 13 99 91 38 71 26 51 39 79 53 15 36 25 89 56 0 
bonus: 66 64 23 21 62 85 52 17 78 87 33 30 6 84 72 90 18 20 14 76 77 61 3 55 2 68 69 41 97 48 31 54 88 83 40 10 16 81 24 60 8 19 57 9 67 5 1 22 46 92 43 93 4 37 42 58 80 75 44 82 13 99 91 38 71 26 51 39 79 53 15 36 25 89 56 
passengers: 222 221 218 125 121 59 196 79 170 148 145 147 110 244 27 72 63 39 10 188 250 179 

2435.43	11768	12027
tour: 0 66 69 32 41 86 12 73 50 74 59 10 16 81 70 96 34 29 28 55 2 97 48 31 54 94 45 63 7 49 24 60 8 19 57 82 13 99 91 38 71 93 4 37 42 58 80 75 44 87 64 23 21 62 85 52 17 78 6 84 14 76 77 61 47 3 11 98 95 72 90 18 20 33 30 22 46 92 43 79 53 26 9 67 5 1 51 39 68 35 88 83 40 27 65 15 36 25 89 56 0 
bonus: 66 69 32 41 86 12 73 50 74 59 10 16 81 70 44 87 64 25 89 56 
passengers: 173 110 111 106 107 224 216 132 140 139 203 206 192 220 221 121 56 193 198 233 2 4 

2405.37	12968	26382
tour: 0 95 94 27 65 15 36 25 92 43 79 53 45 63 7 49 20 14 76 77 61 28 55 2 97 48 31 54 88 83 40 21 62 47 3 11 98 58 99 91 24 60 8 19 57 9 67 5 1 6 84 66 64 23 85 52 17 78 87 33 30 22 46 38 71 93 4 26 51 39 68 35 69 32 41 86 12 73 50 74 59 10 16 81 70 96 37 42 72 90 18 34 29 80 75 44 82 13 89 56 0 
bonus: 95 94 27 65 15 36 25 92 43 79 53 45 63 7 49 20 14 54 88 62 26 51 39 68 35 69 32 41 86 12 73 50 74 59 10 16 81 70 96 37 42 75 
passengers: 238 159 160 163 98 126 115 117 29 33 32 82 87 90 132 104 158 154 47 40 42 19 1 125 12 10 170 111 224 187 147 216 215 244 

2547.85	13683	38848
tour: 0 66 64 23 85 52 17 78 87 33 30 22 46 38 71 93 4 26 51 39 68 35 69 32 27 65 15 99 91 24 60 8 19 57 9 67 36 25 92 43 79 53 45 63 7 12 41 86 6 84 72 90 18 34 29 28 49 20 14 76 77 61 47 3 11 98 55 2 97 48 31 54 88 83 40 16 81 70 96 37 42 5 1 58 80 75 44 82 13 89 56 95 94 73 50 74 59 10 21 62 0 
bonus: 66 64 23 85 52 17 78 87 33 30 22 46 38 71 93 4 26 51 39 68 35 69 32 27 65 15 99 91 24 60 8 19 57 43 79 53 45 63 7 12 41 70 96 37 42 5 1 58 80 75 44 82 13 89 56 95 94 73 50 74 62 
passengers: 221 121 123 60 178 13 8 172 173 73 68 140 34 97 236 28 111 106 224 186 197 7 128 216 214 174 101 190 

2492.85	13861	40865
tour: 0 95 94 45 63 7 49 20 14 76 77 61 28 55 2 97 48 31 54 88 83 40 27 65 15 36 25 92 43 79 53 26 51 47 3 11 98 58 80 75 44 82 13 99 91 24 60 39 68 35 69 32 41 86 12 73 1 6 84 66 64 23 21 89 56 8 19 57 9 67 5 30 22 46 38 71 93 4 37 42 72 90 18 34 29 50 74 59 10 16 81 70 96 85 52 17 78 87 33 62 0 
bonus: 95 94 45 63 7 49 20 14 76 77 61 28 55 2 97 48 31 54 88 83 40 27 15 86 12 73 1 6 84 66 64 23 21 89 56 8 19 57 9 67 5 30 22 46 38 71 93 4 37 42 72 90 18 34 29 50 74 59 10 81 17 78 87 33 62 
passengers: 238 115 117 29 33 32 82 87 90 83 127 160 99 236 235 45 173 110 111 107 226 228 142 38 42 19 186 94 147 175 174 221 

2505.72	12529	16213
tour: 0 55 2 97 48 31 54 88 83 40 46 38 71 26 51 39 79 53 45 63 7 49 20 14 76 77 61 28 68 35 69 32 41 86 12 73 1 6 84 66 64 23 21 50 74 59 10 16 81 70 96 85 52 17 78 87 33 30 22 62 47 3 11 98 58 99 91 24 60 8 19 57 9 67 5 95 94 27 65 15 36 25 92 43 93 4 37 42 72 90 18 34 29 80 75 44 82 13 89 56 0 
bonus: 55 2 97 48 31 54 88 83 40 46 38 71 26 37 42 72 90 18 34 29 80 75 44 82 13 89 56 
passengers: 82 87 90 127 129 131 105 102 103 111 224 229 226 145 212 175 220 221 123 248 73 63 141 97 233 231 10 

2396.78	12866	23680
tour: 0 95 94 27 65 15 36 25 92 43 31 54 88 83 40 46 38 71 93 4 37 42 58 99 91 24 60 8 19 57 9 67 5 1 6 84 66 64 23 21 72 90 18 34 29 80 75 44 26 51 39 79 53 45 63 7 49 20 14 76 77 61 28 68 35 69 32 41 86 12 73 50 74 59 10 16 81 70 96 85 52 17 78 87 33 30 22 62 47 3 11 98 55 2 97 48 82 13 89 56 0 
bonus: 95 94 27 65 15 36 25 92 43 31 54 88 83 40 46 38 71 93 4 37 42 58 99 91 24 60 8 19 57 50 74 59 10 16 81 70 96 87 
passengers: 238 164 234 82 87 90 84 132 104 13 8 68 140 40 5 181 205 116 28 195 111 109 224 229 187 147 175 221 55 152 157 

2252.55	13073	27691
tour: 0 95 94 45 63 7 49 20 14 76 77 61 28 55 2 97 48 31 54 88 83 40 27 65 15 36 25 92 43 79 53 26 51 39 68 35 69 32 41 86 12 73 1 6 84 66 64 23 21 50 74 59 10 16 81 70 96 85 52 17 78 87 33 62 47 3 11 98 58 99 91 24 60 8 19 57 9 67 5 30 22 46 38 71 93 4 37 42 72 90 18 34 29 80 75 44 82 13 89 56 0 
bonus: 95 94 45 63 7 49 20 14 6 84 66 64 23 21 50 74 81 9 67 5 30 22 46 38 71 93 4 37 42 72 90 18 34 29 80 75 44 82 13 89 56 
passengers: 238 115 112 117 29 33 82 87 90 127 104 105 160 170 111 224 229 226 3 145 53 212 220 248 63 66 38 19 179 10 

2317.47	12461	13747
tour: 0 95 94 27 65 15 99 91 58 80 98 55 2 97 48 31 54 88 83 40 46 38 71 26 51 39 79 53 45 63 7 49 20 14 76 77 61 28 68 35 69 32 41 86 12 73 1 6 84 66 64 23 21 72 90 18 34 29 50 74 59 10 16 81 70 96 85 52 17 78 87 33 30 22 62 47 3 11 24 60 8 19 57 9 67 36 25 92 43 93 4 37 42 5 75 44 82 13 89 56 0 
bonus: 95 94 27 65 15 99 91 58 80 98 55 2 97 48 31 54 88 83 40 44 82 13 89 56 
passengers: 238 159 160 163 250 82 105 102 126 116 112 28 111 224 229 226 145 147 216 244 220 73 233 231 

2449.25	12693	20985
tour: 0 95 94 27 65 15 36 25 92 43 93 4 37 42 72 90 18 34 29 80 98 55 2 97 48 31 54 88 83 40 46 71 26 51 39 79 53 45 63 7 49 20 14 76 77 61 28 68 35 69 32 41 86 12 73 1 58 99 91 38 6 84 66 64 23 21 50 74 59 10 16 81 70 96 85 52 17 78 87 33 30 22 62 47 3 11 24 60 8 19 57 9 67 5 75 44 82 13 89 56 0 
bonus: 95 94 27 65 15 36 25 92 43 93 4 37 42 72 90 18 34 29 80 98 55 2 9 67 5 75 44 82 13 89 56 
passengers: 238 163 97 234 11 91 82 87 105 126 116 112 28 195 111 224 229 226 145 147 216 244 220 63 

2401.72	12638	15128
tour: 0 66 64 23 85 52 17 78 87 33 62 47 3 11 98 55 21 50 74 59 10 16 81 70 96 91 24 60 8 19 57 9 67 5 30 22 46 38 71 26 51 39 79 53 45 63 7 49 20 14 76 77 61 28 68 35 69 32 41 86 12 73 1 6 84 72 90 18 34 29 80 75 44 82 13 89 56 95 94 27 65 15 36 25 92 43 93 4 37 42 58 99 88 83 40 54 2 97 48 31 0 
bonus: 66 64 23 52 63 7 49 20 14 69 25 92 43 93 4 37 42 58 99 88 83 40 54 2 97 48 
passengers: 220 221 223 124 122 59 148 145 176 69 40 19 126 114 113 112 28 111 225 51 187 207 134 133 234 11 

2390.85	12966	20721
tour: 0 95 94 27 65 15 99 91 24 60 8 19 57 9 67 36 25 92 43 93 4 37 42 5 49 20 14 76 77 61 28 68 35 69 32 41 86 6 84 66 64 23 21 72 90 18 34 29 50 74 59 10 16 81 70 96 85 52 17 78 87 33 30 22 62 47 3 11 98 55 2 97 48 31 54 88 83 40 46 38 71 26 51 39 79 53 45 63 7 12 73 1 58 80 75 44 82 13 89 56 0 
bonus: 95 94 27 65 15 99 91 24 60 8 19 57 9 67 36 25 71 26 51 39 79 53 45 63 7 12 73 1 58 80 75 44 82 13 
passengers: 164 166 248 246 247 67 140 38 20 120 195 196 170 111 224 229 96 94 147 210 239 221 122 55 6 82 104 179 126 114 113 187 

2445.5	14008	38905
tour: 0 95 94 45 63 7 12 73 1 58 80 75 44 82 13 99 91 69 32 41 86 6 84 66 64 23 85 52 17 78 87 33 62 47 3 11 98 55 21 89 56 81 70 96 34 29 50 74 59 10 16 76 77 61 28 49 24 60 8 19 57 9 67 5 30 22 46 38 71 93 4 37 42 72 90 18 20 14 27 65 15 36 25 92 43 79 53 26 51 39 68 35 88 83 40 54 2 97 48 31 0 
bonus: 95 94 45 63 7 12 73 1 58 80 75 44 82 13 99 91 69 32 41 86 6 84 66 64 23 85 52 17 78 87 33 62 47 3 11 98 55 21 89 56 81 70 96 34 29 50 74 59 10 16 76 77 61 28 49 24 19 25 92 43 97 48 31 
passengers: 237 113 112 117 28 5 203 206 111 224 229 24 221 218 124 59 214 176 144 145 53 198 73 141 34 160 234 

2619.38	14810	54956
tour: 0 95 94 27 65 15 99 91 24 60 8 19 57 9 67 36 25 92 43 31 54 88 83 40 16 81 70 96 37 42 72 90 18 34 29 50 74 59 10 21 5 30 22 46 38 71 93 4 26 51 39 79 53 45 63 7 49 20 14 76 77 61 28 68 35 69 32 41 86 6 84 66 64 23 85 52 17 78 87 33 62 47 3 11 98 55 2 97 48 12 73 1 58 80 75 44 82 13 89 56 0 
bonus: 95 94 27 65 15 99 91 24 60 8 19 57 9 67 36 25 92 43 31 54 88 83 40 16 81 70 96 37 42 72 90 18 34 29 50 74 59 10 21 5 30 22 46 38 71 93 4 26 77 61 28 68 35 69 32 41 86 6 84 66 64 23 85 52 17 78 87 33 62 47 3 11 98 55 2 97 48 12 73 1 58 80 75 44 82 13 89 56 
passengers: 238 164 165 166 167 142 38 89 61 62 96 91 148 19 126 112 117 28 26 118 195 194 81 170 111 109 229 22 221 219 125 43 6 187 

2298.7	12962	19540
tour: 0 95 94 27 65 15 36 25 92 43 31 54 2 97 48 12 73 1 58 99 91 69 32 41 86 6 84 66 64 23 85 52 17 78 87 33 62 47 3 11 98 55 21 50 74 59 10 24 60 8 19 57 9 67 5 30 22 46 38 71 93 4 26 51 39 79 53 45 63 7 49 20 14 76 77 61 28 68 35 88 83 40 16 81 70 96 37 42 72 90 18 34 29 80 75 44 82 13 89 56 0 
bonus: 95 94 27 65 15 36 25 92 43 31 54 2 97 48 12 73 1 58 99 91 69 32 41 86 6 84 63 7 49 20 14 76 77 
passengers: 238 237 161 100 99 86 6 5 249 173 229 220 221 122 59 158 148 140 139 19 11 114 33 194 197 80 216 215 177 

2540.18	14628	50785
tour: 0 95 94 27 65 15 99 91 24 60 8 19 57 9 67 36 25 92 43 31 54 88 83 40 21 72 90 18 34 29 50 74 59 10 16 81 70 96 37 42 5 30 22 46 38 71 93 4 26 51 39 79 53 45 63 7 49 20 14 76 77 61 28 68 35 69 32 41 86 6 84 66 64 23 85 52 17 78 87 33 62 47 3 11 98 55 2 97 48 12 73 1 58 80 75 44 82 13 89 56 0 
bonus: 95 94 27 65 15 99 91 24 60 8 19 57 9 67 36 25 92 43 31 54 88 96 37 42 5 30 22 46 38 71 93 4 26 51 39 79 53 45 63 7 49 20 61 28 68 35 69 32 41 86 6 84 66 64 23 85 52 17 78 87 33 62 47 3 11 98 55 2 97 48 12 73 1 58 80 75 44 82 13 89 56 
passengers: 238 164 166 167 248 66 142 38 89 61 62 148 240 19 15 126 112 117 28 26 118 195 199 170 111 109 229 22 221 219 125 55 6 187 

2469.75	13318	28040
tour: 0 95 94 73 1 58 80 98 55 2 97 48 31 54 88 83 40 21 72 90 18 34 29 50 74 59 10 16 81 70 96 37 42 5 30 22 46 49 20 14 76 77 61 28 68 35 69 32 27 65 15 99 91 38 71 64 23 85 52 17 78 87 33 62 47 3 11 24 60 8 19 57 9 67 36 25 92 43 93 4 26 51 39 79 53 45 63 7 12 41 86 6 84 66 75 44 82 13 89 56 0 
bonus: 95 94 73 1 58 80 30 22 46 49 20 14 76 77 61 27 15 99 91 87 43 93 4 26 51 39 79 53 45 63 7 12 41 86 6 84 66 75 44 82 13 89 56 
passengers: 238 3 204 202 207 89 128 212 240 241 19 20 199 198 164 248 178 122 68 137 98 236 114 112 28 111 

2440.97	12800	17143
tour: 0 66 75 44 82 13 89 56 95 94 27 65 15 99 91 69 32 41 86 6 84 12 73 1 58 80 98 55 21 72 90 18 34 29 50 74 59 10 16 81 70 96 37 42 5 30 22 46 38 71 64 23 85 52 17 78 87 33 62 47 3 11 24 60 8 19 57 9 67 36 25 92 43 93 4 26 51 39 79 53 45 63 7 49 20 14 76 77 61 28 68 35 88 83 40 54 2 97 48 31 0 
bonus: 66 75 44 82 13 89 56 95 94 27 96 37 42 5 30 22 46 38 71 64 23 85 52 17 78 9 
passengers: 189 135 237 165 161 22 52 3 0 204 53 175 19 17 178 221 218 122 73 140 98 234 115 117 29 194 

2745.17	15181	57659
tour: 0 95 94 73 1 58 80 98 55 21 72 90 18 34 29 50 74 59 10 16 76 77 61 28 68 35 88 83 40 54 2 97 48 31 81 70 96 37 42 5 49 20 14 27 65 15 99 91 69 32 30 22 46 38 71 64 23 85 52 17 78 87 33 62 47 3 11 24 60 8 19 57 9 67 36 25 92 43 93 4 26 51 39 79 53 45 63 7 12 41 86 6 84 66 75 44 82 13 89 56 0 
bonus: 95 94 73 1 58 80 98 55 21 72 90 18 34 29 50 74 59 10 16 76 77 61 28 68 35 88 83 40 54 2 97 48 31 81 70 96 37 42 5 49 20 14 27 65 15 99 91 69 32 30 22 46 38 71 64 23 85 52 17 78 87 33 62 47 3 11 24 9 36 43 93 4 26 51 39 79 53 45 63 7 12 41 86 6 84 66 75 44 82 13 89 56 
passengers: 3 207 186 61 91 194 197 200 80 127 241 19 17 164 162 173 178 221 122 73 137 36 98 236 126 114 112 117 28 111 

3334.53	15597	58281
tour: 0 66 75 44 82 13 89 56 8 19 57 9 67 36 7 74 59 10 16 81 70 96 80 98 55 21 72 90 18 34 29 50 68 35 88 83 40 54 2 22 46 38 71 93 45 28 49 20 14 76 77 61 47 3 11 24 60 39 79 53 26 51 63 97 48 12 41 86 6 84 78 87 64 23 85 52 17 33 62 4 37 42 5 95 94 27 65 15 73 1 58 99 91 69 32 30 25 92 43 31 0 
bonus: 66 75 44 82 13 89 56 8 19 57 9 67 36 7 74 59 10 16 81 70 96 80 98 55 21 72 90 18 34 29 50 68 35 88 83 40 54 2 22 46 38 71 93 45 28 49 20 14 76 77 61 47 3 11 24 60 39 79 53 26 51 63 97 48 12 41 86 6 84 87 17 33 62 4 37 42 5 95 94 27 65 15 73 1 58 99 91 69 32 30 25 92 43 31 
passengers: 68 66 64 142 138 31 147 239 96 91 131 112 79 81 75 195 199 48 44 111 107 229 220 221 219 125 123 12 101 238 234 

2429.18	14319	34838
tour: 0 66 75 44 82 13 89 56 8 19 57 9 67 36 7 12 41 86 6 84 78 87 64 23 85 52 17 33 62 47 3 11 24 60 39 79 53 45 71 93 4 26 51 63 97 48 31 81 70 96 37 42 5 95 94 73 50 68 35 88 83 40 54 2 22 46 38 1 58 80 98 55 21 72 90 18 34 29 74 59 10 16 76 77 61 28 49 20 14 27 65 15 99 91 69 32 30 25 92 43 0 
bonus: 66 75 44 82 13 89 56 8 19 57 9 67 36 7 12 41 86 6 84 78 22 46 38 1 58 80 98 55 21 72 90 18 34 29 74 59 10 16 76 77 61 28 49 20 14 27 65 15 99 91 69 32 30 25 92 43 
passengers: 192 190 135 136 68 28 111 229 221 122 125 55 155 115 11 168 104 105 3 2 181 186 144 194 193 78 

2443.1	14697	41012
tour: 0 95 94 73 50 68 63 97 48 17 38 1 58 80 98 55 21 72 90 18 34 29 74 59 10 16 76 77 61 47 3 11 24 60 8 19 57 9 67 36 44 82 13 78 87 64 23 85 52 53 45 28 49 20 14 27 65 15 99 91 69 32 35 88 83 40 54 2 22 46 71 93 4 26 51 39 79 96 37 42 5 30 7 12 41 86 6 84 66 75 33 62 89 56 81 70 25 92 43 31 0 
bonus: 95 94 73 50 68 63 97 48 17 38 1 58 80 98 55 21 72 90 18 34 29 74 59 10 16 76 77 61 47 49 20 14 27 65 15 91 69 32 88 26 51 39 79 96 37 42 5 30 7 12 41 86 6 84 66 75 33 62 89 56 81 70 25 92 
passengers: 168 171 59 56 3 208 184 145 53 194 72 141 138 126 115 77 163 247 6 10 244 21 29 111 224 190 152 134 210 234 

2370.25	14718	38861
tour: 0 95 94 73 50 68 35 88 83 40 54 2 22 46 71 93 45 28 7 12 41 97 48 31 81 70 96 37 42 5 49 20 14 27 65 86 6 84 66 75 87 64 23 85 52 17 33 62 4 26 51 63 89 56 8 19 57 9 67 36 44 82 13 78 38 1 58 80 98 55 21 72 90 18 34 29 74 59 10 16 76 77 61 47 3 11 24 60 39 79 53 15 99 91 69 32 30 25 92 43 0 
bonus: 95 94 73 50 68 35 88 83 40 54 2 22 46 71 93 45 28 41 84 66 75 87 64 23 85 52 17 33 62 4 26 51 19 9 67 36 44 82 13 78 38 1 58 77 61 47 3 11 24 60 39 79 53 15 99 91 69 32 30 25 92 43 
passengers: 238 237 170 169 129 111 107 89 88 241 18 164 229 192 221 123 59 13 9 66 142 140 38 91 92 145 151 193 45 72 

2187.22	13407	16671
tour: 0 95 94 73 1 58 80 98 55 21 72 90 18 34 29 50 68 63 97 48 12 41 86 6 84 66 75 87 64 23 85 52 53 45 28 49 20 14 27 65 15 99 91 69 32 35 88 83 40 54 2 22 46 71 93 4 26 51 39 79 96 37 42 5 30 7 74 59 10 16 76 77 61 47 3 11 24 60 8 19 57 9 67 36 44 82 13 78 38 17 33 62 89 56 81 70 25 92 43 31 0 
bonus: 95 94 73 1 58 80 98 26 51 39 79 96 37 42 5 30 7 74 59 10 16 43 31 
passengers: 237 2 5 208 180 111 107 229 25 222 126 115 77 163 105 13 8 201 26 145 193 73 63 65 100 103 152 134 210 234 

2404.92	14372	33771
tour: 0 95 94 73 1 58 80 98 55 21 72 90 18 34 29 50 6 84 66 75 87 64 23 85 52 53 45 28 49 20 14 27 65 15 99 91 69 32 35 88 83 40 54 2 22 46 71 93 97 48 12 41 86 79 96 37 42 5 30 7 74 59 10 16 76 77 61 47 3 11 24 60 8 19 57 9 67 36 44 82 13 78 38 17 33 62 4 26 51 39 68 63 89 56 81 70 25 92 43 31 0 
bonus: 95 94 73 1 58 80 98 55 21 72 90 18 34 29 50 6 84 66 75 87 64 23 52 53 45 28 49 20 14 27 65 15 69 17 33 62 4 26 51 39 68 63 89 56 81 70 25 92 43 31 
passengers: 2 5 203 206 205 25 222 221 122 115 116 79 119 163 105 129 6 52 110 27 145 143 73 100 103 152 157 156 10 134 210 234 

2352.72	14927	36304
tour: 0 95 94 73 1 58 80 98 55 21 50 6 84 66 64 23 85 52 53 45 28 49 20 14 27 65 15 99 91 69 32 35 88 83 40 54 2 22 79 96 37 42 72 90 18 34 29 74 59 10 16 76 77 61 47 3 11 24 60 8 19 57 9 67 5 30 7 12 41 86 36 44 82 13 46 71 93 43 31 81 70 25 92 75 87 33 62 4 26 51 39 68 63 97 48 17 78 38 56 89 0 
bonus: 95 94 73 1 58 80 98 55 21 50 6 84 66 64 23 85 52 53 45 28 49 20 14 27 65 15 99 91 69 32 35 88 83 40 54 2 37 9 67 5 30 7 12 41 86 36 44 82 13 46 71 93 43 31 78 38 56 89 
passengers: 2 5 203 206 205 25 222 221 122 115 116 79 120 173 105 201 91 148 149 195 73 137 29 111 224 225 227 100 178 83 216 174 233 231 192 190 152 157 

2207.08	14171	23443
tour: 0 95 94 73 1 58 80 98 55 21 50 6 84 66 75 87 64 23 85 52 25 92 43 31 81 70 96 37 42 72 90 18 34 29 74 59 10 16 76 77 61 47 3 11 24 60 8 19 57 9 67 5 30 49 20 14 27 65 15 99 91 69 32 35 88 83 40 54 2 82 13 46 71 22 79 53 45 28 7 12 41 86 36 44 93 97 48 17 33 62 4 26 51 39 68 63 78 38 56 89 0 
bonus: 95 94 73 1 58 80 98 55 21 50 54 2 82 13 46 7 12 41 86 36 44 93 97 48 17 33 62 4 26 51 39 68 63 78 38 56 89 
passengers: 238 5 203 202 206 24 221 223 124 89 176 240 242 144 53 200 141 39 159 160 163 245 129 126 114 112 77 28 111 107 225 100 152 157 10 

2428.92	15203	42923
tour: 0 95 94 73 1 58 80 98 55 21 50 6 84 66 64 23 85 52 53 45 28 49 20 14 27 65 15 99 91 69 32 35 88 83 40 54 2 22 79 96 37 42 72 90 18 34 29 74 59 10 16 76 77 61 47 3 11 24 60 8 19 57 9 67 5 75 87 70 25 92 43 31 81 30 7 12 41 86 36 44 82 13 46 71 93 97 48 17 33 62 4 26 51 39 68 63 78 38 56 89 0 
bonus: 95 94 73 1 58 80 98 55 21 50 6 84 66 64 23 85 52 53 45 28 49 20 14 27 65 15 99 91 69 32 35 88 83 40 54 2 37 9 67 5 75 87 70 25 92 81 12 44 82 13 46 71 93 97 48 17 33 62 4 26 51 39 68 63 78 38 56 89 
passengers: 2 5 203 206 205 25 222 221 122 115 116 79 120 173 105 201 91 148 145 193 73 68 137 236 28 27 111 107 225 100 179 152 157 10 

2264.4	14626	32720
tour: 0 95 94 73 1 58 80 98 55 21 50 6 84 66 64 23 85 52 53 45 28 7 12 41 86 36 44 82 13 46 71 22 79 96 37 42 72 90 18 34 29 74 59 10 16 76 77 61 47 3 11 24 60 8 19 57 9 67 5 30 49 20 14 27 65 15 99 91 69 32 35 88 83 40 54 2 93 43 31 81 70 25 92 75 87 33 62 4 26 51 39 68 63 97 48 17 78 38 56 89 0 
bonus: 95 94 73 1 58 80 98 55 21 50 6 84 64 41 86 46 9 67 5 30 49 20 14 27 65 15 99 91 69 32 35 88 83 40 54 2 93 43 31 81 70 25 92 75 87 33 62 4 26 51 89 
passengers: 237 5 203 206 205 22 222 221 122 116 112 28 51 110 111 225 226 97 201 184 144 72 141 138 39 165 167 128 132 83 174 177 233 231 192 152 10 

2299.17	14712	33086
tour: 0 95 94 73 1 58 80 98 55 2 93 43 31 81 70 25 92 75 87 64 23 85 52 53 15 99 91 69 32 35 88 83 40 54 45 28 49 20 14 27 65 86 6 84 66 21 72 90 18 34 29 50 74 59 10 16 76 77 61 47 3 11 24 60 8 19 57 9 67 36 44 82 13 46 71 22 79 96 37 42 5 30 7 12 41 97 48 17 33 62 4 26 51 39 68 63 78 38 56 89 0 
bonus: 95 94 73 1 58 80 98 55 2 93 43 31 81 70 25 92 75 87 64 23 85 52 53 15 99 91 69 27 61 47 3 11 24 60 8 19 46 97 48 17 33 62 4 26 51 39 68 63 78 38 56 89 
passengers: 238 203 202 206 208 82 175 222 221 218 122 126 105 116 112 79 120 226 91 148 145 198 197 73 137 100 28 27 52 107 152 157 10 

2386.6	15768	50943
tour: 0 95 94 86 6 84 66 21 72 90 18 34 29 50 74 59 10 16 76 46 71 93 43 31 81 70 25 92 75 87 64 23 85 52 53 45 28 49 20 14 27 65 15 99 91 69 32 54 88 83 40 35 77 61 47 3 11 24 60 8 19 57 9 67 36 44 82 13 73 1 58 80 98 55 2 22 79 96 37 42 5 30 7 12 41 97 48 17 33 62 4 26 51 39 68 63 78 38 56 89 0 
bonus: 95 94 86 6 84 66 21 72 90 18 34 29 50 74 59 10 81 70 25 92 75 87 64 23 85 52 53 45 49 20 14 27 65 15 99 91 69 32 54 88 83 40 35 77 61 19 67 36 44 82 13 58 80 98 55 2 22 79 96 37 42 5 30 7 12 41 97 48 17 33 62 4 26 51 39 68 63 78 38 56 89 
passengers: 238 224 24 186 91 194 193 178 83 216 235 231 232 191 222 221 122 79 81 119 164 166 173 104 47 68 138 34 40 0 204 6 28 27 52 107 152 157 10 

2179.2	14693	21493
tour: 0 95 94 86 36 44 39 68 45 28 49 20 14 16 76 77 61 47 3 11 98 55 2 93 43 31 81 12 41 97 48 17 33 62 4 37 42 27 65 15 73 1 6 84 66 21 72 90 18 34 29 50 82 13 46 71 22 79 96 80 58 99 91 69 32 35 88 83 40 54 59 10 24 60 8 19 57 9 67 5 30 7 74 70 25 92 75 87 64 23 85 52 53 26 51 63 78 38 56 89 0 
bonus: 95 94 86 36 44 39 54 59 10 24 60 8 19 57 9 30 7 74 70 25 92 75 87 64 23 85 52 53 26 51 63 78 38 56 89 
passengers: 238 224 225 100 98 170 115 6 84 215 107 108 57 12 101 1 5 25 92 93 201 239 204 248 105 128 148 68 63 15 175 177 233 221 

2499.42	17514	51966
tour: 0 95 29 74 59 10 24 88 83 40 54 15 99 42 5 60 8 19 71 22 46 90 31 81 53 39 68 35 69 32 87 64 77 26 51 63 57 9 67 55 2 94 62 4 37 14 16 76 18 34 72 61 47 3 11 98 66 45 28 49 43 21 50 82 70 38 93 97 48 12 41 86 36 44 20 79 96 80 58 91 17 33 30 7 23 85 52 25 92 75 13 73 1 6 84 78 27 65 56 89 0 
bonus: 95 29 74 59 10 24 88 83 40 54 15 99 42 19 39 68 35 69 32 87 64 77 26 51 63 57 9 67 55 2 94 62 4 37 14 16 76 18 34 72 61 47 3 11 98 66 45 28 49 43 21 50 82 70 38 93 97 48 12 41 86 36 44 20 58 91 17 33 30 7 23 52 25 92 75 13 73 1 6 84 78 27 65 56 89 
passengers: 238 145 151 146 72 71 127 248 19 86 85 88 171 173 140 194 96 180 44 113 80 102 51 111 225 229 100 244 203 206 56 221 219 125 230 189 187 2 5 

3275.07	18224	61645
tour: 0 95 94 62 4 37 42 46 71 22 79 96 80 58 91 17 72 61 47 3 11 98 55 2 93 97 48 12 41 54 26 51 63 78 27 65 15 99 86 36 44 20 14 16 49 43 31 81 53 39 68 45 28 90 64 77 76 18 34 29 74 59 10 24 88 83 40 35 69 32 87 33 30 7 5 60 8 19 57 9 67 23 85 52 25 92 75 13 73 1 6 84 66 21 50 82 70 38 56 89 0 
bonus: 95 94 62 4 37 42 46 71 22 79 96 80 58 91 17 72 61 47 3 11 98 55 2 93 97 48 12 41 54 26 51 63 78 27 65 15 99 86 36 44 20 14 16 49 43 31 81 53 39 68 45 28 90 64 77 76 18 34 29 74 59 10 24 88 83 40 35 69 32 87 33 30 7 5 60 8 19 57 9 67 23 85 52 25 92 75 13 73 1 6 84 66 21 50 82 70 38 56 89 
passengers: 207 55 58 180 186 6 51 111 159 160 224 98 120 214 126 116 117 75 61 148 145 146 173 18 63 65 40 42 221 124 125 230 187 5 177 

2227.47	17649	49364
tour: 0 95 94 86 36 44 20 14 76 18 34 29 74 59 10 16 49 43 31 81 53 39 68 45 28 90 64 77 26 51 63 30 7 5 60 8 19 57 9 67 23 85 52 25 92 75 13 46 71 22 79 96 80 58 99 91 17 72 61 47 3 11 98 55 2 93 97 48 12 41 54 15 73 1 6 66 21 50 82 70 38 24 88 83 40 35 69 32 87 33 62 4 37 42 84 78 27 65 56 89 0 
bonus: 95 94 86 36 44 20 14 76 18 34 29 74 59 10 16 49 43 31 81 53 39 68 45 28 90 64 77 26 51 63 30 57 9 67 23 85 52 25 92 75 80 58 99 91 17 72 61 47 93 97 48 41 1 6 66 21 50 82 70 38 24 88 83 40 35 69 32 87 33 62 4 37 42 84 78 27 65 56 89 
passengers: 238 224 225 194 61 148 126 172 117 78 19 16 18 65 138 230 231 192 207 249 55 58 6 52 106 127 128 132 2 174 74 152 157 10 

