Fo(cost)	Fo(time)	Fo(bonus)

3194.9	12832	46681
tour: 0 63 47 29 91 85 79 31 80 71 65 7 69 70 82 48 97 50 37 22 76 42 54 60 89 32 84 75 26 4 98 34 78 44 68 83 77 40 52 88 27 64 9 36 99 45 57 92 28 93 12 66 11 13 49 73 67 62 38 56 43 8 95 59 94 41 14 23 17 18 33 20 46 87 30 39 55 58 3 10 90 5 72 15 61 51 53 24 16 86 74 96 21 35 81 2 19 6 1 25 0 
bonus: 63 47 29 91 85 79 31 80 71 65 7 69 70 82 48 97 50 37 22 52 88 27 64 9 36 99 45 57 92 28 93 12 66 11 13 49 73 67 62 38 56 43 8 95 59 94 41 14 23 17 18 33 20 46 87 30 39 55 58 3 10 90 16 86 74 96 21 35 81 2 19 6 1 25 
passengers: 299 301 143 147 145 317 94 256 377 183 186 187 231 229 357 205 287 40 45 214 259 6 248 48 178 162 156 53 363 89 199 

3334.82	11242	17314
tour: 0 63 47 29 24 16 86 74 96 21 35 19 6 84 75 26 60 89 32 64 9 36 99 45 57 92 28 93 12 66 11 1 25 20 4 98 34 78 44 68 97 50 37 52 88 27 22 76 42 54 40 83 77 71 65 91 85 79 31 80 46 87 30 39 55 58 3 10 90 5 72 15 61 51 53 13 49 73 67 62 38 56 43 8 95 59 94 41 14 23 17 18 33 81 2 7 69 70 82 48 0 
bonus: 63 47 29 24 16 86 19 4 98 34 78 44 68 97 50 37 52 88 27 22 76 42 40 81 2 7 69 70 82 48 
passengers: 309 311 312 313 303 59 89 81 174 170 13 11 113 115 191 185 335 359 378 291 160 221 361 322 261 7 78 0 

3306.57	12704	43611
tour: 0 63 47 29 91 85 79 31 80 71 65 7 69 70 82 48 97 50 37 22 76 42 54 60 89 32 84 75 26 4 98 34 78 44 68 83 77 40 52 88 27 64 9 36 99 45 57 5 72 15 92 28 93 12 66 11 13 49 73 67 62 38 56 43 8 95 59 94 61 51 53 24 41 14 23 17 18 33 20 46 87 30 39 55 58 3 10 90 16 86 74 96 21 35 81 2 19 6 1 25 0 
bonus: 63 47 29 91 85 79 31 80 71 65 7 69 70 82 48 97 50 37 22 52 88 27 64 9 36 99 45 57 5 72 15 92 28 93 8 95 59 94 61 51 53 24 41 14 23 17 18 33 20 46 87 30 39 55 58 3 10 90 16 86 74 96 21 35 81 2 19 6 1 25 
passengers: 299 301 143 147 145 317 94 256 377 126 183 186 231 229 357 205 287 56 40 44 45 47 214 259 6 110 48 78 178 162 158 223 89 199 

3284.03	11258	17368
tour: 0 95 59 94 61 51 53 13 49 73 67 62 38 56 43 8 63 47 29 24 41 14 34 78 44 68 97 50 37 52 88 27 22 76 42 54 40 83 77 71 65 91 85 79 31 80 46 87 30 39 55 58 3 10 90 16 86 74 96 21 35 19 6 84 75 26 60 89 32 64 9 36 99 45 57 5 72 15 92 28 93 12 66 11 1 25 20 4 98 23 17 18 33 81 2 7 69 70 82 48 0 
bonus: 95 59 94 61 51 53 13 49 73 67 62 38 56 43 8 63 47 29 24 41 18 33 81 2 7 69 70 82 48 
passengers: 353 346 342 367 362 309 51 191 94 90 226 292 220 59 87 127 172 174 276 119 99 78 72 0 

3525.82	11048	13905
tour: 0 95 59 94 61 51 53 13 49 73 67 62 38 56 43 8 63 47 29 24 41 14 23 17 18 33 81 2 7 69 70 57 5 72 15 92 28 93 12 66 11 1 25 20 35 39 55 58 3 10 90 16 86 74 96 21 71 65 91 85 79 31 80 46 87 30 19 6 84 75 26 4 98 34 78 44 68 97 50 37 52 88 27 22 76 42 54 60 89 32 64 9 36 99 45 40 83 77 82 48 0 
bonus: 95 59 94 61 51 53 13 49 73 67 62 38 64 9 36 99 45 40 83 77 82 48 
passengers: 339 346 341 347 342 6 48 176 0 3 2 53 140 42 122 18 21 15 59 169 81 183 184 131 371 233 

2894.7	11121	15376
tour: 0 10 90 16 86 74 96 21 71 65 91 85 79 31 80 46 87 30 19 6 1 25 20 35 39 55 58 3 22 76 42 54 60 89 32 84 75 26 4 98 34 78 33 81 2 7 69 70 57 5 72 15 92 28 93 12 66 11 13 49 73 67 62 38 56 43 8 63 47 29 24 41 14 23 17 18 95 59 94 61 51 53 44 68 97 50 37 52 88 27 64 9 36 99 45 40 83 77 82 48 0 
bonus: 10 90 16 86 74 65 73 62 29 24 41 14 23 17 18 95 59 94 51 40 83 77 82 48 
passengers: 18 19 17 59 65 169 157 112 220 373 126 187 189 56 136 325 258 303 149 142 246 48 367 233 

2832.82	11124	14018
tour: 0 10 90 16 86 74 96 21 35 81 2 19 6 1 25 20 4 98 34 78 44 68 97 50 37 52 88 27 64 9 36 99 45 57 5 72 15 92 28 93 12 66 11 13 49 73 67 62 38 56 43 8 63 47 29 91 85 79 31 80 46 87 30 39 55 58 3 22 76 42 54 60 89 32 84 75 26 23 17 18 95 59 94 61 51 53 24 41 14 33 40 83 77 71 65 7 69 70 82 48 0 
bonus: 10 90 16 76 42 54 60 89 32 84 24 41 14 33 40 83 77 71 65 7 69 70 82 48 
passengers: 16 21 15 61 62 183 184 357 131 205 207 56 136 137 138 47 150 168 290 156 94 254 127 99 75 77 346 341 367 361 233 

2980.38	10933	11409
tour: 0 10 90 16 86 74 96 21 35 19 6 1 25 20 4 57 5 72 15 92 28 93 12 66 11 98 34 78 44 68 97 50 37 52 88 27 64 9 36 99 45 40 83 77 71 65 91 85 79 31 80 46 87 30 39 55 58 3 22 76 42 54 60 89 32 84 75 26 23 17 18 95 59 94 61 51 53 13 49 73 67 62 38 56 43 8 63 47 29 24 41 14 33 81 2 7 69 70 82 48 0 
bonus: 64 9 36 99 45 40 83 63 47 29 24 41 14 7 69 70 82 48 
passengers: 16 21 15 61 63 135 191 185 359 132 131 295 160 220 94 172 127 96 99 75 339 322 301 146 246 0 

3031.38	10536	3916
tour: 0 10 90 16 86 74 96 21 35 39 55 58 3 45 40 83 77 71 65 91 85 79 31 80 46 87 30 19 6 84 75 26 23 17 18 95 59 94 61 51 53 13 49 73 67 62 38 56 43 8 63 47 29 24 41 14 33 81 2 7 69 70 57 5 72 15 92 28 93 12 66 11 1 25 20 4 98 34 78 44 68 97 50 37 52 88 27 22 76 42 54 60 89 32 64 9 36 99 82 48 0 
bonus: 10 90 24 99 82 48 
passengers: 18 17 65 66 64 218 236 168 160 80 339 214 9 312 143 102 0 3 33 183 184 329 131 

3021.42	12658	40950
tour: 0 63 47 29 24 41 14 33 51 53 13 49 73 67 62 38 56 43 8 22 76 42 54 60 89 32 84 75 26 23 17 18 95 59 94 61 9 36 99 45 40 83 77 71 65 91 85 79 31 80 46 87 30 39 55 58 3 10 90 16 86 74 96 21 35 81 2 19 6 1 25 20 4 98 34 78 44 68 97 50 37 52 88 27 64 57 5 72 15 92 28 93 12 66 11 7 69 70 82 48 0 
bonus: 63 47 29 24 41 14 33 51 53 13 49 73 67 62 38 56 43 8 22 76 42 54 60 89 32 84 75 26 23 17 18 95 59 94 61 9 36 99 45 40 83 77 71 65 91 79 20 4 98 34 78 44 68 97 50 37 52 88 27 64 57 5 7 69 70 82 48 
passengers: 299 302 306 307 310 48 47 7 371 71 70 10 284 275 278 297 89 196 199 0 113 123 337 357 56 32 43 39 

3256.47	12178	34095
tour: 0 10 90 16 86 74 96 21 35 81 2 19 6 1 25 20 46 87 30 39 55 58 3 22 76 42 54 60 36 99 45 40 83 77 82 48 97 50 37 52 88 27 64 9 4 98 34 78 44 68 41 14 33 51 53 24 89 32 84 75 26 23 17 18 95 59 94 61 62 38 56 43 8 63 47 29 91 85 79 31 80 71 65 7 69 70 57 5 72 15 92 28 93 12 66 11 13 49 73 67 0 
bonus: 10 90 16 86 74 96 21 35 81 2 19 6 1 99 45 40 83 77 82 48 97 50 37 52 88 27 64 9 4 78 44 68 41 14 33 51 53 24 89 32 84 75 26 23 17 95 93 12 66 11 13 49 73 67 
passengers: 17 62 65 63 66 152 222 206 230 317 208 187 265 246 48 52 127 96 68 79 80 217 257 300 166 56 44 43 

2783.55	10684	4699
tour: 0 10 90 47 29 24 16 86 74 96 21 35 39 55 58 3 45 40 83 77 71 65 91 85 79 31 80 46 87 30 19 6 1 25 20 4 57 5 72 15 92 28 93 12 66 11 98 34 78 44 68 41 14 33 81 2 7 69 70 82 48 97 50 37 52 88 27 22 76 42 54 60 89 32 64 9 36 99 62 38 56 43 8 63 84 75 26 23 17 18 95 59 94 61 51 53 13 49 73 67 0 
bonus: 10 90 47 29 24 16 86 39 73 67 
passengers: 18 17 309 311 312 65 222 166 152 81 83 55 33 183 317 335 132 14 205 127 128 75 77 

2956.67	11440	19271
tour: 0 10 90 47 29 24 16 86 74 96 21 35 81 2 7 69 70 82 48 97 50 37 52 88 27 22 76 42 54 60 89 32 64 9 36 99 45 40 83 77 71 65 91 85 79 31 80 46 87 30 19 6 1 25 20 4 57 5 72 15 92 39 55 58 3 63 84 75 26 23 17 18 95 59 94 61 62 38 56 43 8 28 93 12 66 11 98 34 78 44 68 41 14 33 51 53 13 49 73 67 0 
bonus: 10 90 47 29 24 16 86 74 96 21 35 81 2 82 64 9 36 99 45 40 83 77 71 65 91 85 79 13 49 73 67 
passengers: 19 15 309 299 313 59 196 359 131 93 372 174 170 291 160 116 118 54 56 127 75 257 140 44 34 187 246 

3008.65	10797	6519
tour: 0 10 90 47 29 24 16 86 74 96 21 35 81 2 7 69 70 82 48 97 50 37 52 88 27 22 76 42 54 40 83 77 71 65 91 85 79 31 80 46 87 30 19 6 1 25 20 4 98 34 78 44 68 41 14 33 51 53 13 60 89 32 64 9 36 99 45 57 5 72 15 38 56 43 8 28 93 12 66 11 92 39 55 58 3 63 84 75 26 23 17 18 95 59 94 61 62 49 73 67 0 
bonus: 10 19 17 18 95 59 94 61 62 49 73 67 
passengers: 18 15 17 309 299 63 210 131 93 378 166 160 81 121 360 172 14 207 54 56 7 43 127 128 73 

2892.68	12488	37881
tour: 0 10 90 16 86 74 96 21 35 81 2 19 6 1 25 20 4 98 34 78 44 68 83 77 71 65 91 85 79 31 80 46 87 30 39 55 58 3 45 40 52 88 27 64 57 5 72 15 92 28 93 12 66 11 7 69 70 82 48 97 50 37 22 76 42 54 60 89 32 84 75 26 23 17 18 95 59 94 61 9 36 99 62 38 56 43 8 63 47 29 24 41 14 33 51 53 13 49 73 67 0 
bonus: 10 90 16 86 74 96 21 35 81 2 19 6 1 25 20 4 98 34 78 44 68 83 77 71 39 55 58 3 45 40 64 84 75 26 23 17 18 95 59 94 61 9 36 99 62 38 56 43 8 63 47 29 24 41 14 33 51 53 13 49 73 67 
passengers: 18 21 17 61 65 191 185 166 292 152 220 224 286 54 314 208 209 172 127 96 99 75 68 80 258 306 146 106 246 237 

2823.48	11229	16223
tour: 0 10 90 47 29 24 16 86 74 96 21 35 81 2 7 69 70 57 5 72 15 92 39 55 58 3 45 40 83 77 71 65 91 85 79 31 80 46 87 30 19 6 36 99 82 48 97 50 37 52 88 27 22 76 42 54 60 89 32 64 9 63 84 75 26 23 17 18 95 59 94 61 62 38 56 43 8 28 93 12 66 11 1 25 20 4 98 34 78 44 68 41 14 33 51 53 13 49 73 67 0 
bonus: 10 90 47 16 28 93 12 66 11 1 25 20 4 98 34 78 44 68 41 14 33 51 53 13 49 73 67 
passengers: 18 17 309 311 300 65 55 220 169 160 81 314 132 172 13 95 99 100 9 140 112 85 187 190 268 246 237 

2985.1	12204	31921
tour: 0 10 90 47 29 24 16 86 74 96 21 71 65 91 85 79 31 80 46 87 30 19 6 1 25 20 35 81 2 7 69 70 57 5 72 15 92 39 55 58 3 63 84 50 37 52 88 27 22 76 42 54 60 89 32 64 9 36 99 45 40 83 77 82 48 97 61 62 38 56 43 8 95 59 94 4 98 34 78 75 26 23 17 18 33 51 53 44 68 41 14 28 93 12 66 11 13 49 73 67 0 
bonus: 10 90 47 29 24 16 86 74 96 21 71 65 91 85 79 31 80 46 87 30 19 6 1 25 20 35 81 2 7 69 70 57 5 72 15 92 39 55 58 3 63 84 37 27 93 12 66 11 13 49 73 67 
passengers: 18 17 309 311 312 65 166 153 81 196 55 220 329 357 132 254 172 14 127 95 99 75 69 176 344 268 246 44 43 

2760.07	11050	10833
tour: 0 10 90 47 29 24 16 86 74 96 21 71 65 91 85 79 31 80 46 87 30 19 6 36 99 76 42 54 60 89 32 64 9 63 84 4 98 34 78 75 26 23 17 18 95 59 94 61 62 38 56 43 8 28 93 12 66 11 1 25 20 35 81 2 7 69 70 57 5 72 15 92 39 55 58 3 45 40 83 77 82 48 97 50 37 52 88 27 22 44 68 41 14 33 51 53 13 49 73 67 0 
bonus: 10 90 47 29 24 16 86 74 96 21 71 65 91 85 79 31 73 67 
passengers: 18 19 17 309 299 59 168 160 369 172 174 101 80 257 9 141 33 112 196 200 199 0 5 55 335 131 268 246 237 

2768.17	10815	7120
tour: 0 10 90 47 29 24 16 86 74 96 21 35 81 2 7 69 70 57 5 72 15 92 28 93 12 66 11 13 49 73 67 62 38 56 43 8 63 84 4 98 34 78 75 26 23 17 18 95 59 94 61 9 36 99 76 53 44 68 41 14 33 51 39 55 58 3 45 40 83 77 82 48 97 50 37 52 88 27 22 87 30 19 6 1 25 20 46 31 80 71 65 91 85 79 42 54 60 89 32 64 0 
bonus: 10 90 47 29 24 16 86 74 96 21 2 64 
passengers: 16 309 300 313 301 64 87 3 1 140 40 213 7 185 98 74 75 13 353 220 329 93 117 290 

2817.82	11345	17380
tour: 0 28 93 12 66 11 98 34 78 75 26 23 17 18 95 59 94 4 57 5 72 15 92 39 55 58 3 10 90 47 29 24 16 86 74 96 21 76 42 54 60 89 32 64 9 36 99 45 40 83 77 71 65 91 85 79 31 80 46 87 30 19 6 1 25 20 35 81 2 7 69 70 82 48 97 61 62 38 56 43 8 63 84 50 37 52 88 27 22 44 68 41 14 33 51 53 13 49 73 67 0 
bonus: 28 93 12 66 11 98 34 78 75 26 23 18 99 45 80 46 87 30 19 6 1 25 20 35 81 73 67 
passengers: 140 42 43 22 31 185 188 220 18 309 59 255 174 170 284 169 112 113 114 85 196 335 131 268 246 

3099.08	12510	38450
tour: 0 10 90 47 29 24 41 14 33 51 53 13 60 89 32 11 7 69 70 57 5 72 15 92 28 93 12 66 64 9 36 99 82 48 97 50 37 22 76 42 54 40 52 88 27 58 3 45 16 86 74 96 21 35 81 2 19 6 1 25 20 4 98 34 78 44 68 83 77 71 65 91 85 79 31 80 46 87 30 39 55 38 56 43 8 63 84 75 26 23 17 18 95 59 94 61 62 49 73 67 0 
bonus: 10 90 47 29 24 41 14 33 51 53 13 60 89 32 28 36 99 82 48 97 50 37 22 76 42 54 78 44 68 83 77 71 65 91 85 79 31 80 46 87 30 39 55 38 56 43 8 63 84 75 26 23 17 18 95 59 94 61 62 49 73 67 
passengers: 16 19 20 300 303 176 171 1 135 140 13 10 93 130 89 199 120 191 185 189 190 265 291 225 213 7 8 127 128 73 

2703.77	11596	22182
tour: 0 10 90 16 86 74 96 21 88 27 19 6 84 4 98 34 78 75 26 23 17 18 95 59 94 61 62 38 56 43 8 63 47 29 24 41 14 33 51 53 44 68 83 77 71 65 91 85 79 31 80 46 87 30 39 55 58 3 45 40 52 1 25 20 35 81 2 7 69 70 57 5 72 15 92 28 93 12 66 64 9 36 99 82 48 97 50 37 22 76 42 54 60 89 32 11 13 49 73 67 0 
bonus: 10 90 16 98 51 53 44 68 83 77 71 65 91 85 79 31 80 87 40 52 1 25 20 35 81 2 7 60 89 32 11 13 49 73 67 
passengers: 21 15 60 61 64 132 187 189 96 214 258 149 150 110 246 178 179 166 292 290 152 284 285 198 56 139 205 335 374 

3027.33	11399	18709
tour: 0 63 47 29 24 41 14 33 51 53 44 68 83 77 71 65 91 85 79 31 80 46 87 30 19 6 1 25 20 9 36 99 45 40 52 88 27 64 57 5 72 15 92 39 55 58 3 10 90 16 86 74 96 21 35 81 2 7 69 70 82 48 97 50 37 22 76 42 54 60 89 32 84 4 98 34 78 75 26 23 17 18 95 59 94 61 62 38 56 43 8 28 93 12 66 11 13 49 73 67 0 
bonus: 63 47 29 24 41 14 51 78 75 26 18 95 59 94 61 62 38 56 43 8 28 93 12 66 11 13 49 73 67 
passengers: 311 312 303 307 308 49 81 82 10 11 207 220 222 19 87 94 172 189 127 128 95 68 73 80 257 44 43 

2875.15	11077	11177
tour: 0 10 90 47 29 24 16 86 74 96 21 76 42 54 60 89 32 64 9 63 84 4 98 34 78 75 26 23 17 18 95 59 94 61 62 38 56 43 8 28 93 12 66 11 1 25 20 35 81 2 7 69 70 57 5 72 15 92 39 55 58 3 45 40 83 77 71 65 91 85 79 31 80 46 87 30 19 6 36 99 82 48 97 50 37 52 88 27 22 44 68 41 14 33 51 53 13 49 73 67 0 
bonus: 10 90 47 29 24 16 86 74 20 7 69 70 57 33 51 53 13 49 73 67 
passengers: 19 21 309 299 313 59 87 369 172 174 182 101 78 257 138 118 200 199 0 5 55 58 224 169 152 205 335 131 268 246 237 

2692.8	11096	12409
tour: 0 10 90 47 29 24 16 86 74 96 21 88 27 22 44 37 52 15 92 28 93 12 66 11 98 34 78 75 26 23 17 18 95 59 94 4 57 5 72 68 41 87 30 19 6 1 25 20 35 81 2 7 69 70 82 48 97 61 62 38 56 43 8 63 84 50 14 33 51 39 55 58 3 45 40 83 77 71 65 91 85 79 31 80 46 42 54 60 89 32 64 9 36 99 76 53 13 49 73 67 0 
bonus: 10 90 47 14 33 51 39 55 58 3 45 40 83 77 71 65 91 85 79 73 67 
passengers: 16 21 15 309 313 61 87 132 137 182 187 101 74 246 160 200 201 5 335 329 328 179 180 228 295 378 374 205 

2729.72	11271	14816
tour: 0 10 90 47 29 24 16 86 74 96 21 88 27 22 44 37 52 15 92 28 93 12 66 11 98 34 78 75 26 23 17 18 95 59 94 4 57 5 72 68 41 25 20 35 81 2 7 69 70 82 48 97 61 62 38 56 43 8 63 84 50 14 33 51 39 55 58 3 45 40 83 77 71 65 91 85 79 31 80 46 87 30 19 6 1 42 54 60 89 32 64 9 36 99 76 53 13 49 73 67 0 
bonus: 10 90 47 78 75 26 23 17 18 95 59 94 4 57 5 72 68 41 25 20 35 2 73 67 
passengers: 16 21 15 309 313 61 87 132 140 182 187 189 101 74 246 200 201 5 259 335 329 49 178 161 156 81 378 205 

2972.3	10965	9312
tour: 0 10 90 16 86 74 96 21 35 81 2 7 69 70 57 5 72 15 92 28 93 12 66 11 1 25 20 46 31 80 71 65 91 85 79 42 54 60 89 32 84 61 62 38 56 43 8 63 47 29 24 41 87 30 19 6 36 99 68 83 77 82 48 97 50 14 33 51 39 55 58 3 45 40 52 88 27 64 9 75 26 23 17 18 95 59 94 4 98 34 78 44 37 22 76 53 13 49 73 67 0 
bonus: 10 90 16 86 74 96 21 35 81 2 7 88 27 64 73 67 
passengers: 16 18 59 64 198 138 377 375 368 173 214 109 104 246 335 48 222 286 356 127 69 184 190 264 

2679.03	13312	52886
tour: 0 10 90 47 29 24 16 86 74 96 21 88 27 64 9 36 99 82 48 97 50 37 52 42 54 60 89 32 84 4 98 34 78 75 26 23 17 18 95 59 94 61 62 38 56 43 8 63 22 76 53 44 68 41 14 33 51 39 55 58 3 45 40 83 77 71 65 91 85 79 31 80 46 87 30 19 6 1 25 20 35 81 2 7 69 70 57 5 72 15 92 28 93 12 66 11 13 49 73 67 0 
bonus: 10 90 47 29 24 16 86 74 96 21 88 27 64 9 36 99 82 48 97 50 37 52 42 54 60 84 4 98 34 78 75 26 23 17 18 95 59 94 61 62 38 56 43 44 68 41 14 33 51 39 55 58 3 45 40 83 77 71 65 91 79 80 46 87 30 19 6 1 25 20 35 81 2 7 69 70 57 5 72 15 92 28 93 73 67 
passengers: 19 15 309 299 313 59 87 132 378 172 171 98 99 75 93 367 178 347 234 166 163 112 56 44 43 

3646.5	11781	24195
tour: 0 10 90 16 86 74 96 21 35 81 2 7 69 70 57 5 72 15 92 39 55 58 3 45 40 52 88 27 64 9 63 47 29 24 41 87 30 19 6 36 99 68 83 77 82 48 97 50 14 33 51 53 44 37 22 76 42 54 60 89 32 84 4 98 34 78 75 26 23 12 66 11 13 49 17 18 95 59 94 61 62 38 56 43 8 28 93 1 25 20 46 31 80 71 65 91 85 79 73 67 0 
bonus: 10 90 16 86 74 96 21 35 81 2 7 69 70 57 5 72 15 92 39 55 58 3 45 40 52 93 1 25 20 46 31 80 71 65 91 85 79 73 67 
passengers: 65 66 67 196 192 221 230 354 299 107 246 48 176 265 254 369 95 80 215 257 9 138 

3020.72	11832	26495
tour: 0 10 90 47 29 24 41 87 30 19 6 1 25 20 46 31 80 71 65 91 85 79 42 54 60 89 32 84 75 26 23 17 18 95 59 94 4 16 86 74 96 21 35 81 2 7 69 70 68 83 77 40 52 88 27 64 9 36 99 82 48 97 50 14 33 51 39 55 58 3 45 57 5 72 15 92 28 93 12 66 11 98 34 78 44 37 22 76 53 13 49 73 61 62 38 56 43 8 63 67 0 
bonus: 10 90 47 29 24 41 87 30 19 6 1 25 20 46 31 80 71 86 74 96 21 68 51 39 55 58 3 45 57 76 53 13 49 73 61 62 38 56 43 8 63 67 
passengers: 18 19 17 309 299 157 167 377 172 127 101 74 60 62 196 357 131 206 335 51 176 140 40 184 326 

2962.73	11749	24105
tour: 0 10 90 16 86 74 96 21 35 81 2 7 69 70 68 83 77 82 48 97 50 14 33 51 39 55 38 56 43 8 63 47 29 24 41 87 30 19 6 1 25 20 46 31 80 71 65 91 85 79 42 54 40 58 3 22 76 53 44 37 52 88 27 64 9 36 99 45 57 5 72 15 92 28 93 12 66 11 13 60 89 32 84 4 98 34 78 75 26 23 17 18 95 59 94 61 62 49 73 67 0 
bonus: 10 90 16 86 74 96 21 35 81 2 7 69 70 68 83 77 82 19 6 1 25 20 46 31 36 99 23 17 18 95 59 94 61 62 49 73 67 
passengers: 20 17 60 65 64 178 179 225 212 214 107 161 155 166 253 94 360 357 14 54 140 172 127 128 73 

2931.08	11808	23525
tour: 0 10 90 58 3 45 40 52 42 54 60 89 32 84 50 37 22 76 53 44 68 83 77 71 65 91 85 79 31 80 46 87 30 19 6 1 25 20 35 81 2 7 69 70 57 5 72 15 92 28 93 12 66 11 98 34 78 75 26 23 17 18 95 59 94 4 16 86 74 96 21 88 27 64 9 36 99 82 48 97 61 62 38 56 43 8 63 47 29 24 41 14 33 51 39 55 13 49 73 67 0 
bonus: 10 90 58 3 45 40 52 42 54 60 89 32 84 50 37 22 76 53 81 2 7 69 70 57 5 72 15 92 63 47 29 24 41 14 33 51 39 55 13 49 73 67 
passengers: 18 19 17 284 286 174 210 166 163 81 123 200 3 54 40 24 28 127 68 12 214 258 261 306 146 104 106 246 

2643.78	12379	35341
tour: 0 10 90 47 29 24 41 14 33 51 39 55 58 3 45 40 52 42 54 60 89 32 16 86 74 96 21 88 27 64 9 36 99 82 48 97 61 62 38 56 43 8 63 84 50 37 22 76 53 44 68 83 77 71 65 91 85 17 18 95 59 94 4 98 34 78 75 26 23 79 31 80 46 87 30 19 6 1 25 20 35 81 2 7 69 70 57 5 72 15 92 28 93 12 66 11 13 49 73 67 0 
bonus: 10 90 47 29 24 41 14 33 51 39 55 58 3 45 40 52 42 54 60 89 32 16 86 74 96 21 88 27 64 9 36 99 82 48 97 61 62 38 56 43 8 63 84 50 37 22 76 53 44 68 83 77 71 65 91 85 73 67 
passengers: 19 20 15 309 299 180 375 171 62 63 131 317 331 208 94 91 271 78 129 126 101 295 112 200 0 3 4 56 44 43 

2768.72	11931	28108
tour: 0 10 90 16 86 74 96 21 35 81 2 7 69 70 57 5 72 15 92 28 93 12 66 11 78 75 26 46 31 80 71 65 91 85 79 42 54 60 89 32 84 4 98 34 23 17 18 95 59 94 61 62 38 56 43 8 63 47 29 24 41 87 30 19 6 1 25 20 9 36 99 76 53 13 49 73 67 37 22 44 68 83 77 82 48 97 50 14 33 51 39 55 58 3 45 40 52 88 27 64 0 
bonus: 10 90 16 86 74 96 21 35 81 2 7 69 70 63 47 29 99 76 53 13 49 73 67 37 22 44 68 83 77 82 48 97 50 14 33 51 39 55 58 3 45 40 52 88 27 64 
passengers: 16 18 59 198 200 3 140 40 168 368 172 183 97 80 9 311 246 152 81 85 11 205 45 266 328 175 279 

2691.48	12109	30815
tour: 0 10 90 16 86 74 96 21 35 81 2 7 69 70 57 5 72 15 92 28 93 12 66 11 13 49 73 67 37 22 76 53 44 68 83 77 71 65 80 46 31 91 85 79 42 54 60 89 32 84 4 98 34 78 75 26 23 17 18 95 59 94 61 62 38 56 43 8 63 47 29 24 41 87 30 19 6 1 25 20 9 36 99 82 48 97 50 14 33 51 39 55 58 3 45 40 52 88 27 64 0 
bonus: 10 90 16 86 74 96 21 35 81 2 7 69 70 57 5 72 15 92 28 93 12 66 11 13 49 73 67 37 22 76 53 44 68 83 77 71 65 80 46 31 91 79 62 40 52 88 27 64 
passengers: 16 63 197 200 199 0 3 4 140 44 47 321 208 360 172 173 183 97 74 68 258 149 109 152 206 328 337 175 279 

2905.78	12631	40249
tour: 0 10 90 47 29 24 41 87 30 19 6 36 99 82 48 97 50 14 33 51 39 55 38 56 43 8 63 84 4 16 86 74 96 21 88 27 58 3 45 40 52 1 25 20 35 81 2 7 69 70 57 5 72 15 92 28 93 12 66 11 98 34 78 44 37 22 76 53 13 80 46 31 68 83 77 71 65 91 85 79 42 54 60 89 32 64 9 75 26 23 17 18 95 59 94 61 62 49 73 67 0 
bonus: 10 90 47 29 24 41 87 30 19 6 36 99 82 48 97 50 14 58 3 45 40 52 1 25 20 35 81 2 7 69 70 57 5 72 15 92 28 93 12 66 11 98 34 78 44 37 22 76 53 13 80 46 31 68 54 60 89 95 59 94 61 62 49 73 67 
passengers: 20 15 17 309 311 160 206 50 175 6 63 66 131 134 284 230 123 197 27 264 208 209 94 360 254 172 127 73 

2969.03	11887	26526
tour: 0 10 90 47 29 24 41 87 30 19 6 1 25 20 35 81 2 7 69 70 57 5 72 68 83 77 40 58 3 45 16 86 74 96 21 88 27 22 76 53 44 37 52 15 92 28 93 12 66 11 13 23 17 18 95 59 94 4 98 34 78 75 26 46 31 80 71 65 91 85 79 42 54 60 89 32 64 9 36 99 82 48 97 50 14 33 51 39 55 38 56 43 8 63 84 61 62 49 73 67 0 
bonus: 10 90 47 29 24 41 87 30 19 6 1 25 20 35 81 2 7 69 70 57 5 72 68 83 77 40 58 3 45 16 86 74 78 75 46 8 63 84 61 62 49 73 67 
passengers: 17 309 311 312 300 158 116 196 0 230 231 275 61 87 362 264 208 356 74 71 191 185 291 296 294 335 330 336 342 225 

2787.68	11462	19242
tour: 0 10 90 47 29 24 41 87 30 19 6 36 99 68 83 77 82 48 97 50 14 33 51 53 44 37 22 76 42 54 40 52 88 27 58 3 45 16 86 74 96 21 35 81 2 7 69 70 57 5 72 15 92 39 55 38 56 43 8 28 93 1 25 20 46 31 80 71 65 91 85 79 17 18 95 59 94 4 98 34 78 75 26 23 12 66 11 13 60 89 32 64 9 63 84 61 62 49 73 67 0 
bonus: 10 90 47 29 24 41 87 30 19 6 36 99 68 83 77 82 48 14 86 74 96 21 35 81 2 7 69 70 73 67 
passengers: 20 15 17 309 299 152 329 175 252 377 357 130 134 65 87 88 220 140 112 73 44 41 

2679	11294	14533
tour: 0 10 90 47 29 24 41 87 30 19 6 1 25 20 9 36 99 76 53 13 49 73 67 37 22 44 68 83 77 82 48 97 50 14 33 51 39 55 58 3 45 40 52 88 27 8 63 84 4 98 34 23 17 18 95 59 94 61 62 38 56 43 16 86 74 96 21 35 81 2 7 69 70 57 5 72 15 92 28 93 12 66 11 78 75 26 46 31 80 71 65 91 85 79 42 54 60 89 32 64 0 
bonus: 10 90 47 29 24 41 87 30 19 6 25 56 43 16 86 74 96 21 35 81 2 7 69 70 64 
passengers: 17 311 312 303 306 160 81 85 11 205 45 47 265 48 52 6 101 78 217 257 59 198 0 3 138 139 43 27 

2812.93	12476	35899
tour: 0 10 90 47 29 24 41 87 30 19 6 1 25 20 9 36 99 82 48 97 50 14 33 51 39 55 58 3 45 40 52 88 27 8 63 84 4 98 34 78 75 26 23 17 18 95 59 94 61 62 38 56 43 16 86 74 96 21 35 81 2 7 69 70 57 5 72 15 92 28 93 12 66 11 13 49 73 67 37 22 76 53 44 68 83 77 71 65 80 46 31 91 85 79 42 54 60 89 32 64 0 
bonus: 10 90 47 29 24 41 87 30 19 6 1 25 20 9 36 99 82 48 23 17 18 95 59 94 61 62 38 56 43 16 86 74 96 21 35 81 2 7 69 70 57 5 72 76 53 44 68 83 77 71 65 80 46 31 91 79 64 
passengers: 20 15 17 311 312 160 81 85 14 48 181 132 6 182 127 101 78 212 63 197 200 0 3 4 44 321 360 271 290 

2875.85	11023	9331
tour: 0 10 90 47 29 24 41 87 30 19 6 1 25 20 9 36 99 45 46 31 80 71 65 91 85 79 42 54 40 58 3 22 76 53 44 37 52 88 27 64 57 5 72 15 92 28 93 12 66 11 13 60 89 32 16 86 74 96 21 35 81 2 7 69 70 68 83 77 82 48 97 50 14 33 51 39 55 38 56 43 8 63 84 4 98 34 78 75 26 23 17 18 95 59 94 61 62 49 73 67 0 
bonus: 10 90 47 29 24 41 87 30 25 95 59 94 61 62 49 73 67 
passengers: 18 15 17 299 311 161 81 10 11 166 377 90 357 130 56 140 139 60 87 88 200 5 48 181 127 128 73 

2622.97	11978	27740
tour: 0 10 90 47 29 24 41 25 20 9 36 99 82 48 97 50 14 33 51 39 55 38 56 43 8 63 84 4 98 34 78 75 26 23 17 18 95 59 94 61 62 49 73 67 37 22 76 53 44 68 83 77 71 65 91 85 79 31 80 46 87 30 19 6 1 42 54 40 52 88 27 58 3 45 16 86 74 96 21 35 81 2 7 69 70 57 5 72 15 92 28 93 12 66 11 13 60 89 32 64 0 
bonus: 10 90 47 29 24 41 25 20 9 36 99 82 48 97 50 14 33 51 39 55 38 56 43 8 63 84 4 23 17 18 95 59 94 61 62 73 87 30 19 6 42 13 60 89 32 64 
passengers: 20 312 302 303 307 85 14 48 52 181 7 191 127 98 69 77 320 367 270 166 292 163 231 284 275 59 200 199 0 3 4 56 139 44 

3373.65	13175	47494
tour: 0 10 90 47 29 24 41 87 30 19 6 1 25 20 35 81 2 7 69 70 57 5 72 68 83 77 71 65 91 54 60 36 99 82 48 97 50 14 33 51 89 32 64 9 75 26 23 17 18 95 59 94 4 16 86 74 28 93 12 66 11 98 34 78 44 37 22 76 53 13 80 46 31 85 79 42 96 21 88 27 58 3 45 40 52 15 92 39 55 38 56 43 8 63 84 61 62 49 73 67 0 
bonus: 10 90 47 29 24 41 87 30 19 6 1 25 20 35 81 2 7 69 70 57 5 72 68 83 77 71 65 91 33 51 89 32 64 9 75 26 23 17 18 95 59 94 4 16 86 74 28 93 12 66 11 98 34 78 44 37 22 76 13 58 3 45 40 52 15 92 39 55 38 56 43 8 63 84 61 62 49 73 67 
passengers: 17 299 311 312 300 152 81 85 1 375 314 331 48 14 10 127 95 69 61 135 191 265 266 291 287 229 225 

2570.28	11309	14787
tour: 0 10 90 47 29 24 41 87 30 19 6 1 25 20 9 36 99 82 48 97 50 14 33 81 2 7 69 70 57 5 72 15 92 28 93 12 66 11 51 39 55 38 56 43 8 63 84 75 26 23 17 18 95 59 94 4 98 34 78 44 68 83 77 71 65 80 46 31 91 85 79 42 54 40 52 88 27 58 3 45 16 86 74 96 21 35 61 62 49 73 67 37 22 76 53 13 60 89 32 64 0 
bonus: 10 90 47 29 24 41 87 30 19 6 1 25 20 82 86 73 67 37 22 76 53 13 60 89 32 64 
passengers: 16 20 17 311 312 160 81 83 206 48 176 140 138 40 6 7 76 182 191 295 167 130 59 63 197 193 321 360 

2626.08	11831	25946
tour: 0 10 90 47 29 24 41 87 30 19 6 1 25 20 9 63 84 4 98 34 78 75 26 23 17 18 95 59 94 61 62 49 73 67 37 22 76 53 44 68 83 77 71 65 91 85 79 31 80 46 42 54 40 52 88 27 58 3 45 16 86 74 96 21 35 81 2 7 69 70 57 5 72 15 92 39 55 38 56 43 8 28 93 12 66 11 13 60 36 99 82 48 97 50 14 33 51 89 32 64 0 
bonus: 10 90 47 29 24 41 87 30 19 6 1 25 20 9 63 84 4 98 34 78 75 26 23 88 45 8 28 93 60 36 99 82 48 97 50 14 33 51 89 32 64 
passengers: 21 17 311 312 303 161 81 14 11 191 184 188 127 76 90 367 291 252 231 357 284 200 201 199 0 3 4 257 139 44 33 34 45 206 336 180 

2659.35	11815	24122
tour: 0 10 90 47 29 85 79 31 80 46 42 96 21 35 81 2 7 69 70 57 5 72 15 92 39 55 38 56 43 8 63 84 61 62 49 73 67 37 22 76 53 24 41 87 30 19 6 1 25 20 9 75 26 23 17 18 95 59 94 4 98 34 78 44 68 83 77 71 65 91 54 40 52 88 27 58 3 45 16 86 74 28 93 12 66 11 13 60 36 99 82 48 97 50 14 33 51 89 32 64 0 
bonus: 10 90 47 29 85 79 31 80 46 42 96 21 35 81 2 7 69 56 18 95 59 94 4 98 78 52 88 28 99 82 48 97 50 14 33 51 89 32 64 
passengers: 18 302 300 313 301 166 197 1 53 54 7 367 121 14 127 128 100 76 69 183 186 270 231 233 357 285 283 139 206 336 180 

2648.03	12001	29209
tour: 0 10 90 47 29 24 41 87 30 19 6 1 25 20 9 54 60 36 99 82 48 97 61 62 49 73 67 37 22 76 53 44 68 83 77 40 52 88 27 58 3 45 16 86 74 28 93 12 66 11 13 23 17 18 95 59 94 4 98 34 78 75 26 46 31 80 71 65 91 85 79 42 96 21 35 81 2 7 69 70 57 5 72 15 92 39 55 38 56 43 8 63 84 50 14 33 51 89 32 64 0 
bonus: 10 90 47 29 24 41 87 30 19 6 1 25 20 9 54 60 36 99 82 48 97 61 62 49 73 67 37 22 76 53 68 81 2 7 69 70 57 8 63 84 50 14 33 51 89 32 64 
passengers: 17 299 311 312 303 152 81 11 377 378 370 317 94 367 270 231 356 284 275 126 291 290 252 200 201 199 0 5 220 221 261 336 180 

2600.37	13262	50407
tour: 0 10 90 47 29 24 41 87 30 19 6 36 99 82 48 97 50 14 33 51 39 55 38 56 43 8 63 84 61 62 49 17 18 95 59 94 4 98 34 78 44 68 83 77 40 52 88 27 58 3 45 16 86 74 96 21 35 81 2 25 20 9 75 26 46 31 80 71 65 91 85 79 73 67 37 22 76 53 13 23 12 66 11 7 69 70 57 5 72 15 92 28 93 1 42 54 60 89 32 64 0 
bonus: 10 90 47 29 24 41 87 30 19 6 36 99 82 48 97 50 14 33 51 39 55 38 56 43 8 63 84 61 62 49 17 18 95 59 94 78 44 68 83 77 40 52 88 27 58 3 45 16 86 74 96 21 35 81 2 25 20 9 75 31 12 66 11 7 69 70 57 5 72 15 92 28 93 1 42 54 60 89 32 64 
passengers: 20 17 311 302 307 160 206 48 181 175 6 7 76 182 191 356 132 63 197 126 290 91 360 95 43 27 56 139 

2620.05	12341	32928
tour: 0 10 90 47 29 24 41 87 30 19 6 1 25 20 9 75 26 23 17 18 95 59 94 4 16 86 74 28 93 12 66 11 98 34 78 44 68 83 77 71 65 91 54 60 36 99 82 48 97 50 14 33 51 89 32 38 56 43 8 63 84 61 62 49 73 67 37 22 76 53 13 80 46 31 85 79 42 96 21 35 81 2 7 69 70 57 5 72 15 92 39 55 58 3 45 40 52 88 27 64 0 
bonus: 10 90 47 29 24 41 87 30 19 6 1 25 20 9 75 26 23 17 18 95 59 94 4 16 86 74 28 93 12 98 68 80 46 31 85 79 42 96 21 35 81 2 7 69 70 57 5 72 40 52 88 27 64 
passengers: 16 17 309 311 312 163 81 83 14 127 74 60 140 40 24 183 205 335 179 212 327 324 90 292 166 196 200 55 279 

2643.1	11751	20916
tour: 0 10 90 47 29 24 41 25 20 9 36 99 82 48 97 61 62 49 73 67 37 22 76 53 44 68 83 77 71 65 91 85 79 31 80 46 87 30 19 6 1 42 54 40 52 88 27 58 3 45 16 86 74 96 21 35 81 2 7 69 70 57 5 72 15 92 28 93 12 66 11 78 75 26 23 17 18 95 59 94 4 98 34 38 56 43 8 63 84 50 14 33 51 39 55 13 60 89 32 64 0 
bonus: 10 90 47 29 24 41 25 20 36 6 1 42 17 18 95 59 94 4 98 34 38 56 43 8 63 84 50 14 33 51 39 55 13 60 89 32 64 
passengers: 18 17 311 312 303 11 320 90 166 163 155 254 357 87 54 140 24 127 99 74 75 185 261 336 180 220 

2528.03	10730	3040
tour: 0 10 90 47 29 24 41 87 30 19 6 36 99 82 48 97 50 14 33 51 39 55 38 56 43 8 63 84 4 98 34 78 44 68 83 77 40 52 88 27 58 3 45 16 86 74 96 21 35 81 2 25 20 9 75 26 46 31 80 71 65 91 85 79 17 18 95 59 94 61 62 49 73 67 37 22 76 53 13 23 12 66 11 7 69 70 57 5 72 15 92 28 93 1 42 54 60 89 32 64 0 
bonus: 10 90 47 87 75 65 64 
passengers: 20 15 17 311 302 160 81 181 6 182 191 130 63 87 197 14 127 295 79 77 321 91 360 95 43 27 56 139 

2942.37	12609	37930
tour: 0 10 90 47 29 24 41 87 30 19 6 1 25 20 9 36 99 82 48 97 61 62 49 73 67 37 22 76 53 44 68 83 77 71 65 80 46 31 91 85 79 42 54 40 52 88 27 58 3 45 16 86 74 96 21 35 81 2 7 69 70 57 5 72 15 92 28 93 12 66 11 78 75 26 23 17 18 95 59 94 4 98 34 38 56 43 8 63 84 50 14 33 51 39 55 13 60 89 32 64 0 
bonus: 10 90 47 29 24 41 87 30 19 6 1 25 20 9 36 99 82 48 97 61 62 49 73 67 37 22 76 53 68 81 2 7 69 70 57 5 72 15 92 28 93 12 66 11 78 75 26 23 17 18 95 59 94 33 51 39 55 13 60 89 32 64 
passengers: 17 311 312 303 142 152 81 10 11 324 90 367 363 231 284 87 88 200 199 194 0 3 5 40 74 80 336 180 220 

2969.67	12292	35095
tour: 0 10 90 47 29 24 41 87 30 19 6 1 25 20 35 81 2 7 69 70 57 5 72 15 92 39 55 38 56 43 8 63 84 50 14 33 51 89 32 64 9 75 26 46 31 80 71 28 93 12 66 11 98 34 78 44 37 22 76 53 13 23 79 17 18 95 65 91 85 59 94 4 16 86 74 96 21 88 27 58 3 45 40 52 42 54 60 36 99 68 83 77 82 48 97 61 62 49 73 67 0 
bonus: 10 90 47 29 24 41 87 30 19 6 1 25 20 35 81 2 63 84 50 14 33 51 89 32 64 9 75 26 46 31 80 71 28 93 12 66 11 54 60 36 99 68 83 77 82 48 97 61 62 49 73 67 
passengers: 17 311 312 302 300 160 81 85 1 331 333 48 14 10 127 290 264 208 76 72 62 285 374 

2778.32	12263	32124
tour: 0 10 90 47 29 24 41 87 30 19 6 1 42 54 40 52 88 27 58 3 45 16 86 74 96 21 35 81 2 25 20 9 36 99 82 48 97 50 14 33 51 39 55 13 60 89 7 69 70 57 5 72 15 38 56 43 8 63 84 61 62 49 73 67 37 22 76 53 44 68 83 77 71 65 80 46 31 91 85 79 17 18 95 59 94 4 98 34 78 75 26 23 12 66 11 92 28 93 32 64 0 
bonus: 10 90 47 29 24 41 87 30 19 6 1 42 54 40 52 88 27 58 3 45 16 86 74 96 21 35 81 2 25 20 9 82 97 50 14 33 51 39 55 13 60 89 7 76 53 44 68 83 77 71 65 80 64 
passengers: 15 17 309 299 311 152 81 377 355 130 60 200 112 11 335 353 212 323 208 94 360 362 95 43 139 

2573.32	11128	11179
tour: 0 10 90 47 29 24 41 87 30 19 6 1 42 54 60 89 7 69 70 57 5 72 15 38 56 43 8 63 84 4 98 34 78 75 26 46 31 80 71 65 91 85 79 17 18 95 59 94 61 62 49 73 67 37 22 76 53 44 68 83 77 40 52 88 27 58 3 45 16 86 74 96 21 35 81 2 25 20 9 36 99 82 48 97 50 14 33 51 39 55 13 23 12 66 11 92 28 93 32 64 0 
bonus: 10 80 71 65 91 79 55 13 23 12 66 11 92 28 93 32 64 
passengers: 18 17 299 311 302 160 256 369 262 7 8 191 127 295 167 76 69 327 325 266 355 60 113 205 336 176 344 220 95 43 139 

2567.48	11389	15640
tour: 0 10 90 47 29 24 41 87 30 19 6 1 25 20 9 75 26 23 17 18 95 59 94 4 98 34 38 56 43 8 63 84 50 14 33 51 89 32 16 86 74 28 93 12 66 11 78 44 68 83 77 71 65 91 54 60 36 99 82 48 97 61 62 49 73 67 37 22 76 53 13 80 46 31 85 79 42 96 21 35 81 2 7 69 70 57 5 72 15 92 39 55 58 3 45 40 52 88 27 64 0 
bonus: 10 73 67 37 22 76 53 13 80 46 31 85 79 42 96 21 35 81 2 7 69 40 52 88 27 64 
passengers: 21 17 309 311 312 160 81 85 14 127 74 183 6 335 176 62 63 138 205 207 327 90 292 166 196 55 279 

2520.32	12637	37909
tour: 0 10 90 47 29 24 41 87 30 19 6 1 25 20 9 63 84 4 98 34 23 17 18 95 59 94 61 62 38 56 43 8 28 93 12 66 11 78 75 26 46 31 80 77 71 65 91 85 79 42 54 40 52 88 27 58 3 45 16 86 74 96 49 73 67 37 22 76 53 44 68 83 21 35 81 2 7 69 70 57 5 72 15 92 39 55 13 60 36 99 82 48 97 50 14 33 51 89 32 64 0 
bonus: 10 90 47 29 24 41 87 30 19 6 1 25 20 9 63 84 4 98 34 18 46 31 80 77 71 58 73 67 37 22 76 53 44 68 83 21 35 81 2 7 69 70 57 5 72 15 92 39 55 13 60 36 99 82 48 97 50 14 33 51 89 32 64 
passengers: 16 21 17 311 312 160 81 83 14 191 6 135 43 25 295 292 230 130 284 65 327 266 200 199 0 4 5 220 221 45 206 180 

2606.63	12026	28441
tour: 0 10 90 47 29 24 41 87 30 19 6 1 42 54 40 52 88 27 58 3 45 16 86 74 96 21 35 81 2 25 20 9 75 26 23 79 73 67 37 22 76 53 13 60 36 99 82 48 97 61 62 49 17 18 95 65 80 46 31 91 85 59 94 4 98 34 78 44 68 83 77 71 28 93 12 66 11 7 69 70 57 5 72 15 92 39 55 38 56 43 8 63 84 50 14 33 51 89 32 64 0 
bonus: 10 90 47 29 24 41 87 30 19 6 1 42 54 40 52 88 27 58 3 45 16 86 74 96 21 35 81 2 25 20 9 75 26 23 79 8 63 84 50 14 33 51 89 32 64 
passengers: 15 17 309 299 311 161 81 377 356 132 62 14 11 127 128 98 362 207 69 291 166 185 265 220 221 225 261 336 180 

2514.1	12546	37425
tour: 0 10 90 47 29 24 41 87 30 19 6 1 25 20 9 63 84 4 98 34 38 56 43 8 28 93 12 66 11 78 75 26 23 17 18 95 59 94 61 62 49 73 67 37 22 76 53 44 68 83 77 71 65 80 46 31 91 85 79 42 54 40 52 88 27 58 3 45 16 86 74 96 21 35 81 2 7 69 70 57 5 72 15 92 39 55 13 60 36 99 82 48 97 50 14 33 51 89 32 64 0 
bonus: 10 90 47 29 24 41 87 30 19 6 1 25 20 9 63 84 4 98 34 38 56 43 8 28 93 12 66 88 27 58 3 45 16 86 74 96 21 35 81 2 7 69 70 57 92 39 55 13 60 36 99 82 48 97 50 14 33 51 89 32 64 
passengers: 16 21 17 311 312 160 81 83 14 184 7 138 43 30 127 76 69 90 270 292 166 130 284 285 200 199 194 0 4 5 220 45 206 336 180 

2670.43	12095	30786
tour: 0 10 90 47 29 24 41 87 30 19 6 1 25 20 9 63 84 61 62 49 73 67 37 22 76 53 44 68 83 77 40 52 88 27 58 3 45 16 86 74 96 21 35 81 2 7 69 70 57 5 72 15 92 39 55 13 23 17 18 95 59 94 4 98 34 38 56 43 8 28 93 12 66 11 78 75 26 46 31 80 71 65 91 85 79 42 54 60 36 99 82 48 97 50 14 33 51 89 32 64 0 
bonus: 10 90 47 29 24 41 87 30 19 6 1 25 20 9 63 84 62 38 56 43 8 28 93 12 66 11 78 75 26 46 31 80 71 65 91 85 79 42 99 82 48 97 50 14 33 51 64 
passengers: 17 309 311 312 303 161 81 10 11 327 324 90 61 87 88 200 4 222 47 68 71 80 191 183 257 138 139 296 294 375 206 336 180 

2618.93	11247	12150
tour: 0 10 90 47 29 24 41 87 30 19 6 1 42 54 40 52 88 27 58 3 45 16 86 74 96 49 17 18 95 59 94 4 98 34 23 12 66 11 78 75 26 46 31 80 77 71 65 91 85 79 73 67 37 22 76 53 44 68 83 21 35 81 2 25 20 9 36 99 82 48 97 61 62 38 56 43 8 63 84 50 14 33 51 39 55 13 60 89 7 69 70 57 5 72 15 92 28 93 32 64 0 
bonus: 10 90 47 29 24 41 87 30 19 6 1 42 54 40 52 88 27 58 45 93 32 64 
passengers: 15 17 309 299 311 163 254 377 356 132 61 182 101 98 24 298 211 361 200 201 85 217 336 176 180 341 56 139 

2666.9	11795	21915
tour: 0 10 90 47 29 24 41 87 30 19 6 1 42 54 40 52 88 27 58 3 45 16 86 74 96 38 56 43 8 63 84 4 98 34 23 12 66 11 78 75 26 46 31 80 77 71 65 91 85 79 17 18 95 59 94 61 62 49 73 67 37 22 76 53 44 68 83 21 35 81 2 25 20 9 36 99 82 48 97 50 14 33 51 39 55 13 60 89 7 69 70 57 5 72 15 92 28 93 32 64 0 
bonus: 10 90 47 29 24 41 87 30 19 6 1 42 54 40 52 88 27 58 14 33 51 39 55 13 60 89 7 69 70 57 5 72 15 92 28 93 32 64 
passengers: 15 17 309 299 311 160 254 377 356 132 61 7 182 101 98 127 168 74 78 327 200 199 0 113 336 176 341 220 56 139 

2487.03	12426	32470
tour: 0 10 90 47 29 24 41 87 30 19 6 1 42 40 52 88 27 58 3 45 16 86 74 96 21 35 81 2 25 20 9 63 84 4 98 34 78 75 26 23 12 66 11 13 80 46 31 85 79 17 18 95 59 94 61 62 49 73 67 37 22 76 53 44 68 83 77 71 65 91 54 60 36 99 82 48 97 50 14 33 51 89 7 69 70 57 5 72 15 92 39 55 38 56 43 8 28 93 32 64 0 
bonus: 10 90 47 29 24 41 87 30 19 6 1 42 40 52 88 27 58 3 45 16 86 81 9 63 84 4 98 34 78 75 26 23 12 66 11 13 80 46 31 85 79 17 18 95 59 94 61 62 56 43 8 28 93 32 64 
passengers: 15 17 309 311 312 161 81 132 61 83 14 11 191 127 98 44 47 295 168 74 69 327 322 361 265 330 176 180 220 217 257 139 

2605.53	12106	29147
tour: 0 10 90 47 29 24 41 87 30 19 6 1 42 40 52 88 27 58 3 45 16 86 74 96 21 35 81 2 25 20 9 75 26 23 79 17 18 95 65 91 54 60 36 99 82 48 97 61 62 49 73 67 37 22 76 53 13 80 46 31 85 59 94 4 98 34 78 44 68 83 77 71 28 93 12 66 11 7 69 70 57 5 72 15 92 39 55 38 56 43 8 63 84 50 14 33 51 89 32 64 0 
bonus: 10 90 47 29 24 41 87 30 19 6 1 42 40 52 88 27 58 3 45 16 86 81 9 75 26 23 79 17 18 99 82 48 97 80 46 31 4 8 63 84 50 14 33 51 89 32 64 
passengers: 15 17 309 311 312 161 81 132 62 84 14 11 127 98 77 205 362 366 291 166 185 189 220 221 225 261 336 180 

2686.82	13015	46510
tour: 0 10 90 47 29 24 41 87 30 19 6 1 42 54 40 52 88 27 58 3 45 16 86 74 96 49 17 18 95 59 94 4 98 34 23 12 66 11 78 75 26 46 31 80 77 71 65 91 85 79 73 67 37 22 76 53 44 68 83 21 35 81 2 25 20 9 63 84 50 14 33 51 89 7 69 70 57 5 72 15 92 39 55 13 60 36 99 82 48 97 61 62 38 56 43 8 28 93 32 64 0 
bonus: 10 90 47 29 24 41 87 30 19 6 1 42 54 40 52 88 27 58 45 46 31 80 77 71 65 91 85 79 73 67 37 22 76 53 44 68 81 2 25 20 9 63 84 50 14 33 51 89 7 69 70 57 5 72 15 92 39 55 13 60 36 99 82 48 97 61 62 38 56 43 8 28 93 32 64 
passengers: 15 17 309 299 311 163 254 377 356 132 61 182 101 98 30 298 211 93 361 200 199 0 113 85 330 176 341 4 56 220 318 257 139 

2550.12	11854	22849
tour: 0 10 90 47 29 24 41 87 30 19 6 1 42 54 60 36 99 82 48 97 50 14 33 51 89 7 69 70 57 5 72 15 92 39 55 13 23 12 66 11 78 75 26 46 31 80 71 65 91 85 79 73 67 37 22 76 53 44 68 83 77 40 52 88 27 58 3 45 16 86 74 96 21 35 81 2 25 20 9 63 84 61 62 49 17 18 95 59 94 4 98 34 38 56 43 8 28 93 32 64 0 
bonus: 10 90 47 29 24 41 87 30 19 6 1 42 54 60 36 99 82 48 97 50 14 33 51 89 72 15 92 39 55 13 23 12 66 11 78 75 26 64 
passengers: 20 17 299 311 300 152 254 375 314 331 179 54 98 43 25 292 167 208 265 231 284 287 59 201 68 217 257 139 

2548.05	12353	31328
tour: 0 10 90 47 29 24 41 87 30 19 6 1 42 54 60 89 7 69 70 57 5 72 15 92 28 93 32 16 86 74 96 49 73 67 37 22 76 53 44 68 83 21 35 81 2 25 20 9 36 99 82 48 97 61 62 38 56 43 8 63 84 50 14 33 51 39 55 13 23 12 66 11 78 75 26 46 31 80 77 71 65 91 85 79 17 18 95 59 94 4 98 34 58 3 45 40 52 88 27 64 0 
bonus: 10 90 47 29 24 41 87 30 19 6 1 42 54 60 89 7 68 83 21 35 81 2 25 20 66 11 78 75 26 46 31 80 77 71 65 91 85 79 17 18 95 59 94 4 98 40 52 88 27 64 
passengers: 16 19 17 309 299 157 378 370 139 174 170 62 361 265 113 83 205 213 333 179 47 98 43 25 292 168 76 70 186 279 

2513.35	11822	21104
tour: 0 10 90 47 29 85 79 17 18 95 59 94 4 98 34 38 56 43 8 63 84 61 62 49 73 67 37 22 76 53 24 41 87 30 19 6 1 42 96 21 35 81 2 25 20 9 75 26 46 31 80 71 65 91 54 60 36 99 82 48 97 50 14 33 51 89 7 69 70 57 5 72 15 92 39 55 13 23 12 66 11 78 44 68 83 77 40 52 88 27 58 3 45 16 86 74 28 93 32 64 0 
bonus: 10 90 47 29 85 79 17 18 95 59 94 4 98 34 38 56 43 8 14 33 51 89 7 69 70 57 5 88 27 58 3 45 16 28 93 32 64 
passengers: 21 17 311 302 310 68 182 259 9 152 153 81 198 85 14 126 377 314 331 52 55 95 43 25 270 231 357 59 139 

2564.92	11629	18802
tour: 0 10 90 47 29 85 79 17 18 95 59 94 4 98 34 38 56 43 8 63 84 50 14 33 51 89 7 69 70 68 83 77 40 52 88 27 58 3 45 16 86 74 28 93 32 64 57 5 72 15 92 39 55 13 23 12 66 11 78 44 37 22 76 53 24 41 87 30 19 6 1 42 96 21 35 81 2 25 20 9 75 26 46 31 80 71 65 91 54 60 36 99 82 48 97 61 62 49 73 67 0 
bonus: 10 90 47 29 85 79 17 18 86 74 28 93 32 64 57 80 71 65 91 54 60 36 99 97 61 62 49 73 67 
passengers: 20 21 15 309 302 186 6 176 230 132 59 65 138 172 223 101 97 264 210 152 81 198 199 112 14 295 374 

2571.5	12126	27075
tour: 0 10 90 47 29 85 59 94 4 98 34 78 44 68 83 21 35 81 2 25 20 9 75 26 46 31 80 77 71 28 93 12 66 11 7 69 70 57 5 72 15 92 39 55 13 23 79 73 67 37 22 76 53 24 41 87 30 19 6 1 42 40 52 88 27 58 3 45 16 86 74 96 49 17 18 95 65 91 54 60 36 99 82 48 97 61 62 38 56 43 8 63 84 50 14 33 51 89 32 64 0 
bonus: 10 90 47 29 85 59 94 4 98 34 78 44 68 83 21 35 81 2 25 20 9 75 26 46 31 80 28 93 12 66 11 7 69 70 57 5 72 15 92 51 89 32 64 
passengers: 16 18 21 312 313 182 200 199 0 83 166 44 43 25 4 55 58 46 47 160 231 285 287 60 74 206 261 336 180 

2518.48	13202	47474
tour: 0 10 90 47 29 24 41 87 30 19 6 1 42 54 60 36 99 82 48 97 61 62 38 56 43 8 28 93 32 16 86 74 96 49 73 67 37 22 76 53 44 68 83 21 35 81 2 25 20 9 63 84 50 14 33 51 89 7 69 70 57 5 72 15 92 39 55 13 23 12 66 11 78 75 26 46 31 80 77 71 65 91 85 79 17 18 95 59 94 4 98 34 58 3 45 40 52 88 27 64 0 
bonus: 10 90 47 29 24 41 87 30 19 6 1 42 54 60 36 99 82 48 97 61 62 38 16 86 74 96 49 73 67 37 22 44 68 83 21 35 81 2 25 20 9 63 84 50 14 33 51 89 7 39 55 13 23 66 11 78 75 26 46 31 80 77 71 65 91 85 79 17 18 95 59 52 88 27 64 
passengers: 16 19 17 309 299 160 378 6 139 174 170 60 65 361 113 83 333 179 344 222 43 25 30 292 297 168 186 279 

2604.55	12318	30661
tour: 0 10 90 47 29 85 59 94 4 98 34 78 44 68 83 21 35 81 2 25 20 9 75 26 46 31 80 77 71 28 93 12 66 11 7 69 70 57 5 72 15 92 39 55 13 23 79 17 18 95 65 91 54 60 36 99 82 48 97 61 62 49 73 67 37 22 76 53 24 41 87 30 19 6 1 42 40 52 88 27 58 3 45 16 86 74 96 38 56 43 8 63 84 50 14 33 51 89 32 64 0 
bonus: 10 90 47 29 85 59 94 4 98 34 78 44 68 83 21 35 81 2 25 20 9 75 26 19 6 1 42 40 52 88 27 58 3 45 16 86 74 96 38 56 43 8 63 84 50 14 33 51 89 32 64 
passengers: 16 18 21 312 313 182 87 200 83 166 44 32 4 58 47 97 77 72 315 320 367 107 160 153 155 231 229 287 283 261 336 180 

2450.05	11761	18309
tour: 0 10 90 47 29 85 59 94 4 98 34 78 44 37 22 76 53 24 41 87 30 19 6 1 42 40 52 88 27 58 3 45 16 86 74 96 49 73 67 68 83 21 35 81 2 25 20 9 75 26 46 31 80 77 71 28 93 12 66 11 7 69 70 57 5 72 15 92 39 55 13 23 79 17 18 95 65 91 54 60 36 99 82 48 97 61 62 38 56 43 8 63 84 50 14 33 51 89 32 64 0 
bonus: 10 90 47 29 85 59 94 4 98 34 78 44 37 22 76 53 24 41 87 30 19 6 42 75 26 28 18 95 65 91 54 60 36 82 64 
passengers: 21 15 17 309 311 182 161 81 130 65 87 200 14 127 126 4 220 221 45 74 75 336 180 

2557.32	12539	36928
tour: 0 10 90 47 76 53 24 41 87 30 19 6 1 42 40 52 88 27 58 3 45 16 86 74 96 49 17 18 95 59 94 4 98 34 55 13 23 12 66 11 78 75 26 46 31 80 77 71 65 91 54 60 36 99 82 48 97 50 14 33 51 89 7 69 70 57 5 72 15 92 39 29 85 79 73 67 37 22 44 68 83 21 35 81 2 25 20 9 63 84 61 62 38 56 43 8 28 93 32 64 0 
bonus: 10 90 47 76 53 24 41 87 30 19 6 1 42 40 52 88 27 58 3 45 16 78 75 26 46 31 80 77 71 65 91 54 60 36 99 82 48 97 50 14 33 51 85 79 73 67 37 22 44 68 83 21 35 81 8 28 93 32 64 
passengers: 15 17 309 311 305 163 254 132 61 191 96 98 33 30 296 294 166 316 330 331 53 148 265 121 120 217 257 139 

2558.68	11171	10550
tour: 0 10 90 47 76 53 24 41 87 30 19 6 1 42 40 52 88 27 58 3 45 16 86 74 96 49 73 67 37 22 44 68 83 21 35 81 2 25 20 9 63 84 50 14 33 51 89 7 69 70 57 5 72 15 92 39 29 85 79 17 18 95 59 94 4 98 34 55 13 23 12 66 11 78 75 26 46 31 80 77 71 65 91 54 60 36 99 82 48 97 61 62 38 56 43 8 28 93 32 64 0 
bonus: 10 90 47 63 84 50 14 33 51 89 7 69 70 57 28 93 32 64 
passengers: 15 17 309 311 313 161 81 130 60 87 88 333 336 181 344 71 80 191 24 291 294 369 318 217 257 139 

2498.97	11910	24651
tour: 0 10 90 47 76 53 13 80 46 31 71 28 93 12 66 11 78 44 37 22 2 25 20 9 81 49 73 67 68 83 77 40 52 88 27 58 3 45 16 86 74 96 21 35 61 62 38 56 43 8 63 84 75 26 23 79 17 18 95 65 91 85 59 94 4 98 34 55 7 69 70 57 5 72 15 92 39 29 24 41 87 30 19 6 1 42 54 60 36 99 82 48 97 50 14 33 51 89 32 64 0 
bonus: 10 90 47 76 53 13 80 46 31 71 28 93 44 86 74 96 29 24 41 87 30 19 6 1 42 54 60 36 99 82 48 97 50 14 33 51 89 32 64 
passengers: 16 18 15 309 312 167 135 10 132 130 61 65 87 88 96 79 185 183 57 220 221 142 146 246 206 336 180 

2576.95	11979	26305
tour: 0 10 90 47 29 24 41 87 30 19 6 1 25 20 9 81 2 7 69 70 57 5 72 15 92 39 55 13 80 46 31 85 59 94 4 98 34 38 56 43 8 63 84 35 61 62 49 73 67 37 52 42 40 58 3 45 16 86 74 96 21 88 27 22 76 53 44 68 83 77 71 28 93 12 66 11 78 75 26 23 79 17 18 95 65 91 54 60 36 99 82 48 97 50 14 33 51 89 32 64 0 
bonus: 10 90 47 29 24 41 87 30 19 6 1 25 20 9 81 2 7 69 70 57 72 63 84 35 61 62 49 73 67 37 52 99 82 48 97 50 14 33 51 89 32 64 
passengers: 18 17 311 312 300 160 81 84 0 4 222 291 295 167 182 257 6 196 325 357 87 88 139 33 74 375 206 336 180 

2594.82	10881	3614
tour: 0 10 90 47 76 53 13 23 12 66 11 78 75 26 46 31 71 65 91 85 79 17 18 95 59 94 4 98 34 55 7 69 70 57 5 72 15 92 39 29 24 41 87 30 19 6 1 42 54 60 36 99 82 48 97 50 14 33 51 89 80 77 40 52 88 27 58 3 45 16 86 74 96 49 73 67 37 22 44 68 83 21 35 81 2 25 20 9 63 84 61 62 38 56 43 8 28 93 32 64 0 
bonus: 10 90 47 76 53 35 81 64 
passengers: 18 300 301 306 305 47 43 30 290 166 74 5 55 57 149 252 335 50 130 284 321 201 199 202 121 120 217 257 139 

2525.7	11346	12698
tour: 0 10 90 47 76 53 13 23 12 66 11 78 75 26 46 31 85 79 17 18 95 59 94 4 98 34 55 7 69 70 57 5 72 15 92 39 29 24 41 87 30 19 6 1 42 40 52 88 27 58 3 45 16 86 74 96 49 73 67 37 22 44 68 83 21 35 81 2 25 20 9 63 84 50 14 33 51 89 80 77 71 65 91 54 60 36 99 82 48 97 61 62 38 56 43 8 28 93 32 64 0 
bonus: 10 19 6 63 84 50 14 33 51 89 80 77 71 65 91 54 60 36 99 64 
passengers: 18 21 17 300 301 166 185 53 55 57 223 149 161 130 284 198 199 194 113 121 330 336 176 180 342 369 257 139 

2583.5	11887	23780
tour: 0 10 90 47 76 53 13 23 12 66 11 78 75 26 46 31 80 77 71 28 93 43 8 63 84 61 62 38 56 79 17 18 95 65 91 85 59 94 4 98 34 55 7 69 70 57 5 72 15 92 39 29 24 41 87 30 19 6 1 42 40 52 88 27 58 3 45 16 86 74 96 49 73 67 37 22 44 68 83 21 35 81 2 25 20 9 54 60 36 99 82 48 97 50 14 33 51 89 32 64 0 
bonus: 10 90 47 76 53 13 23 12 66 11 78 75 26 46 31 80 77 71 28 20 9 54 60 36 99 82 48 97 50 14 33 51 89 32 64 
passengers: 16 18 302 306 305 47 40 166 140 7 8 79 70 185 186 53 55 223 230 130 284 273 198 199 194 113 121 375 376 336 180 

2528.27	12272	28842
tour: 0 10 90 47 76 53 13 80 46 31 71 28 93 43 8 63 84 75 26 23 12 66 11 78 44 37 22 2 25 20 9 81 49 73 67 68 83 77 40 52 88 27 58 3 45 16 86 74 96 21 35 61 62 38 56 79 17 18 95 65 91 85 59 94 4 98 34 55 7 69 70 57 5 72 15 92 39 29 24 41 87 30 19 6 1 42 54 60 36 99 82 48 97 50 14 33 51 89 32 64 0 
bonus: 10 90 47 76 53 13 80 46 31 61 62 38 56 79 17 95 55 7 69 70 57 5 72 15 92 39 29 24 41 87 30 19 6 1 42 54 60 36 99 82 48 97 50 14 33 51 89 32 64 
passengers: 16 18 312 302 303 141 263 6 10 323 61 87 200 214 79 185 183 5 57 220 142 107 375 206 336 180 

2465.88	11562	16730
tour: 0 10 90 47 29 85 59 94 4 98 34 38 56 43 8 63 84 35 61 62 49 73 67 37 22 44 68 83 77 40 52 42 96 21 88 27 58 3 45 16 86 74 28 93 12 66 11 78 75 26 23 79 17 18 95 76 53 24 41 87 30 19 6 1 25 20 9 81 2 7 69 70 57 5 72 15 92 39 55 13 80 46 31 71 65 91 54 60 36 99 82 48 97 50 14 33 51 89 32 64 0 
bonus: 10 90 86 74 28 93 12 66 11 78 75 26 23 79 17 18 95 76 53 24 41 87 33 51 89 32 64 
passengers: 21 15 309 302 313 182 6 196 356 87 132 65 67 127 97 78 79 251 152 85 0 4 220 221 45 336 180 

2578.27	11092	7258
tour: 0 10 90 47 76 53 24 41 87 30 39 29 85 79 17 18 95 65 91 54 60 36 99 82 48 97 50 14 33 51 89 32 64 57 5 72 15 92 59 94 4 98 34 55 13 23 12 66 11 78 75 26 46 31 80 77 71 28 93 1 25 20 9 81 2 7 69 70 68 83 21 88 27 19 6 84 35 61 62 38 56 43 8 63 22 44 37 52 42 40 58 3 45 16 86 74 96 49 73 67 0 
bonus: 10 90 47 76 53 24 41 72 98 8 63 22 73 67 
passengers: 19 20 17 299 300 152 375 314 333 176 172 1 101 95 291 135 141 10 89 131 196 201 193 6 264 270 231 234 

2532.73	11884	22500
tour: 0 10 90 47 76 53 13 23 12 66 11 78 75 26 46 31 85 79 17 18 95 65 91 54 60 36 99 82 48 97 61 62 49 73 67 37 22 44 68 83 21 35 81 2 25 20 9 59 94 4 98 34 55 7 69 70 57 5 72 15 92 39 29 24 41 87 30 19 6 1 42 40 52 88 27 58 3 45 16 86 74 96 38 56 43 8 63 84 50 14 33 51 89 80 77 71 28 93 32 64 0 
bonus: 10 90 47 76 53 13 23 12 66 11 78 75 26 46 31 85 79 17 18 95 65 91 82 25 6 51 89 80 77 71 28 93 32 64 
passengers: 18 299 306 305 310 47 32 168 78 69 370 374 315 327 266 89 0 5 221 225 107 231 229 287 217 257 261 176 180 139 

2600.28	11107	7307
tour: 0 10 90 47 29 24 41 87 30 39 55 7 69 70 57 5 72 15 92 59 94 4 16 86 74 96 49 73 67 37 22 44 43 8 63 84 21 35 61 62 38 56 20 9 81 2 25 93 12 66 11 78 75 26 23 65 91 85 79 17 18 95 76 53 13 80 46 31 71 28 98 34 58 3 45 40 52 88 27 19 6 1 42 54 60 36 99 68 83 77 82 48 97 50 14 33 51 89 32 64 0 
bonus: 10 90 47 29 24 63 84 14 33 51 89 32 64 
passengers: 17 309 302 300 301 160 1 53 63 208 7 8 13 123 116 25 74 76 367 362 183 228 233 375 376 206 336 180 

2585.97	11535	16105
tour: 0 10 90 47 76 53 13 23 12 66 11 78 75 26 46 31 80 77 71 28 17 18 95 65 91 85 79 62 38 56 20 9 81 2 25 93 43 8 63 84 35 61 98 34 55 7 69 70 57 5 72 15 92 39 29 24 41 87 30 19 6 1 42 54 60 36 99 82 59 94 4 16 86 74 96 49 73 67 37 22 44 68 83 21 88 27 58 3 45 40 52 48 97 50 14 33 51 89 32 64 0 
bonus: 10 90 47 76 53 13 81 2 25 93 43 8 63 84 35 61 98 34 55 97 50 14 33 51 89 32 64 
passengers: 16 18 312 303 306 47 168 140 78 80 12 13 0 118 6 185 57 58 224 142 107 152 252 206 60 90 283 233 336 180 

2452.55	12826	38217
tour: 0 10 90 47 76 53 13 80 46 31 71 28 98 34 58 3 45 40 52 88 27 19 6 1 42 54 60 36 99 68 83 21 35 61 62 38 56 20 9 81 2 25 93 12 66 11 78 75 26 23 79 17 18 95 65 91 85 59 94 4 16 86 74 96 49 73 67 37 22 44 43 8 63 84 92 39 29 24 41 87 30 55 7 69 70 57 5 72 15 77 82 48 97 50 14 33 51 89 32 64 0 
bonus: 10 90 47 76 53 13 80 46 31 71 28 98 34 58 3 45 40 52 88 27 19 6 1 42 54 60 36 99 68 83 73 67 37 22 44 8 63 84 92 39 29 24 41 87 30 55 7 69 70 57 5 72 15 77 82 48 97 50 14 33 51 89 32 64 
passengers: 16 18 21 15 299 169 135 182 132 130 81 374 87 199 13 112 123 28 96 68 327 320 258 259 220 146 106 246 240 152 153 336 180 

2629.58	12286	29975
tour: 0 10 90 47 29 85 79 48 97 50 14 33 51 89 7 69 70 57 5 72 15 92 39 55 13 80 77 82 59 94 4 98 34 23 12 66 11 78 75 26 46 31 71 28 17 18 95 65 91 54 60 36 99 68 83 21 76 53 24 41 87 30 19 6 1 42 40 52 88 27 58 3 45 16 86 74 96 49 73 67 37 22 44 43 8 63 84 35 61 62 38 56 20 9 81 2 25 93 32 64 0 
bonus: 10 90 47 29 85 79 48 97 50 14 33 51 89 7 69 70 57 5 58 3 45 16 86 74 96 49 73 67 37 22 44 43 8 63 84 35 61 62 38 56 20 9 81 2 25 93 32 64 
passengers: 20 300 301 306 305 176 3 54 47 43 37 25 127 135 76 77 377 367 230 231 131 134 284 287 93 265 199 215 13 

2520.2	12169	27059
tour: 0 10 90 47 29 24 41 87 30 61 62 38 56 43 8 63 84 35 81 2 25 20 9 98 34 58 39 55 7 69 70 57 5 72 15 92 59 94 4 16 86 74 3 45 40 52 88 27 19 6 1 42 96 49 73 67 37 22 44 68 83 21 76 53 13 23 12 66 11 78 75 26 46 31 85 79 17 18 95 65 91 54 60 36 99 82 48 97 50 14 33 51 89 80 77 71 28 93 32 64 0 
bonus: 10 90 47 76 53 13 23 12 66 11 78 75 26 46 31 85 79 17 18 95 65 91 54 60 36 99 82 48 97 50 14 33 51 89 80 77 71 28 93 32 64 
passengers: 21 17 309 312 302 160 6 9 10 11 185 55 63 66 230 132 208 94 271 87 98 127 296 168 74 75 72 375 318 336 176 180 139 

2531.12	11069	5877
tour: 0 10 90 47 76 53 24 41 87 30 19 6 1 25 20 9 81 2 7 69 70 57 5 72 15 92 39 29 85 79 17 18 95 65 91 54 60 36 99 68 83 21 88 27 22 44 37 52 42 40 58 3 45 16 86 74 96 38 56 43 8 63 84 35 61 62 49 73 67 48 97 50 14 33 51 89 80 77 82 59 94 4 98 34 55 13 23 12 66 11 78 75 26 46 31 71 28 93 32 64 0 
bonus: 10 90 47 76 53 24 41 87 30 19 25 64 
passengers: 17 299 311 312 300 161 81 10 11 0 55 57 148 377 86 131 265 264 231 229 284 60 213 261 262 193 322 176 179 180 191 95 139 

2579.37	12790	38301
tour: 0 10 90 47 76 53 13 23 12 66 11 78 75 26 46 31 85 79 73 67 68 83 21 88 27 19 6 84 35 81 2 25 20 9 59 94 4 98 34 55 7 69 70 57 5 72 15 92 39 29 24 41 87 30 61 62 38 56 43 8 63 22 44 37 52 1 42 40 58 3 45 16 86 74 96 49 17 18 95 65 91 54 60 36 99 82 48 97 50 14 33 51 89 80 77 71 28 93 32 64 0 
bonus: 10 90 47 76 53 13 23 12 66 92 39 29 24 41 87 30 61 62 38 56 43 8 63 22 44 37 52 1 42 40 58 3 45 16 86 74 96 49 17 18 95 65 91 54 60 36 99 82 48 97 50 14 33 51 89 80 77 71 28 93 32 64 
passengers: 18 15 311 312 313 166 89 133 81 200 12 11 57 58 148 107 108 160 6 7 8 264 208 231 285 60 74 75 375 206 336 176 180 139 

2521.57	13489	50568
tour: 0 10 90 47 29 24 41 87 30 39 55 7 69 70 57 5 72 15 92 59 94 4 16 86 74 3 68 83 21 76 53 13 23 12 66 11 78 75 26 46 31 85 79 17 18 95 65 91 54 60 36 99 82 48 97 50 14 33 51 89 80 77 71 28 98 34 58 45 40 52 88 27 19 6 1 42 96 49 73 67 37 22 44 43 8 63 84 35 61 62 38 56 20 9 81 2 25 93 32 64 0 
bonus: 10 90 47 29 24 41 87 30 39 55 7 69 70 57 5 72 15 78 75 26 46 31 85 79 17 18 95 65 91 54 60 36 99 82 48 97 50 14 33 51 89 80 77 71 28 98 34 58 45 40 52 88 27 19 6 1 42 96 49 73 67 37 22 44 43 8 63 84 35 61 62 38 56 20 9 81 2 25 93 32 64 
passengers: 17 309 300 313 301 163 3 54 87 88 33 30 127 296 74 75 377 335 329 328 353 230 131 255 321 93 265 269 263 199 215 

2278.52	11355	11921
tour: 0 10 90 47 76 53 13 23 12 66 11 78 75 26 46 31 85 59 94 4 98 34 55 7 69 70 32 64 57 5 72 15 92 39 29 24 41 87 30 61 62 38 56 79 17 18 95 65 91 54 60 36 99 82 48 97 50 14 33 51 89 80 77 71 28 93 43 8 63 22 44 37 52 1 42 40 58 3 45 16 86 74 96 49 73 67 68 83 21 88 27 19 6 84 35 81 2 25 20 9 0 
bonus: 10 90 47 76 53 13 23 12 61 62 38 56 79 19 84 81 2 25 20 9 
passengers: 18 19 21 17 300 166 185 173 57 58 221 148 103 160 152 212 318 176 135 141 263 6 93 324 134 199 202 121 

2539	12331	30012
tour: 0 10 90 47 29 24 41 87 30 19 6 1 42 40 52 88 27 58 3 45 16 86 74 96 63 84 35 61 62 49 73 67 37 22 44 43 8 59 94 4 57 5 72 15 92 39 55 7 69 70 68 83 21 76 53 13 23 12 66 11 78 75 26 46 31 85 79 17 18 95 65 91 54 60 36 99 82 48 97 50 14 33 51 89 80 77 71 28 98 34 38 56 20 9 81 2 25 93 32 64 0 
bonus: 10 90 47 29 24 41 87 30 19 6 1 42 40 52 88 27 18 95 65 91 54 60 36 99 82 48 97 50 14 33 51 89 80 77 71 28 98 34 38 56 20 9 81 2 25 93 32 64 
passengers: 15 17 309 311 148 160 252 130 65 7 54 219 87 88 127 168 74 75 72 375 376 316 336 176 339 351 140 139 215 13 

2487.05	11768	18528
tour: 0 10 90 47 76 53 13 23 12 66 11 78 75 26 46 31 71 28 73 67 37 22 44 43 8 63 84 35 61 98 34 55 7 69 70 57 5 72 15 92 39 29 24 41 87 30 19 6 1 42 54 60 36 99 68 83 21 88 27 58 3 45 40 52 48 97 50 14 33 51 89 80 77 82 59 94 4 16 86 74 96 49 17 18 95 65 91 85 79 62 38 56 20 9 81 2 25 93 32 64 0 
bonus: 10 90 47 76 53 13 23 12 66 11 78 75 26 46 31 71 28 73 67 33 51 89 80 77 82 59 93 32 64 
passengers: 16 18 302 306 305 101 40 166 136 196 198 200 5 55 149 377 287 283 316 335 48 348 59 321 215 13 

2497.7	11312	10673
tour: 0 10 90 47 76 53 24 41 87 30 19 6 1 25 20 9 81 2 7 69 70 57 5 72 15 92 39 29 85 79 17 18 95 65 91 54 60 36 99 62 49 73 67 37 22 44 68 83 21 88 27 58 3 45 40 52 42 96 63 84 35 61 98 34 38 56 43 8 59 94 4 16 86 74 14 33 51 89 80 77 82 48 97 50 55 13 23 12 66 11 78 75 26 46 31 71 28 93 32 64 0 
bonus: 10 90 47 76 53 24 41 87 30 19 25 60 36 99 62 93 32 64 
passengers: 17 299 311 312 300 161 81 10 11 0 55 57 149 377 90 86 132 284 287 357 201 213 6 60 59 176 95 98 139 

2425.58	11320	9710
tour: 0 10 90 47 76 53 13 23 12 66 11 78 75 26 46 31 71 28 17 18 95 65 91 85 79 62 49 73 67 37 22 44 43 8 63 84 35 61 98 34 55 7 69 70 57 5 72 15 92 39 29 24 41 87 30 19 6 1 42 54 60 36 99 68 83 21 88 27 58 3 45 40 52 48 97 50 14 33 51 89 80 77 82 59 94 4 16 86 74 96 38 56 20 9 81 2 25 93 32 64 0 
bonus: 10 90 47 76 51 89 80 77 82 59 94 4 16 86 74 56 64 
passengers: 16 18 302 306 305 47 40 166 140 68 258 196 198 185 55 221 149 377 134 287 316 336 180 348 59 215 

2485.95	11529	14238
tour: 0 10 90 47 76 53 13 23 12 66 11 78 75 26 46 31 71 28 87 30 39 29 24 41 14 33 51 89 80 77 82 48 97 50 55 7 69 70 32 64 57 5 72 15 92 59 94 4 98 34 58 3 45 16 86 74 96 38 56 20 9 81 2 25 93 43 8 63 22 44 37 52 1 42 40 85 79 17 18 95 65 91 54 60 36 99 68 83 21 88 27 19 6 84 35 61 62 49 73 67 0 
bonus: 10 90 47 76 53 13 23 12 66 11 78 75 26 28 51 89 80 82 93 43 42 73 67 
passengers: 16 18 20 17 306 45 166 136 152 146 248 180 181 316 174 53 184 63 112 115 117 208 209 252 73 374 89 193 

2602.6	13028	39011
tour: 0 10 90 47 76 53 24 41 87 30 55 13 23 12 66 11 7 69 70 32 64 57 5 72 15 92 39 29 85 79 48 97 50 14 33 51 89 80 77 82 59 94 4 98 34 78 75 26 46 31 71 28 17 18 95 65 91 54 60 36 99 68 83 21 88 27 19 6 84 35 61 62 38 56 20 9 81 2 25 93 43 8 63 22 44 37 52 1 42 40 58 3 45 16 86 74 96 49 73 67 0 
bonus: 10 90 47 76 53 24 41 87 30 55 13 23 12 66 11 7 69 70 32 64 57 5 72 15 92 39 29 85 79 48 97 50 14 33 51 89 80 77 82 59 94 4 98 34 78 75 26 46 31 71 28 17 18 95 40 58 3 45 16 86 74 96 49 73 67 
passengers: 19 17 300 301 306 152 45 5 54 57 150 317 48 176 127 129 290 135 78 80 131 81 13 112 115 6 264 231 234 

2365.62	11772	18651
tour: 0 10 90 47 29 24 41 87 30 72 15 92 39 55 7 69 70 57 5 98 34 58 3 45 40 52 88 27 19 6 1 42 54 60 36 99 68 83 21 76 53 13 23 12 66 11 78 75 26 46 31 71 28 17 18 95 65 91 85 79 48 97 50 14 33 51 89 80 77 82 59 94 4 16 86 74 96 49 73 67 37 22 44 43 8 63 84 35 61 62 38 56 20 9 81 2 25 93 32 64 0 
bonus: 10 90 47 29 24 41 87 30 72 15 92 39 55 7 69 70 60 14 33 61 62 38 56 20 9 81 2 25 93 32 64 
passengers: 21 15 17 299 311 155 191 356 132 254 375 95 98 127 296 167 141 74 335 330 331 59 321 265 263 199 202 215 13 

2584.03	13685	52475
tour: 0 10 90 47 76 53 13 23 12 66 11 78 75 26 46 31 71 28 93 32 64 57 5 72 15 92 39 29 24 41 87 30 61 98 34 58 3 45 40 85 79 17 18 95 65 91 54 60 36 99 62 38 56 43 8 59 94 4 16 86 74 14 33 51 89 80 77 82 48 97 50 55 7 69 70 68 83 21 88 27 19 6 84 35 81 2 25 20 9 63 22 44 37 52 1 42 96 49 73 67 0 
bonus: 10 90 47 76 53 13 23 12 66 11 78 75 26 46 31 71 28 93 32 64 57 5 72 15 92 39 29 24 87 61 98 34 58 3 45 40 85 79 17 18 8 59 94 4 16 86 74 14 33 51 89 80 77 82 48 97 50 55 7 69 70 68 83 21 88 27 19 6 84 35 81 2 25 20 9 63 22 44 37 52 1 42 96 73 67 
passengers: 16 18 19 17 300 166 136 173 57 58 148 149 108 160 157 285 375 206 261 263 6 60 49 175 353 335 131 81 196 11 264 

2372.03	11619	14773
tour: 0 10 90 47 76 53 13 23 12 66 11 78 75 26 46 31 71 28 17 18 95 65 91 54 60 36 99 68 83 21 88 27 58 3 45 16 86 74 96 49 73 67 37 52 1 42 40 85 79 62 38 56 20 9 63 22 44 43 8 59 94 4 98 34 55 7 69 70 57 5 72 15 92 39 29 24 41 87 30 19 6 84 35 61 51 89 80 77 82 48 97 50 14 33 81 2 25 93 32 64 0 
bonus: 10 90 47 76 53 13 23 12 66 11 78 75 26 46 31 71 28 17 86 73 93 32 64 
passengers: 16 18 15 309 299 167 135 377 131 287 61 65 358 212 92 93 182 220 146 106 246 239 199 180 

2536.13	11097	6078
tour: 0 10 90 47 76 53 13 23 12 66 11 78 75 26 46 31 71 28 17 18 95 65 91 85 79 62 49 73 67 37 22 44 43 8 59 94 4 16 86 74 14 33 51 89 80 77 82 48 97 50 55 7 69 70 57 5 72 15 92 39 29 24 41 87 30 19 6 54 60 36 99 68 83 21 88 27 58 3 45 40 52 1 42 96 63 84 35 61 98 34 38 56 20 9 81 2 25 93 32 64 0 
bonus: 10 90 47 76 81 2 25 93 32 64 
passengers: 16 18 309 302 306 47 167 74 75 6 60 65 66 178 341 337 55 222 161 134 228 355 255 215 13 

2455.02	12092	22761
tour: 0 10 90 47 76 53 13 23 12 66 11 78 75 26 46 31 71 28 98 34 58 3 45 40 52 88 27 19 6 1 42 96 49 73 67 37 22 44 43 8 63 84 4 16 86 74 14 33 51 89 80 77 82 48 97 50 55 7 69 70 57 5 72 15 92 39 29 24 41 87 30 61 62 38 56 20 9 59 94 85 79 17 18 95 65 91 54 60 36 99 68 83 21 35 81 2 25 93 32 64 0 
bonus: 10 90 47 76 53 13 23 12 66 11 78 75 26 46 31 71 28 98 58 3 45 40 52 88 27 19 6 1 42 86 74 14 24 41 87 30 61 64 
passengers: 16 18 21 15 311 167 135 184 131 253 327 92 266 269 258 60 178 220 223 142 103 161 215 13 199 

2449.02	12172	23407
tour: 0 10 90 47 76 53 13 23 12 66 11 78 75 26 46 31 71 28 17 18 95 65 91 54 60 36 99 68 83 21 88 27 58 3 45 40 85 79 62 49 73 67 37 52 1 42 96 63 22 44 43 8 59 94 4 16 86 74 14 33 51 89 80 77 82 48 97 50 55 7 69 70 57 5 72 15 92 39 29 24 41 87 30 19 6 84 35 61 98 34 38 56 20 9 81 2 25 93 32 64 0 
bonus: 10 90 47 76 53 13 23 12 66 11 78 75 28 59 94 4 16 86 74 24 41 87 30 19 6 84 35 61 98 34 38 56 20 9 81 2 25 93 32 64 
passengers: 16 18 15 299 313 168 135 80 377 86 131 286 358 253 92 266 6 60 65 178 220 222 146 103 251 161 215 13 

2636.5	13186	42204
tour: 0 10 90 47 76 94 4 98 34 55 7 69 70 32 64 57 5 72 15 92 39 29 24 41 87 30 89 80 77 82 48 97 50 14 33 81 2 25 93 43 8 59 54 60 36 99 68 83 21 88 27 19 6 84 35 61 51 53 13 23 12 66 11 78 75 26 46 31 71 28 17 18 95 65 91 85 79 62 38 56 20 9 63 22 44 37 52 1 42 40 58 3 45 16 86 74 96 49 73 67 0 
bonus: 10 90 47 76 94 4 98 34 55 7 69 70 32 64 57 5 72 15 92 39 29 24 41 87 30 89 80 77 82 48 97 50 14 33 81 2 25 93 43 8 59 51 18 95 65 91 85 79 62 38 56 20 9 63 22 44 37 52 1 42 40 58 3 45 16 86 74 96 49 73 67 
passengers: 19 21 17 300 301 185 5 173 53 221 108 160 49 175 114 257 7 132 81 353 95 76 69 70 11 264 270 267 231 234 

2531.03	12206	27323
tour: 0 10 90 47 76 94 4 98 34 55 7 69 70 32 64 57 5 72 15 92 39 29 24 41 87 30 61 62 38 56 20 9 53 13 23 12 66 11 78 75 26 46 31 71 28 17 18 95 65 91 85 79 48 97 50 14 33 51 89 80 77 82 59 54 60 36 99 68 83 21 88 27 19 6 84 35 81 2 25 93 43 8 63 22 44 37 52 1 42 40 58 3 45 16 86 74 96 49 73 67 0 
bonus: 10 90 47 76 94 4 98 31 28 97 50 14 33 51 89 80 77 82 59 54 60 36 68 81 2 25 93 43 8 1 42 40 58 3 45 16 86 74 96 49 73 67 
passengers: 19 21 17 312 300 191 172 1 152 83 14 95 33 127 296 141 74 316 330 331 337 196 112 6 264 231 234 

2494.97	12370	27250
tour: 0 10 90 16 86 74 14 33 51 89 80 77 82 48 97 50 55 7 69 70 57 5 72 15 92 39 29 24 41 87 30 61 62 38 56 79 17 18 95 65 91 85 59 54 60 36 99 68 83 21 88 27 19 6 84 35 81 2 25 20 9 94 4 98 34 58 3 45 40 49 73 67 37 52 1 42 96 63 22 44 43 8 47 76 53 13 23 12 66 11 78 75 26 46 31 71 28 93 32 64 0 
bonus: 10 90 16 86 74 14 33 51 89 80 77 82 48 97 50 55 7 69 70 57 5 72 15 92 39 29 24 41 87 30 61 94 4 98 40 1 42 96 63 31 71 28 93 32 64 
passengers: 20 17 60 65 64 178 177 223 142 161 157 215 377 89 81 196 112 11 191 356 357 254 94 95 139 

2462.7	12186	23871
tour: 0 10 90 47 29 24 41 87 30 72 15 92 39 55 7 69 70 57 5 98 34 58 45 40 52 88 27 19 6 1 42 96 49 73 67 37 22 44 43 8 59 54 60 36 99 68 83 21 76 53 13 23 12 66 11 78 75 26 46 31 71 28 17 18 95 65 91 85 79 62 38 56 20 9 94 4 16 86 74 3 63 84 35 61 51 89 80 77 82 48 97 50 14 33 81 2 25 93 32 64 0 
bonus: 10 90 47 29 24 41 87 30 72 15 92 39 55 7 69 70 98 58 45 40 52 88 19 59 54 60 99 68 83 21 76 53 14 33 81 2 25 93 32 64 
passengers: 21 15 17 311 300 160 183 184 132 254 208 7 205 46 101 95 141 74 75 60 199 194 339 180 

2795.05	12974	39330
tour: 0 10 90 47 76 94 4 16 86 74 3 22 44 43 8 59 54 60 36 99 68 55 7 69 70 57 5 72 15 83 21 35 61 98 34 58 45 40 49 73 67 37 52 88 27 19 6 1 42 96 63 84 92 39 29 24 41 87 30 89 80 77 82 48 97 50 14 33 51 53 13 23 12 66 11 78 75 26 46 31 71 28 17 18 95 65 91 85 79 62 38 56 20 9 81 2 25 93 32 64 0 
bonus: 10 90 47 76 94 4 16 86 74 58 45 40 49 73 67 37 52 88 27 19 6 1 42 96 63 84 92 39 29 24 41 87 30 89 80 77 82 48 97 50 14 46 31 71 28 17 18 95 65 91 85 79 62 38 56 20 9 81 2 25 93 32 64 
passengers: 309 299 302 300 313 61 377 371 55 89 185 286 210 354 132 254 256 221 110 176 95 98 127 168 139 78 215 13 

2419.7	12666	31476
tour: 0 10 90 16 86 74 14 33 51 89 80 77 82 48 97 50 55 7 69 70 57 5 72 15 92 39 29 24 41 87 30 61 62 38 56 79 17 18 95 65 91 85 59 54 60 36 99 68 83 21 88 27 19 6 1 25 20 9 94 4 98 34 58 45 40 49 73 67 37 52 42 96 63 84 35 81 2 3 22 44 43 8 47 76 53 13 23 12 66 11 78 75 26 46 31 71 28 93 32 64 0 
bonus: 10 90 16 86 74 14 33 51 89 80 77 82 48 97 50 55 7 69 70 57 5 72 15 92 39 29 24 41 87 30 61 62 38 56 79 17 18 95 65 91 85 59 54 60 46 31 71 28 93 32 64 
passengers: 20 17 60 65 64 178 177 225 142 161 157 215 216 377 89 132 81 112 11 182 324 356 197 192 94 306 360 95 98 139 

2378.6	11926	20724
tour: 0 10 90 47 76 53 13 23 12 66 11 78 75 26 46 31 71 28 17 18 95 65 91 85 79 62 38 56 20 9 94 4 16 86 74 3 22 44 43 8 59 54 60 36 99 68 55 7 69 70 57 5 98 34 58 45 40 49 73 67 37 52 88 27 19 6 1 42 96 63 84 92 39 29 24 41 87 30 72 15 83 21 35 61 51 89 80 77 82 48 97 50 14 33 81 2 25 93 32 64 0 
bonus: 10 90 47 76 53 13 23 12 66 11 86 74 3 8 61 51 89 80 77 82 48 97 50 14 33 81 2 25 93 32 64 
passengers: 16 18 309 312 303 167 140 11 61 62 65 92 207 182 185 220 223 106 246 53 199 194 180 

2340.28	11821	18399
tour: 0 47 29 24 41 87 30 89 80 77 82 48 97 50 14 33 51 53 13 23 12 66 11 78 75 26 46 72 15 92 39 55 7 69 70 57 5 98 34 58 45 40 52 88 27 19 6 1 42 96 63 84 35 61 62 49 17 18 95 65 91 85 79 31 71 28 73 67 37 22 44 43 8 59 54 60 36 99 68 83 21 76 94 4 16 86 74 3 10 90 38 56 20 9 81 2 25 93 32 64 0 
bonus: 47 29 24 41 87 30 89 80 77 82 48 97 50 14 33 51 53 76 94 4 16 86 9 81 2 25 93 32 64 
passengers: 306 305 307 308 150 52 47 101 43 25 292 55 284 230 130 198 201 68 265 6 9 86 59 64 19 215 13 

2331.62	12164	22009
tour: 0 10 90 47 76 94 4 16 86 74 14 33 51 89 80 77 82 48 97 50 55 7 69 70 57 5 98 34 58 3 45 40 49 73 67 37 52 1 42 96 63 22 44 43 8 59 54 60 36 99 68 83 21 88 27 19 6 84 35 81 2 25 93 32 64 11 78 75 26 46 72 15 92 39 29 91 85 79 31 71 28 17 18 95 65 13 23 12 66 53 24 41 87 30 61 62 38 56 20 9 0 
bonus: 10 90 47 76 94 4 16 86 74 14 33 51 89 80 77 82 48 97 50 55 7 69 70 57 5 98 34 58 3 45 40 49 73 67 37 52 1 42 
passengers: 20 309 300 301 307 60 181 353 341 182 183 184 186 230 210 94 269 258 207 81 197 127 56 146 137 77 103 106 251 242 161 

2424.17	11765	14946
tour: 0 10 90 47 29 24 41 87 30 72 15 92 39 55 7 69 70 57 5 98 34 58 45 40 49 73 67 26 46 31 71 28 17 18 95 65 91 85 79 62 38 56 20 9 53 13 23 12 66 11 78 75 43 8 59 54 60 36 99 68 83 21 76 94 4 16 86 74 3 22 44 37 52 88 27 19 6 1 42 96 63 84 35 61 51 89 80 77 82 48 97 50 14 33 81 2 25 93 32 64 0 
bonus: 10 90 47 29 24 41 87 30 72 15 92 39 55 7 69 70 98 58 8 59 81 2 25 93 32 64 
passengers: 16 18 21 17 300 159 1 191 186 229 291 168 68 80 10 263 6 377 375 89 60 134 255 199 180 

2424.32	12435	28022
tour: 0 47 76 94 4 98 34 58 45 40 49 73 67 37 52 1 42 96 63 22 44 48 97 50 55 7 69 70 57 5 72 15 92 39 29 24 41 87 30 61 62 38 56 43 8 18 95 65 91 85 79 17 3 10 90 16 86 74 14 33 51 89 80 77 82 59 54 60 36 99 68 83 21 88 27 19 6 84 35 81 2 25 20 9 53 13 23 12 66 11 78 75 26 46 31 71 28 93 32 64 0 
bonus: 47 76 94 4 98 34 58 45 40 49 73 95 65 91 51 89 80 77 82 59 54 60 68 25 20 9 53 13 23 12 66 11 78 75 26 46 31 71 28 93 32 64 
passengers: 300 301 308 185 184 209 5 2 57 221 148 261 75 20 49 175 339 352 350 89 132 81 197 199 121 123 14 360 95 98 30 139 

2480.08	12344	24990
tour: 0 10 90 47 76 94 4 16 86 74 14 33 51 89 80 77 82 48 97 50 55 7 69 70 57 5 98 34 58 3 45 40 49 73 67 37 52 1 42 96 63 22 44 43 8 59 54 60 36 99 68 83 21 88 27 19 6 84 35 81 2 25 20 9 53 24 41 87 30 72 15 92 39 29 91 85 61 62 38 56 79 17 18 95 65 13 23 12 66 11 78 75 26 46 31 71 28 93 32 64 0 
bonus: 10 90 47 76 94 4 16 86 74 14 33 51 89 80 77 82 48 97 50 55 7 69 70 57 5 98 34 58 3 45 40 49 73 67 37 52 1 42 31 93 32 64 
passengers: 20 309 300 301 307 60 181 353 341 182 183 184 186 230 210 92 266 207 81 197 12 366 110 103 54 220 225 213 217 95 139 

2306.08	13277	44156
tour: 0 47 76 94 4 16 86 74 3 10 90 38 56 20 9 53 13 23 12 66 11 78 75 26 46 31 71 28 17 18 95 65 91 85 79 62 49 73 67 37 22 44 43 8 59 54 60 36 99 68 55 7 69 70 57 5 98 34 58 45 40 52 88 27 19 6 1 42 96 63 84 92 39 29 24 41 87 30 72 15 83 21 35 61 51 89 80 77 82 48 97 50 14 33 81 2 25 93 32 64 0 
bonus: 47 76 94 4 16 86 74 3 10 90 38 56 20 9 53 13 23 12 66 11 78 75 26 46 31 71 28 17 18 95 65 91 85 79 62 49 73 37 22 44 43 8 24 41 87 30 72 15 83 21 35 61 51 89 80 77 82 48 97 50 14 33 81 2 25 93 32 64 
passengers: 309 312 303 306 304 63 16 83 14 47 40 127 140 68 69 210 269 258 262 377 182 185 354 252 220 146 106 246 239 199 194 180 

2667.35	13969	53560
tour: 0 47 76 94 4 16 86 74 14 33 51 89 80 77 82 48 97 50 55 7 69 70 57 5 98 34 58 45 40 85 79 31 71 28 17 18 95 65 91 3 10 90 38 56 20 9 53 13 23 12 66 11 78 75 26 46 72 15 92 39 29 24 41 87 30 61 62 49 73 67 37 52 1 42 96 63 22 44 43 8 59 54 60 36 99 68 83 21 88 27 19 6 84 35 81 2 25 93 32 64 0 
bonus: 47 76 94 4 16 86 74 14 33 51 89 80 77 82 48 97 50 55 7 69 70 57 45 95 65 91 3 10 90 38 56 20 9 53 13 23 12 66 11 78 75 26 46 72 15 92 39 29 24 41 87 30 61 62 49 73 67 37 52 1 42 96 63 22 44 43 8 59 54 60 36 99 68 83 21 88 27 19 6 84 35 81 2 25 93 32 64 
passengers: 309 300 301 307 310 60 48 176 1 2 77 71 17 214 12 365 291 107 108 160 210 252 263 89 134 199 

2345.8	12064	19640
tour: 0 47 76 94 4 16 86 74 14 33 51 89 80 77 82 59 54 60 36 99 68 83 21 88 27 19 6 1 66 11 78 75 26 46 72 15 92 39 29 24 41 87 30 61 62 49 73 67 37 22 44 48 97 50 55 7 69 70 57 5 98 34 58 45 40 52 42 96 63 84 35 81 2 25 93 43 8 18 95 65 91 85 79 31 71 28 17 3 10 90 38 56 20 9 53 13 23 12 32 64 0 
bonus: 47 76 94 4 16 86 74 14 33 51 89 80 77 82 59 54 36 61 62 49 73 67 37 22 44 48 13 23 12 32 64 
passengers: 309 299 311 313 307 60 49 178 368 89 26 30 29 295 240 160 152 323 269 316 1 182 197 121 257 7 139 77 360 

2347.17	12348	24438
tour: 0 47 76 94 4 16 86 74 3 10 90 36 99 68 83 21 88 27 19 6 84 35 81 2 25 93 79 31 71 28 17 18 95 65 91 85 61 62 38 56 20 9 53 13 23 12 66 11 78 75 26 46 72 15 92 39 29 24 41 87 30 55 7 69 70 57 5 98 34 58 45 40 49 73 67 37 52 1 42 96 63 22 44 43 8 59 54 60 80 77 82 48 97 50 14 33 51 89 32 64 0 
bonus: 47 76 94 4 16 86 74 3 10 90 36 99 68 83 21 88 27 19 6 84 35 81 2 25 93 79 31 71 28 17 18 95 65 91 85 61 62 56 64 
passengers: 309 311 313 304 310 62 16 87 88 81 140 77 71 214 12 367 295 107 108 184 230 321 253 269 273 261 375 376 336 180 

2494.92	12409	26040
tour: 0 47 76 94 4 98 34 58 45 40 49 73 67 37 52 1 42 96 63 22 44 43 8 18 95 65 91 85 79 48 97 50 55 7 69 70 57 5 72 15 92 39 29 24 41 87 30 78 75 26 46 31 71 28 17 3 10 90 16 86 74 14 33 51 89 80 77 82 59 54 60 36 99 68 83 21 88 27 19 6 84 35 61 62 38 56 20 9 53 13 23 12 66 11 81 2 25 93 32 64 0 
bonus: 47 76 94 87 30 78 75 26 46 31 71 28 17 3 10 90 16 86 14 6 84 35 61 62 38 56 20 9 53 13 23 12 66 11 81 2 25 93 32 64 
passengers: 302 308 184 186 187 230 209 266 8 317 315 54 221 110 248 127 129 167 75 60 62 175 352 350 205 89 132 81 197 199 13 360 43 38 

2265.5	11666	10198
tour: 0 47 76 94 4 98 34 58 45 40 49 73 67 48 97 50 55 7 69 70 57 5 72 15 92 39 29 24 41 87 30 10 90 16 86 74 14 33 51 89 80 77 82 59 54 60 36 99 68 83 21 88 27 19 6 1 66 11 78 75 26 46 31 71 28 93 43 8 18 95 65 91 85 61 62 38 56 79 17 3 22 44 37 52 42 96 63 84 35 81 2 25 20 9 53 13 23 12 32 64 0 
bonus: 47 76 94 4 98 34 58 45 40 49 73 67 48 97 50 55 7 70 64 
passengers: 309 300 301 307 308 5 2 55 16 60 48 49 176 131 81 139 141 212 91 93 197 121 360 

2362.23	12063	19815
tour: 0 47 76 94 4 16 86 74 14 33 51 89 80 77 82 59 54 60 36 99 68 55 7 69 70 57 5 98 34 58 45 40 49 73 67 37 52 1 42 96 63 22 44 48 97 50 26 46 72 15 92 39 29 24 41 87 30 78 75 43 8 18 95 65 91 85 79 31 71 28 17 3 10 90 83 21 88 27 19 6 84 35 61 62 38 56 20 9 53 13 23 12 66 11 81 2 25 93 32 64 0 
bonus: 47 76 94 4 16 86 74 14 33 51 89 80 77 82 59 54 60 36 68 44 48 97 50 26 46 25 93 32 64 
passengers: 309 299 300 301 307 60 181 353 377 191 185 184 209 356 94 127 129 291 223 257 169 135 78 132 81 197 199 13 360 43 

2396.3	13136	36739
tour: 0 47 76 94 4 16 86 74 14 33 51 89 80 77 82 48 97 50 55 7 69 70 57 5 98 34 58 45 40 52 42 96 63 84 35 61 62 49 73 67 37 22 44 43 8 59 54 60 36 99 68 83 21 88 27 19 6 1 25 20 9 53 13 23 12 66 11 81 2 3 10 90 38 56 79 17 18 95 65 91 85 72 15 92 39 29 24 41 87 30 78 75 26 46 31 71 28 93 32 64 0 
bonus: 47 76 94 4 16 86 74 14 33 51 89 80 77 82 48 97 50 55 7 69 70 57 5 98 34 58 45 40 52 42 84 44 43 8 56 79 17 18 95 65 91 85 72 15 92 39 29 24 41 87 30 78 75 26 46 31 71 28 93 32 64 
passengers: 309 300 301 307 60 61 181 353 182 183 184 186 230 197 210 91 265 205 81 12 366 47 96 214 71 220 150 110 106 139 

2375.6	12615	25231
tour: 0 47 76 94 4 16 86 74 14 33 51 89 80 77 82 48 97 50 37 22 44 43 8 59 54 60 36 99 68 83 21 88 27 19 6 1 25 20 9 53 13 23 12 66 64 11 81 2 3 10 90 38 56 79 17 18 95 65 91 85 72 15 92 39 29 24 41 87 30 78 75 26 46 31 71 28 93 32 55 7 69 70 57 5 98 34 58 45 40 52 42 96 63 84 35 61 62 49 73 67 0 
bonus: 47 6 1 25 20 9 53 13 23 12 66 64 11 81 2 3 10 90 38 56 79 17 18 95 65 91 85 72 15 92 39 41 87 30 78 75 26 46 31 71 73 67 
passengers: 309 299 311 302 313 60 175 9 378 87 132 81 83 12 366 96 42 16 71 220 149 107 295 140 182 186 284 228 193 

2241.53	12412	24074
tour: 0 47 53 13 23 12 66 64 11 81 2 25 93 43 8 18 95 65 91 85 79 31 71 28 17 57 5 69 70 32 55 7 3 22 44 37 52 88 27 19 6 1 42 40 58 45 16 86 74 96 63 84 35 61 62 49 73 67 48 97 50 14 33 51 89 80 77 82 59 54 60 36 99 68 83 21 76 94 4 98 34 78 75 26 46 72 15 92 39 29 24 41 87 30 10 90 38 56 20 9 0 
bonus: 47 53 13 23 12 66 64 11 81 2 25 93 43 8 18 95 65 91 79 86 74 96 63 84 35 61 62 49 73 67 48 10 90 38 56 20 9 
passengers: 302 300 306 305 310 47 40 6 7 76 79 69 171 5 264 270 210 130 252 284 60 198 50 178 368 191 185 187 289 225 251 243 242 161 

2314.07	12512	25007
tour: 0 47 76 94 4 69 70 57 5 98 34 58 45 16 39 29 24 41 87 30 78 75 26 46 72 15 92 59 54 60 36 99 68 83 21 88 27 19 6 84 35 61 62 49 73 86 74 96 63 22 44 37 52 1 42 40 32 55 7 3 10 90 38 56 20 9 53 13 23 12 66 64 11 81 2 25 93 43 8 18 95 65 91 85 79 31 71 28 17 51 89 80 77 82 48 97 50 14 33 67 0 
bonus: 47 76 94 4 69 70 57 5 98 34 58 45 16 39 29 24 41 87 30 62 73 86 74 96 40 12 66 64 11 81 2 25 17 51 89 80 77 82 48 67 
passengers: 309 299 300 308 182 191 62 295 55 377 89 132 81 196 321 357 254 172 13 95 98 99 113 74 75 72 346 

2287.87	12113	17270
tour: 0 47 53 13 23 12 66 64 11 81 2 25 93 43 8 18 95 65 91 85 79 31 71 28 17 57 5 98 34 58 45 40 49 73 67 37 52 1 42 96 63 22 76 94 4 69 70 32 16 86 74 14 33 51 89 80 77 82 59 54 60 36 99 68 41 87 30 78 75 26 46 72 15 92 39 29 24 44 48 97 50 55 7 3 10 90 83 21 88 27 19 6 84 35 61 62 38 56 20 9 0 
bonus: 47 53 13 23 12 66 64 11 81 2 25 93 43 8 18 95 65 24 44 48 97 50 55 7 3 56 20 9 
passengers: 302 300 306 305 310 47 40 6 7 76 79 70 184 186 286 228 358 359 256 253 94 60 178 152 153 129 126 55 103 15 89 81 202 

2432.47	13132	35914
tour: 0 47 53 13 23 12 66 64 11 81 2 25 20 9 59 54 60 36 99 68 41 87 30 78 75 26 46 31 71 28 93 43 8 18 95 65 91 85 72 15 92 39 29 24 44 37 52 1 42 96 63 22 76 94 4 69 70 32 16 86 74 14 33 51 89 80 77 82 48 97 50 55 7 3 10 90 83 21 88 27 19 6 84 35 61 62 38 56 79 17 57 5 98 34 58 45 40 49 73 67 0 
bonus: 47 53 13 23 12 66 64 11 81 2 25 20 9 59 54 60 36 99 68 41 87 30 78 75 26 46 31 71 28 1 42 96 63 22 76 94 4 69 70 32 16 86 74 14 33 51 89 80 77 82 48 97 49 73 67 
passengers: 299 312 303 306 305 97 40 12 14 377 160 126 6 8 57 220 143 107 252 253 90 60 66 64 175 87 89 193 79 70 73 186 234 

2274.38	13299	36392
tour: 0 47 53 13 23 12 66 64 11 81 2 25 20 9 59 54 60 36 99 68 41 87 30 78 75 26 46 31 71 28 93 43 8 18 95 65 91 85 72 15 92 39 29 24 44 37 52 1 42 40 49 73 16 86 74 96 63 22 76 94 4 98 34 58 45 57 5 69 70 32 55 7 3 10 90 83 21 88 27 19 6 84 35 61 62 38 56 79 17 51 89 80 77 82 48 97 50 14 33 67 0 
bonus: 47 53 13 23 12 66 64 11 81 2 25 20 9 59 54 60 36 99 68 41 87 30 78 75 26 46 31 71 28 1 42 40 49 73 16 86 74 96 63 22 76 94 4 98 34 55 7 3 10 90 83 21 88 27 19 6 84 62 67 
passengers: 299 312 303 306 305 97 40 12 14 377 160 126 6 8 57 220 149 107 252 253 59 90 284 5 20 87 89 194 195 74 346 

2416.35	12804	27576
tour: 0 47 76 94 4 69 70 57 5 98 34 58 45 40 32 55 7 3 10 90 38 56 20 9 53 13 23 12 66 64 11 81 2 25 93 79 31 71 28 17 51 89 80 77 82 59 54 60 36 99 68 83 21 88 27 19 6 84 35 61 62 49 73 16 86 74 14 33 67 37 52 1 42 96 63 22 44 48 97 50 26 46 72 15 92 39 29 24 41 87 30 78 75 43 8 18 95 65 91 85 0 
bonus: 47 76 94 4 69 70 57 5 98 34 58 45 40 32 55 7 3 10 53 13 23 12 66 64 11 81 2 25 93 79 31 71 28 17 51 89 80 77 82 59 44 95 65 91 85 
passengers: 312 300 303 301 304 1 3 16 83 13 10 34 43 22 112 135 353 206 89 133 196 327 48 356 94 126 128 57 218 148 146 108 250 8 

2149.47	11557	6379
tour: 0 47 53 13 23 12 66 64 11 81 2 44 48 97 50 14 33 51 89 80 77 82 59 54 60 36 99 68 83 21 88 27 19 6 84 35 61 62 38 56 79 17 57 5 98 34 58 45 40 49 73 67 37 52 1 42 96 63 22 76 94 4 69 70 32 55 7 3 10 90 16 86 74 28 93 43 8 18 95 65 91 85 72 15 92 39 29 24 41 87 30 78 75 26 46 31 71 25 20 9 0 
bonus: 47 13 46 31 71 25 20 9 
passengers: 299 311 313 306 305 45 33 337 49 377 87 82 196 76 357 358 359 253 94 16 136 137 150 146 251 161 121 

2201.75	12196	17379
tour: 0 47 53 24 44 48 97 50 26 46 31 71 28 17 57 5 69 70 32 55 7 3 10 90 83 21 88 27 19 6 84 35 61 98 34 58 45 40 49 73 67 37 52 1 42 96 63 22 76 94 4 16 86 74 14 33 51 89 80 77 82 59 54 60 36 99 68 41 87 30 78 75 91 85 72 15 92 39 29 43 8 18 95 65 13 23 12 66 64 11 81 2 25 93 79 62 38 56 20 9 0 
bonus: 47 53 24 44 48 6 84 35 61 98 58 23 12 66 64 11 81 2 25 93 79 62 38 56 20 9 
passengers: 311 300 313 301 304 2 5 21 15 89 131 196 193 183 320 358 60 48 178 205 160 163 148 8 9 41 43 38 24 121 

2109.62	12914	28268
tour: 0 47 53 24 41 87 30 78 75 91 85 72 15 92 39 29 93 43 8 18 95 65 13 23 12 66 64 11 81 2 44 48 97 50 26 46 31 71 28 17 57 5 69 70 32 55 7 3 10 90 38 56 79 62 49 73 16 86 74 14 33 67 37 22 76 94 4 98 34 58 45 40 52 42 96 63 84 35 61 51 89 80 77 82 59 54 60 36 99 68 83 21 88 27 19 6 1 25 20 9 0 
bonus: 47 53 24 41 87 30 78 75 91 93 23 12 64 55 7 3 10 90 38 56 79 62 49 73 16 86 74 14 33 67 37 22 76 94 4 98 34 58 40 52 42 96 63 84 35 61 20 9 
passengers: 302 306 305 308 366 54 220 7 47 33 335 127 79 70 73 2 171 20 322 323 181 175 93 182 183 284 198 202 89 134 81 121 

2199.38	12247	14561
tour: 0 47 53 24 41 87 30 78 75 91 71 28 17 57 5 98 67 37 52 1 42 96 63 22 76 94 4 69 70 32 55 7 3 10 90 38 56 20 9 59 54 25 93 79 31 60 36 99 68 83 21 88 27 19 6 84 35 61 62 49 73 16 86 74 14 33 51 89 80 77 82 48 97 50 26 46 72 15 92 39 29 43 8 18 95 65 13 23 12 66 64 11 81 2 44 34 58 45 40 85 0 
bonus: 47 53 24 41 87 30 78 75 91 71 28 17 57 5 98 67 37 81 2 44 34 58 45 40 85 
passengers: 300 310 360 365 107 76 1 211 252 255 174 85 13 112 114 125 89 201 327 48 52 344 222 8 100 43 38 25 29 270 267 186 

2142.77	12965	28654
tour: 0 47 53 24 41 87 30 78 75 91 71 28 17 57 5 69 70 32 55 7 3 10 90 38 56 79 62 49 73 16 86 74 14 33 67 37 52 1 42 96 63 22 76 94 4 98 34 58 45 40 85 72 15 92 39 29 93 43 8 18 95 65 13 23 12 66 64 11 81 2 44 48 97 50 26 46 31 60 36 99 68 83 21 88 27 19 6 84 35 61 51 89 80 77 82 59 54 25 20 9 0 
bonus: 47 53 24 41 87 30 78 75 90 38 86 74 14 33 67 37 52 1 42 96 63 22 76 94 4 98 58 60 36 99 68 83 21 88 61 51 89 80 77 82 59 54 25 20 9 
passengers: 309 300 301 304 307 2 5 20 212 60 48 51 181 177 94 91 191 148 260 101 98 129 169 89 134 81 198 202 195 351 121 

2172.23	13099	30722
tour: 0 47 53 24 41 87 30 78 75 91 71 28 17 57 69 70 32 55 7 3 10 90 38 56 20 9 59 54 25 93 79 31 60 36 99 68 83 21 88 27 19 6 84 35 61 62 49 73 67 37 52 1 42 96 63 22 76 94 4 16 86 74 14 33 51 89 80 77 82 48 97 50 26 46 72 15 92 39 29 43 8 18 95 65 13 5 98 23 12 66 64 11 81 2 44 34 58 45 40 85 0 
bonus: 47 53 24 41 87 30 78 75 25 93 79 31 60 36 99 68 83 21 88 27 19 6 84 35 86 74 14 29 43 8 18 95 65 13 5 98 23 12 66 64 11 81 2 44 34 58 45 40 85 
passengers: 299 312 303 301 304 18 15 13 10 377 112 167 89 131 196 327 356 358 94 60 177 126 128 57 222 148 149 145 262 100 186 

2161.25	11532	1205
tour: 0 47 53 24 41 87 10 90 38 56 79 31 60 36 99 68 83 21 88 27 19 6 1 66 64 11 81 2 44 37 52 42 96 63 84 35 61 62 49 73 16 86 74 14 33 67 48 97 50 26 46 72 15 92 39 29 93 43 8 18 95 65 13 23 12 32 55 7 3 22 76 94 4 69 70 57 5 98 34 58 45 40 85 30 78 75 91 71 28 17 51 89 80 77 82 59 54 25 20 9 0 
bonus: 55 9 
passengers: 311 313 304 307 364 18 167 206 89 27 30 254 60 48 52 180 291 257 47 97 100 170 186 236 161 75 351 121 

2239.75	12470	17614
tour: 0 47 88 27 19 6 84 4 16 86 74 14 33 51 89 80 77 82 48 97 50 26 46 72 15 92 39 29 93 43 8 59 54 25 20 9 53 24 41 87 30 78 75 91 71 28 17 57 69 70 32 55 7 3 10 90 38 56 79 31 60 36 99 68 83 21 35 61 62 49 73 67 37 52 1 42 96 63 22 76 94 18 95 65 13 5 98 23 12 66 64 11 81 2 44 34 58 45 40 85 0 
bonus: 47 88 27 56 79 31 60 36 99 68 83 21 35 5 98 23 12 66 64 11 81 2 44 34 58 45 40 85 
passengers: 309 299 311 302 307 81 60 178 176 7 378 12 360 103 162 138 73 171 18 212 168 205 323 91 100 43 38 25 29 270 267 186 

2239.83	12417	17537
tour: 0 47 53 24 41 87 30 78 75 91 71 28 17 57 69 70 32 55 7 3 10 90 38 56 79 31 60 36 99 68 83 21 88 27 19 6 84 35 61 62 49 73 67 37 52 42 96 63 22 76 94 4 16 86 74 14 33 51 89 80 77 82 48 97 50 26 46 72 15 92 39 29 43 8 18 95 65 13 5 98 23 12 20 9 59 54 25 93 1 66 64 11 81 2 44 34 58 45 40 85 0 
bonus: 47 53 33 51 89 80 82 29 43 8 18 95 65 13 5 98 23 12 20 9 59 54 25 93 1 58 45 40 85 
passengers: 311 301 304 310 360 73 171 5 18 167 196 327 356 94 60 48 177 126 128 53 222 148 8 1 100 41 13 370 123 25 29 270 267 186 

2135.98	12748	22771
tour: 0 47 53 24 41 87 30 78 75 91 85 72 15 92 39 29 48 97 50 26 46 31 71 28 17 57 69 70 32 55 7 3 10 90 38 56 79 62 49 73 16 86 74 14 33 67 37 22 76 94 4 60 36 99 68 83 21 88 27 19 6 1 66 64 11 81 2 44 34 58 45 40 52 42 96 63 84 35 61 51 89 80 77 82 59 54 25 93 43 8 18 95 65 13 5 98 23 12 20 9 0 
bonus: 47 53 24 41 87 30 78 75 91 85 72 15 92 39 29 48 97 50 55 7 3 10 90 38 56 79 62 49 73 16 86 74 14 33 67 37 22 76 68 
passengers: 310 308 360 366 110 54 220 127 295 73 171 5 20 322 323 49 175 210 93 134 81 25 182 228 254 198 369 121 124 8 1 41 

2241.27	13514	34089
tour: 0 47 53 24 44 34 58 45 40 49 73 67 37 52 42 96 63 22 76 94 4 16 86 74 14 33 51 89 80 77 82 48 97 50 26 46 72 60 36 99 68 41 87 30 78 75 91 85 61 62 38 56 79 31 71 28 17 57 69 70 32 55 7 15 92 39 29 43 8 18 95 65 13 5 98 23 12 20 9 59 54 25 93 1 66 64 11 81 2 3 10 90 83 21 88 27 19 6 84 35 0 
bonus: 47 53 24 44 34 58 45 40 49 73 67 37 52 42 96 17 57 69 70 32 55 7 15 92 39 29 43 8 18 95 65 13 98 23 12 20 9 59 54 25 93 1 66 64 11 81 2 3 10 90 83 21 88 27 19 6 84 35 
passengers: 309 307 367 361 362 191 228 256 60 178 176 179 127 289 249 160 166 136 68 79 53 148 263 8 9 1 2 13 10 122 123 15 89 

2397.8	14169	46058
tour: 0 47 53 24 41 87 30 78 75 91 71 28 17 57 69 70 32 55 7 3 22 76 94 49 73 16 86 74 14 33 51 89 80 77 82 48 97 50 26 46 72 15 92 39 29 93 43 8 18 95 65 13 5 98 23 12 20 9 59 54 25 67 37 52 42 96 63 84 35 61 62 4 10 90 38 56 79 31 60 36 99 68 83 21 88 27 19 6 1 66 64 11 81 2 44 34 58 45 40 85 0 
bonus: 47 53 24 41 87 30 78 75 91 71 28 17 57 69 70 32 55 7 3 22 76 94 49 73 16 86 74 14 33 51 12 20 9 59 54 25 67 37 52 42 96 63 84 35 61 62 4 10 90 38 56 79 31 60 36 99 68 83 21 88 27 19 6 1 66 64 11 81 2 44 34 58 45 40 85 
passengers: 309 301 307 310 360 74 171 5 94 60 48 52 177 330 126 53 148 263 8 1 2 101 13 122 115 252 203 204 18 15 216 169 89 25 29 270 267 186 

2237.08	12082	7424
tour: 0 47 53 24 41 87 30 78 75 91 71 28 17 57 69 70 32 55 7 3 22 76 94 4 10 56 79 31 60 36 99 68 83 21 88 27 19 6 92 90 38 67 37 52 42 96 63 84 35 61 62 49 73 16 86 74 14 33 51 89 80 46 72 15 77 82 48 97 50 26 23 12 20 9 59 54 25 93 1 66 64 11 81 2 44 34 58 39 29 43 8 18 95 65 13 5 98 45 40 85 0 
bonus: 47 53 24 33 43 8 18 95 65 13 5 98 45 40 85 
passengers: 301 310 360 365 102 171 5 90 18 167 206 89 81 254 60 52 177 344 96 100 13 123 25 28 185 218 148 149 145 8 

2250.42	13812	36772
tour: 0 47 53 24 41 87 30 78 75 91 71 28 17 57 69 70 32 55 7 3 22 76 94 49 73 16 86 74 14 33 62 4 10 56 79 31 60 36 99 68 83 21 88 27 19 6 92 90 38 67 37 52 42 96 63 84 35 61 51 89 80 46 72 15 77 82 48 97 50 26 23 12 20 9 59 54 25 93 1 66 64 11 81 2 44 34 58 39 29 43 8 18 95 65 13 5 98 45 40 85 0 
bonus: 47 53 24 41 87 30 78 75 91 71 28 17 57 69 70 32 55 7 3 22 76 94 49 73 16 86 74 14 33 62 4 10 56 79 31 60 36 99 68 83 21 88 27 19 92 93 1 66 64 11 81 2 44 34 58 39 29 5 98 45 40 85 
passengers: 309 301 307 310 360 73 171 5 90 322 60 49 50 179 175 166 89 132 134 81 215 53 96 13 123 124 118 120 25 148 8 

2152.02	12708	21448
tour: 0 47 53 24 41 87 30 78 75 91 85 86 74 14 33 67 37 52 1 42 40 49 73 16 39 29 48 97 50 26 96 21 88 27 19 6 92 15 63 84 35 61 62 79 31 71 28 17 51 89 80 46 72 60 36 99 68 83 77 82 59 54 25 93 43 8 18 95 65 13 5 98 23 12 66 64 11 81 2 44 34 58 45 57 69 70 32 55 7 3 22 76 94 4 10 90 38 56 20 9 0 
bonus: 53 63 84 35 61 62 79 31 71 28 17 51 89 80 46 72 60 36 99 68 83 77 82 59 25 93 43 8 
passengers: 309 311 307 308 367 49 233 65 223 317 127 53 56 198 195 140 75 342 349 369 123 262 8 1 2 24 287 274 

2030.92	12434	12125
tour: 0 47 53 24 41 87 30 78 75 91 71 28 17 57 69 70 32 55 7 3 22 76 94 49 73 67 37 52 42 40 85 86 74 14 33 51 89 80 46 72 48 97 50 26 96 63 84 35 61 62 4 10 90 38 56 79 31 60 36 99 68 83 21 88 27 19 6 92 15 77 82 59 54 25 93 1 66 64 11 81 2 44 34 58 45 16 39 29 43 8 18 95 65 13 5 98 23 12 20 9 0 
bonus: 47 53 24 41 87 30 78 75 91 71 28 17 57 69 26 96 63 84 62 
passengers: 301 307 310 367 360 74 171 5 94 233 179 175 317 331 129 126 166 132 81 53 57 121 266 218 148 8 9 1 41 

2229.9	13795	34891
tour: 0 47 53 24 41 87 30 78 75 91 85 86 74 14 33 51 89 80 46 72 60 36 99 68 83 21 88 27 19 6 92 15 77 82 59 54 25 93 43 8 18 95 65 13 5 98 23 12 66 64 11 81 2 44 34 58 45 16 39 29 48 97 50 26 96 63 84 35 61 62 79 31 71 28 17 57 69 70 32 55 7 3 52 1 42 40 49 73 67 37 22 76 94 4 10 90 38 56 20 9 0 
bonus: 47 53 24 41 87 30 78 75 91 85 86 74 82 93 95 65 13 5 98 23 12 64 26 96 63 84 35 61 62 79 31 71 28 17 57 69 70 32 55 7 3 52 1 42 40 49 73 67 37 22 76 94 4 10 90 38 56 20 9 
passengers: 311 313 307 308 361 48 175 88 132 53 57 113 46 47 101 59 143 335 196 76 170 253 234 326 211 

2100.25	12910	18683
tour: 0 47 53 24 41 87 30 78 75 91 85 86 74 14 33 51 89 80 46 72 60 36 99 68 83 21 88 27 19 6 92 15 77 82 59 54 25 93 1 66 64 11 81 2 44 34 58 45 16 39 29 48 97 50 26 96 63 84 35 61 62 4 10 90 38 56 79 31 71 28 17 57 69 70 32 55 7 3 52 42 40 49 73 67 37 22 76 94 43 8 18 95 65 13 5 98 23 12 20 9 0 
bonus: 47 53 24 41 87 30 78 75 91 85 86 74 77 82 59 54 25 93 90 38 56 79 95 65 13 5 98 23 12 20 9 
passengers: 311 313 307 308 361 49 175 89 134 82 53 54 57 113 122 143 335 127 16 18 168 139 76 172 254 209 211 1 41 

2187.18	14092	39866
tour: 0 47 53 24 41 87 30 78 75 91 85 72 60 36 99 68 83 21 88 27 19 6 92 15 77 82 59 54 25 93 1 66 64 11 81 2 44 34 58 45 16 39 29 48 97 50 26 96 63 84 35 61 51 89 80 46 31 71 28 17 57 69 86 74 14 33 62 4 10 90 38 56 79 70 32 55 7 3 52 42 40 49 73 67 37 22 76 94 43 8 18 95 65 13 5 98 23 12 20 9 0 
bonus: 47 53 24 41 87 30 78 75 91 85 72 60 36 99 68 83 27 25 93 1 66 64 11 81 2 44 34 58 45 16 39 29 48 97 50 26 96 63 84 35 61 51 89 80 46 42 40 49 73 67 37 22 76 94 43 8 18 95 65 13 5 98 23 12 20 9 
passengers: 299 311 313 308 364 207 89 53 54 57 375 370 113 266 223 150 333 337 127 196 290 297 76 254 253 229 234 209 211 91 8 1 41 

2095.25	12933	17899
tour: 0 47 53 24 41 87 30 78 75 91 85 86 74 14 33 51 89 80 46 72 60 36 99 68 83 77 82 59 54 25 93 1 66 64 11 81 2 44 34 58 45 16 39 29 48 97 50 26 96 21 88 27 19 6 92 15 63 84 35 61 62 4 10 90 38 56 79 31 71 28 17 57 69 70 32 55 7 3 52 42 40 49 73 67 37 22 76 94 43 8 18 95 65 13 5 98 23 12 20 9 0 
bonus: 47 53 24 41 87 30 78 75 91 85 86 74 14 33 63 84 35 76 94 43 8 18 95 65 13 5 98 23 12 20 9 
passengers: 299 307 361 364 110 177 175 292 207 375 284 317 337 127 131 56 196 139 76 172 254 253 229 91 8 9 1 41 

2169.53	12381	7034
tour: 0 47 53 24 41 87 30 78 75 91 85 86 74 14 33 67 37 22 76 94 49 50 26 96 63 84 35 61 62 4 10 90 38 56 79 31 71 28 73 16 39 29 48 97 1 66 64 11 81 2 44 34 58 45 40 52 42 57 69 70 32 55 7 3 17 51 89 80 46 72 60 36 99 68 83 21 88 27 19 6 92 15 77 82 59 54 25 93 43 8 18 95 65 13 5 98 23 12 20 9 0 
bonus: 47 53 24 42 57 69 70 5 98 23 12 20 9 
passengers: 307 361 365 363 366 51 176 94 327 196 203 16 136 140 220 222 149 191 183 285 252 174 291 205 207 88 53 121 124 8 1 41 

2110.17	12890	14585
tour: 0 47 83 21 88 27 8 18 95 49 73 67 37 22 76 94 43 61 62 4 10 90 38 56 79 31 71 28 17 57 69 70 32 55 7 50 26 23 65 13 5 98 45 16 86 74 14 19 6 92 15 77 82 59 54 25 93 12 20 9 53 24 44 34 58 39 29 48 97 1 66 64 33 51 89 80 46 72 60 36 99 68 41 87 30 78 75 91 96 63 84 35 11 81 2 3 52 42 40 85 0 
bonus: 47 83 21 88 27 8 18 95 73 55 51 89 80 46 72 11 81 2 3 52 42 40 85 
passengers: 302 313 304 310 87 88 7 321 16 140 74 79 70 172 331 96 1 283 12 110 266 182 223 150 178 290 297 163 196 199 25 

2337.35	14810	46128
tour: 0 47 83 21 88 27 8 18 95 65 13 23 12 20 9 53 24 44 34 58 39 29 48 97 1 66 64 33 67 37 22 76 94 43 61 62 4 10 90 38 56 79 70 32 55 7 50 26 96 63 84 35 11 81 2 3 52 42 40 49 73 16 86 74 14 19 6 92 15 77 82 59 54 25 93 98 45 57 5 69 36 99 68 41 87 30 78 75 91 85 72 60 80 46 31 71 28 17 51 89 0 
bonus: 47 83 21 88 27 8 18 95 65 13 23 12 20 9 53 24 44 34 58 39 29 48 97 1 66 64 33 67 37 22 76 94 43 61 62 4 10 90 38 56 79 70 32 55 7 50 26 96 63 84 35 11 81 2 3 52 42 40 49 73 16 86 74 14 19 6 92 15 77 93 98 45 57 5 69 36 68 89 
passengers: 312 302 313 303 306 88 8 96 99 100 12 11 108 185 220 148 180 94 263 19 5 335 329 129 196 355 255 320 49 53 58 114 118 285 249 154 75 

2174.57	13903	31814
tour: 0 47 83 21 88 27 8 18 95 65 13 5 98 23 12 32 55 7 50 26 96 63 84 35 11 81 2 3 52 42 40 49 73 16 39 29 48 97 1 66 64 33 67 37 22 76 94 4 10 90 38 56 20 9 53 24 44 34 58 45 57 69 36 99 68 41 87 30 78 75 91 85 86 74 14 19 6 92 15 77 82 59 54 25 93 43 61 62 79 70 72 60 80 46 31 71 28 17 51 89 0 
bonus: 47 83 21 27 39 29 48 97 1 66 64 57 69 36 99 68 41 87 78 75 91 85 86 74 14 19 6 92 15 77 82 59 25 61 62 79 70 72 60 80 46 31 71 28 17 51 89 
passengers: 309 302 300 313 301 88 6 46 101 335 196 358 327 60 61 65 222 221 149 178 181 183 187 189 285 206 207 246 157 49 53 56 369 372 114 257 260 75 

2273.18	14924	45336
tour: 0 47 83 21 88 27 19 6 92 15 77 82 59 54 25 93 12 20 9 53 24 97 1 66 11 81 2 44 34 58 39 29 48 79 70 72 60 80 46 31 71 28 17 57 69 36 99 68 41 87 30 78 75 91 85 61 62 4 10 67 37 22 76 94 43 8 18 95 49 50 26 23 65 13 5 98 45 40 32 55 7 3 52 42 96 63 84 35 73 16 86 74 14 90 38 56 64 33 51 89 0 
bonus: 47 83 21 88 27 19 6 92 15 77 82 59 54 25 93 12 20 9 53 24 97 1 66 11 81 2 44 34 58 39 29 48 79 70 72 60 80 46 31 71 28 17 26 23 65 13 5 98 45 40 32 55 7 3 52 42 96 63 84 35 73 16 86 74 14 90 38 56 64 33 51 89 
passengers: 299 311 312 313 303 89 81 53 378 121 12 362 366 110 104 102 191 218 219 150 291 289 137 74 250 241 160 263 6 8 321 324 329 5 195 60 64 

2365	15329	50169
tour: 0 47 83 21 88 27 19 6 92 15 77 82 59 54 25 93 12 20 9 53 24 97 1 66 11 81 2 44 34 58 39 29 48 79 70 72 60 80 46 31 71 28 17 57 69 36 26 23 65 13 5 98 45 40 32 55 7 3 52 42 96 63 84 35 73 16 86 74 14 90 38 56 64 33 62 4 10 67 37 22 76 94 43 8 18 95 49 50 99 68 41 87 30 78 75 91 85 61 51 89 0 
bonus: 47 83 21 88 27 19 6 92 15 77 82 59 54 25 93 12 20 9 53 24 97 1 66 11 81 2 44 34 58 39 29 48 79 70 72 60 80 46 31 71 28 17 57 69 36 55 7 3 52 42 96 63 84 35 73 16 86 74 14 90 38 56 64 33 18 95 49 50 99 68 41 87 30 78 75 91 85 61 51 89 
passengers: 299 311 312 313 303 89 81 53 378 121 12 362 366 110 104 102 191 220 218 149 292 290 205 45 284 287 171 253 201 48 212 259 8 320 336 154 

2089.8	14130	29050
tour: 0 47 83 21 88 27 19 6 92 15 77 82 59 54 25 93 98 23 12 32 55 7 3 17 51 89 22 76 94 43 8 18 95 49 50 99 68 41 87 30 78 75 91 65 13 5 36 26 96 63 84 35 61 33 62 4 10 67 37 52 42 57 69 70 72 60 80 46 31 71 28 73 16 39 29 48 79 86 74 14 90 38 56 20 9 53 24 97 1 66 64 11 81 2 44 34 58 45 40 85 0 
bonus: 47 83 21 88 27 19 6 92 15 77 82 59 54 25 3 17 51 89 22 76 94 43 8 18 95 49 50 31 71 28 73 16 39 29 48 79 86 74 14 90 38 56 20 53 85 
passengers: 299 311 313 301 305 87 53 375 112 40 74 75 353 94 8 320 322 333 337 155 196 176 357 358 294 288 136 140 149 145 315 109 186 

2164.08	14630	36669
tour: 0 47 83 21 88 27 19 6 92 15 77 82 59 54 25 93 98 23 12 32 55 7 3 52 42 17 57 69 70 72 60 80 46 31 71 28 73 16 39 29 48 79 86 74 14 90 38 56 20 9 53 24 97 1 66 64 33 62 4 10 67 37 22 76 94 43 8 18 95 49 50 99 68 41 87 30 78 75 91 65 13 5 36 26 96 63 84 35 11 81 2 44 34 58 45 40 85 61 51 89 0 
bonus: 47 83 21 88 27 19 6 92 15 77 82 59 54 25 79 86 74 14 90 38 56 20 9 53 24 8 18 95 49 50 99 68 41 87 30 78 75 91 65 13 5 36 26 96 63 84 35 11 81 2 44 34 58 45 40 85 61 51 89 
passengers: 299 311 313 301 305 87 53 377 115 32 5 357 358 71 294 136 148 143 315 48 51 108 209 94 259 263 320 323 163 164 199 195 204 25 29 270 267 186 236 

2144.85	14514	34834
tour: 0 47 83 21 88 27 19 6 92 82 59 54 25 93 12 20 9 53 24 97 1 66 64 33 62 4 10 67 37 22 44 34 58 39 29 48 79 70 72 60 80 46 31 71 28 73 16 86 74 14 90 38 56 76 94 43 8 18 95 49 50 26 23 65 13 5 98 45 40 32 55 7 15 77 96 63 84 35 11 81 2 3 52 42 17 57 69 36 99 68 41 87 30 78 75 91 85 61 51 89 0 
bonus: 47 83 21 88 27 19 6 92 82 59 54 25 93 12 20 9 53 24 97 1 66 64 33 62 4 10 67 37 22 31 71 28 73 16 11 81 2 3 52 42 17 57 69 36 99 68 41 87 30 78 75 91 85 61 51 89 
passengers: 299 311 312 313 303 89 81 82 378 12 11 361 362 110 176 16 265 191 291 295 139 141 213 263 321 101 58 196 199 195 204 26 359 75 154 

2136.15	14850	40722
tour: 0 47 83 77 96 21 88 27 19 6 92 82 59 54 25 93 12 20 9 53 24 97 1 66 64 33 62 4 10 67 37 22 44 34 58 39 29 48 79 70 72 60 80 46 31 71 28 73 16 86 74 14 90 38 56 76 94 43 8 18 95 49 50 26 23 65 13 5 98 45 40 32 55 7 15 63 84 35 11 81 2 3 52 42 17 57 69 36 99 68 41 87 30 78 75 91 85 61 51 89 0 
bonus: 47 83 77 96 21 88 27 19 6 92 82 59 54 25 93 12 20 9 53 24 97 1 66 64 33 62 4 10 67 37 22 31 71 28 73 16 86 74 14 90 38 56 76 11 81 2 3 52 42 17 57 69 36 99 68 41 87 30 78 75 91 85 61 51 89 
passengers: 299 311 312 313 303 89 81 82 378 12 11 361 362 110 176 16 265 191 291 295 139 141 213 263 321 101 58 196 199 195 204 26 359 75 154 

2135.78	14517	34875
tour: 0 47 83 21 88 27 19 6 92 15 63 84 35 61 33 62 4 10 67 37 22 76 94 74 14 90 38 56 20 9 53 24 97 1 66 64 11 81 2 44 34 58 45 40 85 86 99 82 59 54 25 93 43 8 18 95 49 50 52 42 57 69 36 26 46 31 71 28 73 16 39 29 48 79 70 72 60 80 77 96 68 41 87 30 78 75 91 65 13 5 98 23 12 32 55 7 3 17 51 89 0 
bonus: 47 83 21 88 27 19 6 92 15 63 84 35 61 33 62 4 67 37 22 76 94 74 14 90 38 56 57 69 36 26 46 31 71 28 73 16 39 29 48 79 70 72 60 80 77 68 12 32 55 7 3 17 51 89 
passengers: 311 313 304 307 308 89 81 82 197 211 92 48 12 13 367 107 108 228 112 257 327 320 256 294 289 136 220 146 314 249 240 164 47 34 39 75 

2439.68	15191	46307
tour: 0 47 83 21 88 27 19 6 92 82 59 54 25 93 12 20 9 53 24 97 1 66 64 11 81 2 3 17 51 89 22 44 34 58 45 57 69 86 74 14 90 38 56 76 94 43 8 18 95 49 50 26 46 31 71 28 73 16 39 29 48 79 70 72 60 80 77 96 63 84 35 61 33 62 4 10 67 37 52 42 40 32 55 7 15 98 23 65 13 5 36 99 68 41 87 30 78 75 91 85 0 
bonus: 47 83 21 88 27 19 6 92 82 59 54 25 93 12 20 9 90 38 56 76 94 43 8 18 95 26 46 31 71 28 73 16 39 29 48 79 70 72 60 80 77 96 63 84 35 61 33 62 4 10 67 37 52 42 40 32 55 7 15 98 23 65 13 5 36 99 68 41 87 30 78 75 91 85 
passengers: 299 311 312 313 303 87 81 378 85 12 11 362 109 74 94 191 287 48 217 327 333 294 290 297 136 220 143 196 359 254 227 172 4 97 

2132.15	14950	40722
tour: 0 47 83 21 88 27 19 6 92 82 59 54 25 93 12 20 9 53 24 97 1 66 64 33 62 4 10 67 37 22 44 34 58 39 29 48 79 70 72 60 80 46 31 71 28 73 16 86 74 14 90 38 56 76 94 43 8 18 95 49 50 26 23 65 13 5 98 45 40 32 55 7 15 63 84 35 11 81 2 3 52 42 17 57 69 36 99 77 96 68 41 87 30 78 75 91 85 61 51 89 0 
bonus: 47 83 21 88 27 19 6 92 82 59 54 25 93 12 20 9 53 24 97 1 66 64 33 62 4 10 67 37 22 31 71 28 73 16 86 74 14 90 38 56 76 11 81 2 3 52 42 17 57 69 36 99 77 96 68 41 87 30 78 75 91 85 61 51 89 
passengers: 299 311 312 313 303 89 81 82 378 12 11 361 362 110 176 16 265 191 291 295 139 141 213 263 321 101 58 196 199 195 204 26 359 75 154 

2221.43	15333	47110
tour: 0 47 83 21 88 27 19 6 92 82 59 54 25 93 12 20 9 53 24 97 1 66 64 11 81 2 3 52 42 57 69 36 26 23 65 13 5 98 45 40 32 55 7 15 63 84 35 73 16 86 74 14 90 38 56 76 94 43 8 18 95 49 50 99 77 96 68 41 87 30 78 75 91 85 61 33 62 4 10 67 37 22 44 34 58 39 29 48 79 70 72 60 80 46 31 71 28 17 51 89 0 
bonus: 47 83 21 88 27 19 6 92 82 59 54 25 93 12 20 9 53 24 97 1 66 64 11 81 2 3 52 42 57 69 36 26 23 65 13 5 98 45 40 32 55 7 15 63 84 35 73 16 86 74 14 62 4 10 67 37 22 44 34 58 39 29 48 79 70 72 60 80 46 31 71 28 17 51 89 
passengers: 299 311 312 313 303 89 81 377 378 84 12 14 367 107 356 254 126 101 45 46 229 58 201 60 48 259 8 327 320 152 162 176 179 16 218 150 318 75 

2471.07	15787	54406
tour: 0 47 83 21 88 27 19 6 92 82 59 54 25 93 12 20 9 53 24 97 1 66 11 81 2 3 52 42 17 57 69 36 26 23 65 13 5 98 45 40 32 55 7 15 63 84 35 61 51 89 64 33 62 4 10 67 37 22 44 34 58 39 29 48 79 70 72 60 80 46 31 71 28 73 16 86 74 14 90 38 56 76 94 43 8 18 95 49 50 99 77 96 68 41 87 30 78 75 91 85 0 
bonus: 47 83 21 88 27 19 6 92 82 59 54 25 93 12 20 9 2 57 69 36 26 23 65 13 5 98 45 40 32 55 7 15 63 84 35 61 89 64 33 62 4 10 67 37 22 44 34 58 39 29 48 79 70 72 60 80 46 31 71 28 73 16 86 74 14 90 38 56 76 94 43 8 18 95 49 50 99 77 96 68 41 87 30 78 75 91 85 
passengers: 299 311 312 313 303 87 81 377 84 12 14 107 356 254 75 126 101 96 2 57 195 353 343 16 18 265 148 150 291 167 64 67 259 8 320 

2164.63	15262	45389
tour: 0 47 83 21 88 27 19 6 92 82 59 54 25 93 12 20 9 53 24 97 1 66 11 81 2 44 34 58 45 40 32 55 7 3 52 42 17 57 69 36 26 23 65 13 5 98 60 80 46 31 71 28 73 16 39 29 48 79 70 72 15 63 84 35 61 62 4 10 67 37 22 76 94 43 8 18 95 49 50 99 77 96 68 41 87 30 78 75 91 85 86 74 14 90 38 56 64 33 51 89 0 
bonus: 47 83 21 88 27 19 6 92 82 59 54 25 93 12 20 5 98 60 80 46 31 71 28 73 16 39 29 48 79 70 72 15 63 84 35 61 62 4 10 67 37 22 76 94 43 8 18 95 49 50 99 77 96 68 41 87 30 78 75 91 85 86 74 14 90 38 56 64 33 51 89 
passengers: 299 311 312 313 303 89 81 377 378 84 12 367 360 107 228 172 356 254 256 126 101 95 96 46 136 65 223 148 143 58 201 193 209 259 8 320 326 336 154 165 

2095.6	14924	33323
tour: 0 47 83 21 88 27 19 6 92 82 59 54 25 20 9 53 24 97 1 42 22 44 34 58 10 67 37 52 48 79 70 72 60 80 46 31 71 28 73 16 39 29 93 98 45 57 69 36 26 23 12 32 55 40 85 86 74 14 90 38 56 76 94 43 8 18 95 49 50 99 77 96 68 41 87 30 78 75 91 65 13 5 7 15 63 84 35 61 33 62 4 66 64 11 81 2 3 17 51 89 0 
bonus: 47 83 21 88 27 19 6 92 82 59 54 25 20 9 53 24 97 1 42 22 44 34 58 10 67 37 52 48 79 70 23 12 32 55 40 85 86 74 14 90 38 56 76 94 43 8 18 95 49 50 99 77 68 89 
passengers: 299 311 312 313 303 89 81 82 377 12 11 362 107 253 94 266 191 16 356 292 136 220 148 285 206 128 40 229 48 259 263 8 320 324 336 163 164 47 199 195 75 

2130.52	14886	29241
tour: 0 47 83 21 88 27 19 6 92 82 59 54 25 20 9 53 24 97 1 66 64 11 81 2 44 34 58 45 40 85 86 74 14 90 38 56 76 94 43 8 18 95 49 50 99 77 96 7 15 63 84 35 61 33 62 4 78 75 91 65 13 5 98 60 80 46 31 71 28 73 16 39 29 48 79 70 72 3 52 42 57 69 36 26 23 12 32 55 93 68 41 87 30 10 67 37 22 17 51 89 0 
bonus: 47 83 21 88 27 19 6 92 82 59 54 25 20 9 53 24 97 1 66 64 11 81 2 44 34 40 42 57 69 36 26 23 12 32 55 93 68 41 87 30 10 67 37 22 17 51 89 
passengers: 299 311 312 313 303 89 81 378 370 85 12 367 362 108 265 182 229 48 261 263 8 327 322 196 176 179 177 167 136 59 220 142 143 356 127 97 171 249 162 208 75 

2263.4	16781	60500
tour: 0 47 83 21 88 27 19 6 92 82 59 54 25 20 9 53 24 97 1 66 64 33 62 4 78 75 91 65 13 5 7 15 98 60 80 46 31 71 28 73 16 39 29 48 79 70 72 3 52 42 17 57 69 36 26 23 12 32 55 93 68 41 87 30 10 67 37 22 11 81 2 44 34 58 45 40 85 86 74 14 90 38 56 76 94 43 8 18 95 49 50 99 77 96 63 84 35 61 51 89 0 
bonus: 47 83 21 88 27 19 6 92 82 59 54 25 20 9 53 24 97 1 66 64 33 62 4 78 75 91 65 13 5 7 15 98 60 80 31 71 28 73 16 39 29 48 79 70 72 3 52 42 17 57 69 36 26 23 12 32 55 93 68 41 87 30 10 67 37 22 11 81 2 44 34 58 45 40 85 86 74 14 90 38 56 76 94 43 8 18 95 49 50 99 77 96 63 84 35 61 51 89 
passengers: 299 311 312 313 303 89 81 378 121 84 12 361 366 110 104 176 46 294 136 59 220 218 142 143 314 206 97 171 246 160 209 24 48 263 8 324 336 195 

