Fo(cost)	Fo(time)	Fo(bonus)

4035.05	12341	37546
tour: 0 42 71 46 40 28 26 32 96 61 5 13 93 19 89 90 77 34 4 73 35 39 43 37 21 18 81 83 95 50 74 49 54 62 14 87 85 82 57 55 17 24 1 75 22 44 63 3 30 12 59 7 8 88 58 47 48 94 33 78 6 36 98 70 38 60 2 79 84 76 86 25 29 9 31 27 72 69 66 92 11 51 91 56 20 64 65 97 67 23 41 68 15 53 80 99 10 16 52 45 0 
bonus: 42 71 46 40 28 26 32 96 61 5 13 93 89 7 8 88 58 47 48 94 33 78 6 36 98 70 38 60 2 79 84 76 86 25 29 9 31 27 72 69 66 51 91 56 64 65 97 67 23 41 68 15 53 80 99 10 16 52 45 
passengers: 63 64 61 20 18 101 94 95 33 57 58 68 69 222 113 5 9 100 176 213 211 66 

3924.27	13498	54275
tour: 0 42 71 23 29 9 31 79 84 76 86 25 83 95 50 74 49 6 36 98 70 38 60 2 69 66 33 78 35 39 54 62 14 87 85 82 57 55 17 24 1 75 22 44 11 51 91 56 20 64 65 97 67 43 37 21 18 81 28 26 32 96 61 5 13 93 19 89 90 27 72 92 46 40 63 3 30 12 59 7 8 88 58 47 48 94 73 77 34 4 41 68 15 53 80 99 10 16 52 45 0 
bonus: 42 71 23 29 9 31 79 84 76 86 25 83 95 50 74 49 6 36 98 70 38 60 2 69 66 33 78 35 39 54 62 14 87 85 82 57 55 17 24 1 75 22 44 11 21 18 81 28 26 32 96 61 5 13 93 19 89 90 27 72 92 46 40 63 3 30 12 59 7 8 88 58 47 48 73 77 34 4 41 68 15 53 80 99 10 16 52 45 
passengers: 184 203 204 205 202 114 2 8 70 71 73 101 220 139 55 130 95 19 20 21 18 105 226 78 79 1 

3293.85	11109	14442
tour: 0 9 31 79 84 76 86 36 98 70 38 60 2 69 66 92 46 40 63 3 30 12 59 7 8 88 58 47 48 94 33 78 35 39 43 37 21 18 81 28 26 32 96 61 5 13 93 19 89 90 27 72 6 42 71 95 50 74 49 54 62 34 4 73 77 14 87 85 82 57 55 17 24 1 75 22 44 11 51 91 56 20 64 65 97 67 23 29 25 83 41 68 15 53 80 99 10 16 52 45 0 
bonus: 9 31 79 84 76 86 36 98 70 38 60 2 69 66 92 46 40 63 3 30 45 
passengers: 186 203 201 202 181 221 75 77 94 19 20 169 1 27 24 208 151 32 57 107 

3087.7	11117	12297
tour: 0 33 78 35 39 43 37 21 18 81 28 26 32 96 61 5 13 93 19 89 90 27 72 6 42 71 46 9 31 79 84 76 86 36 98 70 38 60 2 69 66 92 11 51 91 56 20 64 65 97 67 23 29 25 83 95 50 74 49 54 62 14 87 85 82 57 55 17 24 1 75 22 44 40 63 3 30 12 59 7 8 88 58 47 48 94 73 77 34 4 41 68 15 53 80 99 10 16 52 45 0 
bonus: 33 78 35 39 43 37 21 18 81 28 26 41 68 15 53 80 99 10 16 52 45 
passengers: 73 104 92 53 59 60 5 184 177 217 211 48 198 114 120 27 219 156 226 78 79 1 

3044.72	12018	30048
tour: 0 9 31 79 84 76 86 36 98 70 38 60 2 69 66 33 78 6 42 71 95 50 74 49 65 97 67 23 29 25 83 41 68 15 53 80 99 10 16 52 45 54 62 14 87 85 82 57 55 17 24 32 96 61 5 13 93 19 89 90 77 34 4 73 35 39 43 37 21 18 92 46 40 63 3 30 12 59 7 8 88 58 47 48 94 1 75 22 44 11 51 91 56 20 64 27 72 81 28 26 0 
bonus: 9 31 79 84 76 86 36 98 70 38 60 2 69 66 33 78 6 42 71 95 50 74 49 65 21 18 92 46 40 63 3 30 12 59 7 8 88 58 47 48 94 11 64 27 72 81 28 26 
passengers: 184 203 204 205 202 70 72 6 114 121 198 187 133 26 220 142 39 81 0 101 97 222 223 130 132 166 

3169.82	11713	24872
tour: 0 42 71 40 63 3 30 12 59 7 8 88 58 47 48 94 73 77 34 4 41 68 15 53 80 99 10 16 52 45 54 62 14 87 85 82 57 55 17 24 1 75 22 44 11 31 79 84 76 86 25 83 95 50 74 49 6 36 98 70 38 60 2 69 66 33 78 35 39 43 26 32 96 61 5 13 93 37 21 18 92 46 51 91 56 20 64 65 97 67 23 29 9 19 89 90 27 72 81 28 0 
bonus: 42 71 40 63 3 30 12 59 7 8 88 58 47 48 94 73 77 34 4 41 68 15 53 80 99 45 93 37 21 18 92 46 51 91 56 20 64 65 97 67 23 29 
passengers: 105 106 69 67 226 223 81 82 78 134 135 184 203 204 119 10 2 73 61 60 19 233 97 166 

2952.82	11378	17674
tour: 0 33 78 35 39 43 37 21 18 81 28 26 32 96 61 5 13 93 25 83 95 50 74 49 54 62 14 87 85 82 57 55 17 24 1 75 22 44 11 31 79 84 76 86 36 98 70 38 60 2 69 66 92 46 51 91 56 20 64 65 97 67 23 29 9 19 89 90 27 72 6 42 71 40 63 3 30 12 59 7 8 88 58 47 48 94 73 77 34 4 41 68 15 53 80 99 10 16 52 45 0 
bonus: 33 78 35 39 43 37 21 18 81 28 26 32 13 36 98 70 38 60 2 69 66 92 46 51 56 16 52 45 
passengers: 70 72 73 102 104 62 200 27 151 32 57 186 211 216 147 39 44 4 226 78 79 1 

2751.95	11670	23645
tour: 0 9 19 89 90 27 72 92 46 51 91 56 20 64 65 97 67 23 29 25 83 95 50 74 49 6 42 71 40 63 3 30 12 59 7 8 88 58 47 48 94 73 77 34 4 41 68 15 53 80 99 10 16 52 45 54 62 14 87 85 82 57 55 17 24 1 75 22 44 11 31 79 84 76 86 36 98 70 38 60 2 69 66 33 78 35 39 43 26 32 96 61 5 13 93 37 21 18 81 28 0 
bonus: 9 19 89 90 27 72 92 46 51 91 56 20 64 65 97 67 23 4 41 68 15 53 80 99 45 43 26 32 96 61 5 13 93 37 21 18 81 28 
passengers: 43 39 38 169 172 147 46 47 198 4 226 81 82 78 83 1 133 138 155 203 201 99 73 61 233 

3599.55	10956	8021
tour: 0 9 65 97 67 23 29 25 83 95 50 74 49 54 62 14 87 85 82 57 55 17 24 1 75 22 44 11 31 79 84 76 86 36 98 70 38 60 2 69 66 33 78 35 39 43 37 21 89 90 72 92 46 51 91 56 20 64 27 18 81 28 26 32 96 61 5 13 93 19 6 42 71 40 63 3 30 12 59 7 8 88 58 47 48 94 73 77 34 4 41 68 15 53 80 99 10 16 52 45 0 
bonus: 9 65 97 67 23 29 25 83 95 50 99 10 16 52 45 
passengers: 200 197 114 122 117 27 218 151 143 57 203 201 216 74 73 34 35 20 21 226 78 79 1 

3560.82	11452	18591
tour: 0 9 65 97 67 23 18 92 46 51 91 56 20 64 27 29 25 83 95 50 74 49 54 62 14 87 85 82 57 55 17 24 1 75 22 44 11 31 79 84 76 86 36 98 70 38 60 2 69 66 33 78 35 39 43 37 21 89 90 72 81 28 26 32 96 61 5 13 93 19 6 42 71 40 63 3 30 12 59 7 8 88 58 47 48 94 73 77 34 4 41 68 15 53 80 99 10 16 52 45 0 
bonus: 9 65 97 67 23 18 92 46 51 91 56 20 64 27 29 93 19 6 42 71 40 63 3 30 12 59 7 8 88 16 52 45 
passengers: 33 124 125 131 126 27 207 149 55 181 214 90 99 20 21 18 232 229 226 78 79 1 

3379.27	11807	26647
tour: 0 33 78 35 39 43 26 32 96 61 36 98 70 38 60 2 79 84 76 5 13 93 37 21 89 90 72 69 66 92 46 51 91 56 20 64 27 18 81 28 86 25 83 95 50 74 49 65 97 67 23 29 9 19 6 42 71 40 63 3 30 12 59 7 8 88 58 47 48 94 73 77 34 4 41 68 54 62 14 87 85 82 57 55 17 24 1 75 22 44 11 31 15 53 80 99 10 16 52 45 0 
bonus: 33 78 35 39 43 26 32 96 61 36 98 70 38 60 2 79 84 76 5 13 21 74 49 65 97 67 23 29 9 19 6 42 71 40 63 3 30 12 59 7 45 
passengers: 61 59 60 87 89 184 97 145 47 48 159 217 120 117 4 226 227 223 81 78 57 107 

2955.43	11405	18290
tour: 0 9 79 84 76 86 36 98 70 38 60 2 69 66 33 78 35 39 43 37 21 89 90 72 92 46 51 91 56 20 64 27 29 25 83 95 50 74 49 65 97 67 23 18 81 28 26 32 96 61 5 13 93 19 6 42 71 40 63 3 30 12 59 7 8 88 58 47 48 94 73 77 34 4 41 68 54 62 14 87 85 82 57 55 17 24 1 75 22 44 11 31 15 53 80 99 10 16 52 45 0 
bonus: 9 79 84 76 86 36 98 70 38 60 2 69 66 33 78 35 26 32 96 61 5 13 93 19 6 42 40 45 
passengers: 203 201 202 182 217 87 72 73 145 119 175 20 21 18 226 227 223 81 78 57 107 

3373.77	11500	19169
tour: 0 33 78 35 39 43 26 32 96 61 36 79 84 76 5 13 93 37 21 89 90 72 98 70 38 60 2 69 66 92 46 51 91 56 20 64 27 18 81 28 86 25 83 95 50 74 49 65 97 67 23 29 9 19 6 42 71 40 63 3 30 12 59 7 8 88 58 47 48 94 73 77 34 4 41 68 54 62 14 87 85 82 57 55 17 24 1 75 22 44 11 31 15 53 80 99 10 16 52 45 0 
bonus: 33 78 35 39 43 26 32 96 61 36 79 74 49 65 97 67 23 29 9 19 6 42 71 40 63 3 30 12 59 7 45 
passengers: 61 59 60 87 89 184 97 145 47 48 159 217 120 117 4 226 227 223 81 78 57 107 

3205.12	10820	6282
tour: 0 9 65 97 67 23 29 25 83 95 50 74 49 54 19 6 42 71 46 51 91 56 20 64 27 18 92 11 31 79 84 76 36 98 70 38 60 2 69 66 33 78 35 39 43 26 32 96 61 5 13 93 37 21 89 90 72 81 28 86 62 14 87 85 82 57 55 17 24 1 75 22 44 40 63 3 30 12 59 7 8 88 58 47 48 94 73 77 34 4 41 68 15 53 80 99 10 16 52 45 0 
bonus: 9 65 97 67 23 29 25 83 95 50 6 
passengers: 66 197 119 115 174 42 159 203 99 162 70 61 62 19 94 166 192 213 27 156 142 30 57 107 226 78 79 1 

3367.78	12913	43715
tour: 0 9 65 97 67 23 18 81 28 86 62 14 87 85 82 57 55 17 24 1 75 22 44 11 31 79 84 76 36 98 70 38 60 2 69 66 33 78 35 39 43 26 32 96 61 5 13 93 37 21 89 90 72 92 46 51 91 56 20 64 27 29 25 83 95 50 74 49 54 19 6 42 71 40 63 3 30 12 59 7 8 88 58 47 48 94 73 77 34 4 41 68 15 53 80 99 10 16 52 45 0 
bonus: 9 65 97 67 23 18 81 28 86 62 14 87 85 82 57 55 17 24 1 75 22 44 11 31 79 84 76 36 98 70 38 60 2 69 66 33 78 35 39 43 26 96 93 37 21 89 90 72 92 46 51 91 56 20 64 27 95 50 4 41 68 15 53 80 99 10 16 52 45 
passengers: 33 192 189 210 27 28 24 218 155 57 203 202 182 87 102 61 19 18 97 169 147 46 47 198 4 226 78 79 1 

3011.63	12537	37125
tour: 0 9 65 97 85 82 57 55 17 24 1 75 22 44 11 31 15 7 8 88 58 67 23 29 25 83 95 50 74 49 6 42 71 40 63 3 30 12 59 90 72 92 46 51 91 56 20 64 27 18 81 28 86 62 14 87 98 70 38 60 2 69 66 33 78 35 39 43 26 32 96 61 36 79 84 76 5 13 93 37 21 47 48 94 73 77 34 4 41 68 54 19 89 53 80 99 10 16 52 45 0 
bonus: 9 65 97 85 82 57 55 17 24 1 75 22 44 11 31 15 7 8 88 90 72 92 46 51 91 56 20 64 27 18 81 28 86 62 14 87 98 70 38 21 47 48 94 73 77 34 4 41 68 54 19 89 53 80 99 10 16 52 45 
passengers: 208 209 206 152 157 30 12 222 225 174 15 169 172 124 49 159 192 214 210 28 24 220 176 20 21 232 98 78 1 

3669.78	11526	20184
tour: 0 9 65 97 67 23 18 92 46 51 91 56 20 64 27 29 25 83 95 50 74 49 6 42 71 40 63 3 30 12 59 7 8 88 58 96 61 5 13 93 19 89 90 72 81 28 26 32 39 43 37 21 47 48 94 73 77 34 4 41 68 54 62 14 87 85 82 57 55 17 24 1 75 22 44 11 31 79 84 76 86 36 98 70 38 60 2 69 66 33 78 35 15 53 80 99 10 16 52 45 0 
bonus: 9 65 97 67 23 18 92 46 51 91 21 47 48 94 73 77 34 11 31 79 84 76 86 70 78 35 15 53 80 99 10 16 
passengers: 34 130 127 144 145 17 221 226 64 101 94 98 50 81 27 24 218 143 57 107 203 202 182 90 

4078.53	10906	6312
tour: 0 9 65 97 67 23 29 25 83 95 50 74 49 6 42 71 46 51 91 56 20 64 27 18 92 11 31 79 84 76 5 13 93 37 21 47 48 94 73 77 34 4 41 68 54 19 89 90 72 81 28 86 62 14 87 85 82 57 55 17 24 1 75 39 43 26 32 22 44 40 63 3 30 12 59 7 8 88 58 96 61 36 98 70 38 60 2 69 66 33 78 35 15 53 80 99 10 16 52 45 0 
bonus: 9 65 97 67 23 29 25 83 95 50 74 49 
passengers: 66 198 197 118 174 4 159 201 112 39 166 192 27 24 29 219 152 107 69 90 

3693.33	12274	31259
tour: 0 9 65 97 67 23 29 25 83 95 50 74 49 6 42 71 40 63 3 30 12 59 7 8 88 58 96 61 5 13 93 37 21 47 48 94 73 77 34 4 41 68 54 19 89 90 72 92 46 51 91 56 20 64 27 18 81 28 86 62 14 87 85 82 57 55 17 24 1 75 39 43 26 32 22 44 11 31 79 84 76 36 98 70 38 60 2 69 66 33 78 35 15 53 80 99 10 16 52 45 0 
bonus: 9 65 97 67 23 29 25 83 95 50 74 49 6 42 71 40 63 3 30 92 46 51 91 56 20 64 27 18 81 28 86 62 14 87 85 82 57 55 17 24 1 75 78 35 15 53 80 99 10 16 52 45 
passengers: 198 199 197 120 118 175 17 222 226 50 80 37 169 124 49 210 27 139 143 57 59 107 203 202 182 90 

3672.07	11261	14565
tour: 0 9 65 97 67 23 18 92 46 51 91 56 20 64 27 29 25 83 95 50 74 49 6 42 71 40 63 3 30 12 59 7 8 88 58 96 61 5 13 93 37 21 47 48 94 73 77 34 4 41 68 54 19 89 90 72 81 28 86 62 14 87 85 82 57 55 17 24 1 75 39 43 26 32 22 44 11 31 79 84 76 36 98 70 38 60 2 69 66 33 78 35 15 53 80 99 10 16 52 45 0 
bonus: 9 65 97 67 23 18 92 46 51 91 56 77 34 89 78 35 15 53 80 99 10 16 52 45 
passengers: 34 127 144 145 46 17 226 223 94 50 81 83 27 139 143 57 59 107 203 202 182 90 

3189.17	11313	15970
tour: 0 9 65 97 67 23 18 92 46 51 91 56 20 64 27 29 25 83 95 50 62 14 87 85 82 57 55 17 24 1 75 39 43 74 49 6 42 71 40 63 3 30 12 59 7 8 88 58 96 61 5 13 93 37 21 47 48 94 73 77 34 4 41 68 54 19 89 90 72 81 28 26 32 22 44 11 31 79 84 76 86 36 98 70 38 60 2 69 66 33 78 35 15 53 80 99 10 16 52 45 0 
bonus: 9 65 97 67 23 18 92 46 51 91 56 20 64 27 21 47 48 94 73 77 34 4 41 68 54 
passengers: 33 34 131 126 127 22 208 30 103 175 105 17 226 223 224 98 51 173 1 65 107 

3338.53	12366	35007
tour: 0 9 65 97 67 23 18 81 28 86 62 34 4 41 68 54 19 89 90 72 92 46 51 91 56 20 64 27 29 25 83 95 50 74 49 6 42 71 40 63 3 30 12 59 7 8 88 14 87 85 82 57 55 17 24 1 75 39 43 26 32 96 61 36 98 70 38 60 22 44 11 31 79 84 76 5 13 93 37 21 58 47 48 94 73 77 2 69 66 33 78 35 15 53 80 99 10 16 52 45 0 
bonus: 9 65 97 67 23 18 81 28 34 74 49 6 42 71 40 63 3 30 12 59 7 8 88 14 87 85 82 57 55 17 24 1 75 39 43 26 32 96 61 36 98 70 38 60 22 44 11 31 79 84 76 5 13 93 
passengers: 188 194 190 195 217 199 197 114 119 175 10 221 227 218 57 101 61 59 107 203 202 176 52 

3365.67	11002	10698
tour: 0 9 65 97 67 23 18 92 46 51 91 56 20 64 27 29 25 83 95 50 74 49 6 42 71 40 63 3 30 12 59 7 8 88 14 87 85 82 57 55 17 24 1 75 39 43 86 62 34 4 41 68 54 19 89 90 72 81 28 26 32 96 61 36 98 70 38 60 22 44 11 31 79 84 76 5 13 93 37 21 58 47 48 94 73 77 2 69 66 33 78 35 15 53 80 99 10 16 52 45 0 
bonus: 9 65 97 67 23 18 92 46 51 91 56 20 64 27 62 34 
passengers: 34 124 131 126 144 15 221 26 207 101 214 210 40 64 107 203 20 52 51 173 

3390.97	12575	38615
tour: 0 9 65 97 85 82 57 55 17 67 23 29 25 83 95 50 74 49 6 42 71 40 63 3 30 12 59 7 8 88 58 24 1 75 22 44 11 79 84 76 5 13 93 37 21 47 48 94 73 77 34 4 41 68 54 19 89 90 72 81 28 86 62 14 87 20 64 27 18 92 46 51 91 56 31 15 53 80 99 10 96 61 36 98 70 38 60 2 69 66 33 78 35 39 43 26 32 16 52 45 0 
bonus: 9 65 97 85 82 57 55 17 67 23 29 25 83 95 50 74 49 6 42 71 40 63 3 30 12 59 7 8 88 58 24 1 75 22 44 11 79 84 76 13 86 62 14 87 20 64 27 18 92 46 51 91 56 31 15 53 80 99 10 96 2 
passengers: 208 209 206 152 157 30 175 226 223 224 55 57 201 181 44 63 65 213 215 36 35 90 99 162 

3713.6	13250	50204
tour: 0 9 65 97 67 23 29 25 83 95 50 74 49 6 42 71 40 63 3 30 12 59 7 8 88 58 47 48 94 73 77 34 4 41 68 54 19 89 90 72 81 28 86 62 14 87 85 82 57 55 17 24 1 75 22 44 11 31 15 53 80 99 10 96 61 36 98 70 38 60 2 79 84 76 5 13 93 37 21 46 51 91 56 20 64 27 18 92 69 66 33 78 35 39 43 26 32 16 52 45 0 
bonus: 9 65 97 67 23 29 25 83 95 50 74 49 6 42 71 40 63 3 30 12 59 7 8 88 58 47 48 94 81 28 86 62 14 87 85 82 57 55 17 24 1 75 22 44 11 31 15 53 80 99 10 96 61 36 98 70 38 60 2 79 84 76 5 13 93 37 21 46 51 91 56 20 64 27 18 92 32 16 52 45 
passengers: 198 199 197 116 120 175 15 226 223 81 37 166 192 65 27 154 141 87 89 90 99 100 228 36 162 

3902.92	12892	41447
tour: 0 9 65 97 67 23 18 92 46 51 91 56 20 64 27 29 25 83 95 50 74 49 6 42 8 88 58 96 61 36 98 70 38 60 2 69 66 33 78 35 15 53 71 40 63 3 30 12 59 7 82 57 55 17 24 1 75 39 43 26 32 22 44 11 31 79 84 76 5 13 93 37 21 47 48 80 99 10 16 94 73 77 34 4 41 68 54 19 89 90 72 81 28 86 62 14 87 85 52 45 0 
bonus: 9 65 97 67 23 18 92 46 51 91 56 20 64 27 29 25 83 95 50 74 49 6 42 8 88 58 96 61 36 98 70 32 22 44 11 31 79 84 76 5 13 93 37 21 47 48 80 99 10 77 34 4 41 68 54 19 89 90 72 81 28 86 62 14 87 85 52 45 
passengers: 47 48 197 120 115 175 11 225 221 99 17 16 156 101 61 201 232 98 52 78 79 1 166 192 24 

3912.35	12002	26773
tour: 0 9 65 97 67 23 18 92 46 51 91 56 20 64 27 29 25 83 95 50 74 49 6 42 8 88 58 96 61 36 98 70 38 60 2 69 66 33 78 35 15 53 71 40 63 3 30 12 59 7 82 57 55 17 24 1 75 22 44 11 31 79 84 76 5 13 93 37 21 47 48 80 99 10 16 94 73 77 34 4 41 68 54 19 89 90 72 81 28 26 32 39 43 86 62 14 87 85 52 45 0 
bonus: 9 65 97 67 23 18 92 46 51 91 56 20 64 27 29 25 83 95 50 74 49 6 42 8 88 58 96 61 36 98 70 38 60 7 82 57 55 17 24 1 75 22 45 
passengers: 47 48 197 120 115 175 11 225 223 164 105 17 15 156 153 201 52 78 79 1 104 24 

3727.23	12711	39082
tour: 0 9 65 97 67 23 29 25 83 95 50 74 49 6 42 71 40 28 86 62 14 87 85 82 57 55 17 24 1 75 39 43 26 32 16 52 2 69 66 33 78 35 15 53 80 99 10 96 61 36 98 70 38 60 22 44 63 3 30 12 59 7 8 88 58 47 48 94 73 77 34 4 41 68 54 19 89 90 72 92 11 31 79 84 76 5 13 93 37 21 46 51 91 56 20 64 27 18 81 45 0 
bonus: 9 65 97 67 23 29 25 83 95 50 74 49 6 42 71 40 28 86 62 14 87 85 82 57 55 17 24 1 75 39 43 26 32 16 52 2 69 66 33 78 35 96 61 36 98 70 38 60 58 47 48 94 73 77 34 91 56 20 64 27 18 81 45 
passengers: 200 197 114 119 122 10 213 208 30 57 137 138 85 69 67 17 222 226 82 40 38 178 36 

3662.95	12480	35054
tour: 0 9 65 97 67 23 29 25 83 95 50 74 49 6 42 8 88 58 47 48 80 99 10 96 61 36 98 70 38 60 2 69 66 33 78 35 39 43 26 32 16 94 73 77 34 4 41 68 54 19 89 90 72 81 28 86 62 14 87 20 64 27 18 92 11 79 84 76 5 13 93 37 21 46 51 91 56 31 15 53 71 40 63 3 30 12 59 7 82 57 55 17 24 1 75 22 44 85 52 45 0 
bonus: 9 65 97 67 23 29 25 83 95 50 74 49 6 42 8 88 58 47 48 80 99 10 96 61 36 98 70 38 60 2 69 66 33 78 35 39 43 26 32 94 21 46 51 91 56 55 17 24 1 75 22 44 85 52 45 
passengers: 197 119 121 115 175 4 221 112 90 99 162 104 61 59 60 82 214 49 185 183 179 18 94 69 57 107 

3293.43	12512	34139
tour: 0 9 65 97 67 23 29 25 83 95 50 74 49 54 19 89 90 72 6 42 8 88 14 87 20 64 27 18 81 28 86 62 34 4 41 68 32 16 94 73 77 2 69 66 33 78 35 58 47 48 80 99 10 96 61 5 13 93 37 21 46 51 91 56 31 15 53 71 40 63 3 30 12 59 7 82 57 55 17 24 1 75 39 43 26 92 11 79 84 76 36 98 70 38 60 22 44 85 52 45 0 
bonus: 9 65 97 67 23 29 25 83 95 50 74 49 54 62 34 4 41 68 32 16 94 73 77 2 69 66 61 93 37 21 46 51 91 56 31 15 53 71 40 63 3 7 82 57 36 98 70 38 60 22 44 85 52 45 
passengers: 66 198 200 197 116 175 169 226 46 159 213 214 173 163 164 74 18 231 125 105 139 57 58 101 59 182 85 90 107 

3170.35	13578	52852
tour: 0 9 65 97 67 23 29 25 83 95 50 74 49 54 19 89 90 72 6 42 8 88 14 87 20 64 27 18 81 28 26 92 11 79 84 76 5 13 93 37 21 46 51 91 56 31 15 53 71 40 63 3 30 12 59 7 82 57 55 17 24 1 75 39 43 86 62 34 4 41 68 32 16 94 73 77 2 69 66 33 78 35 58 47 48 80 99 10 96 61 36 98 70 38 60 22 44 85 52 45 0 
bonus: 9 65 97 67 23 29 25 83 95 50 74 49 54 19 89 90 72 6 42 8 88 14 87 20 64 27 18 81 28 26 92 11 79 84 76 5 13 93 37 21 46 51 91 56 31 15 53 71 40 63 3 30 12 59 7 82 57 55 17 24 1 75 39 43 86 62 34 4 41 68 32 16 94 73 77 2 69 66 33 78 35 58 47 48 80 45 
passengers: 66 197 116 114 119 175 169 222 220 49 34 61 183 94 95 124 68 156 153 57 213 81 1 173 85 90 107 

3664.65	13240	47038
tour: 0 23 29 9 65 97 67 60 22 44 85 52 2 69 66 33 78 35 15 53 71 40 63 3 30 12 59 7 82 57 55 17 24 1 75 39 43 26 32 16 94 73 77 34 4 41 68 54 19 89 90 72 81 28 86 62 14 87 20 64 27 18 92 11 51 91 56 31 79 84 76 5 13 93 37 21 46 25 83 95 50 74 49 6 42 8 88 58 47 48 80 99 10 96 61 36 98 70 38 45 0 
bonus: 23 29 9 65 97 67 60 22 44 85 52 2 69 66 33 78 35 15 53 71 40 63 3 30 12 59 24 1 75 39 43 26 32 16 94 73 77 34 4 41 68 54 19 89 90 72 81 28 86 62 14 21 46 25 83 95 50 74 49 6 42 8 88 58 47 48 80 99 10 96 61 36 98 70 38 45 
passengers: 208 206 137 133 162 156 149 31 104 59 82 63 64 217 35 184 204 96 121 115 4 90 

3464.1	13046	45386
tour: 0 23 29 9 65 97 67 60 22 44 85 52 2 69 66 33 78 35 15 53 71 40 63 3 30 12 59 7 82 57 55 17 24 1 75 39 43 74 49 6 42 8 88 58 47 48 94 73 77 34 4 41 68 54 19 89 90 72 81 28 26 32 16 80 99 10 96 61 5 13 93 37 21 46 25 83 95 50 62 14 87 20 64 27 18 92 11 51 91 56 31 79 84 76 86 36 98 70 38 45 0 
bonus: 23 29 9 65 97 67 60 22 44 85 52 2 69 66 33 78 35 15 53 71 40 63 3 30 12 59 24 1 75 39 43 74 49 73 26 32 16 80 99 10 96 61 5 13 93 37 21 46 25 83 95 50 62 14 87 20 64 27 18 92 11 51 91 56 31 79 36 98 70 38 45 
passengers: 208 209 206 137 133 156 149 30 175 226 224 112 44 40 63 65 61 187 235 97 54 200 24 218 49 159 36 182 90 

3246.63	12417	31889
tour: 0 9 65 97 67 23 29 25 83 95 50 62 34 4 41 68 43 74 49 54 19 89 90 72 6 42 8 88 14 87 20 64 27 18 81 28 26 32 33 78 35 58 47 48 80 99 10 96 61 5 13 93 37 21 46 51 91 56 31 15 53 71 40 63 3 30 12 59 7 82 57 55 17 24 1 75 39 16 94 73 77 2 69 66 92 11 79 84 76 86 36 98 70 38 60 22 44 85 52 45 0 
bonus: 9 65 97 67 23 29 25 83 95 50 62 34 4 41 68 43 74 49 54 19 89 90 72 27 18 81 28 91 56 31 15 53 71 40 63 3 30 12 59 7 82 36 98 70 38 60 22 44 85 52 45 
passengers: 66 198 197 116 114 0 175 169 222 224 220 34 35 65 18 231 94 124 156 57 58 101 165 182 85 90 107 

3895.9	12509	35336
tour: 0 23 29 9 65 97 67 60 22 44 85 52 2 69 66 33 78 35 15 53 71 40 63 3 30 12 59 7 82 57 55 17 24 1 75 39 43 74 49 54 19 89 90 72 6 42 8 88 58 47 48 94 73 77 34 4 41 68 32 16 80 99 10 96 61 5 13 93 37 21 46 25 83 95 50 62 14 87 20 64 27 18 81 28 26 92 11 51 91 56 31 79 84 76 86 36 98 70 38 45 0 
bonus: 23 29 9 65 97 67 60 22 44 85 52 2 69 66 33 78 35 15 53 71 40 63 3 30 12 59 58 47 48 94 73 77 34 4 41 68 32 16 99 26 92 11 51 91 56 31 79 84 76 86 36 98 70 38 45 
passengers: 208 209 206 137 133 156 157 30 175 44 226 224 187 233 235 97 24 218 49 159 59 124 182 90 

3542.47	13822	56739
tour: 0 23 29 9 65 97 67 60 22 44 85 52 2 69 66 92 11 51 91 56 20 64 27 18 81 28 26 32 33 78 35 15 53 71 40 63 3 30 12 59 7 82 57 55 17 24 1 75 39 16 94 73 77 34 4 41 68 43 74 49 54 19 89 90 72 6 42 8 88 58 47 48 80 99 10 96 61 5 13 93 37 21 46 25 83 95 50 62 14 87 31 79 84 76 86 36 98 70 38 45 0 
bonus: 23 29 9 65 97 67 60 22 44 85 52 2 69 66 92 11 51 91 56 20 64 27 18 81 28 26 32 33 78 35 15 53 71 40 63 7 55 1 75 39 16 94 73 77 34 4 41 68 43 74 49 54 19 89 90 72 6 42 8 88 58 47 48 80 99 10 96 61 5 13 93 37 21 46 25 83 95 50 62 14 87 31 79 84 76 86 36 98 70 38 45 
passengers: 66 206 137 136 162 33 34 62 156 157 153 30 0 175 44 40 187 92 54 50 200 114 24 218 182 90 

3202.48	13120	42445
tour: 0 23 18 81 28 26 43 74 49 54 19 89 90 72 6 42 25 83 95 50 62 34 4 41 68 32 33 78 35 58 47 48 94 73 77 2 69 66 92 11 79 84 76 86 36 98 70 38 82 57 55 17 24 1 75 39 16 80 99 10 96 61 5 13 93 37 21 46 51 91 56 31 15 53 71 40 63 3 30 12 59 7 8 88 14 87 20 64 27 29 9 65 97 67 60 22 44 85 52 45 0 
bonus: 23 18 81 28 26 43 74 49 54 19 89 90 72 6 42 25 83 95 50 62 34 4 41 68 32 33 78 35 58 47 94 84 76 86 36 98 70 38 82 57 55 17 24 1 75 39 16 80 99 10 96 7 8 14 87 20 64 27 29 9 65 97 67 60 22 44 85 52 45 
passengers: 188 194 190 191 59 42 198 117 70 165 164 185 182 87 152 141 32 229 144 145 105 223 24 107 

2952.17	12641	33301
tour: 0 9 65 97 43 26 32 33 78 35 58 47 48 94 73 77 2 69 66 92 11 79 84 76 86 36 98 70 38 82 57 55 17 24 1 75 39 16 80 99 10 96 61 5 13 93 37 21 46 51 91 56 31 15 53 71 40 63 3 30 12 59 7 67 23 29 25 83 95 50 62 34 4 41 68 74 49 54 19 89 90 72 6 42 8 88 14 87 20 64 27 18 81 28 60 22 44 85 52 45 0 
bonus: 9 65 97 43 26 32 33 78 35 1 75 39 16 80 99 10 96 61 5 13 93 7 67 23 29 25 83 95 50 62 34 4 41 68 74 49 54 19 89 90 72 6 42 8 88 14 27 18 81 28 60 22 44 85 52 45 
passengers: 62 59 70 71 165 185 182 87 152 141 32 103 234 147 144 105 158 66 198 197 116 81 0 175 169 223 224 36 107 

2691.97	11869	20002
tour: 0 23 18 81 28 26 32 33 78 35 58 47 48 80 99 10 96 61 5 13 93 37 21 46 51 91 56 31 15 53 71 40 63 3 30 12 59 7 8 88 14 87 20 75 39 16 94 73 77 2 69 66 92 11 74 49 54 19 89 90 72 6 42 25 83 95 50 62 34 4 41 68 43 86 36 98 70 38 82 57 55 17 24 1 79 84 76 64 27 29 9 65 97 67 60 22 44 85 52 45 0 
bonus: 23 18 81 28 26 16 94 73 77 2 69 66 92 11 74 49 54 19 89 62 34 4 41 68 86 9 65 97 67 60 22 44 85 45 
passengers: 35 192 196 193 191 187 18 228 69 158 221 26 22 102 104 43 37 198 115 1 210 100 57 107 

2836.02	11632	16260
tour: 0 23 18 81 28 49 6 42 25 83 95 50 74 80 99 10 96 61 36 98 70 38 82 57 55 17 24 1 75 39 16 43 86 62 34 4 41 68 54 19 89 90 72 26 32 33 78 35 58 47 48 94 73 77 2 69 66 92 11 79 84 76 5 13 93 37 21 46 51 91 56 31 15 53 71 40 63 3 30 12 59 7 8 88 14 87 20 64 27 29 9 65 97 67 60 22 44 85 52 45 0 
bonus: 23 18 81 28 49 6 42 25 83 95 50 74 1 75 39 16 43 86 34 46 51 91 56 31 15 53 52 45 
passengers: 33 35 188 196 194 198 90 86 91 99 104 210 40 61 163 165 177 183 97 50 131 69 223 24 107 

2694.73	12667	34393
tour: 0 23 29 9 65 97 43 26 32 33 78 35 58 47 48 80 99 10 96 61 64 27 18 81 28 86 36 98 70 38 82 57 55 17 24 1 79 84 76 5 13 93 37 21 46 25 83 95 50 62 34 4 41 68 74 49 54 19 89 90 72 6 42 8 88 14 87 20 75 39 16 94 73 77 2 69 66 92 11 51 91 56 31 15 53 71 40 63 3 30 12 59 7 67 60 22 44 85 52 45 0 
bonus: 23 29 9 65 97 43 26 32 33 78 35 58 47 64 1 79 84 76 5 13 93 37 21 46 25 83 95 50 62 34 4 41 68 74 49 54 19 89 90 72 6 42 8 88 14 87 20 75 39 16 94 73 77 85 52 45 
passengers: 66 62 59 70 71 159 217 142 30 56 184 116 114 118 0 169 172 222 225 46 101 103 164 131 105 106 107 

2719.07	12104	25945
tour: 0 23 29 9 65 97 43 86 36 98 70 38 82 57 55 17 24 1 79 84 76 64 27 18 81 28 26 32 33 78 35 58 47 48 80 99 10 96 61 5 13 93 37 21 46 25 83 95 50 62 34 4 41 68 74 49 54 19 89 90 72 6 42 8 88 14 87 20 75 39 16 94 73 77 2 69 66 92 11 51 91 56 31 15 53 71 40 63 3 30 12 59 7 67 60 22 44 85 52 45 0 
bonus: 23 29 9 65 97 43 86 36 98 70 38 82 57 55 17 24 1 79 84 76 64 27 18 81 28 26 32 33 96 61 5 13 93 37 21 16 94 73 77 85 52 45 
passengers: 66 213 210 215 216 203 35 188 196 75 13 19 228 0 175 169 8 222 225 46 101 103 164 131 105 106 107 

2982.02	12002	23656
tour: 0 9 65 97 43 74 49 6 42 8 88 14 87 23 29 25 83 95 50 62 34 4 41 68 54 19 89 90 72 26 32 33 78 35 58 47 48 80 99 10 96 61 64 27 18 81 28 86 36 98 70 38 82 57 55 17 24 1 79 84 76 5 13 93 37 21 46 51 91 56 20 75 39 16 94 73 77 2 69 66 92 11 31 15 53 71 40 63 3 30 12 59 7 67 60 22 44 85 52 45 0 
bonus: 9 65 97 43 74 49 6 42 8 88 14 87 23 29 25 83 95 50 62 34 24 1 79 84 76 5 13 93 37 21 46 51 91 56 20 85 52 45 
passengers: 175 4 10 224 26 24 66 37 62 159 33 64 214 141 32 57 20 228 97 144 46 101 164 105 106 107 

2770.53	11370	9970
tour: 0 23 29 9 65 97 43 74 49 54 19 89 90 72 26 6 42 8 88 14 87 20 75 39 16 80 99 10 96 61 64 27 18 81 28 86 36 98 70 38 82 57 55 17 24 1 79 84 76 5 13 93 37 21 46 25 83 95 50 62 34 4 41 68 32 33 78 35 58 47 48 94 73 77 2 69 66 92 11 51 91 56 31 15 53 71 40 63 3 30 12 59 7 67 60 22 44 85 52 45 0 
bonus: 23 29 9 65 97 43 74 49 54 17 24 1 95 50 62 34 4 45 
passengers: 66 175 174 37 44 221 104 159 33 194 217 214 142 56 20 198 120 81 1 74 164 105 107 

3210.65	13317	48524
tour: 0 23 29 9 65 97 43 26 32 70 38 82 57 55 17 24 1 79 84 76 81 28 86 36 98 87 20 75 39 16 94 73 77 2 69 66 33 78 35 58 47 48 80 99 10 96 61 5 13 93 37 21 46 25 83 95 50 62 34 4 41 68 74 49 54 19 89 90 72 6 42 8 88 14 64 27 18 92 11 51 91 56 31 15 53 71 40 63 3 30 12 59 7 67 60 22 44 85 52 45 0 
bonus: 23 29 9 65 97 43 26 32 70 38 82 57 55 17 24 1 79 84 76 81 28 86 36 98 87 20 75 39 16 94 73 77 62 34 4 41 68 74 49 54 19 89 90 72 6 42 8 88 14 64 27 18 92 11 51 91 56 31 15 53 71 40 63 3 30 12 59 7 67 60 22 44 85 52 45 
passengers: 62 59 60 156 149 31 203 65 217 46 173 163 75 77 13 53 116 0 175 11 7 3 222 225 131 69 107 

3192.28	12528	33821
tour: 0 9 65 97 43 74 49 6 42 8 88 14 87 20 75 39 16 94 73 77 2 69 66 92 11 31 15 53 71 40 63 3 30 23 29 25 83 95 50 62 34 4 41 68 32 33 78 35 58 47 48 80 99 10 96 61 64 27 18 81 28 86 36 98 70 38 82 57 55 17 24 1 79 84 76 5 13 93 37 21 46 51 91 56 54 19 89 90 72 26 12 59 7 67 60 22 44 85 52 45 0 
bonus: 9 65 97 43 74 49 6 42 8 88 14 87 20 75 39 23 29 25 83 78 35 58 99 70 1 79 84 76 5 13 93 37 21 46 51 91 56 54 19 89 90 72 26 12 59 7 67 60 22 44 85 52 45 
passengers: 175 8 7 221 226 23 103 102 173 164 68 66 198 121 70 71 159 33 214 210 139 57 186 19 18 107 

2985.32	12201	26050
tour: 0 23 29 9 65 97 43 86 36 98 49 54 19 89 90 72 6 42 8 88 14 87 20 64 27 18 92 11 79 84 76 81 28 26 32 70 38 82 57 55 17 24 1 75 39 16 94 73 77 2 69 66 33 78 35 58 47 48 25 83 95 50 62 34 4 41 68 74 80 99 10 96 61 5 13 93 37 21 46 51 91 56 31 15 53 71 40 63 3 30 12 59 7 67 60 22 44 85 52 45 0 
bonus: 23 29 9 65 97 43 86 36 98 49 54 19 89 90 72 6 42 8 88 14 87 20 64 27 18 92 62 34 4 41 68 74 80 99 10 96 61 5 13 93 37 21 51 45 
passengers: 66 210 215 216 84 218 33 184 185 203 201 62 156 56 102 173 75 72 198 121 120 1 18 234 95 107 

3069.25	11297	11133
tour: 0 23 29 9 65 97 73 77 2 69 66 33 78 35 58 47 48 94 1 79 84 76 5 13 93 37 21 46 25 83 95 50 62 34 4 41 68 54 19 89 90 72 81 28 26 32 70 38 82 57 55 17 24 86 36 98 49 6 42 8 88 14 87 20 75 39 16 43 74 80 99 10 96 61 64 27 18 92 11 51 91 56 31 15 53 71 40 63 3 30 12 59 7 67 60 22 44 85 52 45 0 
bonus: 23 29 9 65 97 73 77 2 69 59 7 67 60 22 44 85 52 45 
passengers: 173 162 163 165 160 75 201 54 198 0 37 63 62 32 30 213 222 225 36 34 131 144 107 

2743.15	11689	18289
tour: 0 23 29 9 65 97 43 74 49 54 19 89 90 72 26 6 42 8 88 14 64 27 18 92 11 51 91 56 20 75 39 16 94 73 77 2 69 66 33 78 35 58 47 48 80 99 10 96 61 5 13 93 37 21 46 25 83 95 50 62 34 4 41 68 32 70 38 82 57 55 17 24 1 79 84 76 81 28 86 36 98 87 31 15 53 71 40 63 3 30 12 59 7 67 60 22 44 85 52 45 0 
bonus: 23 29 9 65 97 43 74 49 54 19 89 90 72 26 6 42 8 88 14 64 27 18 92 11 51 91 56 75 45 
passengers: 66 175 174 42 38 222 35 127 129 147 163 70 231 94 54 198 81 1 140 31 55 84 85 105 106 107 

3236.27	13166	44971
tour: 0 23 29 9 65 97 73 77 2 69 66 33 78 35 58 47 48 94 1 75 39 16 43 37 21 46 51 91 56 31 15 53 71 40 63 3 30 12 59 7 8 88 14 87 20 64 27 18 92 11 79 84 76 81 28 26 32 70 38 82 57 55 17 24 86 36 98 49 54 19 89 90 72 6 96 61 5 13 93 42 25 83 95 50 62 34 4 41 68 74 80 99 10 67 60 22 44 85 52 45 0 
bonus: 23 29 9 65 97 73 77 2 69 66 33 78 35 58 47 48 94 1 75 39 16 43 37 21 46 51 91 56 31 15 53 71 40 63 3 30 12 59 7 8 88 14 87 20 64 27 18 92 11 84 89 72 96 61 5 13 93 42 25 62 34 4 41 68 74 80 99 10 67 60 85 52 45 
passengers: 173 163 164 74 103 97 50 105 68 227 224 26 49 204 62 56 57 217 44 6 121 81 107 

3185.95	12296	30102
tour: 0 23 18 92 11 96 61 5 13 93 37 21 46 51 91 56 31 15 53 71 40 63 3 30 12 59 7 8 88 14 64 27 29 9 65 97 43 74 49 54 19 89 90 72 26 6 42 25 83 95 50 62 34 4 41 68 32 70 38 82 57 55 17 24 1 79 84 76 81 28 86 36 98 87 20 75 39 16 94 73 77 2 69 66 33 78 35 58 47 48 80 99 10 67 60 22 44 85 52 45 0 
bonus: 23 18 92 11 96 61 5 13 93 37 21 46 51 91 56 31 15 53 71 40 63 3 30 12 59 7 8 14 75 39 16 94 73 77 2 69 66 33 78 99 10 67 60 22 44 85 52 45 
passengers: 34 18 229 234 235 14 158 26 22 37 169 172 198 114 156 140 65 46 101 173 107 

2915.95	12095	25463
tour: 0 9 65 97 73 77 34 4 41 68 32 70 38 82 57 55 17 24 86 36 98 49 54 19 89 90 72 6 42 8 88 58 47 48 94 1 75 39 16 43 74 80 99 10 28 26 12 59 7 67 60 22 44 85 52 2 69 66 33 78 35 15 53 71 40 63 3 30 23 29 25 83 95 50 62 14 87 20 64 27 18 92 11 96 61 5 13 93 37 21 46 51 91 56 31 79 84 76 81 45 0 
bonus: 9 65 97 73 77 34 4 41 68 32 70 38 82 57 55 17 24 86 36 98 92 11 96 61 5 13 93 37 21 46 51 91 56 31 79 84 76 81 45 
passengers: 83 80 0 149 152 157 150 39 225 63 60 14 158 135 114 28 220 49 36 233 92 125 

3010.1	11375	12998
tour: 0 23 29 9 65 97 73 77 2 69 66 33 78 35 58 47 48 94 1 79 84 76 81 28 49 6 42 25 83 95 50 62 34 4 41 68 54 19 89 90 72 26 32 70 38 82 57 55 17 24 86 36 98 87 31 15 53 71 40 63 3 30 12 59 7 8 88 14 64 27 18 92 11 96 61 5 13 93 37 21 46 51 91 56 20 75 39 16 43 74 80 99 10 67 60 22 44 85 52 45 0 
bonus: 23 29 9 65 97 73 77 2 69 36 15 93 37 21 46 51 91 56 20 75 
passengers: 173 162 165 160 161 75 204 10 39 62 100 30 214 215 222 221 36 35 21 131 101 107 

2764.68	12100	23822
tour: 0 23 18 92 11 96 61 5 13 93 37 21 46 51 91 56 31 15 53 71 40 63 3 30 12 59 7 8 88 14 64 27 29 9 65 97 73 77 2 69 66 33 78 35 58 47 48 94 1 79 84 76 81 28 49 54 19 89 90 72 26 6 42 25 83 95 50 62 34 4 41 68 32 70 38 82 57 55 17 24 86 36 98 87 20 75 39 16 43 74 80 99 10 67 60 22 44 85 52 45 0 
bonus: 23 18 92 11 96 61 5 77 2 69 66 33 78 35 58 47 48 94 41 68 32 70 38 82 57 24 75 39 16 43 74 80 99 10 67 60 45 
passengers: 34 20 18 229 234 15 226 224 26 173 162 75 37 169 172 62 1 57 213 101 107 

3378.83	13458	50266
tour: 0 23 29 9 65 97 43 74 96 61 5 13 93 37 21 46 51 91 56 31 15 53 71 40 63 3 30 12 59 7 8 88 58 47 48 80 99 10 67 60 22 44 85 28 86 36 98 49 54 19 89 90 77 34 4 41 68 32 70 38 82 57 55 17 24 1 75 39 16 94 73 52 2 69 66 33 78 35 72 26 6 42 25 83 95 50 62 14 87 20 64 27 18 92 11 79 84 76 81 45 0 
bonus: 23 29 9 65 97 43 74 96 61 5 13 93 37 21 46 51 91 56 31 15 53 71 40 63 3 30 12 59 7 8 58 47 67 60 22 44 85 28 86 36 98 49 54 19 89 90 77 34 70 24 1 75 39 16 94 73 52 2 69 66 33 78 35 72 26 6 62 14 87 20 64 27 18 92 11 79 84 76 81 45 
passengers: 175 21 18 232 229 223 224 207 208 90 91 37 42 99 139 56 173 162 169 59 60 9 114 218 49 36 

2922.98	13631	50666
tour: 0 23 18 92 11 96 61 5 13 93 37 21 46 51 91 56 31 15 53 71 40 63 3 30 12 59 90 77 34 4 41 68 54 19 89 64 27 29 9 65 97 73 52 2 69 66 33 78 35 72 26 32 70 38 82 57 55 17 24 86 36 98 87 20 75 39 16 43 74 80 99 10 67 60 22 44 85 28 49 6 42 25 83 95 50 62 14 7 8 88 58 47 48 94 1 79 84 76 81 45 0 
bonus: 23 18 92 11 96 61 5 13 93 37 21 46 51 91 56 31 15 53 71 40 63 3 30 12 59 90 77 34 4 89 33 78 35 72 26 32 70 38 82 57 55 17 24 86 36 98 87 20 75 39 16 43 74 80 99 10 67 60 22 44 85 28 49 6 42 25 83 95 50 62 14 7 8 88 58 47 48 94 1 79 
passengers: 34 18 230 235 95 78 79 80 159 133 138 162 62 149 157 30 217 101 175 107 4 

3150.72	13516	47967
tour: 0 23 29 9 65 97 73 52 2 69 66 33 78 35 72 26 6 42 25 83 95 50 62 14 64 27 18 92 11 96 61 5 13 93 37 21 46 51 91 56 20 75 39 16 43 74 80 99 10 67 60 22 44 85 28 49 54 19 89 90 77 34 4 41 68 32 70 38 82 57 55 17 24 86 36 98 87 31 15 53 71 40 63 3 30 12 59 7 8 88 58 47 48 94 1 79 84 76 81 45 0 
bonus: 23 29 9 65 97 73 52 2 69 66 33 78 35 72 26 6 42 25 83 95 50 62 14 64 27 18 92 11 96 61 5 13 93 37 21 46 51 91 56 20 75 39 16 43 74 80 99 10 67 60 22 44 85 28 49 54 19 89 90 77 34 4 41 68 32 70 38 82 57 55 17 58 47 94 76 81 45 
passengers: 66 173 134 135 136 169 8 35 21 232 101 104 207 208 209 206 30 210 84 219 

2976.85	12880	36227
tour: 0 23 18 92 11 96 61 5 13 93 37 21 46 51 91 56 31 15 53 71 40 63 3 30 12 59 90 77 34 4 41 68 32 70 38 82 57 55 17 24 86 36 98 87 20 75 39 16 43 74 80 99 10 67 60 22 44 85 28 49 54 19 89 64 27 29 9 65 97 73 52 2 69 66 33 78 35 72 26 6 42 25 83 95 50 62 14 7 8 88 58 47 48 94 1 79 84 76 81 45 0 
bonus: 23 18 92 11 96 61 5 13 93 37 21 46 51 91 56 31 15 53 71 40 49 54 19 89 64 27 29 9 65 97 73 52 2 69 66 33 78 35 72 26 6 42 25 83 95 50 62 14 7 8 88 58 47 48 94 1 79 84 76 81 45 
passengers: 34 21 18 231 94 15 81 31 55 13 209 43 39 42 173 162 170 59 4 

3187.93	12957	38646
tour: 0 23 29 9 65 88 14 64 27 18 92 11 31 15 53 71 40 63 3 30 12 59 7 8 82 57 55 17 24 86 36 98 87 20 75 39 16 43 37 21 46 51 91 56 68 74 80 99 10 67 60 22 44 85 52 2 69 66 33 78 35 58 47 48 94 1 79 84 76 81 28 49 6 96 61 5 13 93 42 25 83 95 50 62 34 4 41 97 73 77 54 19 89 90 72 26 32 70 38 45 0 
bonus: 23 29 9 65 88 14 64 27 18 92 11 40 16 43 37 21 46 51 91 56 68 74 80 99 10 67 60 22 44 85 52 2 69 66 33 78 35 58 47 48 94 1 79 84 76 81 28 41 97 73 77 54 19 89 90 72 26 32 70 38 45 
passengers: 66 225 221 227 27 159 17 157 32 213 101 52 146 13 134 135 165 75 204 10 19 20 198 

2632.95	11822	17551
tour: 0 23 29 9 65 88 14 64 27 18 92 11 31 15 53 71 40 63 3 30 12 59 7 8 82 57 55 17 24 86 36 98 87 20 75 39 16 43 74 96 61 5 13 93 37 21 46 51 91 56 68 32 70 38 94 1 79 84 76 81 28 49 54 19 89 90 72 26 6 42 25 83 95 50 62 34 4 41 97 73 77 2 69 66 33 78 35 58 47 48 80 99 10 67 60 22 44 85 52 45 0 
bonus: 23 29 9 65 88 14 64 27 18 92 11 40 16 43 74 96 61 5 13 93 46 70 67 60 22 44 85 52 45 
passengers: 66 225 221 227 27 159 17 157 32 214 19 233 230 53 147 194 4 6 198 81 1 107 

2761.97	12310	26135
tour: 0 23 29 9 65 88 58 47 48 80 99 10 67 60 22 44 85 28 26 92 11 31 15 53 71 40 63 3 30 12 59 7 8 82 57 55 17 24 86 36 98 49 54 19 89 90 77 34 4 41 97 73 52 2 69 66 33 78 35 72 6 42 25 83 95 50 62 14 87 20 75 39 16 43 74 96 61 5 13 93 37 21 46 51 91 56 68 32 70 38 94 1 79 84 76 64 27 18 81 45 0 
bonus: 23 29 9 65 88 58 47 48 80 99 10 67 60 22 44 85 28 26 92 11 31 15 53 71 40 63 3 30 12 59 7 8 57 94 1 79 84 76 64 27 18 81 45 
passengers: 225 223 224 112 207 208 62 105 158 156 217 84 91 173 133 72 114 115 220 218 174 233 92 100 178 36 

3024.85	13556	48467
tour: 0 23 29 9 68 32 70 38 82 57 55 17 24 86 36 98 87 31 15 53 71 40 63 3 30 12 59 7 8 88 14 64 27 18 92 11 96 61 5 13 93 37 21 46 51 91 56 20 75 39 16 43 74 80 99 10 67 60 22 44 85 28 49 65 83 95 50 62 34 4 41 97 73 77 54 19 89 90 72 26 6 42 25 52 2 69 66 33 78 35 58 47 48 94 1 79 84 76 81 45 0 
bonus: 23 29 9 68 32 70 38 82 24 27 18 92 11 96 61 5 13 93 37 21 46 51 91 56 20 75 39 16 43 74 80 99 10 67 60 22 44 85 28 49 65 83 95 50 62 34 4 41 97 73 77 54 19 89 90 72 26 6 42 25 52 2 69 66 33 78 35 58 47 48 94 1 79 84 76 81 45 
passengers: 66 100 152 155 151 222 35 21 232 228 130 101 13 198 116 119 118 1 170 166 59 4 165 

2568.23	11443	9872
tour: 0 9 65 88 14 64 27 18 92 11 31 15 53 71 40 63 3 30 23 29 25 83 95 50 62 34 4 41 97 73 77 54 19 89 90 72 26 12 59 7 67 60 22 44 85 52 2 69 66 33 78 35 58 47 48 80 99 10 28 49 6 42 8 82 57 55 17 24 86 36 98 87 20 75 39 16 43 74 96 61 5 13 93 37 21 46 51 91 56 68 32 70 38 94 1 79 84 76 81 45 0 
bonus: 9 65 88 14 85 52 2 69 66 33 78 35 58 24 76 81 45 
passengers: 225 226 223 26 23 173 39 44 15 207 208 70 13 5 8 141 32 214 210 233 92 125 

2623.07	12101	22608
tour: 0 23 29 9 65 88 58 47 48 80 99 10 67 60 22 44 85 28 49 6 42 25 83 95 50 62 14 64 27 18 92 11 31 15 53 71 40 63 3 30 12 59 7 8 82 57 55 17 24 86 36 98 87 20 75 39 16 43 74 96 61 5 13 93 37 21 46 51 91 56 68 54 19 89 90 77 34 4 41 97 73 52 2 69 66 33 78 35 72 26 32 70 38 94 1 79 84 76 81 45 0 
bonus: 23 29 9 65 88 58 47 48 80 99 10 67 60 22 44 85 28 49 6 20 52 2 69 66 26 32 70 38 94 1 79 84 76 81 45 
passengers: 66 223 224 187 13 206 63 5 27 159 33 156 157 214 212 87 19 20 147 42 82 173 138 162 170 166 59 

2673.28	11403	9770
tour: 0 9 65 88 14 64 27 18 92 11 96 61 5 13 93 37 21 46 51 91 56 31 15 53 71 40 63 3 30 23 29 25 83 95 50 62 34 4 41 97 43 74 86 36 98 87 20 75 39 16 68 32 70 38 94 73 77 54 19 89 90 72 26 12 59 7 67 60 22 44 85 52 2 69 66 33 78 35 58 47 48 80 99 10 28 49 6 42 8 82 57 55 17 24 1 79 84 76 81 45 0 
bonus: 9 65 88 14 64 27 18 92 11 96 61 85 52 2 69 66 
passengers: 222 28 24 29 25 97 124 147 68 81 84 89 46 101 99 173 39 59 107 208 134 70 9 

2727.48	11681	13624
tour: 0 23 29 9 65 88 58 47 48 80 99 10 67 60 22 44 85 28 49 54 19 89 64 27 18 92 11 31 15 53 71 40 63 3 30 12 59 90 77 34 4 41 97 73 52 2 69 66 33 78 35 72 26 6 42 25 83 95 50 62 14 7 8 82 57 55 17 24 86 36 98 87 20 75 39 16 43 74 96 61 5 13 93 37 21 46 51 91 56 68 32 70 38 94 1 79 84 76 81 45 0 
bonus: 23 29 9 65 88 58 47 48 80 99 10 67 60 22 44 85 28 59 90 34 76 81 45 
passengers: 66 225 223 224 63 42 34 106 68 14 158 133 162 61 200 114 214 210 220 233 92 125 123 

2559.17	12830	35511
tour: 0 9 65 83 95 50 62 34 4 41 97 73 77 54 19 89 90 72 26 12 59 7 8 88 14 87 31 15 53 71 40 63 3 30 23 29 33 78 35 58 47 48 94 1 79 84 76 5 13 93 37 21 46 51 91 56 68 32 70 38 82 57 55 17 24 86 36 98 20 75 39 16 43 74 80 99 10 67 60 22 44 85 28 49 6 42 25 52 2 69 66 92 11 96 61 64 27 18 81 45 0 
bonus: 9 65 83 95 50 62 34 4 41 97 73 77 54 19 89 90 72 26 12 59 7 8 88 91 56 68 32 70 38 82 57 55 17 24 86 36 98 20 75 49 6 42 25 52 2 69 66 92 11 96 61 64 27 18 81 45 
passengers: 198 199 116 114 119 0 170 61 222 28 218 185 201 21 94 124 149 55 213 13 107 63 136 36 

3018.58	11314	6480
tour: 0 23 29 9 65 88 58 47 48 80 99 10 67 60 22 44 85 28 49 54 19 89 90 77 34 4 41 68 32 70 38 94 97 73 52 2 69 66 33 78 35 72 26 6 42 25 83 95 50 62 14 64 27 18 92 11 96 61 5 13 93 37 21 46 51 91 56 20 75 39 16 43 74 86 36 98 87 31 15 53 71 40 63 3 30 12 59 7 8 82 57 55 17 24 1 79 84 76 81 45 0 
bonus: 23 29 9 65 88 58 36 98 31 76 81 45 
passengers: 226 223 224 13 63 42 78 173 134 162 169 61 5 8 34 94 49 103 210 105 

3135.4	13195	40220
tour: 0 9 65 88 58 47 48 80 99 10 67 60 22 44 85 28 49 54 19 89 90 77 34 4 41 97 73 52 2 69 66 92 11 31 15 53 71 40 63 3 30 12 59 7 8 82 57 55 17 24 86 36 98 20 75 39 16 43 74 96 61 5 13 93 37 21 46 51 91 56 68 32 70 38 94 1 79 84 76 64 27 29 33 78 35 72 26 6 42 25 83 95 50 62 14 87 23 18 81 45 0 
bonus: 9 65 88 58 47 48 80 99 10 67 60 22 44 85 28 49 54 19 89 52 2 69 66 17 24 86 36 98 20 75 39 16 43 74 96 61 5 13 93 37 21 46 51 91 56 70 27 29 33 78 35 72 26 6 42 25 83 95 50 62 14 87 23 18 81 45 
passengers: 226 223 224 206 39 37 42 137 164 105 157 155 151 141 32 19 235 92 99 203 166 114 24 36 

2705.4	12426	28647
tour: 0 9 65 88 14 64 27 29 51 91 56 68 32 70 38 94 1 79 84 76 81 28 49 6 42 25 83 95 50 62 34 4 41 97 73 77 54 19 89 90 72 26 12 59 7 8 82 57 55 17 24 86 36 98 87 20 75 39 16 43 71 40 74 96 61 5 13 93 37 21 46 85 52 2 69 66 33 78 35 58 47 48 80 99 10 67 60 22 44 63 3 30 23 18 92 11 31 15 53 45 0 
bonus: 9 65 88 14 64 27 29 51 91 56 68 32 70 38 94 1 79 84 76 81 28 49 6 42 25 83 95 50 62 34 4 36 98 87 20 75 67 92 11 31 15 53 45 
passengers: 222 224 25 130 125 132 123 184 181 10 5 11 8 116 169 61 157 213 103 106 174 21 52 136 107 36 

2717.02	11774	14742
tour: 0 9 65 88 14 64 27 18 81 28 49 6 42 25 83 95 50 62 34 4 41 97 73 77 54 19 89 90 72 26 12 59 96 61 5 13 93 37 21 46 51 91 56 68 74 86 36 98 87 20 75 39 16 43 71 40 63 3 30 23 29 33 78 35 58 47 48 80 99 10 67 60 22 44 85 52 2 69 66 92 11 31 15 7 8 82 57 55 17 24 32 70 38 94 1 79 84 76 53 45 0 
bonus: 9 65 88 14 64 27 18 81 28 49 6 42 25 83 95 50 62 34 4 41 97 73 77 54 19 
passengers: 225 226 224 26 23 10 43 40 38 61 17 97 52 51 145 101 70 71 107 208 58 

2631.72	11743	13631
tour: 0 9 65 88 14 87 31 15 53 71 40 63 3 30 23 29 33 78 35 58 47 48 80 99 10 67 60 22 44 85 52 2 69 66 92 11 96 61 5 13 93 37 21 46 51 91 56 28 49 6 42 25 83 95 50 62 34 4 41 97 43 74 86 36 98 20 75 39 16 68 32 70 38 94 73 77 54 19 89 90 72 26 12 59 7 8 82 57 55 17 24 1 79 84 76 64 27 18 81 45 0 
bonus: 9 65 88 14 87 31 15 53 71 40 63 3 30 23 29 33 78 35 58 47 48 80 81 45 
passengers: 223 28 24 29 106 77 73 134 135 228 97 10 5 174 216 46 99 39 62 59 151 178 36 

2884.52	13058	36681
tour: 0 23 29 9 65 88 58 47 48 80 99 10 67 60 22 44 85 52 2 69 66 33 53 71 40 63 3 30 12 59 90 95 50 62 14 87 31 15 7 8 82 57 55 17 24 1 79 84 76 81 28 49 54 19 89 64 27 18 92 11 96 61 5 13 93 37 21 46 51 91 56 68 32 70 38 94 73 77 34 4 78 35 72 26 6 42 25 83 41 97 16 43 74 86 36 98 20 75 39 45 0 
bonus: 23 29 9 65 88 58 47 48 80 99 10 67 60 22 44 85 52 2 69 66 33 53 71 40 63 87 31 15 7 8 82 57 55 17 24 1 84 77 34 4 78 35 72 26 6 42 25 83 41 97 16 43 74 86 36 98 20 75 39 45 
passengers: 225 223 113 187 206 137 74 15 158 114 122 26 218 156 55 201 63 64 40 38 19 98 53 147 169 172 167 60 5 89 

2933.18	12967	36721
tour: 0 9 65 88 14 87 31 15 53 71 40 63 3 30 23 29 33 78 35 58 47 48 80 99 10 67 60 22 44 85 52 2 69 66 92 11 96 61 5 13 93 37 21 46 51 91 56 68 32 70 38 94 73 77 54 19 89 90 72 26 12 59 7 8 82 57 55 17 24 1 79 84 76 64 27 18 81 28 49 6 42 25 83 95 50 62 34 4 41 97 16 43 74 86 36 98 20 75 39 45 0 
bonus: 9 65 88 14 87 31 15 53 71 40 63 3 30 23 29 33 78 35 58 47 48 80 99 10 67 60 22 44 85 52 2 69 61 93 37 70 8 82 57 55 17 24 1 79 84 76 64 27 18 81 28 6 34 86 36 98 20 75 39 45 
passengers: 223 28 24 29 106 206 137 138 135 19 20 99 39 170 62 158 149 157 31 204 5 8 198 89 

2545.48	13749	51252
tour: 0 9 65 88 14 87 31 15 53 71 40 63 3 30 23 29 33 78 35 58 47 48 80 99 10 67 60 22 44 85 28 49 6 42 25 83 95 50 62 34 4 41 97 73 52 2 69 77 54 19 89 90 72 26 12 59 7 8 82 57 55 17 24 86 36 98 20 75 39 16 43 74 66 92 11 96 61 5 13 93 37 21 46 51 91 56 68 32 70 38 94 1 79 84 76 64 27 18 81 45 0 
bonus: 9 65 88 14 87 31 15 53 71 40 63 3 30 23 29 33 78 35 58 47 48 80 99 10 67 60 22 44 85 28 49 6 42 25 2 69 77 54 19 89 90 72 26 12 59 7 8 82 57 55 17 24 86 36 98 20 75 39 16 43 74 21 46 51 91 56 68 32 70 38 94 1 79 84 76 64 27 18 81 45 
passengers: 223 224 24 29 106 75 77 206 10 1 137 133 135 61 157 155 174 163 233 235 92 125 178 36 

2651.02	12803	34694
tour: 0 9 65 88 14 87 31 15 53 59 7 8 82 57 55 17 24 1 79 84 76 5 13 93 37 21 46 63 3 30 23 29 51 91 56 68 32 70 38 94 73 77 54 19 89 90 72 26 12 33 78 35 58 47 48 80 99 10 67 60 22 44 85 52 2 69 66 92 11 96 61 64 27 18 81 28 49 6 42 25 83 95 50 62 34 4 41 97 16 43 71 40 74 86 36 98 20 75 39 45 0 
bonus: 9 65 88 14 87 31 15 53 59 7 8 82 57 55 17 24 1 79 84 76 5 91 56 68 32 70 38 94 73 77 54 19 89 90 72 33 78 58 41 97 16 43 71 40 74 86 36 98 20 75 39 45 
passengers: 222 227 27 28 24 220 156 32 19 95 129 146 173 166 15 77 73 134 188 5 8 198 89 

2790.02	12429	30198
tour: 0 9 65 88 14 7 90 72 26 12 59 96 61 5 13 93 37 21 46 25 52 2 69 66 33 78 35 58 47 48 80 99 10 67 60 22 44 85 28 49 6 42 8 82 57 55 17 24 86 36 98 87 20 75 39 16 43 74 83 95 50 62 34 4 41 97 73 77 54 19 89 64 27 18 92 11 31 15 53 71 40 63 3 30 23 29 51 91 56 68 32 70 38 94 1 79 84 76 81 45 0 
bonus: 9 65 88 14 7 90 72 26 12 59 96 61 5 13 93 37 21 2 49 6 75 92 11 31 15 53 71 40 63 3 30 23 29 51 91 56 68 32 70 38 94 1 79 84 
passengers: 225 223 224 28 12 17 15 21 52 13 207 208 63 5 8 56 217 216 102 198 43 38 36 125 123 

2656.22	12452	26345
tour: 0 9 65 88 14 87 31 15 7 90 72 26 12 59 96 61 5 13 93 37 21 46 25 83 95 50 62 34 4 41 97 16 43 74 86 36 98 20 75 39 71 40 63 3 30 23 29 51 91 56 68 32 33 78 35 58 47 48 80 99 10 67 60 22 44 85 52 2 69 66 92 11 70 38 94 73 77 54 19 89 64 27 18 81 28 49 6 42 8 82 57 55 17 24 1 79 84 76 53 45 0 
bonus: 9 65 88 14 87 31 59 85 52 2 69 66 92 11 70 38 94 73 77 54 19 89 64 27 18 81 28 49 6 42 8 82 57 55 17 24 1 79 84 76 53 45 
passengers: 225 22 28 24 220 12 17 14 21 97 54 198 200 213 211 212 101 131 146 13 138 134 136 161 100 36 33 9 

2742.2	12973	36456
tour: 0 9 65 88 58 47 48 80 99 10 67 60 22 44 85 52 2 69 66 33 78 35 72 26 12 59 7 90 95 50 62 14 87 31 15 53 71 40 63 3 30 23 18 92 11 96 61 5 13 93 37 21 46 25 97 73 77 34 4 41 68 54 19 89 64 27 29 51 91 56 28 49 6 42 8 82 57 55 17 24 86 36 98 20 75 39 16 43 74 83 32 70 38 94 1 79 84 76 81 45 0 
bonus: 9 65 88 58 47 48 80 99 10 67 60 22 44 85 52 2 69 66 33 78 35 72 26 12 59 87 89 64 27 29 51 91 56 28 49 42 8 86 36 98 20 75 39 16 43 74 83 32 70 38 94 1 79 84 76 81 45 
passengers: 225 223 112 113 187 206 74 61 17 158 114 26 23 220 94 98 53 83 43 37 124 5 157 58 210 88 89 49 

2424.47	11516	9881
tour: 0 9 65 83 32 70 38 94 73 77 34 4 41 97 16 43 74 86 36 98 31 15 53 45 88 58 47 48 80 99 10 67 60 22 44 85 52 2 69 66 33 78 35 72 26 12 59 7 90 95 50 62 14 87 20 75 39 71 40 63 3 30 23 29 51 91 56 68 54 19 89 64 27 18 92 11 96 61 5 13 93 37 21 46 25 49 6 42 8 82 57 55 17 24 1 79 84 76 81 28 0 
bonus: 9 65 83 32 70 38 94 73 77 34 4 41 97 16 86 
passengers: 198 200 197 81 78 0 175 217 225 221 206 137 16 158 114 117 26 103 66 130 37 33 231 140 31 55 201 

2409.17	11820	14596
tour: 0 9 65 83 32 70 38 94 73 77 34 4 41 97 16 43 74 86 36 98 20 75 39 45 88 58 47 48 80 99 10 67 60 22 44 85 52 2 69 66 33 78 35 72 26 12 59 7 90 95 50 62 14 87 31 15 53 71 40 63 3 30 23 29 51 91 56 68 54 19 89 64 27 18 92 11 96 61 5 13 93 37 21 46 25 49 6 42 8 82 57 55 17 24 1 79 84 76 81 28 0 
bonus: 9 65 83 32 70 38 94 73 77 34 4 41 97 16 74 17 24 1 79 84 76 81 28 
passengers: 198 200 197 81 78 0 175 217 225 223 206 137 135 16 158 114 117 26 66 37 33 231 233 140 31 55 201 

2754.65	13670	47529
tour: 0 9 65 88 14 87 31 15 53 71 40 63 3 30 23 18 92 11 96 61 5 13 93 37 21 46 25 83 95 50 62 34 44 85 52 2 69 66 33 78 35 58 47 48 80 99 10 67 60 22 38 94 73 77 54 19 89 64 27 29 51 91 56 28 49 6 42 8 82 57 97 4 41 68 32 70 26 12 59 7 90 72 98 20 75 39 16 43 74 86 36 55 17 24 1 79 84 76 81 45 0 
bonus: 9 65 88 14 87 31 15 53 71 40 63 3 30 23 18 92 11 96 61 5 13 93 37 21 46 25 83 95 50 62 34 44 85 52 2 69 66 33 78 35 58 47 48 80 99 10 67 60 22 38 94 73 77 54 19 89 64 27 29 51 91 56 28 49 6 42 8 36 55 17 24 1 79 84 76 81 45 
passengers: 223 28 24 29 220 106 35 21 93 81 138 77 73 13 99 100 159 10 5 62 59 60 49 210 

2753.72	12628	29802
tour: 0 9 65 83 32 70 38 94 73 77 34 4 41 68 54 19 89 64 27 18 92 11 96 61 5 13 93 37 21 46 25 97 16 43 74 86 36 98 49 6 42 8 82 57 55 17 24 1 79 84 76 81 45 88 58 47 48 80 99 10 67 60 22 44 85 52 2 69 66 33 78 35 72 26 12 59 7 90 95 50 62 14 87 20 75 39 31 15 53 71 40 63 3 30 23 29 51 91 56 28 0 
bonus: 9 65 83 32 70 38 94 73 77 34 4 41 68 54 19 89 64 27 18 92 11 61 7 90 95 50 62 14 87 20 75 39 31 15 53 71 40 63 3 30 23 29 51 91 56 28 
passengers: 198 197 100 80 37 40 159 52 175 213 152 139 225 206 137 60 15 158 114 24 29 103 130 132 

2529.37	11583	11654
tour: 0 9 65 83 32 70 38 94 73 77 34 4 41 97 16 43 71 40 63 3 30 23 29 51 91 80 99 10 67 60 22 44 85 52 2 69 66 33 78 35 72 26 12 59 7 90 95 50 62 14 87 31 15 53 56 68 74 86 36 98 20 75 39 45 88 58 47 48 54 19 89 64 27 18 92 11 96 61 5 13 93 37 21 46 25 49 6 42 8 82 57 55 17 24 1 79 84 76 81 28 0 
bonus: 9 65 83 32 70 38 94 73 77 78 35 72 26 12 59 7 
passengers: 198 173 81 78 79 1 207 137 133 162 74 60 158 114 26 219 214 47 110 224 37 33 231 9 140 31 55 201 

2590.27	12332	24557
tour: 0 9 65 88 14 72 26 12 59 7 90 95 50 62 34 4 41 97 16 43 86 36 98 87 20 75 39 31 15 53 71 40 63 3 30 23 29 51 91 56 68 74 83 32 70 38 94 73 77 54 19 89 64 27 18 92 11 96 61 5 13 93 37 21 46 25 52 2 69 66 33 78 35 58 47 48 80 99 10 67 60 22 44 85 28 49 6 42 8 82 57 55 17 24 1 79 84 76 81 45 0 
bonus: 9 65 91 56 68 74 83 32 70 38 94 73 77 54 19 89 64 18 2 69 66 33 78 35 58 47 48 80 99 10 67 6 1 79 84 76 81 45 
passengers: 222 225 221 24 29 158 114 46 103 102 106 66 127 100 173 35 21 94 134 70 13 107 9 

2750.02	13700	47365
tour: 0 9 65 88 58 47 48 80 99 10 67 60 22 44 63 3 30 12 59 7 90 95 50 62 14 87 23 29 51 91 56 31 15 53 71 40 74 77 34 93 37 21 46 85 28 49 54 19 89 64 27 18 92 11 96 61 5 13 8 82 57 97 4 41 68 32 70 38 94 73 52 2 69 66 33 78 35 72 26 6 42 25 83 98 20 75 39 16 43 86 36 55 17 24 1 79 84 76 81 45 0 
bonus: 9 65 88 58 47 48 80 99 10 67 60 22 44 63 3 30 12 59 7 90 95 50 62 14 87 23 29 51 91 56 31 15 53 71 40 74 77 34 93 37 21 46 85 28 49 54 19 89 64 27 18 78 35 72 26 6 42 25 83 98 20 75 39 16 43 86 36 55 17 24 1 79 84 76 81 45 
passengers: 222 225 223 187 69 67 17 114 26 22 220 130 174 98 51 63 42 19 20 1 173 133 162 70 71 169 62 49 104 210 

2806.33	13512	43962
tour: 0 9 65 83 32 70 38 94 73 52 2 66 33 78 35 72 26 12 59 7 90 95 50 62 14 87 20 75 39 16 43 86 36 98 49 6 42 25 97 4 41 68 54 19 89 64 27 29 51 91 56 31 15 53 71 40 74 11 96 61 5 13 8 82 57 55 17 24 1 79 84 76 81 45 88 58 47 48 80 99 10 67 60 22 44 63 3 30 23 18 92 69 77 34 93 37 21 46 85 28 0 
bonus: 9 65 83 32 70 38 94 73 52 2 66 33 78 35 72 26 12 59 7 90 95 50 62 14 87 20 75 39 16 43 86 36 98 49 6 42 25 97 4 41 68 84 76 81 45 88 58 47 48 80 99 10 67 60 22 44 63 3 30 23 18 92 69 77 34 93 37 21 46 
passengers: 199 99 173 137 133 74 60 158 114 26 28 47 104 211 216 9 43 125 123 175 21 201 181 178 223 

2491.9	12494	26423
tour: 0 9 65 83 32 70 38 94 73 52 2 66 33 78 35 72 26 12 59 7 90 95 50 62 14 87 31 15 53 56 68 74 11 96 61 5 13 93 37 21 46 25 49 6 42 8 82 57 55 17 24 1 79 84 76 81 45 88 58 47 48 54 19 89 64 27 18 92 69 77 34 4 41 97 16 43 86 36 98 20 75 39 71 40 63 3 30 23 29 51 91 80 99 10 67 60 22 44 85 28 0 
bonus: 9 65 83 32 70 38 94 73 52 2 66 33 78 35 72 26 12 59 7 90 95 50 62 14 13 58 47 48 54 19 91 80 99 10 67 60 44 85 28 
passengers: 199 197 99 173 137 74 61 158 114 122 117 220 175 94 96 142 182 178 222 221 35 81 89 101 103 130 131 

2564.97	13100	36740
tour: 0 9 65 88 27 18 92 11 70 38 94 73 52 2 69 77 34 4 41 97 16 43 74 66 12 59 96 61 5 13 93 37 21 46 25 83 95 50 62 14 87 31 15 53 82 57 55 17 24 86 36 98 20 75 39 71 40 63 3 30 23 29 51 91 56 68 32 33 78 35 58 47 48 80 99 10 67 60 22 44 85 28 49 54 19 89 64 7 90 72 26 6 42 8 1 79 84 76 81 45 0 
bonus: 9 65 88 27 18 92 11 70 38 94 73 52 2 69 77 34 4 41 97 16 43 74 66 12 59 96 61 5 13 93 37 21 83 99 10 67 60 22 44 85 28 49 54 19 89 64 7 90 72 26 6 42 8 1 79 84 76 81 45 
passengers: 225 226 34 137 135 80 17 14 158 21 54 200 114 122 143 32 57 213 145 73 13 107 206 39 170 166 59 9 

2585.88	12148	20493
tour: 0 9 65 83 32 70 38 94 73 52 2 66 33 78 35 72 26 12 59 7 90 95 50 62 14 87 31 15 53 82 57 55 17 24 86 36 98 20 75 39 71 40 63 3 30 23 29 51 91 56 68 54 19 89 64 27 18 92 69 77 34 4 41 97 16 43 74 11 96 61 5 13 93 37 21 46 25 49 6 42 8 1 79 84 76 81 45 88 58 47 48 80 99 10 67 60 22 44 85 28 0 
bonus: 9 65 83 32 70 38 94 73 52 2 66 33 78 35 72 26 12 59 7 4 41 97 99 10 67 60 22 44 85 28 
passengers: 199 99 173 137 133 74 62 158 114 122 117 150 142 32 215 103 66 147 40 36 35 82 0 52 201 109 223 

2648.82	12566	27160
tour: 0 9 65 83 32 70 38 94 73 52 2 66 33 78 35 72 26 12 59 7 90 95 50 62 14 87 31 15 53 82 57 55 17 24 97 16 43 86 36 98 20 75 39 71 40 63 3 30 23 29 51 91 56 54 19 89 64 27 18 92 69 77 34 4 41 68 74 11 96 61 5 13 93 37 21 46 25 49 6 42 8 1 79 84 76 81 45 88 58 47 48 80 99 10 67 60 22 44 85 28 0 
bonus: 9 65 83 32 70 38 94 73 52 2 66 33 78 35 72 26 12 59 7 90 95 50 62 14 87 31 15 53 82 57 93 37 99 10 67 60 22 44 85 28 
passengers: 199 99 173 137 162 74 62 60 158 114 122 117 155 32 215 211 103 66 127 147 36 35 82 21 96 201 109 223 

2536.3	12615	26858
tour: 0 9 65 88 27 18 92 69 77 34 4 41 97 16 43 74 11 70 38 94 73 52 2 66 12 59 96 61 5 13 93 37 21 46 25 83 95 50 62 14 87 31 15 53 82 57 55 17 24 86 36 98 20 75 39 71 40 63 3 30 23 29 51 91 56 68 32 33 78 35 58 47 48 80 99 10 67 60 22 44 85 28 49 54 19 89 64 7 90 72 26 6 42 8 1 79 84 76 81 45 0 
bonus: 9 65 88 27 18 92 69 77 34 4 41 97 16 43 74 11 70 38 94 73 52 2 59 85 28 49 54 19 89 64 7 90 72 26 6 42 8 1 79 84 76 81 45 
passengers: 225 226 34 78 79 137 133 135 17 14 158 21 54 200 114 122 143 57 213 101 73 13 107 206 39 170 166 59 9 

2586.72	12094	15533
tour: 0 9 65 83 95 50 62 14 87 20 75 39 16 43 86 36 98 49 54 19 89 64 7 90 72 26 6 42 25 97 4 41 68 32 33 78 35 58 47 48 80 99 10 67 60 22 44 63 3 30 23 29 51 91 56 31 15 53 71 40 74 11 70 38 94 73 52 2 66 12 59 96 61 5 13 8 82 57 55 17 24 1 79 84 76 81 45 88 27 18 92 69 77 34 93 37 21 46 85 28 0 
bonus: 9 65 83 95 50 62 14 87 20 75 39 16 43 86 36 98 49 54 19 41 21 46 85 28 
passengers: 198 200 116 114 119 47 213 4 6 2 1 74 127 128 123 137 165 149 153 201 181 

2589.13	12473	23308
tour: 0 9 65 88 58 47 48 80 99 10 67 60 22 44 63 3 30 23 29 51 91 56 68 32 33 78 35 72 26 6 42 25 83 27 18 92 69 77 34 4 41 97 90 95 50 62 14 87 31 15 53 82 57 55 17 24 86 36 98 20 75 39 16 43 71 40 74 11 70 38 94 73 52 2 66 12 59 96 61 5 13 93 37 21 46 85 28 49 54 19 89 64 7 8 1 79 84 76 81 45 0 
bonus: 9 65 88 58 47 48 80 99 10 67 60 22 44 63 3 30 23 29 51 91 56 78 6 42 25 49 54 19 89 64 7 8 1 79 84 76 81 45 
passengers: 222 223 112 113 13 129 147 70 75 62 5 83 1 156 141 31 214 137 135 233 234 235 92 39 

2459.85	13159	35972
tour: 0 9 65 83 95 50 62 14 87 31 15 53 82 57 55 17 24 86 36 98 20 75 39 71 40 63 3 30 23 18 92 69 77 34 4 41 97 16 43 74 11 70 38 94 73 52 2 66 12 59 96 61 5 13 93 37 21 46 25 49 54 19 89 64 7 90 72 26 6 42 8 1 79 84 76 81 45 88 27 29 51 91 56 68 32 33 78 35 58 47 48 80 99 10 67 60 22 44 85 28 0 
bonus: 9 65 83 95 50 62 14 87 31 15 53 82 52 2 66 12 59 96 61 5 13 93 37 21 46 25 42 8 1 79 84 76 81 45 88 27 29 51 91 56 68 32 33 78 35 58 47 48 80 99 10 67 60 22 44 85 28 
passengers: 198 200 197 114 122 156 58 215 34 1 99 100 137 134 17 19 53 170 166 59 4 2 203 201 196 73 

2337.88	12565	25255
tour: 0 9 65 83 27 18 92 69 77 34 4 41 97 16 43 74 11 70 38 94 73 52 2 66 12 59 96 61 5 13 93 37 21 46 25 49 54 19 89 64 7 90 95 50 62 14 87 31 15 53 82 57 55 17 24 86 36 98 20 75 39 71 40 63 3 30 23 29 51 91 56 68 32 33 78 35 72 26 6 42 8 1 79 84 76 81 45 88 58 47 48 80 99 10 67 60 22 44 85 28 0 
bonus: 9 65 83 27 18 92 69 77 34 4 41 97 16 43 74 11 70 38 94 73 52 2 12 96 61 5 13 93 37 21 46 25 49 7 90 95 50 62 15 26 
passengers: 198 199 197 34 78 1 100 137 135 17 158 231 234 50 159 116 114 27 139 143 32 211 130 146 73 170 59 201 181 

2489.62	12382	21324
tour: 0 9 65 83 98 20 75 39 16 43 74 86 36 55 17 24 1 79 84 76 81 45 88 58 47 48 80 99 10 67 60 22 38 94 73 77 34 44 85 52 2 69 66 12 59 96 61 5 13 93 7 90 95 50 62 14 87 31 15 53 71 40 63 37 21 46 25 49 54 19 89 64 27 3 30 23 18 92 11 70 26 6 42 8 82 57 97 4 41 68 32 33 78 35 72 29 51 91 56 28 0 
bonus: 9 65 83 98 20 75 39 16 43 86 87 31 15 53 71 40 63 37 21 46 25 89 41 68 32 33 78 35 72 29 51 91 56 28 
passengers: 200 197 46 48 49 175 213 176 225 226 187 81 78 79 206 137 135 17 158 234 114 119 26 24 220 98 53 51 43 2 149 73 130 132 

2370.32	12115	17434
tour: 0 9 65 83 32 70 26 12 59 96 61 5 13 93 7 90 95 50 62 14 87 20 75 39 16 43 71 40 63 37 21 46 25 97 4 41 68 74 11 31 15 53 82 57 55 17 24 86 36 98 49 6 42 8 1 79 84 76 81 45 88 58 47 48 80 99 10 67 60 22 38 94 73 52 2 66 33 78 35 72 29 51 91 56 54 19 89 64 27 3 30 23 18 92 69 77 34 44 85 28 0 
bonus: 9 65 83 32 70 26 12 59 96 61 58 47 48 80 52 2 66 33 78 35 72 29 51 91 56 85 28 
passengers: 198 199 197 61 60 158 114 220 48 94 98 0 175 156 58 222 226 223 100 173 136 73 130 81 

2723.15	13372	37987
tour: 0 9 65 83 32 33 78 35 72 29 51 91 56 31 15 53 82 57 55 17 24 86 36 98 49 54 19 89 64 27 3 30 23 18 92 11 70 26 6 42 8 1 79 84 76 81 45 88 58 47 48 80 99 10 67 60 22 38 94 73 52 2 69 66 12 59 96 61 5 13 93 7 90 95 50 62 14 87 20 75 39 16 43 71 40 63 37 21 46 25 97 4 41 68 74 77 34 44 85 28 0 
bonus: 9 65 83 32 33 78 35 72 29 51 91 56 31 15 53 82 57 55 17 94 73 52 2 69 66 12 59 96 61 5 13 93 7 90 95 50 62 14 87 20 75 39 16 43 71 40 63 37 21 46 25 97 4 41 68 74 77 34 44 85 28 
passengers: 200 70 71 168 171 150 139 30 58 213 44 59 186 225 137 133 135 17 158 228 114 22 220 101 103 98 93 81 

2546.73	12451	23053
tour: 0 9 65 83 32 33 78 35 72 29 51 91 56 31 15 53 82 57 55 17 24 86 36 98 49 54 19 89 64 7 90 95 50 62 14 87 20 75 39 16 43 71 40 63 3 30 23 58 47 48 80 99 10 67 60 22 38 94 73 52 2 66 12 59 96 61 5 13 93 37 21 46 25 97 4 41 68 74 11 70 26 6 42 8 1 79 84 76 81 45 88 27 18 92 69 77 34 44 85 28 0 
bonus: 9 65 83 32 33 78 35 72 29 51 91 56 31 15 53 57 94 73 52 2 66 12 59 96 61 5 13 93 27 18 92 69 77 34 44 85 28 
passengers: 200 70 71 169 172 56 58 217 114 121 46 103 106 13 99 137 134 135 233 229 59 9 201 181 178 109 223 81 

2353.97	12352	19591
tour: 0 9 65 83 32 33 78 35 72 29 51 91 56 20 75 39 16 43 71 40 63 37 21 46 25 97 4 41 68 74 11 70 26 6 42 8 1 79 84 76 81 45 88 58 47 48 80 99 10 67 60 22 38 94 73 52 2 66 12 59 96 61 5 13 93 7 90 95 50 62 14 87 31 15 53 82 57 55 17 24 86 36 98 49 54 19 89 64 27 3 30 23 18 92 69 77 34 44 85 28 0 
bonus: 9 65 83 32 33 78 35 72 29 51 91 56 20 75 39 16 43 71 40 63 37 21 46 25 97 4 41 74 42 8 1 84 
passengers: 198 197 75 77 169 47 0 1 175 59 4 184 225 226 187 137 135 15 158 231 114 122 26 149 31 55 81 

2669	12689	27416
tour: 0 9 65 83 98 31 15 53 71 40 74 11 70 26 6 42 25 49 54 19 89 64 27 3 30 23 18 92 69 77 34 93 7 90 95 50 62 14 87 20 75 39 16 43 86 36 55 17 24 1 79 84 76 81 45 88 58 47 48 80 99 10 67 60 22 44 63 37 21 46 85 38 94 73 52 2 66 12 59 96 61 5 13 8 82 57 97 4 41 68 32 33 78 35 72 29 51 91 56 28 0 
bonus: 9 65 83 98 31 15 53 71 40 70 63 37 21 46 85 38 94 73 52 2 66 12 59 96 61 5 13 8 82 57 97 41 68 32 33 78 35 72 29 51 91 56 28 
passengers: 197 105 174 59 60 8 36 114 219 48 101 176 109 225 226 95 98 173 137 15 19 149 73 130 132 

2537.72	12015	14911
tour: 0 9 65 83 32 33 78 35 72 29 51 91 56 68 74 11 70 26 6 42 8 1 79 84 76 81 45 88 58 47 48 80 99 10 67 60 22 38 94 73 52 2 66 12 59 96 61 5 13 93 7 90 95 50 62 14 87 31 15 53 82 57 55 17 24 97 4 41 86 36 98 20 75 39 16 43 71 40 63 37 21 46 25 49 54 19 89 64 27 3 30 23 18 92 69 77 34 44 85 28 0 
bonus: 9 65 83 32 33 78 35 72 29 51 91 56 68 74 11 70 26 6 42 8 1 84 
passengers: 197 72 170 166 125 175 59 184 177 180 192 225 16 231 114 26 27 220 151 31 57 93 81 

2302.58	11612	6146
tour: 0 9 65 83 98 20 75 39 71 40 63 37 21 46 25 49 54 19 89 64 27 3 30 23 18 92 69 77 34 4 41 68 74 11 70 26 6 42 8 1 79 84 76 81 45 88 58 47 48 80 99 10 67 60 22 44 85 38 94 73 52 2 66 12 59 96 61 5 13 93 7 90 95 50 62 14 87 31 15 53 82 57 97 16 43 86 36 55 17 24 32 33 78 35 72 29 51 91 56 28 0 
bonus: 9 65 83 98 20 75 39 71 40 58 
passengers: 198 197 48 49 103 98 0 1 175 177 225 226 223 207 137 135 15 158 19 116 27 149 211 130 132 

2466.42	12836	27276
tour: 0 9 65 83 32 33 53 82 31 15 41 97 4 78 35 58 47 48 80 99 10 67 60 22 38 94 73 52 2 66 12 59 96 61 5 13 93 37 21 46 25 49 54 19 89 64 7 90 95 50 62 14 72 29 51 91 56 68 74 11 70 26 6 42 8 1 57 55 17 24 86 36 98 87 20 75 39 16 43 71 40 63 79 84 76 81 45 88 27 3 30 23 18 92 69 77 34 44 85 28 0 
bonus: 9 65 83 33 96 61 5 13 93 37 21 46 25 49 24 86 36 98 87 20 75 39 16 43 71 40 63 79 84 76 81 45 88 27 3 30 23 18 92 69 77 34 44 85 28 
passengers: 198 199 74 75 77 1 100 137 135 158 19 231 234 159 116 114 169 172 30 210 219 48 49 201 181 223 224 81 

2459.5	12548	21118
tour: 0 9 65 83 32 33 78 35 72 29 51 91 56 31 15 53 82 57 55 17 24 86 36 98 49 54 19 89 64 21 46 25 97 4 41 68 74 11 70 26 6 42 8 1 79 84 76 81 45 88 27 3 30 23 58 47 48 80 99 10 67 60 22 38 94 73 52 2 66 12 59 96 61 5 13 93 7 90 95 50 62 14 87 20 75 39 16 43 71 40 63 37 18 92 69 77 34 44 85 28 0 
bonus: 9 65 83 32 33 78 35 72 29 51 91 90 95 50 62 14 87 20 75 39 16 43 71 40 63 37 18 92 69 77 34 44 85 28 
passengers: 198 200 197 70 75 139 210 0 1 175 59 186 183 225 226 69 137 133 15 158 114 24 220 101 103 93 81 

2543.55	12856	27532
tour: 0 9 65 83 32 33 53 71 40 63 98 87 20 75 39 31 15 41 68 74 11 70 26 6 42 8 82 57 97 16 43 86 36 55 17 24 1 79 84 76 81 45 88 27 3 30 23 18 92 69 77 34 4 78 35 58 47 48 80 99 10 67 60 22 44 85 38 94 73 52 2 66 12 59 96 61 5 13 93 37 21 46 25 49 54 19 89 64 7 90 95 50 62 14 72 29 51 91 56 28 0 
bonus: 9 65 83 32 33 53 71 40 63 98 87 20 75 39 31 15 41 68 74 11 59 96 61 5 13 93 37 21 46 25 49 7 90 95 50 62 14 72 29 51 91 56 28 
passengers: 197 70 72 218 47 175 174 4 142 178 225 34 35 81 206 100 137 17 15 158 50 116 118 25 130 132 

2443.23	12557	21847
tour: 0 9 65 83 32 33 53 71 40 63 37 21 46 25 49 54 19 89 64 27 3 30 12 59 96 61 5 13 93 7 90 95 50 62 14 87 23 18 92 69 77 34 4 78 35 72 29 51 91 56 31 15 41 68 74 11 70 26 6 42 8 82 57 73 52 2 66 38 94 1 79 98 20 75 39 16 43 86 36 55 17 24 97 84 76 81 45 88 58 47 48 80 99 10 67 60 22 44 85 28 0 
bonus: 9 65 83 32 33 53 71 40 63 37 21 46 25 49 54 19 89 64 78 35 72 29 51 91 56 31 15 41 70 24 97 84 76 85 28 
passengers: 199 74 76 77 105 158 19 234 116 114 119 78 1 169 172 62 133 138 48 49 101 104 213 30 201 223 224 

2556.57	14204	52004
tour: 0 9 65 83 32 33 53 82 31 15 7 90 95 50 62 14 87 17 24 86 36 55 34 4 41 68 74 11 70 26 6 42 8 1 79 98 20 75 39 16 43 71 40 63 3 30 23 18 92 69 77 57 97 84 76 81 45 88 58 47 48 80 99 10 67 60 22 44 85 38 94 73 52 2 66 12 59 96 61 5 13 93 37 21 46 25 49 54 19 89 64 27 78 35 72 29 51 91 56 28 0 
bonus: 9 65 83 32 33 53 82 31 15 7 90 95 50 62 14 87 17 24 86 36 55 34 4 41 68 74 11 70 26 6 42 8 1 79 98 20 75 39 16 43 71 40 63 3 48 80 99 10 67 60 22 44 85 38 94 73 52 2 66 12 59 96 61 5 13 93 37 21 46 25 49 27 78 35 72 29 51 91 56 28 
passengers: 198 200 197 70 75 88 139 174 59 60 4 8 185 48 103 106 36 156 109 225 100 137 135 163 17 19 235 43 38 130 132 

2458.87	13074	31927
tour: 0 9 65 83 32 33 53 71 40 63 37 21 46 25 49 54 19 89 64 27 3 30 23 18 92 69 77 34 4 78 35 72 29 51 91 56 68 74 11 70 26 6 42 8 82 57 38 94 73 52 2 66 12 59 96 61 5 13 93 7 90 95 50 62 14 87 20 75 39 16 43 86 36 55 17 24 1 79 98 31 15 41 97 84 76 81 45 88 58 47 48 80 99 10 67 60 22 44 85 28 0 
bonus: 9 65 83 32 33 53 71 40 63 37 21 46 25 49 54 19 11 70 26 6 42 8 82 57 38 94 73 52 2 66 12 59 96 61 5 13 98 31 15 41 97 99 10 67 60 22 44 85 28 
passengers: 198 197 75 77 98 1 168 128 144 59 156 137 133 160 158 21 114 219 104 213 210 201 181 223 

2430.63	13357	34501
tour: 0 9 36 55 17 24 86 44 85 28 49 54 19 89 64 27 3 30 23 18 92 69 77 34 4 78 35 72 29 51 91 56 31 15 41 68 74 11 70 26 6 42 8 1 79 98 20 75 39 16 43 71 40 63 37 21 46 25 83 32 33 53 82 57 97 84 76 81 45 88 58 47 48 80 99 10 67 60 22 38 94 73 52 2 66 12 59 96 61 5 13 93 7 90 95 50 62 14 87 65 0 
bonus: 9 36 55 17 24 86 44 85 28 49 54 19 89 64 27 3 30 23 18 92 69 77 31 15 41 68 74 11 70 26 21 46 25 83 32 33 53 82 57 97 84 76 81 45 88 58 47 48 80 99 10 67 60 87 65 
passengers: 87 85 142 140 32 63 43 169 172 127 148 61 48 49 96 92 52 177 176 225 226 187 137 135 16 158 234 114 24 

2425.93	12799	25753
tour: 0 9 65 83 32 33 87 20 75 39 16 43 71 40 63 37 21 46 25 49 54 19 89 64 27 3 30 23 18 92 69 77 34 4 41 68 74 11 70 26 6 42 8 1 79 98 31 15 53 82 57 97 84 76 81 45 88 36 55 17 24 86 78 35 58 47 48 80 99 10 67 60 22 44 85 38 94 73 52 2 66 12 59 96 61 5 13 93 7 90 95 50 62 14 72 29 51 91 56 28 0 
bonus: 9 65 83 32 33 87 20 75 39 16 11 70 26 6 42 8 1 24 86 78 35 58 47 48 80 99 10 67 60 22 44 85 94 72 29 51 91 56 28 
passengers: 198 197 75 77 220 98 0 175 62 59 4 185 156 225 226 57 187 206 137 135 15 158 19 116 118 25 130 132 

2404.53	13057	28678
tour: 0 9 65 83 32 33 53 82 57 97 16 43 71 40 63 37 21 46 25 49 54 19 89 64 27 3 30 23 18 92 69 77 34 4 78 35 58 47 48 80 99 10 67 60 22 38 94 73 52 2 66 12 59 96 61 5 13 93 7 90 95 50 62 14 72 29 51 91 56 31 15 41 68 74 11 70 26 6 42 8 1 79 98 87 20 75 39 84 76 81 45 88 36 55 17 24 86 44 85 28 0 
bonus: 9 65 83 32 33 53 82 57 97 78 35 58 47 48 80 99 10 67 60 22 38 94 73 42 8 1 79 98 87 20 75 39 84 76 81 45 88 36 55 17 24 86 44 85 28 
passengers: 198 75 77 153 150 44 78 1 187 13 137 135 162 158 19 116 22 169 172 175 62 5 48 49 201 227 223 31 55 

2154.38	11735	3865
tour: 0 9 36 55 34 4 78 35 72 29 51 91 56 31 15 41 68 74 11 70 26 6 42 8 1 79 98 20 75 39 16 43 71 40 63 37 18 92 69 77 54 19 89 64 21 46 25 49 65 83 32 33 53 82 57 97 84 76 81 45 88 27 3 30 23 58 47 48 80 99 10 67 60 22 38 94 73 52 2 66 12 59 96 61 5 13 93 7 90 95 50 62 14 87 17 24 86 44 85 28 0 
bonus: 9 36 18 92 69 77 
passengers: 87 88 89 139 142 169 148 174 61 48 49 92 36 35 201 183 111 225 68 187 15 16 231 24 31 55 

2553.7	13591	37058
tour: 0 9 65 83 32 33 53 82 57 73 52 2 66 38 94 24 86 36 55 17 35 72 29 51 91 56 54 19 89 64 21 46 25 49 6 42 8 1 79 98 20 75 39 68 74 11 70 26 12 59 96 61 5 13 93 7 90 95 50 62 14 87 31 15 41 97 16 43 71 40 63 37 18 92 69 77 34 4 78 84 76 81 45 88 27 3 30 23 58 47 48 80 99 10 67 60 22 44 85 28 0 
bonus: 9 65 83 32 33 53 82 57 73 52 2 66 38 94 24 86 36 89 64 90 95 50 62 14 87 31 15 41 97 16 43 71 40 63 37 18 92 69 77 34 4 78 84 27 3 30 23 58 47 48 80 99 10 67 60 22 44 85 28 
passengers: 200 70 71 156 150 138 100 211 216 139 66 39 53 50 10 11 61 16 158 234 114 24 29 219 220 98 96 92 0 201 223 224 

2401.75	14017	37890
tour: 0 9 36 55 34 4 41 97 16 43 71 40 74 83 98 20 75 78 84 76 81 45 88 27 3 30 23 58 47 48 80 99 10 67 60 22 38 94 24 86 44 85 61 5 13 93 7 90 95 50 62 14 87 17 35 72 29 51 59 96 69 77 54 19 89 64 21 63 37 18 92 11 39 68 32 33 31 15 53 82 57 73 52 2 66 12 70 26 6 42 8 1 79 46 25 91 56 28 49 65 0 
bonus: 9 36 55 34 4 41 97 16 43 71 40 74 83 98 20 75 78 84 76 81 45 88 27 3 87 17 35 72 29 51 59 96 69 77 54 19 89 64 21 63 37 18 92 11 39 68 32 33 31 15 53 73 42 8 1 79 46 25 91 56 28 49 65 
passengers: 88 89 90 86 142 82 175 48 177 223 68 187 56 217 208 116 114 26 24 220 167 168 66 40 53 51 95 73 156 149 134 15 9 

2401.55	13737	31852
tour: 0 9 36 55 34 4 41 97 16 43 71 40 63 98 20 75 78 84 76 81 45 88 27 3 30 23 58 47 48 80 99 10 67 60 22 38 94 24 86 44 85 61 5 13 93 7 90 95 50 62 14 87 17 35 72 29 51 59 96 69 77 54 19 89 64 21 37 18 92 11 39 68 74 83 32 33 31 15 53 82 57 73 52 2 66 12 70 26 6 42 8 1 79 46 25 91 56 28 49 65 0 
bonus: 9 36 55 34 4 41 97 16 43 71 40 63 98 20 75 78 84 76 81 45 88 27 3 87 17 35 72 29 51 59 96 69 77 54 19 89 64 21 37 18 92 39 83 42 8 1 79 46 25 91 56 28 49 65 
passengers: 89 90 86 142 82 0 48 177 223 68 187 56 217 208 116 114 26 22 220 167 168 40 53 95 102 73 156 149 134 15 9 

3458.25	15364	59941
tour: 0 9 65 98 20 75 78 84 76 81 45 88 36 55 34 66 12 70 26 6 42 8 1 79 46 25 91 56 28 49 54 19 89 64 21 63 37 18 92 11 39 68 32 33 53 82 31 72 40 74 83 27 3 30 23 29 51 59 96 69 77 57 73 52 2 15 4 41 86 44 85 61 5 13 93 7 90 95 50 62 14 87 17 35 58 47 48 80 99 10 67 60 22 38 94 24 97 16 43 71 0 
bonus: 9 65 98 20 75 78 84 76 81 45 88 36 55 34 66 12 70 26 6 42 8 1 79 46 25 91 56 28 49 54 19 89 64 21 63 37 18 92 11 39 68 32 33 53 82 31 40 27 3 30 23 29 51 59 96 69 77 57 73 52 2 15 4 41 86 44 85 61 5 13 93 7 90 95 50 62 14 87 17 35 58 47 48 80 99 10 67 60 22 38 94 24 97 16 43 71 
passengers: 47 48 49 204 205 201 225 17 8 9 148 63 64 54 103 102 104 74 106 198 199 158 156 135 217 213 214 21 231 114 121 

2986.37	15129	53706
tour: 0 9 65 98 20 75 78 84 76 81 45 88 36 55 17 35 58 47 48 80 99 34 93 7 90 95 50 62 14 87 31 72 10 67 60 22 38 94 24 86 44 85 61 5 13 8 1 79 46 40 74 83 27 3 30 23 29 77 57 73 52 2 15 4 41 97 16 32 33 53 82 51 59 96 69 66 12 70 26 6 42 25 91 56 28 49 54 19 89 64 21 63 37 18 92 11 39 68 43 71 0 
bonus: 9 65 98 20 75 78 84 76 81 45 88 36 55 17 35 58 47 48 80 99 34 93 7 90 95 50 62 14 87 31 72 10 67 60 22 38 94 24 86 44 85 61 5 13 8 83 27 3 30 23 29 77 57 73 52 2 15 4 41 96 69 66 12 70 26 6 42 25 91 56 28 49 54 19 89 64 21 63 37 18 92 11 39 68 43 71 
passengers: 48 49 177 182 180 176 227 84 187 81 232 22 28 218 57 20 18 185 106 198 156 173 137 134 74 76 162 163 17 15 61 8 63 

3253.37	15377	56596
tour: 0 9 18 92 11 39 68 54 19 89 64 21 63 37 33 53 82 7 90 95 50 62 14 87 31 72 10 67 60 22 38 94 24 97 16 43 71 40 74 83 27 3 30 23 29 51 59 96 69 77 57 73 52 2 15 4 41 86 44 85 61 5 13 93 32 98 20 75 78 84 76 81 45 88 36 55 17 35 58 47 48 80 99 34 66 12 70 26 6 42 8 1 79 46 25 91 56 28 49 65 0 
bonus: 9 18 92 11 39 68 54 19 89 64 21 63 37 33 53 82 7 90 50 67 60 22 38 94 24 97 16 43 71 40 74 83 27 3 30 23 29 51 59 96 69 77 57 73 52 2 15 4 41 86 44 85 61 5 13 93 32 98 20 75 78 84 76 81 45 88 36 55 17 35 58 47 48 80 99 34 66 12 70 26 6 42 8 1 79 46 25 91 56 28 49 65 
passengers: 39 44 40 45 41 52 116 168 57 106 198 199 156 155 135 0 214 107 21 231 233 191 111 225 32 112 162 15 59 9 

3031.52	16405	54691
tour: 0 9 76 81 45 88 27 86 44 63 79 46 50 62 39 68 54 19 89 64 21 37 18 31 72 10 85 61 5 13 8 1 32 24 97 16 43 71 40 52 2 15 53 36 55 29 51 91 56 28 34 93 82 7 90 95 33 87 17 77 20 75 78 84 57 38 94 73 35 58 47 59 96 69 66 12 70 26 6 42 25 67 60 22 92 11 48 80 99 74 83 3 30 23 14 4 41 98 49 65 0 
bonus: 9 76 81 45 88 27 86 44 63 79 46 50 62 39 89 61 5 13 8 1 32 24 97 16 43 71 40 52 2 15 53 36 55 29 51 91 56 28 34 93 82 7 90 95 33 87 17 77 20 75 78 84 57 38 94 73 35 58 47 59 96 69 66 70 26 6 42 25 67 60 22 92 11 48 80 99 74 83 3 30 23 14 4 41 98 49 65 
passengers: 178 196 190 109 110 116 52 33 206 55 105 106 87 84 147 82 83 12 74 46 204 156 112 162 14 7 187 198 

3079.7	17280	61861
tour: 0 9 76 81 45 88 27 86 73 35 58 97 84 57 38 50 8 1 79 46 82 7 90 56 28 34 52 2 15 16 43 71 40 95 23 14 4 41 98 49 54 19 89 64 21 37 18 31 72 10 85 61 5 13 93 32 44 63 62 87 17 77 20 75 78 22 92 11 39 68 94 24 33 53 36 55 29 51 91 80 99 74 83 3 30 59 96 69 66 12 70 26 6 42 25 67 60 47 48 65 0 
bonus: 9 76 81 45 88 27 86 73 35 58 97 84 57 38 50 8 1 79 46 82 7 90 56 28 34 52 2 15 16 43 71 40 95 23 14 4 41 98 49 54 19 89 64 21 37 18 31 72 10 85 61 5 13 93 32 44 63 62 87 17 77 20 75 78 22 92 11 39 68 94 24 33 53 36 55 29 51 91 80 99 74 83 3 30 59 96 69 66 12 70 26 6 42 25 67 60 47 48 65 
passengers: 181 179 190 226 224 201 149 186 147 63 78 79 135 136 26 28 44 169 172 208 21 231 102 74 70 76 139 199 162 4 

2728.52	18650	52009
tour: 0 71 40 95 33 9 76 81 45 99 91 80 52 13 18 31 72 10 85 21 2 15 16 6 42 25 19 63 37 73 35 58 17 94 97 84 90 28 34 5 24 74 83 3 30 23 14 4 41 98 56 88 61 77 20 75 78 22 67 60 47 48 66 12 7 53 36 55 29 57 38 50 62 87 26 59 96 69 27 86 54 92 11 39 68 43 82 51 8 1 79 46 93 32 44 70 89 64 49 65 0 
bonus: 71 40 95 33 9 76 81 45 99 91 80 52 13 18 31 72 10 85 21 2 15 16 90 28 34 5 24 74 83 3 30 23 14 88 61 77 20 75 78 22 67 60 47 48 66 12 7 53 36 55 29 57 38 50 62 87 26 59 96 69 27 86 54 92 11 39 68 43 82 51 8 1 79 46 93 32 44 70 89 64 49 65 
passengers: 106 178 180 176 196 134 135 19 170 171 13 38 94 32 30 201 175 198 0 145 225 112 162 160 84 90 99 218 59 216 101 123 235 

3059.9	20341	58569
tour: 0 71 60 47 41 98 4 89 64 49 65 83 3 30 32 87 26 59 96 69 27 86 54 92 11 48 66 23 14 21 37 18 42 72 10 85 74 44 70 36 55 29 57 38 50 35 40 95 45 99 91 80 12 7 53 31 15 16 6 25 19 63 62 39 68 43 82 51 8 1 79 46 93 2 88 61 58 17 94 73 52 13 56 77 20 75 78 22 67 84 90 28 34 5 24 33 9 76 81 97 0 
bonus: 71 60 47 41 98 4 89 64 49 65 83 3 30 32 87 26 59 96 69 27 86 54 92 11 48 66 23 14 21 37 18 42 72 10 85 74 44 70 36 55 29 99 91 80 12 7 53 31 15 16 6 25 19 63 62 39 68 43 82 51 8 1 79 46 93 2 88 61 58 17 94 73 52 13 56 77 20 75 78 22 67 84 90 28 34 5 24 33 9 76 81 97 
passengers: 112 159 199 200 68 61 213 215 163 164 52 36 34 206 107 105 111 16 8 9 38 123 231 229 226 227 224 32 31 173 147 49 203 

