Fo(cost)	Fo(time)	Fo(bonus)

2371.83	2714	8804
tour: 0 16 12 1 8 4 13 19 11 6 3 15 9 14 17 10 5 7 18 2 0 
bonus: 16 12 1 8 4 13 19 11 6 3 15 9 14 17 10 2 
passengers: 3 2 30 20 19 21 

2231.83	2743	8804
tour: 0 16 12 1 8 4 13 19 11 15 9 14 17 10 5 7 18 2 6 3 0 
bonus: 16 12 1 8 4 13 19 11 15 9 14 17 10 2 6 3 
passengers: 3 2 30 20 19 21 

2903	2882	10683
tour: 0 4 13 19 11 15 9 14 17 10 5 7 12 1 8 16 18 2 6 3 0 
bonus: 4 13 19 11 15 9 14 17 10 5 7 12 1 8 16 18 2 6 3 
passengers: 30 18 

2332.25	2931	10683
tour: 0 10 5 7 18 2 6 9 8 4 13 19 12 1 11 15 14 17 16 3 0 
bonus: 10 5 7 18 2 6 9 8 4 13 19 12 1 11 15 14 17 16 3 
passengers: 30 11 10 12 

2216	2830	8804
tour: 0 4 13 19 12 1 11 15 14 17 10 5 7 18 2 6 9 8 16 3 0 
bonus: 4 13 19 12 1 11 15 14 17 10 2 6 9 8 16 3 
passengers: 30 20 19 21 

2085	2899	8804
tour: 0 19 12 1 11 15 14 17 10 5 7 18 13 4 2 6 9 8 16 3 0 
bonus: 19 12 1 11 15 14 17 10 13 4 2 6 9 8 16 3 
passengers: 30 20 19 21 

2035.25	2821	6263
tour: 0 4 13 15 11 5 7 18 2 6 9 14 17 10 19 12 1 8 16 3 0 
bonus: 4 13 15 11 5 7 12 1 8 16 3 
passengers: 27 24 23 

1943.33	3100	10683
tour: 0 15 11 5 7 18 13 4 2 6 9 14 17 10 19 12 1 8 16 3 0 
bonus: 15 11 5 7 18 13 4 2 6 9 14 17 10 19 12 1 8 16 3 
passengers: 5 6 23 22 

1884.25	2971	6263
tour: 0 15 11 13 4 5 7 18 2 6 9 14 17 10 19 12 1 8 16 3 0 
bonus: 15 11 13 4 5 7 12 1 8 16 3 
passengers: 27 24 23 

1940.5	3130	8804
tour: 0 15 11 19 12 1 8 6 2 9 14 17 10 5 7 18 13 4 16 3 0 
bonus: 15 11 19 12 1 8 6 2 9 14 17 10 13 4 16 3 
passengers: 1 20 19 21 

1617.75	3306	9277
tour: 0 18 13 4 2 6 9 14 15 11 19 10 5 7 12 1 8 17 16 3 0 
bonus: 18 13 4 2 6 9 14 15 11 19 10 5 1 8 17 16 3 
passengers: 5 6 9 7 8 1 

1924.58	3409	10683
tour: 0 18 8 6 2 9 14 17 10 19 13 4 7 12 1 15 11 5 16 3 0 
bonus: 18 8 6 2 9 14 17 10 19 13 4 7 12 1 15 11 5 16 3 
passengers: 23 22 11 10 12 

1873.08	3839	10683
tour: 0 18 2 6 7 12 1 9 14 15 19 10 8 17 11 13 4 5 16 3 0 
bonus: 18 2 6 7 12 1 9 14 15 19 10 8 17 11 13 4 5 16 3 
passengers: 9 7 8 30 0 

1546	3767	10103
tour: 0 18 13 4 5 2 9 14 1 15 17 11 19 10 8 6 7 12 16 3 0 
bonus: 18 13 4 5 2 1 15 17 11 19 10 8 6 7 12 16 3 
passengers: 5 6 9 7 8 23 22 

1619.67	3990	10360
tour: 0 18 2 6 7 12 10 19 15 17 11 13 4 5 16 14 1 9 8 3 0 
bonus: 18 2 6 7 12 10 19 15 17 11 13 4 5 16 1 9 8 3 
passengers: 0 30 5 6 

1728.5	4057	10683
tour: 0 18 2 9 14 1 15 6 7 12 10 8 17 11 19 13 4 5 16 3 0 
bonus: 18 2 9 14 1 15 6 7 12 10 8 17 11 19 13 4 5 16 3 
passengers: 9 7 8 0 23 22 

