Fo(cost)	Fo(time)	Fo(bonus)

3306	2921	12523
tour: 0 11 14 15 16 1 13 4 8 10 3 9 2 17 7 12 6 19 18 5 0 
bonus: 11 14 15 16 1 13 4 8 10 3 9 2 17 7 12 6 19 18 5 
passengers: 

3228	2666	7201
tour: 0 17 7 12 6 19 18 5 3 16 14 15 10 9 2 11 1 13 4 8 0 
bonus: 17 7 12 6 19 18 3 11 1 13 4 8 
passengers: 2 1 0 20 21 19 

3147	2960	12523
tour: 0 11 1 13 4 8 10 3 16 14 15 9 2 17 7 12 6 19 18 5 0 
bonus: 11 1 13 4 8 10 3 16 14 15 9 2 17 7 12 6 19 18 5 
passengers: 

3079	2979	12523
tour: 0 11 1 13 4 8 10 3 16 14 15 12 9 2 17 7 6 19 18 5 0 
bonus: 11 1 13 4 8 10 3 16 14 15 12 9 2 17 7 6 19 18 5 
passengers: 

3049	2993	12523
tour: 0 17 7 8 10 3 9 2 11 1 13 4 16 14 15 12 6 19 18 5 0 
bonus: 17 7 8 10 3 9 2 11 1 13 4 16 14 15 12 6 19 18 5 
passengers: 2 1 0 

3030	2999	12523
tour: 0 17 7 6 13 4 8 10 3 16 14 15 12 9 2 11 1 19 18 5 0 
bonus: 17 7 6 13 4 8 10 3 16 14 15 12 9 2 11 1 19 18 5 
passengers: 2 1 0 8 6 10 

3011	2937	10481
tour: 0 17 7 2 11 1 10 3 9 8 4 16 14 15 12 6 13 19 18 5 0 
bonus: 17 7 10 3 9 8 4 16 14 15 12 6 13 19 18 5 
passengers: 2 1 0 17 16 

2929	3041	12523
tour: 0 17 7 8 4 2 11 1 10 9 3 16 14 15 12 6 13 19 18 5 0 
bonus: 17 7 8 4 2 11 1 10 9 3 16 14 15 12 6 13 19 18 5 
passengers: 2 1 0 17 

2920	3042	12523
tour: 0 17 7 18 13 4 8 10 3 16 14 15 12 6 19 2 11 1 9 5 0 
bonus: 17 7 18 13 4 8 10 3 16 14 15 12 6 19 2 11 1 9 5 
passengers: 2 1 0 15 

2900	2985	10481
tour: 0 17 7 2 11 1 13 4 8 10 9 3 16 14 15 12 6 19 18 5 0 
bonus: 17 7 13 4 8 10 9 3 16 14 15 12 6 19 18 5 
passengers: 2 1 0 17 16 

2858	3082	12523
tour: 0 11 1 9 8 10 3 16 4 2 17 7 14 15 12 6 13 19 18 5 0 
bonus: 11 1 9 8 10 3 16 4 2 17 7 14 15 12 6 13 19 18 5 
passengers: 

2829	2999	10549
tour: 0 11 1 9 2 17 7 14 15 12 6 13 10 3 16 4 8 19 18 5 0 
bonus: 11 1 7 14 15 12 6 13 10 3 16 4 8 19 18 5 
passengers: 2 1 0 

2827	3008	10776
tour: 0 17 7 14 15 12 6 13 4 8 10 3 16 1 9 2 11 19 18 5 0 
bonus: 17 7 14 15 12 6 13 4 8 10 3 16 1 9 2 5 
passengers: 2 1 0 8 6 10 

2809	3130	12523
tour: 0 14 11 1 9 8 10 15 3 16 4 2 17 7 12 6 13 19 18 5 0 
bonus: 14 11 1 9 8 10 15 3 16 4 2 17 7 12 6 13 19 18 5 
passengers: 

2422	3131	12523
tour: 0 14 15 12 6 13 10 3 16 4 8 19 2 11 1 9 17 7 18 5 0 
bonus: 14 15 12 6 13 10 3 16 4 8 19 2 11 1 9 17 7 18 5 
passengers: 6 5 

2722	2957	8416
tour: 0 17 7 18 13 4 8 10 15 12 6 19 2 11 1 9 3 16 14 5 0 
bonus: 17 7 18 13 4 8 10 15 12 6 16 14 5 
passengers: 2 1 0 15 21 

2631	3079	10257
tour: 0 17 7 14 11 1 9 2 8 4 3 16 10 15 12 6 13 19 18 5 0 
bonus: 17 7 9 2 8 4 3 16 10 15 12 6 13 19 18 5 
passengers: 2 1 0 16 

2108.5	3258	10257
tour: 0 3 16 10 15 12 6 13 4 8 19 2 17 7 14 11 1 9 18 5 0 
bonus: 3 16 10 15 12 6 13 4 8 19 2 17 7 9 18 5 
passengers: 16 6 5 

2360	3409	11784
tour: 0 17 7 14 6 13 19 2 8 4 3 16 10 15 12 11 1 9 18 5 0 
bonus: 17 7 14 6 13 19 2 8 4 16 10 15 12 11 1 9 18 5 
passengers: 2 1 0 20 21 6 5 

2358	3421	11212
tour: 0 14 17 7 8 19 2 6 13 4 3 16 10 15 12 11 1 9 18 5 0 
bonus: 14 17 7 8 6 13 4 3 16 10 15 12 11 1 9 18 5 
passengers: 2 1 0 17 6 5 

2340	3531	12523
tour: 0 17 7 2 8 19 14 6 13 16 4 3 10 15 12 11 1 9 18 5 0 
bonus: 17 7 2 8 19 14 6 13 16 4 3 10 15 12 11 1 9 18 5 
passengers: 2 1 0 17 6 5 

2338	3565	12523
tour: 0 17 7 14 6 13 4 3 16 10 15 12 19 2 8 11 1 9 18 5 0 
bonus: 17 7 14 6 13 4 3 16 10 15 12 19 2 8 11 1 9 18 5 
passengers: 2 1 0 6 5 

1699.42	3404	8275
tour: 0 3 16 10 15 12 11 1 9 18 5 14 17 7 19 2 6 13 4 8 0 
bonus: 3 16 10 15 12 11 1 9 18 6 13 4 8 
passengers: 6 5 19 18 17 

2302	3566	10481
tour: 0 17 7 2 11 1 9 18 16 4 3 10 15 12 5 14 6 13 19 8 0 
bonus: 17 7 9 18 16 4 3 10 15 12 5 14 6 13 19 8 
passengers: 2 1 0 17 16 6 5 

1680.42	3453	8275
tour: 0 3 10 15 12 11 1 9 18 5 14 17 7 19 2 6 13 16 4 8 0 
bonus: 3 10 15 12 11 1 9 18 6 13 16 4 8 
passengers: 6 5 19 18 17 

2155	3725	12523
tour: 0 3 11 1 9 18 5 16 10 15 12 19 2 17 7 14 6 13 4 8 0 
bonus: 3 11 1 9 18 5 16 10 15 12 19 2 17 7 14 6 13 4 8 
passengers: 6 5 

