Fo(cost)	Fo(time)	Fo(bonus)

2423.83	2430	5647
tour: 0 3 19 12 7 2 14 8 15 13 4 16 6 18 11 5 17 10 1 9 0 
bonus: 3 8 11 5 17 10 1 9 
passengers: 2 29 30 9 6 17 10 26 

2951.5	2539	7228
tour: 0 3 19 8 15 13 12 7 2 6 18 11 5 17 10 1 4 16 14 9 0 
bonus: 3 6 18 11 5 17 10 1 4 16 14 9 
passengers: 0 1 29 26 3 4 

2586.33	2645	9551
tour: 0 3 10 1 4 16 6 18 11 5 17 19 8 15 13 12 7 2 14 9 0 
bonus: 3 10 1 4 16 6 18 11 5 17 19 8 15 14 9 
passengers: 29 30 

2833.5	2766	11042
tour: 0 3 15 13 4 16 6 18 11 5 17 10 1 8 19 12 7 2 14 9 0 
bonus: 3 15 13 4 16 6 18 11 5 17 10 1 8 19 12 7 14 9 
passengers: 0 1 10 26 3 4 29 

2771.5	2796	11528
tour: 0 3 15 13 4 16 5 17 10 1 8 19 12 7 2 6 18 11 14 9 0 
bonus: 3 15 13 4 16 5 10 1 8 19 12 7 2 6 18 11 14 9 
passengers: 0 1 13 12 11 26 29 30 

2080.5	2677	8777
tour: 0 3 10 17 18 11 5 8 19 16 6 1 4 15 13 12 7 2 14 9 0 
bonus: 3 10 17 18 11 5 8 19 16 6 1 4 15 9 
passengers: 25 5 3 4 

2770	2625	6533
tour: 0 3 15 13 4 12 7 2 6 1 8 19 16 18 11 5 17 14 9 10 0 
bonus: 3 15 13 4 12 7 2 6 9 10 
passengers: 0 1 9 4 

2722	2928	11885
tour: 0 3 15 13 4 12 7 2 6 1 8 19 16 5 17 18 11 14 9 10 0 
bonus: 3 15 13 4 12 7 2 6 1 8 19 16 5 17 18 11 14 9 10 
passengers: 0 1 9 

2704	2958	11885
tour: 0 3 15 13 12 7 2 6 1 4 11 5 8 19 16 17 18 14 9 10 0 
bonus: 3 15 13 12 7 2 6 1 4 11 5 8 19 16 17 18 14 9 10 
passengers: 0 1 

1880.67	2918	11042
tour: 0 3 18 11 5 8 19 16 13 12 7 2 6 1 4 15 17 14 9 10 0 
bonus: 3 18 11 5 8 19 16 13 12 7 6 1 4 15 17 14 9 10 
passengers: 29 30 6 7 5 

1632.17	2908	10268
tour: 0 3 15 8 19 16 13 12 7 2 6 1 4 11 5 17 18 14 9 10 0 
bonus: 3 15 8 19 16 13 12 7 6 1 4 11 5 17 18 9 10 
passengers: 1 20 19 29 30 3 4 

1776.33	2862	9186
tour: 0 3 15 8 19 16 5 17 18 11 13 7 2 6 1 4 12 14 9 10 0 
bonus: 3 15 8 19 16 5 17 18 6 1 4 12 14 9 10 
passengers: 20 19 28 27 3 4 

1530.75	2748	6113
tour: 0 3 15 17 18 11 5 8 19 7 2 6 1 4 16 13 12 14 9 10 0 
bonus: 3 15 17 6 1 13 12 14 9 10 
passengers: 28 29 30 9 8 3 

1774.33	3006	10952
tour: 0 3 15 8 19 7 2 6 1 4 16 5 17 18 11 13 12 14 9 10 0 
bonus: 3 15 8 19 7 2 6 1 5 17 18 11 13 12 14 9 10 
passengers: 20 19 29 30 9 8 

1537.67	3106	10952
tour: 0 3 15 8 19 2 6 1 4 16 13 12 7 17 18 11 5 14 9 10 0 
bonus: 3 15 8 19 2 6 1 13 12 7 17 18 11 5 14 9 10 
passengers: 20 19 29 30 9 8 13 12 11 

2181	3258	11885
tour: 0 2 13 12 7 17 18 11 5 14 3 15 8 19 16 6 1 4 9 10 0 
bonus: 2 13 12 7 17 18 11 5 14 3 15 8 19 16 6 1 4 9 10 
passengers: 0 1 13 12 11 20 19 25 

1609	3050	8154
tour: 0 3 15 8 19 17 18 11 16 13 12 7 2 6 1 4 5 14 9 10 0 
bonus: 3 15 8 19 17 6 1 4 5 14 9 10 
passengers: 20 19 28 3 4 

1570.42	3049	6552
tour: 0 2 9 10 4 16 6 1 15 8 19 7 17 18 11 13 12 14 3 5 0 
bonus: 8 19 7 17 18 11 13 12 14 3 5 
passengers: 9 8 7 25 5 20 19 

1897.5	3326	11885
tour: 0 2 6 1 15 8 19 7 17 18 9 10 4 16 13 12 14 3 11 5 0 
bonus: 2 6 1 15 8 19 7 17 18 9 10 4 16 13 12 14 3 11 5 
passengers: 6 7 5 20 19 

1740.25	3980	11885
tour: 0 2 6 9 10 11 12 4 5 14 3 18 16 13 1 15 8 19 17 7 0 
bonus: 2 6 9 10 11 12 4 5 14 3 18 16 13 1 15 8 19 17 7 
passengers: 17 16 15 25 5 20 19 

