Fo(cost)	Fo(time)	Fo(bonus)

2986	2924	12289
tour: 0 12 16 18 7 11 1 14 15 19 5 2 9 17 10 3 4 13 8 6 0 
bonus: 12 16 18 7 11 1 14 15 19 5 2 9 17 10 3 4 13 8 6 
passengers: 5 3 4 2 

1147.85	2609	5882
tour: 0 12 4 13 7 11 5 2 9 17 10 3 1 14 15 16 18 19 8 6 0 
bonus: 12 4 13 7 11 5 19 8 6 
passengers: 28 27 26 22 23 41 42 40 10 13 49 51 48 50 

2885	2955	12289
tour: 0 12 16 18 7 10 3 1 14 15 19 11 5 2 9 17 4 13 8 6 0 
bonus: 12 16 18 7 10 3 1 14 15 19 11 5 2 9 17 4 13 8 6 
passengers: 5 3 4 2 24 

2751	2799	9426
tour: 0 12 16 18 19 5 2 9 17 10 3 4 13 7 11 1 14 15 8 6 0 
bonus: 12 16 18 10 3 4 13 7 11 1 14 15 8 6 
passengers: 5 3 4 2 49 47 51 45 48 24 

2650	2787	8452
tour: 0 12 16 18 19 11 5 2 9 17 4 13 7 10 3 1 14 15 8 6 0 
bonus: 12 16 18 4 13 7 10 3 1 14 15 8 6 
passengers: 5 3 4 2 49 51 48 50 44 24 

2458.5	2797	8894
tour: 0 12 4 16 18 13 19 11 5 2 9 17 7 10 3 1 14 15 8 6 0 
bonus: 12 4 16 9 17 7 10 3 1 14 15 8 6 
passengers: 5 3 4 2 27 49 51 48 50 24 

2428	2932	9775
tour: 0 12 16 18 1 2 9 17 7 10 3 4 13 19 5 11 14 15 8 6 0 
bonus: 12 16 18 7 10 3 4 13 19 5 11 14 15 8 6 
passengers: 5 3 4 2 47 45 46 44 6 

1538.25	2755	6825
tour: 0 12 6 9 17 7 10 3 4 16 18 13 1 14 15 8 19 11 5 2 0 
bonus: 12 6 9 17 7 10 3 11 5 2 
passengers: 41 42 40 43 24 37 50 

2413.5	3000	10866
tour: 0 12 16 18 19 5 17 7 10 3 4 13 1 2 9 11 14 15 8 6 0 
bonus: 12 16 18 19 5 17 7 10 3 4 9 11 14 15 8 6 
passengers: 5 3 4 2 49 47 51 45 48 24 25 28 27 26 

2506	3196	12289
tour: 0 12 4 16 18 13 7 10 3 1 14 5 11 6 15 8 19 2 9 17 0 
bonus: 12 4 16 18 13 7 10 3 1 14 5 11 6 15 8 19 2 9 17 
passengers: 5 3 4 2 24 

2388.67	3234	12289
tour: 0 12 6 18 13 7 10 3 4 16 15 8 19 14 5 17 9 11 1 2 0 
bonus: 12 6 18 13 7 10 3 4 16 15 8 19 14 5 17 9 11 1 2 
passengers: 36 37 

1527.25	3185	10050
tour: 0 12 4 13 19 14 5 17 9 11 1 2 15 8 6 18 7 10 3 16 0 
bonus: 12 4 13 19 14 5 17 9 11 1 2 15 8 6 18 16 
passengers: 38 39 11 12 32 

2386	3333	12289
tour: 0 12 16 18 13 7 10 3 4 2 15 8 19 14 5 17 9 11 1 6 0 
bonus: 12 16 18 13 7 10 3 4 2 15 8 19 14 5 17 9 11 1 6 
passengers: 5 3 4 2 25 28 27 26 15 16 14 

2377	3158	9319
tour: 0 12 16 15 8 6 18 13 19 2 9 17 7 10 3 4 14 5 11 1 0 
bonus: 12 16 15 8 6 17 7 10 3 4 14 5 11 
passengers: 1 5 3 0 4 36 37 49 47 51 48 50 24 

1089.5	3130	8938
tour: 0 12 4 14 5 2 15 8 6 18 13 19 11 1 9 17 7 10 3 16 0 
bonus: 12 4 14 5 11 1 9 17 7 10 3 16 
passengers: 28 27 26 15 49 51 48 50 6 9 7 8 41 42 40 43 

2358	3384	12289
tour: 0 12 16 15 8 19 14 5 17 9 11 1 6 18 13 7 10 3 4 2 0 
bonus: 12 16 15 8 19 14 5 17 9 11 1 6 18 13 7 10 3 4 2 
passengers: 1 5 3 0 4 36 37 10 13 11 12 25 28 27 26 

1472.87	3124	6997
tour: 0 12 4 8 19 14 5 17 9 11 1 2 15 6 18 13 7 10 3 16 0 
bonus: 12 4 8 19 14 5 17 9 11 16 
passengers: 38 39 10 11 12 32 

1861.25	3315	10558
tour: 0 12 4 2 15 8 19 14 5 17 9 11 1 6 18 13 7 10 3 16 0 
bonus: 12 8 19 14 5 17 9 11 1 6 18 13 7 10 3 16 
passengers: 1 0 28 27 26 15 16 14 10 13 11 12 

1523.33	3482	12289
tour: 0 12 4 2 9 17 7 10 3 16 18 13 1 6 15 8 19 14 5 11 0 
bonus: 12 4 2 9 17 7 10 3 16 18 13 1 6 15 8 19 14 5 11 
passengers: 28 27 26 41 42 40 43 24 37 

1792.07	3394	10868
tour: 0 12 4 2 9 17 7 10 3 16 15 8 19 14 5 11 6 18 13 1 0 
bonus: 12 4 2 9 17 7 10 8 19 14 5 11 6 18 13 1 
passengers: 28 27 26 41 42 40 38 39 36 37 

1283.5	3359	9362
tour: 0 12 4 14 5 6 18 13 2 15 8 19 11 1 9 17 7 10 3 16 0 
bonus: 12 4 14 5 6 11 1 9 17 7 10 3 16 
passengers: 48 50 15 16 14 6 9 7 8 41 42 40 43 

1358.67	3675	10868
tour: 0 12 4 2 13 1 9 17 7 10 3 16 15 8 19 14 11 6 18 5 0 
bonus: 12 4 2 13 1 9 17 7 10 8 19 14 11 6 18 5 
passengers: 28 27 26 22 23 6 9 7 8 41 42 40 38 39 36 37 

