Fo(cost)	Fo(time)	Fo(bonus)

2757.42	2545	7114
tour: 0 4 8 11 12 14 9 18 17 10 2 13 7 5 1 3 15 19 6 16 0 
bonus: 4 8 9 18 17 10 2 13 7 5 1 
passengers: 2 0 29 6 5 8 9 19 

2961	2523	6426
tour: 0 4 12 14 9 18 17 11 8 10 2 13 7 5 1 3 15 19 6 16 0 
bonus: 4 12 14 9 18 17 13 7 5 1 
passengers: 2 0 1 29 6 5 8 9 19 

3079	2665	8363
tour: 0 4 12 14 9 18 17 10 2 13 7 5 1 3 19 6 11 8 15 16 0 
bonus: 4 12 14 9 18 17 10 2 13 7 5 19 16 
passengers: 2 0 1 29 5 19 55 54 

2028.25	2686	7867
tour: 0 13 10 2 12 14 9 18 17 11 8 19 6 7 5 1 3 15 16 4 0 
bonus: 13 9 11 8 19 6 7 5 1 3 15 16 4 
passengers: 2 0 13 12 16 48 47 46 49 55 6 5 8 9 

1868.25	2793	9394
tour: 0 13 2 12 19 5 10 14 9 18 17 11 8 6 7 1 3 15 16 4 0 
bonus: 13 2 12 19 5 17 11 8 6 7 1 3 15 16 4 
passengers: 18 17 14 51 53 52 6 5 8 9 7 

2100.73	2976	12049
tour: 0 4 11 8 6 7 5 1 3 15 16 12 19 13 2 9 18 17 10 14 0 
bonus: 4 11 8 6 7 5 1 3 15 16 12 19 13 2 9 18 17 10 14 
passengers: 6 5 8 9 7 13 12 16 15 11 

2225.75	2482	3094
tour: 0 4 3 15 16 12 19 5 1 7 13 2 9 18 11 8 6 17 10 14 0 
bonus: 4 7 13 10 14 
passengers: 3 4 23 19 24 13 12 16 15 14 

1604.17	2586	4304
tour: 0 4 3 19 5 1 7 13 10 2 12 14 9 18 17 11 8 6 15 16 0 
bonus: 4 13 11 8 6 15 16 
passengers: 28 23 19 26 25 13 12 16 15 11 

2259.25	2956	10171
tour: 0 4 12 19 5 1 7 2 13 10 14 9 18 17 11 8 6 3 15 16 0 
bonus: 4 12 19 5 1 7 2 13 10 17 11 8 6 3 15 16 
passengers: 13 16 14 

2062.35	3026	10786
tour: 0 4 11 8 6 15 16 3 19 5 1 7 13 2 12 18 17 10 14 9 0 
bonus: 4 11 8 6 15 16 3 19 5 1 13 12 18 17 10 14 9 
passengers: 3 32 28 23 19 26 25 13 12 16 15 11 

1325.25	2964	8913
tour: 0 4 3 19 5 1 7 13 2 16 12 18 17 11 8 6 15 10 14 9 0 
bonus: 4 3 19 5 12 18 17 11 8 6 15 10 14 9 
passengers: 28 23 19 26 25 6 8 9 7 13 40 39 41 35 34 33 

1825.95	3245	12049
tour: 0 4 11 16 3 15 10 14 8 6 19 13 2 12 18 17 5 1 7 9 0 
bonus: 4 11 16 3 15 10 14 8 6 19 13 2 12 18 17 5 1 7 9 
passengers: 3 37 36 38 35 34 33 29 13 12 16 15 11 

1801.5	3321	10163
tour: 0 4 11 16 3 15 18 17 8 6 12 19 5 1 7 2 13 10 14 9 0 
bonus: 4 11 16 3 15 18 8 6 5 1 7 2 13 10 14 9 
passengers: 3 37 40 36 39 48 49 

1139.17	3526	6614
tour: 0 4 11 16 3 8 6 12 19 13 10 14 5 1 7 2 17 9 15 18 0 
bonus: 4 11 16 8 13 10 5 1 7 2 
passengers: 19 51 53 52 29 10 13 12 16 11 45 44 43 

