Fo(cost)	Fo(time)	Fo(bonus)

2019.83	2876	11000
tour: 0 16 10 1 5 2 4 3 8 17 6 19 18 11 9 15 12 7 14 13 0 
bonus: 16 10 1 5 2 4 3 8 17 6 19 18 11 9 15 12 7 14 
passengers: 31 30 36 35 33 34 1 2 5 3 4 

2479	2918	11297
tour: 0 16 10 1 5 2 4 3 8 17 6 13 18 11 9 15 12 7 14 19 0 
bonus: 16 10 1 5 2 4 3 8 17 6 13 18 11 9 15 12 7 14 19 
passengers: 31 30 33 34 1 2 

2113.08	2952	11297
tour: 0 16 10 1 4 3 8 17 14 7 5 2 6 19 18 11 9 15 12 13 0 
bonus: 16 10 1 4 3 8 17 14 7 5 2 6 19 18 11 9 15 12 13 
passengers: 31 30 36 35 33 34 1 2 5 3 4 

1574.33	2746	7673
tour: 0 16 10 1 5 7 14 19 6 4 3 8 17 2 18 11 9 15 12 13 0 
bonus: 6 4 3 8 17 2 18 11 9 15 12 13 
passengers: 27 31 29 30 28 33 34 1 2 5 3 4 

1554.33	2765	7673
tour: 0 16 10 1 5 7 14 19 3 8 17 2 6 4 18 11 9 15 12 13 0 
bonus: 3 8 17 2 6 4 18 11 9 15 12 13 
passengers: 27 31 29 30 28 33 34 1 2 5 3 4 

1984.08	3029	11297
tour: 0 16 10 1 5 7 14 3 8 17 2 6 4 19 18 11 9 15 12 13 0 
bonus: 16 10 1 5 7 14 3 8 17 2 6 4 19 18 11 9 15 12 13 
passengers: 31 30 36 35 33 34 1 2 5 3 4 

1587.7	2979	9397
tour: 0 16 10 1 5 4 19 18 11 9 15 12 7 14 3 8 17 2 6 13 0 
bonus: 16 10 1 5 11 9 15 12 7 14 3 8 17 2 6 13 
passengers: 27 31 29 23 25 36 35 33 34 1 2 

1916.95	3101	11297
tour: 0 16 10 1 4 3 8 17 2 6 19 18 11 5 7 14 9 15 12 13 0 
bonus: 16 10 1 4 3 8 17 2 6 19 18 11 5 7 14 9 15 12 13 
passengers: 31 30 36 35 33 34 12 10 11 13 5 3 4 

1852.22	3075	10466
tour: 0 16 10 1 4 18 11 5 7 14 3 8 17 2 6 19 9 15 12 13 0 
bonus: 16 10 1 4 18 5 7 14 3 8 17 2 6 19 9 15 12 13 
passengers: 31 23 25 30 24 0 33 34 5 3 4 

1401.53	3101	8101
tour: 0 16 19 18 11 17 2 6 4 12 10 1 5 7 14 3 8 9 15 13 0 
bonus: 16 19 18 11 1 5 7 14 3 8 9 15 13 
passengers: 27 29 23 25 24 36 35 33 34 32 12 10 11 13 

1372.87	3093	7330
tour: 0 16 10 1 5 4 7 14 3 8 9 15 12 13 18 11 17 2 6 19 0 
bonus: 16 10 1 5 4 7 14 3 8 9 2 6 19 
passengers: 31 30 12 10 11 13 20 18 19 21 22 33 

1812.4	3400	11297
tour: 0 16 10 1 4 12 8 17 2 6 19 18 11 5 7 14 3 9 15 13 0 
bonus: 16 10 1 4 12 8 17 2 6 19 18 11 5 7 14 3 9 15 13 
passengers: 31 30 36 35 33 34 12 10 11 13 

1706.58	3484	10128
tour: 0 16 19 6 2 18 9 15 7 14 3 11 5 10 1 4 12 8 17 13 0 
bonus: 16 19 6 2 18 9 15 7 14 3 11 5 10 1 4 12 8 
passengers: 27 29 23 25 24 5 3 

1645.87	3656	9594
tour: 0 16 10 1 8 12 2 6 19 3 17 11 5 4 7 14 18 9 15 13 0 
bonus: 16 10 1 8 12 2 6 19 3 5 4 7 14 18 9 15 13 
passengers: 31 30 36 35 12 10 11 13 

1460.13	3636	8671
tour: 0 16 10 13 18 11 17 14 3 9 15 7 5 4 1 8 12 2 6 19 0 
bonus: 16 10 13 18 3 9 15 7 5 4 1 8 12 2 6 19 
passengers: 31 23 25 30 24 0 8 33 34 12 10 11 13 

1384.22	3947	11297
tour: 0 16 10 13 18 14 3 9 15 7 17 11 5 4 1 8 12 2 6 19 0 
bonus: 16 10 13 18 14 3 9 15 7 17 11 5 4 1 8 12 2 6 19 
passengers: 31 23 25 30 24 8 6 12 10 11 13 20 18 19 21 

1298.75	4127	11297
tour: 0 16 19 6 2 18 9 4 1 8 12 14 3 15 7 17 11 5 10 13 0 
bonus: 16 19 6 2 18 9 4 1 8 12 14 3 15 7 17 11 5 10 13 
passengers: 27 29 23 25 24 12 10 11 13 20 18 19 21 32 

