Fo(cost)	Fo(time)	Fo(bonus)

6457	7227	28027
tour: 0 10 22 8 4 36 33 39 44 34 1 19 2 6 21 18 37 7 42 38 3 15 31 30 45 25 20 5 9 27 29 40 41 47 26 46 35 24 12 16 49 23 32 48 11 17 28 14 13 43 0 
bonus: 10 22 8 4 36 33 39 44 34 1 19 2 6 21 18 37 7 42 38 3 25 20 5 9 27 29 40 41 47 26 46 35 24 12 16 49 23 32 48 11 17 28 14 13 43 
passengers: 3 4 56 5 15 21 23 63 64 44 67 37 

5685.67	7398	30370
tour: 0 10 22 8 4 7 42 38 3 15 31 30 16 49 23 9 27 29 32 48 11 17 28 14 40 41 47 26 46 35 24 12 34 1 19 2 6 21 18 37 36 33 45 25 20 5 39 44 13 43 0 
bonus: 10 22 8 4 7 42 38 3 15 31 30 16 49 23 9 27 29 32 48 11 17 28 14 40 41 47 26 46 35 24 12 34 1 19 2 6 21 18 37 36 33 45 25 20 5 39 44 13 43 
passengers: 0 33 35 52 31 67 65 49 5 

4106.33	7291	29041
tour: 0 10 22 8 4 36 33 21 18 37 7 42 38 3 15 31 30 45 25 20 5 39 44 34 1 19 2 6 14 40 41 47 26 46 35 24 12 16 49 23 9 27 29 32 48 11 17 28 13 43 0 
bonus: 10 22 8 4 36 33 21 18 37 7 42 38 3 15 31 30 45 25 20 5 39 44 34 6 14 40 41 47 26 46 35 24 12 16 49 23 9 27 29 32 48 11 17 28 13 43 
passengers: 0 35 36 52 50 19 56 11 63 64 29 37 

3713.67	7418	30370
tour: 0 10 49 23 9 27 29 32 48 11 17 28 14 40 41 47 26 46 35 24 12 34 1 19 2 6 21 18 37 7 42 38 3 15 31 30 16 22 8 4 36 33 45 25 20 5 39 44 13 43 0 
bonus: 10 49 23 9 27 29 32 48 11 17 28 14 40 41 47 26 46 35 24 12 34 1 19 2 6 21 18 37 7 42 38 3 15 31 30 16 22 8 4 36 33 45 25 20 5 39 44 13 43 
passengers: 31 67 65 49 15 21 52 16 17 18 

3429.25	6776	18164
tour: 0 10 49 23 9 27 29 32 48 5 11 17 28 14 40 41 47 26 46 35 24 12 34 1 19 2 6 21 16 22 18 37 7 42 38 3 15 31 30 45 25 20 8 4 36 33 39 44 13 43 0 
bonus: 10 49 23 9 27 29 32 48 5 11 17 28 14 40 41 47 26 46 34 1 19 25 20 8 4 36 33 39 44 13 43 
passengers: 31 67 65 49 5 15 21 52 16 

3128.08	7137	24772
tour: 0 10 49 23 9 27 29 32 48 11 17 28 21 14 40 41 47 26 46 35 24 12 34 7 42 38 3 15 31 1 19 2 6 30 16 22 8 4 18 37 36 33 45 25 20 5 39 44 13 43 0 
bonus: 10 49 23 9 27 29 32 48 11 17 28 21 14 40 41 47 26 46 34 7 42 38 3 19 2 6 30 16 22 8 4 18 37 36 25 20 5 39 44 13 43 
passengers: 31 67 65 49 52 16 50 5 22 17 18 

3737.92	7102	24448
tour: 0 10 49 23 9 27 35 24 12 34 1 19 2 6 29 32 48 11 17 28 21 18 37 7 42 38 3 15 31 30 16 14 40 41 47 26 46 22 8 4 36 33 45 25 20 5 39 44 13 43 0 
bonus: 10 49 23 9 27 35 24 12 34 1 19 2 6 29 32 48 11 17 28 21 18 40 41 47 26 46 22 8 4 36 33 45 25 20 5 39 44 13 43 
passengers: 44 45 9 67 52 16 59 17 18 

3277.08	7112	24235
tour: 0 10 49 23 11 17 28 21 16 22 14 40 41 47 26 46 35 24 12 34 1 19 2 6 29 32 48 5 9 27 18 37 7 42 38 3 15 31 30 45 25 20 8 4 36 33 39 44 13 43 0 
bonus: 10 49 23 11 17 28 21 16 22 14 40 41 47 26 46 35 24 12 27 18 37 7 42 38 3 15 31 30 45 25 20 8 4 36 33 39 44 13 43 
passengers: 33 34 70 49 60 61 9 20 32 52 16 

4342.5	7096	22575
tour: 0 10 49 23 9 27 29 32 48 5 11 17 28 21 16 22 14 40 41 47 26 46 35 24 12 34 7 42 38 3 15 31 1 19 2 6 30 45 25 20 8 4 18 37 36 33 39 44 13 43 0 
bonus: 10 49 22 14 40 41 47 26 46 35 24 12 34 7 42 38 3 15 31 1 19 2 6 30 45 25 20 8 4 18 37 36 33 39 44 13 43 
passengers: 33 34 70 52 16 50 5 22 

3129.58	7262	26523
tour: 0 10 49 23 9 27 16 22 14 40 41 47 26 46 35 24 12 34 1 19 2 6 29 32 48 5 11 17 28 21 18 37 7 42 38 3 15 31 30 45 25 20 8 4 36 33 39 44 13 43 0 
bonus: 10 49 23 9 27 16 22 14 40 41 47 26 46 35 24 12 34 1 19 6 17 28 21 18 37 7 42 38 3 15 31 30 25 20 8 4 36 33 39 44 13 43 
passengers: 33 34 70 49 63 64 9 20 40 52 16 

2758.33	6827	17703
tour: 0 10 46 22 14 40 41 47 26 38 3 15 31 30 45 25 20 8 4 7 42 16 49 23 9 27 35 24 12 34 1 19 2 6 29 32 48 5 11 17 28 21 18 37 36 33 39 44 13 43 0 
bonus: 10 46 22 14 40 41 26 4 7 42 34 1 19 2 6 29 32 48 5 11 17 28 21 18 37 36 33 39 44 13 43 
passengers: 59 16 57 28 23 24 44 45 9 38 37 39 

2797.25	6750	17418
tour: 0 10 49 23 9 27 16 14 40 41 47 26 46 22 18 37 7 42 38 3 15 31 30 45 25 20 8 4 36 33 39 44 13 43 35 24 12 34 1 19 2 6 29 32 48 5 11 17 28 21 0 
bonus: 10 49 23 9 27 16 14 40 38 3 15 45 4 36 33 39 44 13 34 1 19 2 6 11 17 28 21 
passengers: 33 34 72 59 52 16 28 56 55 44 

4132.25	7219	25761
tour: 0 10 49 23 9 27 16 14 40 41 47 26 46 22 8 4 7 42 38 3 15 31 30 45 25 20 19 2 6 29 32 48 5 39 44 13 43 35 24 12 34 1 11 17 28 21 18 37 36 33 0 
bonus: 10 49 23 9 27 16 14 40 38 3 15 31 30 45 25 20 19 2 6 29 32 48 5 39 44 13 43 35 24 12 34 1 11 17 28 21 18 37 36 33 
passengers: 33 34 72 59 52 50 65 66 

2976.25	7336	27322
tour: 0 10 49 23 9 27 16 14 40 41 47 26 46 22 19 2 6 29 32 48 5 39 44 13 43 35 24 12 34 1 11 17 28 21 18 37 7 42 38 3 15 31 30 45 25 20 8 4 36 33 0 
bonus: 10 49 23 9 27 16 14 40 41 47 26 46 22 19 2 6 29 32 48 5 39 44 13 43 35 24 12 34 1 11 17 28 21 37 42 38 3 15 25 20 8 4 36 33 
passengers: 33 34 70 51 65 66 20 5 40 52 16 

6596	6692	14918
tour: 0 10 49 23 9 27 18 37 36 33 39 44 20 8 4 7 42 38 3 15 31 30 45 25 46 35 24 12 34 1 19 2 6 29 40 41 47 26 32 48 5 11 17 28 21 16 22 14 13 43 0 
bonus: 10 23 38 3 15 31 30 45 25 46 35 24 34 26 32 48 5 11 17 28 21 16 22 14 13 43 
passengers: 0 3 4 52 50 43 44 63 64 67 37 

6577	6935	18383
tour: 0 10 49 23 9 27 18 37 7 42 38 44 13 43 35 24 12 34 1 19 2 6 29 32 48 11 5 39 17 28 21 16 14 40 41 47 26 46 22 3 15 31 30 45 25 20 8 4 36 33 0 
bonus: 10 37 13 43 35 24 12 34 1 39 17 28 21 16 14 40 41 47 26 46 22 3 15 31 30 45 25 20 8 4 36 33 
passengers: 1 0 3 56 55 54 67 59 16 

6470	7078	21454
tour: 0 10 49 23 9 27 18 37 36 33 39 44 20 8 4 7 42 38 3 15 16 14 13 43 35 24 12 34 1 31 30 45 25 46 22 19 2 6 29 40 41 47 26 32 48 5 11 17 28 21 0 
bonus: 10 23 38 3 15 16 14 13 43 35 24 12 34 1 31 30 45 25 46 22 19 2 6 29 40 41 47 26 32 48 5 11 17 28 21 
passengers: 0 3 4 52 49 42 5 6 63 64 

6433	6966	18993
tour: 0 10 49 23 9 27 18 37 7 42 20 8 4 36 33 39 44 13 43 35 24 12 34 1 31 30 45 25 46 22 14 40 41 47 26 38 3 15 16 19 2 6 29 32 48 5 11 17 28 21 0 
bonus: 10 49 23 37 34 1 31 30 45 25 46 22 14 40 41 47 26 38 3 15 16 19 2 6 29 32 48 5 11 17 28 21 
passengers: 0 2 4 28 42 5 6 63 64 50 

6413	6630	13573
tour: 0 10 49 23 9 27 16 22 19 2 6 29 5 39 44 13 43 35 24 12 34 1 31 30 45 25 46 47 26 38 3 15 14 40 41 32 48 11 17 28 21 18 37 7 42 20 8 4 36 33 0 
bonus: 23 35 24 12 34 1 31 30 45 11 17 28 21 18 37 7 42 20 8 4 36 33 
passengers: 1 2 4 42 43 44 63 64 

6410	7061	21204
tour: 0 10 5 39 44 13 43 35 24 12 34 1 31 30 45 25 46 22 19 2 6 29 32 48 11 17 28 21 14 40 41 47 26 38 3 15 16 49 23 9 27 18 37 7 42 20 8 4 36 33 0 
bonus: 10 5 39 44 13 43 35 24 12 34 1 31 30 45 25 46 22 19 11 17 28 21 40 23 9 27 18 37 7 42 20 8 4 36 33 
passengers: 1 3 2 42 44 45 11 67 68 16 72 

4686.17	7079	20660
tour: 0 10 8 4 7 42 20 19 2 6 49 23 9 27 16 14 40 41 47 26 38 3 15 31 30 45 25 46 22 18 37 36 33 39 44 13 43 35 24 12 34 1 29 32 48 5 11 17 28 21 0 
bonus: 10 8 4 7 42 20 19 15 31 30 45 25 46 22 18 37 36 33 39 44 13 43 35 24 12 34 1 29 32 48 5 11 17 28 21 
passengers: 0 33 35 52 11 70 55 54 44 

2865.42	7249	23823
tour: 0 10 19 2 6 29 32 48 11 5 39 17 28 21 14 40 41 47 26 38 44 13 43 35 24 12 34 1 31 30 45 25 46 22 3 15 16 49 23 9 27 18 37 7 42 20 8 4 36 33 0 
bonus: 10 19 2 6 29 32 48 11 5 39 17 28 21 14 40 41 43 35 24 12 34 1 31 30 45 25 46 22 3 15 16 49 23 9 27 4 36 33 
passengers: 67 68 66 49 42 46 5 58 59 72 

6348	6951	18936
tour: 0 10 5 39 44 13 43 35 24 12 34 1 29 32 48 11 17 28 21 16 14 40 41 47 26 38 3 15 31 30 45 25 46 22 19 2 6 49 23 9 27 18 37 7 42 20 8 4 36 33 0 
bonus: 10 5 39 44 13 43 35 24 12 34 1 29 32 48 11 17 28 21 16 25 46 22 19 2 6 49 23 8 4 36 33 
passengers: 1 3 2 44 45 9 67 68 40 50 58 59 11 72 

5546	7094	22316
tour: 0 10 49 23 9 27 13 43 35 24 12 34 1 31 30 45 25 46 5 39 44 20 19 2 6 29 32 48 11 17 28 21 14 40 41 47 26 38 3 15 16 22 8 4 7 42 18 37 36 33 0 
bonus: 10 49 23 9 27 13 43 35 24 12 34 1 5 11 17 28 21 14 40 41 47 26 38 3 15 16 22 8 4 7 42 18 37 36 33 
passengers: 1 2 29 54 42 44 19 56 67 68 16 

5244.5	6979	19558
tour: 0 10 49 23 9 27 13 43 35 24 12 34 1 31 30 45 25 46 22 3 15 16 19 2 6 29 32 48 11 5 39 17 28 21 14 40 41 47 26 38 44 20 8 4 7 42 18 37 36 33 0 
bonus: 10 49 23 9 27 13 43 35 24 11 5 39 17 28 21 14 40 41 47 26 38 44 20 8 4 7 42 18 37 36 33 
passengers: 1 2 29 42 44 45 50 67 68 38 

2753.08	7314	24024
tour: 0 10 49 23 9 27 16 22 19 2 6 29 32 48 11 17 28 21 14 13 43 35 24 12 34 1 37 7 42 18 40 41 47 26 38 3 15 31 30 45 25 46 5 39 44 20 8 4 36 33 0 
bonus: 10 49 23 9 27 16 22 19 2 6 29 32 48 11 17 28 21 14 13 43 35 24 12 34 1 37 7 26 38 15 25 46 5 39 44 20 8 4 36 33 
passengers: 33 34 70 51 67 65 68 49 43 5 8 16 59 

3505.5	7652	30370
tour: 0 10 19 2 6 49 23 9 27 16 22 3 15 31 30 45 25 46 13 43 35 24 12 34 1 29 32 48 11 5 39 17 28 21 14 40 41 47 26 38 44 20 8 4 7 42 18 37 36 33 0 
bonus: 10 19 2 6 49 23 9 27 16 22 3 15 31 30 45 25 46 13 43 35 24 12 34 1 29 32 48 11 5 39 17 28 21 14 40 41 47 26 38 44 20 8 4 7 42 18 37 36 33 
passengers: 33 34 11 69 54 44 45 67 68 20 

4760.5	7075	19567
tour: 0 10 19 2 6 49 23 9 27 13 43 35 24 12 34 1 29 32 48 11 17 28 21 16 22 14 40 41 47 26 38 3 15 31 30 45 25 46 5 39 44 20 8 4 7 42 18 37 36 33 0 
bonus: 10 19 2 6 49 23 9 27 13 43 48 22 14 40 41 47 26 38 3 15 31 30 45 25 46 5 39 42 18 37 36 33 
passengers: 1 2 11 70 44 45 67 68 16 57 58 

2710.58	7541	28562
tour: 0 10 19 2 6 49 23 9 27 18 40 41 32 48 11 17 28 21 14 13 43 35 24 12 34 1 29 5 39 37 7 42 16 22 3 15 31 30 45 25 46 47 26 38 44 20 8 4 36 33 0 
bonus: 10 19 2 6 49 23 9 27 18 40 41 32 48 11 17 28 21 14 13 43 35 24 12 34 1 29 5 39 37 7 42 16 22 3 45 25 46 47 26 38 44 20 8 4 36 33 
passengers: 11 10 31 29 30 49 54 5 20 52 16 59 

5044	6971	19102
tour: 0 10 19 2 6 49 23 9 27 13 43 35 24 12 34 1 29 32 48 11 17 28 21 14 40 41 47 26 38 3 15 31 30 45 25 46 5 39 44 16 22 18 37 7 42 20 8 4 36 33 0 
bonus: 10 19 2 6 49 23 9 27 13 43 35 24 12 34 1 29 32 48 11 17 28 21 14 40 41 47 26 36 33 
passengers: 1 2 11 29 44 45 9 67 68 40 16 58 59 

2529	7055	18868
tour: 0 10 19 2 6 29 32 48 17 28 21 14 13 49 23 9 27 43 35 24 12 34 1 31 30 45 25 46 22 3 15 16 11 5 39 37 7 42 18 40 41 47 26 38 44 20 8 4 36 33 0 
bonus: 10 19 2 6 29 32 48 17 28 21 14 13 49 11 5 39 37 7 42 18 40 41 47 26 38 44 20 8 4 36 33 
passengers: 11 10 67 49 70 71 5 58 38 39 

6163	7089	20884
tour: 0 10 44 20 8 4 7 42 18 40 41 47 26 38 3 15 31 30 45 25 46 5 39 9 27 16 22 19 2 6 49 23 29 32 48 11 17 28 21 14 13 43 35 24 12 34 1 37 36 33 0 
bonus: 10 44 20 8 4 7 42 18 40 41 47 6 49 23 29 32 48 11 17 28 21 14 13 43 35 24 12 34 1 37 36 33 
passengers: 0 3 4 23 24 52 50 51 11 10 67 65 68 49 

3038.42	7525	27760
tour: 0 10 19 2 6 29 32 48 11 17 28 21 14 13 49 23 9 27 43 35 24 12 34 1 31 30 45 25 46 5 39 44 20 8 4 7 42 18 40 41 47 26 38 3 15 16 22 37 36 33 0 
bonus: 10 19 2 6 29 32 48 11 17 28 21 14 13 49 23 9 27 43 35 24 12 34 1 31 30 45 25 46 5 39 42 18 40 41 47 26 38 3 15 16 22 37 36 33 
passengers: 11 10 67 49 54 42 5 57 59 20 52 

3314.17	7700	30370
tour: 0 10 19 2 6 49 23 9 27 16 22 3 15 31 30 45 25 46 17 28 21 14 13 43 35 24 12 34 1 29 32 48 11 5 39 37 7 42 18 40 41 47 26 38 44 20 8 4 36 33 0 
bonus: 10 19 2 6 49 23 9 27 16 22 3 15 31 30 45 25 46 17 28 21 14 13 43 35 24 12 34 1 29 32 48 11 5 39 37 7 42 18 40 41 47 26 38 44 20 8 4 36 33 
passengers: 33 34 11 69 49 54 44 9 38 39 20 

2547.83	7412	25143
tour: 0 10 19 2 6 49 23 9 27 16 22 37 36 33 39 44 20 8 4 7 42 18 40 41 47 26 38 3 15 31 30 45 25 46 5 11 17 28 21 14 13 43 35 24 12 34 1 29 32 48 0 
bonus: 10 19 2 6 49 23 9 27 16 22 37 18 40 41 47 26 38 3 15 31 30 45 25 46 5 11 17 28 21 14 13 43 35 24 12 34 1 29 32 48 
passengers: 33 34 11 72 52 63 64 37 49 44 45 9 

3083.92	7702	29849
tour: 0 10 19 2 6 49 23 9 27 18 40 41 32 48 11 17 28 21 14 13 43 35 24 12 34 7 42 20 8 4 47 26 38 44 16 22 3 30 45 46 25 15 31 1 29 5 39 37 36 33 0 
bonus: 10 19 2 6 49 23 9 27 18 40 41 32 48 11 17 28 21 14 13 43 35 24 12 34 7 42 20 8 47 26 38 44 16 22 3 30 45 46 25 15 31 1 29 5 39 37 36 33 
passengers: 11 10 31 29 30 53 43 52 55 

4480	6306	4265
tour: 0 10 19 2 21 14 13 43 35 24 12 34 1 29 32 48 11 17 28 15 31 6 49 23 9 27 16 22 3 30 45 25 46 5 39 37 7 42 18 40 41 47 26 38 44 20 8 4 36 33 0 
bonus: 10 19 2 21 13 36 33 
passengers: 1 2 11 44 46 40 72 70 16 57 

2739.92	7398	20987
tour: 0 10 19 2 21 14 13 20 8 4 36 33 39 6 49 23 9 27 43 35 24 12 34 7 42 18 40 41 47 26 38 44 16 22 37 3 30 45 25 46 5 11 17 28 15 31 1 29 32 48 0 
bonus: 10 19 2 21 14 13 20 8 4 36 33 39 6 49 23 9 27 43 35 22 37 3 30 45 25 46 5 11 17 28 15 31 1 29 32 48 
passengers: 11 10 21 72 70 52 63 9 

2817.75	7861	30370
tour: 0 10 19 2 21 14 13 40 41 47 20 8 4 36 33 39 6 49 23 9 27 43 35 24 12 34 7 42 18 26 38 44 16 22 37 3 30 45 25 46 5 11 17 28 15 31 1 29 32 48 0 
bonus: 10 19 2 21 14 13 40 41 47 20 8 4 36 33 39 6 49 23 9 27 43 35 24 12 34 7 42 18 26 38 44 16 22 37 3 30 45 25 46 5 11 17 28 15 31 1 29 32 48 
passengers: 11 10 21 72 70 52 55 9 

2280.25	7040	15029
tour: 0 20 8 4 36 33 39 37 3 30 45 25 46 5 11 17 28 15 31 1 29 32 48 6 49 23 9 27 13 43 35 24 12 34 7 42 18 40 41 47 26 38 44 16 22 14 10 19 2 21 0 
bonus: 20 8 4 36 33 39 37 3 30 45 25 42 18 40 41 47 26 38 44 16 22 14 19 2 21 
passengers: 17 18 60 19 37 21 29 43 25 62 51 

2758.75	7873	30370
tour: 0 20 19 2 21 14 10 8 4 36 33 39 6 49 23 9 27 13 43 35 44 16 22 37 7 42 18 40 41 47 26 38 3 30 45 25 46 5 11 17 28 15 31 24 12 34 1 29 32 48 0 
bonus: 20 19 2 21 14 10 8 4 36 33 39 6 49 23 9 27 13 43 35 44 16 22 37 7 42 18 40 41 47 26 38 3 30 45 25 46 5 11 17 28 15 31 24 12 34 1 29 32 48 
passengers: 11 10 72 70 71 52 63 64 44 45 9 

2174.92	6839	9719
tour: 0 20 8 4 36 33 39 37 3 30 45 25 46 5 11 31 1 29 32 48 6 49 23 9 27 13 43 35 24 12 34 7 42 18 40 41 47 26 38 44 16 22 17 28 15 14 10 19 2 21 0 
bonus: 20 8 4 36 33 39 37 3 30 45 25 11 31 48 42 19 2 21 
passengers: 17 18 60 20 19 21 29 43 25 62 51 

2432.08	8133	26896
tour: 0 20 8 21 14 13 40 41 47 46 37 3 24 12 34 1 29 5 11 31 30 10 19 2 7 26 38 44 16 42 18 4 36 33 39 6 49 23 9 27 43 35 22 17 28 15 45 25 32 48 0 
bonus: 20 8 21 14 13 40 41 47 46 37 3 24 12 34 1 29 5 11 31 30 10 19 2 7 26 38 44 16 42 18 4 36 33 39 6 49 23 27 43 22 45 25 32 48 
passengers: 49 63 64 20 38 39 23 56 69 32 

2127.08	7536	13970
tour: 0 20 8 21 14 13 40 18 4 36 33 24 12 34 1 29 5 39 6 49 23 9 27 43 35 22 17 28 15 45 25 46 37 3 30 10 19 2 7 41 47 26 38 44 16 42 11 31 32 48 0 
bonus: 20 8 21 13 34 25 46 37 3 30 10 19 2 7 41 47 26 38 44 16 42 11 31 32 48 
passengers: 28 49 17 46 5 19 69 32 50 58 33 63 64 

2310.08	8695	22526
tour: 0 20 2 7 41 5 14 13 40 26 38 6 29 32 47 15 45 49 23 18 4 19 16 25 46 37 3 8 35 22 17 28 21 42 11 31 30 10 44 39 9 27 43 1 34 36 33 24 12 48 0 
bonus: 20 2 7 41 5 14 13 40 23 18 4 19 16 25 46 37 3 8 35 22 17 28 21 31 30 10 44 39 9 27 43 1 34 36 33 24 12 48 
passengers: 11 10 19 70 71 59 27 26 38 37 39 9 44 45 

2210.08	8768	23623
tour: 0 20 2 35 22 17 28 15 45 49 23 18 4 19 16 25 32 47 46 37 3 8 21 42 11 31 30 10 44 39 9 27 13 40 41 5 14 7 26 38 6 29 43 1 34 36 33 24 12 48 0 
bonus: 20 2 35 22 17 28 15 45 49 23 18 4 19 16 25 32 47 46 37 3 8 21 42 11 31 30 10 44 40 29 43 1 34 36 33 24 12 48 
passengers: 11 10 70 71 63 64 59 27 38 39 56 55 31 20 49 9 44 45 

2223.08	8670	21571
tour: 0 20 2 35 22 17 28 15 45 49 23 18 4 19 16 25 32 5 14 7 41 47 46 37 3 8 21 42 11 31 30 10 44 39 9 27 13 40 26 38 6 29 43 1 34 36 33 24 12 48 0 
bonus: 20 2 35 22 17 28 15 45 49 23 18 4 19 16 25 32 5 14 7 27 13 40 26 38 6 29 43 1 34 36 33 24 12 48 
passengers: 11 10 58 70 71 20 25 23 63 38 56 29 30 9 44 45 

