Fo(cost)	Fo(time)	Fo(bonus)

5634	6071	16220
tour: 0 13 12 45 9 46 35 5 3 42 48 27 47 32 2 6 39 18 31 10 7 43 28 38 11 14 8 22 49 30 33 36 40 4 24 20 23 37 1 34 16 19 41 26 25 21 44 17 15 29 0 
bonus: 13 12 45 9 46 35 5 3 42 48 27 47 32 2 23 41 26 25 21 44 17 15 29 
passengers: 0 1 13 14 16 32 68 66 

2570.92	6883	29707
tour: 0 13 12 19 41 26 25 21 44 17 15 29 47 32 2 6 39 18 31 10 7 43 28 38 11 14 8 22 49 30 33 42 48 27 36 40 4 24 20 23 37 1 34 16 45 9 46 35 5 3 0 
bonus: 13 12 19 41 26 25 21 44 17 15 29 47 32 2 6 39 18 31 10 7 14 8 22 49 30 33 42 48 27 36 40 4 24 20 23 37 1 34 16 45 9 46 35 5 3 
passengers: 48 54 53 17 18 34 37 35 68 67 61 51 6 43 

5998.5	6294	20269
tour: 0 13 12 45 9 46 35 5 3 42 48 27 47 32 2 6 39 18 37 1 34 31 10 7 43 28 38 11 14 8 22 49 30 33 36 40 4 24 20 23 16 19 41 26 25 21 44 17 15 29 0 
bonus: 13 12 45 9 46 35 5 3 42 48 27 47 32 2 6 39 18 37 23 16 19 41 26 25 21 44 17 15 29 
passengers: 0 1 14 16 32 17 34 68 66 

2641.92	6470	20607
tour: 0 13 12 19 41 26 25 21 44 17 15 29 47 32 2 6 39 18 37 1 34 31 10 7 43 28 38 11 14 8 22 49 30 33 42 48 27 36 40 4 24 20 23 16 45 9 46 35 5 3 0 
bonus: 13 12 19 41 26 25 21 44 17 14 8 22 49 30 33 42 48 27 36 40 4 24 20 23 16 45 9 46 35 5 3 
passengers: 48 54 53 17 18 34 37 35 68 67 61 51 43 

2696.17	6477	22646
tour: 0 13 12 45 9 46 35 5 26 25 21 44 17 15 29 47 32 2 6 39 18 31 10 7 43 28 37 1 34 19 41 38 11 14 8 33 42 48 27 36 40 4 24 20 23 16 22 49 30 3 0 
bonus: 13 12 45 9 46 35 5 26 25 21 44 17 15 29 47 32 2 6 39 18 31 10 7 43 28 37 1 34 19 41 38 49 30 3 
passengers: 24 27 53 16 30 17 18 49 34 35 61 43 

5571.5	6283	18924
tour: 0 41 26 25 21 12 45 9 46 35 5 3 42 48 27 47 32 2 6 39 18 31 10 7 43 28 38 11 14 8 22 49 4 24 20 23 16 19 30 33 36 40 37 1 34 13 44 17 15 29 0 
bonus: 41 26 25 21 12 45 9 46 35 5 3 42 48 27 47 32 2 22 49 4 24 20 23 16 44 17 15 29 
passengers: 0 1 55 13 14 16 32 20 21 

4760	6389	19875
tour: 0 13 12 45 9 46 35 5 26 25 21 1 34 31 10 7 43 28 38 11 14 8 33 36 40 4 24 20 23 16 22 49 30 3 42 48 27 47 32 2 6 39 18 37 19 41 44 17 15 29 0 
bonus: 13 12 34 31 10 7 43 28 38 23 16 22 49 30 3 42 48 27 47 32 2 6 39 18 37 19 41 44 17 15 29 
passengers: 3 4 40 32 31 17 34 43 65 64 60 

3329.5	5954	11750
tour: 0 41 26 25 21 44 17 15 29 47 32 2 6 39 18 31 10 7 43 28 38 11 14 8 22 49 4 24 20 23 16 19 30 33 42 48 27 36 40 37 1 34 13 12 45 9 46 35 5 3 0 
bonus: 41 26 25 21 44 17 15 6 39 18 31 10 7 14 8 22 49 4 
passengers: 5 54 53 14 32 34 21 68 43 6 

4871.5	5833	8663
tour: 0 41 26 25 21 44 17 15 29 47 32 2 6 39 18 37 19 30 33 42 48 27 36 40 10 7 43 28 38 11 14 8 22 49 4 24 20 23 16 34 31 1 13 12 45 9 46 35 5 3 0 
bonus: 41 27 34 31 1 13 12 45 9 46 35 5 3 
passengers: 5 1 16 48 61 32 17 34 57 51 43 

3968.25	6876	28434
tour: 0 41 26 7 43 28 25 21 44 17 15 29 47 32 2 6 39 18 37 1 13 38 11 14 8 22 49 27 36 40 4 24 20 23 16 34 31 10 19 30 33 42 48 12 45 9 46 35 5 3 0 
bonus: 41 26 7 43 28 25 21 44 17 15 29 47 32 2 6 39 18 37 1 13 38 11 14 8 22 49 27 36 40 4 24 20 23 16 34 31 30 33 42 12 46 35 5 3 
passengers: 14 34 37 68 66 67 51 52 30 

2473.67	6224	18504
tour: 0 41 26 25 21 12 45 9 46 35 5 43 28 38 11 14 8 22 33 42 48 27 36 40 10 7 49 4 24 20 23 16 34 31 1 13 44 17 15 29 47 32 2 6 39 18 37 19 30 3 0 
bonus: 41 26 25 21 12 45 9 46 35 5 43 28 38 11 14 8 22 44 17 15 29 47 32 2 6 39 
passengers: 54 55 13 34 37 21 61 68 43 6 42 

4635	5923	10424
tour: 0 41 26 25 21 44 17 15 29 23 16 19 30 33 42 48 36 40 4 24 20 34 31 10 7 43 28 38 11 14 8 22 49 27 47 32 2 6 39 18 37 1 13 12 45 9 46 35 5 3 0 
bonus: 41 26 25 21 44 37 1 13 12 45 9 46 35 5 3 
passengers: 0 1 53 50 52 28 29 20 6 

4461	7034	30350
tour: 0 41 26 25 21 44 17 15 29 23 16 34 4 24 20 48 36 40 37 19 30 33 42 6 39 18 31 10 7 43 28 38 11 14 8 22 49 27 47 32 2 1 13 12 45 9 46 35 5 3 0 
bonus: 41 26 25 21 44 17 15 29 23 16 34 4 20 36 40 37 19 30 33 42 6 39 18 31 10 7 43 28 38 11 14 8 22 49 27 47 32 2 1 13 12 45 9 46 35 5 3 
passengers: 0 1 44 10 48 49 14 17 34 20 21 57 

3464.08	7162	31710
tour: 0 41 26 25 21 44 17 15 29 23 16 34 31 10 7 49 4 24 20 48 27 47 32 2 1 13 12 45 9 46 35 5 43 40 28 38 11 14 8 22 33 36 18 37 19 30 3 42 6 39 0 
bonus: 41 26 25 21 44 17 15 29 23 16 34 31 10 7 49 4 24 20 48 27 47 32 2 1 13 12 45 9 46 35 5 43 40 28 38 11 14 8 22 33 36 18 37 19 30 3 42 6 39 
passengers: 53 44 32 31 51 13 34 35 46 47 

4205	5852	6092
tour: 0 41 26 25 21 44 17 15 29 47 32 2 1 13 12 45 9 46 35 5 3 48 36 18 37 19 30 27 23 16 22 49 4 24 20 34 31 10 7 43 40 28 38 11 14 8 33 42 6 39 0 
bonus: 41 44 13 12 45 22 49 4 24 20 39 
passengers: 3 5 55 7 6 26 8 61 59 68 10 50 

4902	6162	12714
tour: 0 41 26 46 35 5 3 42 48 12 45 9 43 28 25 21 1 13 38 11 14 8 18 37 19 30 44 17 15 29 23 16 22 33 36 40 4 24 20 34 31 10 7 49 27 47 32 2 6 39 0 
bonus: 41 26 46 35 5 3 42 12 29 23 16 22 33 36 40 4 20 47 39 
passengers: 0 1 13 60 27 48 44 10 11 

3433.33	5948	9712
tour: 0 41 26 25 30 44 17 15 29 23 16 22 49 27 47 32 2 6 39 18 37 19 9 46 35 13 12 45 21 1 8 33 42 48 36 40 4 24 20 34 31 10 7 43 28 38 11 14 5 3 0 
bonus: 41 26 25 30 44 17 15 29 23 16 22 5 3 
passengers: 2 57 56 65 48 40 54 22 17 

3239.17	6048	11513
tour: 0 41 26 25 21 49 27 23 16 22 33 36 4 24 20 34 31 10 7 46 19 30 44 35 5 3 42 48 12 45 9 43 40 28 38 11 14 8 18 37 1 13 17 15 29 47 32 2 6 39 0 
bonus: 41 26 25 21 18 37 1 13 17 15 29 47 32 2 6 39 
passengers: 2 53 68 66 51 30 49 13 27 20 21 

6277	6691	23521
tour: 0 41 44 17 15 29 47 32 2 1 13 12 45 21 9 46 35 5 43 40 28 38 11 14 8 18 37 19 30 3 48 36 4 26 25 24 20 34 31 10 7 49 27 23 16 22 33 42 6 39 0 
bonus: 41 44 17 15 29 47 32 2 1 13 12 45 21 9 46 35 5 43 40 28 38 11 14 8 18 37 19 30 3 48 36 4 26 39 
passengers: 3 5 4 54 13 36 48 8 61 10 

2840.75	7177	30706
tour: 0 41 26 46 35 13 12 45 9 43 40 28 25 21 1 8 18 37 19 30 44 17 15 29 23 16 22 33 36 4 24 20 34 31 10 7 49 38 11 14 5 3 42 48 27 47 32 2 6 39 0 
bonus: 41 26 46 35 13 12 45 9 43 40 28 25 21 1 8 18 37 19 30 44 17 15 29 23 16 22 33 36 4 24 20 34 31 49 38 11 14 5 3 42 48 27 47 32 2 6 39 
passengers: 40 27 48 44 43 52 17 18 36 41 

4483	6859	24722
tour: 0 41 26 46 19 30 44 35 11 14 5 3 42 48 12 45 21 9 43 40 28 25 27 23 16 22 33 36 4 24 20 34 31 10 7 49 38 8 18 37 1 13 17 15 29 47 32 2 6 39 0 
bonus: 41 26 46 19 30 44 35 11 14 5 3 42 48 12 45 21 9 43 40 28 7 49 38 8 18 37 1 13 17 15 29 47 32 2 6 39 
passengers: 0 1 33 61 62 53 50 52 28 29 20 46 47 

2486.25	7117	26939
tour: 0 41 26 46 19 30 44 35 13 17 15 29 47 32 2 1 8 18 37 34 31 10 7 49 38 11 14 5 43 40 28 25 27 23 16 22 33 36 4 24 20 48 12 45 21 9 3 42 6 39 0 
bonus: 41 26 46 19 30 44 35 13 17 15 29 47 32 2 49 38 11 14 5 43 40 28 25 27 23 16 22 33 36 4 24 20 48 12 45 21 9 3 42 6 39 
passengers: 48 49 40 22 23 17 34 43 56 10 

3103.58	7548	31710
tour: 0 41 26 25 35 22 33 36 4 24 23 16 30 44 13 17 15 29 47 32 2 1 8 18 37 34 31 10 7 46 19 9 3 48 12 45 21 20 40 28 38 11 14 5 43 49 27 42 6 39 0 
bonus: 41 26 25 35 22 33 36 4 24 23 16 30 44 13 17 15 29 47 32 2 1 8 18 37 34 31 10 7 46 19 9 3 48 12 45 21 20 40 28 38 11 14 5 43 49 27 42 6 39 
passengers: 57 40 6 32 30 9 54 37 38 

2454	6828	16243
tour: 0 41 38 11 14 5 43 40 28 25 24 23 16 30 44 35 22 33 36 4 26 46 19 9 3 48 12 45 21 20 13 17 15 29 47 32 2 1 8 18 37 34 31 10 7 49 27 42 6 39 0 
bonus: 41 38 11 14 5 43 40 23 33 36 4 26 46 19 9 3 48 12 45 21 7 49 27 42 6 39 
passengers: 34 43 56 49 60 53 46 47 

2200.83	6444	7452
tour: 0 41 26 7 46 19 9 43 28 25 35 22 33 36 38 11 14 5 3 48 12 16 30 44 13 17 15 29 47 32 2 1 8 18 45 21 20 40 37 34 31 10 4 24 23 49 27 42 6 39 0 
bonus: 41 26 46 15 29 24 23 49 27 42 6 39 
passengers: 18 27 59 36 13 61 40 44 53 52 10 11 

2431.33	6780	13216
tour: 0 41 26 7 46 16 35 22 33 36 38 11 14 5 43 40 28 25 30 44 19 9 3 48 12 45 21 20 13 17 15 29 47 32 2 1 8 18 37 34 31 10 4 24 23 49 27 42 6 39 0 
bonus: 41 26 7 46 16 35 22 33 36 38 48 12 45 21 18 37 34 31 10 39 
passengers: 17 18 43 49 24 60 46 47 10 

2415.75	7285	20769
tour: 0 41 26 7 46 19 9 43 40 28 25 35 22 33 36 27 47 32 16 30 44 13 17 15 29 4 24 23 49 38 11 14 5 3 48 12 45 21 20 2 1 8 18 37 34 31 10 42 6 39 0 
bonus: 41 26 7 46 19 9 43 40 28 25 35 22 33 36 15 29 4 24 23 49 38 11 14 5 3 48 12 37 34 31 10 42 6 39 
passengers: 27 57 43 45 44 65 13 53 46 47 

2255.33	7428	24034
tour: 0 41 26 7 46 19 9 43 40 28 25 30 44 13 17 15 29 47 32 16 35 22 33 36 38 11 14 5 3 48 12 45 21 20 2 1 8 18 37 34 31 10 4 24 23 49 27 42 6 39 0 
bonus: 41 26 7 46 19 9 43 40 28 25 30 44 17 29 47 32 16 48 12 45 21 20 2 1 8 18 37 34 31 10 4 24 23 49 27 42 6 39 
passengers: 24 27 45 42 43 13 8 53 46 10 11 

3055.25	8147	31312
tour: 0 41 4 26 7 46 19 9 43 40 37 34 31 10 21 20 2 1 8 18 45 22 33 36 38 28 25 30 44 13 17 15 29 47 32 16 35 11 14 5 3 48 12 24 23 49 27 42 6 39 0 
bonus: 41 4 26 7 46 19 9 43 40 37 34 31 10 21 20 2 1 8 18 45 22 33 36 38 28 25 30 44 17 15 29 47 32 16 35 11 14 5 3 48 12 24 23 49 27 42 6 39 
passengers: 49 28 32 50 20 21 57 45 42 43 

2138	7280	9023
tour: 0 41 26 7 28 38 14 11 47 32 16 35 25 30 44 13 23 49 27 36 5 19 9 3 48 12 24 4 17 46 43 40 10 21 20 2 1 8 18 45 22 33 15 29 37 34 31 42 6 39 0 
bonus: 41 26 7 28 38 14 32 27 36 18 45 22 39 
passengers: 17 18 37 43 66 13 49 8 28 46 47 

