Fo(cost)	Fo(time)	Fo(bonus)

3421	6915	28116
tour: 0 45 40 13 15 6 5 14 34 38 37 8 27 25 42 39 28 10 3 9 41 11 26 46 12 36 1 23 20 47 32 30 31 48 49 24 33 2 44 7 21 17 43 19 29 18 22 16 4 35 0 
bonus: 45 40 13 15 6 5 14 34 38 37 8 27 25 42 39 28 10 3 9 41 11 26 46 12 36 1 23 20 47 32 30 31 48 49 24 33 2 43 19 29 18 22 16 4 35 
passengers: 2 54 53 6 5 4 50 49 40 41 43 30 34 

3534.5	6485	20750
tour: 0 45 40 13 15 6 5 14 34 38 37 8 27 25 12 36 1 42 39 28 10 3 9 19 29 30 31 20 47 32 11 23 49 24 33 2 44 7 21 17 43 41 48 26 46 18 22 16 4 35 0 
bonus: 45 40 13 15 6 5 14 34 38 37 8 27 25 12 36 1 42 39 28 10 3 9 19 30 31 20 23 49 41 22 16 4 35 
passengers: 2 54 56 5 4 40 41 42 33 34 

3213.75	6053	12183
tour: 0 45 40 13 15 6 5 14 34 38 37 8 27 25 42 39 28 10 3 9 19 29 18 22 16 4 41 11 26 46 12 36 1 23 20 47 32 30 31 48 49 24 33 2 44 7 21 17 43 35 0 
bonus: 45 40 13 15 6 5 39 29 18 22 16 4 41 11 26 46 21 17 43 35 
passengers: 15 16 2 4 34 26 0 50 49 

3078.83	6761	25445
tour: 0 45 40 13 15 6 5 14 34 38 37 24 49 46 12 36 1 23 20 47 32 30 31 48 26 8 27 25 42 39 28 10 3 9 41 11 33 2 44 7 21 17 43 19 29 18 22 16 4 35 0 
bonus: 45 40 13 15 6 5 14 34 38 47 32 30 31 48 26 8 27 25 42 39 28 10 3 9 41 11 33 2 44 7 21 17 43 19 29 18 22 16 4 35 
passengers: 22 17 36 61 51 2 54 45 59 4 30 31 33 34 

2667.25	6239	16502
tour: 0 45 40 13 15 6 5 14 34 38 37 8 27 25 42 39 28 16 46 12 36 1 23 20 47 32 30 31 48 49 24 33 2 44 7 21 26 17 43 19 29 18 22 10 3 9 41 11 4 35 0 
bonus: 45 40 13 15 6 5 20 47 32 30 31 48 49 26 43 19 29 18 22 10 3 9 41 11 4 35 
passengers: 12 22 54 23 40 41 43 30 34 38 5 4 

3087.17	6107	14356
tour: 0 45 40 13 15 6 5 14 34 38 49 46 12 36 1 23 20 47 32 30 31 48 26 8 27 37 24 33 2 44 7 21 17 43 35 22 16 4 41 11 10 3 9 19 29 18 25 42 39 28 0 
bonus: 45 40 13 15 6 43 35 22 16 4 41 11 10 3 9 19 29 18 25 42 39 28 
passengers: 21 22 17 40 36 61 58 37 30 

2817.75	6096	12771
tour: 0 45 40 13 15 6 5 14 34 38 37 24 49 46 12 36 1 23 20 47 32 30 31 48 26 8 27 25 42 39 28 16 4 41 11 10 3 9 19 29 18 22 33 2 44 7 21 17 43 35 0 
bonus: 45 40 13 15 6 5 14 34 38 4 41 11 10 3 9 19 21 17 43 35 
passengers: 22 17 11 36 61 2 54 59 0 35 

2762.58	6391	17025
tour: 0 4 41 11 45 40 13 15 6 5 14 34 38 37 24 49 46 12 36 1 23 20 47 32 30 31 48 26 8 27 25 42 39 28 16 10 3 9 19 29 18 22 33 2 44 7 21 17 43 35 0 
bonus: 4 41 11 45 40 13 15 6 5 14 34 38 10 3 9 19 29 18 22 33 2 44 7 21 17 43 35 
passengers: 7 8 22 17 11 36 61 2 54 59 35 

2433.5	5843	6500
tour: 0 23 49 46 18 22 10 3 9 19 29 30 31 20 47 32 11 45 39 28 16 4 41 48 26 8 27 25 12 36 1 42 40 13 15 6 5 14 34 38 37 24 33 2 44 7 21 17 43 35 0 
bonus: 23 49 46 18 22 10 3 9 19 29 43 35 
passengers: 34 38 5 4 7 8 51 45 13 18 

3030.83	6653	21918
tour: 0 45 40 13 15 6 5 14 34 38 37 8 27 25 12 36 1 23 49 24 33 2 44 7 21 42 39 28 16 46 18 22 10 3 9 19 29 30 31 20 47 32 11 4 41 48 26 17 43 35 0 
bonus: 45 40 13 15 6 5 14 34 38 37 8 27 25 12 36 2 16 46 18 22 10 3 9 19 29 30 31 20 4 41 48 26 17 43 35 
passengers: 22 54 45 41 37 34 38 5 4 

3286.75	6600	19813
tour: 0 45 39 28 16 10 3 9 18 22 33 2 44 7 21 17 43 19 29 30 31 20 47 32 11 4 41 48 26 8 27 25 42 40 13 15 6 5 14 34 38 37 24 49 46 12 36 1 23 35 0 
bonus: 45 39 28 16 10 3 9 18 22 33 2 44 7 19 25 42 40 13 15 6 5 14 34 38 37 24 49 46 12 36 1 23 35 
passengers: 59 34 1 28 51 22 

3177.17	6399	18332
tour: 0 45 39 28 16 4 41 11 10 3 9 19 29 18 22 33 2 44 7 21 8 27 25 42 40 13 15 6 5 14 34 38 37 24 49 46 12 36 1 23 20 47 32 30 31 48 26 17 43 35 0 
bonus: 45 39 28 16 4 41 11 10 3 9 19 42 40 13 15 6 5 14 34 38 47 32 30 31 48 26 17 43 35 
passengers: 59 24 27 1 22 17 40 

2637	6642	21192
tour: 0 23 9 19 29 30 31 20 47 32 11 45 40 13 15 6 5 14 34 38 37 8 27 25 12 36 1 42 39 28 16 4 41 48 10 3 24 49 46 18 22 33 2 44 7 21 26 17 43 35 0 
bonus: 23 9 19 29 30 31 20 47 32 11 45 40 13 15 6 5 14 34 38 37 8 27 25 12 36 1 42 39 28 16 41 17 43 35 
passengers: 4 36 7 8 54 53 58 59 26 0 

2730	6462	16852
tour: 0 23 35 22 10 3 9 19 29 30 31 20 47 32 11 45 40 13 15 6 5 14 34 38 49 46 18 25 12 36 1 42 39 28 16 4 41 48 26 8 27 37 24 33 2 44 7 21 17 43 0 
bonus: 23 35 22 10 3 9 19 29 30 31 20 45 40 13 15 6 5 14 34 38 49 46 18 25 12 36 39 17 43 
passengers: 38 5 4 7 8 14 34 45 11 26 0 50 

3083.08	6590	17649
tour: 0 45 39 28 16 10 3 9 19 29 30 31 20 47 32 11 4 41 48 26 8 27 37 24 49 46 18 25 42 40 13 34 38 15 6 5 14 12 36 1 23 35 22 33 2 44 7 21 17 43 0 
bonus: 45 39 28 16 10 49 46 18 25 42 40 13 34 38 15 6 5 14 12 36 1 23 35 22 33 2 44 7 21 17 43 
passengers: 26 23 27 51 41 42 21 22 20 40 

2598.92	6465	16096
tour: 0 45 40 13 15 6 5 14 34 38 37 24 49 46 18 22 33 2 44 7 21 42 39 28 16 10 3 9 19 29 30 31 20 47 32 11 4 41 48 26 8 27 25 12 36 1 23 17 43 35 0 
bonus: 45 40 13 15 6 5 14 34 38 37 24 49 39 3 9 19 30 8 27 25 12 36 1 23 17 43 35 
passengers: 14 20 18 38 37 26 5 4 51 52 48 40 

2403.42	6318	14117
tour: 0 45 40 13 24 49 46 18 22 33 2 44 7 21 42 39 28 16 10 3 15 6 5 14 34 38 37 8 27 25 12 36 1 23 9 19 29 30 31 20 47 32 11 4 41 48 26 17 43 35 0 
bonus: 45 40 13 24 49 3 15 6 5 36 1 23 9 19 29 30 31 20 47 32 11 26 43 35 
passengers: 12 14 41 38 1 24 6 2 44 40 4 

2642.75	6155	9838
tour: 0 45 39 28 16 10 3 9 19 29 30 31 20 47 32 11 4 41 48 26 8 27 37 24 49 46 18 25 12 36 1 23 17 43 35 22 33 2 44 7 21 42 40 13 34 38 15 6 5 14 0 
bonus: 45 39 28 16 10 49 46 18 25 12 36 1 23 17 35 6 5 14 
passengers: 26 23 27 51 41 42 45 47 10 

2127.58	6448	14644
tour: 0 23 17 43 35 22 33 2 44 7 21 42 39 28 16 10 3 9 19 29 30 31 20 47 32 11 4 41 48 26 8 27 37 24 49 46 18 25 12 36 1 45 40 13 34 38 15 6 5 14 0 
bonus: 23 17 43 35 22 33 2 44 7 21 3 9 19 30 8 27 37 24 49 34 38 15 6 5 14 
passengers: 40 29 38 37 26 5 4 7 51 50 41 10 9 

2521.08	6782	21287
tour: 0 23 9 19 29 30 21 42 39 28 16 10 3 31 20 47 32 11 4 41 48 26 17 43 35 22 33 2 44 7 8 27 37 24 49 46 18 25 12 36 1 45 40 13 34 38 15 6 5 14 0 
bonus: 23 9 19 29 30 21 42 39 28 16 10 3 31 20 47 32 11 4 41 48 26 17 35 12 36 1 45 40 13 34 38 15 6 5 14 
passengers: 3 26 5 36 0 51 1 41 42 10 9 

2267.92	6562	15493
tour: 0 23 42 39 28 6 5 14 34 38 15 22 33 2 44 7 21 45 40 13 8 27 37 24 49 46 18 25 12 36 1 16 10 3 9 19 29 30 31 20 47 32 11 4 41 48 26 17 43 35 0 
bonus: 23 42 39 28 6 5 14 34 38 15 22 33 2 44 7 21 45 40 13 8 27 37 24 17 43 35 
passengers: 39 59 18 19 1 12 14 2 34 26 4 

2348.17	6573	17154
tour: 0 23 9 19 29 4 41 48 26 17 30 31 20 47 32 11 45 39 28 6 5 14 34 38 15 22 33 2 44 7 21 42 40 13 8 27 37 24 49 46 18 25 12 36 1 16 10 3 43 35 0 
bonus: 23 9 19 29 4 41 45 39 28 6 5 14 34 38 15 22 33 8 27 37 24 49 46 16 10 3 43 35 
passengers: 40 4 32 29 7 8 59 18 1 12 14 41 11 

2304.25	6360	14241
tour: 0 23 9 19 32 11 4 41 48 26 17 30 31 20 47 6 5 14 34 38 15 25 29 18 22 33 2 44 7 21 42 40 13 8 27 37 24 49 46 12 36 1 45 39 28 16 10 3 43 35 0 
bonus: 23 9 19 32 11 4 41 48 26 17 30 31 20 47 6 13 27 37 24 10 3 43 35 
passengers: 40 4 8 51 32 36 18 45 12 54 53 

2599.5	6249	10355
tour: 0 23 9 19 29 4 41 48 26 17 30 31 20 47 32 11 45 40 13 34 38 15 22 33 2 44 7 8 27 37 24 49 46 18 25 21 42 39 28 6 5 14 12 36 1 16 10 3 43 35 0 
bonus: 23 9 19 29 41 25 21 39 6 5 14 12 36 1 16 10 3 43 35 
passengers: 40 4 0 32 36 7 14 1 54 53 45 11 

2549.5	7088	26161
tour: 0 23 9 19 32 11 4 41 48 26 17 30 31 20 47 6 5 14 12 36 1 45 40 13 34 38 15 25 29 18 22 33 2 44 7 8 27 37 24 49 46 21 42 39 28 16 10 3 43 35 0 
bonus: 23 9 19 32 11 4 41 48 26 17 30 31 20 47 6 5 34 38 15 25 29 18 22 33 2 44 7 8 27 37 24 49 46 21 42 39 28 16 10 3 43 35 
passengers: 40 4 7 8 32 10 14 20 45 1 54 53 

2202.25	6833	20412
tour: 0 23 9 19 29 4 41 48 26 17 30 47 32 11 45 39 28 6 5 14 34 38 15 22 33 2 44 7 21 42 40 13 8 27 37 24 49 46 18 25 12 36 1 16 10 3 31 20 43 35 0 
bonus: 23 9 19 29 4 41 48 26 17 30 45 39 28 6 5 14 34 38 15 22 33 8 27 37 24 49 46 16 10 3 31 20 43 35 
passengers: 40 4 32 29 7 8 59 18 1 12 14 41 44 11 

2519.33	6516	15060
tour: 0 23 9 19 32 11 4 41 48 26 17 30 31 20 47 6 5 14 34 38 37 8 27 12 36 1 45 40 13 24 49 46 15 25 29 18 22 33 2 44 7 21 42 39 28 16 10 3 43 35 0 
bonus: 23 9 19 32 11 4 41 48 26 17 30 31 20 47 18 22 33 2 44 7 21 39 3 43 35 
passengers: 40 4 8 49 28 56 55 41 38 

2546.75	6718	18652
tour: 0 23 9 19 6 5 14 34 38 15 22 33 2 44 7 21 42 39 37 8 27 12 36 1 45 40 13 24 49 46 18 25 29 30 28 16 10 3 31 20 47 32 11 4 41 48 26 17 43 35 0 
bonus: 23 9 19 6 5 22 21 42 39 37 8 27 12 36 1 13 16 10 3 31 20 47 32 11 4 41 48 26 17 43 35 
passengers: 39 35 18 19 1 54 56 57 26 5 

2069.58	6371	11458
tour: 0 23 9 19 29 4 41 48 26 17 30 28 6 5 14 34 38 15 22 33 2 44 7 8 27 12 36 1 16 10 3 31 20 47 32 11 45 39 37 24 49 46 18 25 21 42 40 13 43 35 0 
bonus: 3 31 20 47 32 11 45 39 37 24 49 46 18 25 21 42 40 13 43 35 
passengers: 40 39 0 28 20 38 1 11 24 23 5 7 41 45 46 

2631	6215	8917
tour: 0 23 9 19 25 29 4 41 48 26 17 30 28 6 5 14 34 38 15 22 33 2 44 7 21 42 40 13 24 49 46 18 31 20 47 32 11 45 39 37 8 27 12 36 1 16 10 3 43 35 0 
bonus: 23 9 19 25 4 13 27 12 36 1 16 10 3 43 35 
passengers: 40 45 47 32 59 1 14 41 36 11 

2313.42	6699	16780
tour: 0 23 32 11 19 25 29 4 15 22 33 2 44 7 21 42 39 28 16 10 3 9 41 48 26 17 30 47 6 5 14 34 38 37 8 27 12 36 1 45 40 13 24 49 46 18 31 20 43 35 0 
bonus: 23 32 11 19 25 29 4 15 22 33 2 21 42 39 28 16 10 3 9 41 26 49 46 18 31 20 43 35 
passengers: 39 35 45 19 37 26 27 50 49 14 41 42 

2135.67	6147	5805
tour: 0 23 9 41 48 26 17 30 47 32 11 19 29 4 15 22 33 2 44 7 8 27 12 36 1 45 40 13 24 49 46 18 25 21 42 6 5 14 34 38 37 39 28 16 10 3 31 20 43 35 0 
bonus: 23 9 41 48 26 17 18 39 43 35 
passengers: 40 39 4 28 7 20 1 9 14 41 45 44 17 

2160.75	6825	18650
tour: 0 23 17 30 47 32 48 26 6 5 14 34 38 37 8 27 12 36 1 45 40 13 2 44 7 21 42 39 28 16 10 3 9 41 11 19 25 29 4 15 22 33 24 49 46 18 31 20 43 35 0 
bonus: 23 17 30 47 32 48 26 6 5 16 10 3 9 41 11 19 25 29 4 15 22 33 24 49 46 18 31 20 43 35 
passengers: 40 28 32 52 54 53 11 24 23 25 47 44 41 42 

2033	7052	22528
tour: 0 23 32 48 26 17 30 47 6 5 14 34 38 37 8 27 12 36 1 45 40 13 2 44 7 21 42 39 28 16 10 3 9 41 11 19 25 29 4 15 22 33 24 49 46 18 31 20 43 35 0 
bonus: 23 32 48 26 17 30 47 6 5 14 34 38 37 8 1 16 10 3 9 41 11 19 25 29 4 15 22 33 24 49 46 18 31 20 43 35 
passengers: 40 52 28 32 61 54 53 11 24 23 25 47 44 41 42 

3726.42	7520	29390
tour: 0 23 9 19 29 4 41 11 45 39 37 24 49 46 18 31 20 47 32 48 26 17 30 28 6 5 14 34 38 15 22 33 25 21 42 40 13 2 44 7 8 27 12 36 1 16 10 3 43 35 0 
bonus: 23 9 19 29 4 41 11 45 39 37 24 49 46 18 31 20 47 32 48 26 17 30 28 6 5 14 34 38 15 22 25 21 42 40 13 2 44 7 8 27 12 36 1 16 10 3 43 35 
passengers: 4 41 42 51 32 29 18 19 45 12 1 11 

3466.5	7617	29874
tour: 0 23 9 41 11 19 32 48 26 17 30 21 45 40 13 2 44 7 8 27 12 36 1 42 25 29 4 15 22 33 24 49 46 18 31 20 47 6 5 14 34 38 37 39 28 16 10 3 43 35 0 
bonus: 23 9 41 11 19 32 48 26 17 30 21 45 40 13 2 44 7 8 27 12 36 1 42 25 29 4 15 22 33 24 49 46 18 31 20 47 6 5 14 34 38 37 39 28 16 10 3 43 35 
passengers: 40 4 7 52 28 1 56 55 58 20 41 42 

2515.75	7359	25034
tour: 0 23 9 41 11 19 32 48 26 17 30 47 6 5 14 34 38 37 39 28 16 10 3 21 45 40 13 2 44 7 8 27 12 36 1 42 25 29 4 15 22 33 24 49 46 18 31 20 43 35 0 
bonus: 23 9 41 11 19 32 48 26 17 30 47 6 5 14 34 38 37 39 28 16 10 3 21 45 40 13 2 44 7 29 4 15 22 33 24 49 46 18 31 20 43 35 
passengers: 40 4 8 32 29 18 59 24 1 56 55 47 20 41 42 

3168.58	7591	27161
tour: 0 28 16 10 3 9 19 29 4 41 11 26 17 30 47 42 25 21 45 40 13 2 44 7 8 27 12 36 1 23 32 48 6 5 14 34 38 15 22 33 39 37 24 49 46 18 31 20 43 35 0 
bonus: 28 16 10 3 9 19 29 4 41 11 26 30 21 45 40 13 2 44 7 8 27 12 36 1 23 32 48 6 5 14 34 38 15 22 33 39 37 24 49 46 18 31 20 43 35 
passengers: 26 24 25 51 45 46 1 10 9 39 20 41 42 

2065.33	6344	4686
tour: 0 28 16 46 18 31 42 25 10 3 21 45 40 13 2 44 7 8 27 12 36 1 23 9 19 29 4 41 11 26 17 30 47 32 48 6 5 14 34 38 15 22 33 39 37 24 49 20 43 35 0 
bonus: 28 16 46 10 30 47 32 43 35 
passengers: 24 27 25 45 46 37 13 56 4 8 50 32 17 20 

2496.92	7748	27293
tour: 0 28 16 10 3 21 45 40 13 39 37 24 42 25 36 1 23 9 41 11 19 29 4 15 22 33 2 44 7 8 27 12 26 17 30 47 32 48 6 5 14 34 38 49 46 18 31 20 43 35 0 
bonus: 28 16 10 3 21 45 40 13 39 37 24 42 25 36 1 23 9 29 4 15 22 33 2 44 7 8 27 12 26 17 30 47 32 48 6 5 14 34 38 49 46 18 31 20 43 35 
passengers: 24 23 25 43 47 39 35 20 1 57 9 32 17 

2495.25	8036	25642
tour: 0 28 32 11 38 15 22 33 36 25 10 3 39 37 23 9 18 31 1 16 46 21 45 40 13 2 44 19 29 4 41 7 8 27 12 26 17 30 47 42 48 6 5 14 34 24 49 20 43 35 0 
bonus: 28 32 11 38 15 22 33 36 25 10 3 39 37 23 9 18 31 1 16 46 21 45 40 13 2 19 41 12 26 17 30 47 42 48 6 5 14 34 24 49 20 43 35 
passengers: 22 20 38 45 34 27 13 0 1 57 9 32 17 

3064.33	8499	29874
tour: 0 28 6 29 4 15 22 33 36 25 10 3 39 37 23 32 11 38 49 9 19 44 45 40 13 2 14 34 24 8 27 12 26 17 30 47 1 16 46 18 31 20 43 5 41 7 21 42 48 35 0 
bonus: 28 6 29 4 15 22 33 36 25 10 3 39 37 23 32 11 38 49 9 19 44 45 40 13 2 14 34 24 8 27 12 26 17 30 47 1 16 46 18 31 20 43 5 41 7 21 42 48 35 
passengers: 22 20 38 5 7 8 13 41 57 32 

2910.42	8391	27295
tour: 0 28 6 29 4 15 22 33 36 25 10 3 39 37 23 32 11 38 49 9 19 44 18 31 20 43 5 41 7 8 27 12 26 17 30 47 1 16 46 21 45 40 13 2 14 34 24 42 48 35 0 
bonus: 28 6 29 4 15 22 33 36 25 10 3 39 37 23 32 11 38 49 9 19 44 18 31 20 43 5 41 8 27 12 26 17 30 47 1 16 46 21 45 34 24 42 48 35 
passengers: 22 20 38 5 35 36 1 57 11 9 23 

2895.75	8581	29874
tour: 0 28 6 29 4 15 7 21 42 48 35 22 33 36 25 10 3 39 37 23 32 11 38 49 9 19 44 45 40 13 2 14 34 24 8 27 12 26 17 30 47 1 16 46 18 31 20 43 5 41 0 
bonus: 28 6 29 4 15 7 21 42 48 35 22 33 36 25 10 3 39 37 23 32 11 38 49 9 19 44 45 40 13 2 14 34 24 8 27 12 26 17 30 47 1 16 46 18 31 20 43 5 41 
passengers: 59 0 19 38 5 7 8 13 41 57 32 

2275.58	8434	27377
tour: 0 28 6 29 4 15 7 8 27 12 26 17 30 47 18 31 1 16 46 21 42 25 10 3 39 37 23 32 11 38 48 35 22 33 36 9 19 44 45 40 13 2 14 34 24 49 20 43 5 41 0 
bonus: 28 6 29 4 15 7 8 27 12 26 17 30 47 18 31 1 16 10 3 39 37 23 32 11 38 48 35 22 33 36 9 19 44 45 40 13 2 34 24 49 20 43 5 41 
passengers: 59 60 0 1 57 11 51 24 25 47 5 7 8 17 

2771.75	9520	29874
tour: 0 28 6 2 14 46 45 40 35 22 44 19 29 4 15 7 8 1 16 21 42 48 18 31 27 12 33 25 10 3 39 37 23 17 30 47 36 9 26 13 32 38 11 34 24 49 20 43 5 41 0 
bonus: 28 6 2 14 46 45 40 35 22 44 19 29 4 15 7 8 1 16 21 42 48 18 31 27 12 33 25 10 3 39 37 23 17 30 47 36 9 26 13 32 38 11 34 24 49 20 43 5 41 
passengers: 15 16 35 60 0 1 24 27 25 57 40 32 4 50 49 

