Fo(cost)	Fo(time)	Fo(bonus)

2522	6155	17636
tour: 0 15 26 10 47 18 21 30 13 20 25 48 32 29 8 34 6 39 42 2 43 35 38 1 28 7 24 9 36 40 11 33 16 23 5 37 14 41 31 3 19 4 22 46 44 49 27 12 45 17 0 
bonus: 15 26 10 47 18 21 30 13 20 25 48 32 29 8 34 6 39 42 2 1 14 41 31 3 19 46 17 
passengers: 105 106 110 48 47 37 38 96 76 6 89 87 20 26 27 

5520	6200	18582
tour: 0 42 2 43 35 38 1 28 7 24 49 27 12 45 17 9 36 40 11 33 16 23 5 37 14 41 31 3 19 4 22 46 44 15 26 10 47 30 13 20 25 48 32 29 8 34 6 39 18 21 0 
bonus: 42 2 43 40 11 33 16 23 5 37 14 41 31 3 19 4 22 46 44 15 26 10 47 30 39 18 21 
passengers: 0 3 4 1 95 74 75 6 19 26 27 30 29 103 102 

4026.27	6976	31017
tour: 0 11 33 16 23 5 37 8 34 6 39 42 2 43 35 38 10 47 18 21 30 13 20 25 48 32 29 27 12 44 3 19 4 22 46 31 15 26 49 40 14 41 1 28 7 24 9 36 45 17 0 
bonus: 11 33 16 23 5 37 8 34 6 39 42 2 43 35 38 10 47 18 21 30 13 20 25 48 32 29 27 12 44 3 19 4 22 46 31 15 26 49 40 14 41 1 28 7 24 9 36 45 17 
passengers: 2 32 35 70 73 54 48 53 65 98 20 26 27 23 31 116 117 118 86 

2407.78	5917	11993
tour: 0 15 26 10 47 30 13 20 25 48 32 29 8 34 6 39 42 45 17 9 36 40 11 33 16 23 5 7 24 37 14 41 31 3 19 4 22 2 43 35 38 1 28 46 44 49 27 12 18 21 0 
bonus: 15 26 10 47 30 13 20 25 48 32 29 8 34 44 49 27 12 18 21 
passengers: 107 105 106 109 110 50 51 64 63 69 68 89 44 45 20 24 26 12 16 11 96 

2275.13	6284	17419
tour: 0 15 26 10 47 18 21 30 13 20 25 48 32 29 8 34 6 39 42 2 43 35 38 46 31 3 19 4 22 27 12 44 49 40 11 33 16 23 5 37 14 41 1 28 7 24 9 36 45 17 0 
bonus: 15 26 10 47 18 21 30 13 20 25 48 32 29 8 34 6 39 42 2 43 35 28 7 24 9 36 45 17 
passengers: 105 106 48 52 49 47 40 96 76 101 20 116 117 87 34 71 

3539.67	5911	11587
tour: 0 42 45 17 9 36 46 31 3 19 4 22 2 43 35 38 40 11 33 16 23 5 37 14 41 1 28 7 24 49 27 12 44 15 26 10 47 30 13 20 25 48 32 29 8 34 6 39 18 21 0 
bonus: 42 45 17 9 36 46 31 3 19 4 22 2 15 26 10 30 18 21 
passengers: 0 1 99 100 62 101 24 31 12 11 13 96 35 115 105 106 

2551.42	6516	22604
tour: 0 15 26 10 47 18 21 30 13 20 25 48 32 29 8 34 6 39 42 2 43 35 38 40 11 33 16 23 5 7 24 37 14 41 1 28 46 31 49 27 12 44 3 19 4 22 9 36 45 17 0 
bonus: 15 26 10 47 18 21 30 13 20 25 48 32 29 8 34 6 39 42 2 40 14 41 1 28 46 31 49 27 12 44 3 19 4 36 45 17 
passengers: 105 106 112 48 47 39 38 96 76 71 72 98 26 27 

2143.48	5574	4470
tour: 0 41 1 23 5 37 14 40 11 33 16 28 7 24 49 27 12 44 15 26 10 47 18 21 30 13 20 25 48 32 29 8 34 6 39 42 2 43 35 38 46 31 3 19 4 22 9 36 45 17 0 
bonus: 41 1 23 5 37 43 17 
passengers: 2 6 7 35 73 93 91 115 97 110 50 48 83 16 74 75 26 

2514.17	6513	21972
tour: 0 15 26 10 47 18 21 30 13 20 25 48 32 29 8 34 33 16 23 5 6 39 42 2 43 35 38 40 11 7 24 37 14 41 1 28 46 31 49 27 12 44 3 19 4 22 9 36 45 17 0 
bonus: 15 26 10 47 18 21 30 13 20 25 48 32 29 8 34 33 16 23 5 14 41 1 28 46 31 49 27 12 44 3 19 4 36 45 17 
passengers: 105 106 66 112 48 47 39 38 96 76 71 72 98 26 27 

2394.48	6481	21879
tour: 0 15 26 10 47 18 21 30 13 20 25 48 32 29 8 34 6 39 42 2 43 35 38 40 11 33 16 28 7 24 37 14 41 1 23 5 46 31 49 27 12 44 3 19 4 22 9 36 45 17 0 
bonus: 15 26 10 47 18 21 30 13 20 25 48 32 29 8 34 6 39 42 2 43 35 40 14 41 1 23 5 46 31 49 27 12 36 45 17 
passengers: 105 106 112 48 47 39 38 96 76 71 72 34 33 98 26 

2210.03	6864	27866
tour: 0 15 26 10 47 18 21 30 13 20 25 48 32 29 8 34 6 39 42 2 43 35 38 1 28 7 24 37 14 41 22 46 31 49 27 12 44 3 19 4 9 36 40 11 33 16 23 5 45 17 0 
bonus: 15 26 10 47 18 21 30 13 20 25 48 32 29 8 34 6 39 42 2 43 35 38 1 28 7 24 31 49 27 12 44 3 19 4 9 36 40 11 33 16 23 5 45 17 
passengers: 105 106 112 48 52 47 39 96 76 8 71 72 101 116 98 28 86 87 

2305.07	5865	9288
tour: 0 15 26 10 47 18 21 30 13 20 25 48 8 34 6 39 42 2 43 35 38 40 14 41 1 23 5 11 33 16 28 7 24 37 32 29 27 12 44 49 22 46 31 3 19 4 9 36 45 17 0 
bonus: 15 26 10 47 18 21 30 13 20 25 48 8 36 45 17 
passengers: 105 106 112 48 47 38 40 96 76 89 33 71 72 98 26 27 

2591.58	6447	18971
tour: 0 15 26 10 47 18 21 30 13 29 8 34 6 48 20 25 11 33 16 23 5 7 24 37 39 42 2 43 35 38 40 14 41 1 28 32 44 49 27 12 22 46 31 3 19 4 9 36 45 17 0 
bonus: 15 26 10 47 18 21 30 13 29 8 34 6 48 20 25 11 33 35 38 40 14 41 1 31 3 19 4 9 36 45 17 
passengers: 105 106 66 48 47 39 38 42 80 81 96 88 89 98 26 27 

2443.17	6192	14954
tour: 0 15 26 10 47 18 21 30 13 20 25 48 32 29 8 34 6 39 42 2 43 35 38 1 23 5 40 11 33 16 28 7 24 37 14 41 22 46 31 49 27 12 44 3 19 4 9 36 45 17 0 
bonus: 15 26 10 47 18 21 30 13 20 25 48 32 31 49 27 12 44 3 19 4 9 36 45 17 
passengers: 105 106 112 48 47 39 38 96 76 6 88 71 72 98 26 27 

3136.47	6391	18540
tour: 0 41 1 28 7 24 37 14 44 15 26 49 27 12 22 46 31 3 19 4 9 10 47 18 21 30 13 20 25 48 32 29 8 34 6 39 42 2 43 35 38 40 11 33 16 23 5 36 45 17 0 
bonus: 41 1 28 7 24 37 14 44 15 26 49 27 12 22 46 31 3 19 4 9 39 42 2 43 35 38 40 45 17 
passengers: 2 98 103 102 19 26 27 30 29 110 37 36 40 79 74 86 

4719.5	5845	8395
tour: 0 41 1 28 7 24 37 39 42 2 43 35 38 40 14 10 47 18 21 30 13 29 8 34 6 48 20 25 11 33 16 23 5 32 44 15 26 49 27 12 22 46 31 3 19 4 9 36 45 17 0 
bonus: 41 40 20 25 11 31 3 19 4 9 36 45 17 
passengers: 3 4 2 9 10 70 18 11 91 92 90 105 52 49 33 98 26 27 

2361.73	6052	11369
tour: 0 15 26 10 47 18 21 30 13 20 25 48 29 8 34 6 39 42 2 43 35 38 40 14 41 1 23 5 11 33 16 28 7 24 37 32 44 49 27 12 22 46 31 3 19 4 9 36 45 17 0 
bonus: 15 26 10 47 18 21 30 13 20 25 48 29 8 34 6 39 36 45 17 
passengers: 105 106 48 47 38 40 80 96 76 89 33 71 72 98 26 27 

3574.33	6076	12034
tour: 0 15 26 43 35 38 10 47 18 21 30 13 20 25 11 33 16 23 5 40 14 41 1 28 7 24 37 39 42 2 8 34 6 48 32 29 27 12 44 49 22 46 31 3 19 4 9 36 45 17 0 
bonus: 15 26 43 35 42 2 8 34 6 48 32 29 27 12 44 49 22 46 31 17 
passengers: 3 4 96 78 66 32 91 9 10 85 12 16 50 110 98 26 27 

2144.02	5980	10160
tour: 0 15 26 10 47 30 29 8 34 6 48 32 44 49 27 12 22 46 31 3 19 13 20 25 11 33 16 23 5 42 2 43 35 38 40 14 41 1 28 7 24 37 39 18 21 4 9 36 45 17 0 
bonus: 15 26 10 47 30 29 8 34 6 40 14 41 1 28 7 17 
passengers: 105 106 52 49 108 98 97 113 101 24 66 33 95 14 11 96 78 5 41 

2115.18	6366	16849
tour: 0 15 26 10 47 30 29 8 34 6 48 32 42 2 43 35 38 46 31 49 27 12 44 3 19 13 20 25 11 33 16 23 5 40 14 41 1 28 7 24 37 39 18 21 4 22 9 36 45 17 0 
bonus: 15 26 10 47 30 29 8 34 6 48 32 42 2 43 28 7 24 37 39 18 21 4 22 9 36 45 17 
passengers: 105 106 48 52 49 47 40 96 101 116 117 98 28 33 87 5 41 71 

2100.43	6312	16142
tour: 0 15 26 10 47 18 21 30 29 8 34 6 48 32 44 49 27 12 22 46 31 3 19 13 20 25 11 33 16 23 5 40 14 41 1 28 7 24 37 39 42 2 43 35 38 4 9 36 45 17 0 
bonus: 15 26 10 47 18 21 30 29 8 34 6 1 28 7 24 37 39 42 2 43 35 38 4 9 17 
passengers: 105 106 52 49 108 98 116 117 101 28 66 33 87 9 10 5 83 14 11 74 75 

2531.7	7044	30133
tour: 0 15 26 13 20 25 11 33 16 23 5 40 14 41 1 28 7 24 37 39 42 2 43 35 38 10 47 18 21 30 29 8 34 6 48 32 44 49 27 12 22 46 31 3 19 4 9 36 45 17 0 
bonus: 15 26 13 20 25 11 33 16 23 5 40 14 41 1 28 7 24 37 39 42 2 43 35 38 10 47 18 21 30 29 8 34 6 48 32 44 49 27 12 22 46 31 3 19 4 36 17 
passengers: 66 9 10 5 46 41 83 84 12 18 11 105 106 50 52 49 110 98 26 27 

2209.6	6267	16099
tour: 0 41 1 28 7 24 37 32 44 15 26 49 27 12 22 46 31 3 19 13 42 2 43 35 38 40 14 10 47 30 29 8 34 48 20 25 11 33 16 23 5 6 39 18 21 4 9 36 45 17 0 
bonus: 41 1 28 7 24 37 32 44 15 26 49 27 12 2 43 35 20 25 11 18 21 4 9 17 
passengers: 2 10 73 98 97 116 19 18 11 17 78 91 105 50 110 34 33 

2422.08	6441	18547
tour: 0 15 26 10 47 30 29 8 34 6 48 20 25 11 33 16 23 5 32 44 49 27 12 22 46 31 3 19 13 42 2 43 35 38 40 14 41 1 28 7 24 37 39 18 21 4 9 36 45 17 0 
bonus: 15 26 10 47 30 29 8 34 6 48 20 25 11 33 16 23 5 32 44 49 27 12 22 46 31 3 19 2 17 
passengers: 105 106 49 35 98 97 116 113 24 65 14 11 96 78 87 5 

1922.22	5780	6548
tour: 0 15 26 49 27 12 44 3 19 13 20 25 11 33 16 23 5 40 14 41 1 28 7 24 37 39 30 29 8 34 6 48 32 17 4 22 9 45 36 46 31 42 2 43 35 38 10 47 18 21 0 
bonus: 15 26 49 27 12 44 1 7 18 21 
passengers: 116 117 118 98 28 23 32 87 10 5 41 82 50 54 11 17 

2309.35	6140	11822
tour: 0 15 26 49 27 12 22 46 31 42 2 43 35 38 40 14 41 1 28 7 24 37 39 30 29 8 34 6 48 32 44 3 19 13 20 25 11 33 16 23 5 36 45 17 4 9 10 47 18 21 0 
bonus: 15 26 49 27 30 29 8 34 6 48 32 44 3 19 9 10 47 18 21 
passengers: 3 116 115 113 117 78 76 91 5 70 85 50 49 37 110 98 28 26 34 99 100 

2155.93	5894	7021
tour: 0 15 26 10 47 30 29 8 34 6 48 32 42 2 43 35 38 46 31 3 19 13 20 25 11 33 16 23 5 40 14 41 1 28 7 24 37 39 18 21 4 9 44 49 27 12 22 36 45 17 0 
bonus: 15 26 10 47 30 29 8 34 6 48 2 17 
passengers: 105 106 48 52 47 40 108 96 78 101 28 66 33 87 5 41 85 56 57 

2190.73	6540	20374
tour: 0 15 26 13 20 25 11 33 16 23 5 40 14 41 1 28 7 24 37 39 42 2 43 35 38 46 31 3 19 4 9 10 47 18 21 30 29 8 34 6 48 32 44 49 27 12 22 36 45 17 0 
bonus: 15 26 13 20 25 11 33 16 23 5 40 14 41 1 28 7 24 37 39 42 2 43 35 46 49 27 12 22 36 45 17 
passengers: 66 89 9 10 5 46 83 12 16 18 103 102 19 37 36 109 110 

1695.45	6062	8824
tour: 0 15 26 49 27 12 22 48 23 5 40 14 41 1 28 7 24 37 32 44 3 19 13 20 25 11 33 16 2 43 35 38 46 31 42 21 4 9 10 47 30 29 8 34 6 39 18 36 45 17 0 
bonus: 15 26 49 27 12 22 48 23 5 40 14 41 1 28 17 
passengers: 116 117 118 111 112 10 73 72 98 97 24 65 16 14 103 30 29 105 50 37 36 

2079.57	6674	18178
tour: 0 41 1 6 39 30 47 18 21 4 3 19 13 20 25 11 33 16 28 7 24 37 32 29 8 34 45 36 9 10 26 49 27 12 22 2 43 35 38 46 31 42 48 23 5 40 14 44 15 17 0 
bonus: 41 1 6 39 30 47 32 29 8 34 45 36 9 10 26 49 27 12 22 2 43 35 38 46 31 42 14 44 15 17 
passengers: 5 38 104 31 70 71 72 50 48 52 62 56 57 116 113 12 101 

1940.5	6291	10554
tour: 0 15 17 4 3 19 13 28 7 24 37 32 44 49 27 12 22 48 20 25 11 33 39 30 29 8 34 45 36 46 9 10 26 43 35 38 31 42 2 16 23 5 40 14 41 1 6 47 18 21 0 
bonus: 15 17 4 19 32 44 10 43 35 38 31 42 2 40 18 21 
passengers: 2 31 19 20 70 72 115 114 109 83 84 50 101 103 62 96 95 17 90 

1797.83	6447	10515
tour: 0 15 26 43 16 2 17 4 3 19 13 20 25 11 46 9 44 49 27 12 22 36 45 10 42 48 23 35 38 31 5 40 14 41 1 6 47 30 28 7 24 37 32 29 8 34 33 39 18 21 0 
bonus: 15 26 43 16 2 17 4 3 19 13 20 25 11 18 21 
passengers: 12 16 14 15 13 101 56 116 113 117 95 78 32 90 5 39 105 70 

1843.23	6734	15670
tour: 0 15 26 43 16 2 17 4 3 19 13 20 25 48 23 35 38 31 42 11 46 9 44 49 27 12 22 36 45 10 5 40 14 41 1 6 47 30 28 7 24 37 32 29 8 34 33 39 18 21 0 
bonus: 15 26 43 16 2 17 4 3 49 27 12 22 36 45 10 5 40 1 34 33 39 18 21 
passengers: 12 16 18 15 13 110 101 103 116 117 67 32 90 5 39 38 105 70 

1998.72	6910	18452
tour: 0 15 26 43 16 2 17 4 3 19 13 28 7 24 49 27 12 22 36 9 45 10 42 48 20 25 11 46 37 32 44 23 35 38 31 5 40 14 41 1 6 47 30 29 8 34 33 39 18 21 0 
bonus: 15 26 43 16 2 17 20 25 11 46 37 32 44 23 35 38 31 5 40 14 41 1 34 33 39 18 21 
passengers: 14 18 31 19 20 46 55 111 112 101 103 102 70 78 32 105 106 

2019.58	6724	11784
tour: 0 15 26 31 42 48 20 25 11 46 9 44 49 27 12 22 36 45 10 5 40 14 41 23 35 38 43 16 2 17 4 3 19 13 28 7 24 37 32 29 8 34 33 39 30 1 6 47 18 21 0 
bonus: 15 26 31 42 48 25 45 10 5 40 14 41 23 43 16 6 47 18 21 
passengers: 109 110 101 56 57 116 113 35 78 76 77 96 41 70 54 

1918.08	7450	17786
tour: 0 41 1 6 47 30 29 8 34 33 39 37 32 7 24 49 27 12 18 36 46 9 45 10 42 11 15 26 31 5 40 14 38 43 16 2 17 4 3 19 13 28 22 48 20 25 44 23 35 21 0 
bonus: 41 1 6 47 30 11 15 26 31 5 40 14 38 43 16 2 17 4 3 19 13 28 22 48 20 25 44 23 35 21 
passengers: 5 39 38 36 105 50 82 71 72 101 35 91 12 18 13 

1814.68	7446	12852
tour: 0 41 1 6 47 4 3 19 13 28 7 24 49 27 8 34 33 39 30 18 36 20 25 37 32 44 12 22 11 15 26 43 35 21 23 46 9 45 10 5 40 14 38 31 42 48 29 16 2 17 0 
bonus: 41 1 6 47 4 3 19 13 28 7 24 49 27 8 34 33 30 45 40 17 
passengers: 105 106 104 31 20 41 115 114 48 49 85 71 72 101 62 55 91 92 

1951.32	7930	22277
tour: 0 41 1 6 47 30 29 8 34 33 39 37 7 24 49 27 4 3 19 13 28 22 48 32 40 14 38 31 42 11 15 26 43 35 21 12 18 36 20 25 44 23 46 9 45 10 5 16 2 17 0 
bonus: 41 1 6 47 30 29 8 34 33 39 37 7 24 49 27 14 38 31 42 11 15 26 20 25 44 23 46 9 45 10 5 16 2 17 
passengers: 5 39 38 105 106 73 42 116 113 19 110 74 75 97 101 62 61 

1828.17	8231	16444
tour: 0 15 26 43 35 21 12 18 25 11 19 13 28 7 47 30 1 6 32 3 4 41 49 27 8 22 36 20 24 34 33 39 37 44 23 46 9 45 10 5 40 14 38 31 42 48 29 16 2 17 0 
bonus: 15 26 43 35 21 12 18 25 11 19 13 28 7 47 30 1 6 22 36 20 24 34 33 39 37 17 
passengers: 96 65 44 105 106 8 115 114 50 52 49 85 79 101 62 55 91 92 

3047.1	9244	30763
tour: 0 15 26 43 35 21 12 22 11 19 24 49 27 8 34 33 39 37 44 23 46 9 45 10 5 16 13 28 7 47 30 18 36 20 25 29 6 32 3 4 41 1 40 14 38 31 42 48 2 17 0 
bonus: 15 26 43 35 21 12 22 11 19 24 49 27 8 34 33 39 37 44 23 46 9 45 10 5 16 13 28 7 47 30 18 36 20 25 29 6 32 3 4 41 1 40 14 38 31 42 2 17 
passengers: 115 114 50 52 49 85 71 101 35 67 40 19 24 26 27 9 10 

2123.32	9000	22468
tour: 0 15 26 43 9 45 10 5 1 40 14 38 31 42 11 46 16 13 28 7 47 30 29 6 32 3 4 41 23 35 21 12 18 36 20 25 37 44 34 33 39 19 24 49 27 8 22 48 2 17 0 
bonus: 15 26 43 9 45 10 5 1 40 14 38 31 42 11 46 16 13 28 7 30 20 25 37 44 34 33 39 19 24 49 27 8 17 
passengers: 96 60 35 9 10 6 7 88 89 103 102 65 44 37 36 26 70 97 

