Fo(cost)	Fo(time)	Fo(bonus)

2208.92	5768	8646
tour: 0 49 17 13 12 24 27 43 34 31 4 46 39 11 14 32 10 44 29 3 26 47 40 16 6 2 35 41 36 1 20 45 19 28 48 7 8 18 23 25 22 15 5 37 30 9 38 42 33 21 0 
bonus: 49 17 13 12 24 8 18 23 25 15 42 33 21 
passengers: 141 139 142 115 76 77 109 19 57 68 111 41 40 42 

2980.5	6067	11779
tour: 0 24 27 43 34 31 4 46 39 11 14 32 10 40 26 47 25 22 29 3 44 2 35 41 36 1 20 45 49 17 13 12 6 48 19 28 7 8 18 23 16 15 5 37 30 9 38 42 33 21 0 
bonus: 24 27 43 34 31 4 46 1 20 45 49 17 12 37 30 9 38 42 33 21 
passengers: 76 77 83 84 122 57 90 94 68 110 133 41 40 42 48 

2024.73	5840	8783
tour: 0 49 17 13 20 45 19 28 12 6 48 7 8 18 23 16 29 3 44 2 35 41 36 1 24 27 43 34 31 4 46 39 11 14 32 10 40 26 47 25 22 15 5 37 30 9 38 42 33 21 0 
bonus: 49 17 35 41 36 1 24 27 30 9 38 42 33 21 
passengers: 140 139 137 133 110 126 47 24 27 12 17 92 6 106 29 116 117 79 

2359.52	6119	13508
tour: 0 49 17 13 20 45 19 28 12 24 27 43 34 30 9 38 36 1 11 14 32 10 40 16 29 3 44 2 35 41 23 6 48 7 8 18 31 4 46 39 5 37 26 47 25 22 15 42 33 21 0 
bonus: 49 17 13 36 11 18 31 4 46 39 5 37 26 47 25 22 15 42 33 21 
passengers: 4 136 111 112 51 72 73 75 9 109 57 92 131 40 48 43 116 79 124 

2337.6	6210	14691
tour: 0 49 17 13 20 38 32 10 40 16 29 3 44 2 35 41 36 1 11 14 45 19 28 12 24 27 43 34 30 9 23 6 48 7 8 18 31 4 46 39 5 37 26 47 25 22 15 42 33 21 0 
bonus: 49 17 13 20 38 32 10 40 16 29 3 44 2 35 37 26 47 25 22 15 42 33 21 
passengers: 4 140 138 136 139 75 24 27 12 11 57 111 112 106 105 55 56 131 124 

1957.62	6595	21340
tour: 0 49 17 13 20 45 19 28 12 24 27 43 34 31 4 46 9 38 36 1 11 14 32 10 40 16 29 3 44 2 35 41 39 5 37 30 18 23 6 48 7 8 26 47 25 22 15 42 33 21 0 
bonus: 49 17 13 20 45 19 28 12 24 27 43 46 9 38 36 1 11 14 10 30 18 23 6 48 7 8 26 47 25 22 15 42 33 21 
passengers: 141 142 111 112 116 114 117 51 75 68 6 109 57 79 31 69 70 34 131 132 48 124 

1894.62	6261	15730
tour: 0 49 17 13 20 6 48 8 18 23 16 29 3 44 2 35 41 36 1 11 14 45 19 28 7 12 24 27 43 34 31 4 46 39 5 37 30 9 38 32 10 40 26 47 25 22 15 42 33 21 0 
bonus: 49 17 13 20 6 48 8 18 23 16 3 11 38 32 10 40 26 47 25 22 15 42 33 21 
passengers: 140 138 136 139 137 24 27 12 17 11 6 111 106 105 116 79 55 56 85 86 124 

2153	6515	19673
tour: 0 49 17 13 20 38 32 10 40 16 29 3 44 2 35 41 36 1 11 14 45 19 28 7 12 24 27 43 34 30 9 23 6 48 8 18 31 4 46 39 5 37 26 47 25 22 15 42 33 21 0 
bonus: 49 17 13 20 38 32 10 40 16 29 3 44 2 35 36 11 14 45 19 28 7 12 37 26 47 25 22 15 42 33 21 
passengers: 4 140 138 136 139 75 24 27 12 11 63 111 112 110 106 105 55 56 48 124 

3081.85	6106	12541
tour: 0 24 26 47 25 22 19 33 21 4 27 43 34 31 3 44 28 48 7 8 18 23 6 2 35 41 36 1 11 14 45 49 17 13 20 29 12 10 40 16 15 42 46 39 5 37 30 9 38 32 0 
bonus: 24 26 47 25 22 19 33 21 4 27 43 34 31 3 18 11 38 32 
passengers: 19 20 24 27 26 128 38 17 15 68 10 111 85 116 117 118 

1967.7	6863	25595
tour: 0 49 17 13 12 24 27 43 34 31 4 46 39 11 14 22 15 5 42 9 38 32 10 40 16 29 3 44 28 48 7 8 26 47 25 37 30 18 23 6 2 35 41 36 1 20 45 19 33 21 0 
bonus: 49 17 13 12 24 27 43 34 31 4 46 39 11 14 22 15 5 42 9 38 32 10 40 16 29 3 44 28 7 8 26 47 25 37 30 18 23 19 33 21 
passengers: 141 142 106 105 29 30 117 103 95 102 55 72 19 20 128 131 132 47 122 123 69 37 63 90 

3861.67	5991	9952
tour: 0 49 34 30 18 23 6 2 35 41 31 4 46 39 5 37 26 47 25 22 15 42 9 38 36 1 11 14 32 10 40 16 29 3 44 28 12 24 27 43 48 7 8 17 13 20 45 19 33 21 0 
bonus: 49 34 30 18 26 47 25 15 17 13 20 45 19 33 21 
passengers: 3 2 0 138 141 17 92 29 116 117 121 120 124 99 103 72 7 19 20 109 108 128 129 

1997.13	6132	11422
tour: 0 45 49 34 30 17 13 20 29 3 44 28 12 24 27 43 48 7 8 18 23 6 2 35 41 31 4 46 39 5 37 26 47 25 22 15 42 9 38 36 1 11 14 32 10 40 16 19 33 21 0 
bonus: 45 49 34 30 17 13 20 29 3 44 28 12 24 25 15 16 19 33 21 
passengers: 140 139 133 19 20 26 109 131 132 130 40 17 116 117 121 120 124 99 100 7 8 

3414.58	7199	30215
tour: 0 49 34 31 4 46 39 5 37 30 18 23 16 15 42 9 38 32 10 40 26 47 25 22 29 3 44 28 12 24 27 43 48 7 8 17 13 20 6 2 35 41 36 1 11 14 45 19 33 21 0 
bonus: 49 34 31 4 46 39 5 37 30 18 23 16 15 42 9 38 32 10 40 26 47 25 22 29 3 44 28 12 24 27 43 48 7 8 17 13 20 6 2 35 41 36 1 11 14 45 19 33 21 
passengers: 3 2 141 142 29 30 116 103 102 55 51 56 19 20 26 109 107 128 38 39 37 15 63 

1687.8	5950	9005
tour: 0 45 49 34 31 27 43 48 7 8 18 23 6 2 35 41 36 1 24 26 47 25 37 30 17 13 20 29 3 44 28 12 10 40 16 19 33 21 4 46 39 11 14 22 15 5 42 9 38 32 0 
bonus: 45 49 27 41 36 1 24 26 47 16 9 38 32 
passengers: 110 113 138 136 137 47 13 14 63 93 121 120 28 85 86 81 82 29 80 

1982.67	6504	18302
tour: 0 49 34 30 18 31 4 46 13 20 38 32 10 40 16 29 3 44 28 12 24 27 43 48 7 8 17 39 5 37 26 47 25 22 15 42 9 23 6 2 35 41 36 1 11 14 45 19 33 21 0 
bonus: 49 34 30 18 31 44 28 12 24 27 43 48 7 8 17 39 5 37 26 15 36 1 11 14 45 19 33 21 
passengers: 4 140 141 139 142 117 118 72 73 81 19 20 131 132 47 48 76 124 122 99 101 15 63 90 

1870.88	5836	5104
tour: 0 49 34 31 27 43 48 7 8 17 13 20 45 19 33 21 4 46 39 11 14 41 36 1 24 26 47 25 37 30 18 23 6 2 35 3 44 28 12 10 40 16 29 22 15 5 42 9 38 32 0 
bonus: 49 34 16 29 22 15 38 32 
passengers: 141 142 133 128 129 131 116 114 115 76 121 69 70 36 37 35 65 66 85 86 

1773.05	5861	6105
tour: 0 45 49 34 31 3 44 28 12 10 40 16 19 33 21 4 46 13 20 29 26 47 25 37 30 18 23 6 2 35 41 36 1 24 27 43 48 7 8 17 39 11 14 22 15 5 42 9 38 32 0 
bonus: 45 49 34 31 3 12 2 38 32 
passengers: 140 141 139 142 28 107 116 115 122 123 69 36 34 94 87 68 106 41 48 

1668.15	5820	4900
tour: 0 49 34 31 3 44 28 12 10 40 16 29 22 15 5 42 9 27 43 48 7 8 18 23 6 2 35 41 36 1 24 26 47 25 37 30 17 39 11 14 45 19 33 21 4 46 13 20 38 32 0 
bonus: 49 34 31 3 44 36 32 
passengers: 140 139 19 26 109 107 85 99 131 38 37 17 63 67 6 5 119 80 117 118 

1742.62	6644	19080
tour: 0 45 49 34 31 27 43 48 7 8 17 39 11 14 41 36 1 24 26 47 25 37 30 18 23 6 2 35 3 44 28 12 10 40 16 19 33 21 4 46 13 20 29 22 15 5 42 9 38 32 0 
bonus: 45 49 34 31 27 43 48 7 8 17 39 11 14 41 36 1 24 26 47 25 37 30 18 23 6 2 16 9 38 32 
passengers: 110 136 133 131 132 38 47 93 121 69 70 37 13 17 16 65 28 85 86 29 117 118 

1854.53	6319	13133
tour: 0 45 49 34 31 27 43 48 7 8 18 23 6 29 3 44 2 35 41 36 1 24 26 47 25 37 30 17 39 11 14 22 15 5 42 9 28 12 10 40 16 19 33 21 4 46 13 20 38 32 0 
bonus: 45 49 34 31 27 43 48 24 26 47 16 19 33 21 4 46 13 20 38 32 
passengers: 110 140 138 136 139 47 24 27 18 63 93 6 10 5 121 119 104 54 117 118 

1884.65	6186	10918
tour: 0 45 49 34 31 27 43 48 8 18 23 6 29 3 44 2 35 41 39 5 37 30 17 25 22 15 42 9 28 7 12 24 26 47 10 40 16 19 33 21 4 46 13 20 38 36 1 11 14 32 0 
bonus: 45 49 34 31 27 43 48 8 18 23 6 29 3 44 11 14 32 
passengers: 110 140 138 139 137 47 27 26 18 93 79 78 33 71 99 38 41 121 120 114 117 

2238.95	6033	9174
tour: 0 45 49 34 31 27 43 48 8 17 39 11 14 41 36 1 24 26 47 25 37 30 18 23 6 2 35 3 44 28 7 12 10 40 16 19 33 21 4 46 13 20 29 22 15 5 42 9 38 32 0 
bonus: 45 49 27 1 24 26 47 25 37 30 9 38 32 
passengers: 1 110 136 133 131 132 47 93 121 69 70 71 37 13 17 65 28 109 85 86 29 30 117 

1631.9	6335	13503
tour: 0 45 49 34 31 27 43 48 8 18 23 6 29 3 44 2 35 41 36 1 24 26 47 25 37 30 17 39 11 14 22 15 5 42 9 28 7 12 10 40 16 19 33 21 4 46 13 20 38 32 0 
bonus: 45 49 34 31 27 43 48 8 18 23 24 26 47 9 28 7 12 10 40 33 32 
passengers: 110 140 138 136 139 47 24 27 18 63 93 6 10 5 119 124 33 32 104 54 41 42 117 118 

1936.82	6611	18723
tour: 0 45 49 34 31 27 43 48 7 8 18 23 6 29 22 15 5 42 9 28 12 10 40 16 19 33 21 4 46 13 20 38 3 44 2 35 41 36 1 24 26 47 25 37 30 17 39 11 14 32 0 
bonus: 45 49 34 31 27 43 48 7 8 18 23 6 29 22 15 5 42 9 24 26 47 25 37 30 17 39 11 14 32 
passengers: 110 133 106 105 48 44 45 99 103 104 83 116 114 24 93 6 5 119 

1741.35	5800	4511
tour: 0 45 19 33 21 4 46 13 20 49 34 31 27 43 48 8 17 39 11 14 41 36 1 24 26 47 25 37 30 18 23 6 2 35 3 44 28 7 12 10 40 16 29 22 15 5 42 9 38 32 0 
bonus: 45 19 33 21 30 32 
passengers: 110 116 115 136 133 131 47 93 121 69 70 71 36 37 35 65 109 41 42 85 

1818.13	6315	12656
tour: 0 45 49 34 31 27 43 48 8 18 23 6 29 22 15 5 42 9 28 7 12 10 40 16 19 33 21 4 46 13 20 38 3 44 2 35 41 36 1 24 26 47 25 37 30 17 39 11 14 32 0 
bonus: 45 49 28 7 12 10 40 36 1 24 26 47 25 37 30 17 39 11 14 32 
passengers: 111 110 133 106 105 48 44 33 32 103 51 41 42 83 75 24 27 18 63 62 93 6 5 119 

1840.33	6835	20881
tour: 0 45 49 34 30 18 31 39 23 6 29 3 44 2 35 41 36 1 11 14 22 15 5 42 9 28 7 12 24 27 43 48 8 17 25 37 26 47 10 40 16 19 33 21 4 46 13 20 38 32 0 
bonus: 45 49 34 30 18 31 39 23 6 29 3 44 2 35 41 36 8 17 25 37 26 47 10 40 16 19 33 21 4 46 13 20 38 32 
passengers: 140 138 136 139 137 24 27 12 11 57 10 33 95 40 131 132 130 44 121 120 117 118 

1958.37	6839	21836
tour: 0 45 19 33 21 4 46 34 31 27 43 48 8 18 23 6 2 35 3 44 28 7 12 10 40 16 29 22 15 13 20 49 11 14 41 36 1 24 26 47 25 37 30 17 39 5 42 9 38 32 0 
bonus: 45 19 33 21 4 46 34 31 27 43 48 8 18 23 6 2 35 3 44 12 1 24 26 47 25 37 30 17 39 5 42 9 38 32 
passengers: 110 127 44 45 37 13 58 109 108 38 39 83 84 136 93 68 6 10 5 119 80 

2680	7380	30215
tour: 0 45 49 7 39 5 42 9 28 12 24 26 47 10 40 16 19 33 21 4 46 34 31 27 43 48 8 17 25 37 30 18 23 6 29 3 44 2 35 41 36 1 11 14 22 15 13 20 38 32 0 
bonus: 45 49 7 39 5 42 9 28 12 24 26 47 10 40 16 19 33 21 4 46 34 31 27 43 48 8 17 25 37 30 18 23 6 29 3 44 2 35 41 36 1 11 14 22 15 13 20 38 32 
passengers: 111 112 104 55 56 54 121 120 116 127 47 46 69 70 37 24 63 62 

1748.22	6468	15595
tour: 0 45 49 34 31 27 19 33 21 4 46 13 20 6 29 3 44 2 35 41 36 1 24 26 47 25 37 30 18 23 43 48 8 17 39 11 14 22 15 5 42 9 28 7 12 10 40 16 38 32 0 
bonus: 45 49 34 24 26 47 25 30 11 14 22 15 5 42 9 28 7 12 10 40 16 38 32 
passengers: 140 138 136 141 139 116 24 27 12 11 6 119 106 105 48 33 32 41 42 

3356.08	7219	27247
tour: 0 45 49 34 31 3 44 2 35 41 36 1 11 14 7 39 5 37 30 18 23 43 48 8 17 25 22 15 42 9 28 12 24 27 19 33 21 4 46 13 20 6 29 26 47 10 40 16 38 32 0 
bonus: 45 49 34 31 3 44 2 35 41 36 1 11 14 7 39 5 37 8 17 25 22 15 42 9 28 12 24 27 19 33 21 4 46 13 20 6 29 26 47 10 40 16 38 32 
passengers: 1 0 113 140 138 24 12 57 63 68 6 5 79 78 48 104 55 56 54 117 118 121 120 

1854.8	6556	16140
tour: 0 45 49 34 31 27 19 33 21 4 46 13 20 6 29 3 44 2 35 41 36 1 11 14 7 39 5 37 30 18 23 43 48 8 17 25 22 15 42 9 28 12 24 26 47 10 40 16 38 32 0 
bonus: 45 49 34 30 18 23 43 48 8 17 25 22 15 42 9 28 12 24 26 47 10 40 16 38 32 
passengers: 140 138 136 141 139 116 24 27 12 11 6 5 79 78 131 132 48 44 45 55 121 120 

2746.02	7149	25834
tour: 0 45 49 11 14 41 36 1 24 27 43 48 8 17 2 35 3 44 28 7 12 10 40 26 47 25 37 30 18 23 20 6 29 22 15 13 16 19 33 21 4 46 34 31 39 5 42 9 38 32 0 
bonus: 45 49 11 14 41 36 1 24 44 28 7 12 10 40 26 47 25 37 30 18 23 20 6 29 22 15 13 16 19 33 21 4 46 34 31 39 5 42 9 38 32 
passengers: 1 110 140 138 136 131 132 44 13 109 107 40 69 70 29 30 117 118 80 

2937.63	7191	26261
tour: 0 45 49 7 12 10 40 16 19 33 21 4 46 34 31 27 11 14 22 15 13 20 6 29 3 44 28 2 35 41 36 1 24 26 47 25 37 30 18 23 43 48 8 17 39 5 42 9 38 32 0 
bonus: 45 49 7 12 10 40 16 19 33 21 4 46 34 31 27 11 14 22 15 13 20 6 29 3 44 28 2 35 41 36 1 24 26 47 25 37 30 5 42 9 38 32 
passengers: 141 142 37 24 27 25 26 12 11 57 6 119 106 105 48 80 

1779.12	6304	9192
tour: 0 45 49 34 31 27 11 14 41 36 1 24 35 3 44 2 30 18 23 43 48 8 17 25 37 26 47 10 40 16 19 33 21 4 46 7 39 5 42 9 28 12 6 29 22 15 13 20 38 32 0 
bonus: 45 49 34 31 27 11 14 41 3 30 18 23 43 7 32 
passengers: 1 113 140 138 136 57 65 66 19 20 27 12 17 131 132 130 44 121 119 85 86 117 118 80 

1774.27	6956	20680
tour: 0 45 19 33 21 4 46 7 39 5 42 9 28 12 6 29 22 15 13 20 49 34 31 27 11 14 41 36 1 24 35 3 44 2 30 18 23 43 48 8 17 25 37 26 47 10 40 16 38 32 0 
bonus: 45 19 33 21 4 46 7 39 5 42 9 28 12 6 29 22 27 3 30 18 23 43 48 8 17 25 37 26 47 10 40 16 38 32 
passengers: 111 112 29 30 31 96 99 37 140 138 136 57 65 66 19 20 27 12 11 131 132 44 45 121 120 

1759.87	7050	22982
tour: 0 45 49 11 14 22 15 13 20 9 28 43 48 7 8 17 25 37 26 47 10 40 16 38 3 44 2 35 41 36 1 24 27 19 33 21 4 31 39 5 42 46 34 30 18 23 6 29 12 32 0 
bonus: 45 49 11 14 22 15 17 25 37 26 47 10 40 16 38 3 36 1 24 27 19 33 21 4 31 39 5 42 34 30 18 23 6 29 12 32 
passengers: 111 112 110 133 49 50 55 131 132 127 47 121 120 122 83 84 17 92 91 67 68 29 31 

1726.97	6684	14513
tour: 0 45 19 33 21 4 46 34 31 39 5 42 9 28 43 48 8 17 25 37 30 18 23 6 29 26 47 10 40 16 38 3 44 2 35 41 36 1 24 27 11 14 22 15 13 20 49 7 12 32 0 
bonus: 45 19 33 21 4 46 34 31 2 35 41 36 1 24 27 11 14 22 15 13 7 12 32 
passengers: 111 112 29 30 116 103 95 49 50 131 132 127 69 37 121 120 83 84 24 109 58 

1546.62	6763	11211
tour: 0 49 11 7 12 18 46 34 31 39 5 42 9 28 21 4 2 35 17 25 37 30 40 16 38 36 1 24 27 19 33 20 6 29 22 15 13 43 48 8 26 47 10 45 23 14 41 3 44 32 0 
bonus: 29 22 15 13 43 48 8 26 47 10 45 23 14 41 3 44 32 
passengers: 138 142 137 116 117 63 62 69 70 72 34 128 129 131 47 46 122 88 89 

2548.25	8130	30215
tour: 0 5 27 19 33 20 6 29 22 15 13 43 34 30 40 16 38 36 1 24 49 11 45 9 28 21 4 2 35 17 25 37 26 47 10 8 48 42 46 7 12 18 31 39 23 14 41 3 44 32 0 
bonus: 5 27 19 33 20 6 29 22 15 13 43 34 30 40 16 38 36 1 24 49 11 45 9 28 21 4 2 35 17 25 37 26 47 10 8 48 42 46 7 12 18 31 39 23 14 41 3 44 32 
passengers: 31 74 75 67 138 141 55 17 16 18 57 119 124 130 103 88 89 

1638.72	7886	22037
tour: 0 5 42 9 43 22 15 13 20 6 29 34 30 18 31 39 46 45 23 14 41 36 1 24 49 11 7 12 40 16 27 19 33 28 21 4 2 35 17 25 37 26 47 10 8 48 38 3 44 32 0 
bonus: 5 42 9 43 22 15 13 20 6 29 34 30 18 31 39 46 45 23 14 41 36 1 24 49 11 7 12 40 16 27 35 17 25 37 10 44 32 
passengers: 31 49 50 53 54 77 114 115 67 7 8 138 141 13 14 18 57 65 127 

1709.17	8430	30215
tour: 0 43 34 30 18 31 39 5 27 19 8 48 20 6 29 22 15 13 42 9 25 37 26 47 10 49 11 7 12 40 16 38 36 1 24 35 17 33 28 21 4 2 46 45 23 14 41 3 44 32 0 
bonus: 43 34 30 18 31 39 5 27 19 8 48 20 6 29 22 15 13 42 9 25 37 26 47 10 49 11 7 12 40 16 38 36 1 24 35 17 33 28 21 4 2 46 45 23 14 41 3 44 32 
passengers: 106 105 31 48 131 132 36 35 96 55 56 121 120 136 38 41 75 67 64 13 17 15 16 14 88 89 

1712.33	7543	14753
tour: 0 5 27 19 8 48 42 9 25 7 12 40 16 38 36 1 24 35 17 33 28 21 4 2 46 45 49 11 18 20 6 29 22 15 13 43 34 31 39 23 14 41 37 26 47 10 30 3 44 32 0 
bonus: 5 27 12 40 16 38 36 1 24 35 17 33 28 21 2 26 47 10 30 3 44 32 
passengers: 33 32 48 44 45 99 38 41 75 67 58 59 64 12 17 11 116 79 78 93 88 

1490.38	7602	13495
tour: 0 43 34 31 39 5 42 9 25 7 12 40 16 38 36 1 24 35 41 37 26 47 10 49 11 18 20 6 29 22 15 13 17 33 28 21 4 2 46 45 19 8 48 27 23 14 30 3 44 32 0 
bonus: 43 34 31 39 5 42 9 41 37 26 47 10 46 48 27 23 14 30 3 44 32 
passengers: 106 105 76 77 80 33 32 38 41 75 9 58 59 93 69 70 138 142 137 34 13 17 15 16 110 127 

1435.28	7100	3823
tour: 0 5 27 19 8 48 20 6 29 22 15 13 43 34 42 9 25 7 12 40 16 38 36 1 24 35 17 33 28 21 4 2 46 45 49 11 18 31 39 23 14 41 37 26 47 10 30 3 44 32 0 
bonus: 5 27 19 8 32 
passengers: 31 48 44 126 125 36 99 100 104 38 75 67 58 59 64 13 17 15 116 140 139 79 

