Fo(cost)	Fo(time)	Fo(bonus)

3399.52	5860	11679
tour: 0 37 17 30 18 38 16 28 41 29 10 15 48 12 13 46 11 5 42 21 23 24 36 27 20 3 40 8 2 7 43 44 35 1 39 6 22 34 45 49 14 33 26 25 4 9 47 19 31 32 0 
bonus: 37 17 30 18 38 16 28 41 29 12 25 4 9 47 19 31 32 
passengers: 31 33 34 39 30 135 136 25 27 26 107 111 122 125 102 74 

2998.48	5736	8246
tour: 0 37 17 30 18 13 46 11 48 12 38 16 10 15 8 45 49 14 33 2 7 43 44 28 41 29 25 5 42 21 23 24 36 27 20 3 40 26 34 35 1 39 6 22 4 9 47 19 31 32 0 
bonus: 37 17 30 13 1 39 6 22 4 9 47 19 31 32 
passengers: 46 136 138 139 137 62 127 125 126 124 107 111 112 18 19 69 

2034.87	6228	17707
tour: 0 37 17 30 18 7 43 44 34 35 25 5 42 21 23 24 36 27 20 3 40 26 13 6 22 4 9 1 39 46 11 48 12 38 16 28 41 29 10 15 8 45 49 14 33 2 47 19 31 32 0 
bonus: 37 17 30 18 7 43 44 34 35 25 5 42 21 23 24 36 27 40 15 8 45 49 14 33 2 47 19 31 32 
passengers: 87 86 88 127 125 68 29 104 108 107 111 17 3 141 140 33 7 9 8 

2923.63	5917	11744
tour: 0 37 17 30 18 13 46 11 48 12 38 16 28 41 29 10 15 8 45 49 14 33 2 7 43 44 34 35 1 39 6 22 4 40 26 25 5 42 21 23 24 36 3 27 20 9 47 19 31 32 0 
bonus: 37 17 30 18 13 46 11 48 12 38 16 28 27 20 9 47 19 31 32 
passengers: 11 10 33 34 37 9 131 62 127 68 67 97 82 83 81 1 0 

3034.5	6431	21368
tour: 0 37 35 25 5 42 21 23 24 36 27 20 3 40 8 2 47 19 31 7 43 44 28 41 29 10 15 48 12 38 16 4 9 1 39 6 22 34 45 49 14 33 26 13 46 11 17 30 18 32 0 
bonus: 37 35 25 5 42 21 23 24 36 27 20 3 40 8 2 47 19 31 28 41 29 10 45 49 14 33 26 13 46 11 17 30 18 32 
passengers: 87 88 82 81 25 26 24 47 124 123 33 34 9 93 102 74 66 44 45 

3156.15	6341	19212
tour: 0 37 17 30 18 38 16 10 15 8 45 49 14 33 2 7 43 44 34 35 28 41 29 25 5 42 21 23 24 36 27 20 3 40 26 13 46 11 48 12 1 39 6 22 4 9 47 19 31 32 0 
bonus: 37 17 30 18 38 16 10 15 8 45 49 28 41 29 25 40 26 13 46 11 48 12 1 39 6 22 4 9 47 19 31 32 
passengers: 46 11 10 12 9 62 60 127 68 67 79 29 104 107 111 112 18 19 

2142.33	5745	8079
tour: 0 37 17 30 18 38 16 10 15 48 12 1 39 6 22 34 45 49 14 33 26 13 46 11 5 42 21 23 24 36 27 20 3 40 8 2 7 43 44 35 28 41 29 25 4 9 47 19 31 32 0 
bonus: 37 17 30 18 38 16 10 15 48 12 1 39 6 34 
passengers: 93 92 11 10 9 97 102 68 74 133 60 20 116 25 2 119 120 121 

2260.7	5565	4505
tour: 0 37 17 30 18 13 46 11 5 42 21 23 24 36 27 20 3 40 8 2 47 19 31 7 43 44 28 41 29 10 15 48 12 38 16 4 9 35 1 39 6 22 34 45 49 14 33 26 25 32 0 
bonus: 37 17 30 18 13 46 11 5 15 
passengers: 135 136 138 139 142 82 81 2 47 49 125 124 33 7 102 74 

2010.77	6242	17050
tour: 0 37 17 30 18 7 43 44 34 35 28 41 29 25 5 42 21 23 24 36 27 20 3 40 26 13 6 22 4 9 1 39 46 11 48 12 38 16 10 15 8 45 49 14 33 2 47 19 31 32 0 
bonus: 37 17 30 18 7 43 44 34 35 28 41 29 25 5 42 21 23 24 15 49 14 33 2 47 19 31 32 
passengers: 87 86 88 127 125 68 79 77 78 31 29 104 108 109 107 102 141 140 7 9 

2083.52	5557	4192
tour: 0 37 17 30 18 13 46 11 5 42 21 23 24 36 27 20 3 40 8 2 47 19 31 7 43 44 35 28 41 29 10 15 48 12 38 16 4 9 1 39 6 22 34 45 49 14 33 26 25 32 0 
bonus: 37 17 30 18 13 46 11 5 
passengers: 135 136 138 139 142 82 81 2 47 49 125 124 79 77 33 34 7 9 8 74 

2228.23	6767	26208
tour: 0 37 17 30 18 7 43 44 34 35 28 41 29 25 5 42 21 23 24 36 3 27 20 9 1 39 6 22 4 40 26 13 46 11 48 12 38 16 10 15 8 45 49 14 33 2 47 19 31 32 0 
bonus: 37 17 30 18 7 43 44 34 35 28 41 29 25 5 42 21 23 24 36 3 27 20 9 1 6 11 48 12 38 16 10 15 8 45 49 14 33 2 47 19 31 32 
passengers: 87 86 88 127 125 68 79 77 78 31 1 0 29 104 108 109 111 17 141 140 7 9 8 

2085.92	5817	8634
tour: 0 37 17 30 18 32 27 20 3 40 26 13 6 22 4 9 1 39 46 11 48 12 38 16 10 43 44 34 35 28 41 29 25 5 42 21 23 24 36 15 8 45 49 14 33 2 47 19 31 7 0 
bonus: 37 17 30 18 32 27 43 44 34 2 47 19 31 7 
passengers: 44 45 56 55 57 29 104 108 109 95 136 138 9 127 125 79 82 81 

2096.33	5939	10653
tour: 0 37 17 30 18 38 16 10 15 48 12 1 39 6 22 4 40 8 2 47 19 31 7 43 44 34 45 49 14 33 26 13 46 11 5 42 21 23 24 36 3 27 20 9 35 28 41 29 25 32 0 
bonus: 37 17 30 18 38 16 11 42 27 20 9 35 28 41 29 25 32 
passengers: 93 94 92 9 6 98 100 104 47 122 127 68 60 66 135 136 116 83 2 1 0 79 77 

2114.37	6562	21451
tour: 0 37 17 30 18 32 12 38 16 10 43 44 35 28 41 29 25 4 9 1 39 6 22 34 45 49 14 33 26 13 46 11 5 42 21 23 24 36 15 48 27 20 3 40 8 2 47 19 31 7 0 
bonus: 37 17 30 18 32 12 38 16 10 43 44 35 28 41 29 25 4 9 1 39 6 34 21 23 24 36 15 48 27 20 3 40 8 2 19 7 
passengers: 87 88 44 45 53 54 58 93 92 79 77 37 97 102 74 60 66 20 135 136 82 81 

2131.97	5635	4731
tour: 0 6 22 34 35 13 46 11 5 42 37 17 30 18 7 43 21 23 24 36 3 27 20 9 1 39 8 45 49 14 33 2 47 19 31 44 28 41 29 10 15 48 12 38 16 4 40 26 25 32 0 
bonus: 6 22 34 16 4 40 26 25 32 
passengers: 5 4 68 135 136 118 117 82 1 0 27 28 95 96 129 134 33 7 8 94 111 112 

2563.63	6643	21821
tour: 0 37 17 30 18 7 43 44 34 35 28 41 29 25 5 42 21 23 24 36 3 27 20 9 1 39 46 11 48 12 38 16 10 6 22 4 40 26 13 15 8 45 49 14 33 2 47 19 31 32 0 
bonus: 37 17 30 18 7 43 44 34 35 28 41 29 25 5 42 21 23 24 36 3 27 20 9 1 39 46 11 48 12 38 16 10 6 22 4 40 26 
passengers: 87 86 88 127 125 68 79 77 78 31 1 0 29 94 7 9 8 6 111 

1993.75	6101	12144
tour: 0 6 22 4 40 8 45 49 14 33 2 47 19 31 7 24 26 13 15 48 12 38 16 10 43 21 23 36 3 27 20 9 1 39 46 11 5 42 37 17 30 18 44 34 35 28 41 29 25 32 0 
bonus: 6 22 4 40 8 45 10 43 21 23 36 3 27 20 9 46 11 5 18 29 25 32 
passengers: 111 112 110 129 130 17 18 89 93 92 14 80 1 22 95 96 100 118 44 45 125 79 

1868.93	5987	10991
tour: 0 37 17 30 18 44 28 22 34 35 1 2 47 19 31 7 43 21 23 24 36 3 27 20 39 6 10 15 48 12 38 16 4 40 8 45 49 14 33 26 13 46 11 5 42 9 41 29 25 32 0 
bonus: 37 17 30 18 44 28 22 34 35 1 2 47 19 31 7 27 25 32 
passengers: 87 86 88 43 127 68 51 50 1 0 27 28 102 3 9 134 60 66 59 135 116 

2650.33	6145	14069
tour: 0 37 17 30 18 32 27 20 3 40 26 13 6 22 46 11 5 42 21 23 24 36 15 48 12 38 16 10 43 44 34 35 28 41 29 25 4 9 1 39 8 45 49 14 33 2 47 19 31 7 0 
bonus: 37 17 30 18 32 27 20 3 40 26 13 6 46 25 4 9 1 39 8 2 47 19 31 7 
passengers: 44 45 56 57 22 23 29 104 108 135 136 116 93 92 11 9 79 102 

1691.62	6440	18477
tour: 0 37 17 30 18 20 3 27 8 45 49 14 33 2 47 19 31 7 43 44 28 22 34 35 1 39 6 10 15 48 12 38 16 4 40 26 13 46 11 5 42 21 23 24 36 9 41 29 25 32 0 
bonus: 37 17 30 18 20 3 27 8 45 49 14 33 2 47 19 31 7 43 44 28 22 34 35 1 39 6 10 15 48 25 32 
passengers: 85 84 46 43 1 25 62 63 61 47 125 124 123 33 71 69 73 3 89 94 14 13 104 135 116 83 

1868.47	6595	21354
tour: 0 37 17 30 18 38 16 4 40 8 2 47 19 31 7 43 44 35 1 39 6 10 15 48 12 28 22 34 45 49 14 33 26 13 46 11 5 42 21 23 24 36 3 27 20 9 41 29 25 32 0 
bonus: 37 17 30 18 38 16 4 40 8 2 47 19 31 7 43 1 39 6 10 15 48 12 28 22 34 45 49 14 33 27 20 9 41 29 25 32 
passengers: 43 93 94 92 12 108 47 77 102 9 31 37 68 60 66 21 135 116 83 1 0 

2302.55	5691	5905
tour: 0 37 17 30 18 20 3 27 15 48 12 38 16 10 6 22 4 40 26 13 46 11 5 42 21 23 24 36 9 1 39 8 45 49 14 33 2 47 19 31 7 43 44 34 35 28 41 29 25 32 0 
bonus: 37 17 30 18 20 3 29 25 32 
passengers: 1 0 22 23 89 93 94 104 135 82 81 95 98 100 47 49 120 125 79 77 78 

2203.4	5702	6254
tour: 0 6 10 15 48 12 38 16 4 40 26 13 46 11 5 42 37 17 30 18 44 28 22 34 35 1 39 8 45 49 14 33 2 47 19 31 7 43 21 23 24 36 3 27 20 9 41 29 25 32 0 
bonus: 6 10 15 48 12 2 47 19 21 23 
passengers: 90 91 93 94 92 104 135 118 87 85 46 98 99 102 62 61 51 120 121 83 1 0 

1959.3	5702	5322
tour: 0 6 44 34 35 1 39 8 45 49 14 33 2 47 19 31 7 43 21 23 24 36 27 20 3 40 26 13 46 11 5 42 37 17 30 18 38 16 10 15 48 12 28 22 4 9 41 29 25 32 0 
bonus: 6 44 34 26 13 46 11 5 42 18 
passengers: 125 126 124 123 98 99 102 133 62 80 22 23 29 104 135 136 118 116 117 44 7 8 

1825.87	5638	4955
tour: 0 37 17 30 18 38 16 10 6 22 4 9 1 39 8 45 49 14 33 2 47 19 31 7 43 44 34 35 40 26 13 46 11 5 42 21 23 24 36 3 27 20 15 48 12 28 41 29 25 32 0 
bonus: 37 17 2 47 19 41 25 
passengers: 46 93 92 9 6 98 100 62 60 47 127 125 126 68 77 116 83 2 1 

1682.65	6071	10775
tour: 0 6 44 34 35 28 22 4 40 26 13 46 11 5 42 37 17 30 18 38 16 10 15 48 12 1 39 8 45 49 14 33 2 47 19 31 7 43 21 23 24 36 3 27 20 9 41 29 25 32 0 
bonus: 6 44 34 35 28 22 4 40 26 13 46 11 5 42 15 2 47 19 21 23 
passengers: 125 124 123 74 77 37 35 104 108 17 18 135 118 46 93 9 6 98 99 62 61 51 120 121 83 1 0 

1929.72	6583	19709
tour: 0 6 44 34 35 28 22 4 9 41 29 25 32 27 20 3 40 26 13 46 11 5 42 37 17 30 18 38 16 10 43 21 23 24 36 15 48 12 1 39 8 45 49 14 33 2 47 19 31 7 0 
bonus: 6 44 34 35 28 22 4 9 41 29 40 26 13 46 11 5 42 37 17 30 18 38 16 10 43 21 23 24 36 15 48 12 49 7 
passengers: 3 125 124 123 68 67 76 79 42 41 22 104 108 135 118 117 89 93 92 14 9 82 102 

1723.57	6215	13573
tour: 0 37 17 30 18 1 39 8 45 49 14 33 2 47 19 31 7 43 44 34 35 28 22 6 10 15 48 12 38 16 4 40 26 13 46 11 5 42 21 23 24 36 3 27 20 9 41 29 25 32 0 
bonus: 28 22 6 10 15 48 12 38 16 4 40 26 13 46 21 3 27 20 9 41 29 25 32 
passengers: 85 86 84 88 46 62 63 61 125 124 123 71 69 73 77 33 34 89 94 14 13 104 111 21 135 116 83 1 0 

2023.23	6232	14937
tour: 0 37 17 30 18 38 16 10 6 44 34 35 1 39 8 45 49 14 33 2 47 19 31 7 43 21 23 24 36 3 27 20 15 48 12 28 22 4 40 26 13 46 11 5 42 9 41 29 25 32 0 
bonus: 37 17 30 18 38 16 10 2 47 19 21 23 24 36 3 27 20 15 9 41 29 25 32 
passengers: 87 85 86 84 88 98 99 102 62 61 51 2 1 0 22 23 29 37 104 21 135 136 116 

1672.63	6293	15656
tour: 0 37 17 30 18 7 43 44 34 35 1 39 8 45 49 14 33 2 47 19 31 28 22 6 10 15 48 12 38 16 4 40 26 13 46 11 5 42 21 23 24 36 3 27 20 9 41 29 25 32 0 
bonus: 37 17 30 18 7 43 44 34 35 1 39 8 45 49 2 47 19 3 27 20 9 41 29 25 32 
passengers: 87 85 86 84 88 77 102 129 66 51 33 34 89 94 14 104 135 136 116 83 1 0 

1671.62	5714	4291
tour: 0 37 17 30 18 1 39 8 45 49 14 33 2 47 19 31 7 43 44 34 35 40 26 13 46 11 5 42 21 23 24 36 3 27 20 15 48 12 38 16 10 6 28 22 4 9 41 29 25 32 0 
bonus: 22 4 9 41 29 25 32 
passengers: 85 86 84 88 46 62 60 63 127 125 68 104 107 135 2 1 0 7 8 3 

1969.32	6579	19276
tour: 0 37 17 30 18 38 16 4 9 41 29 25 32 27 20 3 40 26 13 46 11 5 42 21 23 24 36 15 48 12 1 39 8 45 49 14 33 2 47 19 31 7 6 10 43 44 34 35 28 22 0 
bonus: 37 17 30 18 38 16 4 9 41 29 25 32 27 20 3 40 26 13 46 11 5 42 21 23 24 36 15 48 12 34 35 28 22 
passengers: 44 45 94 113 56 57 22 23 104 111 112 18 19 135 82 98 100 99 102 62 47 125 124 123 77 

1821.53	6401	16844
tour: 0 37 17 30 18 38 16 10 6 7 43 44 34 35 40 26 13 46 11 5 42 21 23 24 36 3 27 20 15 48 12 1 39 8 45 49 14 33 2 47 19 31 28 22 4 9 41 29 25 32 0 
bonus: 37 17 30 18 38 16 10 6 7 43 44 34 35 40 26 13 46 11 5 42 21 24 8 45 49 29 25 32 
passengers: 87 86 88 94 11 68 67 104 111 112 18 19 135 1 0 27 28 95 96 102 134 

1782.85	5903	7404
tour: 0 6 10 43 44 34 35 28 22 37 17 30 18 7 31 1 39 8 45 49 14 33 2 47 19 16 4 9 41 29 25 32 27 20 3 40 26 13 46 11 5 42 21 23 24 36 15 48 12 38 0 
bonus: 6 10 43 44 21 23 24 36 15 48 12 38 
passengers: 5 4 9 6 119 46 43 95 96 102 134 66 59 113 56 57 22 104 111 16 135 136 

1874.77	5905	7543
tour: 0 37 17 30 18 47 19 31 1 39 8 45 49 14 33 2 40 26 13 46 11 5 42 21 23 24 36 3 27 20 15 48 12 38 16 10 6 7 43 44 34 35 28 22 4 9 41 29 25 32 0 
bonus: 37 17 30 18 47 19 31 1 49 34 35 28 
passengers: 46 43 51 97 102 133 132 60 104 107 135 1 0 25 26 24 11 3 120 121 125 79 77 

1571.27	6069	10692
tour: 0 6 10 43 44 34 35 28 22 37 17 30 18 7 31 1 39 8 45 49 14 33 20 3 27 15 48 2 47 19 16 4 40 26 13 46 11 5 42 21 23 24 36 9 41 29 25 32 12 38 0 
bonus: 6 10 43 44 20 21 23 24 36 9 41 29 25 32 12 38 
passengers: 5 4 9 6 119 46 43 102 133 132 60 66 59 104 111 16 135 136 116 83 53 54 

1487.02	5903	7390
tour: 0 37 17 30 18 7 31 38 44 34 35 40 26 13 46 11 5 42 21 23 24 36 3 27 20 15 48 12 28 22 6 10 43 1 39 8 45 49 14 33 2 47 19 16 4 9 41 29 25 32 0 
bonus: 37 17 30 18 7 31 38 44 34 49 14 
passengers: 87 86 88 43 47 51 68 67 77 104 135 2 1 0 25 27 24 33 34 7 9 122 121 134 

1765.3	6719	22383
tour: 0 37 17 30 18 38 44 34 35 3 27 20 36 15 48 12 28 22 6 10 43 21 23 24 7 31 1 39 8 45 49 14 33 2 47 19 16 4 40 26 13 46 11 5 42 9 41 29 25 32 0 
bonus: 37 17 30 18 38 44 34 35 3 27 20 36 1 39 8 45 49 14 33 2 47 19 16 4 40 26 13 46 11 5 42 9 41 29 25 32 
passengers: 87 86 88 89 127 68 77 2 1 25 82 81 33 34 9 6 119 102 133 132 60 66 59 104 111 21 135 136 116 

1546.62	5942	7732
tour: 0 6 10 43 44 34 35 28 22 37 17 30 18 7 31 1 39 8 45 49 14 33 2 47 19 16 4 40 26 13 46 11 5 42 9 41 29 25 32 21 23 24 36 3 27 20 15 48 12 38 0 
bonus: 6 10 43 44 2 47 19 16 4 40 26 25 
passengers: 5 4 9 6 119 46 43 102 133 132 60 66 59 104 111 16 135 136 116 113 53 54 1 

1560.43	6710	19947
tour: 0 37 17 30 18 38 16 10 6 7 43 44 34 35 40 26 13 46 11 5 42 21 23 24 36 3 27 20 15 48 2 47 19 31 1 39 8 45 49 14 33 4 9 41 29 25 32 12 28 22 0 
bonus: 37 17 30 18 38 16 10 6 7 43 44 34 35 40 26 13 46 11 5 42 21 49 14 33 4 9 41 29 25 32 12 28 22 
passengers: 87 86 88 94 11 68 67 104 111 112 18 135 136 82 81 1 0 27 28 95 96 102 134 115 114 40 

1715.63	6978	23847
tour: 0 37 17 30 18 7 31 1 39 8 45 49 14 33 47 19 16 4 9 41 29 25 32 12 38 6 10 43 44 34 35 40 26 13 46 11 5 42 21 23 24 36 3 27 20 15 48 2 28 22 0 
bonus: 37 17 30 18 7 31 1 39 8 45 49 14 33 47 19 16 4 9 41 29 34 35 40 26 13 46 11 5 42 21 23 24 36 3 27 20 15 48 2 28 22 
passengers: 85 84 46 43 95 96 62 63 61 53 54 94 127 125 126 124 68 104 111 135 136 2 1 0 

1589.37	6474	14839
tour: 0 6 40 26 13 46 11 5 42 21 23 24 7 31 1 39 8 45 49 14 33 35 3 27 20 36 15 48 2 47 19 16 10 43 44 34 4 9 41 29 25 32 12 28 22 37 17 30 18 38 0 
bonus: 6 40 26 13 46 11 5 42 21 23 24 7 31 1 49 25 32 12 28 22 37 17 30 18 38 
passengers: 104 111 112 103 18 19 135 136 142 51 49 102 62 63 78 1 25 11 120 121 124 115 114 40 53 54 

1484.27	6346	11173
tour: 0 6 40 26 13 46 11 5 42 21 23 24 7 31 1 39 8 45 49 14 33 4 15 48 2 47 19 16 10 43 44 34 35 3 27 20 36 9 41 29 25 32 12 28 22 37 17 30 18 38 0 
bonus: 6 40 26 13 46 11 5 42 21 23 24 7 31 1 22 37 17 30 18 38 
passengers: 104 111 112 103 18 19 135 136 141 47 49 98 102 62 63 120 121 127 68 79 2 80 40 53 54 

1678.92	6556	15799
tour: 0 6 10 21 23 24 7 31 1 39 8 45 49 14 33 47 19 16 4 15 48 2 40 26 13 46 11 5 42 43 44 34 35 3 27 20 36 9 41 29 25 32 12 28 22 37 17 30 18 38 0 
bonus: 6 10 21 23 24 7 31 1 39 8 45 49 14 33 47 19 16 12 28 22 37 17 30 18 38 
passengers: 9 6 102 133 132 62 60 63 104 111 21 135 116 120 121 127 80 115 40 53 54 

1550.25	6478	12999
tour: 0 18 38 44 34 35 3 27 20 36 15 48 2 40 26 13 46 11 5 42 37 17 30 45 49 14 33 47 19 16 10 6 43 21 23 24 7 31 1 39 8 4 9 41 29 25 32 12 28 22 0 
bonus: 18 38 44 34 35 3 27 20 36 15 48 2 40 26 13 46 11 1 39 8 9 12 28 22 
passengers: 89 94 127 125 126 1 22 80 104 108 107 135 118 117 46 43 62 61 7 3 119 121 95 96 115 114 40 

1644.75	6431	12142
tour: 0 37 17 30 45 49 14 33 4 15 48 2 47 19 31 1 39 8 16 10 43 44 34 35 3 27 20 36 9 41 29 25 32 18 38 6 40 26 13 46 11 5 42 21 23 24 7 12 28 22 0 
bonus: 37 17 30 45 49 14 33 4 15 48 2 47 19 31 1 18 38 6 40 26 22 
passengers: 85 84 46 43 131 62 63 61 47 95 120 121 127 68 1 83 114 53 54 56 57 94 104 111 112 103 135 136 

1482.78	6258	7782
tour: 0 37 17 30 18 32 12 38 6 43 44 34 4 15 48 2 40 26 13 46 11 5 42 8 45 49 14 33 47 19 16 10 21 23 24 7 31 1 39 35 3 27 20 36 9 41 29 25 28 22 0 
bonus: 37 17 30 18 32 12 26 9 41 29 25 28 22 
passengers: 86 44 45 53 54 56 57 94 124 74 104 108 109 111 18 135 136 131 14 6 51 49 95 96 79 115 114 40 

2092.63	7213	26121
tour: 0 37 17 30 45 49 14 33 47 19 16 10 6 3 27 20 36 9 41 29 31 1 39 8 4 15 48 2 28 22 25 32 18 40 26 13 46 11 5 42 21 23 24 7 43 44 34 35 12 38 0 
bonus: 37 17 30 45 49 14 33 47 19 16 10 6 3 27 20 36 9 41 29 31 22 25 32 18 40 26 13 46 11 5 42 21 23 24 7 43 44 34 35 12 38 
passengers: 85 84 46 14 13 6 3 1 82 81 115 40 37 56 57 104 111 112 103 16 135 136 138 139 125 124 123 

1888.6	7217	24003
tour: 0 37 17 30 45 49 14 11 5 42 43 44 34 35 3 27 20 36 9 41 29 31 1 39 8 33 4 15 48 2 28 22 25 32 18 47 19 16 6 10 21 23 24 7 12 40 26 13 46 38 0 
bonus: 37 17 30 45 49 14 11 5 42 43 44 34 35 3 27 1 39 8 33 4 15 48 2 28 22 25 32 18 47 19 16 6 21 23 24 7 12 40 13 46 38 
passengers: 87 86 88 116 119 68 79 78 1 82 40 33 34 36 37 35 104 111 112 103 17 16 

1998.2	7446	27749
tour: 0 37 17 30 45 49 14 33 47 19 31 1 39 35 3 27 20 36 9 41 29 25 32 18 38 6 21 23 24 7 12 40 26 13 46 11 5 42 8 16 10 43 44 34 4 15 48 2 28 22 0 
bonus: 37 17 30 45 49 14 33 47 19 31 1 39 35 3 27 20 36 9 41 29 25 32 18 38 6 21 23 24 26 13 46 11 5 42 8 16 10 43 44 34 4 15 48 2 28 22 
passengers: 87 85 84 88 46 51 49 50 79 78 1 83 53 54 56 57 94 104 108 109 111 112 135 136 138 11 10 124 123 

1493.13	6803	15708
tour: 0 18 40 26 21 23 24 7 39 8 16 10 6 13 46 11 5 42 43 44 35 3 27 20 36 9 41 29 25 32 12 28 22 37 17 30 45 49 34 4 15 48 2 47 19 31 1 14 33 38 0 
bonus: 18 40 26 21 23 24 7 39 8 16 10 6 13 46 11 5 42 12 28 22 37 17 30 45 49 34 15 38 
passengers: 104 108 109 107 111 18 98 7 3 135 136 116 120 121 40 42 52 85 86 84 46 43 

1361.32	6737	14921
tour: 0 18 32 12 40 26 21 23 24 7 39 8 16 10 6 13 46 11 5 42 43 44 35 3 27 20 36 9 41 29 25 28 22 37 17 30 45 49 34 4 15 48 2 47 19 31 1 14 33 38 0 
bonus: 18 32 12 40 26 21 23 24 7 39 8 16 10 6 13 46 11 5 42 43 44 35 45 49 34 
passengers: 56 55 57 104 108 109 107 98 3 135 136 138 116 117 127 125 79 80 40 42 41 85 46 43 129 130 

1370.5	7156	21438
tour: 0 6 3 27 20 36 9 41 29 31 1 14 11 5 42 37 17 30 45 49 34 4 15 48 2 40 26 21 23 24 7 39 8 33 47 19 16 10 43 44 35 12 28 22 25 32 18 13 46 38 0 
bonus: 6 3 27 20 36 9 41 29 31 1 14 11 5 37 45 49 34 4 15 48 2 40 8 33 47 43 44 35 12 28 22 25 32 18 13 46 38 
passengers: 3 1 0 22 23 82 80 42 47 118 117 131 133 132 74 108 109 111 18 19 98 100 99 7 8 120 121 125 77 53 54 

1405.4	6644	13600
tour: 0 37 17 30 45 49 14 11 5 42 8 33 47 19 16 10 6 43 44 34 4 15 48 2 40 26 21 23 24 7 31 1 39 35 3 27 20 36 9 41 29 25 32 18 13 46 38 12 28 22 0 
bonus: 37 17 30 45 49 14 11 5 42 8 33 47 19 16 10 6 27 20 36 9 12 22 
passengers: 85 84 46 62 63 61 11 10 119 125 124 68 74 111 18 21 51 95 79 1 29 83 115 114 40 53 

1977.48	7603	29637
tour: 0 37 17 30 45 49 14 33 47 19 31 1 39 35 12 38 6 3 27 20 36 9 41 29 25 32 18 40 26 13 46 11 5 42 8 16 10 21 23 24 7 43 44 34 4 15 48 2 28 22 0 
bonus: 37 17 30 45 49 14 33 47 19 31 1 39 35 12 38 6 3 27 20 36 9 41 29 25 32 18 40 26 13 46 11 5 42 8 16 10 21 23 24 7 43 44 34 4 15 48 2 28 22 
passengers: 87 85 84 88 46 51 49 50 79 78 89 83 56 57 104 108 109 111 112 135 136 138 11 10 124 123 

1452.97	6884	17103
tour: 0 18 40 26 13 46 11 5 42 37 17 30 45 49 34 4 15 48 2 47 19 31 1 14 33 38 6 3 27 20 36 9 41 29 25 32 21 23 24 7 39 8 16 10 43 44 35 12 28 22 0 
bonus: 18 40 26 13 46 11 5 42 37 17 30 45 49 34 6 3 27 20 36 9 41 29 25 8 16 10 43 12 22 
passengers: 104 111 112 103 15 135 136 141 140 118 117 85 46 43 129 130 51 89 93 92 3 83 114 55 98 100 99 101 125 77 

1432.13	6193	4414
tour: 0 37 17 30 45 49 14 11 5 42 8 33 47 19 16 10 43 44 34 4 15 48 2 40 26 21 23 24 7 6 3 27 20 36 9 41 29 31 1 39 35 12 28 22 25 32 18 13 46 38 0 
bonus: 37 17 30 9 18 13 46 38 
passengers: 85 86 84 46 62 63 61 11 127 126 124 68 67 69 3 1 0 82 83 81 115 40 49 77 53 54 

1479.27	6472	9510
tour: 0 37 17 30 45 49 34 4 15 48 2 40 26 21 23 24 7 39 8 16 10 6 13 46 11 5 42 43 44 35 3 27 20 36 9 41 29 25 32 18 47 19 31 1 14 33 38 12 28 22 0 
bonus: 37 17 30 45 49 34 4 6 13 46 11 5 42 18 47 19 22 
passengers: 86 131 133 132 70 74 104 108 18 98 100 7 3 135 116 120 127 82 40 53 54 

1443.32	6911	16541
tour: 0 37 17 30 45 49 34 4 15 48 2 40 26 21 23 24 7 39 8 33 47 19 16 10 6 3 27 20 36 9 41 29 31 1 14 11 5 42 43 44 35 12 28 22 25 32 18 13 46 38 0 
bonus: 37 17 30 45 49 34 4 15 48 2 40 8 33 29 31 1 14 11 5 42 43 44 22 25 32 18 13 46 38 
passengers: 86 131 133 132 74 108 109 107 18 95 96 6 3 1 22 114 40 49 120 121 77 53 54 

1471.42	6618	11853
tour: 0 37 17 30 45 49 14 33 47 19 31 1 39 35 12 40 26 21 23 24 7 43 11 5 42 8 16 10 6 3 27 20 36 9 41 29 25 32 18 13 46 38 44 34 4 15 48 2 28 22 0 
bonus: 37 17 30 45 49 14 33 47 19 31 6 3 27 20 36 9 18 13 22 
passengers: 87 85 84 88 46 62 59 61 108 109 121 116 14 7 8 83 40 53 54 138 139 124 123 

1412.23	6930	16762
tour: 0 37 17 30 45 49 14 11 5 42 43 44 35 12 40 26 21 23 24 7 39 8 19 16 10 6 3 27 20 36 9 41 29 31 1 33 47 34 4 15 48 2 28 22 25 32 18 13 46 38 0 
bonus: 37 17 30 45 49 14 11 5 42 43 44 35 12 40 26 21 23 24 7 39 22 25 32 18 13 46 38 
passengers: 87 88 133 132 125 108 109 107 111 112 18 21 95 9 6 3 115 114 40 47 66 53 54 

1774.95	7499	24122
tour: 0 37 38 12 40 26 21 23 24 7 39 35 6 3 27 20 36 9 41 29 25 32 18 10 17 30 45 49 1 14 33 47 19 31 13 46 11 5 42 8 16 43 44 34 4 15 48 2 28 22 0 
bonus: 37 38 12 40 26 21 23 24 7 39 35 6 3 27 20 36 9 41 29 25 32 18 10 17 30 45 49 1 14 33 47 19 31 4 15 48 2 28 22 
passengers: 87 88 93 94 92 107 95 96 79 78 3 42 41 9 6 46 43 62 60 63 47 48 11 124 123 

1803.25	7598	25045
tour: 0 37 38 12 40 26 21 23 24 7 39 35 6 3 27 20 36 9 41 29 25 49 14 33 4 15 48 2 47 19 31 1 32 18 13 46 11 5 42 8 16 10 43 44 34 45 17 30 28 22 0 
bonus: 37 38 12 40 26 21 23 24 7 39 35 6 3 27 20 36 9 41 29 25 49 14 33 4 15 48 2 47 19 13 8 16 10 43 44 34 45 17 30 28 22 
passengers: 87 88 93 94 92 107 95 96 79 78 3 60 66 59 47 135 136 118 117 11 10 

1329.92	7070	9760
tour: 0 37 32 1 33 9 41 29 25 49 14 11 5 42 8 16 43 44 34 4 15 10 6 3 27 20 36 18 7 39 35 12 40 26 21 23 24 45 17 30 28 22 48 2 47 19 31 13 46 38 0 
bonus: 37 32 1 33 9 41 29 25 49 14 11 5 44 34 4 15 6 
passengers: 85 84 58 62 60 63 59 11 10 14 127 125 68 67 1 0 80 102 77 104 111 16 129 43 

1316.05	7019	4271
tour: 0 37 32 1 14 33 9 41 29 25 49 43 44 34 4 15 10 2 47 11 5 42 8 16 6 3 27 20 36 18 7 39 35 12 40 26 21 23 24 45 17 30 28 22 48 19 31 13 46 38 0 
bonus: 37 32 1 14 33 9 27 20 
passengers: 85 86 84 58 62 63 59 124 123 68 67 71 69 14 12 1 0 80 102 77 104 111 16 129 43 

1297.05	7544	13516
tour: 0 37 32 1 14 33 9 41 29 25 49 31 13 46 8 19 16 43 44 34 4 15 10 6 3 27 20 36 18 7 39 35 12 47 11 5 42 26 21 23 24 45 17 30 28 22 48 2 40 38 0 
bonus: 37 32 1 14 33 9 41 29 25 49 13 19 34 4 15 10 6 3 22 48 2 40 38 
passengers: 85 84 58 62 63 66 61 47 138 127 125 126 124 68 67 1 0 22 23 97 77 118 117 16 20 

1255.68	7224	5396
tour: 0 37 32 1 14 33 9 41 29 25 49 43 44 34 4 15 10 2 40 26 21 23 24 45 17 30 28 22 48 19 31 13 46 38 12 47 11 5 42 8 16 6 3 27 20 36 18 7 39 35 0 
bonus: 37 32 1 14 33 9 41 29 35 
passengers: 85 86 84 58 62 63 61 42 124 123 71 70 74 6 104 111 16 129 43 51 135 136 89 93 14 12 

1358.22	8426	19617
tour: 0 27 20 36 18 7 39 23 24 34 45 17 4 15 10 2 40 26 21 49 37 32 1 14 33 9 30 48 19 31 13 46 8 16 43 44 35 6 3 38 12 47 11 5 42 41 29 25 28 22 0 
bonus: 27 20 36 18 7 17 4 15 10 2 40 26 21 49 37 32 1 14 33 9 30 48 19 31 13 46 8 44 35 6 3 25 22 
passengers: 27 28 102 71 70 133 132 7 9 8 111 112 15 85 84 62 63 66 61 43 49 136 125 79 77 78 3 116 40 

1632.65	9070	22108
tour: 0 37 32 1 14 33 42 8 16 43 44 5 27 20 36 18 7 39 35 24 34 45 17 4 15 10 2 40 26 21 23 9 41 29 13 46 49 25 6 3 38 12 47 11 30 48 19 31 28 22 0 
bonus: 37 32 1 14 33 42 8 16 43 24 34 45 17 4 15 10 2 40 26 21 23 9 41 29 13 46 49 25 6 3 38 12 48 19 31 28 22 
passengers: 85 84 62 60 63 59 61 14 12 127 125 126 102 71 70 74 133 132 104 107 111 112 16 21 42 41 142 5 43 

