1.770110531e+00 1.660125786e+00 1.788131089e+00 
1.382075530e+00 1.562012579e+00 1.220460585e+00 
1.659656125e+00 1.670943396e+00 1.829849424e+00 
1.666334050e+00 1.634968553e+00 1.594154119e+00 
1.638394228e+00 1.643270440e+00 1.701682905e+00 
1.616825299e+00 1.676226415e+00 1.834543844e+00 
1.545004605e+00 1.667924528e+00 1.797697077e+00 
1.596355542e+00 1.657106918e+00 1.704251550e+00 
1.666487565e+00 1.710943396e+00 2.000000000e+00 
1.680841265e+00 1.706415094e+00 1.925066430e+00 
1.627571385e+00 1.717735849e+00 2.000000000e+00 
1.503583052e+00 1.649559748e+00 1.628963685e+00 
1.398833282e+00 1.597735849e+00 1.329052259e+00 
1.410832054e+00 1.659874214e+00 1.642604074e+00 
1.443761130e+00 1.649056604e+00 1.507440213e+00 
1.567955173e+00 1.719496855e+00 1.941364039e+00 
1.377009518e+00 1.726540881e+00 2.000000000e+00 
1.394534848e+00 1.637735849e+00 1.455890168e+00 
1.368001228e+00 1.672452830e+00 1.546855624e+00 
1.489407430e+00 1.686540881e+00 1.704251550e+00 
1.608842493e+00 1.716729560e+00 1.881488043e+00 
1.482499232e+00 1.694088050e+00 1.706200177e+00 
1.457783236e+00 1.703899371e+00 1.704251550e+00 
