1.936979412e+00 1.674595390e+00 2.000000000e+00 
1.922520824e+00 1.676802354e+00 2.000000000e+00 
1.907119283e+00 1.678518882e+00 2.000000000e+00 
1.890460475e+00 1.680235410e+00 2.000000000e+00 
1.875058934e+00 1.685630211e+00 2.000000000e+00 
1.874430300e+00 1.687101520e+00 2.000000000e+00 
1.865629420e+00 1.690044139e+00 2.000000000e+00 
1.865000786e+00 1.691760667e+00 2.000000000e+00 
1.752971869e+00 1.692741540e+00 2.000000000e+00 
1.621458432e+00 1.694703286e+00 2.000000000e+00 
1.612289800e+00 1.718489456e+00 2.000000000e+00 
1.589187490e+00 1.767533104e+00 2.000000000e+00 
1.515847871e+00 1.805296714e+00 2.000000000e+00 
1.487166431e+00 1.835458558e+00 2.000000000e+00 
