1.925118095e+00 1.653179191e+00 1.799478167e+00 
1.537068821e+00 1.535059060e+00 1.140971529e+00 
1.817276000e+00 1.631063081e+00 1.690814212e+00 
1.783176633e+00 1.632822317e+00 1.690814212e+00 
1.689338822e+00 1.639607942e+00 1.717443020e+00 
1.683263211e+00 1.641367178e+00 1.717443020e+00 
1.377173930e+00 1.635335511e+00 1.590054485e+00 
1.371098319e+00 1.637094747e+00 1.590054485e+00 
1.563011680e+00 1.683086203e+00 1.872764945e+00 
1.556936069e+00 1.684845439e+00 1.872764945e+00 
1.866640339e+00 1.629052526e+00 1.566648761e+00 
1.713434695e+00 1.610203569e+00 1.396055560e+00 
1.684320367e+00 1.681578286e+00 1.824418694e+00 
1.506836581e+00 1.668258356e+00 1.732100376e+00 
1.499825326e+00 1.670268912e+00 1.732100376e+00 
1.491015690e+00 1.673536064e+00 1.732100376e+00 
1.699561037e+00 1.731590852e+00 2.000000000e+00 
1.556459134e+00 1.659713496e+00 1.607627964e+00 
1.608402570e+00 1.744408143e+00 2.000000000e+00 
1.599592934e+00 1.747675295e+00 2.000000000e+00 
1.384109239e+00 1.695400854e+00 1.706545929e+00 
1.340240290e+00 1.663483287e+00 1.512086563e+00 
1.499740268e+00 1.766021613e+00 2.000000000e+00 
1.526861795e+00 1.734355366e+00 1.797559665e+00 
1.460282212e+00 1.887660216e+00 1.736244340e+00 
1.471300333e+00 1.930384519e+00 2.000000000e+00 
1.459650349e+00 1.908771048e+00 1.761338347e+00 
1.385755730e+00 1.928122644e+00 1.741923106e+00 
