1.614845011e+00 1.800294768e+00 2.000000000e+00 
1.662681963e+00 1.786293294e+00 2.000000000e+00 
1.591678127e+00 1.886514370e+00 2.000000000e+00 
1.613477960e+00 1.871775976e+00 2.000000000e+00 
1.752618678e+00 1.750921150e+00 2.000000000e+00 
1.778040746e+00 1.736919676e+00 2.000000000e+00 
1.463132671e+00 1.777450258e+00 1.915943173e+00 
1.577942010e+00 1.699336772e+00 1.915943173e+00 
1.510969622e+00 1.763448784e+00 1.915943173e+00 
1.555253224e+00 1.739130435e+00 1.915943173e+00 
1.703412216e+00 1.685335298e+00 1.915943173e+00 
1.483634339e+00 1.689019897e+00 1.912983425e+00 
1.582588508e+00 1.630803242e+00 1.912983425e+00 
1.573021610e+00 1.654384672e+00 1.912983425e+00 
1.559900542e+00 1.676492262e+00 1.912983425e+00 
1.557440342e+00 1.683124539e+00 1.912983425e+00 
1.451446721e+00 1.780397937e+00 1.912983425e+00 
1.712432949e+00 1.616801769e+00 1.912983425e+00 
1.415568802e+00 1.660280029e+00 1.836621942e+00 
1.656121429e+00 1.619012528e+00 1.836029992e+00 
1.701225098e+00 1.608695652e+00 1.836029992e+00 
1.308960131e+00 1.637435520e+00 1.828926598e+00 
1.421309269e+00 1.565217391e+00 1.828926598e+00 
1.356797082e+00 1.623434046e+00 1.828926598e+00 
1.407914300e+00 1.579218865e+00 1.828926598e+00 
1.398620484e+00 1.604274134e+00 1.828926598e+00 
1.535298541e+00 1.526160648e+00 1.778413575e+00 
1.348323333e+00 1.571112749e+00 1.752565114e+00 
1.370465134e+00 1.556374355e+00 1.752565114e+00 
1.440990870e+00 1.532056006e+00 1.752565114e+00 
1.358779183e+00 1.559322034e+00 1.749605367e+00 
1.334382199e+00 1.588798821e+00 1.749605367e+00 
1.420489203e+00 1.515843773e+00 1.749605367e+00 
1.419122151e+00 1.488577745e+00 1.749013418e+00 
1.303834714e+00 1.661016949e+00 1.733228098e+00 
1.383586201e+00 1.503316139e+00 1.694356748e+00 
1.346888216e+00 1.551952837e+00 1.694356748e+00 
1.308960131e+00 1.610169492e+00 1.694356748e+00 
1.460672471e+00 1.474576271e+00 1.694356748e+00 
1.158887924e+00 1.411938099e+00 1.665548540e+00 
1.483907421e+00 1.383935151e+00 1.614443567e+00 
1.346956281e+00 1.386145910e+00 1.585635359e+00 
1.153762507e+00 1.435519528e+00 1.569850039e+00 
1.305679864e+00 1.374355195e+00 1.561760063e+00 
1.198251126e+00 1.321296979e+00 1.530978690e+00 
1.158887924e+00 1.384672071e+00 1.530978690e+00 
1.141871540e+00 1.428150332e+00 1.514601421e+00 
1.196064008e+00 1.325718497e+00 1.501578532e+00 
1.138044289e+00 1.386145910e+00 1.501578532e+00 
1.124650139e+00 1.355195284e+00 1.485793212e+00 
1.104011520e+00 1.343404569e+00 1.478295185e+00 
1.131005656e+00 1.322770818e+00 1.477703236e+00 
1.411741551e+00 1.281503316e+00 1.451065509e+00 
1.399987535e+00 1.272660280e+00 1.434688240e+00 
1.390009783e+00 1.303610906e+00 1.434688240e+00 
1.370465134e+00 1.269712601e+00 1.427190213e+00 
1.278890745e+00 1.299926308e+00 1.401341752e+00 
1.251828544e+00 1.302873987e+00 1.398382005e+00 
1.098886103e+00 1.366985999e+00 1.382596685e+00 
1.108931921e+00 1.298452469e+00 1.367008682e+00 
1.253468677e+00 1.224760501e+00 1.367008682e+00 
1.177407490e+00 1.295504790e+00 1.367008682e+00 
1.108863855e+00 1.218128224e+00 1.351223362e+00 
1.084944969e+00 1.362564480e+00 1.351223362e+00 
1.171462007e+00 1.183492999e+00 1.350631413e+00 
1.104011520e+00 1.316138541e+00 1.343725335e+00 
1.086995136e+00 1.359616802e+00 1.327348066e+00 
1.059522902e+00 1.222549742e+00 1.314325178e+00 
1.054397485e+00 1.246131172e+00 1.218626677e+00 
1.152600473e+00 1.030213707e+00 1.187253354e+00 
1.015171234e+00 1.241709654e+00 1.187253354e+00 
1.121437938e+00 1.159911570e+00 1.187253354e+00 
1.088020220e+00 1.192336035e+00 1.187253354e+00 
1.106676737e+00 1.064848931e+00 1.179755328e+00 
1.034237785e+00 1.195283714e+00 1.179755328e+00 
1.053987451e+00 1.149594694e+00 1.163970008e+00 
1.058019719e+00 1.069270450e+00 1.163378058e+00 
1.017221401e+00 1.238761975e+00 1.163378058e+00 
1.025285117e+00 1.165806927e+00 1.134569850e+00 
1.058019719e+00 1.045689020e+00 1.000000000e+00 
1.106676737e+00 1.033898305e+00 1.000000000e+00 
1.152600473e+00 1.000000000e+00 1.000000000e+00 
1.000000000e+00 1.138540899e+00 1.000000000e+00 
1.053987451e+00 1.123802506e+00 1.000000000e+00 
