1.450120385e+00 1.774907749e+00 2.000000000e+00 
1.484670947e+00 1.752029520e+00 2.000000000e+00 
1.423154093e+00 1.816974170e+00 2.000000000e+00 
1.369582665e+00 1.887084871e+00 2.000000000e+00 
1.717736758e+00 1.749077491e+00 2.000000000e+00 
1.791813804e+00 1.745387454e+00 2.000000000e+00 
1.849518459e+00 1.730627306e+00 2.000000000e+00 
1.319020867e+00 1.760885609e+00 1.890499195e+00 
1.400882825e+00 1.688560886e+00 1.890499195e+00 
1.328531300e+00 1.757933579e+00 1.890499195e+00 
1.394341894e+00 1.699630996e+00 1.890499195e+00 
1.428892456e+00 1.676752768e+00 1.890499195e+00 
1.440690209e+00 1.670110701e+00 1.890499195e+00 
1.367375602e+00 1.741697417e+00 1.890499195e+00 
1.313804173e+00 1.811808118e+00 1.890499195e+00 
1.648876404e+00 1.655350554e+00 1.890499195e+00 
1.396067416e+00 1.641328413e+00 1.874575058e+00 
1.369101124e+00 1.683394834e+00 1.874575058e+00 
1.345987159e+00 1.711439114e+00 1.874575058e+00 
1.305858748e+00 1.750553506e+00 1.874575058e+00 
1.464927769e+00 1.625092251e+00 1.874575058e+00 
1.568699839e+00 1.618450185e+00 1.874575058e+00 
1.340489567e+00 1.721771218e+00 1.847378780e+00 
1.217576244e+00 1.543173432e+00 1.765074253e+00 
1.531701445e+00 1.473800738e+00 1.742887815e+00 
1.374598716e+00 1.507749077e+00 1.728216139e+00 
1.439646870e+00 1.501107011e+00 1.728216139e+00 
1.300401284e+00 1.507011070e+00 1.721953838e+00 
1.331059390e+00 1.398523985e+00 1.633387010e+00 
1.217576244e+00 1.519557196e+00 1.633387010e+00 
1.165810594e+00 1.439114391e+00 1.624798712e+00 
1.203772071e+00 1.431734317e+00 1.612453033e+00 
1.216532905e+00 1.374169742e+00 1.602791197e+00 
1.215088283e+00 1.389667897e+00 1.587940598e+00 
1.279293740e+00 1.294464945e+00 1.493111469e+00 
1.165810594e+00 1.415498155e+00 1.493111469e+00 
1.248394864e+00 1.303321033e+00 1.480765790e+00 
1.203772071e+00 1.408118081e+00 1.480765790e+00 
1.152006421e+00 1.327675277e+00 1.472177492e+00 
1.126484751e+00 1.278966790e+00 1.462515656e+00 
1.195345104e+00 1.262730627e+00 1.462515656e+00 
1.196629213e+00 1.199261993e+00 1.340490249e+00 
1.239967897e+00 1.134317343e+00 1.330828413e+00 
1.126484751e+00 1.255350554e+00 1.330828413e+00 
1.195345104e+00 1.239114391e+00 1.330828413e+00 
1.112680578e+00 1.167527675e+00 1.309894435e+00 
1.108667737e+00 1.233948339e+00 1.271962784e+00 
1.157303371e+00 1.039114391e+00 1.178207193e+00 
1.112680578e+00 1.143911439e+00 1.178207193e+00 
1.179775281e+00 1.022140221e+00 1.162283056e+00 
1.099518459e+00 1.033948339e+00 1.152621220e+00 
1.000000000e+00 1.048708487e+00 1.131687243e+00 
1.000000000e+00 1.025092251e+00 1.000000000e+00 
1.099518459e+00 1.001476015e+00 1.000000000e+00 
1.179775281e+00 1.000000000e+00 1.000000000e+00 
