1.448046181e+00 1.702489375e+00 1.850045167e+00 
1.615230906e+00 1.692774742e+00 1.904245709e+00 
1.933392540e+00 1.795992714e+00 2.000000000e+00 
1.477131439e+00 1.831815422e+00 1.915537489e+00 
1.527309059e+00 1.630843959e+00 1.819783198e+00 
1.932504440e+00 1.807528840e+00 2.000000000e+00 
1.575932504e+00 1.574984821e+00 1.765582656e+00 
1.432060391e+00 1.636915604e+00 1.765582656e+00 
1.261989343e+00 1.426836673e+00 1.558491418e+00 
1.772424512e+00 1.831815422e+00 2.000000000e+00 
1.311722913e+00 1.471159684e+00 1.579719964e+00 
1.687166963e+00 1.783242259e+00 1.915537489e+00 
1.530417407e+00 1.796599879e+00 1.915537489e+00 
1.540630551e+00 1.458409229e+00 1.679765131e+00 
1.231127886e+00 1.506982392e+00 1.589656730e+00 
1.305284192e+00 1.649058895e+00 1.679765131e+00 
1.458481350e+00 1.717668488e+00 1.904245709e+00 
1.838809947e+00 1.813600486e+00 2.000000000e+00 
1.526420959e+00 1.662416515e+00 1.819783198e+00 
1.153048845e+00 1.346690953e+00 1.483965673e+00 
1.554174067e+00 1.604735883e+00 1.765582656e+00 
1.248963588e+00 1.474195507e+00 1.669828365e+00 
1.763543517e+00 1.734061931e+00 1.915537489e+00 
1.708703375e+00 1.557984214e+00 1.765582656e+00 
1.775310835e+00 1.668488160e+00 1.904245709e+00 
1.659857904e+00 1.564055859e+00 1.765582656e+00 
1.373223801e+00 1.669095325e+00 1.819783198e+00 
1.460479574e+00 1.451123254e+00 1.625564589e+00 
1.722024867e+00 1.606557377e+00 1.819783198e+00 
1.325636767e+00 1.388585307e+00 1.568428184e+00 
1.146240675e+00 1.347905282e+00 1.372628726e+00 
1.545959147e+00 1.573770492e+00 1.764227642e+00 
1.441607460e+00 1.599271403e+00 1.764227642e+00 
1.338587922e+00 1.693381906e+00 1.819783198e+00 
1.128330373e+00 1.316939891e+00 1.335817525e+00 
1.587921847e+00 1.473588342e+00 1.754290876e+00 
1.706039076e+00 1.549483910e+00 1.764227642e+00 
1.161856128e+00 1.333333333e+00 1.345754291e+00 
1.280787744e+00 1.443837280e+00 1.568428184e+00 
1.399644760e+00 1.287795993e+00 1.466124661e+00 
1.543738899e+00 1.790528233e+00 1.915537489e+00 
1.517317940e+00 1.607164542e+00 1.765582656e+00 
1.161856128e+00 1.363084396e+00 1.493902439e+00 
1.260213144e+00 1.291438980e+00 1.483965673e+00 
1.396536412e+00 1.522768670e+00 1.754290876e+00 
1.495559503e+00 1.483302975e+00 1.679765131e+00 
1.300473357e+00 1.438372799e+00 1.568428184e+00 
1.128330373e+00 1.326654523e+00 1.343947606e+00 
1.255328597e+00 1.276259866e+00 1.381662150e+00 
1.639431616e+00 1.653309047e+00 1.850045167e+00 
1.464031972e+00 1.630843959e+00 1.765582656e+00 
1.267761989e+00 1.269581056e+00 1.428410117e+00 
1.320825933e+00 1.514875531e+00 1.679765131e+00 
1.344138544e+00 1.403764420e+00 1.614272809e+00 
1.664742451e+00 1.612629022e+00 1.850045167e+00 
1.186056838e+00 1.323618701e+00 1.439701897e+00 
1.337033748e+00 1.430479660e+00 1.579719964e+00 
1.376702487e+00 1.571341834e+00 1.754290876e+00 
1.518650089e+00 1.354584092e+00 1.614272809e+00 
1.318605684e+00 1.313904068e+00 1.493902439e+00 
1.502664298e+00 1.425015179e+00 1.669828365e+00 
1.670959147e+00 1.861566485e+00 2.000000000e+00 
1.527753108e+00 1.904675167e+00 2.000000000e+00 
1.134547069e+00 1.114146934e+00 1.195799458e+00 
1.241119005e+00 1.355191257e+00 1.529810298e+00 
1.217362345e+00 1.247115968e+00 1.345754291e+00 
1.356571936e+00 1.288403157e+00 1.529810298e+00 
1.134547069e+00 1.143897996e+00 1.343947606e+00 
1.080817052e+00 1.250758956e+00 1.288166215e+00 
1.296625222e+00 1.239222829e+00 1.381662150e+00 
1.000000000e+00 1.047965999e+00 1.148148148e+00 
1.190053286e+00 1.000000000e+00 1.000000000e+00 
1.000000000e+00 1.018214936e+00 1.000000000e+00 
1.103019538e+00 1.125683060e+00 1.185862692e+00 
1.190053286e+00 1.027929569e+00 1.195799458e+00 
1.500444050e+00 1.685488767e+00 1.850045167e+00 

1.616119005e+00 1.550091075e+00 1.764227642e+00 
1.698046181e+00 1.564055859e+00 1.765582656e+00 
1.242673179e+00 1.565877353e+00 1.633920506e+00 
1.924511545e+00 1.738312083e+00 1.915537489e+00 
1.826820604e+00 1.769884639e+00 1.915537489e+00 
1.587921847e+00 1.473588342e+00 1.754290876e+00 
1.718250444e+00 1.777170613e+00 1.915537489e+00 
1.527309059e+00 1.630843959e+00 1.819783198e+00 
1.438128774e+00 1.658166363e+00 1.765582656e+00 
1.775310835e+00 1.668488160e+00 1.904245709e+00 
1.441607460e+00 1.599271403e+00 1.764227642e+00 
1.500444050e+00 1.685488767e+00 1.850045167e+00 
1.502664298e+00 1.425015179e+00 1.669828365e+00 
1.669404973e+00 1.783242259e+00 1.915537489e+00 
1.769094139e+00 1.542197936e+00 1.764227642e+00 
1.467584369e+00 1.805707347e+00 1.915537489e+00 
1.689165187e+00 1.661809350e+00 1.850045167e+00 
1.597468917e+00 1.692774742e+00 1.904245709e+00 
1.423845471e+00 1.741955070e+00 1.904245709e+00 
1.186056838e+00 1.323618701e+00 1.439701897e+00 
1.690053286e+00 1.619914997e+00 1.819783198e+00 
1.495337478e+00 1.465695203e+00 1.679765131e+00 
1.540630551e+00 1.458409229e+00 1.679765131e+00 
1.261989343e+00 1.426836673e+00 1.558491418e+00 
1.344138544e+00 1.403764420e+00 1.614272809e+00 
1.468324156e+00 1.655737705e+00 1.819783198e+00 
1.604351687e+00 1.794778385e+00 1.915537489e+00 
1.334221137e+00 1.522768670e+00 1.754290876e+00 
1.767317940e+00 1.599271403e+00 1.819783198e+00 
1.242155417e+00 1.475409836e+00 1.558491418e+00 
1.274718472e+00 1.430479660e+00 1.579719964e+00 
1.518650089e+00 1.354584092e+00 1.614272809e+00 
1.496743339e+00 1.574984821e+00 1.765582656e+00 
1.455002664e+00 1.607164542e+00 1.765582656e+00 
1.267761989e+00 1.269581056e+00 1.428410117e+00 
1.512211368e+00 1.644201579e+00 1.819783198e+00 
1.483570160e+00 1.710382514e+00 1.904245709e+00 
1.231127886e+00 1.506982392e+00 1.589656730e+00 
1.260213144e+00 1.291438980e+00 1.483965673e+00 
1.482238011e+00 1.435944141e+00 1.669828365e+00 
1.128330373e+00 1.326654523e+00 1.343947606e+00 
1.128330373e+00 1.316939891e+00 1.335817525e+00 
1.325636767e+00 1.388585307e+00 1.568428184e+00 
1.255328597e+00 1.276259866e+00 1.381662150e+00 
1.161856128e+00 1.333333333e+00 1.345754291e+00 
1.318605684e+00 1.313904068e+00 1.493902439e+00 
1.248963588e+00 1.474195507e+00 1.669828365e+00 
1.080817052e+00 1.250758956e+00 1.288166215e+00 
1.153048845e+00 1.346690953e+00 1.483965673e+00 
1.753108348e+00 1.612629022e+00 1.819783198e+00 
1.224245115e+00 1.444444444e+00 1.521680217e+00 
1.224245115e+00 1.454159077e+00 1.529810298e+00 
1.380994671e+00 1.770491803e+00 1.764227642e+00 
1.134547069e+00 1.143897996e+00 1.343947606e+00 
1.356571936e+00 1.288403157e+00 1.529810298e+00 
1.146240675e+00 1.347905282e+00 1.372628726e+00 
1.134547069e+00 1.114146934e+00 1.195799458e+00 
1.398312611e+00 1.661809350e+00 1.819783198e+00 
1.241119005e+00 1.355191257e+00 1.529810298e+00 
1.217362345e+00 1.247115968e+00 1.345754291e+00 
1.296625222e+00 1.239222829e+00 1.381662150e+00 
1.161856128e+00 1.363084396e+00 1.493902439e+00 
1.000000000e+00 1.018214936e+00 1.000000000e+00 
1.190053286e+00 1.000000000e+00 1.000000000e+00 
1.399644760e+00 1.287795993e+00 1.466124661e+00 
1.190053286e+00 1.027929569e+00 1.195799458e+00 
1.000000000e+00 1.047965999e+00 1.148148148e+00 
1.103019538e+00 1.125683060e+00 1.185862692e+00 

1.690053286e+00 1.619914997e+00 1.819783198e+00 
1.344138544e+00 1.403764420e+00 1.614272809e+00 
1.517317940e+00 1.607164542e+00 1.765582656e+00 
1.781305506e+00 1.777170613e+00 1.915537489e+00 
1.224245115e+00 1.454159077e+00 1.529810298e+00 
1.587921847e+00 1.473588342e+00 1.754290876e+00 
1.495337478e+00 1.465695203e+00 1.679765131e+00 
1.370707815e+00 1.583485124e+00 1.718383017e+00 
1.518650089e+00 1.354584092e+00 1.614272809e+00 
1.242673179e+00 1.565877353e+00 1.633920506e+00 
1.432060391e+00 1.636915604e+00 1.765582656e+00 
1.305284192e+00 1.486338798e+00 1.633920506e+00 
1.305284192e+00 1.649058895e+00 1.679765131e+00 
1.775310835e+00 1.668488160e+00 1.904245709e+00 
1.261989343e+00 1.426836673e+00 1.558491418e+00 
1.308096803e+00 1.663023679e+00 1.718383017e+00 
1.377442274e+00 1.388585307e+00 1.568428184e+00 
1.570603908e+00 1.661809350e+00 1.850045167e+00 
1.517317940e+00 1.685488767e+00 1.850045167e+00 
1.371669627e+00 1.678202793e+00 1.729674797e+00 
1.485346359e+00 1.613236187e+00 1.765582656e+00 
1.660523979e+00 1.692774742e+00 1.904245709e+00 
1.767317940e+00 1.599271403e+00 1.819783198e+00 
1.224245115e+00 1.444444444e+00 1.521680217e+00 
1.408081705e+00 1.468123862e+00 1.625564589e+00 
1.305284192e+00 1.639951427e+00 1.669828365e+00 
1.801065719e+00 1.641165756e+00 1.850045167e+00 
1.413410302e+00 1.522768670e+00 1.754290876e+00 
1.311278863e+00 1.474195507e+00 1.669828365e+00 
1.458481350e+00 1.717668488e+00 1.904245709e+00 
1.302397869e+00 1.534304797e+00 1.633920506e+00 
1.441607460e+00 1.599271403e+00 1.764227642e+00 
1.579484902e+00 1.564055859e+00 1.765582656e+00 
1.295071048e+00 1.488767456e+00 1.578364950e+00 
1.398978686e+00 1.625379478e+00 1.729674797e+00 
1.477131439e+00 1.831815422e+00 1.915537489e+00 
1.530417407e+00 1.796599879e+00 1.915537489e+00 
1.502664298e+00 1.425015179e+00 1.669828365e+00 
1.373223801e+00 1.669095325e+00 1.819783198e+00 
1.267761989e+00 1.269581056e+00 1.428410117e+00 
1.231127886e+00 1.506982392e+00 1.589656730e+00 
1.356571936e+00 1.288403157e+00 1.529810298e+00 
1.146240675e+00 1.347905282e+00 1.372628726e+00 
1.161856128e+00 1.333333333e+00 1.345754291e+00 
1.255328597e+00 1.276259866e+00 1.381662150e+00 
1.128330373e+00 1.326654523e+00 1.343947606e+00 
1.161856128e+00 1.363084396e+00 1.493902439e+00 
1.526420959e+00 1.662416515e+00 1.819783198e+00 
1.540630551e+00 1.458409229e+00 1.679765131e+00 
1.318605684e+00 1.313904068e+00 1.493902439e+00 
1.260213144e+00 1.291438980e+00 1.483965673e+00 
1.376332149e+00 1.398907104e+00 1.531616983e+00 
1.320825933e+00 1.514875531e+00 1.679765131e+00 
1.134547069e+00 1.143897996e+00 1.343947606e+00 
1.217362345e+00 1.247115968e+00 1.345754291e+00 
1.186056838e+00 1.323618701e+00 1.439701897e+00 
1.241119005e+00 1.355191257e+00 1.529810298e+00 
1.280787744e+00 1.443837280e+00 1.568428184e+00 
1.128330373e+00 1.316939891e+00 1.335817525e+00 
1.527309059e+00 1.630843959e+00 1.819783198e+00 
1.134547069e+00 1.114146934e+00 1.195799458e+00 
1.080817052e+00 1.250758956e+00 1.288166215e+00 
1.153048845e+00 1.346690953e+00 1.483965673e+00 
1.277309059e+00 1.541590771e+00 1.633920506e+00 
1.399644760e+00 1.287795993e+00 1.466124661e+00 
1.000000000e+00 1.018214936e+00 1.000000000e+00 
1.482238011e+00 1.435944141e+00 1.669828365e+00 
1.190053286e+00 1.027929569e+00 1.195799458e+00 
1.296625222e+00 1.239222829e+00 1.381662150e+00 
1.190053286e+00 1.000000000e+00 1.000000000e+00 
1.000000000e+00 1.047965999e+00 1.148148148e+00 
1.103019538e+00 1.125683060e+00 1.185862692e+00 

1.575932504e+00 1.574984821e+00 1.765582656e+00 
1.706039076e+00 1.549483910e+00 1.764227642e+00 
1.547735346e+00 1.619914997e+00 1.819783198e+00 
1.344138544e+00 1.403764420e+00 1.614272809e+00 
1.745115453e+00 1.612629022e+00 1.850045167e+00 
1.632992895e+00 1.668488160e+00 1.904245709e+00 
1.380994671e+00 1.770491803e+00 1.764227642e+00 
1.311722913e+00 1.471159684e+00 1.579719964e+00 
1.838365897e+00 1.661202186e+00 1.904245709e+00 
1.467584369e+00 1.805707347e+00 1.915537489e+00 
1.616119005e+00 1.550091075e+00 1.764227642e+00 
1.242155417e+00 1.475409836e+00 1.558491418e+00 
1.604351687e+00 1.794778385e+00 1.915537489e+00 
1.689165187e+00 1.661809350e+00 1.850045167e+00 
1.468324156e+00 1.655737705e+00 1.819783198e+00 
1.722024867e+00 1.606557377e+00 1.819783198e+00 
1.495337478e+00 1.465695203e+00 1.679765131e+00 
1.483570160e+00 1.710382514e+00 1.904245709e+00 
1.546181172e+00 1.591378264e+00 1.764227642e+00 
1.518650089e+00 1.354584092e+00 1.614272809e+00 
1.482238011e+00 1.435944141e+00 1.669828365e+00 
1.423845471e+00 1.741955070e+00 1.904245709e+00 
1.708703375e+00 1.557984214e+00 1.765582656e+00 
1.500444050e+00 1.685488767e+00 1.850045167e+00 
1.540630551e+00 1.458409229e+00 1.679765131e+00 
1.455002664e+00 1.607164542e+00 1.765582656e+00 
1.300473357e+00 1.438372799e+00 1.568428184e+00 
1.261989343e+00 1.426836673e+00 1.558491418e+00 
1.718250444e+00 1.777170613e+00 1.915537489e+00 
1.255328597e+00 1.276259866e+00 1.381662150e+00 
1.267761989e+00 1.269581056e+00 1.428410117e+00 
1.398312611e+00 1.661809350e+00 1.819783198e+00 
1.334221137e+00 1.522768670e+00 1.754290876e+00 
1.356571936e+00 1.288403157e+00 1.529810298e+00 
1.460479574e+00 1.451123254e+00 1.625564589e+00 
1.669404973e+00 1.783242259e+00 1.915537489e+00 
1.146240675e+00 1.347905282e+00 1.372628726e+00 
1.527309059e+00 1.630843959e+00 1.819783198e+00 
1.224245115e+00 1.454159077e+00 1.529810298e+00 
1.502664298e+00 1.425015179e+00 1.669828365e+00 
1.325636767e+00 1.388585307e+00 1.568428184e+00 
1.597468917e+00 1.692774742e+00 1.904245709e+00 
1.224245115e+00 1.444444444e+00 1.521680217e+00 
1.241119005e+00 1.355191257e+00 1.529810298e+00 
1.924511545e+00 1.726775956e+00 1.915537489e+00 
1.128330373e+00 1.326654523e+00 1.343947606e+00 
1.512211368e+00 1.644201579e+00 1.819783198e+00 
1.896092362e+00 1.752884032e+00 1.915537489e+00 
1.080817052e+00 1.250758956e+00 1.288166215e+00 
1.248963588e+00 1.474195507e+00 1.669828365e+00 
1.587921847e+00 1.473588342e+00 1.754290876e+00 
1.161856128e+00 1.363084396e+00 1.493902439e+00 
1.134547069e+00 1.114146934e+00 1.195799458e+00 
1.260213144e+00 1.291438980e+00 1.483965673e+00 
1.399644760e+00 1.287795993e+00 1.466124661e+00 
1.153048845e+00 1.346690953e+00 1.483965673e+00 
1.318605684e+00 1.313904068e+00 1.493902439e+00 
1.186056838e+00 1.323618701e+00 1.439701897e+00 
1.296625222e+00 1.239222829e+00 1.381662150e+00 
1.134547069e+00 1.143897996e+00 1.343947606e+00 
1.190053286e+00 1.027929569e+00 1.195799458e+00 
1.103019538e+00 1.125683060e+00 1.185862692e+00 
1.128330373e+00 1.316939891e+00 1.335817525e+00 
1.000000000e+00 1.047965999e+00 1.148148148e+00 
1.000000000e+00 1.018214936e+00 1.000000000e+00 
1.190053286e+00 1.000000000e+00 1.000000000e+00 
1.217362345e+00 1.247115968e+00 1.345754291e+00 

1.496743339e+00 1.574984821e+00 1.765582656e+00 
1.579262877e+00 1.802064359e+00 1.915537489e+00 
1.408081705e+00 1.468123862e+00 1.625564589e+00 
1.462699822e+00 1.403764420e+00 1.614272809e+00 
1.547735346e+00 1.619914997e+00 1.819783198e+00 
1.838809947e+00 1.813600486e+00 2.000000000e+00 
1.325636767e+00 1.388585307e+00 1.568428184e+00 
1.320825933e+00 1.514875531e+00 1.679765131e+00 
1.754662522e+00 1.831815422e+00 2.000000000e+00 
1.706039076e+00 1.549483910e+00 1.764227642e+00 
1.766873890e+00 1.758955677e+00 1.915537489e+00 
1.338587922e+00 1.693381906e+00 1.819783198e+00 
1.383880995e+00 1.507589557e+00 1.679765131e+00 
1.616119005e+00 1.550091075e+00 1.764227642e+00 
1.769094139e+00 1.542197936e+00 1.764227642e+00 
1.587921847e+00 1.473588342e+00 1.754290876e+00 
1.572231794e+00 1.818457802e+00 1.915537489e+00 
1.186056838e+00 1.323618701e+00 1.439701897e+00 
1.606793961e+00 1.783242259e+00 1.915537489e+00 
1.242155417e+00 1.475409836e+00 1.558491418e+00 
1.798845471e+00 1.745598057e+00 1.915537489e+00 
1.664742451e+00 1.612629022e+00 1.850045167e+00 
1.906749556e+00 1.734061931e+00 1.915537489e+00 
1.540630551e+00 1.458409229e+00 1.679765131e+00 
1.518650089e+00 1.354584092e+00 1.614272809e+00 
1.675399645e+00 1.897389192e+00 2.000000000e+00 
1.352871226e+00 1.636915604e+00 1.765582656e+00 
1.701891652e+00 1.769884639e+00 1.915537489e+00 
1.502664298e+00 1.425015179e+00 1.669828365e+00 
1.629958259e+00 1.927140255e+00 2.000000000e+00 
1.161856128e+00 1.363084396e+00 1.493902439e+00 
1.546625222e+00 1.690346084e+00 1.850045167e+00 
1.597468917e+00 1.692774742e+00 1.904245709e+00 
1.597912966e+00 1.983606557e+00 2.000000000e+00 
1.746296625e+00 1.867638130e+00 2.000000000e+00 
1.512211368e+00 1.644201579e+00 1.819783198e+00 
1.260213144e+00 1.291438980e+00 1.483965673e+00 
1.255328597e+00 1.276259866e+00 1.381662150e+00 
1.146240675e+00 1.347905282e+00 1.372628726e+00 
1.241119005e+00 1.355191257e+00 1.529810298e+00 
1.526050622e+00 1.709775349e+00 1.850045167e+00 
1.398312611e+00 1.661809350e+00 1.819783198e+00 
1.554618117e+00 1.854887675e+00 1.915537489e+00 
1.495337478e+00 1.465695203e+00 1.679765131e+00 
1.399644760e+00 1.287795993e+00 1.466124661e+00 
1.483570160e+00 1.710382514e+00 1.904245709e+00 
1.455002664e+00 1.607164542e+00 1.765582656e+00 
1.224245115e+00 1.444444444e+00 1.521680217e+00 
1.267761989e+00 1.269581056e+00 1.428410117e+00 
1.356571936e+00 1.288403157e+00 1.529810298e+00 
1.318605684e+00 1.313904068e+00 1.493902439e+00 
1.468324156e+00 1.655737705e+00 1.819783198e+00 
1.334221137e+00 1.522768670e+00 1.754290876e+00 
1.274718472e+00 1.430479660e+00 1.579719964e+00 
1.248963588e+00 1.474195507e+00 1.669828365e+00 
1.134547069e+00 1.143897996e+00 1.343947606e+00 
1.128330373e+00 1.316939891e+00 1.335817525e+00 
1.217362345e+00 1.247115968e+00 1.345754291e+00 
1.579484902e+00 1.564055859e+00 1.765582656e+00 
1.161856128e+00 1.333333333e+00 1.345754291e+00 
1.128330373e+00 1.326654523e+00 1.343947606e+00 
1.224245115e+00 1.454159077e+00 1.529810298e+00 
1.153048845e+00 1.346690953e+00 1.483965673e+00 
1.134547069e+00 1.114146934e+00 1.195799458e+00 
1.242673179e+00 1.565877353e+00 1.633920506e+00 
1.442495560e+00 1.856102004e+00 1.915537489e+00 
1.261989343e+00 1.426836673e+00 1.558491418e+00 
1.296625222e+00 1.239222829e+00 1.381662150e+00 
1.080817052e+00 1.250758956e+00 1.288166215e+00 
1.190053286e+00 1.027929569e+00 1.195799458e+00 
1.190053286e+00 1.000000000e+00 1.000000000e+00 
1.000000000e+00 1.018214936e+00 1.000000000e+00 
1.103019538e+00 1.125683060e+00 1.185862692e+00 
1.000000000e+00 1.047965999e+00 1.148148148e+00 

1.767317940e+00 1.599271403e+00 1.819783198e+00 
1.305284192e+00 1.649058895e+00 1.679765131e+00 
1.261989343e+00 1.426836673e+00 1.558491418e+00 
1.362788632e+00 1.653916211e+00 1.765582656e+00 
1.690053286e+00 1.619914997e+00 1.819783198e+00 
1.512655417e+00 1.875531269e+00 1.915537489e+00 
1.396536412e+00 1.522768670e+00 1.754290876e+00 
1.458481350e+00 1.717668488e+00 1.904245709e+00 
1.338587922e+00 1.693381906e+00 1.819783198e+00 
1.706039076e+00 1.549483910e+00 1.764227642e+00 
1.850799290e+00 1.673345477e+00 1.850045167e+00 
1.530417407e+00 1.796599879e+00 1.915537489e+00 
1.408081705e+00 1.468123862e+00 1.625564589e+00 
1.547957371e+00 1.637522769e+00 1.819783198e+00 
1.383880995e+00 1.507589557e+00 1.679765131e+00 
1.781305506e+00 1.777170613e+00 1.915537489e+00 
1.545959147e+00 1.573770492e+00 1.764227642e+00 
1.633214920e+00 1.686095932e+00 1.904245709e+00 
1.146240675e+00 1.347905282e+00 1.372628726e+00 
1.540630551e+00 1.458409229e+00 1.679765131e+00 
1.231127886e+00 1.506982392e+00 1.589656730e+00 
1.526420959e+00 1.662416515e+00 1.819783198e+00 
1.616341030e+00 1.567698846e+00 1.764227642e+00 
1.373223801e+00 1.669095325e+00 1.819783198e+00 
1.495337478e+00 1.465695203e+00 1.679765131e+00 
1.248963588e+00 1.474195507e+00 1.669828365e+00 
1.529973357e+00 1.644201579e+00 1.819783198e+00 
1.659857904e+00 1.564055859e+00 1.765582656e+00 
1.496743339e+00 1.574984821e+00 1.765582656e+00 
1.482238011e+00 1.435944141e+00 1.669828365e+00 
1.370707815e+00 1.583485124e+00 1.718383017e+00 
1.242673179e+00 1.565877353e+00 1.633920506e+00 
1.274718472e+00 1.430479660e+00 1.579719964e+00 
1.587921847e+00 1.473588342e+00 1.754290876e+00 
1.399644760e+00 1.287795993e+00 1.466124661e+00 
1.320825933e+00 1.514875531e+00 1.679765131e+00 
1.161856128e+00 1.333333333e+00 1.345754291e+00 
1.708703375e+00 1.557984214e+00 1.765582656e+00 
1.495559503e+00 1.636915604e+00 1.765582656e+00 
1.441607460e+00 1.599271403e+00 1.764227642e+00 
1.377442274e+00 1.388585307e+00 1.568428184e+00 
1.722024867e+00 1.606557377e+00 1.819783198e+00 
1.128330373e+00 1.316939891e+00 1.335817525e+00 
1.260213144e+00 1.291438980e+00 1.483965673e+00 
1.518650089e+00 1.354584092e+00 1.614272809e+00 
1.242155417e+00 1.475409836e+00 1.558491418e+00 
1.344138544e+00 1.403764420e+00 1.614272809e+00 
1.224245115e+00 1.454159077e+00 1.529810298e+00 
1.161856128e+00 1.363084396e+00 1.493902439e+00 
1.502664298e+00 1.425015179e+00 1.669828365e+00 
1.128330373e+00 1.326654523e+00 1.343947606e+00 
1.255328597e+00 1.276259866e+00 1.381662150e+00 
1.224245115e+00 1.444444444e+00 1.521680217e+00 
1.153048845e+00 1.346690953e+00 1.483965673e+00 
1.376332149e+00 1.398907104e+00 1.531616983e+00 
1.241119005e+00 1.355191257e+00 1.529810298e+00 
1.217362345e+00 1.247115968e+00 1.345754291e+00 
1.134547069e+00 1.114146934e+00 1.195799458e+00 
1.267761989e+00 1.269581056e+00 1.428410117e+00 
1.356571936e+00 1.288403157e+00 1.529810298e+00 
1.296625222e+00 1.239222829e+00 1.381662150e+00 
1.186056838e+00 1.323618701e+00 1.439701897e+00 
1.134547069e+00 1.143897996e+00 1.343947606e+00 
1.190053286e+00 1.000000000e+00 1.000000000e+00 
1.103019538e+00 1.125683060e+00 1.185862692e+00 
1.080817052e+00 1.250758956e+00 1.288166215e+00 
1.000000000e+00 1.047965999e+00 1.148148148e+00 
1.318605684e+00 1.313904068e+00 1.493902439e+00 
1.000000000e+00 1.018214936e+00 1.000000000e+00 
1.190053286e+00 1.027929569e+00 1.195799458e+00 

1.547957371e+00 1.637522769e+00 1.819783198e+00 
1.639431616e+00 1.653309047e+00 1.850045167e+00 
1.311722913e+00 1.471159684e+00 1.579719964e+00 
1.879218472e+00 1.734061931e+00 1.915537489e+00 
1.687833037e+00 1.783242259e+00 1.915537489e+00 
1.344138544e+00 1.403764420e+00 1.614272809e+00 
1.305284192e+00 1.649058895e+00 1.679765131e+00 
1.540630551e+00 1.458409229e+00 1.679765131e+00 
1.680062167e+00 1.787492410e+00 1.915537489e+00 
1.464031972e+00 1.630843959e+00 1.765582656e+00 
1.396388099e+00 1.590163934e+00 1.754290876e+00 
1.812611012e+00 1.775349120e+00 1.915537489e+00 
1.337033748e+00 1.430479660e+00 1.579719964e+00 
1.534191829e+00 1.607164542e+00 1.765582656e+00 
1.570603908e+00 1.661809350e+00 1.850045167e+00 
1.408081705e+00 1.468123862e+00 1.625564589e+00 
1.615230906e+00 1.692774742e+00 1.904245709e+00 
1.432060391e+00 1.636915604e+00 1.765582656e+00 
1.832593250e+00 2.000000000e+00 2.000000000e+00 
1.413410302e+00 1.522768670e+00 1.754290876e+00 
1.543738899e+00 1.790528233e+00 1.915537489e+00 
1.224245115e+00 1.444444444e+00 1.521680217e+00 
1.468324156e+00 1.655737705e+00 1.819783198e+00 
1.495337478e+00 1.465695203e+00 1.679765131e+00 
1.722024867e+00 1.606557377e+00 1.819783198e+00 
1.745115453e+00 1.612629022e+00 1.850045167e+00 
1.477131439e+00 1.831815422e+00 1.915537489e+00 
1.482238011e+00 1.435944141e+00 1.669828365e+00 
1.373223801e+00 1.669095325e+00 1.819783198e+00 
1.847246892e+00 1.758955677e+00 1.915537489e+00 
1.248963588e+00 1.474195507e+00 1.669828365e+00 
1.500444050e+00 1.685488767e+00 1.850045167e+00 
1.545959147e+00 1.573770492e+00 1.764227642e+00 
1.441607460e+00 1.599271403e+00 1.764227642e+00 
1.300473357e+00 1.438372799e+00 1.568428184e+00 
1.587921847e+00 1.473588342e+00 1.754290876e+00 
1.599245115e+00 1.788099575e+00 1.915537489e+00 
1.659857904e+00 1.564055859e+00 1.765582656e+00 
1.146240675e+00 1.347905282e+00 1.372628726e+00 
1.529973357e+00 1.644201579e+00 1.819783198e+00 
1.775310835e+00 1.668488160e+00 1.904245709e+00 
1.320825933e+00 1.514875531e+00 1.679765131e+00 
1.458481350e+00 1.717668488e+00 1.904245709e+00 
1.708703375e+00 1.557984214e+00 1.765582656e+00 
1.128330373e+00 1.326654523e+00 1.343947606e+00 
1.241119005e+00 1.355191257e+00 1.529810298e+00 
1.356571936e+00 1.288403157e+00 1.529810298e+00 
1.518650089e+00 1.354584092e+00 1.614272809e+00 
1.575932504e+00 1.574984821e+00 1.765582656e+00 
1.267761989e+00 1.269581056e+00 1.428410117e+00 
1.255328597e+00 1.276259866e+00 1.381662150e+00 
1.128330373e+00 1.316939891e+00 1.335817525e+00 
1.186056838e+00 1.323618701e+00 1.439701897e+00 
1.706039076e+00 1.549483910e+00 1.764227642e+00 
1.325636767e+00 1.388585307e+00 1.568428184e+00 
1.554174067e+00 1.604735883e+00 1.765582656e+00 
1.161856128e+00 1.333333333e+00 1.345754291e+00 
1.690053286e+00 1.619914997e+00 1.819783198e+00 
1.260213144e+00 1.291438980e+00 1.483965673e+00 
1.261989343e+00 1.426836673e+00 1.558491418e+00 
1.318605684e+00 1.313904068e+00 1.493902439e+00 
1.502664298e+00 1.425015179e+00 1.669828365e+00 
1.217362345e+00 1.247115968e+00 1.345754291e+00 
1.161856128e+00 1.363084396e+00 1.493902439e+00 
1.134547069e+00 1.143897996e+00 1.343947606e+00 
1.153048845e+00 1.346690953e+00 1.483965673e+00 
1.080817052e+00 1.250758956e+00 1.288166215e+00 
1.231127886e+00 1.506982392e+00 1.589656730e+00 
1.399644760e+00 1.287795993e+00 1.466124661e+00 
1.134547069e+00 1.114146934e+00 1.195799458e+00 
1.190053286e+00 1.000000000e+00 1.000000000e+00 
1.000000000e+00 1.047965999e+00 1.148148148e+00 
1.103019538e+00 1.125683060e+00 1.185862692e+00 
1.000000000e+00 1.018214936e+00 1.000000000e+00 
1.296625222e+00 1.239222829e+00 1.381662150e+00 
1.190053286e+00 1.027929569e+00 1.195799458e+00 

1.769094139e+00 1.542197936e+00 1.764227642e+00 
1.407859680e+00 1.837279903e+00 1.915537489e+00 
1.544626998e+00 1.826350941e+00 1.915537489e+00 
1.404011545e+00 1.790528233e+00 1.904245709e+00 
1.679396092e+00 1.673345477e+00 1.850045167e+00 
1.495337478e+00 1.465695203e+00 1.679765131e+00 
1.689165187e+00 1.573770492e+00 1.764227642e+00 
1.248963588e+00 1.474195507e+00 1.669828365e+00 
1.408081705e+00 1.468123862e+00 1.625564589e+00 
1.598357016e+00 1.581056466e+00 1.764227642e+00 
1.311944938e+00 1.709775349e+00 1.729674797e+00 
1.308096803e+00 1.663023679e+00 1.718383017e+00 
1.546181172e+00 1.591378264e+00 1.764227642e+00 
1.224245115e+00 1.454159077e+00 1.529810298e+00 
1.535301954e+00 1.700060716e+00 1.904245709e+00 
1.547957371e+00 1.637522769e+00 1.819783198e+00 
1.338587922e+00 1.693381906e+00 1.819783198e+00 
1.579262877e+00 1.802064359e+00 1.915537489e+00 
1.441607460e+00 1.599271403e+00 1.764227642e+00 
1.517317940e+00 1.685488767e+00 1.850045167e+00 
1.518650089e+00 1.354584092e+00 1.614272809e+00 
1.261989343e+00 1.426836673e+00 1.558491418e+00 
1.863010657e+00 1.781420765e+00 1.915537489e+00 
1.396536412e+00 1.522768670e+00 1.754290876e+00 
1.706039076e+00 1.549483910e+00 1.764227642e+00 
1.540630551e+00 1.458409229e+00 1.679765131e+00 
1.485346359e+00 1.613236187e+00 1.765582656e+00 
1.708703375e+00 1.557984214e+00 1.765582656e+00 
1.370707815e+00 1.583485124e+00 1.718383017e+00 
1.847912966e+00 1.783242259e+00 1.915537489e+00 
1.383880995e+00 1.507589557e+00 1.679765131e+00 
1.146240675e+00 1.347905282e+00 1.372628726e+00 
1.495781528e+00 1.780206436e+00 1.859981933e+00 
1.775310835e+00 1.668488160e+00 1.904245709e+00 
1.482238011e+00 1.435944141e+00 1.669828365e+00 
1.482460036e+00 1.786278081e+00 1.859981933e+00 
1.690053286e+00 1.619914997e+00 1.819783198e+00 
1.515468028e+00 1.748633880e+00 1.904245709e+00 
1.517317940e+00 1.607164542e+00 1.765582656e+00 
1.477131439e+00 1.831815422e+00 1.915537489e+00 
1.704706927e+00 1.794778385e+00 1.915537489e+00 
1.432060391e+00 1.636915604e+00 1.765582656e+00 
1.325636767e+00 1.388585307e+00 1.568428184e+00 
1.242155417e+00 1.475409836e+00 1.558491418e+00 
1.450044405e+00 1.651487553e+00 1.819783198e+00 
1.305284192e+00 1.649058895e+00 1.679765131e+00 
1.128330373e+00 1.326654523e+00 1.343947606e+00 
1.587921847e+00 1.473588342e+00 1.754290876e+00 
1.260213144e+00 1.291438980e+00 1.483965673e+00 
1.231127886e+00 1.506982392e+00 1.589656730e+00 
1.669626998e+00 1.630843959e+00 1.819783198e+00 
1.376702487e+00 1.571341834e+00 1.754290876e+00 
1.161856128e+00 1.333333333e+00 1.345754291e+00 
1.311722913e+00 1.471159684e+00 1.579719964e+00 
1.344138544e+00 1.403764420e+00 1.614272809e+00 
1.722024867e+00 1.606557377e+00 1.819783198e+00 
1.502664298e+00 1.425015179e+00 1.669828365e+00 
1.373223801e+00 1.669095325e+00 1.819783198e+00 
1.586811723e+00 1.962962963e+00 2.000000000e+00 
1.399644760e+00 1.287795993e+00 1.466124661e+00 
1.128330373e+00 1.316939891e+00 1.335817525e+00 
1.186056838e+00 1.323618701e+00 1.439701897e+00 
1.267761989e+00 1.269581056e+00 1.428410117e+00 
1.153048845e+00 1.346690953e+00 1.483965673e+00 
1.080817052e+00 1.250758956e+00 1.288166215e+00 
1.356571936e+00 1.288403157e+00 1.529810298e+00 
1.618783304e+00 1.908925319e+00 2.000000000e+00 
1.134547069e+00 1.114146934e+00 1.195799458e+00 
1.255328597e+00 1.276259866e+00 1.381662150e+00 
1.320825933e+00 1.514875531e+00 1.679765131e+00 
1.161856128e+00 1.363084396e+00 1.493902439e+00 
1.241119005e+00 1.355191257e+00 1.529810298e+00 
1.318605684e+00 1.313904068e+00 1.493902439e+00 
1.296625222e+00 1.239222829e+00 1.381662150e+00 
1.134547069e+00 1.143897996e+00 1.343947606e+00 
1.190053286e+00 1.027929569e+00 1.195799458e+00 
1.000000000e+00 1.018214936e+00 1.000000000e+00 
1.217362345e+00 1.247115968e+00 1.345754291e+00 
1.103019538e+00 1.125683060e+00 1.185862692e+00 
1.000000000e+00 1.047965999e+00 1.148148148e+00 
1.190053286e+00 1.000000000e+00 1.000000000e+00 

1.644538188e+00 1.621129326e+00 1.775519422e+00 
1.530417407e+00 1.796599879e+00 1.915537489e+00 
1.639431616e+00 1.574984821e+00 1.765582656e+00 
1.128330373e+00 1.316939891e+00 1.335817525e+00 
1.527309059e+00 1.630843959e+00 1.819783198e+00 
1.305284192e+00 1.639951427e+00 1.669828365e+00 
1.586145648e+00 1.598664238e+00 1.765582656e+00 
1.305284192e+00 1.649058895e+00 1.679765131e+00 
1.224245115e+00 1.454159077e+00 1.529810298e+00 
1.502664298e+00 1.425015179e+00 1.669828365e+00 
1.415186501e+00 1.636915604e+00 1.765582656e+00 
1.619893428e+00 1.522161506e+00 1.754290876e+00 
1.769094139e+00 1.542197936e+00 1.764227642e+00 
1.300473357e+00 1.438372799e+00 1.568428184e+00 
1.534191829e+00 1.607164542e+00 1.765582656e+00 
1.153048845e+00 1.346690953e+00 1.483965673e+00 
1.526420959e+00 1.662416515e+00 1.819783198e+00 
1.295071048e+00 1.488767456e+00 1.578364950e+00 
1.325636767e+00 1.388585307e+00 1.568428184e+00 
1.549289520e+00 1.598664238e+00 1.764227642e+00 
1.398978686e+00 1.625379478e+00 1.729674797e+00 
1.302397869e+00 1.534304797e+00 1.633920506e+00 
1.482238011e+00 1.435944141e+00 1.669828365e+00 
1.441607460e+00 1.599271403e+00 1.764227642e+00 
1.231127886e+00 1.506982392e+00 1.589656730e+00 
1.517317940e+00 1.685488767e+00 1.850045167e+00 
1.277309059e+00 1.541590771e+00 1.633920506e+00 
1.305284192e+00 1.486338798e+00 1.633920506e+00 
1.570603908e+00 1.661809350e+00 1.850045167e+00 
1.767317940e+00 1.599271403e+00 1.819783198e+00 
1.485346359e+00 1.613236187e+00 1.765582656e+00 
1.311722913e+00 1.471159684e+00 1.579719964e+00 
1.756660746e+00 1.619914997e+00 1.775519422e+00 
1.458481350e+00 1.717668488e+00 1.904245709e+00 
1.161856128e+00 1.363084396e+00 1.493902439e+00 
1.128330373e+00 1.326654523e+00 1.343947606e+00 
1.320825933e+00 1.514875531e+00 1.679765131e+00 
1.464031972e+00 1.630843959e+00 1.765582656e+00 
1.356571936e+00 1.288403157e+00 1.529810298e+00 
1.820159858e+00 1.770491803e+00 1.915537489e+00 
1.344138544e+00 1.403764420e+00 1.614272809e+00 
1.373223801e+00 1.669095325e+00 1.819783198e+00 
1.554174067e+00 1.604735883e+00 1.765582656e+00 
1.267761989e+00 1.269581056e+00 1.428410117e+00 
1.633214920e+00 1.686095932e+00 1.904245709e+00 
1.413410302e+00 1.522768670e+00 1.754290876e+00 
1.598357016e+00 1.581056466e+00 1.764227642e+00 
1.540630551e+00 1.458409229e+00 1.679765131e+00 
1.616341030e+00 1.567698846e+00 1.764227642e+00 
1.161856128e+00 1.333333333e+00 1.345754291e+00 
1.518650089e+00 1.354584092e+00 1.614272809e+00 
1.318605684e+00 1.313904068e+00 1.493902439e+00 
1.328152753e+00 1.474195507e+00 1.669828365e+00 
1.255328597e+00 1.276259866e+00 1.381662150e+00 
1.260213144e+00 1.291438980e+00 1.483965673e+00 
1.134547069e+00 1.114146934e+00 1.195799458e+00 
1.399644760e+00 1.287795993e+00 1.466124661e+00 
1.186056838e+00 1.323618701e+00 1.439701897e+00 
1.495559503e+00 1.483302975e+00 1.679765131e+00 
1.296625222e+00 1.239222829e+00 1.381662150e+00 
1.217362345e+00 1.247115968e+00 1.345754291e+00 
1.134547069e+00 1.143897996e+00 1.343947606e+00 
1.146240675e+00 1.347905282e+00 1.372628726e+00 
1.190053286e+00 1.000000000e+00 1.000000000e+00 
1.080817052e+00 1.250758956e+00 1.288166215e+00 
1.241119005e+00 1.355191257e+00 1.529810298e+00 
1.190053286e+00 1.027929569e+00 1.195799458e+00 
1.000000000e+00 1.018214936e+00 1.000000000e+00 
1.000000000e+00 1.047965999e+00 1.148148148e+00 
1.103019538e+00 1.125683060e+00 1.185862692e+00 

1.659857904e+00 1.564055859e+00 1.765582656e+00 
1.311944938e+00 1.709775349e+00 1.729674797e+00 
1.721136767e+00 1.641165756e+00 1.850045167e+00 
1.769094139e+00 1.542197936e+00 1.764227642e+00 
1.706039076e+00 1.549483910e+00 1.764227642e+00 
1.337033748e+00 1.430479660e+00 1.579719964e+00 
1.496743339e+00 1.574984821e+00 1.765582656e+00 
1.500444050e+00 1.685488767e+00 1.850045167e+00 
1.547735346e+00 1.619914997e+00 1.819783198e+00 
1.924511545e+00 1.738312083e+00 1.915537489e+00 
1.666740675e+00 1.848816029e+00 1.915537489e+00 
1.616119005e+00 1.550091075e+00 1.764227642e+00 
1.715586146e+00 1.831208257e+00 1.915537489e+00 
1.320825933e+00 1.514875531e+00 1.679765131e+00 
1.738898757e+00 1.809957498e+00 1.915537489e+00 
1.483570160e+00 1.710382514e+00 1.904245709e+00 
1.597468917e+00 1.692774742e+00 1.904245709e+00 
1.460479574e+00 1.451123254e+00 1.625564589e+00 
1.689165187e+00 1.661809350e+00 1.850045167e+00 
1.300473357e+00 1.438372799e+00 1.568428184e+00 
1.512211368e+00 1.644201579e+00 1.819783198e+00 
1.587921847e+00 1.473588342e+00 1.754290876e+00 
1.398312611e+00 1.661809350e+00 1.819783198e+00 
1.261989343e+00 1.426836673e+00 1.558491418e+00 
1.334221137e+00 1.522768670e+00 1.754290876e+00 
1.455002664e+00 1.607164542e+00 1.765582656e+00 
1.722024867e+00 1.606557377e+00 1.819783198e+00 
1.344138544e+00 1.403764420e+00 1.614272809e+00 
1.535301954e+00 1.700060716e+00 1.904245709e+00 
1.161856128e+00 1.333333333e+00 1.345754291e+00 
1.325636767e+00 1.388585307e+00 1.568428184e+00 
1.224245115e+00 1.444444444e+00 1.521680217e+00 
1.708703375e+00 1.557984214e+00 1.765582656e+00 
1.248963588e+00 1.474195507e+00 1.669828365e+00 
1.146240675e+00 1.347905282e+00 1.372628726e+00 
1.224245115e+00 1.454159077e+00 1.529810298e+00 
1.242155417e+00 1.475409836e+00 1.558491418e+00 
1.161856128e+00 1.363084396e+00 1.493902439e+00 
1.128330373e+00 1.326654523e+00 1.343947606e+00 
1.318605684e+00 1.313904068e+00 1.493902439e+00 
1.153048845e+00 1.346690953e+00 1.483965673e+00 
1.502664298e+00 1.425015179e+00 1.669828365e+00 
1.399644760e+00 1.287795993e+00 1.466124661e+00 
1.255328597e+00 1.276259866e+00 1.381662150e+00 
1.450044405e+00 1.651487553e+00 1.819783198e+00 
1.495337478e+00 1.465695203e+00 1.679765131e+00 
1.267761989e+00 1.269581056e+00 1.428410117e+00 
1.356571936e+00 1.288403157e+00 1.529810298e+00 
1.217362345e+00 1.247115968e+00 1.345754291e+00 
1.134547069e+00 1.114146934e+00 1.195799458e+00 
1.518650089e+00 1.354584092e+00 1.614272809e+00 
1.186056838e+00 1.323618701e+00 1.439701897e+00 
1.482238011e+00 1.435944141e+00 1.669828365e+00 
1.260213144e+00 1.291438980e+00 1.483965673e+00 
1.296625222e+00 1.239222829e+00 1.381662150e+00 
1.241119005e+00 1.355191257e+00 1.529810298e+00 
1.134547069e+00 1.143897996e+00 1.343947606e+00 
1.190053286e+00 1.027929569e+00 1.195799458e+00 
1.128330373e+00 1.316939891e+00 1.335817525e+00 
1.080817052e+00 1.250758956e+00 1.288166215e+00 
1.000000000e+00 1.047965999e+00 1.148148148e+00 
1.190053286e+00 1.000000000e+00 1.000000000e+00 
1.000000000e+00 1.018214936e+00 1.000000000e+00 
1.103019538e+00 1.125683060e+00 1.185862692e+00 

1.398978686e+00 1.625379478e+00 1.729674797e+00 
1.780639432e+00 1.788706740e+00 1.915537489e+00 
1.664742451e+00 1.612629022e+00 1.850045167e+00 
1.424955595e+00 1.606557377e+00 1.754290876e+00 
1.722024867e+00 1.606557377e+00 1.819783198e+00 
1.458481350e+00 1.717668488e+00 1.904245709e+00 
1.441607460e+00 1.599271403e+00 1.764227642e+00 
1.311944938e+00 1.709775349e+00 1.729674797e+00 
1.543738899e+00 1.790528233e+00 1.915537489e+00 
1.337033748e+00 1.430479660e+00 1.579719964e+00 
1.477131439e+00 1.831815422e+00 1.915537489e+00 
1.300473357e+00 1.438372799e+00 1.568428184e+00 
1.632992895e+00 1.668488160e+00 1.904245709e+00 
1.906749556e+00 1.734061931e+00 1.915537489e+00 
1.838365897e+00 1.661202186e+00 1.904245709e+00 
1.231127886e+00 1.506982392e+00 1.589656730e+00 
1.373223801e+00 1.669095325e+00 1.819783198e+00 
1.579484902e+00 1.564055859e+00 1.765582656e+00 
1.767317940e+00 1.599271403e+00 1.819783198e+00 
1.435761101e+00 1.588949605e+00 1.754290876e+00 
1.547735346e+00 1.619914997e+00 1.819783198e+00 
1.495559503e+00 1.636915604e+00 1.765582656e+00 
1.492007105e+00 1.647844566e+00 1.765582656e+00 
1.540630551e+00 1.458409229e+00 1.679765131e+00 
1.311278863e+00 1.474195507e+00 1.669828365e+00 
1.325636767e+00 1.388585307e+00 1.568428184e+00 
1.370707815e+00 1.583485124e+00 1.718383017e+00 
1.547661634e+00 1.533090468e+00 1.754290876e+00 
1.311722913e+00 1.471159684e+00 1.579719964e+00 
1.295071048e+00 1.488767456e+00 1.578364950e+00 
1.616119005e+00 1.550091075e+00 1.764227642e+00 
1.450044405e+00 1.651487553e+00 1.819783198e+00 
1.528197158e+00 1.573770492e+00 1.764227642e+00 
1.267761989e+00 1.269581056e+00 1.428410117e+00 
1.320825933e+00 1.514875531e+00 1.679765131e+00 
1.769094139e+00 1.542197936e+00 1.764227642e+00 
1.432208703e+00 1.599878567e+00 1.754290876e+00 
1.186056838e+00 1.323618701e+00 1.439701897e+00 
1.527309059e+00 1.630843959e+00 1.819783198e+00 
1.344138544e+00 1.403764420e+00 1.614272809e+00 
1.161856128e+00 1.363084396e+00 1.493902439e+00 
1.305284192e+00 1.639951427e+00 1.669828365e+00 
1.305284192e+00 1.649058895e+00 1.679765131e+00 
1.495337478e+00 1.465695203e+00 1.679765131e+00 
1.580817052e+00 1.685488767e+00 1.850045167e+00 
1.305284192e+00 1.486338798e+00 1.633920506e+00 
1.356571936e+00 1.288403157e+00 1.529810298e+00 
1.302397869e+00 1.534304797e+00 1.633920506e+00 
1.455595027e+00 1.540376442e+00 1.754290876e+00 
1.128330373e+00 1.326654523e+00 1.343947606e+00 
1.706039076e+00 1.549483910e+00 1.764227642e+00 
1.277309059e+00 1.541590771e+00 1.633920506e+00 
1.224245115e+00 1.454159077e+00 1.529810298e+00 
1.224245115e+00 1.444444444e+00 1.521680217e+00 
1.318605684e+00 1.313904068e+00 1.493902439e+00 
1.080817052e+00 1.250758956e+00 1.288166215e+00 
1.146240675e+00 1.347905282e+00 1.372628726e+00 
1.554174067e+00 1.604735883e+00 1.765582656e+00 
1.242673179e+00 1.565877353e+00 1.633920506e+00 
1.587921847e+00 1.473588342e+00 1.754290876e+00 
1.518650089e+00 1.354584092e+00 1.614272809e+00 
1.502664298e+00 1.425015179e+00 1.669828365e+00 
1.261989343e+00 1.426836673e+00 1.558491418e+00 
1.399644760e+00 1.287795993e+00 1.466124661e+00 
1.512211368e+00 1.644201579e+00 1.819783198e+00 
1.241119005e+00 1.355191257e+00 1.529810298e+00 
1.260213144e+00 1.291438980e+00 1.483965673e+00 
1.161856128e+00 1.333333333e+00 1.345754291e+00 
1.134547069e+00 1.143897996e+00 1.343947606e+00 
1.255328597e+00 1.276259866e+00 1.381662150e+00 
1.128330373e+00 1.316939891e+00 1.335817525e+00 
1.134547069e+00 1.114146934e+00 1.195799458e+00 
1.482238011e+00 1.435944141e+00 1.669828365e+00 
1.217362345e+00 1.247115968e+00 1.345754291e+00 
1.296625222e+00 1.239222829e+00 1.381662150e+00 
1.153048845e+00 1.346690953e+00 1.483965673e+00 
1.103019538e+00 1.125683060e+00 1.185862692e+00 
1.190053286e+00 1.000000000e+00 1.000000000e+00 
1.000000000e+00 1.018214936e+00 1.000000000e+00 
1.190053286e+00 1.027929569e+00 1.195799458e+00 
1.000000000e+00 1.047965999e+00 1.148148148e+00 

1.280787744e+00 1.443837280e+00 1.568428184e+00 
1.302397869e+00 1.534304797e+00 1.633920506e+00 
1.580817052e+00 1.685488767e+00 1.850045167e+00 
1.455595027e+00 1.540376442e+00 1.754290876e+00 
1.753774423e+00 1.752884032e+00 1.915537489e+00 
1.224245115e+00 1.454159077e+00 1.529810298e+00 
1.445381883e+00 1.571341834e+00 1.754290876e+00 
1.527309059e+00 1.630843959e+00 1.819783198e+00 
1.543738899e+00 1.790528233e+00 1.915537489e+00 
1.477131439e+00 1.831815422e+00 1.915537489e+00 
1.458481350e+00 1.717668488e+00 1.904245709e+00 
1.450044405e+00 1.651487553e+00 1.819783198e+00 
1.598357016e+00 1.581056466e+00 1.764227642e+00 
1.907637655e+00 1.805100182e+00 2.000000000e+00 
1.838365897e+00 1.661202186e+00 1.904245709e+00 
1.547661634e+00 1.533090468e+00 1.754290876e+00 
1.530417407e+00 1.796599879e+00 1.915537489e+00 
1.153048845e+00 1.346690953e+00 1.483965673e+00 
1.659857904e+00 1.564055859e+00 1.765582656e+00 
1.763543517e+00 1.734061931e+00 1.915537489e+00 
1.745115453e+00 1.612629022e+00 1.850045167e+00 
1.769094139e+00 1.542197936e+00 1.764227642e+00 
1.224245115e+00 1.444444444e+00 1.521680217e+00 
1.435761101e+00 1.588949605e+00 1.754290876e+00 
1.370707815e+00 1.583485124e+00 1.718383017e+00 
1.708703375e+00 1.557984214e+00 1.765582656e+00 
1.632992895e+00 1.668488160e+00 1.904245709e+00 
1.547735346e+00 1.619914997e+00 1.819783198e+00 
1.325636767e+00 1.388585307e+00 1.568428184e+00 
1.128330373e+00 1.326654523e+00 1.343947606e+00 
1.344138544e+00 1.403764420e+00 1.614272809e+00 
1.305284192e+00 1.639951427e+00 1.669828365e+00 
1.722024867e+00 1.606557377e+00 1.819783198e+00 
1.616119005e+00 1.550091075e+00 1.764227642e+00 
1.305284192e+00 1.649058895e+00 1.679765131e+00 
1.733348135e+00 1.944748027e+00 2.000000000e+00 
1.587921847e+00 1.473588342e+00 1.754290876e+00 
1.373223801e+00 1.669095325e+00 1.819783198e+00 
1.295071048e+00 1.488767456e+00 1.578364950e+00 
1.146240675e+00 1.347905282e+00 1.372628726e+00 
1.495337478e+00 1.465695203e+00 1.679765131e+00 
1.610346359e+00 1.957498482e+00 2.000000000e+00 
1.783081705e+00 1.836065574e+00 2.000000000e+00 
1.161856128e+00 1.333333333e+00 1.345754291e+00 
1.441607460e+00 1.599271403e+00 1.764227642e+00 
1.231127886e+00 1.506982392e+00 1.589656730e+00 
1.518650089e+00 1.354584092e+00 1.614272809e+00 
1.320825933e+00 1.514875531e+00 1.679765131e+00 
1.398978686e+00 1.625379478e+00 1.729674797e+00 
1.540630551e+00 1.458409229e+00 1.679765131e+00 
1.305284192e+00 1.486338798e+00 1.633920506e+00 
1.161856128e+00 1.363084396e+00 1.493902439e+00 
1.328152753e+00 1.474195507e+00 1.669828365e+00 
1.482238011e+00 1.435944141e+00 1.669828365e+00 
1.502664298e+00 1.425015179e+00 1.669828365e+00 
1.621003552e+00 1.769884639e+00 1.915537489e+00 
1.267761989e+00 1.269581056e+00 1.428410117e+00 
1.186056838e+00 1.323618701e+00 1.439701897e+00 
1.277309059e+00 1.541590771e+00 1.633920506e+00 
1.260213144e+00 1.291438980e+00 1.483965673e+00 
1.399644760e+00 1.287795993e+00 1.466124661e+00 
1.383880995e+00 1.507589557e+00 1.679765131e+00 
1.639431616e+00 1.574984821e+00 1.765582656e+00 
1.080817052e+00 1.250758956e+00 1.288166215e+00 
1.134547069e+00 1.143897996e+00 1.343947606e+00 
1.255328597e+00 1.276259866e+00 1.381662150e+00 
1.241119005e+00 1.355191257e+00 1.529810298e+00 
1.128330373e+00 1.316939891e+00 1.335817525e+00 
1.706039076e+00 1.549483910e+00 1.764227642e+00 
1.318605684e+00 1.313904068e+00 1.493902439e+00 
1.217362345e+00 1.247115968e+00 1.345754291e+00 
1.356571936e+00 1.288403157e+00 1.529810298e+00 
1.134547069e+00 1.114146934e+00 1.195799458e+00 
1.296625222e+00 1.239222829e+00 1.381662150e+00 
1.190053286e+00 1.027929569e+00 1.195799458e+00 
1.000000000e+00 1.047965999e+00 1.148148148e+00 
1.190053286e+00 1.000000000e+00 1.000000000e+00 
1.103019538e+00 1.125683060e+00 1.185862692e+00 
1.000000000e+00 1.018214936e+00 1.000000000e+00 

1.579262877e+00 1.802064359e+00 1.915537489e+00 
1.579484902e+00 1.564055859e+00 1.765582656e+00 
1.632992895e+00 1.668488160e+00 1.904245709e+00 
1.337033748e+00 1.430479660e+00 1.579719964e+00 
1.597468917e+00 1.692774742e+00 1.904245709e+00 
1.689165187e+00 1.661809350e+00 1.850045167e+00 
1.300473357e+00 1.438372799e+00 1.568428184e+00 
1.231127886e+00 1.506982392e+00 1.589656730e+00 
1.722024867e+00 1.606557377e+00 1.819783198e+00 
1.745115453e+00 1.612629022e+00 1.850045167e+00 
1.526050622e+00 1.709775349e+00 1.850045167e+00 
1.483570160e+00 1.710382514e+00 1.904245709e+00 
1.572231794e+00 1.818457802e+00 1.915537489e+00 
1.338587922e+00 1.693381906e+00 1.819783198e+00 
1.547735346e+00 1.619914997e+00 1.819783198e+00 
1.838365897e+00 1.661202186e+00 1.904245709e+00 
1.398312611e+00 1.661809350e+00 1.819783198e+00 
1.311722913e+00 1.471159684e+00 1.579719964e+00 
1.769094139e+00 1.542197936e+00 1.764227642e+00 
1.352871226e+00 1.636915604e+00 1.765582656e+00 
1.587921847e+00 1.473588342e+00 1.754290876e+00 
1.540630551e+00 1.458409229e+00 1.679765131e+00 
1.625517762e+00 1.783242259e+00 1.915537489e+00 
1.706039076e+00 1.549483910e+00 1.764227642e+00 
1.580817052e+00 1.685488767e+00 1.850045167e+00 
1.356571936e+00 1.288403157e+00 1.529810298e+00 
1.468324156e+00 1.655737705e+00 1.819783198e+00 
1.334221137e+00 1.522768670e+00 1.754290876e+00 
1.224245115e+00 1.454159077e+00 1.529810298e+00 
1.161856128e+00 1.333333333e+00 1.345754291e+00 
1.512211368e+00 1.644201579e+00 1.819783198e+00 
1.558910302e+00 1.824529447e+00 1.915537489e+00 
1.224245115e+00 1.444444444e+00 1.521680217e+00 
1.261989343e+00 1.426836673e+00 1.558491418e+00 
1.600650977e+00 1.792349727e+00 1.915537489e+00 
1.248963588e+00 1.474195507e+00 1.669828365e+00 
1.616119005e+00 1.550091075e+00 1.764227642e+00 
1.763543517e+00 1.734061931e+00 1.915537489e+00 
1.408081705e+00 1.468123862e+00 1.625564589e+00 
1.325636767e+00 1.388585307e+00 1.568428184e+00 
1.495337478e+00 1.465695203e+00 1.679765131e+00 
1.502664298e+00 1.425015179e+00 1.669828365e+00 
1.186056838e+00 1.323618701e+00 1.439701897e+00 
1.344138544e+00 1.403764420e+00 1.614272809e+00 
1.161856128e+00 1.363084396e+00 1.493902439e+00 
1.241119005e+00 1.355191257e+00 1.529810298e+00 
1.460479574e+00 1.451123254e+00 1.625564589e+00 
1.153048845e+00 1.346690953e+00 1.483965673e+00 
1.318605684e+00 1.313904068e+00 1.493902439e+00 
1.547513321e+00 1.859137826e+00 1.915537489e+00 
1.128330373e+00 1.326654523e+00 1.343947606e+00 
1.708703375e+00 1.557984214e+00 1.765582656e+00 
1.518650089e+00 1.354584092e+00 1.614272809e+00 
1.146240675e+00 1.347905282e+00 1.372628726e+00 
1.482238011e+00 1.435944141e+00 1.669828365e+00 
1.128330373e+00 1.316939891e+00 1.335817525e+00 
1.455002664e+00 1.607164542e+00 1.765582656e+00 
1.383880995e+00 1.507589557e+00 1.679765131e+00 
1.260213144e+00 1.291438980e+00 1.483965673e+00 
1.242155417e+00 1.475409836e+00 1.558491418e+00 
1.255328597e+00 1.276259866e+00 1.381662150e+00 
1.267761989e+00 1.269581056e+00 1.428410117e+00 
1.080817052e+00 1.250758956e+00 1.288166215e+00 
1.217362345e+00 1.247115968e+00 1.345754291e+00 
1.134547069e+00 1.143897996e+00 1.343947606e+00 
1.399644760e+00 1.287795993e+00 1.466124661e+00 
1.134547069e+00 1.114146934e+00 1.195799458e+00 
1.296625222e+00 1.239222829e+00 1.381662150e+00 
1.190053286e+00 1.027929569e+00 1.195799458e+00 
1.103019538e+00 1.125683060e+00 1.185862692e+00 
1.000000000e+00 1.018214936e+00 1.000000000e+00 
1.000000000e+00 1.047965999e+00 1.148148148e+00 
1.190053286e+00 1.000000000e+00 1.000000000e+00 

1.311278863e+00 1.474195507e+00 1.669828365e+00 
1.370707815e+00 1.583485124e+00 1.718383017e+00 
1.706039076e+00 1.549483910e+00 1.764227642e+00 
1.527309059e+00 1.630843959e+00 1.819783198e+00 
1.690053286e+00 1.619914997e+00 1.819783198e+00 
1.639431616e+00 1.653309047e+00 1.850045167e+00 
1.500444050e+00 1.685488767e+00 1.850045167e+00 
1.280787744e+00 1.443837280e+00 1.568428184e+00 
1.305284192e+00 1.486338798e+00 1.633920506e+00 
1.769094139e+00 1.542197936e+00 1.764227642e+00 
1.261989343e+00 1.426836673e+00 1.558491418e+00 
1.660523979e+00 1.692774742e+00 1.904245709e+00 
1.545959147e+00 1.573770492e+00 1.764227642e+00 
1.352871226e+00 1.636915604e+00 1.765582656e+00 
1.587921847e+00 1.473588342e+00 1.754290876e+00 
1.722024867e+00 1.606557377e+00 1.819783198e+00 
1.496743339e+00 1.574984821e+00 1.765582656e+00 
1.708703375e+00 1.557984214e+00 1.765582656e+00 
1.477131439e+00 1.831815422e+00 1.915537489e+00 
1.781305506e+00 1.777170613e+00 1.915537489e+00 
1.530417407e+00 1.796599879e+00 1.915537489e+00 
1.305284192e+00 1.639951427e+00 1.669828365e+00 
1.674511545e+00 1.879174256e+00 2.000000000e+00 
1.146240675e+00 1.347905282e+00 1.372628726e+00 
1.377442274e+00 1.388585307e+00 1.568428184e+00 
1.817939609e+00 1.686095932e+00 1.904245709e+00 
1.464031972e+00 1.630843959e+00 1.765582656e+00 
1.305284192e+00 1.649058895e+00 1.679765131e+00 
1.295071048e+00 1.488767456e+00 1.578364950e+00 
1.775754885e+00 1.856709168e+00 2.000000000e+00 
1.231127886e+00 1.506982392e+00 1.589656730e+00 
1.255328597e+00 1.276259866e+00 1.381662150e+00 
1.485346359e+00 1.613236187e+00 1.765582656e+00 
1.396536412e+00 1.522768670e+00 1.754290876e+00 
1.579484902e+00 1.564055859e+00 1.765582656e+00 
1.495337478e+00 1.465695203e+00 1.679765131e+00 
1.277309059e+00 1.541590771e+00 1.633920506e+00 
1.442495560e+00 1.856102004e+00 1.915537489e+00 
1.376332149e+00 1.398907104e+00 1.531616983e+00 
1.242673179e+00 1.565877353e+00 1.633920506e+00 
1.616119005e+00 1.550091075e+00 1.764227642e+00 
1.441607460e+00 1.599271403e+00 1.764227642e+00 
1.526420959e+00 1.662416515e+00 1.819783198e+00 
1.320825933e+00 1.514875531e+00 1.679765131e+00 
1.373223801e+00 1.669095325e+00 1.819783198e+00 
1.318605684e+00 1.313904068e+00 1.493902439e+00 
1.302397869e+00 1.534304797e+00 1.633920506e+00 
1.311722913e+00 1.471159684e+00 1.579719964e+00 
1.644538188e+00 1.621129326e+00 1.775519422e+00 
1.458481350e+00 1.717668488e+00 1.904245709e+00 
1.241119005e+00 1.355191257e+00 1.529810298e+00 
1.161856128e+00 1.333333333e+00 1.345754291e+00 
1.502664298e+00 1.425015179e+00 1.669828365e+00 
1.161856128e+00 1.363084396e+00 1.493902439e+00 
1.549289520e+00 1.679417122e+00 1.850045167e+00 
1.482238011e+00 1.435944141e+00 1.669828365e+00 
1.540630551e+00 1.458409229e+00 1.679765131e+00 
1.848801066e+00 1.755312690e+00 1.915537489e+00 
1.217362345e+00 1.247115968e+00 1.345754291e+00 
1.186056838e+00 1.323618701e+00 1.439701897e+00 
1.128330373e+00 1.316939891e+00 1.335817525e+00 
1.267761989e+00 1.269581056e+00 1.428410117e+00 
1.224245115e+00 1.454159077e+00 1.529810298e+00 
1.311944938e+00 1.709775349e+00 1.729674797e+00 
1.518650089e+00 1.354584092e+00 1.614272809e+00 
1.570603908e+00 1.661809350e+00 1.850045167e+00 
1.128330373e+00 1.326654523e+00 1.343947606e+00 
1.260213144e+00 1.291438980e+00 1.483965673e+00 
1.134547069e+00 1.143897996e+00 1.343947606e+00 
1.399644760e+00 1.287795993e+00 1.466124661e+00 
1.356571936e+00 1.288403157e+00 1.529810298e+00 
1.080817052e+00 1.250758956e+00 1.288166215e+00 
1.224245115e+00 1.444444444e+00 1.521680217e+00 
1.153048845e+00 1.346690953e+00 1.483965673e+00 
1.344138544e+00 1.403764420e+00 1.614272809e+00 
1.134547069e+00 1.114146934e+00 1.195799458e+00 
1.296625222e+00 1.239222829e+00 1.381662150e+00 
1.783303730e+00 1.612629022e+00 1.850045167e+00 
1.103019538e+00 1.125683060e+00 1.185862692e+00 
1.000000000e+00 1.047965999e+00 1.148148148e+00 
1.000000000e+00 1.018214936e+00 1.000000000e+00 
1.190053286e+00 1.000000000e+00 1.000000000e+00 
1.190053286e+00 1.027929569e+00 1.195799458e+00 

1.596358792e+00 1.637522769e+00 1.819783198e+00 
1.818827709e+00 1.778992107e+00 1.915537489e+00 
1.377442274e+00 1.388585307e+00 1.568428184e+00 
1.408081705e+00 1.468123862e+00 1.625564589e+00 
1.639653641e+00 1.891924712e+00 2.000000000e+00 
1.745115453e+00 1.612629022e+00 1.850045167e+00 
1.540630551e+00 1.458409229e+00 1.679765131e+00 
1.453152753e+00 1.651487553e+00 1.775519422e+00 
1.274718472e+00 1.430479660e+00 1.579719964e+00 
1.639431616e+00 1.653309047e+00 1.850045167e+00 
1.248963588e+00 1.474195507e+00 1.669828365e+00 
1.557652753e+00 1.983606557e+00 2.000000000e+00 
1.708703375e+00 1.557984214e+00 1.765582656e+00 
1.597468917e+00 1.692774742e+00 1.904245709e+00 
1.570974245e+00 1.977534912e+00 2.000000000e+00 
1.910301954e+00 1.751669702e+00 1.915537489e+00 
1.459591474e+00 1.403764420e+00 1.614272809e+00 
1.659857904e+00 1.564055859e+00 1.765582656e+00 
1.398978686e+00 1.625379478e+00 1.729674797e+00 
1.261989343e+00 1.426836673e+00 1.558491418e+00 
1.468324156e+00 1.655737705e+00 1.819783198e+00 
1.529973357e+00 1.644201579e+00 1.819783198e+00 
1.242155417e+00 1.475409836e+00 1.558491418e+00 
1.570159858e+00 1.534304797e+00 1.710027100e+00 
1.496891652e+00 1.799028537e+00 1.850045167e+00 
1.767317940e+00 1.599271403e+00 1.819783198e+00 
1.553285968e+00 1.540376442e+00 1.754290876e+00 
1.496743339e+00 1.574984821e+00 1.765582656e+00 
1.587921847e+00 1.473588342e+00 1.754290876e+00 
1.554396092e+00 1.843351548e+00 1.915537489e+00 
1.606793961e+00 1.783242259e+00 1.915537489e+00 
1.437388988e+00 1.602914390e+00 1.710027100e+00 
1.775310835e+00 1.668488160e+00 1.904245709e+00 
1.442495560e+00 1.856102004e+00 1.915537489e+00 
1.500444050e+00 1.685488767e+00 1.850045167e+00 
1.467066607e+00 1.814814815e+00 1.904245709e+00 
1.231127886e+00 1.506982392e+00 1.589656730e+00 
1.387359680e+00 1.655130540e+00 1.754290876e+00 
1.383880995e+00 1.507589557e+00 1.679765131e+00 
1.545959147e+00 1.573770492e+00 1.764227642e+00 
1.769094139e+00 1.542197936e+00 1.764227642e+00 
1.495559503e+00 1.483302975e+00 1.679765131e+00 
1.388543517e+00 1.471159684e+00 1.614272809e+00 
1.690053286e+00 1.619914997e+00 1.819783198e+00 
1.482238011e+00 1.435944141e+00 1.669828365e+00 
1.706039076e+00 1.549483910e+00 1.764227642e+00 
1.224245115e+00 1.444444444e+00 1.521680217e+00 
1.364342806e+00 1.649666060e+00 1.729674797e+00 
1.570381883e+00 1.748026715e+00 1.904245709e+00 
1.320825933e+00 1.514875531e+00 1.679765131e+00 
1.502664298e+00 1.425015179e+00 1.669828365e+00 
1.128330373e+00 1.326654523e+00 1.343947606e+00 
1.128330373e+00 1.316939891e+00 1.335817525e+00 
1.311944938e+00 1.709775349e+00 1.729674797e+00 
1.308096803e+00 1.663023679e+00 1.718383017e+00 
1.356571936e+00 1.288403157e+00 1.529810298e+00 
1.153048845e+00 1.346690953e+00 1.483965673e+00 
1.267761989e+00 1.269581056e+00 1.428410117e+00 
1.241119005e+00 1.355191257e+00 1.529810298e+00 
1.146240675e+00 1.347905282e+00 1.372628726e+00 
1.161856128e+00 1.333333333e+00 1.345754291e+00 
1.415186501e+00 1.636915604e+00 1.765582656e+00 
1.255328597e+00 1.276259866e+00 1.381662150e+00 
1.161856128e+00 1.363084396e+00 1.493902439e+00 
1.847246892e+00 1.758955677e+00 1.915537489e+00 
1.518650089e+00 1.354584092e+00 1.614272809e+00 
1.242673179e+00 1.565877353e+00 1.633920506e+00 
1.134547069e+00 1.114146934e+00 1.195799458e+00 
1.260213144e+00 1.291438980e+00 1.483965673e+00 
1.373223801e+00 1.669095325e+00 1.819783198e+00 
1.134547069e+00 1.143897996e+00 1.343947606e+00 
1.318605684e+00 1.313904068e+00 1.493902439e+00 
1.186056838e+00 1.323618701e+00 1.439701897e+00 
1.376332149e+00 1.398907104e+00 1.531616983e+00 
1.844582593e+00 1.769884639e+00 1.915537489e+00 
1.399644760e+00 1.287795993e+00 1.466124661e+00 
1.296625222e+00 1.239222829e+00 1.381662150e+00 
1.103019538e+00 1.125683060e+00 1.185862692e+00 
1.190053286e+00 1.000000000e+00 1.000000000e+00 
1.190053286e+00 1.027929569e+00 1.195799458e+00 
1.000000000e+00 1.047965999e+00 1.148148148e+00 
1.000000000e+00 1.018214936e+00 1.000000000e+00 
1.080817052e+00 1.250758956e+00 1.288166215e+00 
1.217362345e+00 1.247115968e+00 1.345754291e+00 

1.763543517e+00 1.734061931e+00 1.915537489e+00 
1.602575488e+00 1.812993321e+00 1.915537489e+00 
1.305284192e+00 1.486338798e+00 1.633920506e+00 
1.344138544e+00 1.403764420e+00 1.614272809e+00 
1.224245115e+00 1.454159077e+00 1.529810298e+00 
1.728241563e+00 1.805707347e+00 1.915537489e+00 
1.512211368e+00 1.669095325e+00 1.775519422e+00 
1.408081705e+00 1.468123862e+00 1.625564589e+00 
1.485346359e+00 1.613236187e+00 1.765582656e+00 
1.721136767e+00 1.641165756e+00 1.850045167e+00 
1.644538188e+00 1.621129326e+00 1.775519422e+00 
1.570603908e+00 1.661809350e+00 1.850045167e+00 
1.495337478e+00 1.465695203e+00 1.679765131e+00 
1.458481350e+00 1.717668488e+00 1.904245709e+00 
1.616341030e+00 1.567698846e+00 1.764227642e+00 
1.337033748e+00 1.430479660e+00 1.579719964e+00 
1.775310835e+00 1.668488160e+00 1.904245709e+00 
1.496743339e+00 1.574984821e+00 1.765582656e+00 
1.740674956e+00 1.692774742e+00 1.904245709e+00 
1.517317940e+00 1.685488767e+00 1.850045167e+00 
1.398978686e+00 1.625379478e+00 1.729674797e+00 
1.422069272e+00 1.706739526e+00 1.819783198e+00 
1.505550622e+00 1.880388585e+00 1.915537489e+00 
1.399644760e+00 1.287795993e+00 1.466124661e+00 
1.432060391e+00 1.636915604e+00 1.765582656e+00 
1.492229130e+00 1.886460231e+00 1.915537489e+00 
1.411412078e+00 1.683667274e+00 1.775519422e+00 
1.370707815e+00 1.583485124e+00 1.718383017e+00 
1.767317940e+00 1.599271403e+00 1.819783198e+00 
1.261989343e+00 1.426836673e+00 1.558491418e+00 
1.518650089e+00 1.354584092e+00 1.614272809e+00 
1.527309059e+00 1.630843959e+00 1.819783198e+00 
1.441607460e+00 1.599271403e+00 1.764227642e+00 
1.526420959e+00 1.662416515e+00 1.819783198e+00 
1.424733570e+00 1.677595628e+00 1.775519422e+00 
1.413410302e+00 1.522768670e+00 1.754290876e+00 
1.311722913e+00 1.471159684e+00 1.579719964e+00 
1.377368561e+00 1.806921676e+00 1.814137308e+00 
1.502664298e+00 1.425015179e+00 1.669828365e+00 
1.387359680e+00 1.655130540e+00 1.754290876e+00 
1.302397869e+00 1.534304797e+00 1.633920506e+00 
1.311278863e+00 1.474195507e+00 1.669828365e+00 
1.295071048e+00 1.488767456e+00 1.578364950e+00 
1.231127886e+00 1.506982392e+00 1.589656730e+00 
1.554396092e+00 1.843351548e+00 1.915537489e+00 
1.540630551e+00 1.458409229e+00 1.679765131e+00 
1.753774423e+00 1.752884032e+00 1.915537489e+00 
1.320825933e+00 1.514875531e+00 1.679765131e+00 
1.277309059e+00 1.541590771e+00 1.633920506e+00 
1.461367673e+00 1.686095932e+00 1.819783198e+00 
1.311944938e+00 1.709775349e+00 1.729674797e+00 
1.722024867e+00 1.606557377e+00 1.819783198e+00 
1.377442274e+00 1.388585307e+00 1.568428184e+00 
1.146240675e+00 1.347905282e+00 1.372628726e+00 
1.186056838e+00 1.323618701e+00 1.439701897e+00 
1.376332149e+00 1.398907104e+00 1.531616983e+00 
1.318605684e+00 1.313904068e+00 1.493902439e+00 
1.308096803e+00 1.663023679e+00 1.718383017e+00 
1.356571936e+00 1.288403157e+00 1.529810298e+00 
1.128330373e+00 1.326654523e+00 1.343947606e+00 
1.242673179e+00 1.565877353e+00 1.633920506e+00 
1.401642984e+00 1.717668488e+00 1.819783198e+00 
1.255328597e+00 1.276259866e+00 1.381662150e+00 
1.759325044e+00 1.550091075e+00 1.764227642e+00 
1.698046181e+00 1.564055859e+00 1.765582656e+00 
1.482238011e+00 1.435944141e+00 1.669828365e+00 
1.708703375e+00 1.557984214e+00 1.765582656e+00 
1.153048845e+00 1.346690953e+00 1.483965673e+00 
1.161856128e+00 1.333333333e+00 1.345754291e+00 
1.161856128e+00 1.363084396e+00 1.493902439e+00 
1.241119005e+00 1.355191257e+00 1.529810298e+00 
1.260213144e+00 1.291438980e+00 1.483965673e+00 
1.080817052e+00 1.250758956e+00 1.288166215e+00 
1.134547069e+00 1.114146934e+00 1.195799458e+00 
1.217362345e+00 1.247115968e+00 1.345754291e+00 
1.134547069e+00 1.143897996e+00 1.343947606e+00 
1.103019538e+00 1.125683060e+00 1.185862692e+00 
1.190053286e+00 1.000000000e+00 1.000000000e+00 
1.128330373e+00 1.316939891e+00 1.335817525e+00 
1.267761989e+00 1.269581056e+00 1.428410117e+00 
1.000000000e+00 1.018214936e+00 1.000000000e+00 
1.190053286e+00 1.027929569e+00 1.195799458e+00 
1.296625222e+00 1.239222829e+00 1.381662150e+00 
1.000000000e+00 1.047965999e+00 1.148148148e+00 

1.508288632e+00 1.764420158e+00 1.850045167e+00 
1.589105684e+00 1.740133576e+00 1.904245709e+00 
2.000000000e+00 1.818457802e+00 2.000000000e+00 
1.261989343e+00 1.426836673e+00 1.558491418e+00 
1.540630551e+00 1.458409229e+00 1.679765131e+00 
1.338587922e+00 1.693381906e+00 1.819783198e+00 
1.506438721e+00 1.794778385e+00 1.904245709e+00 
1.769094139e+00 1.542197936e+00 1.764227642e+00 
1.745115453e+00 1.612629022e+00 1.850045167e+00 
1.560983126e+00 1.734061931e+00 1.850045167e+00 
1.242673179e+00 1.565877353e+00 1.633920506e+00 
1.455002664e+00 1.607164542e+00 1.765582656e+00 
1.344138544e+00 1.403764420e+00 1.614272809e+00 
1.334221137e+00 1.522768670e+00 1.754290876e+00 
1.515468028e+00 1.748633880e+00 1.904245709e+00 
1.706039076e+00 1.549483910e+00 1.764227642e+00 
1.512211368e+00 1.644201579e+00 1.819783198e+00 
1.579484902e+00 1.564055859e+00 1.765582656e+00 
1.492229130e+00 1.886460231e+00 1.915537489e+00 
1.398312611e+00 1.661809350e+00 1.819783198e+00 
1.540630551e+00 1.820279296e+00 1.915537489e+00 
1.496743339e+00 1.574984821e+00 1.765582656e+00 
1.632992895e+00 1.668488160e+00 1.904245709e+00 
1.763543517e+00 1.734061931e+00 1.915537489e+00 
1.320825933e+00 1.514875531e+00 1.679765131e+00 
1.146240675e+00 1.347905282e+00 1.372628726e+00 
1.248963588e+00 1.474195507e+00 1.669828365e+00 
1.450044405e+00 1.651487553e+00 1.819783198e+00 
1.260213144e+00 1.291438980e+00 1.483965673e+00 
1.527309059e+00 1.630843959e+00 1.819783198e+00 
1.753774423e+00 1.752884032e+00 1.915537489e+00 
1.708703375e+00 1.557984214e+00 1.765582656e+00 
1.224245115e+00 1.454159077e+00 1.529810298e+00 
1.242155417e+00 1.475409836e+00 1.558491418e+00 
1.128330373e+00 1.316939891e+00 1.335817525e+00 
1.356571936e+00 1.288403157e+00 1.529810298e+00 
1.838365897e+00 1.661202186e+00 1.904245709e+00 
1.267761989e+00 1.269581056e+00 1.428410117e+00 
1.224245115e+00 1.444444444e+00 1.521680217e+00 
1.495337478e+00 1.465695203e+00 1.679765131e+00 
1.318605684e+00 1.313904068e+00 1.493902439e+00 
1.616119005e+00 1.550091075e+00 1.764227642e+00 
1.547735346e+00 1.619914997e+00 1.819783198e+00 
1.231127886e+00 1.506982392e+00 1.589656730e+00 
1.128330373e+00 1.326654523e+00 1.343947606e+00 
1.080817052e+00 1.250758956e+00 1.288166215e+00 
1.579262877e+00 1.802064359e+00 1.915537489e+00 
1.722024867e+00 1.606557377e+00 1.819783198e+00 
1.161856128e+00 1.333333333e+00 1.345754291e+00 
1.325636767e+00 1.388585307e+00 1.568428184e+00 
1.399644760e+00 1.287795993e+00 1.466124661e+00 
1.255328597e+00 1.276259866e+00 1.381662150e+00 
1.587921847e+00 1.473588342e+00 1.754290876e+00 
1.482238011e+00 1.435944141e+00 1.669828365e+00 
1.518650089e+00 1.354584092e+00 1.614272809e+00 
1.186056838e+00 1.323618701e+00 1.439701897e+00 
1.274718472e+00 1.430479660e+00 1.579719964e+00 
1.153048845e+00 1.346690953e+00 1.483965673e+00 
1.352871226e+00 1.636915604e+00 1.765582656e+00 
1.241119005e+00 1.355191257e+00 1.529810298e+00 
1.502664298e+00 1.425015179e+00 1.669828365e+00 
1.217362345e+00 1.247115968e+00 1.345754291e+00 
1.134547069e+00 1.114146934e+00 1.195799458e+00 
1.296625222e+00 1.239222829e+00 1.381662150e+00 
1.161856128e+00 1.363084396e+00 1.493902439e+00 
1.134547069e+00 1.143897996e+00 1.343947606e+00 
1.103019538e+00 1.125683060e+00 1.185862692e+00 
1.000000000e+00 1.018214936e+00 1.000000000e+00 
1.190053286e+00 1.027929569e+00 1.195799458e+00 
1.000000000e+00 1.047965999e+00 1.148148148e+00 
1.190053286e+00 1.000000000e+00 1.000000000e+00 

1.224245115e+00 1.454159077e+00 1.529810298e+00 
1.547735346e+00 1.619914997e+00 1.819783198e+00 
1.706039076e+00 1.549483910e+00 1.764227642e+00 
1.660523979e+00 1.692774742e+00 1.904245709e+00 
1.779751332e+00 1.660595021e+00 1.850045167e+00 
1.838365897e+00 1.661202186e+00 1.904245709e+00 
1.224245115e+00 1.444444444e+00 1.521680217e+00 
1.495337478e+00 1.465695203e+00 1.679765131e+00 
1.763543517e+00 1.734061931e+00 1.915537489e+00 
1.325636767e+00 1.388585307e+00 1.568428184e+00 
1.383880995e+00 1.507589557e+00 1.679765131e+00 
1.634991119e+00 1.592592593e+00 1.765582656e+00 
1.616119005e+00 1.550091075e+00 1.764227642e+00 
1.458481350e+00 1.717668488e+00 1.904245709e+00 
1.540630551e+00 1.458409229e+00 1.679765131e+00 
1.311722913e+00 1.471159684e+00 1.579719964e+00 
1.767317940e+00 1.599271403e+00 1.819783198e+00 
1.530417407e+00 1.796599879e+00 1.915537489e+00 
1.586145648e+00 1.598664238e+00 1.765582656e+00 
1.549289520e+00 1.598664238e+00 1.764227642e+00 
1.783303730e+00 1.585306618e+00 1.765582656e+00 
1.587921847e+00 1.473588342e+00 1.754290876e+00 
1.477131439e+00 1.831815422e+00 1.915537489e+00 
1.485346359e+00 1.613236187e+00 1.765582656e+00 
1.464031972e+00 1.630843959e+00 1.765582656e+00 
1.548179396e+00 1.934426230e+00 2.000000000e+00 
1.502664298e+00 1.425015179e+00 1.669828365e+00 
1.305284192e+00 1.649058895e+00 1.679765131e+00 
1.302397869e+00 1.534304797e+00 1.633920506e+00 
1.337033748e+00 1.430479660e+00 1.579719964e+00 
1.146240675e+00 1.347905282e+00 1.372628726e+00 
1.723357016e+00 1.897389192e+00 2.000000000e+00 
1.413410302e+00 1.522768670e+00 1.754290876e+00 
1.722468917e+00 1.921068610e+00 2.000000000e+00 
1.295071048e+00 1.488767456e+00 1.578364950e+00 
1.280787744e+00 1.443837280e+00 1.568428184e+00 
1.356571936e+00 1.288403157e+00 1.529810298e+00 
1.517317940e+00 1.685488767e+00 1.850045167e+00 
1.704706927e+00 1.783242259e+00 1.915537489e+00 
1.722024867e+00 1.606557377e+00 1.819783198e+00 
1.338587922e+00 1.693381906e+00 1.819783198e+00 
1.305284192e+00 1.639951427e+00 1.669828365e+00 
1.318605684e+00 1.313904068e+00 1.493902439e+00 
1.877442274e+00 1.845173042e+00 2.000000000e+00 
1.543738899e+00 1.790528233e+00 1.915537489e+00 
1.526420959e+00 1.662416515e+00 1.819783198e+00 
1.242673179e+00 1.565877353e+00 1.633920506e+00 
1.518650089e+00 1.354584092e+00 1.614272809e+00 
1.441607460e+00 1.599271403e+00 1.764227642e+00 
1.231127886e+00 1.506982392e+00 1.589656730e+00 
1.534191829e+00 1.607164542e+00 1.765582656e+00 
1.482238011e+00 1.435944141e+00 1.669828365e+00 
1.398978686e+00 1.625379478e+00 1.729674797e+00 
1.128330373e+00 1.326654523e+00 1.343947606e+00 
1.399644760e+00 1.287795993e+00 1.466124661e+00 
1.344138544e+00 1.403764420e+00 1.614272809e+00 
1.685612789e+00 1.679417122e+00 1.850045167e+00 
1.432060391e+00 1.636915604e+00 1.765582656e+00 
1.128330373e+00 1.316939891e+00 1.335817525e+00 
1.373223801e+00 1.669095325e+00 1.819783198e+00 
1.186056838e+00 1.323618701e+00 1.439701897e+00 
1.255328597e+00 1.276259866e+00 1.381662150e+00 
1.320825933e+00 1.514875531e+00 1.679765131e+00 
1.080817052e+00 1.250758956e+00 1.288166215e+00 
1.161856128e+00 1.333333333e+00 1.345754291e+00 
1.267761989e+00 1.269581056e+00 1.428410117e+00 
1.277309059e+00 1.541590771e+00 1.633920506e+00 
1.527309059e+00 1.630843959e+00 1.819783198e+00 
1.153048845e+00 1.346690953e+00 1.483965673e+00 
1.260213144e+00 1.291438980e+00 1.483965673e+00 
1.305284192e+00 1.486338798e+00 1.633920506e+00 
1.161856128e+00 1.363084396e+00 1.493902439e+00 
1.328152753e+00 1.474195507e+00 1.669828365e+00 
1.241119005e+00 1.355191257e+00 1.529810298e+00 
1.134547069e+00 1.114146934e+00 1.195799458e+00 
1.217362345e+00 1.247115968e+00 1.345754291e+00 
1.190053286e+00 1.000000000e+00 1.000000000e+00 
1.296625222e+00 1.239222829e+00 1.381662150e+00 
1.134547069e+00 1.143897996e+00 1.343947606e+00 
1.000000000e+00 1.018214936e+00 1.000000000e+00 
1.103019538e+00 1.125683060e+00 1.185862692e+00 
1.190053286e+00 1.027929569e+00 1.195799458e+00 
1.000000000e+00 1.047965999e+00 1.148148148e+00 

1.587921847e+00 1.473588342e+00 1.754290876e+00 
1.280787744e+00 1.443837280e+00 1.568428184e+00 
1.633214920e+00 1.686095932e+00 1.904245709e+00 
1.518650089e+00 1.354584092e+00 1.614272809e+00 
1.432060391e+00 1.636915604e+00 1.765582656e+00 
1.769094139e+00 1.542197936e+00 1.764227642e+00 
1.517317940e+00 1.685488767e+00 1.850045167e+00 
1.616341030e+00 1.567698846e+00 1.764227642e+00 
1.356571936e+00 1.288403157e+00 1.529810298e+00 
1.462699822e+00 1.403764420e+00 1.614272809e+00 
1.534191829e+00 1.607164542e+00 1.765582656e+00 
1.502664298e+00 1.425015179e+00 1.669828365e+00 
1.570603908e+00 1.661809350e+00 1.850045167e+00 
1.390097691e+00 1.657559199e+00 1.718383017e+00 
1.530417407e+00 1.796599879e+00 1.915537489e+00 
1.242155417e+00 1.475409836e+00 1.558491418e+00 
1.485346359e+00 1.613236187e+00 1.765582656e+00 
1.767317940e+00 1.599271403e+00 1.819783198e+00 
1.527309059e+00 1.630843959e+00 1.819783198e+00 
1.413410302e+00 1.522768670e+00 1.754290876e+00 
1.128330373e+00 1.326654523e+00 1.343947606e+00 
1.639431616e+00 1.574984821e+00 1.765582656e+00 
1.464031972e+00 1.630843959e+00 1.765582656e+00 
1.398978686e+00 1.625379478e+00 1.729674797e+00 
1.756660746e+00 1.774741955e+00 1.915537489e+00 
1.871225577e+00 1.761991500e+00 1.915537489e+00 
1.586145648e+00 1.598664238e+00 1.765582656e+00 
1.477131439e+00 1.831815422e+00 1.915537489e+00 
1.153048845e+00 1.346690953e+00 1.483965673e+00 
1.441607460e+00 1.599271403e+00 1.764227642e+00 
1.526420959e+00 1.662416515e+00 1.819783198e+00 
1.248963588e+00 1.474195507e+00 1.669828365e+00 
1.458481350e+00 1.717668488e+00 1.904245709e+00 
1.373223801e+00 1.669095325e+00 1.819783198e+00 
1.408081705e+00 1.468123862e+00 1.625564589e+00 
1.231127886e+00 1.506982392e+00 1.589656730e+00 
1.399644760e+00 1.287795993e+00 1.466124661e+00 
1.482238011e+00 1.435944141e+00 1.669828365e+00 
1.128330373e+00 1.316939891e+00 1.335817525e+00 
1.325636767e+00 1.388585307e+00 1.568428184e+00 
1.320825933e+00 1.514875531e+00 1.679765131e+00 
1.547735346e+00 1.619914997e+00 1.819783198e+00 
1.305284192e+00 1.649058895e+00 1.679765131e+00 
1.161856128e+00 1.363084396e+00 1.493902439e+00 
1.267761989e+00 1.269581056e+00 1.428410117e+00 
1.146240675e+00 1.347905282e+00 1.372628726e+00 
1.318605684e+00 1.313904068e+00 1.493902439e+00 
1.080817052e+00 1.250758956e+00 1.288166215e+00 
1.224245115e+00 1.454159077e+00 1.529810298e+00 
1.353907638e+00 1.430479660e+00 1.579719964e+00 
1.311722913e+00 1.471159684e+00 1.579719964e+00 
1.388543517e+00 1.471159684e+00 1.614272809e+00 
1.134547069e+00 1.114146934e+00 1.195799458e+00 
1.495337478e+00 1.465695203e+00 1.679765131e+00 
1.540630551e+00 1.458409229e+00 1.679765131e+00 
1.260213144e+00 1.291438980e+00 1.483965673e+00 
1.296625222e+00 1.239222829e+00 1.381662150e+00 
1.255328597e+00 1.276259866e+00 1.381662150e+00 
1.161856128e+00 1.333333333e+00 1.345754291e+00 
1.241119005e+00 1.355191257e+00 1.529810298e+00 
1.186056838e+00 1.323618701e+00 1.439701897e+00 
1.217362345e+00 1.247115968e+00 1.345754291e+00 
1.190053286e+00 1.027929569e+00 1.195799458e+00 
1.190053286e+00 1.000000000e+00 1.000000000e+00 
1.134547069e+00 1.143897996e+00 1.343947606e+00 
1.000000000e+00 1.018214936e+00 1.000000000e+00 
1.103019538e+00 1.125683060e+00 1.185862692e+00 
1.000000000e+00 1.047965999e+00 1.148148148e+00 

1.280787744e+00 1.443837280e+00 1.568428184e+00 
1.598357016e+00 1.581056466e+00 1.764227642e+00 
1.633214920e+00 1.686095932e+00 1.904245709e+00 
1.796403197e+00 1.921068610e+00 2.000000000e+00 
1.224245115e+00 1.454159077e+00 1.529810298e+00 
1.680728242e+00 1.984820886e+00 2.000000000e+00 
1.527309059e+00 1.630843959e+00 1.819783198e+00 
1.586145648e+00 1.598664238e+00 1.765582656e+00 
1.337033748e+00 1.430479660e+00 1.579719964e+00 
1.775310835e+00 1.668488160e+00 1.904245709e+00 
1.526420959e+00 1.662416515e+00 1.819783198e+00 
1.300473357e+00 1.438372799e+00 1.568428184e+00 
1.325636767e+00 1.388585307e+00 1.568428184e+00 
1.502664298e+00 1.425015179e+00 1.669828365e+00 
1.477131439e+00 1.831815422e+00 1.915537489e+00 
1.311944938e+00 1.709775349e+00 1.729674797e+00 
1.356571936e+00 1.288403157e+00 1.529810298e+00 
1.308096803e+00 1.663023679e+00 1.718383017e+00 
1.530417407e+00 1.796599879e+00 1.915537489e+00 
1.231127886e+00 1.506982392e+00 1.589656730e+00 
1.441607460e+00 1.599271403e+00 1.764227642e+00 
1.376702487e+00 1.571341834e+00 1.754290876e+00 
1.404011545e+00 1.790528233e+00 1.904245709e+00 
1.517317940e+00 1.685488767e+00 1.850045167e+00 
1.570603908e+00 1.661809350e+00 1.850045167e+00 
1.338587922e+00 1.693381906e+00 1.819783198e+00 
1.458481350e+00 1.717668488e+00 1.904245709e+00 
1.616341030e+00 1.567698846e+00 1.764227642e+00 
1.482238011e+00 1.435944141e+00 1.669828365e+00 
1.277309059e+00 1.541590771e+00 1.633920506e+00 
1.460479574e+00 1.451123254e+00 1.625564589e+00 
1.373223801e+00 1.669095325e+00 1.819783198e+00 
1.344138544e+00 1.403764420e+00 1.614272809e+00 
1.302397869e+00 1.534304797e+00 1.633920506e+00 
1.432060391e+00 1.636915604e+00 1.765582656e+00 
1.305284192e+00 1.639951427e+00 1.669828365e+00 
1.540630551e+00 1.458409229e+00 1.679765131e+00 
1.413410302e+00 1.522768670e+00 1.754290876e+00 
1.128330373e+00 1.316939891e+00 1.335817525e+00 
1.186056838e+00 1.323618701e+00 1.439701897e+00 
1.305284192e+00 1.649058895e+00 1.679765131e+00 
1.485346359e+00 1.613236187e+00 1.765582656e+00 
1.241119005e+00 1.355191257e+00 1.529810298e+00 
1.295071048e+00 1.488767456e+00 1.578364950e+00 
1.161856128e+00 1.333333333e+00 1.345754291e+00 
1.518650089e+00 1.354584092e+00 1.614272809e+00 
1.255328597e+00 1.276259866e+00 1.381662150e+00 
1.128330373e+00 1.326654523e+00 1.343947606e+00 
1.161856128e+00 1.363084396e+00 1.493902439e+00 
1.399644760e+00 1.287795993e+00 1.466124661e+00 
1.242673179e+00 1.565877353e+00 1.633920506e+00 
1.305284192e+00 1.486338798e+00 1.633920506e+00 
1.320825933e+00 1.514875531e+00 1.679765131e+00 
1.534191829e+00 1.607164542e+00 1.765582656e+00 
1.267761989e+00 1.269581056e+00 1.428410117e+00 
1.311278863e+00 1.474195507e+00 1.669828365e+00 
1.134547069e+00 1.143897996e+00 1.343947606e+00 
1.884103020e+00 1.908925319e+00 2.000000000e+00 
1.745115453e+00 1.585306618e+00 1.765582656e+00 
1.318605684e+00 1.313904068e+00 1.493902439e+00 
1.153048845e+00 1.346690953e+00 1.483965673e+00 
1.583037300e+00 1.769884639e+00 1.915537489e+00 
1.146240675e+00 1.347905282e+00 1.372628726e+00 
1.260213144e+00 1.291438980e+00 1.483965673e+00 
1.217362345e+00 1.247115968e+00 1.345754291e+00 
1.495337478e+00 1.465695203e+00 1.679765131e+00 
1.763543517e+00 1.734061931e+00 1.915537489e+00 
1.134547069e+00 1.114146934e+00 1.195799458e+00 
1.103019538e+00 1.125683060e+00 1.185862692e+00 
1.080817052e+00 1.250758956e+00 1.288166215e+00 
1.000000000e+00 1.018214936e+00 1.000000000e+00 
1.190053286e+00 1.000000000e+00 1.000000000e+00 
1.000000000e+00 1.047965999e+00 1.148148148e+00 
1.296625222e+00 1.239222829e+00 1.381662150e+00 
1.190053286e+00 1.027929569e+00 1.195799458e+00 
