1.626325945e+00 1.714075166e+00 1.915943173e+00 
1.396707268e+00 1.556374355e+00 1.752565114e+00 
1.512336673e+00 1.579218865e+00 1.828926598e+00 
1.712432949e+00 1.616801769e+00 1.912983425e+00 
1.834075904e+00 1.608695652e+00 1.836029992e+00 
1.535298541e+00 1.526160648e+00 1.778413575e+00 
1.700952015e+00 1.700073692e+00 1.915943173e+00 
1.619765412e+00 1.655858511e+00 1.912983425e+00 
1.326181532e+00 1.661016949e+00 1.733228098e+00 
1.443177168e+00 1.488577745e+00 1.749013418e+00 
1.372378349e+00 1.571112749e+00 1.752565114e+00 
1.618945345e+00 1.635961680e+00 1.836621942e+00 
1.550879809e+00 1.683861459e+00 1.836621942e+00 
1.460672471e+00 1.474576271e+00 1.694356748e+00 
1.604730309e+00 1.724392041e+00 1.915943173e+00 
1.664322096e+00 1.934414149e+00 2.000000000e+00 
1.609924611e+00 1.675018423e+00 1.836621942e+00 
1.370465134e+00 1.269712601e+00 1.427190213e+00 
1.765739745e+00 1.809137804e+00 2.000000000e+00 
1.714346165e+00 1.829771555e+00 2.000000000e+00 
1.696304697e+00 1.867354458e+00 2.000000000e+00 
1.358437215e+00 1.588798821e+00 1.749605367e+00 
1.507689355e+00 1.689019897e+00 1.912983425e+00 
1.365270831e+00 1.551952837e+00 1.694356748e+00 
1.539671957e+00 1.778187178e+00 1.915943173e+00 
1.305132880e+00 1.299926308e+00 1.401341752e+00 
1.440990870e+00 1.532056006e+00 1.752565114e+00 
1.176109325e+00 1.435519528e+00 1.569850039e+00 
1.333015147e+00 1.637435520e+00 1.828926598e+00 
1.420489203e+00 1.515843773e+00 1.749605367e+00 
1.562906907e+00 1.739130435e+00 1.915943173e+00 
1.182942941e+00 1.384672071e+00 1.530978690e+00 
1.483907421e+00 1.383935151e+00 1.614443567e+00 
1.383586201e+00 1.503316139e+00 1.694356748e+00 
1.371011298e+00 1.386145910e+00 1.585635359e+00 
1.380852099e+00 1.623434046e+00 1.828926598e+00 
1.182942941e+00 1.411938099e+00 1.665548540e+00 
1.126631420e+00 1.298452469e+00 1.367008682e+00 
1.275883560e+00 1.302873987e+00 1.398382005e+00 
1.198251126e+00 1.321296979e+00 1.530978690e+00 
1.130731754e+00 1.366985999e+00 1.382596685e+00 
1.333015147e+00 1.610169492e+00 1.694356748e+00 
1.329734881e+00 1.374355195e+00 1.561760063e+00 
1.083577918e+00 1.222549742e+00 1.314325178e+00 
1.198251126e+00 1.295504790e+00 1.367008682e+00 
1.108863855e+00 1.218128224e+00 1.351223362e+00 
1.399987535e+00 1.272660280e+00 1.434688240e+00 
1.137292287e+00 1.355195284e+00 1.485793212e+00 
1.411741551e+00 1.281503316e+00 1.451065509e+00 
1.137566190e+00 1.343404569e+00 1.478295185e+00 
1.058292802e+00 1.195283714e+00 1.179755328e+00 
1.032870734e+00 1.241709654e+00 1.187253354e+00 
1.121437938e+00 1.159911570e+00 1.187253354e+00 
1.171462007e+00 1.183492999e+00 1.350631413e+00 
1.390009783e+00 1.303610906e+00 1.434688240e+00 
1.108863855e+00 1.192336035e+00 1.187253354e+00 
1.155060673e+00 1.322770818e+00 1.477703236e+00 
1.063486284e+00 1.149594694e+00 1.163970008e+00 
1.037928085e+00 1.165806927e+00 1.134569850e+00 
1.035604016e+00 1.238761975e+00 1.163378058e+00 
1.253468677e+00 1.224760501e+00 1.367008682e+00 
1.076744302e+00 1.246131172e+00 1.218626677e+00 
1.012642148e+00 1.138540899e+00 1.000000000e+00 
1.106676737e+00 1.033898305e+00 1.000000000e+00 
1.058019719e+00 1.045689020e+00 1.000000000e+00 
1.152600473e+00 1.030213707e+00 1.187253354e+00 
1.058019719e+00 1.069270450e+00 1.163378058e+00 
1.152600473e+00 1.000000000e+00 1.000000000e+00 
1.106676737e+00 1.064848931e+00 1.179755328e+00 

1.365270831e+00 1.551952837e+00 1.694356748e+00 
1.460672471e+00 1.474576271e+00 1.694356748e+00 
1.371011298e+00 1.386145910e+00 1.585635359e+00 
1.582588508e+00 1.630803242e+00 1.912983425e+00 
1.381126001e+00 1.559322034e+00 1.749605367e+00 
1.558806573e+00 1.843036109e+00 1.912983425e+00 
1.390009783e+00 1.303610906e+00 1.434688240e+00 
1.483907421e+00 1.383935151e+00 1.614443567e+00 
1.333015147e+00 1.610169492e+00 1.694356748e+00 
1.326181532e+00 1.661016949e+00 1.733228098e+00 
1.126631420e+00 1.298452469e+00 1.367008682e+00 
1.680996512e+00 1.571849668e+00 1.778413575e+00 
1.560720609e+00 1.593957259e+00 1.828926598e+00 
1.372378349e+00 1.571112749e+00 1.752565114e+00 
1.700952015e+00 1.700073692e+00 1.915943173e+00 
1.623045679e+00 1.792188651e+00 1.915943173e+00 
1.358437215e+00 1.588798821e+00 1.749605367e+00 
1.420489203e+00 1.515843773e+00 1.749605367e+00 
1.176109325e+00 1.435519528e+00 1.569850039e+00 
1.440990870e+00 1.532056006e+00 1.752565114e+00 
1.275883560e+00 1.302873987e+00 1.398382005e+00 
1.182942941e+00 1.411938099e+00 1.665548540e+00 
1.333015147e+00 1.637435520e+00 1.828926598e+00 
1.380852099e+00 1.623434046e+00 1.828926598e+00 
1.406274166e+00 1.604274134e+00 1.828926598e+00 
1.155060673e+00 1.322770818e+00 1.477703236e+00 
1.443177168e+00 1.488577745e+00 1.749013418e+00 
1.198251126e+00 1.295504790e+00 1.367008682e+00 
1.383586201e+00 1.503316139e+00 1.694356748e+00 
1.137566190e+00 1.343404569e+00 1.478295185e+00 
1.198251126e+00 1.321296979e+00 1.530978690e+00 
1.182942941e+00 1.384672071e+00 1.530978690e+00 
1.329734881e+00 1.374355195e+00 1.561760063e+00 
1.108863855e+00 1.192336035e+00 1.187253354e+00 
1.370465134e+00 1.269712601e+00 1.427190213e+00 
1.399987535e+00 1.272660280e+00 1.434688240e+00 
1.032870734e+00 1.241709654e+00 1.187253354e+00 
1.137292287e+00 1.355195284e+00 1.485793212e+00 
1.108863855e+00 1.218128224e+00 1.351223362e+00 
1.035604016e+00 1.238761975e+00 1.163378058e+00 
1.083577918e+00 1.222549742e+00 1.314325178e+00 
1.130731754e+00 1.366985999e+00 1.382596685e+00 
1.305132880e+00 1.299926308e+00 1.401341752e+00 
1.076744302e+00 1.246131172e+00 1.218626677e+00 
1.411741551e+00 1.281503316e+00 1.451065509e+00 
1.152600473e+00 1.000000000e+00 1.000000000e+00 
1.058292802e+00 1.195283714e+00 1.179755328e+00 
1.058019719e+00 1.045689020e+00 1.000000000e+00 
1.171462007e+00 1.183492999e+00 1.350631413e+00 
1.012642148e+00 1.138540899e+00 1.000000000e+00 
1.121437938e+00 1.159911570e+00 1.187253354e+00 
1.037928085e+00 1.165806927e+00 1.134569850e+00 
1.106676737e+00 1.064848931e+00 1.179755328e+00 
1.058019719e+00 1.069270450e+00 1.163378058e+00 
1.152600473e+00 1.030213707e+00 1.187253354e+00 
1.253468677e+00 1.224760501e+00 1.367008682e+00 
1.063486284e+00 1.149594694e+00 1.163970008e+00 
1.106676737e+00 1.033898305e+00 1.000000000e+00 

1.948885242e+00 1.790714812e+00 2.000000000e+00 
1.460672471e+00 1.474576271e+00 1.694356748e+00 
1.333015147e+00 1.610169492e+00 1.694356748e+00 
1.370465134e+00 1.269712601e+00 1.427190213e+00 
1.539671957e+00 1.778187178e+00 1.915943173e+00 
1.548419608e+00 1.584377303e+00 1.778413575e+00 
1.591063077e+00 1.757553427e+00 1.915943173e+00 
1.160254155e+00 1.428150332e+00 1.514601421e+00 
1.481994205e+00 1.507000737e+00 1.733228098e+00 
1.587508908e+00 1.764185704e+00 1.915943173e+00 
1.365270831e+00 1.551952837e+00 1.694356748e+00 
1.507689355e+00 1.689019897e+00 1.912983425e+00 
1.399987535e+00 1.272660280e+00 1.434688240e+00 
1.358437215e+00 1.588798821e+00 1.749605367e+00 
1.851297305e+00 1.608695652e+00 1.836029992e+00 
1.550879809e+00 1.683861459e+00 1.836621942e+00 
1.333015147e+00 1.637435520e+00 1.828926598e+00 
1.372378349e+00 1.571112749e+00 1.752565114e+00 
1.380852099e+00 1.623434046e+00 1.828926598e+00 
1.715439314e+00 1.685335298e+00 1.915943173e+00 
1.483907421e+00 1.383935151e+00 1.614443567e+00 
1.440990870e+00 1.532056006e+00 1.752565114e+00 
1.560720609e+00 1.593957259e+00 1.828926598e+00 
1.420489203e+00 1.515843773e+00 1.749605367e+00 
1.182942941e+00 1.411938099e+00 1.665548540e+00 
1.137566190e+00 1.343404569e+00 1.478295185e+00 
1.582588508e+00 1.630803242e+00 1.912983425e+00 
1.198251126e+00 1.295504790e+00 1.367008682e+00 
1.411741551e+00 1.281503316e+00 1.451065509e+00 
1.917452086e+00 1.815033161e+00 2.000000000e+00 
1.176109325e+00 1.435519528e+00 1.569850039e+00 
1.854306949e+00 1.861459101e+00 2.000000000e+00 
1.329734881e+00 1.374355195e+00 1.561760063e+00 
1.383586201e+00 1.503316139e+00 1.694356748e+00 
1.649833977e+00 1.565217391e+00 1.828926598e+00 
1.371011298e+00 1.386145910e+00 1.585635359e+00 
1.884649417e+00 1.848194547e+00 2.000000000e+00 
1.198251126e+00 1.321296979e+00 1.530978690e+00 
1.130731754e+00 1.366985999e+00 1.382596685e+00 
1.626325945e+00 1.714075166e+00 1.915943173e+00 
1.058292802e+00 1.195283714e+00 1.179755328e+00 
1.126631420e+00 1.298452469e+00 1.367008682e+00 
1.137292287e+00 1.355195284e+00 1.485793212e+00 
1.155060673e+00 1.322770818e+00 1.477703236e+00 
1.253468677e+00 1.224760501e+00 1.367008682e+00 
1.390009783e+00 1.303610906e+00 1.434688240e+00 
1.032870734e+00 1.241709654e+00 1.187253354e+00 
1.182942941e+00 1.384672071e+00 1.530978690e+00 
1.076744302e+00 1.246131172e+00 1.218626677e+00 
1.305132880e+00 1.299926308e+00 1.401341752e+00 
1.121437938e+00 1.159911570e+00 1.187253354e+00 
1.108863855e+00 1.218128224e+00 1.351223362e+00 
1.035604016e+00 1.238761975e+00 1.163378058e+00 
1.275883560e+00 1.302873987e+00 1.398382005e+00 
1.628786145e+00 1.526160648e+00 1.778413575e+00 
1.106676737e+00 1.064848931e+00 1.179755328e+00 
1.152600473e+00 1.000000000e+00 1.000000000e+00 
1.108863855e+00 1.192336035e+00 1.187253354e+00 
1.012642148e+00 1.138540899e+00 1.000000000e+00 
1.171462007e+00 1.183492999e+00 1.350631413e+00 
1.083577918e+00 1.222549742e+00 1.314325178e+00 
1.058019719e+00 1.069270450e+00 1.163378058e+00 
1.152600473e+00 1.030213707e+00 1.187253354e+00 
1.037928085e+00 1.165806927e+00 1.134569850e+00 
1.063486284e+00 1.149594694e+00 1.163970008e+00 
1.106676737e+00 1.033898305e+00 1.000000000e+00 
1.058019719e+00 1.045689020e+00 1.000000000e+00 

1.638900028e+00 1.770081061e+00 1.915943173e+00 
1.482267288e+00 1.722918202e+00 1.836621942e+00 
1.744688633e+00 1.616801769e+00 1.912983425e+00 
1.639720095e+00 1.748710391e+00 1.915943173e+00 
1.381126001e+00 1.559322034e+00 1.749605367e+00 
1.539671957e+00 1.778187178e+00 1.915943173e+00 
1.460672471e+00 1.474576271e+00 1.694356748e+00 
1.371011298e+00 1.386145910e+00 1.585635359e+00 
1.550879809e+00 1.683861459e+00 1.836621942e+00 
1.481994205e+00 1.507000737e+00 1.733228098e+00 
1.333015147e+00 1.637435520e+00 1.828926598e+00 
1.507689355e+00 1.689019897e+00 1.912983425e+00 
1.671429614e+00 1.699336772e+00 1.915943173e+00 
1.333015147e+00 1.610169492e+00 1.694356748e+00 
1.406274166e+00 1.604274134e+00 1.828926598e+00 
1.582588508e+00 1.630803242e+00 1.912983425e+00 
1.383586201e+00 1.503316139e+00 1.694356748e+00 
1.176109325e+00 1.435519528e+00 1.569850039e+00 
1.628786145e+00 1.526160648e+00 1.778413575e+00 
1.440990870e+00 1.532056006e+00 1.752565114e+00 
1.380852099e+00 1.623434046e+00 1.828926598e+00 
1.358437215e+00 1.588798821e+00 1.749605367e+00 
1.420489203e+00 1.515843773e+00 1.749605367e+00 
1.372378349e+00 1.571112749e+00 1.752565114e+00 
1.182942941e+00 1.384672071e+00 1.530978690e+00 
1.182942941e+00 1.411938099e+00 1.665548540e+00 
1.329734881e+00 1.374355195e+00 1.561760063e+00 
1.155060673e+00 1.322770818e+00 1.477703236e+00 
1.390009783e+00 1.303610906e+00 1.434688240e+00 
1.483907421e+00 1.383935151e+00 1.614443567e+00 
1.198251126e+00 1.321296979e+00 1.530978690e+00 
1.407914300e+00 1.579218865e+00 1.828926598e+00 
1.137292287e+00 1.355195284e+00 1.485793212e+00 
1.370465134e+00 1.269712601e+00 1.427190213e+00 
1.198251126e+00 1.295504790e+00 1.367008682e+00 
1.126631420e+00 1.298452469e+00 1.367008682e+00 
1.130731754e+00 1.366985999e+00 1.382596685e+00 
1.275883560e+00 1.302873987e+00 1.398382005e+00 
1.160254155e+00 1.428150332e+00 1.514601421e+00 
1.399987535e+00 1.272660280e+00 1.434688240e+00 
1.411741551e+00 1.281503316e+00 1.451065509e+00 
1.108863855e+00 1.218128224e+00 1.351223362e+00 
1.121437938e+00 1.159911570e+00 1.187253354e+00 
1.076744302e+00 1.246131172e+00 1.218626677e+00 
1.305132880e+00 1.299926308e+00 1.401341752e+00 
1.108863855e+00 1.192336035e+00 1.187253354e+00 
1.137566190e+00 1.343404569e+00 1.478295185e+00 
1.171462007e+00 1.183492999e+00 1.350631413e+00 
1.032870734e+00 1.241709654e+00 1.187253354e+00 
1.253468677e+00 1.224760501e+00 1.367008682e+00 
1.035604016e+00 1.238761975e+00 1.163378058e+00 
1.058292802e+00 1.195283714e+00 1.179755328e+00 
1.152600473e+00 1.000000000e+00 1.000000000e+00 
1.037928085e+00 1.165806927e+00 1.134569850e+00 
1.058019719e+00 1.069270450e+00 1.163378058e+00 
1.106676737e+00 1.064848931e+00 1.179755328e+00 
1.152600473e+00 1.030213707e+00 1.187253354e+00 
1.012642148e+00 1.138540899e+00 1.000000000e+00 
1.106676737e+00 1.033898305e+00 1.000000000e+00 
1.058019719e+00 1.045689020e+00 1.000000000e+00 
1.083577918e+00 1.222549742e+00 1.314325178e+00 
1.063486284e+00 1.149594694e+00 1.163970008e+00 

1.548419608e+00 1.584377303e+00 1.778413575e+00 
1.483907421e+00 1.383935151e+00 1.614443567e+00 
1.744688633e+00 1.616801769e+00 1.912983425e+00 
1.591063077e+00 1.757553427e+00 1.915943173e+00 
1.383586201e+00 1.503316139e+00 1.694356748e+00 
1.365270831e+00 1.551952837e+00 1.694356748e+00 
1.507689355e+00 1.689019897e+00 1.912983425e+00 
1.539671957e+00 1.778187178e+00 1.915943173e+00 
1.560720609e+00 1.593957259e+00 1.828926598e+00 
1.638900028e+00 1.743551953e+00 1.915943173e+00 
1.333015147e+00 1.610169492e+00 1.694356748e+00 
1.305132880e+00 1.299926308e+00 1.401341752e+00 
1.399987535e+00 1.272660280e+00 1.434688240e+00 
1.372378349e+00 1.571112749e+00 1.752565114e+00 
1.329734881e+00 1.374355195e+00 1.561760063e+00 
1.390009783e+00 1.303610906e+00 1.434688240e+00 
1.443177168e+00 1.488577745e+00 1.749013418e+00 
1.333015147e+00 1.637435520e+00 1.828926598e+00 
1.559900542e+00 1.676492262e+00 1.912983425e+00 
1.460672471e+00 1.474576271e+00 1.694356748e+00 
1.582588508e+00 1.630803242e+00 1.912983425e+00 
1.420489203e+00 1.515843773e+00 1.749605367e+00 
1.872348417e+00 1.828297716e+00 2.000000000e+00 
1.358437215e+00 1.588798821e+00 1.749605367e+00 
1.380852099e+00 1.623434046e+00 1.828926598e+00 
1.628786145e+00 1.526160648e+00 1.778413575e+00 
1.137566190e+00 1.343404569e+00 1.478295185e+00 
1.371011298e+00 1.386145910e+00 1.585635359e+00 
1.182942941e+00 1.411938099e+00 1.665548540e+00 
1.176109325e+00 1.435519528e+00 1.569850039e+00 
1.130731754e+00 1.366985999e+00 1.382596685e+00 
1.198251126e+00 1.321296979e+00 1.530978690e+00 
1.440990870e+00 1.532056006e+00 1.752565114e+00 
1.649833977e+00 1.565217391e+00 1.828926598e+00 
1.587508908e+00 1.764185704e+00 1.915943173e+00 
1.137292287e+00 1.355195284e+00 1.485793212e+00 
1.198251126e+00 1.295504790e+00 1.367008682e+00 
1.275883560e+00 1.302873987e+00 1.398382005e+00 
1.182942941e+00 1.384672071e+00 1.530978690e+00 
1.126631420e+00 1.298452469e+00 1.367008682e+00 
1.035604016e+00 1.238761975e+00 1.163378058e+00 
1.121437938e+00 1.159911570e+00 1.187253354e+00 
1.370465134e+00 1.269712601e+00 1.427190213e+00 
1.155060673e+00 1.322770818e+00 1.477703236e+00 
1.171462007e+00 1.183492999e+00 1.350631413e+00 
1.083577918e+00 1.222549742e+00 1.314325178e+00 
1.108863855e+00 1.218128224e+00 1.351223362e+00 
1.108863855e+00 1.192336035e+00 1.187253354e+00 
1.032870734e+00 1.241709654e+00 1.187253354e+00 
1.058292802e+00 1.195283714e+00 1.179755328e+00 
1.253468677e+00 1.224760501e+00 1.367008682e+00 
1.076744302e+00 1.246131172e+00 1.218626677e+00 
1.063486284e+00 1.149594694e+00 1.163970008e+00 
1.058019719e+00 1.069270450e+00 1.163378058e+00 
1.106676737e+00 1.064848931e+00 1.179755328e+00 
1.012642148e+00 1.138540899e+00 1.000000000e+00 
1.411741551e+00 1.281503316e+00 1.451065509e+00 
1.106676737e+00 1.033898305e+00 1.000000000e+00 
1.152600473e+00 1.030213707e+00 1.187253354e+00 
1.037928085e+00 1.165806927e+00 1.134569850e+00 
1.058019719e+00 1.045689020e+00 1.000000000e+00 
1.152600473e+00 1.000000000e+00 1.000000000e+00 

1.638900028e+00 1.743551953e+00 1.915943173e+00 
1.329734881e+00 1.374355195e+00 1.561760063e+00 
1.587508908e+00 1.764185704e+00 1.915943173e+00 
1.473793538e+00 1.780397937e+00 1.912983425e+00 
1.701225098e+00 1.608695652e+00 1.836029992e+00 
1.580948374e+00 1.655858511e+00 1.912983425e+00 
1.371011298e+00 1.386145910e+00 1.585635359e+00 
1.406274166e+00 1.604274134e+00 1.828926598e+00 
1.443177168e+00 1.488577745e+00 1.749013418e+00 
1.559900542e+00 1.676492262e+00 1.912983425e+00 
1.126631420e+00 1.298452469e+00 1.367008682e+00 
1.365270831e+00 1.551952837e+00 1.694356748e+00 
1.591063077e+00 1.757553427e+00 1.915943173e+00 
1.305132880e+00 1.299926308e+00 1.401341752e+00 
1.507689355e+00 1.689019897e+00 1.912983425e+00 
1.582588508e+00 1.630803242e+00 1.912983425e+00 
1.550879809e+00 1.683861459e+00 1.836621942e+00 
1.383586201e+00 1.503316139e+00 1.694356748e+00 
1.381126001e+00 1.559322034e+00 1.749605367e+00 
1.539671957e+00 1.778187178e+00 1.915943173e+00 
1.326181532e+00 1.661016949e+00 1.733228098e+00 
1.440990870e+00 1.532056006e+00 1.752565114e+00 
1.372378349e+00 1.571112749e+00 1.752565114e+00 
1.380852099e+00 1.623434046e+00 1.828926598e+00 
1.160254155e+00 1.428150332e+00 1.514601421e+00 
1.130731754e+00 1.366985999e+00 1.382596685e+00 
1.358437215e+00 1.588798821e+00 1.749605367e+00 
1.390009783e+00 1.303610906e+00 1.434688240e+00 
1.333015147e+00 1.637435520e+00 1.828926598e+00 
1.420489203e+00 1.515843773e+00 1.749605367e+00 
1.275883560e+00 1.302873987e+00 1.398382005e+00 
1.083577918e+00 1.222549742e+00 1.314325178e+00 
1.137292287e+00 1.355195284e+00 1.485793212e+00 
1.182942941e+00 1.384672071e+00 1.530978690e+00 
1.076744302e+00 1.246131172e+00 1.218626677e+00 
1.182942941e+00 1.411938099e+00 1.665548540e+00 
1.176109325e+00 1.435519528e+00 1.569850039e+00 
1.445364286e+00 1.565217391e+00 1.828926598e+00 
1.198251126e+00 1.295504790e+00 1.367008682e+00 
1.370465134e+00 1.269712601e+00 1.427190213e+00 
1.483907421e+00 1.383935151e+00 1.614443567e+00 
1.155060673e+00 1.322770818e+00 1.477703236e+00 
1.108863855e+00 1.192336035e+00 1.187253354e+00 
1.668969414e+00 1.714075166e+00 1.915943173e+00 
1.333015147e+00 1.610169492e+00 1.694356748e+00 
1.121437938e+00 1.159911570e+00 1.187253354e+00 
1.035604016e+00 1.238761975e+00 1.163378058e+00 
1.399987535e+00 1.272660280e+00 1.434688240e+00 
1.411741551e+00 1.281503316e+00 1.451065509e+00 
1.137566190e+00 1.343404569e+00 1.478295185e+00 
1.108863855e+00 1.218128224e+00 1.351223362e+00 
1.198251126e+00 1.321296979e+00 1.530978690e+00 
1.058292802e+00 1.195283714e+00 1.179755328e+00 
1.012642148e+00 1.138540899e+00 1.000000000e+00 
1.032870734e+00 1.241709654e+00 1.187253354e+00 
1.152600473e+00 1.000000000e+00 1.000000000e+00 
1.106676737e+00 1.064848931e+00 1.179755328e+00 
1.171462007e+00 1.183492999e+00 1.350631413e+00 
1.152600473e+00 1.030213707e+00 1.187253354e+00 
1.058019719e+00 1.069270450e+00 1.163378058e+00 
1.058019719e+00 1.045689020e+00 1.000000000e+00 
1.037928085e+00 1.165806927e+00 1.134569850e+00 
1.106676737e+00 1.033898305e+00 1.000000000e+00 
1.063486284e+00 1.149594694e+00 1.163970008e+00 
1.253468677e+00 1.224760501e+00 1.367008682e+00 

1.550879809e+00 1.683861459e+00 1.836621942e+00 
1.482267288e+00 1.722918202e+00 1.836621942e+00 
1.785691968e+00 1.488577745e+00 1.749013418e+00 
1.703412216e+00 1.685335298e+00 1.915943173e+00 
1.597076626e+00 1.654384672e+00 1.912983425e+00 
1.371011298e+00 1.386145910e+00 1.585635359e+00 
1.634799695e+00 1.724392041e+00 1.915943173e+00 
1.381126001e+00 1.559322034e+00 1.749605367e+00 
1.618945345e+00 1.635961680e+00 1.836621942e+00 
1.137566190e+00 1.343404569e+00 1.478295185e+00 
1.399987535e+00 1.272660280e+00 1.434688240e+00 
1.539671957e+00 1.778187178e+00 1.915943173e+00 
1.370465134e+00 1.269712601e+00 1.427190213e+00 
1.155060673e+00 1.322770818e+00 1.477703236e+00 
1.333015147e+00 1.610169492e+00 1.694356748e+00 
1.176109325e+00 1.435519528e+00 1.569850039e+00 
1.358437215e+00 1.588798821e+00 1.749605367e+00 
1.420489203e+00 1.515843773e+00 1.749605367e+00 
1.712432949e+00 1.616801769e+00 1.912983425e+00 
1.591063077e+00 1.757553427e+00 1.915943173e+00 
1.481994205e+00 1.507000737e+00 1.733228098e+00 
1.668969414e+00 1.714075166e+00 1.915943173e+00 
1.687010881e+00 1.630803242e+00 1.912983425e+00 
1.440990870e+00 1.532056006e+00 1.752565114e+00 
1.372378349e+00 1.571112749e+00 1.752565114e+00 
1.507689355e+00 1.689019897e+00 1.912983425e+00 
1.333015147e+00 1.637435520e+00 1.828926598e+00 
1.365270831e+00 1.551952837e+00 1.694356748e+00 
1.380852099e+00 1.623434046e+00 1.828926598e+00 
1.275883560e+00 1.302873987e+00 1.398382005e+00 
1.806743080e+00 1.973470892e+00 2.000000000e+00 
1.182942941e+00 1.384672071e+00 1.530978690e+00 
1.535298541e+00 1.526160648e+00 1.778413575e+00 
1.557440342e+00 1.683124539e+00 1.912983425e+00 
1.032870734e+00 1.241709654e+00 1.187253354e+00 
1.390009783e+00 1.303610906e+00 1.434688240e+00 
1.130731754e+00 1.366985999e+00 1.382596685e+00 
1.445364286e+00 1.565217391e+00 1.828926598e+00 
1.198251126e+00 1.295504790e+00 1.367008682e+00 
1.823964481e+00 1.868091378e+00 2.000000000e+00 
1.160254155e+00 1.428150332e+00 1.514601421e+00 
1.171462007e+00 1.183492999e+00 1.350631413e+00 
1.182942941e+00 1.411938099e+00 1.665548540e+00 
1.253468677e+00 1.224760501e+00 1.367008682e+00 
1.126631420e+00 1.298452469e+00 1.367008682e+00 
1.483907421e+00 1.383935151e+00 1.614443567e+00 
1.411741551e+00 1.281503316e+00 1.451065509e+00 
1.137292287e+00 1.355195284e+00 1.485793212e+00 
1.108863855e+00 1.218128224e+00 1.351223362e+00 
1.198251126e+00 1.321296979e+00 1.530978690e+00 
1.383586201e+00 1.503316139e+00 1.694356748e+00 
1.460672471e+00 1.474576271e+00 1.694356748e+00 
1.058292802e+00 1.195283714e+00 1.179755328e+00 
1.083577918e+00 1.222549742e+00 1.314325178e+00 
1.035604016e+00 1.238761975e+00 1.163378058e+00 
1.108863855e+00 1.192336035e+00 1.187253354e+00 
1.305132880e+00 1.299926308e+00 1.401341752e+00 
1.121437938e+00 1.159911570e+00 1.187253354e+00 
1.152600473e+00 1.000000000e+00 1.000000000e+00 
1.058019719e+00 1.069270450e+00 1.163378058e+00 
1.058019719e+00 1.045689020e+00 1.000000000e+00 
1.037928085e+00 1.165806927e+00 1.134569850e+00 
1.076744302e+00 1.246131172e+00 1.218626677e+00 
1.106676737e+00 1.064848931e+00 1.179755328e+00 
1.012642148e+00 1.138540899e+00 1.000000000e+00 
1.106676737e+00 1.033898305e+00 1.000000000e+00 
1.063486284e+00 1.149594694e+00 1.163970008e+00 
1.152600473e+00 1.030213707e+00 1.187253354e+00 

1.381126001e+00 1.559322034e+00 1.749605367e+00 
1.687010881e+00 1.630803242e+00 1.912983425e+00 
1.535298541e+00 1.526160648e+00 1.778413575e+00 
1.326181532e+00 1.661016949e+00 1.733228098e+00 
1.714346165e+00 1.829771555e+00 2.000000000e+00 
1.712432949e+00 1.616801769e+00 1.912983425e+00 
1.512336673e+00 1.579218865e+00 1.828926598e+00 
1.750158478e+00 1.823876197e+00 2.000000000e+00 
1.664322096e+00 1.934414149e+00 2.000000000e+00 
1.696304697e+00 1.867354458e+00 2.000000000e+00 
1.700952015e+00 1.700073692e+00 1.915943173e+00 
1.618945345e+00 1.635961680e+00 1.836621942e+00 
1.898590551e+00 1.809137804e+00 2.000000000e+00 
1.626325945e+00 1.714075166e+00 1.915943173e+00 
1.682363563e+00 1.504053058e+00 1.701460142e+00 
1.155060673e+00 1.322770818e+00 1.477703236e+00 
1.633979628e+00 1.383935151e+00 1.614443567e+00 
1.481994205e+00 1.507000737e+00 1.733228098e+00 
1.275883560e+00 1.302873987e+00 1.398382005e+00 
1.550879809e+00 1.683861459e+00 1.836621942e+00 
1.609924611e+00 1.675018423e+00 1.836621942e+00 
1.619765412e+00 1.655858511e+00 1.912983425e+00 
1.460672471e+00 1.474576271e+00 1.694356748e+00 
1.399987535e+00 1.272660280e+00 1.434688240e+00 
1.305132880e+00 1.299926308e+00 1.401341752e+00 
1.420489203e+00 1.515843773e+00 1.749605367e+00 
1.383586201e+00 1.503316139e+00 1.694356748e+00 
1.440990870e+00 1.532056006e+00 1.752565114e+00 
1.160254155e+00 1.428150332e+00 1.514601421e+00 
1.130731754e+00 1.366985999e+00 1.382596685e+00 
1.372378349e+00 1.571112749e+00 1.752565114e+00 
1.507689355e+00 1.689019897e+00 1.912983425e+00 
1.380852099e+00 1.623434046e+00 1.828926598e+00 
1.365270831e+00 1.551952837e+00 1.694356748e+00 
1.358437215e+00 1.588798821e+00 1.749605367e+00 
1.539671957e+00 1.778187178e+00 1.915943173e+00 
1.333015147e+00 1.610169492e+00 1.694356748e+00 
1.591063077e+00 1.757553427e+00 1.915943173e+00 
1.371011298e+00 1.386145910e+00 1.585635359e+00 
1.329734881e+00 1.374355195e+00 1.561760063e+00 
1.182942941e+00 1.384672071e+00 1.530978690e+00 
1.182942941e+00 1.411938099e+00 1.665548540e+00 
1.176109325e+00 1.435519528e+00 1.569850039e+00 
1.411741551e+00 1.281503316e+00 1.451065509e+00 
1.126631420e+00 1.298452469e+00 1.367008682e+00 
1.578215092e+00 1.770817981e+00 1.915943173e+00 
1.370465134e+00 1.269712601e+00 1.427190213e+00 
1.137566190e+00 1.343404569e+00 1.478295185e+00 
1.608284478e+00 1.739130435e+00 1.915943173e+00 
1.171462007e+00 1.183492999e+00 1.350631413e+00 
1.333015147e+00 1.637435520e+00 1.828926598e+00 
1.198251126e+00 1.321296979e+00 1.530978690e+00 
1.032870734e+00 1.241709654e+00 1.187253354e+00 
1.035604016e+00 1.238761975e+00 1.163378058e+00 
1.121437938e+00 1.159911570e+00 1.187253354e+00 
1.076744302e+00 1.246131172e+00 1.218626677e+00 
1.137292287e+00 1.355195284e+00 1.485793212e+00 
1.198251126e+00 1.295504790e+00 1.367008682e+00 
1.058292802e+00 1.195283714e+00 1.179755328e+00 
1.083577918e+00 1.222549742e+00 1.314325178e+00 
1.108863855e+00 1.192336035e+00 1.187253354e+00 
1.253468677e+00 1.224760501e+00 1.367008682e+00 
1.108863855e+00 1.218128224e+00 1.351223362e+00 
1.058019719e+00 1.045689020e+00 1.000000000e+00 
1.152600473e+00 1.000000000e+00 1.000000000e+00 
1.106676737e+00 1.033898305e+00 1.000000000e+00 
1.063486284e+00 1.149594694e+00 1.163970008e+00 
1.012642148e+00 1.138540899e+00 1.000000000e+00 
1.058019719e+00 1.069270450e+00 1.163378058e+00 
1.037928085e+00 1.165806927e+00 1.134569850e+00 
1.106676737e+00 1.064848931e+00 1.179755328e+00 
1.152600473e+00 1.030213707e+00 1.187253354e+00 

1.618945345e+00 1.635961680e+00 1.836621942e+00 
1.595436493e+00 1.374355195e+00 1.561760063e+00 
1.609924611e+00 1.675018423e+00 1.836621942e+00 
1.539671957e+00 1.778187178e+00 1.915943173e+00 
1.550879809e+00 1.683861459e+00 1.836621942e+00 
1.606097360e+00 1.571849668e+00 1.778413575e+00 
1.372378349e+00 1.571112749e+00 1.752565114e+00 
1.619765412e+00 1.655858511e+00 1.912983425e+00 
1.591063077e+00 1.757553427e+00 1.915943173e+00 
1.365270831e+00 1.551952837e+00 1.694356748e+00 
1.333015147e+00 1.610169492e+00 1.694356748e+00 
1.443177168e+00 1.488577745e+00 1.749013418e+00 
1.483907421e+00 1.383935151e+00 1.614443567e+00 
1.482267288e+00 1.722918202e+00 1.836621942e+00 
1.507689355e+00 1.689019897e+00 1.912983425e+00 
1.333015147e+00 1.637435520e+00 1.828926598e+00 
1.440990870e+00 1.532056006e+00 1.752565114e+00 
1.390009783e+00 1.303610906e+00 1.434688240e+00 
1.305132880e+00 1.299926308e+00 1.401341752e+00 
1.460672471e+00 1.474576271e+00 1.694356748e+00 
1.396707268e+00 1.556374355e+00 1.752565114e+00 
1.182942941e+00 1.384672071e+00 1.530978690e+00 
1.358437215e+00 1.588798821e+00 1.749605367e+00 
1.380852099e+00 1.623434046e+00 1.828926598e+00 
1.420489203e+00 1.515843773e+00 1.749605367e+00 
1.399987535e+00 1.272660280e+00 1.434688240e+00 
1.137566190e+00 1.343404569e+00 1.478295185e+00 
1.639720095e+00 1.748710391e+00 1.915943173e+00 
1.182942941e+00 1.411938099e+00 1.665548540e+00 
1.770930768e+00 1.836403832e+00 2.000000000e+00 
1.130731754e+00 1.366985999e+00 1.382596685e+00 
1.407914300e+00 1.579218865e+00 1.828926598e+00 
1.155060673e+00 1.322770818e+00 1.477703236e+00 
1.137292287e+00 1.355195284e+00 1.485793212e+00 
1.671429614e+00 1.699336772e+00 1.915943173e+00 
1.383586201e+00 1.503316139e+00 1.694356748e+00 
1.198251126e+00 1.295504790e+00 1.367008682e+00 
1.275883560e+00 1.302873987e+00 1.398382005e+00 
1.176109325e+00 1.435519528e+00 1.569850039e+00 
1.108863855e+00 1.192336035e+00 1.187253354e+00 
1.198251126e+00 1.321296979e+00 1.530978690e+00 
1.076744302e+00 1.246131172e+00 1.218626677e+00 
1.370465134e+00 1.269712601e+00 1.427190213e+00 
1.411741551e+00 1.281503316e+00 1.451065509e+00 
1.108863855e+00 1.218128224e+00 1.351223362e+00 
1.058292802e+00 1.195283714e+00 1.179755328e+00 
1.126631420e+00 1.298452469e+00 1.367008682e+00 
1.171462007e+00 1.183492999e+00 1.350631413e+00 
1.032870734e+00 1.241709654e+00 1.187253354e+00 
1.121437938e+00 1.159911570e+00 1.187253354e+00 
1.083577918e+00 1.222549742e+00 1.314325178e+00 
1.371011298e+00 1.386145910e+00 1.585635359e+00 
1.035604016e+00 1.238761975e+00 1.163378058e+00 
1.253468677e+00 1.224760501e+00 1.367008682e+00 
1.106676737e+00 1.064848931e+00 1.179755328e+00 
1.037928085e+00 1.165806927e+00 1.134569850e+00 
1.152600473e+00 1.000000000e+00 1.000000000e+00 
1.063486284e+00 1.149594694e+00 1.163970008e+00 
1.152600473e+00 1.030213707e+00 1.187253354e+00 
1.106676737e+00 1.033898305e+00 1.000000000e+00 
1.012642148e+00 1.138540899e+00 1.000000000e+00 
1.058019719e+00 1.045689020e+00 1.000000000e+00 
1.058019719e+00 1.069270450e+00 1.163378058e+00 

1.329734881e+00 1.374355195e+00 1.561760063e+00 
1.333015147e+00 1.610169492e+00 1.694356748e+00 
1.390009783e+00 1.303610906e+00 1.434688240e+00 
1.481994205e+00 1.507000737e+00 1.733228098e+00 
1.460672471e+00 1.474576271e+00 1.694356748e+00 
1.406274166e+00 1.604274134e+00 1.828926598e+00 
1.700952015e+00 1.700073692e+00 1.915943173e+00 
1.275883560e+00 1.302873987e+00 1.398382005e+00 
1.155060673e+00 1.322770818e+00 1.477703236e+00 
1.507689355e+00 1.689019897e+00 1.912983425e+00 
1.370465134e+00 1.269712601e+00 1.427190213e+00 
1.371011298e+00 1.386145910e+00 1.585635359e+00 
1.570287507e+00 1.782608696e+00 1.915943173e+00 
1.305132880e+00 1.299926308e+00 1.401341752e+00 
1.380852099e+00 1.623434046e+00 1.828926598e+00 
1.483907421e+00 1.383935151e+00 1.614443567e+00 
1.396707268e+00 1.556374355e+00 1.752565114e+00 
1.326181532e+00 1.661016949e+00 1.733228098e+00 
1.383586201e+00 1.503316139e+00 1.694356748e+00 
1.440990870e+00 1.532056006e+00 1.752565114e+00 
1.582588508e+00 1.630803242e+00 1.912983425e+00 
1.333015147e+00 1.637435520e+00 1.828926598e+00 
1.420489203e+00 1.515843773e+00 1.749605367e+00 
1.358437215e+00 1.588798821e+00 1.749605367e+00 
1.182942941e+00 1.384672071e+00 1.530978690e+00 
1.176109325e+00 1.435519528e+00 1.569850039e+00 
1.137566190e+00 1.343404569e+00 1.478295185e+00 
1.399987535e+00 1.272660280e+00 1.434688240e+00 
1.182942941e+00 1.411938099e+00 1.665548540e+00 
1.130731754e+00 1.366985999e+00 1.382596685e+00 
1.445364286e+00 1.565217391e+00 1.828926598e+00 
1.836265482e+00 1.685335298e+00 1.915943173e+00 
1.813574236e+00 1.821665438e+00 2.000000000e+00 
1.652021095e+00 1.766396463e+00 1.915943173e+00 
1.198251126e+00 1.321296979e+00 1.530978690e+00 
1.577395025e+00 1.770817981e+00 1.915943173e+00 
1.198251126e+00 1.295504790e+00 1.367008682e+00 
1.411741551e+00 1.281503316e+00 1.451065509e+00 
1.126631420e+00 1.298452469e+00 1.367008682e+00 
1.638900028e+00 1.770081061e+00 1.915943173e+00 
1.076744302e+00 1.246131172e+00 1.218626677e+00 
1.372378349e+00 1.571112749e+00 1.752565114e+00 
1.137292287e+00 1.355195284e+00 1.485793212e+00 
1.171462007e+00 1.183492999e+00 1.350631413e+00 
1.032870734e+00 1.241709654e+00 1.187253354e+00 
1.446731337e+00 1.679439941e+00 1.836621942e+00 
1.058292802e+00 1.195283714e+00 1.179755328e+00 
1.108863855e+00 1.218128224e+00 1.351223362e+00 
1.253468677e+00 1.224760501e+00 1.367008682e+00 
1.083577918e+00 1.222549742e+00 1.314325178e+00 
1.035604016e+00 1.238761975e+00 1.163378058e+00 
1.037928085e+00 1.165806927e+00 1.134569850e+00 
1.121437938e+00 1.159911570e+00 1.187253354e+00 
1.108863855e+00 1.192336035e+00 1.187253354e+00 
1.058019719e+00 1.045689020e+00 1.000000000e+00 
1.012642148e+00 1.138540899e+00 1.000000000e+00 
1.058019719e+00 1.069270450e+00 1.163378058e+00 
1.152600473e+00 1.000000000e+00 1.000000000e+00 
1.152600473e+00 1.030213707e+00 1.187253354e+00 
1.063486284e+00 1.149594694e+00 1.163970008e+00 
1.106676737e+00 1.064848931e+00 1.179755328e+00 
1.106676737e+00 1.033898305e+00 1.000000000e+00 

1.396707268e+00 1.556374355e+00 1.752565114e+00 
1.381126001e+00 1.559322034e+00 1.749605367e+00 
1.612384811e+00 1.563743552e+00 1.778413575e+00 
1.512336673e+00 1.579218865e+00 1.828926598e+00 
1.482267288e+00 1.722918202e+00 1.836621942e+00 
1.160254155e+00 1.428150332e+00 1.514601421e+00 
1.700952015e+00 1.700073692e+00 1.915943173e+00 
1.626325945e+00 1.714075166e+00 1.915943173e+00 
1.597076626e+00 1.654384672e+00 1.912983425e+00 
1.618945345e+00 1.635961680e+00 1.836621942e+00 
1.507689355e+00 1.689019897e+00 1.912983425e+00 
1.460672471e+00 1.474576271e+00 1.694356748e+00 
1.606097360e+00 1.571849668e+00 1.778413575e+00 
1.365270831e+00 1.551952837e+00 1.694356748e+00 
1.701225098e+00 1.608695652e+00 1.836029992e+00 
1.580948374e+00 1.655858511e+00 1.912983425e+00 
1.559900542e+00 1.676492262e+00 1.912983425e+00 
1.176109325e+00 1.435519528e+00 1.569850039e+00 
1.539671957e+00 1.778187178e+00 1.915943173e+00 
1.443177168e+00 1.488577745e+00 1.749013418e+00 
1.591063077e+00 1.757553427e+00 1.915943173e+00 
1.383586201e+00 1.503316139e+00 1.694356748e+00 
1.333015147e+00 1.610169492e+00 1.694356748e+00 
1.420489203e+00 1.515843773e+00 1.749605367e+00 
1.440990870e+00 1.532056006e+00 1.752565114e+00 
1.358437215e+00 1.588798821e+00 1.749605367e+00 
1.505776140e+00 1.894620486e+00 1.915943173e+00 
1.380852099e+00 1.623434046e+00 1.828926598e+00 
1.333015147e+00 1.637435520e+00 1.828926598e+00 
1.372378349e+00 1.571112749e+00 1.752565114e+00 
1.649833977e+00 1.565217391e+00 1.828926598e+00 
1.371011298e+00 1.386145910e+00 1.585635359e+00 
1.182942941e+00 1.411938099e+00 1.665548540e+00 
1.198251126e+00 1.321296979e+00 1.530978690e+00 
1.871528350e+00 1.832719234e+00 2.000000000e+00 
1.483907421e+00 1.383935151e+00 1.614443567e+00 
1.329734881e+00 1.374355195e+00 1.561760063e+00 
1.155060673e+00 1.322770818e+00 1.477703236e+00 
1.137292287e+00 1.355195284e+00 1.485793212e+00 
1.411741551e+00 1.281503316e+00 1.451065509e+00 
1.399987535e+00 1.272660280e+00 1.434688240e+00 
1.275883560e+00 1.302873987e+00 1.398382005e+00 
1.198251126e+00 1.295504790e+00 1.367008682e+00 
1.035604016e+00 1.238761975e+00 1.163378058e+00 
1.322627363e+00 1.299926308e+00 1.401341752e+00 
1.705052349e+00 1.842299189e+00 2.000000000e+00 
1.712432949e+00 1.837140752e+00 2.000000000e+00 
1.370465134e+00 1.269712601e+00 1.427190213e+00 
1.126631420e+00 1.298452469e+00 1.367008682e+00 
1.628786145e+00 1.526160648e+00 1.778413575e+00 
1.058292802e+00 1.195283714e+00 1.179755328e+00 
1.121437938e+00 1.159911570e+00 1.187253354e+00 
1.083577918e+00 1.222549742e+00 1.314325178e+00 
1.108863855e+00 1.218128224e+00 1.351223362e+00 
1.171462007e+00 1.183492999e+00 1.350631413e+00 
1.137566190e+00 1.343404569e+00 1.478295185e+00 
1.130731754e+00 1.366985999e+00 1.382596685e+00 
1.182942941e+00 1.384672071e+00 1.530978690e+00 
1.253468677e+00 1.224760501e+00 1.367008682e+00 
1.076744302e+00 1.246131172e+00 1.218626677e+00 
1.390009783e+00 1.303610906e+00 1.434688240e+00 
1.032870734e+00 1.241709654e+00 1.187253354e+00 
1.012642148e+00 1.138540899e+00 1.000000000e+00 
1.063486284e+00 1.149594694e+00 1.163970008e+00 
1.106676737e+00 1.064848931e+00 1.179755328e+00 
1.058019719e+00 1.045689020e+00 1.000000000e+00 
1.037928085e+00 1.165806927e+00 1.134569850e+00 
1.058019719e+00 1.069270450e+00 1.163378058e+00 
1.106676737e+00 1.033898305e+00 1.000000000e+00 
1.108863855e+00 1.192336035e+00 1.187253354e+00 
1.152600473e+00 1.000000000e+00 1.000000000e+00 
1.152600473e+00 1.030213707e+00 1.187253354e+00 

1.329734881e+00 1.374355195e+00 1.561760063e+00 
1.715439314e+00 1.685335298e+00 1.915943173e+00 
1.176109325e+00 1.435519528e+00 1.569850039e+00 
1.481994205e+00 1.507000737e+00 1.733228098e+00 
1.507689355e+00 1.689019897e+00 1.912983425e+00 
1.326181532e+00 1.661016949e+00 1.733228098e+00 
1.609924611e+00 1.675018423e+00 1.836621942e+00 
1.473793538e+00 1.780397937e+00 1.912983425e+00 
1.489374806e+00 1.777450258e+00 1.915943173e+00 
1.371011298e+00 1.386145910e+00 1.585635359e+00 
1.535298541e+00 1.526160648e+00 1.778413575e+00 
1.649833977e+00 1.565217391e+00 1.828926598e+00 
1.137566190e+00 1.343404569e+00 1.478295185e+00 
1.275883560e+00 1.302873987e+00 1.398382005e+00 
1.460672471e+00 1.474576271e+00 1.694356748e+00 
1.155060673e+00 1.322770818e+00 1.477703236e+00 
1.380852099e+00 1.623434046e+00 1.828926598e+00 
1.333015147e+00 1.637435520e+00 1.828926598e+00 
1.420489203e+00 1.515843773e+00 1.749605367e+00 
1.358437215e+00 1.588798821e+00 1.749605367e+00 
1.182942941e+00 1.384672071e+00 1.530978690e+00 
1.372378349e+00 1.571112749e+00 1.752565114e+00 
1.483907421e+00 1.383935151e+00 1.614443567e+00 
1.440990870e+00 1.532056006e+00 1.752565114e+00 
1.370465134e+00 1.269712601e+00 1.427190213e+00 
1.557440342e+00 1.683124539e+00 1.912983425e+00 
1.198251126e+00 1.321296979e+00 1.530978690e+00 
1.058292802e+00 1.195283714e+00 1.179755328e+00 
1.182942941e+00 1.411938099e+00 1.665548540e+00 
1.399987535e+00 1.272660280e+00 1.434688240e+00 
1.411741551e+00 1.281503316e+00 1.451065509e+00 
1.305132880e+00 1.299926308e+00 1.401341752e+00 
1.198251126e+00 1.295504790e+00 1.367008682e+00 
1.171462007e+00 1.183492999e+00 1.350631413e+00 
1.253468677e+00 1.224760501e+00 1.367008682e+00 
1.126631420e+00 1.298452469e+00 1.367008682e+00 
1.035604016e+00 1.238761975e+00 1.163378058e+00 
1.577942010e+00 1.699336772e+00 1.915943173e+00 
1.121437938e+00 1.159911570e+00 1.187253354e+00 
1.687010881e+00 1.630803242e+00 1.912983425e+00 
1.365270831e+00 1.551952837e+00 1.694356748e+00 
1.333015147e+00 1.610169492e+00 1.694356748e+00 
1.130731754e+00 1.366985999e+00 1.382596685e+00 
1.160254155e+00 1.428150332e+00 1.514601421e+00 
1.076744302e+00 1.246131172e+00 1.218626677e+00 
1.137292287e+00 1.355195284e+00 1.485793212e+00 
1.390009783e+00 1.303610906e+00 1.434688240e+00 
1.383586201e+00 1.503316139e+00 1.694356748e+00 
1.108863855e+00 1.192336035e+00 1.187253354e+00 
1.108863855e+00 1.218128224e+00 1.351223362e+00 
1.063486284e+00 1.149594694e+00 1.163970008e+00 
1.058019719e+00 1.045689020e+00 1.000000000e+00 
1.512336673e+00 1.579218865e+00 1.828926598e+00 
1.106676737e+00 1.064848931e+00 1.179755328e+00 
1.083577918e+00 1.222549742e+00 1.314325178e+00 
1.037928085e+00 1.165806927e+00 1.134569850e+00 
1.058019719e+00 1.069270450e+00 1.163378058e+00 
1.152600473e+00 1.000000000e+00 1.000000000e+00 
1.012642148e+00 1.138540899e+00 1.000000000e+00 
1.106676737e+00 1.033898305e+00 1.000000000e+00 
1.032870734e+00 1.241709654e+00 1.187253354e+00 
1.152600473e+00 1.030213707e+00 1.187253354e+00 

1.628786145e+00 1.526160648e+00 1.778413575e+00 
1.681543497e+00 1.862932940e+00 2.000000000e+00 
1.562906907e+00 1.739130435e+00 1.915943173e+00 
1.714346165e+00 1.829771555e+00 2.000000000e+00 
1.701225098e+00 1.608695652e+00 1.836029992e+00 
1.365270831e+00 1.551952837e+00 1.694356748e+00 
1.548419608e+00 1.584377303e+00 1.778413575e+00 
1.160254155e+00 1.428150332e+00 1.514601421e+00 
1.867149194e+00 1.774502579e+00 2.000000000e+00 
1.559900542e+00 1.676492262e+00 1.912983425e+00 
1.539671957e+00 1.778187178e+00 1.915943173e+00 
1.440990870e+00 1.532056006e+00 1.752565114e+00 
1.275883560e+00 1.302873987e+00 1.398382005e+00 
1.390009783e+00 1.303610906e+00 1.434688240e+00 
1.176109325e+00 1.435519528e+00 1.569850039e+00 
1.372378349e+00 1.571112749e+00 1.752565114e+00 
1.483907421e+00 1.383935151e+00 1.614443567e+00 
1.329734881e+00 1.374355195e+00 1.561760063e+00 
1.507689355e+00 1.689019897e+00 1.912983425e+00 
1.305132880e+00 1.299926308e+00 1.401341752e+00 
1.560720609e+00 1.593957259e+00 1.828926598e+00 
1.420489203e+00 1.515843773e+00 1.749605367e+00 
1.358437215e+00 1.588798821e+00 1.749605367e+00 
1.370465134e+00 1.269712601e+00 1.427190213e+00 
1.737578655e+00 1.790714812e+00 2.000000000e+00 
1.779402057e+00 1.775976419e+00 2.000000000e+00 
1.443177168e+00 1.488577745e+00 1.749013418e+00 
1.333015147e+00 1.610169492e+00 1.694356748e+00 
1.383586201e+00 1.503316139e+00 1.694356748e+00 
1.381126001e+00 1.559322034e+00 1.749605367e+00 
1.604730309e+00 1.724392041e+00 1.915943173e+00 
1.333015147e+00 1.637435520e+00 1.828926598e+00 
1.137566190e+00 1.343404569e+00 1.478295185e+00 
1.182942941e+00 1.384672071e+00 1.530978690e+00 
1.380852099e+00 1.623434046e+00 1.828926598e+00 
1.533931490e+00 1.474576271e+00 1.694356748e+00 
1.801543858e+00 1.654384672e+00 1.912983425e+00 
1.580948374e+00 1.655858511e+00 1.912983425e+00 
1.406274166e+00 1.604274134e+00 1.828926598e+00 
1.198251126e+00 1.321296979e+00 1.530978690e+00 
1.399987535e+00 1.272660280e+00 1.434688240e+00 
1.182942941e+00 1.411938099e+00 1.665548540e+00 
1.130731754e+00 1.366985999e+00 1.382596685e+00 
1.137292287e+00 1.355195284e+00 1.485793212e+00 
1.411741551e+00 1.281503316e+00 1.451065509e+00 
1.715439314e+00 1.685335298e+00 1.915943173e+00 
1.108863855e+00 1.218128224e+00 1.351223362e+00 
1.126631420e+00 1.298452469e+00 1.367008682e+00 
1.121437938e+00 1.159911570e+00 1.187253354e+00 
1.058292802e+00 1.195283714e+00 1.179755328e+00 
1.083577918e+00 1.222549742e+00 1.314325178e+00 
1.032870734e+00 1.241709654e+00 1.187253354e+00 
1.035604016e+00 1.238761975e+00 1.163378058e+00 
1.171462007e+00 1.183492999e+00 1.350631413e+00 
1.155060673e+00 1.322770818e+00 1.477703236e+00 
1.649833977e+00 1.565217391e+00 1.828926598e+00 
1.253468677e+00 1.224760501e+00 1.367008682e+00 
1.198251126e+00 1.295504790e+00 1.367008682e+00 
1.063486284e+00 1.149594694e+00 1.163970008e+00 
1.152600473e+00 1.030213707e+00 1.187253354e+00 
1.012642148e+00 1.138540899e+00 1.000000000e+00 
1.058019719e+00 1.045689020e+00 1.000000000e+00 
1.106676737e+00 1.064848931e+00 1.179755328e+00 
1.152600473e+00 1.000000000e+00 1.000000000e+00 
1.108863855e+00 1.192336035e+00 1.187253354e+00 
1.076744302e+00 1.246131172e+00 1.218626677e+00 
1.058019719e+00 1.069270450e+00 1.163378058e+00 
1.106676737e+00 1.033898305e+00 1.000000000e+00 
1.037928085e+00 1.165806927e+00 1.134569850e+00 

1.483907421e+00 1.383935151e+00 1.614443567e+00 
1.371011298e+00 1.386145910e+00 1.585635359e+00 
1.390009783e+00 1.303610906e+00 1.434688240e+00 
1.329734881e+00 1.374355195e+00 1.561760063e+00 
1.380852099e+00 1.623434046e+00 1.828926598e+00 
1.489374806e+00 1.777450258e+00 1.915943173e+00 
1.372378349e+00 1.571112749e+00 1.752565114e+00 
1.326181532e+00 1.661016949e+00 1.733228098e+00 
1.333015147e+00 1.637435520e+00 1.828926598e+00 
1.473793538e+00 1.780397937e+00 1.912983425e+00 
1.420489203e+00 1.515843773e+00 1.749605367e+00 
1.440990870e+00 1.532056006e+00 1.752565114e+00 
1.358437215e+00 1.588798821e+00 1.749605367e+00 
1.481994205e+00 1.507000737e+00 1.733228098e+00 
1.182942941e+00 1.384672071e+00 1.530978690e+00 
1.130731754e+00 1.366985999e+00 1.382596685e+00 
1.182942941e+00 1.411938099e+00 1.665548540e+00 
1.712432949e+00 1.616801769e+00 1.912983425e+00 
1.370465134e+00 1.269712601e+00 1.427190213e+00 
1.396707268e+00 1.556374355e+00 1.752565114e+00 
1.577942010e+00 1.699336772e+00 1.915943173e+00 
1.176109325e+00 1.435519528e+00 1.569850039e+00 
1.441810937e+00 1.660280029e+00 1.836621942e+00 
1.460672471e+00 1.474576271e+00 1.694356748e+00 
1.687010881e+00 1.630803242e+00 1.912983425e+00 
1.535298541e+00 1.526160648e+00 1.778413575e+00 
1.305132880e+00 1.299926308e+00 1.401341752e+00 
1.381126001e+00 1.559322034e+00 1.749605367e+00 
1.365270831e+00 1.551952837e+00 1.694356748e+00 
1.137566190e+00 1.343404569e+00 1.478295185e+00 
1.557440342e+00 1.683124539e+00 1.912983425e+00 
1.333015147e+00 1.610169492e+00 1.694356748e+00 
1.160254155e+00 1.428150332e+00 1.514601421e+00 
1.137292287e+00 1.355195284e+00 1.485793212e+00 
1.383586201e+00 1.503316139e+00 1.694356748e+00 
1.445364286e+00 1.565217391e+00 1.828926598e+00 
1.126631420e+00 1.298452469e+00 1.367008682e+00 
1.275883560e+00 1.302873987e+00 1.398382005e+00 
1.198251126e+00 1.295504790e+00 1.367008682e+00 
1.155060673e+00 1.322770818e+00 1.477703236e+00 
1.411741551e+00 1.281503316e+00 1.451065509e+00 
1.035604016e+00 1.238761975e+00 1.163378058e+00 
1.108863855e+00 1.192336035e+00 1.187253354e+00 
1.032870734e+00 1.241709654e+00 1.187253354e+00 
1.076744302e+00 1.246131172e+00 1.218626677e+00 
1.198251126e+00 1.321296979e+00 1.530978690e+00 
1.108863855e+00 1.218128224e+00 1.351223362e+00 
1.399987535e+00 1.272660280e+00 1.434688240e+00 
1.083577918e+00 1.222549742e+00 1.314325178e+00 
1.058292802e+00 1.195283714e+00 1.179755328e+00 
1.121437938e+00 1.159911570e+00 1.187253354e+00 
1.253468677e+00 1.224760501e+00 1.367008682e+00 
1.171462007e+00 1.183492999e+00 1.350631413e+00 
1.058019719e+00 1.069270450e+00 1.163378058e+00 
1.106676737e+00 1.033898305e+00 1.000000000e+00 
1.063486284e+00 1.149594694e+00 1.163970008e+00 
1.037928085e+00 1.165806927e+00 1.134569850e+00 
1.012642148e+00 1.138540899e+00 1.000000000e+00 
1.152600473e+00 1.030213707e+00 1.187253354e+00 
1.152600473e+00 1.000000000e+00 1.000000000e+00 
1.106676737e+00 1.064848931e+00 1.179755328e+00 
1.058019719e+00 1.045689020e+00 1.000000000e+00 

1.460672471e+00 1.474576271e+00 1.694356748e+00 
1.682363563e+00 1.504053058e+00 1.701460142e+00 
1.609924611e+00 1.675018423e+00 1.836621942e+00 
1.371011298e+00 1.386145910e+00 1.585635359e+00 
1.539671957e+00 1.778187178e+00 1.915943173e+00 
1.591063077e+00 1.757553427e+00 1.915943173e+00 
1.896130351e+00 1.798820929e+00 2.000000000e+00 
2.000000000e+00 1.774502579e+00 2.000000000e+00 
1.606097360e+00 1.571849668e+00 1.778413575e+00 
1.507689355e+00 1.689019897e+00 1.912983425e+00 
1.587508908e+00 1.764185704e+00 1.915943173e+00 
1.550879809e+00 1.683861459e+00 1.836621942e+00 
1.326181532e+00 1.661016949e+00 1.733228098e+00 
1.176109325e+00 1.435519528e+00 1.569850039e+00 
1.619765412e+00 1.655858511e+00 1.912983425e+00 
1.372378349e+00 1.571112749e+00 1.752565114e+00 
1.333015147e+00 1.610169492e+00 1.694356748e+00 
1.333015147e+00 1.637435520e+00 1.828926598e+00 
1.365270831e+00 1.551952837e+00 1.694356748e+00 
1.481994205e+00 1.507000737e+00 1.733228098e+00 
1.358437215e+00 1.588798821e+00 1.749605367e+00 
1.638900028e+00 1.743551953e+00 1.915943173e+00 
1.685643830e+00 1.563743552e+00 1.778413575e+00 
1.512336673e+00 1.579218865e+00 1.828926598e+00 
1.682363563e+00 1.619012528e+00 1.836029992e+00 
1.420489203e+00 1.515843773e+00 1.749605367e+00 
1.649833977e+00 1.565217391e+00 1.828926598e+00 
1.440990870e+00 1.532056006e+00 1.752565114e+00 
1.813303614e+00 1.865880619e+00 2.000000000e+00 
1.370465134e+00 1.269712601e+00 1.427190213e+00 
1.483907421e+00 1.383935151e+00 1.614443567e+00 
1.160254155e+00 1.428150332e+00 1.514601421e+00 
1.182942941e+00 1.384672071e+00 1.530978690e+00 
1.182942941e+00 1.411938099e+00 1.665548540e+00 
1.380852099e+00 1.623434046e+00 1.828926598e+00 
1.399987535e+00 1.272660280e+00 1.434688240e+00 
1.126631420e+00 1.298452469e+00 1.367008682e+00 
1.137566190e+00 1.343404569e+00 1.478295185e+00 
1.329734881e+00 1.374355195e+00 1.561760063e+00 
1.130731754e+00 1.366985999e+00 1.382596685e+00 
1.677990148e+00 1.928518791e+00 2.000000000e+00 
1.744418011e+00 1.709653648e+00 1.915943173e+00 
1.121437938e+00 1.159911570e+00 1.187253354e+00 
1.155060673e+00 1.322770818e+00 1.477703236e+00 
1.390009783e+00 1.303610906e+00 1.434688240e+00 
1.275883560e+00 1.302873987e+00 1.398382005e+00 
1.198251126e+00 1.321296979e+00 1.530978690e+00 
1.383586201e+00 1.503316139e+00 1.694356748e+00 
1.790062924e+00 1.908621960e+00 2.000000000e+00 
1.108863855e+00 1.218128224e+00 1.351223362e+00 
1.137292287e+00 1.355195284e+00 1.485793212e+00 
1.411741551e+00 1.281503316e+00 1.451065509e+00 
1.253468677e+00 1.224760501e+00 1.367008682e+00 
1.058292802e+00 1.195283714e+00 1.179755328e+00 
1.035604016e+00 1.238761975e+00 1.163378058e+00 
1.198251126e+00 1.295504790e+00 1.367008682e+00 
1.108863855e+00 1.192336035e+00 1.187253354e+00 
1.171462007e+00 1.183492999e+00 1.350631413e+00 
1.305132880e+00 1.299926308e+00 1.401341752e+00 
1.152600473e+00 1.000000000e+00 1.000000000e+00 
1.058019719e+00 1.045689020e+00 1.000000000e+00 
1.083577918e+00 1.222549742e+00 1.314325178e+00 
1.037928085e+00 1.165806927e+00 1.134569850e+00 
1.063486284e+00 1.149594694e+00 1.163970008e+00 
1.012642148e+00 1.138540899e+00 1.000000000e+00 
1.152600473e+00 1.030213707e+00 1.187253354e+00 
1.106676737e+00 1.064848931e+00 1.179755328e+00 
1.058019719e+00 1.069270450e+00 1.163378058e+00 
1.106676737e+00 1.033898305e+00 1.000000000e+00 
1.032870734e+00 1.241709654e+00 1.187253354e+00 
1.076744302e+00 1.246131172e+00 1.218626677e+00 

1.712432949e+00 1.616801769e+00 1.912983425e+00 
1.512336673e+00 1.579218865e+00 1.828926598e+00 
1.535298541e+00 1.526160648e+00 1.778413575e+00 
1.460672471e+00 1.474576271e+00 1.694356748e+00 
1.591063077e+00 1.757553427e+00 1.915943173e+00 
1.609924611e+00 1.675018423e+00 1.836621942e+00 
1.275883560e+00 1.302873987e+00 1.398382005e+00 
1.365270831e+00 1.551952837e+00 1.694356748e+00 
1.507689355e+00 1.689019897e+00 1.912983425e+00 
1.539671957e+00 1.778187178e+00 1.915943173e+00 
1.333015147e+00 1.610169492e+00 1.694356748e+00 
1.619765412e+00 1.655858511e+00 1.912983425e+00 
1.482267288e+00 1.722918202e+00 1.836621942e+00 
1.550879809e+00 1.683861459e+00 1.836621942e+00 
1.483907421e+00 1.383935151e+00 1.614443567e+00 
1.638900028e+00 1.743551953e+00 1.915943173e+00 
1.420489203e+00 1.515843773e+00 1.749605367e+00 
1.333015147e+00 1.637435520e+00 1.828926598e+00 
1.380852099e+00 1.623434046e+00 1.828926598e+00 
1.399987535e+00 1.272660280e+00 1.434688240e+00 
1.700952015e+00 1.700073692e+00 1.915943173e+00 
1.746058144e+00 1.803979366e+00 2.000000000e+00 
1.818224014e+00 1.775976419e+00 2.000000000e+00 
1.372378349e+00 1.571112749e+00 1.752565114e+00 
1.358437215e+00 1.588798821e+00 1.749605367e+00 
1.383586201e+00 1.503316139e+00 1.694356748e+00 
1.440990870e+00 1.532056006e+00 1.752565114e+00 
1.198251126e+00 1.295504790e+00 1.367008682e+00 
1.155060673e+00 1.322770818e+00 1.477703236e+00 
1.481994205e+00 1.507000737e+00 1.733228098e+00 
1.182942941e+00 1.411938099e+00 1.665548540e+00 
1.198251126e+00 1.321296979e+00 1.530978690e+00 
1.176109325e+00 1.435519528e+00 1.569850039e+00 
1.160254155e+00 1.428150332e+00 1.514601421e+00 
1.411741551e+00 1.281503316e+00 1.451065509e+00 
1.834075904e+00 1.608695652e+00 1.836029992e+00 
1.182942941e+00 1.384672071e+00 1.530978690e+00 
1.682363563e+00 1.504053058e+00 1.701460142e+00 
1.618945345e+00 1.635961680e+00 1.836621942e+00 
1.370465134e+00 1.269712601e+00 1.427190213e+00 
1.130731754e+00 1.366985999e+00 1.382596685e+00 
1.035604016e+00 1.238761975e+00 1.163378058e+00 
1.305132880e+00 1.299926308e+00 1.401341752e+00 
1.108863855e+00 1.192336035e+00 1.187253354e+00 
1.126631420e+00 1.298452469e+00 1.367008682e+00 
1.253468677e+00 1.224760501e+00 1.367008682e+00 
1.137566190e+00 1.343404569e+00 1.478295185e+00 
1.058292802e+00 1.195283714e+00 1.179755328e+00 
1.083577918e+00 1.222549742e+00 1.314325178e+00 
1.137292287e+00 1.355195284e+00 1.485793212e+00 
1.171462007e+00 1.183492999e+00 1.350631413e+00 
1.108863855e+00 1.218128224e+00 1.351223362e+00 
1.121437938e+00 1.159911570e+00 1.187253354e+00 
1.076744302e+00 1.246131172e+00 1.218626677e+00 
1.063486284e+00 1.149594694e+00 1.163970008e+00 
1.012642148e+00 1.138540899e+00 1.000000000e+00 
1.152600473e+00 1.030213707e+00 1.187253354e+00 
1.058019719e+00 1.069270450e+00 1.163378058e+00 
1.152600473e+00 1.000000000e+00 1.000000000e+00 
1.032870734e+00 1.241709654e+00 1.187253354e+00 
1.037928085e+00 1.165806927e+00 1.134569850e+00 
1.058019719e+00 1.045689020e+00 1.000000000e+00 
1.106676737e+00 1.033898305e+00 1.000000000e+00 
1.106676737e+00 1.064848931e+00 1.179755328e+00 

1.834075904e+00 1.608695652e+00 1.836029992e+00 
1.550879809e+00 1.683861459e+00 1.836621942e+00 
1.577942010e+00 1.699336772e+00 1.915943173e+00 
1.618945345e+00 1.635961680e+00 1.836621942e+00 
1.841185882e+00 1.801031688e+00 2.000000000e+00 
1.687010881e+00 1.630803242e+00 1.912983425e+00 
1.535298541e+00 1.526160648e+00 1.778413575e+00 
1.557440342e+00 1.683124539e+00 1.912983425e+00 
1.901870818e+00 1.775976419e+00 2.000000000e+00 
1.443177168e+00 1.488577745e+00 1.749013418e+00 
1.326181532e+00 1.661016949e+00 1.733228098e+00 
1.381126001e+00 1.559322034e+00 1.749605367e+00 
1.333015147e+00 1.637435520e+00 1.828926598e+00 
1.155060673e+00 1.322770818e+00 1.477703236e+00 
1.440990870e+00 1.532056006e+00 1.752565114e+00 
1.712432949e+00 1.616801769e+00 1.912983425e+00 
1.365270831e+00 1.551952837e+00 1.694356748e+00 
1.370465134e+00 1.269712601e+00 1.427190213e+00 
1.371011298e+00 1.386145910e+00 1.585635359e+00 
1.160254155e+00 1.428150332e+00 1.514601421e+00 
1.696304697e+00 1.867354458e+00 2.000000000e+00 
1.399987535e+00 1.272660280e+00 1.434688240e+00 
1.380852099e+00 1.623434046e+00 1.828926598e+00 
1.420489203e+00 1.515843773e+00 1.749605367e+00 
1.383586201e+00 1.503316139e+00 1.694356748e+00 
1.358437215e+00 1.588798821e+00 1.749605367e+00 
1.482267288e+00 1.722918202e+00 1.836621942e+00 
1.411741551e+00 1.281503316e+00 1.451065509e+00 
1.305132880e+00 1.299926308e+00 1.401341752e+00 
1.126631420e+00 1.298452469e+00 1.367008682e+00 
1.198251126e+00 1.295504790e+00 1.367008682e+00 
1.176109325e+00 1.435519528e+00 1.569850039e+00 
1.333015147e+00 1.610169492e+00 1.694356748e+00 
1.765739745e+00 1.809137804e+00 2.000000000e+00 
1.182942941e+00 1.411938099e+00 1.665548540e+00 
1.507689355e+00 1.689019897e+00 1.912983425e+00 
1.714073083e+00 1.817980840e+00 2.000000000e+00 
1.137292287e+00 1.355195284e+00 1.485793212e+00 
1.198251126e+00 1.321296979e+00 1.530978690e+00 
1.445364286e+00 1.565217391e+00 1.828926598e+00 
1.539671957e+00 1.778187178e+00 1.915943173e+00 
1.597076626e+00 1.654384672e+00 1.912983425e+00 
1.329734881e+00 1.374355195e+00 1.561760063e+00 
1.275883560e+00 1.302873987e+00 1.398382005e+00 
1.460672471e+00 1.474576271e+00 1.694356748e+00 
1.076744302e+00 1.246131172e+00 1.218626677e+00 
1.390009783e+00 1.303610906e+00 1.434688240e+00 
1.130731754e+00 1.366985999e+00 1.382596685e+00 
1.035604016e+00 1.238761975e+00 1.163378058e+00 
1.083577918e+00 1.222549742e+00 1.314325178e+00 
1.483907421e+00 1.383935151e+00 1.614443567e+00 
1.108863855e+00 1.218128224e+00 1.351223362e+00 
1.182942941e+00 1.384672071e+00 1.530978690e+00 
1.171462007e+00 1.183492999e+00 1.350631413e+00 
1.058292802e+00 1.195283714e+00 1.179755328e+00 
1.137566190e+00 1.343404569e+00 1.478295185e+00 
1.121437938e+00 1.159911570e+00 1.187253354e+00 
1.108863855e+00 1.192336035e+00 1.187253354e+00 
1.372378349e+00 1.571112749e+00 1.752565114e+00 
1.032870734e+00 1.241709654e+00 1.187253354e+00 
1.630426279e+00 1.915254237e+00 2.000000000e+00 
1.152600473e+00 1.030213707e+00 1.187253354e+00 
1.106676737e+00 1.033898305e+00 1.000000000e+00 
1.012642148e+00 1.138540899e+00 1.000000000e+00 
1.106676737e+00 1.064848931e+00 1.179755328e+00 
1.152600473e+00 1.000000000e+00 1.000000000e+00 
1.063486284e+00 1.149594694e+00 1.163970008e+00 
1.037928085e+00 1.165806927e+00 1.134569850e+00 
1.253468677e+00 1.224760501e+00 1.367008682e+00 
1.058019719e+00 1.069270450e+00 1.163378058e+00 
1.058019719e+00 1.045689020e+00 1.000000000e+00 

1.160254155e+00 1.428150332e+00 1.514601421e+00 
1.701225098e+00 1.608695652e+00 1.836029992e+00 
1.559900542e+00 1.676492262e+00 1.912983425e+00 
1.703412216e+00 1.685335298e+00 1.915943173e+00 
1.482267288e+00 1.722918202e+00 1.836621942e+00 
1.445364286e+00 1.565217391e+00 1.828926598e+00 
1.460672471e+00 1.474576271e+00 1.694356748e+00 
1.507689355e+00 1.689019897e+00 1.912983425e+00 
1.333015147e+00 1.610169492e+00 1.694356748e+00 
1.591063077e+00 1.757553427e+00 1.915943173e+00 
1.443177168e+00 1.488577745e+00 1.749013418e+00 
1.137566190e+00 1.343404569e+00 1.478295185e+00 
1.383586201e+00 1.503316139e+00 1.694356748e+00 
1.365270831e+00 1.551952837e+00 1.694356748e+00 
1.539671957e+00 1.778187178e+00 1.915943173e+00 
1.550879809e+00 1.683861459e+00 1.836621942e+00 
1.126631420e+00 1.298452469e+00 1.367008682e+00 
1.483907421e+00 1.383935151e+00 1.614443567e+00 
1.275883560e+00 1.302873987e+00 1.398382005e+00 
1.381126001e+00 1.559322034e+00 1.749605367e+00 
1.380852099e+00 1.623434046e+00 1.828926598e+00 
1.176109325e+00 1.435519528e+00 1.569850039e+00 
1.420489203e+00 1.515843773e+00 1.749605367e+00 
1.130731754e+00 1.366985999e+00 1.382596685e+00 
1.358437215e+00 1.588798821e+00 1.749605367e+00 
1.372378349e+00 1.571112749e+00 1.752565114e+00 
1.671429614e+00 1.699336772e+00 1.915943173e+00 
1.333015147e+00 1.637435520e+00 1.828926598e+00 
1.399987535e+00 1.272660280e+00 1.434688240e+00 
1.440990870e+00 1.532056006e+00 1.752565114e+00 
1.182942941e+00 1.384672071e+00 1.530978690e+00 
1.629332310e+00 1.724392041e+00 1.915943173e+00 
1.582588508e+00 1.630803242e+00 1.912983425e+00 
1.329734881e+00 1.374355195e+00 1.561760063e+00 
1.182942941e+00 1.411938099e+00 1.665548540e+00 
1.371011298e+00 1.386145910e+00 1.585635359e+00 
1.407914300e+00 1.579218865e+00 1.828926598e+00 
1.198251126e+00 1.295504790e+00 1.367008682e+00 
1.076744302e+00 1.246131172e+00 1.218626677e+00 
1.411741551e+00 1.281503316e+00 1.451065509e+00 
1.121437938e+00 1.159911570e+00 1.187253354e+00 
1.198251126e+00 1.321296979e+00 1.530978690e+00 
1.305132880e+00 1.299926308e+00 1.401341752e+00 
1.137292287e+00 1.355195284e+00 1.485793212e+00 
1.155060673e+00 1.322770818e+00 1.477703236e+00 
1.171462007e+00 1.183492999e+00 1.350631413e+00 
1.058292802e+00 1.195283714e+00 1.179755328e+00 
1.032870734e+00 1.241709654e+00 1.187253354e+00 
1.578215092e+00 1.770817981e+00 1.915943173e+00 
1.390009783e+00 1.303610906e+00 1.434688240e+00 
1.083577918e+00 1.222549742e+00 1.314325178e+00 
1.253468677e+00 1.224760501e+00 1.367008682e+00 
1.370465134e+00 1.269712601e+00 1.427190213e+00 
1.035604016e+00 1.238761975e+00 1.163378058e+00 
1.058019719e+00 1.069270450e+00 1.163378058e+00 
1.108863855e+00 1.218128224e+00 1.351223362e+00 
1.152600473e+00 1.000000000e+00 1.000000000e+00 
1.108863855e+00 1.192336035e+00 1.187253354e+00 
1.106676737e+00 1.033898305e+00 1.000000000e+00 
1.152600473e+00 1.030213707e+00 1.187253354e+00 
1.106676737e+00 1.064848931e+00 1.179755328e+00 
1.012642148e+00 1.138540899e+00 1.000000000e+00 
1.037928085e+00 1.165806927e+00 1.134569850e+00 
1.063486284e+00 1.149594694e+00 1.163970008e+00 
1.058019719e+00 1.045689020e+00 1.000000000e+00 

1.160254155e+00 1.428150332e+00 1.514601421e+00 
1.664322096e+00 1.934414149e+00 2.000000000e+00 
1.618945345e+00 1.635961680e+00 1.836621942e+00 
1.779402057e+00 1.775976419e+00 2.000000000e+00 
1.604730309e+00 1.724392041e+00 1.915943173e+00 
1.580948374e+00 1.655858511e+00 1.912983425e+00 
1.443177168e+00 1.488577745e+00 1.749013418e+00 
1.696304697e+00 1.867354458e+00 2.000000000e+00 
1.714346165e+00 1.829771555e+00 2.000000000e+00 
1.390009783e+00 1.303610906e+00 1.434688240e+00 
1.550879809e+00 1.683861459e+00 1.836621942e+00 
1.371011298e+00 1.386145910e+00 1.585635359e+00 
1.733207699e+00 1.700073692e+00 1.915943173e+00 
1.507689355e+00 1.689019897e+00 1.912983425e+00 
1.326181532e+00 1.661016949e+00 1.733228098e+00 
1.560720609e+00 1.593957259e+00 1.828926598e+00 
1.548419608e+00 1.584377303e+00 1.778413575e+00 
1.365270831e+00 1.551952837e+00 1.694356748e+00 
1.606097360e+00 1.571849668e+00 1.778413575e+00 
1.701225098e+00 1.608695652e+00 1.836029992e+00 
1.440990870e+00 1.532056006e+00 1.752565114e+00 
1.539671957e+00 1.778187178e+00 1.915943173e+00 
1.420489203e+00 1.515843773e+00 1.749605367e+00 
1.358437215e+00 1.588798821e+00 1.749605367e+00 
1.383586201e+00 1.503316139e+00 1.694356748e+00 
1.737578655e+00 1.790714812e+00 2.000000000e+00 
1.406274166e+00 1.604274134e+00 1.828926598e+00 
1.372378349e+00 1.571112749e+00 1.752565114e+00 
1.176109325e+00 1.435519528e+00 1.569850039e+00 
1.333015147e+00 1.637435520e+00 1.828926598e+00 
1.275883560e+00 1.302873987e+00 1.398382005e+00 
1.198251126e+00 1.295504790e+00 1.367008682e+00 
1.329734881e+00 1.374355195e+00 1.561760063e+00 
1.182942941e+00 1.384672071e+00 1.530978690e+00 
1.182942941e+00 1.411938099e+00 1.665548540e+00 
1.562906907e+00 1.739130435e+00 1.915943173e+00 
1.559900542e+00 1.676492262e+00 1.912983425e+00 
1.155060673e+00 1.322770818e+00 1.477703236e+00 
1.126631420e+00 1.298452469e+00 1.367008682e+00 
1.198251126e+00 1.321296979e+00 1.530978690e+00 
1.108863855e+00 1.218128224e+00 1.351223362e+00 
1.380852099e+00 1.623434046e+00 1.828926598e+00 
1.411741551e+00 1.281503316e+00 1.451065509e+00 
1.137292287e+00 1.355195284e+00 1.485793212e+00 
1.460672471e+00 1.474576271e+00 1.694356748e+00 
1.333015147e+00 1.610169492e+00 1.694356748e+00 
1.370465134e+00 1.269712601e+00 1.427190213e+00 
1.483907421e+00 1.383935151e+00 1.614443567e+00 
1.399987535e+00 1.272660280e+00 1.434688240e+00 
1.253468677e+00 1.224760501e+00 1.367008682e+00 
1.137566190e+00 1.343404569e+00 1.478295185e+00 
1.121437938e+00 1.159911570e+00 1.187253354e+00 
1.305132880e+00 1.299926308e+00 1.401341752e+00 
1.083577918e+00 1.222549742e+00 1.314325178e+00 
1.152600473e+00 1.000000000e+00 1.000000000e+00 
1.171462007e+00 1.183492999e+00 1.350631413e+00 
1.076744302e+00 1.246131172e+00 1.218626677e+00 
1.032870734e+00 1.241709654e+00 1.187253354e+00 
1.035604016e+00 1.238761975e+00 1.163378058e+00 
1.058019719e+00 1.069270450e+00 1.163378058e+00 
1.106676737e+00 1.064848931e+00 1.179755328e+00 
1.130731754e+00 1.366985999e+00 1.382596685e+00 
1.058019719e+00 1.045689020e+00 1.000000000e+00 
1.108863855e+00 1.192336035e+00 1.187253354e+00 
1.058292802e+00 1.195283714e+00 1.179755328e+00 
1.106676737e+00 1.033898305e+00 1.000000000e+00 
1.063486284e+00 1.149594694e+00 1.163970008e+00 
1.152600473e+00 1.030213707e+00 1.187253354e+00 
1.012642148e+00 1.138540899e+00 1.000000000e+00 
1.037928085e+00 1.165806927e+00 1.134569850e+00 

1.535298541e+00 1.526160648e+00 1.778413575e+00 
1.512336673e+00 1.579218865e+00 1.828926598e+00 
1.639720095e+00 1.748710391e+00 1.915943173e+00 
1.371011298e+00 1.386145910e+00 1.585635359e+00 
1.481994205e+00 1.507000737e+00 1.733228098e+00 
1.723639981e+00 1.745025792e+00 1.915943173e+00 
1.482267288e+00 1.722918202e+00 1.836621942e+00 
1.539671957e+00 1.778187178e+00 1.915943173e+00 
1.582588508e+00 1.630803242e+00 1.912983425e+00 
1.591063077e+00 1.757553427e+00 1.915943173e+00 
1.370465134e+00 1.269712601e+00 1.427190213e+00 
1.130731754e+00 1.366985999e+00 1.382596685e+00 
1.550879809e+00 1.683861459e+00 1.836621942e+00 
1.460672471e+00 1.474576271e+00 1.694356748e+00 
1.372378349e+00 1.571112749e+00 1.752565114e+00 
1.108863855e+00 1.192336035e+00 1.187253354e+00 
1.380852099e+00 1.623434046e+00 1.828926598e+00 
1.440990870e+00 1.532056006e+00 1.752565114e+00 
1.176109325e+00 1.435519528e+00 1.569850039e+00 
1.275883560e+00 1.302873987e+00 1.398382005e+00 
1.198251126e+00 1.321296979e+00 1.530978690e+00 
1.383586201e+00 1.503316139e+00 1.694356748e+00 
1.358437215e+00 1.588798821e+00 1.749605367e+00 
1.160254155e+00 1.428150332e+00 1.514601421e+00 
1.035604016e+00 1.238761975e+00 1.163378058e+00 
1.137292287e+00 1.355195284e+00 1.485793212e+00 
1.399987535e+00 1.272660280e+00 1.434688240e+00 
1.198251126e+00 1.295504790e+00 1.367008682e+00 
1.420489203e+00 1.515843773e+00 1.749605367e+00 
1.862638827e+00 2.000000000e+00 2.000000000e+00 
1.881090328e+00 1.919675755e+00 2.000000000e+00 
1.182942941e+00 1.384672071e+00 1.530978690e+00 
1.365270831e+00 1.551952837e+00 1.694356748e+00 
1.411741551e+00 1.281503316e+00 1.451065509e+00 
1.507689355e+00 1.689019897e+00 1.912983425e+00 
1.333015147e+00 1.610169492e+00 1.694356748e+00 
1.155060673e+00 1.322770818e+00 1.477703236e+00 
1.305132880e+00 1.299926308e+00 1.401341752e+00 
1.076744302e+00 1.246131172e+00 1.218626677e+00 
1.126631420e+00 1.298452469e+00 1.367008682e+00 
1.121437938e+00 1.159911570e+00 1.187253354e+00 
1.058292802e+00 1.195283714e+00 1.179755328e+00 
1.333015147e+00 1.637435520e+00 1.828926598e+00 
1.137566190e+00 1.343404569e+00 1.478295185e+00 
1.108863855e+00 1.218128224e+00 1.351223362e+00 
1.171462007e+00 1.183492999e+00 1.350631413e+00 
1.182942941e+00 1.411938099e+00 1.665548540e+00 
1.106676737e+00 1.033898305e+00 1.000000000e+00 
1.152600473e+00 1.030213707e+00 1.187253354e+00 
1.253468677e+00 1.224760501e+00 1.367008682e+00 
1.083577918e+00 1.222549742e+00 1.314325178e+00 
1.032870734e+00 1.241709654e+00 1.187253354e+00 
1.058019719e+00 1.069270450e+00 1.163378058e+00 
1.037928085e+00 1.165806927e+00 1.134569850e+00 
1.058019719e+00 1.045689020e+00 1.000000000e+00 
1.106676737e+00 1.064848931e+00 1.179755328e+00 
1.012642148e+00 1.138540899e+00 1.000000000e+00 
1.152600473e+00 1.000000000e+00 1.000000000e+00 
1.063486284e+00 1.149594694e+00 1.163970008e+00 
