1.382749535e+00 1.693605060e+00 1.880660377e+00 
1.400379727e+00 1.489810260e+00 1.715801887e+00 
1.117521699e+00 1.262825018e+00 1.408018868e+00 
1.428213732e+00 1.952213633e+00 1.923584906e+00 
1.553562461e+00 1.805340829e+00 1.923584906e+00 
1.591018289e+00 1.708362614e+00 1.923584906e+00 
1.346003565e+00 1.803232607e+00 1.880660377e+00 
1.434283943e+00 1.671820098e+00 1.832311321e+00 
1.396698698e+00 1.418130710e+00 1.605660377e+00 
1.355819901e+00 1.593815882e+00 1.792216981e+00 
1.122171420e+00 1.463106114e+00 1.596462264e+00 
1.443002170e+00 1.474349965e+00 1.715801887e+00 
1.794056107e+00 1.648629656e+00 1.845283019e+00 
1.124173125e+00 1.617709065e+00 1.789386792e+00 
1.328438469e+00 1.766690091e+00 1.832311321e+00 
1.290142591e+00 1.557273366e+00 1.715801887e+00 
1.503836020e+00 1.898102600e+00 1.923584906e+00 
1.351105859e+00 1.666198173e+00 1.792216981e+00 
1.548977061e+00 1.853127196e+00 1.923584906e+00 
1.236347644e+00 1.460295151e+00 1.712971698e+00 
1.358338500e+00 1.756851722e+00 1.908726415e+00 
1.313584935e+00 1.269852424e+00 1.450943396e+00 
1.337608493e+00 1.345045678e+00 1.596462264e+00 
1.652239616e+00 1.544624034e+00 1.768867925e+00 
1.075544792e+00 1.453267744e+00 1.562735849e+00 
1.427309361e+00 1.487702038e+00 1.715801887e+00 
1.197471327e+00 1.725931131e+00 1.804245283e+00 
1.184361438e+00 1.339423753e+00 1.497877358e+00 
1.093885617e+00 1.313422347e+00 1.446226415e+00 
1.351557657e+00 1.743499649e+00 1.880660377e+00 
1.404060756e+00 1.730147576e+00 1.908726415e+00 
1.313003720e+00 1.438510190e+00 1.712971698e+00 
1.370737756e+00 1.698524245e+00 1.880660377e+00 
1.434283943e+00 1.689388616e+00 1.908726415e+00 
1.049067731e+00 1.373858046e+00 1.446226415e+00 
1.049067731e+00 1.375966268e+00 1.486320755e+00 
1.445327030e+00 1.582572031e+00 1.832311321e+00 
1.397279913e+00 1.655657063e+00 1.804245283e+00 
1.097696063e+00 1.538299368e+00 1.672877358e+00 
1.112484501e+00 1.534785664e+00 1.634669811e+00 
1.378681029e+00 1.323260717e+00 1.489150943e+00 
1.023558586e+00 1.312719606e+00 1.231132075e+00 
1.199473032e+00 1.358397751e+00 1.596462264e+00 
1.072186919e+00 1.496837667e+00 1.574292453e+00 
1.033051767e+00 1.356289529e+00 1.369811321e+00 
1.081680099e+00 1.520730850e+00 1.596462264e+00 
1.072186919e+00 1.479269150e+00 1.497877358e+00 
1.081098884e+00 1.393534786e+00 1.562735849e+00 
1.144968227e+00 1.480674631e+00 1.672877358e+00 
1.370737756e+00 1.680955727e+00 1.804245283e+00 
1.129727216e+00 1.557976107e+00 1.789386792e+00 
1.297310911e+00 1.451862263e+00 1.712971698e+00 
1.023558586e+00 1.314827829e+00 1.271226415e+00 
1.023558586e+00 1.309205903e+00 1.192924528e+00 
1.202249690e+00 1.305692200e+00 1.486320755e+00 
1.023558586e+00 1.332396346e+00 1.347641509e+00 
1.343033168e+00 1.324666198e+00 1.558254717e+00 
1.097696063e+00 1.540407590e+00 1.712971698e+00 
1.201797892e+00 1.300070274e+00 1.446226415e+00 
1.248682579e+00 1.287420942e+00 1.486320755e+00 
1.042157471e+00 1.184820801e+00 1.271226415e+00 
1.073930564e+00 1.170765987e+00 1.215094340e+00 
1.076061686e+00 1.343640197e+00 1.457783019e+00 
1.224723342e+00 1.715390021e+00 1.804245283e+00 
1.140834625e+00 1.120871398e+00 1.215094340e+00 
1.266377092e+00 1.346451160e+00 1.558254717e+00 
1.140834625e+00 1.140548138e+00 1.331603774e+00 
1.073930564e+00 1.193956430e+00 1.369811321e+00 
1.338189709e+00 1.176387913e+00 1.334433962e+00 
1.232796032e+00 1.047083626e+00 1.215094340e+00 
1.056106634e+00 1.224174280e+00 1.381367925e+00 
1.367637942e+00 1.231201687e+00 1.441745283e+00 
1.063856169e+00 1.030920590e+00 1.000000000e+00 
1.088848419e+00 1.019676739e+00 1.116509434e+00 
1.027433354e+00 1.179198876e+00 1.231132075e+00 
1.007478301e+00 1.036542516e+00 1.000000000e+00 
1.088848419e+00 1.000000000e+00 1.000000000e+00 
1.063856169e+00 1.048489108e+00 1.076415094e+00 
1.163050217e+00 1.110330288e+00 1.226650943e+00 
1.007478301e+00 1.059732959e+00 1.154716981e+00 

1.370737756e+00 1.680955727e+00 1.804245283e+00 
1.355819901e+00 1.593815882e+00 1.792216981e+00 
1.363827495e+00 1.732958538e+00 1.880660377e+00 
1.144968227e+00 1.480674631e+00 1.672877358e+00 
1.382749535e+00 1.693605060e+00 1.880660377e+00 
1.652239616e+00 1.544624034e+00 1.768867925e+00 
1.443002170e+00 1.474349965e+00 1.715801887e+00 
1.375774954e+00 1.583274772e+00 1.832311321e+00 
1.914948853e+00 1.769501054e+00 1.923584906e+00 
1.567575945e+00 1.418130710e+00 1.605660377e+00 
1.553562461e+00 1.805340829e+00 1.923584906e+00 
1.124173125e+00 1.617709065e+00 1.789386792e+00 
1.358338500e+00 1.756851722e+00 1.908726415e+00 
1.236347644e+00 1.460295151e+00 1.712971698e+00 
1.445327030e+00 1.582572031e+00 1.832311321e+00 
1.534059206e+00 1.857343640e+00 1.923584906e+00 
1.378681029e+00 1.323260717e+00 1.489150943e+00 
1.023558586e+00 1.312719606e+00 1.231132075e+00 
1.266377092e+00 1.346451160e+00 1.558254717e+00 
1.117521699e+00 1.262825018e+00 1.408018868e+00 
1.428213732e+00 1.952213633e+00 1.923584906e+00 
1.503836020e+00 1.898102600e+00 1.923584906e+00 
1.434283943e+00 1.689388616e+00 1.908726415e+00 
1.112484501e+00 1.534785664e+00 1.634669811e+00 
1.370737756e+00 1.698524245e+00 1.880660377e+00 
1.202249690e+00 1.305692200e+00 1.486320755e+00 
1.404060756e+00 1.730147576e+00 1.908726415e+00 
1.585593614e+00 1.822909346e+00 2.000000000e+00 
1.093885617e+00 1.313422347e+00 1.446226415e+00 
1.201797892e+00 1.300070274e+00 1.446226415e+00 
1.337608493e+00 1.345045678e+00 1.596462264e+00 
1.081680099e+00 1.520730850e+00 1.596462264e+00 
1.427309361e+00 1.487702038e+00 1.715801887e+00 
1.351557657e+00 1.743499649e+00 1.880660377e+00 
1.313003720e+00 1.438510190e+00 1.712971698e+00 
1.184361438e+00 1.339423753e+00 1.497877358e+00 
1.129727216e+00 1.557976107e+00 1.789386792e+00 
1.366604929e+00 1.434996486e+00 1.605660377e+00 
1.023558586e+00 1.314827829e+00 1.271226415e+00 
1.049067731e+00 1.373858046e+00 1.446226415e+00 
1.662507750e+00 1.797610682e+00 1.923584906e+00 
1.313584935e+00 1.269852424e+00 1.450943396e+00 
1.197471327e+00 1.725931131e+00 1.804245283e+00 
1.343033168e+00 1.324666198e+00 1.558254717e+00 
1.023558586e+00 1.309205903e+00 1.192924528e+00 
1.072186919e+00 1.496837667e+00 1.574292453e+00 
1.328438469e+00 1.766690091e+00 1.832311321e+00 
1.076061686e+00 1.343640197e+00 1.457783019e+00 
1.081098884e+00 1.393534786e+00 1.562735849e+00 
1.033051767e+00 1.356289529e+00 1.369811321e+00 
1.199473032e+00 1.358397751e+00 1.596462264e+00 
1.023558586e+00 1.332396346e+00 1.347641509e+00 
1.075544792e+00 1.453267744e+00 1.562735849e+00 
1.297310911e+00 1.451862263e+00 1.712971698e+00 
1.073930564e+00 1.170765987e+00 1.215094340e+00 
1.072186919e+00 1.479269150e+00 1.497877358e+00 
1.097696063e+00 1.538299368e+00 1.672877358e+00 
1.049067731e+00 1.375966268e+00 1.486320755e+00 
1.097696063e+00 1.540407590e+00 1.712971698e+00 
1.056106634e+00 1.224174280e+00 1.381367925e+00 
1.122171420e+00 1.463106114e+00 1.596462264e+00 
1.248682579e+00 1.287420942e+00 1.486320755e+00 
1.073930564e+00 1.193956430e+00 1.369811321e+00 
1.042157471e+00 1.184820801e+00 1.271226415e+00 
1.140834625e+00 1.140548138e+00 1.331603774e+00 
1.140834625e+00 1.120871398e+00 1.215094340e+00 
1.088848419e+00 1.019676739e+00 1.116509434e+00 
1.027433354e+00 1.179198876e+00 1.231132075e+00 
1.007478301e+00 1.036542516e+00 1.000000000e+00 
1.063856169e+00 1.048489108e+00 1.076415094e+00 
1.338189709e+00 1.176387913e+00 1.334433962e+00 
1.007478301e+00 1.059732959e+00 1.154716981e+00 
1.163050217e+00 1.110330288e+00 1.226650943e+00 
1.088848419e+00 1.000000000e+00 1.000000000e+00 
1.063856169e+00 1.030920590e+00 1.000000000e+00 
1.232796032e+00 1.047083626e+00 1.215094340e+00 
1.367637942e+00 1.231201687e+00 1.441745283e+00 

1.518947613e+00 1.589599438e+00 1.832311321e+00 
1.118296652e+00 1.616303584e+00 1.712971698e+00 
1.491243025e+00 1.610681658e+00 1.832311321e+00 
1.124173125e+00 1.617709065e+00 1.789386792e+00 
1.323917390e+00 1.680252987e+00 1.832311321e+00 
1.329277743e+00 1.569219958e+00 1.789386792e+00 
1.101053937e+00 1.610681658e+00 1.634669811e+00 
1.693118413e+00 1.582572031e+00 1.832311321e+00 
1.428471792e+00 1.605762474e+00 1.804245283e+00 
1.297310911e+00 1.451862263e+00 1.712971698e+00 
1.072186919e+00 1.496837667e+00 1.574292453e+00 
1.394761314e+00 1.834855938e+00 1.908726415e+00 
1.400379727e+00 1.489810260e+00 1.715801887e+00 
1.443002170e+00 1.474349965e+00 1.715801887e+00 
1.566607254e+00 1.702740689e+00 1.908726415e+00 
1.236347644e+00 1.460295151e+00 1.712971698e+00 
1.567575945e+00 1.418130710e+00 1.605660377e+00 
1.033051767e+00 1.356289529e+00 1.369811321e+00 
1.316491011e+00 1.599437807e+00 1.789386792e+00 
1.122171420e+00 1.463106114e+00 1.596462264e+00 
1.511973032e+00 1.730850316e+00 1.908726415e+00 
1.162017204e+00 1.551651441e+00 1.712971698e+00 
1.148455518e+00 1.579761068e+00 1.672877358e+00 
1.503836020e+00 1.557976107e+00 1.789386792e+00 
1.049067731e+00 1.375966268e+00 1.486320755e+00 
1.023558586e+00 1.314827829e+00 1.271226415e+00 
1.546652201e+00 1.583274772e+00 1.832311321e+00 
1.112484501e+00 1.534785664e+00 1.634669811e+00 
1.290142591e+00 1.557273366e+00 1.715801887e+00 
1.484979076e+00 1.816584680e+00 1.908726415e+00 
1.117521699e+00 1.262825018e+00 1.408018868e+00 
1.023558586e+00 1.309205903e+00 1.192924528e+00 
1.049067731e+00 1.373858046e+00 1.446226415e+00 
1.465798977e+00 1.744905130e+00 1.880660377e+00 
1.081098884e+00 1.393534786e+00 1.562735849e+00 
1.023558586e+00 1.332396346e+00 1.347641509e+00 
1.248682579e+00 1.287420942e+00 1.486320755e+00 
1.313003720e+00 1.438510190e+00 1.712971698e+00 
1.201797892e+00 1.300070274e+00 1.446226415e+00 
1.076061686e+00 1.343640197e+00 1.457783019e+00 
1.734710167e+00 1.752635278e+00 1.923584906e+00 
1.343033168e+00 1.324666198e+00 1.558254717e+00 
1.184361438e+00 1.339423753e+00 1.497877358e+00 
1.644038283e+00 1.800421644e+00 1.923584906e+00 
1.573517514e+00 1.815179199e+00 1.923584906e+00 
1.023558586e+00 1.312719606e+00 1.231132075e+00 
1.093885617e+00 1.313422347e+00 1.446226415e+00 
1.042157471e+00 1.184820801e+00 1.271226415e+00 
1.366604929e+00 1.434996486e+00 1.605660377e+00 
1.313584935e+00 1.269852424e+00 1.450943396e+00 
1.075544792e+00 1.453267744e+00 1.562735849e+00 
1.337608493e+00 1.345045678e+00 1.596462264e+00 
1.266377092e+00 1.346451160e+00 1.558254717e+00 
1.202249690e+00 1.305692200e+00 1.486320755e+00 
1.056106634e+00 1.224174280e+00 1.381367925e+00 
1.378681029e+00 1.323260717e+00 1.489150943e+00 
1.027433354e+00 1.179198876e+00 1.231132075e+00 
1.199473032e+00 1.358397751e+00 1.596462264e+00 
1.338189709e+00 1.176387913e+00 1.334433962e+00 
1.367637942e+00 1.231201687e+00 1.441745283e+00 
1.073930564e+00 1.170765987e+00 1.215094340e+00 
1.140834625e+00 1.120871398e+00 1.215094340e+00 
1.140834625e+00 1.140548138e+00 1.331603774e+00 
1.073930564e+00 1.193956430e+00 1.369811321e+00 
1.007478301e+00 1.059732959e+00 1.154716981e+00 
1.088848419e+00 1.019676739e+00 1.116509434e+00 
1.063856169e+00 1.048489108e+00 1.076415094e+00 
1.007478301e+00 1.036542516e+00 1.000000000e+00 
1.163050217e+00 1.110330288e+00 1.226650943e+00 
1.088848419e+00 1.000000000e+00 1.000000000e+00 
1.232796032e+00 1.047083626e+00 1.215094340e+00 
1.063856169e+00 1.030920590e+00 1.000000000e+00 

1.197471327e+00 1.725931131e+00 1.804245283e+00 
1.622210167e+00 1.658468025e+00 1.923584906e+00 
1.370737756e+00 1.698524245e+00 1.880660377e+00 
1.081680099e+00 1.520730850e+00 1.596462264e+00 
1.540129417e+00 1.909346451e+00 1.923584906e+00 
1.097696063e+00 1.538299368e+00 1.672877358e+00 
1.033051767e+00 1.356289529e+00 1.369811321e+00 
1.351557657e+00 1.743499649e+00 1.880660377e+00 
1.434283943e+00 1.689388616e+00 1.908726415e+00 
1.350718382e+00 1.676036543e+00 1.804245283e+00 
1.396698698e+00 1.418130710e+00 1.605660377e+00 
1.097696063e+00 1.540407590e+00 1.712971698e+00 
1.112484501e+00 1.534785664e+00 1.634669811e+00 
1.346003565e+00 1.803232607e+00 1.880660377e+00 
1.404060756e+00 1.730147576e+00 1.908726415e+00 
1.561763794e+00 1.735769501e+00 1.923584906e+00 
1.049067731e+00 1.373858046e+00 1.446226415e+00 
1.117521699e+00 1.262825018e+00 1.408018868e+00 
1.081098884e+00 1.393534786e+00 1.562735849e+00 
1.297310911e+00 1.451862263e+00 1.712971698e+00 
1.023558586e+00 1.314827829e+00 1.271226415e+00 
1.363827495e+00 1.732958538e+00 1.880660377e+00 
1.122171420e+00 1.463106114e+00 1.596462264e+00 
1.554853534e+00 1.770203795e+00 1.923584906e+00 
1.093885617e+00 1.313422347e+00 1.446226415e+00 
1.248682579e+00 1.287420942e+00 1.486320755e+00 
1.144968227e+00 1.480674631e+00 1.672877358e+00 
1.075544792e+00 1.453267744e+00 1.562735849e+00 
1.355819901e+00 1.593815882e+00 1.792216981e+00 
1.995931494e+00 1.985242446e+00 2.000000000e+00 
1.129727216e+00 1.557976107e+00 1.789386792e+00 
1.201797892e+00 1.300070274e+00 1.446226415e+00 
1.199473032e+00 1.358397751e+00 1.596462264e+00 
1.375774954e+00 1.583274772e+00 1.832311321e+00 
1.049067731e+00 1.375966268e+00 1.486320755e+00 
1.427309361e+00 1.487702038e+00 1.715801887e+00 
1.323917390e+00 1.680252987e+00 1.832311321e+00 
1.266377092e+00 1.346451160e+00 1.558254717e+00 
1.124173125e+00 1.617709065e+00 1.789386792e+00 
1.202249690e+00 1.305692200e+00 1.486320755e+00 
1.358338500e+00 1.756851722e+00 1.908726415e+00 
1.023558586e+00 1.332396346e+00 1.347641509e+00 
1.313584935e+00 1.269852424e+00 1.450943396e+00 
1.352784408e+00 1.816584680e+00 1.908726415e+00 
1.042157471e+00 1.184820801e+00 1.271226415e+00 
1.343033168e+00 1.324666198e+00 1.558254717e+00 
1.443002170e+00 1.474349965e+00 1.715801887e+00 
1.313003720e+00 1.438510190e+00 1.712971698e+00 
1.072186919e+00 1.479269150e+00 1.497877358e+00 
1.236347644e+00 1.460295151e+00 1.712971698e+00 
1.184361438e+00 1.339423753e+00 1.497877358e+00 
1.073930564e+00 1.170765987e+00 1.215094340e+00 
1.338189709e+00 1.176387913e+00 1.334433962e+00 
1.073930564e+00 1.193956430e+00 1.369811321e+00 
1.367637942e+00 1.231201687e+00 1.441745283e+00 
1.400379727e+00 1.489810260e+00 1.715801887e+00 
1.072186919e+00 1.496837667e+00 1.574292453e+00 
1.076061686e+00 1.343640197e+00 1.457783019e+00 
1.378681029e+00 1.323260717e+00 1.489150943e+00 
1.056106634e+00 1.224174280e+00 1.381367925e+00 
1.023558586e+00 1.312719606e+00 1.231132075e+00 
1.027433354e+00 1.179198876e+00 1.231132075e+00 
1.140834625e+00 1.120871398e+00 1.215094340e+00 
1.337608493e+00 1.345045678e+00 1.596462264e+00 
1.023558586e+00 1.309205903e+00 1.192924528e+00 
1.088848419e+00 1.000000000e+00 1.000000000e+00 
1.232796032e+00 1.047083626e+00 1.215094340e+00 
1.063856169e+00 1.030920590e+00 1.000000000e+00 
1.088848419e+00 1.019676739e+00 1.116509434e+00 
1.063856169e+00 1.048489108e+00 1.076415094e+00 
1.007478301e+00 1.036542516e+00 1.000000000e+00 
1.163050217e+00 1.110330288e+00 1.226650943e+00 
1.007478301e+00 1.059732959e+00 1.154716981e+00 
1.140834625e+00 1.140548138e+00 1.331603774e+00 

1.427309361e+00 1.487702038e+00 1.715801887e+00 
1.350718382e+00 1.676036543e+00 1.804245283e+00 
1.370737756e+00 1.698524245e+00 1.880660377e+00 
1.510487446e+00 1.883345046e+00 2.000000000e+00 
1.360469622e+00 1.784258609e+00 1.908726415e+00 
1.553562461e+00 1.805340829e+00 1.923584906e+00 
1.404060756e+00 1.730147576e+00 1.908726415e+00 
1.434283943e+00 1.689388616e+00 1.908726415e+00 
1.112484501e+00 1.534785664e+00 1.634669811e+00 
1.764026658e+00 1.762473647e+00 2.000000000e+00 
1.144968227e+00 1.480674631e+00 1.672877358e+00 
1.346003565e+00 1.803232607e+00 1.880660377e+00 
1.197471327e+00 1.725931131e+00 1.804245283e+00 
1.351557657e+00 1.743499649e+00 1.880660377e+00 
1.124173125e+00 1.617709065e+00 1.789386792e+00 
1.072186919e+00 1.496837667e+00 1.574292453e+00 
1.049067731e+00 1.375966268e+00 1.486320755e+00 
1.033051767e+00 1.356289529e+00 1.369811321e+00 
1.363827495e+00 1.732958538e+00 1.880660377e+00 
1.516041538e+00 1.823612087e+00 2.000000000e+00 
1.072186919e+00 1.479269150e+00 1.497877358e+00 
1.129727216e+00 1.557976107e+00 1.789386792e+00 
1.224723342e+00 1.715390021e+00 1.804245283e+00 
1.554853534e+00 1.770203795e+00 1.923584906e+00 
1.290142591e+00 1.557273366e+00 1.715801887e+00 
1.097696063e+00 1.538299368e+00 1.672877358e+00 
1.561763794e+00 1.735769501e+00 1.923584906e+00 
1.504223497e+00 1.926914968e+00 1.923584906e+00 
1.076061686e+00 1.343640197e+00 1.457783019e+00 
1.757245815e+00 1.820801124e+00 2.000000000e+00 
1.023558586e+00 1.314827829e+00 1.271226415e+00 
1.323917390e+00 1.680252987e+00 1.832311321e+00 
1.652239616e+00 1.544624034e+00 1.768867925e+00 
1.382749535e+00 1.693605060e+00 1.880660377e+00 
1.075544792e+00 1.453267744e+00 1.562735849e+00 
1.758408246e+00 1.806043570e+00 2.000000000e+00 
1.236347644e+00 1.460295151e+00 1.712971698e+00 
1.396698698e+00 1.418130710e+00 1.605660377e+00 
1.093885617e+00 1.313422347e+00 1.446226415e+00 
1.201797892e+00 1.300070274e+00 1.446226415e+00 
1.097696063e+00 1.540407590e+00 1.712971698e+00 
1.023558586e+00 1.309205903e+00 1.192924528e+00 
1.622210167e+00 1.658468025e+00 1.923584906e+00 
1.297310911e+00 1.451862263e+00 1.712971698e+00 
1.049067731e+00 1.373858046e+00 1.446226415e+00 
1.081098884e+00 1.393534786e+00 1.562735849e+00 
1.023558586e+00 1.312719606e+00 1.231132075e+00 
1.378681029e+00 1.323260717e+00 1.489150943e+00 
1.375774954e+00 1.583274772e+00 1.832311321e+00 
1.023558586e+00 1.332396346e+00 1.347641509e+00 
1.400379727e+00 1.489810260e+00 1.715801887e+00 
1.385849349e+00 1.761770907e+00 1.908726415e+00 
1.443002170e+00 1.474349965e+00 1.715801887e+00 
1.184361438e+00 1.339423753e+00 1.497877358e+00 
1.313584935e+00 1.269852424e+00 1.450943396e+00 
1.337608493e+00 1.345045678e+00 1.596462264e+00 
1.140834625e+00 1.140548138e+00 1.331603774e+00 
1.199473032e+00 1.358397751e+00 1.596462264e+00 
1.027433354e+00 1.179198876e+00 1.231132075e+00 
1.056106634e+00 1.224174280e+00 1.381367925e+00 
1.248682579e+00 1.287420942e+00 1.486320755e+00 
1.140834625e+00 1.120871398e+00 1.215094340e+00 
1.117521699e+00 1.262825018e+00 1.408018868e+00 
1.202249690e+00 1.305692200e+00 1.486320755e+00 
1.081680099e+00 1.520730850e+00 1.596462264e+00 
1.313003720e+00 1.438510190e+00 1.712971698e+00 
1.073930564e+00 1.193956430e+00 1.369811321e+00 
1.343033168e+00 1.324666198e+00 1.558254717e+00 
1.073930564e+00 1.170765987e+00 1.215094340e+00 
1.266377092e+00 1.346451160e+00 1.558254717e+00 
1.042157471e+00 1.184820801e+00 1.271226415e+00 
1.163050217e+00 1.110330288e+00 1.226650943e+00 
1.367637942e+00 1.231201687e+00 1.441745283e+00 
1.063856169e+00 1.048489108e+00 1.076415094e+00 
1.088848419e+00 1.019676739e+00 1.116509434e+00 
1.088848419e+00 1.000000000e+00 1.000000000e+00 
1.007478301e+00 1.059732959e+00 1.154716981e+00 
1.063856169e+00 1.030920590e+00 1.000000000e+00 
1.338189709e+00 1.176387913e+00 1.334433962e+00 
1.007478301e+00 1.036542516e+00 1.000000000e+00 
1.232796032e+00 1.047083626e+00 1.215094340e+00 

1.512618568e+00 1.848208011e+00 2.000000000e+00 
1.360469622e+00 1.784258609e+00 1.908726415e+00 
1.480845474e+00 1.919184821e+00 1.923584906e+00 
1.564476131e+00 1.751229796e+00 2.000000000e+00 
1.224723342e+00 1.715390021e+00 1.804245283e+00 
1.346003565e+00 1.803232607e+00 1.880660377e+00 
1.075544792e+00 1.453267744e+00 1.562735849e+00 
1.445327030e+00 1.582572031e+00 1.832311321e+00 
1.363827495e+00 1.732958538e+00 1.880660377e+00 
1.484849659e+00 1.434996486e+00 1.605660377e+00 
1.793087415e+00 1.658468025e+00 1.923584906e+00 
1.510487446e+00 1.883345046e+00 2.000000000e+00 
1.516041538e+00 1.823612087e+00 2.000000000e+00 
1.375774954e+00 1.583274772e+00 1.832311321e+00 
1.434283943e+00 1.689388616e+00 1.908726415e+00 
1.197471327e+00 1.725931131e+00 1.804245283e+00 
1.385849349e+00 1.761770907e+00 1.908726415e+00 
1.370737756e+00 1.698524245e+00 1.880660377e+00 
1.404060756e+00 1.730147576e+00 1.908726415e+00 
1.049067731e+00 1.373858046e+00 1.446226415e+00 
1.351557657e+00 1.743499649e+00 1.880660377e+00 
1.072186919e+00 1.479269150e+00 1.497877358e+00 
1.112484501e+00 1.534785664e+00 1.634669811e+00 
1.023558586e+00 1.314827829e+00 1.271226415e+00 
1.081680099e+00 1.520730850e+00 1.596462264e+00 
1.097696063e+00 1.538299368e+00 1.672877358e+00 
1.097696063e+00 1.540407590e+00 1.712971698e+00 
1.023558586e+00 1.309205903e+00 1.192924528e+00 
1.129727216e+00 1.557976107e+00 1.789386792e+00 
1.049067731e+00 1.375966268e+00 1.486320755e+00 
1.072186919e+00 1.496837667e+00 1.574292453e+00 
1.081098884e+00 1.393534786e+00 1.562735849e+00 
1.033051767e+00 1.356289529e+00 1.369811321e+00 
1.350718382e+00 1.676036543e+00 1.804245283e+00 
1.297310911e+00 1.451862263e+00 1.712971698e+00 
1.201797892e+00 1.300070274e+00 1.446226415e+00 
1.144968227e+00 1.480674631e+00 1.672877358e+00 
1.732641042e+00 1.735769501e+00 1.923584906e+00 
1.076061686e+00 1.343640197e+00 1.457783019e+00 
1.443002170e+00 1.474349965e+00 1.715801887e+00 
1.707842529e+00 1.565003514e+00 1.807075472e+00 
1.567575945e+00 1.418130710e+00 1.605660377e+00 
1.343033168e+00 1.324666198e+00 1.558254717e+00 
1.378681029e+00 1.323260717e+00 1.489150943e+00 
1.122171420e+00 1.463106114e+00 1.596462264e+00 
1.248682579e+00 1.287420942e+00 1.486320755e+00 
1.323917390e+00 1.680252987e+00 1.832311321e+00 
1.042157471e+00 1.184820801e+00 1.271226415e+00 
1.027433354e+00 1.179198876e+00 1.231132075e+00 
1.124173125e+00 1.617709065e+00 1.789386792e+00 
1.313003720e+00 1.438510190e+00 1.712971698e+00 
1.202249690e+00 1.305692200e+00 1.486320755e+00 
1.266377092e+00 1.346451160e+00 1.558254717e+00 
1.117521699e+00 1.262825018e+00 1.408018868e+00 
1.737290763e+00 1.701335207e+00 1.923584906e+00 
1.184361438e+00 1.339423753e+00 1.497877358e+00 
1.199473032e+00 1.358397751e+00 1.596462264e+00 
1.093885617e+00 1.313422347e+00 1.446226415e+00 
1.056106634e+00 1.224174280e+00 1.381367925e+00 
1.073930564e+00 1.170765987e+00 1.215094340e+00 
1.337608493e+00 1.345045678e+00 1.596462264e+00 
1.140834625e+00 1.140548138e+00 1.331603774e+00 
1.236347644e+00 1.460295151e+00 1.712971698e+00 
1.313584935e+00 1.269852424e+00 1.450943396e+00 
1.338189709e+00 1.176387913e+00 1.334433962e+00 
1.367637942e+00 1.231201687e+00 1.441745283e+00 
1.073930564e+00 1.193956430e+00 1.369811321e+00 
1.088848419e+00 1.019676739e+00 1.116509434e+00 
1.088848419e+00 1.000000000e+00 1.000000000e+00 
1.063856169e+00 1.030920590e+00 1.000000000e+00 
1.023558586e+00 1.332396346e+00 1.347641509e+00 
1.063856169e+00 1.048489108e+00 1.076415094e+00 
1.023558586e+00 1.312719606e+00 1.231132075e+00 
1.163050217e+00 1.110330288e+00 1.226650943e+00 
1.007478301e+00 1.036542516e+00 1.000000000e+00 
1.140834625e+00 1.120871398e+00 1.215094340e+00 
1.232796032e+00 1.047083626e+00 1.215094340e+00 
1.007478301e+00 1.059732959e+00 1.154716981e+00 

1.507323311e+00 1.844694308e+00 1.923584906e+00 
1.564476131e+00 1.733661279e+00 1.923584906e+00 
1.370737756e+00 1.680955727e+00 1.804245283e+00 
1.564476131e+00 1.751229796e+00 2.000000000e+00 
1.709973652e+00 1.690091356e+00 1.923584906e+00 
1.400379727e+00 1.489810260e+00 1.715801887e+00 
1.197471327e+00 1.725931131e+00 1.804245283e+00 
1.652239616e+00 1.544624034e+00 1.768867925e+00 
1.375774954e+00 1.583274772e+00 1.832311321e+00 
1.117521699e+00 1.262825018e+00 1.408018868e+00 
1.589080905e+00 1.657765285e+00 1.883490566e+00 
1.075544792e+00 1.453267744e+00 1.562735849e+00 
1.434283943e+00 1.689388616e+00 1.908726415e+00 
1.663476441e+00 1.711173577e+00 1.923584906e+00 
1.201797892e+00 1.300070274e+00 1.446226415e+00 
1.081098884e+00 1.393534786e+00 1.562735849e+00 
1.033051767e+00 1.356289529e+00 1.369811321e+00 
1.351557657e+00 1.743499649e+00 1.880660377e+00 
1.360469622e+00 1.784258609e+00 1.908726415e+00 
1.793087415e+00 1.658468025e+00 1.923584906e+00 
1.366604929e+00 1.434996486e+00 1.605660377e+00 
1.404060756e+00 1.730147576e+00 1.908726415e+00 
1.224723342e+00 1.715390021e+00 1.804245283e+00 
1.396698698e+00 1.418130710e+00 1.605660377e+00 
1.443002170e+00 1.474349965e+00 1.715801887e+00 
1.370737756e+00 1.698524245e+00 1.880660377e+00 
1.049067731e+00 1.375966268e+00 1.486320755e+00 
1.512618568e+00 1.848208011e+00 2.000000000e+00 
1.378681029e+00 1.323260717e+00 1.489150943e+00 
1.097696063e+00 1.538299368e+00 1.672877358e+00 
1.023558586e+00 1.309205903e+00 1.192924528e+00 
1.072186919e+00 1.479269150e+00 1.497877358e+00 
1.248682579e+00 1.287420942e+00 1.486320755e+00 
1.427309361e+00 1.487702038e+00 1.715801887e+00 
1.346003565e+00 1.803232607e+00 1.880660377e+00 
1.313003720e+00 1.438510190e+00 1.712971698e+00 
1.351105859e+00 1.666198173e+00 1.792216981e+00 
1.023558586e+00 1.312719606e+00 1.231132075e+00 
1.363827495e+00 1.732958538e+00 1.880660377e+00 
1.081680099e+00 1.520730850e+00 1.596462264e+00 
1.355819901e+00 1.593815882e+00 1.792216981e+00 
1.049067731e+00 1.373858046e+00 1.446226415e+00 
1.097696063e+00 1.540407590e+00 1.712971698e+00 
1.112484501e+00 1.534785664e+00 1.634669811e+00 
1.093885617e+00 1.313422347e+00 1.446226415e+00 
1.023558586e+00 1.314827829e+00 1.271226415e+00 
1.072186919e+00 1.496837667e+00 1.574292453e+00 
1.122171420e+00 1.463106114e+00 1.596462264e+00 
1.073930564e+00 1.170765987e+00 1.215094340e+00 
1.337608493e+00 1.345045678e+00 1.596462264e+00 
1.140834625e+00 1.140548138e+00 1.331603774e+00 
1.266377092e+00 1.346451160e+00 1.558254717e+00 
1.129727216e+00 1.557976107e+00 1.789386792e+00 
1.076061686e+00 1.343640197e+00 1.457783019e+00 
1.236347644e+00 1.460295151e+00 1.712971698e+00 
1.297310911e+00 1.451862263e+00 1.712971698e+00 
1.023558586e+00 1.332396346e+00 1.347641509e+00 
1.313584935e+00 1.269852424e+00 1.450943396e+00 
1.199473032e+00 1.358397751e+00 1.596462264e+00 
1.202249690e+00 1.305692200e+00 1.486320755e+00 
1.124173125e+00 1.617709065e+00 1.789386792e+00 
1.184361438e+00 1.339423753e+00 1.497877358e+00 
1.073930564e+00 1.193956430e+00 1.369811321e+00 
1.056106634e+00 1.224174280e+00 1.381367925e+00 
1.144968227e+00 1.480674631e+00 1.672877358e+00 
1.042157471e+00 1.184820801e+00 1.271226415e+00 
1.140834625e+00 1.120871398e+00 1.215094340e+00 
1.343033168e+00 1.324666198e+00 1.558254717e+00 
1.088848419e+00 1.019676739e+00 1.116509434e+00 
1.338189709e+00 1.176387913e+00 1.334433962e+00 
1.027433354e+00 1.179198876e+00 1.231132075e+00 
1.007478301e+00 1.036542516e+00 1.000000000e+00 
1.232796032e+00 1.047083626e+00 1.215094340e+00 
1.088848419e+00 1.000000000e+00 1.000000000e+00 
1.063856169e+00 1.048489108e+00 1.076415094e+00 
1.063856169e+00 1.030920590e+00 1.000000000e+00 
1.367637942e+00 1.231201687e+00 1.441745283e+00 
1.007478301e+00 1.059732959e+00 1.154716981e+00 
1.163050217e+00 1.110330288e+00 1.226650943e+00 

1.564476131e+00 1.751229796e+00 2.000000000e+00 
1.346003565e+00 1.803232607e+00 1.880660377e+00 
1.548977061e+00 1.853127196e+00 1.923584906e+00 
1.428213732e+00 1.952213633e+00 1.923584906e+00 
1.385849349e+00 1.761770907e+00 1.908726415e+00 
1.485754030e+00 1.878425861e+00 1.923584906e+00 
1.622210167e+00 1.658468025e+00 1.923584906e+00 
1.236347644e+00 1.460295151e+00 1.712971698e+00 
1.081098884e+00 1.393534786e+00 1.562735849e+00 
1.033051767e+00 1.356289529e+00 1.369811321e+00 
1.561763794e+00 1.735769501e+00 1.923584906e+00 
1.434283943e+00 1.689388616e+00 1.908726415e+00 
1.652239616e+00 1.544624034e+00 1.768867925e+00 
1.445327030e+00 1.582572031e+00 1.832311321e+00 
1.517785183e+00 1.895994378e+00 2.000000000e+00 
1.323917390e+00 1.680252987e+00 1.832311321e+00 
1.201797892e+00 1.300070274e+00 1.446226415e+00 
1.081680099e+00 1.520730850e+00 1.596462264e+00 
1.375774954e+00 1.583274772e+00 1.832311321e+00 
1.548977061e+00 1.870695713e+00 2.000000000e+00 
1.049067731e+00 1.373858046e+00 1.446226415e+00 
1.049067731e+00 1.375966268e+00 1.486320755e+00 
1.370737756e+00 1.698524245e+00 1.880660377e+00 
1.124173125e+00 1.617709065e+00 1.789386792e+00 
1.351557657e+00 1.743499649e+00 1.880660377e+00 
1.023558586e+00 1.312719606e+00 1.231132075e+00 
1.248682579e+00 1.287420942e+00 1.486320755e+00 
1.366604929e+00 1.434996486e+00 1.605660377e+00 
1.097696063e+00 1.540407590e+00 1.712971698e+00 
1.343033168e+00 1.324666198e+00 1.558254717e+00 
1.297310911e+00 1.451862263e+00 1.712971698e+00 
1.112484501e+00 1.534785664e+00 1.634669811e+00 
1.023558586e+00 1.309205903e+00 1.192924528e+00 
1.290142591e+00 1.557273366e+00 1.715801887e+00 
1.351105859e+00 1.666198173e+00 1.792216981e+00 
1.097696063e+00 1.538299368e+00 1.672877358e+00 
1.202249690e+00 1.305692200e+00 1.486320755e+00 
1.313584935e+00 1.269852424e+00 1.450943396e+00 
1.122171420e+00 1.463106114e+00 1.596462264e+00 
1.266377092e+00 1.346451160e+00 1.558254717e+00 
1.427309361e+00 1.487702038e+00 1.715801887e+00 
1.023558586e+00 1.314827829e+00 1.271226415e+00 
1.129727216e+00 1.557976107e+00 1.789386792e+00 
1.117521699e+00 1.262825018e+00 1.408018868e+00 
1.378681029e+00 1.323260717e+00 1.489150943e+00 
1.072186919e+00 1.496837667e+00 1.574292453e+00 
1.337608493e+00 1.345045678e+00 1.596462264e+00 
1.140834625e+00 1.120871398e+00 1.215094340e+00 
1.023558586e+00 1.332396346e+00 1.347641509e+00 
1.184361438e+00 1.339423753e+00 1.497877358e+00 
1.313003720e+00 1.438510190e+00 1.712971698e+00 
1.072186919e+00 1.479269150e+00 1.497877358e+00 
1.404060756e+00 1.730147576e+00 1.908726415e+00 
1.443002170e+00 1.474349965e+00 1.715801887e+00 
1.093885617e+00 1.313422347e+00 1.446226415e+00 
1.027433354e+00 1.179198876e+00 1.231132075e+00 
1.056106634e+00 1.224174280e+00 1.381367925e+00 
1.144968227e+00 1.480674631e+00 1.672877358e+00 
1.355819901e+00 1.593815882e+00 1.792216981e+00 
1.042157471e+00 1.184820801e+00 1.271226415e+00 
1.360469622e+00 1.784258609e+00 1.908726415e+00 
1.367637942e+00 1.231201687e+00 1.441745283e+00 
1.076061686e+00 1.343640197e+00 1.457783019e+00 
1.073930564e+00 1.193956430e+00 1.369811321e+00 
1.199473032e+00 1.358397751e+00 1.596462264e+00 
1.140834625e+00 1.140548138e+00 1.331603774e+00 
1.400379727e+00 1.489810260e+00 1.715801887e+00 
1.007478301e+00 1.036542516e+00 1.000000000e+00 
1.063856169e+00 1.048489108e+00 1.076415094e+00 
1.073930564e+00 1.170765987e+00 1.215094340e+00 
1.007478301e+00 1.059732959e+00 1.154716981e+00 
1.338189709e+00 1.176387913e+00 1.334433962e+00 
1.232796032e+00 1.047083626e+00 1.215094340e+00 
1.163050217e+00 1.110330288e+00 1.226650943e+00 
1.088848419e+00 1.019676739e+00 1.116509434e+00 
1.063856169e+00 1.030920590e+00 1.000000000e+00 
1.088848419e+00 1.000000000e+00 1.000000000e+00 

1.468963112e+00 1.737174982e+00 1.908726415e+00 
1.328438469e+00 1.766690091e+00 1.832311321e+00 
1.680525418e+00 1.856640900e+00 2.000000000e+00 
1.370737756e+00 1.698524245e+00 1.880660377e+00 
1.793087415e+00 1.658468025e+00 1.923584906e+00 
1.685368878e+00 1.789880534e+00 1.923584906e+00 
1.428471792e+00 1.605762474e+00 1.804245283e+00 
1.197471327e+00 1.725931131e+00 1.804245283e+00 
1.523984811e+00 1.593815882e+00 1.792216981e+00 
1.368994110e+00 1.780744905e+00 1.880660377e+00 
1.566607254e+00 1.702740689e+00 1.908726415e+00 
1.396698698e+00 1.418130710e+00 1.605660377e+00 
1.504029758e+00 1.474349965e+00 1.715801887e+00 
1.129727216e+00 1.557976107e+00 1.789386792e+00 
1.081680099e+00 1.520730850e+00 1.596462264e+00 
1.529151426e+00 1.971890372e+00 2.000000000e+00 
1.399346714e+00 1.802529866e+00 1.908726415e+00 
1.727797582e+00 1.684469431e+00 1.883490566e+00 
1.397279913e+00 1.655657063e+00 1.804245283e+00 
1.773907316e+00 1.714687280e+00 1.923584906e+00 
1.112484501e+00 1.534785664e+00 1.634669811e+00 
1.707842529e+00 1.565003514e+00 1.807075472e+00 
1.595668010e+00 1.884750527e+00 2.000000000e+00 
1.491243025e+00 1.610681658e+00 1.832311321e+00 
1.097696063e+00 1.538299368e+00 1.672877358e+00 
1.097696063e+00 1.540407590e+00 1.712971698e+00 
1.427309361e+00 1.487702038e+00 1.715801887e+00 
1.481298047e+00 1.728039353e+00 1.883490566e+00 
1.122171420e+00 1.463106114e+00 1.596462264e+00 
1.691824241e+00 1.770203795e+00 1.923584906e+00 
1.236347644e+00 1.460295151e+00 1.712971698e+00 
1.033051767e+00 1.356289529e+00 1.369811321e+00 
1.313003720e+00 1.438510190e+00 1.712971698e+00 
1.763057967e+00 1.661981729e+00 1.845283019e+00 
1.697186919e+00 1.819395643e+00 2.000000000e+00 
1.124173125e+00 1.617709065e+00 1.789386792e+00 
1.393469467e+00 1.679550246e+00 1.832311321e+00 
1.202249690e+00 1.305692200e+00 1.486320755e+00 
1.390369653e+00 1.690091356e+00 1.804245283e+00 
1.553433044e+00 1.860857344e+00 1.923584906e+00 
1.297310911e+00 1.451862263e+00 1.712971698e+00 
1.072186919e+00 1.479269150e+00 1.497877358e+00 
1.144968227e+00 1.480674631e+00 1.672877358e+00 
1.049067731e+00 1.375966268e+00 1.486320755e+00 
1.313584935e+00 1.269852424e+00 1.450943396e+00 
1.093885617e+00 1.313422347e+00 1.446226415e+00 
1.049067731e+00 1.373858046e+00 1.446226415e+00 
1.450751705e+00 1.744202389e+00 1.908726415e+00 
1.845203038e+00 1.773014758e+00 2.000000000e+00 
1.081098884e+00 1.393534786e+00 1.562735849e+00 
1.546652201e+00 1.583274772e+00 1.832311321e+00 
1.199473032e+00 1.358397751e+00 1.596462264e+00 
1.117521699e+00 1.262825018e+00 1.408018868e+00 
1.184361438e+00 1.339423753e+00 1.497877358e+00 
1.337608493e+00 1.345045678e+00 1.596462264e+00 
1.378681029e+00 1.323260717e+00 1.489150943e+00 
1.343033168e+00 1.324666198e+00 1.558254717e+00 
1.076061686e+00 1.343640197e+00 1.457783019e+00 
1.023558586e+00 1.309205903e+00 1.192924528e+00 
1.023558586e+00 1.314827829e+00 1.271226415e+00 
1.201797892e+00 1.300070274e+00 1.446226415e+00 
1.248682579e+00 1.287420942e+00 1.486320755e+00 
1.266377092e+00 1.346451160e+00 1.558254717e+00 
1.072186919e+00 1.496837667e+00 1.574292453e+00 
1.140834625e+00 1.120871398e+00 1.215094340e+00 
1.023558586e+00 1.332396346e+00 1.347641509e+00 
1.073930564e+00 1.170765987e+00 1.215094340e+00 
1.075544792e+00 1.453267744e+00 1.562735849e+00 
1.042157471e+00 1.184820801e+00 1.271226415e+00 
1.073930564e+00 1.193956430e+00 1.369811321e+00 
1.056106634e+00 1.224174280e+00 1.381367925e+00 
1.027433354e+00 1.179198876e+00 1.231132075e+00 
1.711717297e+00 1.546732256e+00 1.728773585e+00 
1.367637942e+00 1.231201687e+00 1.441745283e+00 
1.140834625e+00 1.140548138e+00 1.331603774e+00 
1.338189709e+00 1.176387913e+00 1.334433962e+00 
1.088848419e+00 1.000000000e+00 1.000000000e+00 
1.063856169e+00 1.048489108e+00 1.076415094e+00 
1.232796032e+00 1.047083626e+00 1.215094340e+00 
1.088848419e+00 1.019676739e+00 1.116509434e+00 
1.163050217e+00 1.110330288e+00 1.226650943e+00 
1.007478301e+00 1.059732959e+00 1.154716981e+00 
1.023558586e+00 1.312719606e+00 1.231132075e+00 
1.007478301e+00 1.036542516e+00 1.000000000e+00 
1.063856169e+00 1.030920590e+00 1.000000000e+00 

1.224723342e+00 1.715390021e+00 1.804245283e+00 
1.622210167e+00 1.658468025e+00 1.923584906e+00 
1.197471327e+00 1.725931131e+00 1.804245283e+00 
1.360469622e+00 1.784258609e+00 1.908726415e+00 
1.404060756e+00 1.730147576e+00 1.908726415e+00 
1.589080905e+00 1.657765285e+00 1.883490566e+00 
1.122171420e+00 1.463106114e+00 1.596462264e+00 
1.370737756e+00 1.698524245e+00 1.880660377e+00 
1.033051767e+00 1.356289529e+00 1.369811321e+00 
1.049067731e+00 1.373858046e+00 1.446226415e+00 
1.567575945e+00 1.418130710e+00 1.605660377e+00 
1.591212027e+00 1.792691497e+00 1.923584906e+00 
1.434283943e+00 1.689388616e+00 1.908726415e+00 
1.351557657e+00 1.743499649e+00 1.880660377e+00 
1.346003565e+00 1.803232607e+00 1.880660377e+00 
1.049067731e+00 1.375966268e+00 1.486320755e+00 
1.097696063e+00 1.538299368e+00 1.672877358e+00 
1.363827495e+00 1.732958538e+00 1.880660377e+00 
1.081680099e+00 1.520730850e+00 1.596462264e+00 
1.117521699e+00 1.262825018e+00 1.408018868e+00 
1.112484501e+00 1.534785664e+00 1.634669811e+00 
1.443002170e+00 1.474349965e+00 1.715801887e+00 
1.097696063e+00 1.540407590e+00 1.712971698e+00 
1.129727216e+00 1.557976107e+00 1.789386792e+00 
1.297310911e+00 1.451862263e+00 1.712971698e+00 
1.023558586e+00 1.314827829e+00 1.271226415e+00 
1.124173125e+00 1.617709065e+00 1.789386792e+00 
1.199473032e+00 1.358397751e+00 1.596462264e+00 
1.375774954e+00 1.583274772e+00 1.832311321e+00 
1.313003720e+00 1.438510190e+00 1.712971698e+00 
1.081098884e+00 1.393534786e+00 1.562735849e+00 
1.072186919e+00 1.496837667e+00 1.574292453e+00 
1.343033168e+00 1.324666198e+00 1.558254717e+00 
1.075544792e+00 1.453267744e+00 1.562735849e+00 
1.072186919e+00 1.479269150e+00 1.497877358e+00 
1.023558586e+00 1.309205903e+00 1.192924528e+00 
1.248682579e+00 1.287420942e+00 1.486320755e+00 
1.201797892e+00 1.300070274e+00 1.446226415e+00 
1.144968227e+00 1.480674631e+00 1.672877358e+00 
1.427309361e+00 1.487702038e+00 1.715801887e+00 
1.484849659e+00 1.434996486e+00 1.605660377e+00 
1.400379727e+00 1.489810260e+00 1.715801887e+00 
1.023558586e+00 1.332396346e+00 1.347641509e+00 
1.323917390e+00 1.680252987e+00 1.832311321e+00 
1.076061686e+00 1.343640197e+00 1.457783019e+00 
1.646814941e+00 1.565003514e+00 1.807075472e+00 
1.554595474e+00 1.922698524e+00 1.923584906e+00 
1.023558586e+00 1.312719606e+00 1.231132075e+00 
1.378681029e+00 1.323260717e+00 1.489150943e+00 
1.266377092e+00 1.346451160e+00 1.558254717e+00 
1.290142591e+00 1.557273366e+00 1.715801887e+00 
1.313584935e+00 1.269852424e+00 1.450943396e+00 
1.140834625e+00 1.140548138e+00 1.331603774e+00 
1.042157471e+00 1.184820801e+00 1.271226415e+00 
1.140834625e+00 1.120871398e+00 1.215094340e+00 
1.236347644e+00 1.460295151e+00 1.712971698e+00 
1.338189709e+00 1.176387913e+00 1.334433962e+00 
1.093885617e+00 1.313422347e+00 1.446226415e+00 
1.337608493e+00 1.345045678e+00 1.596462264e+00 
1.073930564e+00 1.193956430e+00 1.369811321e+00 
1.184361438e+00 1.339423753e+00 1.497877358e+00 
1.056106634e+00 1.224174280e+00 1.381367925e+00 
1.202249690e+00 1.305692200e+00 1.486320755e+00 
1.367637942e+00 1.231201687e+00 1.441745283e+00 
1.163050217e+00 1.110330288e+00 1.226650943e+00 
1.063856169e+00 1.048489108e+00 1.076415094e+00 
1.073930564e+00 1.170765987e+00 1.215094340e+00 
1.088848419e+00 1.000000000e+00 1.000000000e+00 
1.232796032e+00 1.047083626e+00 1.215094340e+00 
1.007478301e+00 1.036542516e+00 1.000000000e+00 
1.007478301e+00 1.059732959e+00 1.154716981e+00 
1.027433354e+00 1.179198876e+00 1.231132075e+00 
1.088848419e+00 1.019676739e+00 1.116509434e+00 
1.063856169e+00 1.030920590e+00 1.000000000e+00 

1.197471327e+00 1.725931131e+00 1.804245283e+00 
1.561763794e+00 1.735769501e+00 1.923584906e+00 
1.518753875e+00 2.000000000e+00 2.000000000e+00 
1.653595784e+00 1.873506676e+00 2.000000000e+00 
1.360469622e+00 1.784258609e+00 1.908726415e+00 
1.434283943e+00 1.689388616e+00 1.908726415e+00 
1.375774954e+00 1.583274772e+00 1.832311321e+00 
1.634996900e+00 1.909346451e+00 2.000000000e+00 
1.351557657e+00 1.743499649e+00 1.880660377e+00 
1.370737756e+00 1.698524245e+00 1.880660377e+00 
1.445327030e+00 1.582572031e+00 1.832311321e+00 
1.622210167e+00 1.658468025e+00 1.923584906e+00 
1.355819901e+00 1.593815882e+00 1.792216981e+00 
1.493180409e+00 1.992972593e+00 1.923584906e+00 
1.112484501e+00 1.534785664e+00 1.634669811e+00 
1.427309361e+00 1.487702038e+00 1.715801887e+00 
1.575842374e+00 1.985945186e+00 2.000000000e+00 
1.443002170e+00 1.474349965e+00 1.715801887e+00 
1.396698698e+00 1.418130710e+00 1.605660377e+00 
1.124173125e+00 1.617709065e+00 1.789386792e+00 
1.290142591e+00 1.557273366e+00 1.715801887e+00 
1.144968227e+00 1.480674631e+00 1.672877358e+00 
1.117521699e+00 1.262825018e+00 1.408018868e+00 
1.097696063e+00 1.540407590e+00 1.712971698e+00 
1.033051767e+00 1.356289529e+00 1.369811321e+00 
1.313584935e+00 1.269852424e+00 1.450943396e+00 
1.097696063e+00 1.538299368e+00 1.672877358e+00 
1.366604929e+00 1.434996486e+00 1.605660377e+00 
1.049067731e+00 1.375966268e+00 1.486320755e+00 
1.081680099e+00 1.520730850e+00 1.596462264e+00 
1.628991011e+00 1.983836964e+00 2.000000000e+00 
1.072186919e+00 1.496837667e+00 1.574292453e+00 
1.023558586e+00 1.332396346e+00 1.347641509e+00 
1.236347644e+00 1.460295151e+00 1.712971698e+00 
1.023558586e+00 1.309205903e+00 1.192924528e+00 
1.129727216e+00 1.557976107e+00 1.789386792e+00 
1.201797892e+00 1.300070274e+00 1.446226415e+00 
1.049067731e+00 1.373858046e+00 1.446226415e+00 
1.297310911e+00 1.451862263e+00 1.712971698e+00 
1.266377092e+00 1.346451160e+00 1.558254717e+00 
1.081098884e+00 1.393534786e+00 1.562735849e+00 
1.075544792e+00 1.453267744e+00 1.562735849e+00 
1.350718382e+00 1.676036543e+00 1.804245283e+00 
1.202249690e+00 1.305692200e+00 1.486320755e+00 
1.863608184e+00 1.870695713e+00 2.000000000e+00 
1.076061686e+00 1.343640197e+00 1.457783019e+00 
1.072186919e+00 1.479269150e+00 1.497877358e+00 
1.023558586e+00 1.312719606e+00 1.231132075e+00 
1.023558586e+00 1.314827829e+00 1.271226415e+00 
1.313003720e+00 1.438510190e+00 1.712971698e+00 
1.652239616e+00 1.544624034e+00 1.768867925e+00 
1.122171420e+00 1.463106114e+00 1.596462264e+00 
1.140834625e+00 1.120871398e+00 1.215094340e+00 
1.879107254e+00 1.751229796e+00 2.000000000e+00 
1.042157471e+00 1.184820801e+00 1.271226415e+00 
1.343033168e+00 1.324666198e+00 1.558254717e+00 
1.367637942e+00 1.231201687e+00 1.441745283e+00 
1.184361438e+00 1.339423753e+00 1.497877358e+00 
1.027433354e+00 1.179198876e+00 1.231132075e+00 
1.140834625e+00 1.140548138e+00 1.331603774e+00 
1.093885617e+00 1.313422347e+00 1.446226415e+00 
1.199473032e+00 1.358397751e+00 1.596462264e+00 
1.248682579e+00 1.287420942e+00 1.486320755e+00 
1.073930564e+00 1.170765987e+00 1.215094340e+00 
1.056106634e+00 1.224174280e+00 1.381367925e+00 
1.337608493e+00 1.345045678e+00 1.596462264e+00 
1.338189709e+00 1.176387913e+00 1.334433962e+00 
1.063856169e+00 1.048489108e+00 1.076415094e+00 
1.073930564e+00 1.193956430e+00 1.369811321e+00 
1.378681029e+00 1.323260717e+00 1.489150943e+00 
1.232796032e+00 1.047083626e+00 1.215094340e+00 
1.063856169e+00 1.030920590e+00 1.000000000e+00 
1.088848419e+00 1.000000000e+00 1.000000000e+00 
1.163050217e+00 1.110330288e+00 1.226650943e+00 
1.007478301e+00 1.036542516e+00 1.000000000e+00 
1.007478301e+00 1.059732959e+00 1.154716981e+00 
1.088848419e+00 1.019676739e+00 1.116509434e+00 

1.539160725e+00 1.805340829e+00 1.923584906e+00 
1.363827495e+00 1.732958538e+00 1.880660377e+00 
1.911074086e+00 1.888264230e+00 2.000000000e+00 
1.355819901e+00 1.593815882e+00 1.792216981e+00 
1.434283943e+00 1.689388616e+00 1.908726415e+00 
1.404060756e+00 1.730147576e+00 1.908726415e+00 
1.075544792e+00 1.453267744e+00 1.562735849e+00 
1.033051767e+00 1.356289529e+00 1.369811321e+00 
1.360469622e+00 1.784258609e+00 1.908726415e+00 
1.370737756e+00 1.698524245e+00 1.880660377e+00 
1.097696063e+00 1.538299368e+00 1.672877358e+00 
1.351557657e+00 1.743499649e+00 1.880660377e+00 
1.081098884e+00 1.393534786e+00 1.562735849e+00 
1.049067731e+00 1.373858046e+00 1.446226415e+00 
1.124173125e+00 1.617709065e+00 1.789386792e+00 
1.313003720e+00 1.438510190e+00 1.712971698e+00 
1.129727216e+00 1.557976107e+00 1.789386792e+00 
1.112484501e+00 1.534785664e+00 1.634669811e+00 
1.097696063e+00 1.540407590e+00 1.712971698e+00 
1.122171420e+00 1.463106114e+00 1.596462264e+00 
1.023558586e+00 1.309205903e+00 1.192924528e+00 
1.378681029e+00 1.323260717e+00 1.489150943e+00 
1.445327030e+00 1.582572031e+00 1.832311321e+00 
1.290142591e+00 1.557273366e+00 1.715801887e+00 
1.201797892e+00 1.300070274e+00 1.446226415e+00 
1.622210167e+00 1.658468025e+00 1.923584906e+00 
1.427309361e+00 1.487702038e+00 1.715801887e+00 
1.023558586e+00 1.312719606e+00 1.231132075e+00 
1.554853534e+00 1.770203795e+00 1.923584906e+00 
1.144968227e+00 1.480674631e+00 1.672877358e+00 
1.236347644e+00 1.460295151e+00 1.712971698e+00 
1.081680099e+00 1.520730850e+00 1.596462264e+00 
1.443002170e+00 1.474349965e+00 1.715801887e+00 
1.652239616e+00 1.544624034e+00 1.768867925e+00 
1.366604929e+00 1.434996486e+00 1.605660377e+00 
1.266377092e+00 1.346451160e+00 1.558254717e+00 
1.646814941e+00 1.565003514e+00 1.807075472e+00 
1.093885617e+00 1.313422347e+00 1.446226415e+00 
1.202249690e+00 1.305692200e+00 1.486320755e+00 
1.396698698e+00 1.418130710e+00 1.605660377e+00 
1.117521699e+00 1.262825018e+00 1.408018868e+00 
1.072186919e+00 1.496837667e+00 1.574292453e+00 
1.323917390e+00 1.680252987e+00 1.832311321e+00 
1.337608493e+00 1.345045678e+00 1.596462264e+00 
1.313584935e+00 1.269852424e+00 1.450943396e+00 
1.375774954e+00 1.583274772e+00 1.832311321e+00 
1.400379727e+00 1.489810260e+00 1.715801887e+00 
1.561763794e+00 1.735769501e+00 1.923584906e+00 
1.248682579e+00 1.287420942e+00 1.486320755e+00 
1.297310911e+00 1.451862263e+00 1.712971698e+00 
1.184361438e+00 1.339423753e+00 1.497877358e+00 
1.027433354e+00 1.179198876e+00 1.231132075e+00 
1.385849349e+00 1.761770907e+00 1.908726415e+00 
1.199473032e+00 1.358397751e+00 1.596462264e+00 
1.343033168e+00 1.324666198e+00 1.558254717e+00 
1.049067731e+00 1.375966268e+00 1.486320755e+00 
1.076061686e+00 1.343640197e+00 1.457783019e+00 
1.072186919e+00 1.479269150e+00 1.497877358e+00 
1.023558586e+00 1.332396346e+00 1.347641509e+00 
1.023558586e+00 1.314827829e+00 1.271226415e+00 
1.073930564e+00 1.170765987e+00 1.215094340e+00 
1.140834625e+00 1.120871398e+00 1.215094340e+00 
1.056106634e+00 1.224174280e+00 1.381367925e+00 
1.338189709e+00 1.176387913e+00 1.334433962e+00 
1.140834625e+00 1.140548138e+00 1.331603774e+00 
1.063856169e+00 1.048489108e+00 1.076415094e+00 
1.063856169e+00 1.030920590e+00 1.000000000e+00 
1.232796032e+00 1.047083626e+00 1.215094340e+00 
1.088848419e+00 1.000000000e+00 1.000000000e+00 
1.163050217e+00 1.110330288e+00 1.226650943e+00 
1.073930564e+00 1.193956430e+00 1.369811321e+00 
1.042157471e+00 1.184820801e+00 1.271226415e+00 
1.007478301e+00 1.059732959e+00 1.154716981e+00 
1.007478301e+00 1.036542516e+00 1.000000000e+00 
1.367637942e+00 1.231201687e+00 1.441745283e+00 
1.088848419e+00 1.019676739e+00 1.116509434e+00 

1.197471327e+00 1.725931131e+00 1.804245283e+00 
1.691824241e+00 1.770203795e+00 1.923584906e+00 
1.124173125e+00 1.617709065e+00 1.789386792e+00 
1.427309361e+00 1.487702038e+00 1.715801887e+00 
1.370737756e+00 1.680955727e+00 1.804245283e+00 
1.578812771e+00 1.735769501e+00 1.880660377e+00 
1.097696063e+00 1.538299368e+00 1.672877358e+00 
1.531734346e+00 1.754040759e+00 1.908726415e+00 
1.313584935e+00 1.269852424e+00 1.450943396e+00 
1.076061686e+00 1.343640197e+00 1.457783019e+00 
1.646814941e+00 1.565003514e+00 1.807075472e+00 
1.097696063e+00 1.540407590e+00 1.712971698e+00 
1.838809671e+00 1.708362614e+00 1.923584906e+00 
1.375774954e+00 1.583274772e+00 1.832311321e+00 
1.441258524e+00 1.767392832e+00 1.880660377e+00 
1.338383447e+00 1.693605060e+00 1.832311321e+00 
1.445327030e+00 1.582572031e+00 1.832311321e+00 
1.763251705e+00 1.747013352e+00 1.923584906e+00 
1.081680099e+00 1.520730850e+00 1.596462264e+00 
1.129727216e+00 1.557976107e+00 1.789386792e+00 
1.033051767e+00 1.356289529e+00 1.369811321e+00 
1.093885617e+00 1.313422347e+00 1.446226415e+00 
1.072186919e+00 1.479269150e+00 1.497877358e+00 
1.290142591e+00 1.557273366e+00 1.715801887e+00 
1.378681029e+00 1.323260717e+00 1.489150943e+00 
1.072186919e+00 1.496837667e+00 1.574292453e+00 
1.202249690e+00 1.305692200e+00 1.486320755e+00 
1.400379727e+00 1.489810260e+00 1.715801887e+00 
1.144968227e+00 1.480674631e+00 1.672877358e+00 
1.199473032e+00 1.358397751e+00 1.596462264e+00 
1.313003720e+00 1.438510190e+00 1.712971698e+00 
1.075544792e+00 1.453267744e+00 1.562735849e+00 
1.236347644e+00 1.460295151e+00 1.712971698e+00 
1.027433354e+00 1.179198876e+00 1.231132075e+00 
1.073930564e+00 1.170765987e+00 1.215094340e+00 
1.073930564e+00 1.193956430e+00 1.369811321e+00 
1.443002170e+00 1.474349965e+00 1.715801887e+00 
1.023558586e+00 1.332396346e+00 1.347641509e+00 
1.248682579e+00 1.287420942e+00 1.486320755e+00 
1.042157471e+00 1.184820801e+00 1.271226415e+00 
1.023558586e+00 1.312719606e+00 1.231132075e+00 
1.023558586e+00 1.314827829e+00 1.271226415e+00 
1.396698698e+00 1.418130710e+00 1.605660377e+00 
1.023558586e+00 1.309205903e+00 1.192924528e+00 
1.049067731e+00 1.375966268e+00 1.486320755e+00 
1.049067731e+00 1.373858046e+00 1.446226415e+00 
1.338189709e+00 1.176387913e+00 1.334433962e+00 
1.337608493e+00 1.345045678e+00 1.596462264e+00 
1.266377092e+00 1.346451160e+00 1.558254717e+00 
1.297310911e+00 1.451862263e+00 1.712971698e+00 
1.117521699e+00 1.262825018e+00 1.408018868e+00 
1.201797892e+00 1.300070274e+00 1.446226415e+00 
1.081098884e+00 1.393534786e+00 1.562735849e+00 
1.184361438e+00 1.339423753e+00 1.497877358e+00 
1.343033168e+00 1.324666198e+00 1.558254717e+00 
1.367637942e+00 1.231201687e+00 1.441745283e+00 
1.056106634e+00 1.224174280e+00 1.381367925e+00 
1.140834625e+00 1.120871398e+00 1.215094340e+00 
1.007478301e+00 1.036542516e+00 1.000000000e+00 
1.140834625e+00 1.140548138e+00 1.331603774e+00 
1.063856169e+00 1.030920590e+00 1.000000000e+00 
1.063856169e+00 1.048489108e+00 1.076415094e+00 
1.088848419e+00 1.019676739e+00 1.116509434e+00 
1.088848419e+00 1.000000000e+00 1.000000000e+00 
1.163050217e+00 1.110330288e+00 1.226650943e+00 
1.232796032e+00 1.047083626e+00 1.215094340e+00 
1.007478301e+00 1.059732959e+00 1.154716981e+00 

1.351557657e+00 1.743499649e+00 1.880660377e+00 
1.112484501e+00 1.534785664e+00 1.634669811e+00 
1.486722722e+00 1.982431483e+00 1.923584906e+00 
1.404060756e+00 1.730147576e+00 1.908726415e+00 
1.370737756e+00 1.698524245e+00 1.880660377e+00 
1.434283943e+00 1.689388616e+00 1.908726415e+00 
1.375774954e+00 1.583274772e+00 1.832311321e+00 
1.370737756e+00 1.680955727e+00 1.804245283e+00 
1.707067576e+00 1.813773717e+00 1.923584906e+00 
1.197471327e+00 1.725931131e+00 1.804245283e+00 
1.650495970e+00 1.894588897e+00 2.000000000e+00 
1.518753875e+00 2.000000000e+00 2.000000000e+00 
1.360469622e+00 1.784258609e+00 1.908726415e+00 
1.904680719e+00 1.675333802e+00 1.845283019e+00 
1.768482641e+00 1.748418833e+00 1.923584906e+00 
1.129727216e+00 1.557976107e+00 1.789386792e+00 
1.427309361e+00 1.487702038e+00 1.715801887e+00 
1.097696063e+00 1.540407590e+00 1.712971698e+00 
1.144968227e+00 1.480674631e+00 1.672877358e+00 
1.097696063e+00 1.538299368e+00 1.672877358e+00 
1.764995350e+00 1.759662684e+00 1.923584906e+00 
1.072186919e+00 1.479269150e+00 1.497877358e+00 
1.122171420e+00 1.463106114e+00 1.596462264e+00 
1.266377092e+00 1.346451160e+00 1.558254717e+00 
1.072186919e+00 1.496837667e+00 1.574292453e+00 
1.081680099e+00 1.520730850e+00 1.596462264e+00 
1.445327030e+00 1.582572031e+00 1.832311321e+00 
1.652239616e+00 1.544624034e+00 1.768867925e+00 
1.573388097e+00 1.983134223e+00 2.000000000e+00 
1.202249690e+00 1.305692200e+00 1.486320755e+00 
1.378681029e+00 1.323260717e+00 1.489150943e+00 
1.567575945e+00 1.418130710e+00 1.605660377e+00 
1.822729386e+00 1.722417428e+00 1.923584906e+00 
2.000000000e+00 1.882642305e+00 2.000000000e+00 
1.076061686e+00 1.343640197e+00 1.457783019e+00 
1.023558586e+00 1.309205903e+00 1.192924528e+00 
1.338383447e+00 1.693605060e+00 1.832311321e+00 
1.023558586e+00 1.312719606e+00 1.231132075e+00 
1.081098884e+00 1.393534786e+00 1.562735849e+00 
1.049067731e+00 1.373858046e+00 1.446226415e+00 
1.075544792e+00 1.453267744e+00 1.562735849e+00 
1.290142591e+00 1.557273366e+00 1.715801887e+00 
1.734772164e+00 1.801124385e+00 1.923584906e+00 
1.343033168e+00 1.324666198e+00 1.558254717e+00 
1.201797892e+00 1.300070274e+00 1.446226415e+00 
1.236347644e+00 1.460295151e+00 1.712971698e+00 
1.313584935e+00 1.269852424e+00 1.450943396e+00 
1.049067731e+00 1.375966268e+00 1.486320755e+00 
1.248682579e+00 1.287420942e+00 1.486320755e+00 
1.117521699e+00 1.262825018e+00 1.408018868e+00 
1.124173125e+00 1.617709065e+00 1.789386792e+00 
1.033051767e+00 1.356289529e+00 1.369811321e+00 
1.313003720e+00 1.438510190e+00 1.712971698e+00 
1.140834625e+00 1.140548138e+00 1.331603774e+00 
1.297310911e+00 1.451862263e+00 1.712971698e+00 
1.338189709e+00 1.176387913e+00 1.334433962e+00 
1.027433354e+00 1.179198876e+00 1.231132075e+00 
1.093885617e+00 1.313422347e+00 1.446226415e+00 
1.023558586e+00 1.314827829e+00 1.271226415e+00 
1.056106634e+00 1.224174280e+00 1.381367925e+00 
1.140834625e+00 1.120871398e+00 1.215094340e+00 
1.367637942e+00 1.231201687e+00 1.441745283e+00 
1.337608493e+00 1.345045678e+00 1.596462264e+00 
1.400379727e+00 1.489810260e+00 1.715801887e+00 
1.073930564e+00 1.170765987e+00 1.215094340e+00 
1.073930564e+00 1.193956430e+00 1.369811321e+00 
1.184361438e+00 1.339423753e+00 1.497877358e+00 
1.088848419e+00 1.000000000e+00 1.000000000e+00 
1.163050217e+00 1.110330288e+00 1.226650943e+00 
1.199473032e+00 1.358397751e+00 1.596462264e+00 
1.042157471e+00 1.184820801e+00 1.271226415e+00 
1.007478301e+00 1.059732959e+00 1.154716981e+00 
1.007478301e+00 1.036542516e+00 1.000000000e+00 
1.063856169e+00 1.030920590e+00 1.000000000e+00 
1.023558586e+00 1.332396346e+00 1.347641509e+00 
1.232796032e+00 1.047083626e+00 1.215094340e+00 
1.063856169e+00 1.048489108e+00 1.076415094e+00 
1.088848419e+00 1.019676739e+00 1.116509434e+00 

1.763251705e+00 1.747013352e+00 1.923584906e+00 
1.532896776e+00 1.739985945e+00 1.880660377e+00 
1.197471327e+00 1.725931131e+00 1.804245283e+00 
1.370737756e+00 1.680955727e+00 1.804245283e+00 
1.445327030e+00 1.582572031e+00 1.832311321e+00 
1.691824241e+00 1.770203795e+00 1.923584906e+00 
1.049067731e+00 1.375966268e+00 1.486320755e+00 
1.328438469e+00 1.766690091e+00 1.832311321e+00 
1.399346714e+00 1.802529866e+00 1.908726415e+00 
1.355819901e+00 1.593815882e+00 1.792216981e+00 
1.371835865e+00 1.860154603e+00 1.908726415e+00 
1.375774954e+00 1.583274772e+00 1.832311321e+00 
1.081680099e+00 1.520730850e+00 1.596462264e+00 
1.652239616e+00 1.544624034e+00 1.768867925e+00 
1.471481711e+00 1.764581869e+00 1.908726415e+00 
1.351557657e+00 1.743499649e+00 1.880660377e+00 
1.443002170e+00 1.474349965e+00 1.715801887e+00 
1.112484501e+00 1.534785664e+00 1.634669811e+00 
1.313003720e+00 1.438510190e+00 1.712971698e+00 
1.081098884e+00 1.393534786e+00 1.562735849e+00 
1.396698698e+00 1.418130710e+00 1.605660377e+00 
1.427309361e+00 1.487702038e+00 1.715801887e+00 
1.097696063e+00 1.540407590e+00 1.712971698e+00 
1.822729386e+00 1.722417428e+00 1.923584906e+00 
1.979851209e+00 1.670414617e+00 1.845283019e+00 
1.338383447e+00 1.693605060e+00 1.832311321e+00 
1.049067731e+00 1.373858046e+00 1.446226415e+00 
1.236347644e+00 1.460295151e+00 1.712971698e+00 
1.072186919e+00 1.479269150e+00 1.497877358e+00 
1.129727216e+00 1.557976107e+00 1.789386792e+00 
1.144968227e+00 1.480674631e+00 1.672877358e+00 
1.023558586e+00 1.332396346e+00 1.347641509e+00 
1.122171420e+00 1.463106114e+00 1.596462264e+00 
1.023558586e+00 1.309205903e+00 1.192924528e+00 
1.297310911e+00 1.451862263e+00 1.712971698e+00 
1.532509299e+00 1.803232607e+00 1.923584906e+00 
1.124173125e+00 1.617709065e+00 1.789386792e+00 
1.023558586e+00 1.314827829e+00 1.271226415e+00 
1.097696063e+00 1.538299368e+00 1.672877358e+00 
1.023558586e+00 1.312719606e+00 1.231132075e+00 
1.117521699e+00 1.262825018e+00 1.408018868e+00 
1.290142591e+00 1.557273366e+00 1.715801887e+00 
1.033051767e+00 1.356289529e+00 1.369811321e+00 
1.202249690e+00 1.305692200e+00 1.486320755e+00 
1.072186919e+00 1.496837667e+00 1.574292453e+00 
1.184361438e+00 1.339423753e+00 1.497877358e+00 
1.140834625e+00 1.140548138e+00 1.331603774e+00 
1.366604929e+00 1.434996486e+00 1.605660377e+00 
1.266377092e+00 1.346451160e+00 1.558254717e+00 
1.093885617e+00 1.313422347e+00 1.446226415e+00 
1.201797892e+00 1.300070274e+00 1.446226415e+00 
1.248682579e+00 1.287420942e+00 1.486320755e+00 
1.073930564e+00 1.170765987e+00 1.215094340e+00 
1.199473032e+00 1.358397751e+00 1.596462264e+00 
1.073930564e+00 1.193956430e+00 1.369811321e+00 
1.378681029e+00 1.323260717e+00 1.489150943e+00 
1.646814941e+00 1.565003514e+00 1.807075472e+00 
1.140834625e+00 1.120871398e+00 1.215094340e+00 
1.076061686e+00 1.343640197e+00 1.457783019e+00 
1.337608493e+00 1.345045678e+00 1.596462264e+00 
1.343033168e+00 1.324666198e+00 1.558254717e+00 
1.599930254e+00 1.709065355e+00 1.908726415e+00 
1.313584935e+00 1.269852424e+00 1.450943396e+00 
1.042157471e+00 1.184820801e+00 1.271226415e+00 
1.163050217e+00 1.110330288e+00 1.226650943e+00 
1.027433354e+00 1.179198876e+00 1.231132075e+00 
1.338189709e+00 1.176387913e+00 1.334433962e+00 
1.088848419e+00 1.000000000e+00 1.000000000e+00 
1.063856169e+00 1.030920590e+00 1.000000000e+00 
1.232796032e+00 1.047083626e+00 1.215094340e+00 
1.056106634e+00 1.224174280e+00 1.381367925e+00 
1.007478301e+00 1.059732959e+00 1.154716981e+00 
1.088848419e+00 1.019676739e+00 1.116509434e+00 
1.063856169e+00 1.048489108e+00 1.076415094e+00 
1.367637942e+00 1.231201687e+00 1.441745283e+00 
1.007478301e+00 1.036542516e+00 1.000000000e+00 

1.652239616e+00 1.544624034e+00 1.768867925e+00 
1.400379727e+00 1.489810260e+00 1.715801887e+00 
1.445327030e+00 1.582572031e+00 1.832311321e+00 
1.363827495e+00 1.732958538e+00 1.880660377e+00 
1.734710167e+00 1.752635278e+00 1.923584906e+00 
1.838809671e+00 1.708362614e+00 1.923584906e+00 
1.236347644e+00 1.460295151e+00 1.712971698e+00 
1.712492250e+00 1.789880534e+00 1.923584906e+00 
1.370737756e+00 1.680955727e+00 1.804245283e+00 
1.662507750e+00 1.797610682e+00 1.923584906e+00 
1.197471327e+00 1.725931131e+00 1.804245283e+00 
1.202249690e+00 1.305692200e+00 1.486320755e+00 
1.075544792e+00 1.453267744e+00 1.562735849e+00 
1.023558586e+00 1.314827829e+00 1.271226415e+00 
1.375774954e+00 1.583274772e+00 1.832311321e+00 
1.396698698e+00 1.418130710e+00 1.605660377e+00 
1.117521699e+00 1.262825018e+00 1.408018868e+00 
1.124173125e+00 1.617709065e+00 1.789386792e+00 
1.434283943e+00 1.689388616e+00 1.908726415e+00 
1.023558586e+00 1.309205903e+00 1.192924528e+00 
1.313584935e+00 1.269852424e+00 1.450943396e+00 
1.397473652e+00 1.702740689e+00 1.908726415e+00 
1.378681029e+00 1.323260717e+00 1.489150943e+00 
1.144968227e+00 1.480674631e+00 1.672877358e+00 
1.112484501e+00 1.534785664e+00 1.634669811e+00 
1.427309361e+00 1.487702038e+00 1.715801887e+00 
1.343033168e+00 1.324666198e+00 1.558254717e+00 
1.201797892e+00 1.300070274e+00 1.446226415e+00 
1.313003720e+00 1.438510190e+00 1.712971698e+00 
1.023558586e+00 1.332396346e+00 1.347641509e+00 
1.360469622e+00 1.784258609e+00 1.908726415e+00 
1.049067731e+00 1.375966268e+00 1.486320755e+00 
1.049067731e+00 1.373858046e+00 1.446226415e+00 
1.081680099e+00 1.520730850e+00 1.596462264e+00 
1.042157471e+00 1.184820801e+00 1.271226415e+00 
1.081098884e+00 1.393534786e+00 1.562735849e+00 
1.443002170e+00 1.474349965e+00 1.715801887e+00 
1.351557657e+00 1.743499649e+00 1.880660377e+00 
1.033051767e+00 1.356289529e+00 1.369811321e+00 
1.199473032e+00 1.358397751e+00 1.596462264e+00 
1.248682579e+00 1.287420942e+00 1.486320755e+00 
1.023558586e+00 1.312719606e+00 1.231132075e+00 
1.370737756e+00 1.698524245e+00 1.880660377e+00 
1.129727216e+00 1.557976107e+00 1.789386792e+00 
1.122171420e+00 1.463106114e+00 1.596462264e+00 
1.072186919e+00 1.496837667e+00 1.574292453e+00 
1.297310911e+00 1.451862263e+00 1.712971698e+00 
1.266377092e+00 1.346451160e+00 1.558254717e+00 
1.097696063e+00 1.540407590e+00 1.712971698e+00 
1.056106634e+00 1.224174280e+00 1.381367925e+00 
1.097696063e+00 1.538299368e+00 1.672877358e+00 
1.076061686e+00 1.343640197e+00 1.457783019e+00 
1.184361438e+00 1.339423753e+00 1.497877358e+00 
1.140834625e+00 1.120871398e+00 1.215094340e+00 
1.072186919e+00 1.479269150e+00 1.497877358e+00 
1.338189709e+00 1.176387913e+00 1.334433962e+00 
1.337608493e+00 1.345045678e+00 1.596462264e+00 
1.073930564e+00 1.170765987e+00 1.215094340e+00 
1.367637942e+00 1.231201687e+00 1.441745283e+00 
1.232796032e+00 1.047083626e+00 1.215094340e+00 
1.088848419e+00 1.019676739e+00 1.116509434e+00 
1.073930564e+00 1.193956430e+00 1.369811321e+00 
1.163050217e+00 1.110330288e+00 1.226650943e+00 
1.093885617e+00 1.313422347e+00 1.446226415e+00 
1.140834625e+00 1.140548138e+00 1.331603774e+00 
1.063856169e+00 1.030920590e+00 1.000000000e+00 
1.088848419e+00 1.000000000e+00 1.000000000e+00 
1.007478301e+00 1.059732959e+00 1.154716981e+00 
1.063856169e+00 1.048489108e+00 1.076415094e+00 
1.027433354e+00 1.179198876e+00 1.231132075e+00 
1.007478301e+00 1.036542516e+00 1.000000000e+00 

1.443002170e+00 1.474349965e+00 1.715801887e+00 
1.480845474e+00 1.919184821e+00 1.923584906e+00 
1.350718382e+00 1.676036543e+00 1.804245283e+00 
1.224723342e+00 1.715390021e+00 1.804245283e+00 
1.363827495e+00 1.732958538e+00 1.880660377e+00 
1.360469622e+00 1.784258609e+00 1.908726415e+00 
1.561763794e+00 1.735769501e+00 1.923584906e+00 
1.346003565e+00 1.803232607e+00 1.880660377e+00 
1.404060756e+00 1.730147576e+00 1.908726415e+00 
1.370737756e+00 1.698524245e+00 1.880660377e+00 
1.351557657e+00 1.743499649e+00 1.880660377e+00 
1.112484501e+00 1.534785664e+00 1.634669811e+00 
1.385849349e+00 1.761770907e+00 1.908726415e+00 
1.400379727e+00 1.489810260e+00 1.715801887e+00 
1.124173125e+00 1.617709065e+00 1.789386792e+00 
1.539160725e+00 1.805340829e+00 1.923584906e+00 
1.591018289e+00 1.708362614e+00 1.923584906e+00 
1.434283943e+00 1.689388616e+00 1.908726415e+00 
1.122171420e+00 1.463106114e+00 1.596462264e+00 
1.586562306e+00 1.926914968e+00 2.000000000e+00 
1.097696063e+00 1.538299368e+00 1.672877358e+00 
1.375774954e+00 1.583274772e+00 1.832311321e+00 
1.197471327e+00 1.725931131e+00 1.804245283e+00 
1.072186919e+00 1.496837667e+00 1.574292453e+00 
1.581008215e+00 1.986647927e+00 2.000000000e+00 
1.072186919e+00 1.479269150e+00 1.497877358e+00 
1.687306262e+00 1.825017569e+00 2.000000000e+00 
1.097696063e+00 1.540407590e+00 1.712971698e+00 
1.382749535e+00 1.693605060e+00 1.880660377e+00 
1.635448698e+00 1.921995784e+00 2.000000000e+00 
1.236347644e+00 1.460295151e+00 1.712971698e+00 
1.313003720e+00 1.438510190e+00 1.712971698e+00 
1.129727216e+00 1.557976107e+00 1.789386792e+00 
1.445327030e+00 1.582572031e+00 1.832311321e+00 
1.081680099e+00 1.520730850e+00 1.596462264e+00 
1.049067731e+00 1.373858046e+00 1.446226415e+00 
1.049067731e+00 1.375966268e+00 1.486320755e+00 
1.093885617e+00 1.313422347e+00 1.446226415e+00 
1.199473032e+00 1.358397751e+00 1.596462264e+00 
1.033051767e+00 1.356289529e+00 1.369811321e+00 
1.023558586e+00 1.309205903e+00 1.192924528e+00 
1.297310911e+00 1.451862263e+00 1.712971698e+00 
1.788631432e+00 1.669009136e+00 1.883490566e+00 
1.023558586e+00 1.314827829e+00 1.271226415e+00 
1.144968227e+00 1.480674631e+00 1.672877358e+00 
1.343033168e+00 1.324666198e+00 1.558254717e+00 
1.427309361e+00 1.487702038e+00 1.715801887e+00 
1.323917390e+00 1.680252987e+00 1.832311321e+00 
1.396698698e+00 1.418130710e+00 1.605660377e+00 
1.378681029e+00 1.323260717e+00 1.489150943e+00 
1.202249690e+00 1.305692200e+00 1.486320755e+00 
1.023558586e+00 1.332396346e+00 1.347641509e+00 
1.081098884e+00 1.393534786e+00 1.562735849e+00 
1.117521699e+00 1.262825018e+00 1.408018868e+00 
1.337608493e+00 1.345045678e+00 1.596462264e+00 
1.023558586e+00 1.312719606e+00 1.231132075e+00 
1.076061686e+00 1.343640197e+00 1.457783019e+00 
1.248682579e+00 1.287420942e+00 1.486320755e+00 
1.073930564e+00 1.193956430e+00 1.369811321e+00 
1.075544792e+00 1.453267744e+00 1.562735849e+00 
1.073930564e+00 1.170765987e+00 1.215094340e+00 
1.313584935e+00 1.269852424e+00 1.450943396e+00 
1.201797892e+00 1.300070274e+00 1.446226415e+00 
1.338189709e+00 1.176387913e+00 1.334433962e+00 
1.027433354e+00 1.179198876e+00 1.231132075e+00 
1.056106634e+00 1.224174280e+00 1.381367925e+00 
1.266377092e+00 1.346451160e+00 1.558254717e+00 
1.140834625e+00 1.140548138e+00 1.331603774e+00 
1.184361438e+00 1.339423753e+00 1.497877358e+00 
1.367637942e+00 1.231201687e+00 1.441745283e+00 
1.088848419e+00 1.000000000e+00 1.000000000e+00 
1.007478301e+00 1.036542516e+00 1.000000000e+00 
1.042157471e+00 1.184820801e+00 1.271226415e+00 
1.140834625e+00 1.120871398e+00 1.215094340e+00 
1.007478301e+00 1.059732959e+00 1.154716981e+00 
1.063856169e+00 1.048489108e+00 1.076415094e+00 
1.163050217e+00 1.110330288e+00 1.226650943e+00 
1.088848419e+00 1.019676739e+00 1.116509434e+00 
1.232796032e+00 1.047083626e+00 1.215094340e+00 
1.063856169e+00 1.030920590e+00 1.000000000e+00 

1.075544792e+00 1.453267744e+00 1.562735849e+00 
1.455401426e+00 1.761068166e+00 1.908726415e+00 
1.400379727e+00 1.489810260e+00 1.715801887e+00 
1.328438469e+00 1.766690091e+00 1.832311321e+00 
1.097696063e+00 1.538299368e+00 1.672877358e+00 
1.743684129e+00 1.868587491e+00 1.923584906e+00 
1.368994110e+00 1.780744905e+00 1.880660377e+00 
1.351105859e+00 1.666198173e+00 1.792216981e+00 
1.627441104e+00 1.713984540e+00 1.908726415e+00 
1.049067731e+00 1.373858046e+00 1.446226415e+00 
1.033051767e+00 1.356289529e+00 1.369811321e+00 
1.443002170e+00 1.474349965e+00 1.715801887e+00 
1.366604929e+00 1.434996486e+00 1.605660377e+00 
1.378681029e+00 1.323260717e+00 1.489150943e+00 
1.117521699e+00 1.262825018e+00 1.408018868e+00 
1.370737756e+00 1.680955727e+00 1.804245283e+00 
1.197471327e+00 1.725931131e+00 1.804245283e+00 
1.375774954e+00 1.583274772e+00 1.832311321e+00 
1.112484501e+00 1.534785664e+00 1.634669811e+00 
1.360469622e+00 1.784258609e+00 1.908726415e+00 
1.441258524e+00 1.767392832e+00 1.880660377e+00 
1.097696063e+00 1.540407590e+00 1.712971698e+00 
1.313003720e+00 1.438510190e+00 1.712971698e+00 
1.445327030e+00 1.582572031e+00 1.832311321e+00 
1.023558586e+00 1.312719606e+00 1.231132075e+00 
1.762283013e+00 1.766690091e+00 1.923584906e+00 
1.049067731e+00 1.375966268e+00 1.486320755e+00 
1.646814941e+00 1.565003514e+00 1.807075472e+00 
1.144968227e+00 1.480674631e+00 1.672877358e+00 
1.023558586e+00 1.309205903e+00 1.192924528e+00 
1.129727216e+00 1.557976107e+00 1.789386792e+00 
1.675036423e+00 1.898805341e+00 1.923584906e+00 
1.236347644e+00 1.460295151e+00 1.712971698e+00 
1.201797892e+00 1.300070274e+00 1.446226415e+00 
1.072186919e+00 1.479269150e+00 1.497877358e+00 
1.266377092e+00 1.346451160e+00 1.558254717e+00 
1.081680099e+00 1.520730850e+00 1.596462264e+00 
1.023558586e+00 1.314827829e+00 1.271226415e+00 
1.355819901e+00 1.593815882e+00 1.792216981e+00 
1.122171420e+00 1.463106114e+00 1.596462264e+00 
1.124173125e+00 1.617709065e+00 1.789386792e+00 
1.072186919e+00 1.496837667e+00 1.574292453e+00 
1.202249690e+00 1.305692200e+00 1.486320755e+00 
1.093885617e+00 1.313422347e+00 1.446226415e+00 
1.076061686e+00 1.343640197e+00 1.457783019e+00 
1.337608493e+00 1.345045678e+00 1.596462264e+00 
1.338383447e+00 1.693605060e+00 1.832311321e+00 
1.081098884e+00 1.393534786e+00 1.562735849e+00 
1.290142591e+00 1.557273366e+00 1.715801887e+00 
1.297310911e+00 1.451862263e+00 1.712971698e+00 
1.023558586e+00 1.332396346e+00 1.347641509e+00 
1.056106634e+00 1.224174280e+00 1.381367925e+00 
1.248682579e+00 1.287420942e+00 1.486320755e+00 
1.343033168e+00 1.324666198e+00 1.558254717e+00 
1.027433354e+00 1.179198876e+00 1.231132075e+00 
1.140834625e+00 1.140548138e+00 1.331603774e+00 
1.367637942e+00 1.231201687e+00 1.441745283e+00 
1.073930564e+00 1.170765987e+00 1.215094340e+00 
1.073930564e+00 1.193956430e+00 1.369811321e+00 
1.313584935e+00 1.269852424e+00 1.450943396e+00 
1.140834625e+00 1.120871398e+00 1.215094340e+00 
1.338189709e+00 1.176387913e+00 1.334433962e+00 
1.184361438e+00 1.339423753e+00 1.497877358e+00 
1.088848419e+00 1.000000000e+00 1.000000000e+00 
1.232796032e+00 1.047083626e+00 1.215094340e+00 
1.163050217e+00 1.110330288e+00 1.226650943e+00 
1.199473032e+00 1.358397751e+00 1.596462264e+00 
1.042157471e+00 1.184820801e+00 1.271226415e+00 
1.063856169e+00 1.030920590e+00 1.000000000e+00 
1.063856169e+00 1.048489108e+00 1.076415094e+00 
1.007478301e+00 1.036542516e+00 1.000000000e+00 
1.007478301e+00 1.059732959e+00 1.154716981e+00 
1.088848419e+00 1.019676739e+00 1.116509434e+00 

1.434283943e+00 1.689388616e+00 1.908726415e+00 
1.382426379e+00 1.786366831e+00 1.908726415e+00 
1.144968227e+00 1.480674631e+00 1.672877358e+00 
1.112484501e+00 1.534785664e+00 1.634669811e+00 
1.097696063e+00 1.538299368e+00 1.672877358e+00 
1.351557657e+00 1.743499649e+00 1.880660377e+00 
1.506548357e+00 1.914968377e+00 1.923584906e+00 
1.534059206e+00 1.857343640e+00 1.923584906e+00 
1.385849349e+00 1.761770907e+00 1.908726415e+00 
1.124173125e+00 1.617709065e+00 1.789386792e+00 
1.813042467e+00 1.777933942e+00 2.000000000e+00 
1.197471327e+00 1.725931131e+00 1.804245283e+00 
1.072186919e+00 1.479269150e+00 1.497877358e+00 
1.097696063e+00 1.540407590e+00 1.712971698e+00 
1.072186919e+00 1.496837667e+00 1.574292453e+00 
1.350718382e+00 1.676036543e+00 1.804245283e+00 
1.129727216e+00 1.557976107e+00 1.789386792e+00 
1.081680099e+00 1.520730850e+00 1.596462264e+00 
1.652239616e+00 1.687280394e+00 1.883490566e+00 
1.375774954e+00 1.583274772e+00 1.832311321e+00 
1.570352604e+00 1.755446240e+00 1.923584906e+00 
1.554853534e+00 1.770203795e+00 1.923584906e+00 
1.297310911e+00 1.451862263e+00 1.712971698e+00 
1.313003720e+00 1.438510190e+00 1.712971698e+00 
1.117521699e+00 1.262825018e+00 1.408018868e+00 
1.400379727e+00 1.489810260e+00 1.715801887e+00 
1.380295257e+00 1.821503865e+00 1.908726415e+00 
1.793087415e+00 1.658468025e+00 1.923584906e+00 
1.780494420e+00 1.723120169e+00 1.923584906e+00 
1.049067731e+00 1.373858046e+00 1.446226415e+00 
1.693118413e+00 1.582572031e+00 1.832311321e+00 
1.266377092e+00 1.346451160e+00 1.558254717e+00 
1.323917390e+00 1.680252987e+00 1.832311321e+00 
1.732641042e+00 1.735769501e+00 1.923584906e+00 
1.033051767e+00 1.356289529e+00 1.369811321e+00 
1.049067731e+00 1.375966268e+00 1.486320755e+00 
1.076061686e+00 1.343640197e+00 1.457783019e+00 
1.023558586e+00 1.314827829e+00 1.271226415e+00 
1.337608493e+00 1.345045678e+00 1.596462264e+00 
1.903905766e+00 1.648629656e+00 1.845283019e+00 
1.443002170e+00 1.474349965e+00 1.715801887e+00 
1.567575945e+00 1.418130710e+00 1.605660377e+00 
1.023558586e+00 1.312719606e+00 1.231132075e+00 
1.378681029e+00 1.323260717e+00 1.489150943e+00 
1.075544792e+00 1.453267744e+00 1.562735849e+00 
1.184361438e+00 1.339423753e+00 1.497877358e+00 
1.248682579e+00 1.287420942e+00 1.486320755e+00 
1.236347644e+00 1.460295151e+00 1.712971698e+00 
1.081098884e+00 1.393534786e+00 1.562735849e+00 
1.343033168e+00 1.324666198e+00 1.558254717e+00 
1.023558586e+00 1.332396346e+00 1.347641509e+00 
1.199473032e+00 1.358397751e+00 1.596462264e+00 
1.762089275e+00 1.544624034e+00 1.768867925e+00 
1.093885617e+00 1.313422347e+00 1.446226415e+00 
1.202249690e+00 1.305692200e+00 1.486320755e+00 
1.588047892e+00 1.888264230e+00 2.000000000e+00 
1.313584935e+00 1.269852424e+00 1.450943396e+00 
1.201797892e+00 1.300070274e+00 1.446226415e+00 
1.140834625e+00 1.120871398e+00 1.215094340e+00 
1.338189709e+00 1.176387913e+00 1.334433962e+00 
1.140834625e+00 1.140548138e+00 1.331603774e+00 
1.073930564e+00 1.193956430e+00 1.369811321e+00 
1.056106634e+00 1.224174280e+00 1.381367925e+00 
1.007478301e+00 1.059732959e+00 1.154716981e+00 
1.073930564e+00 1.170765987e+00 1.215094340e+00 
1.366604929e+00 1.434996486e+00 1.605660377e+00 
1.023558586e+00 1.309205903e+00 1.192924528e+00 
1.042157471e+00 1.184820801e+00 1.271226415e+00 
1.163050217e+00 1.110330288e+00 1.226650943e+00 
1.367637942e+00 1.231201687e+00 1.441745283e+00 
1.027433354e+00 1.179198876e+00 1.231132075e+00 
1.088848419e+00 1.000000000e+00 1.000000000e+00 
1.007478301e+00 1.036542516e+00 1.000000000e+00 
1.063856169e+00 1.030920590e+00 1.000000000e+00 
1.088848419e+00 1.019676739e+00 1.116509434e+00 
1.063856169e+00 1.048489108e+00 1.076415094e+00 
1.232796032e+00 1.047083626e+00 1.215094340e+00 

1.075544792e+00 1.453267744e+00 1.562735849e+00 
1.223948388e+00 1.785664090e+00 1.804245283e+00 
1.591018289e+00 1.708362614e+00 1.923584906e+00 
1.081098884e+00 1.393534786e+00 1.562735849e+00 
1.443002170e+00 1.474349965e+00 1.715801887e+00 
1.512618568e+00 1.848208011e+00 2.000000000e+00 
1.589080905e+00 1.657765285e+00 1.883490566e+00 
1.564476131e+00 1.751229796e+00 2.000000000e+00 
1.224723342e+00 1.715390021e+00 1.804245283e+00 
1.396698698e+00 1.418130710e+00 1.605660377e+00 
1.363827495e+00 1.732958538e+00 1.880660377e+00 
1.370737756e+00 1.698524245e+00 1.880660377e+00 
1.360469622e+00 1.784258609e+00 1.908726415e+00 
1.510487446e+00 1.883345046e+00 2.000000000e+00 
1.404060756e+00 1.730147576e+00 1.908726415e+00 
1.351557657e+00 1.743499649e+00 1.880660377e+00 
1.554853534e+00 1.770203795e+00 1.923584906e+00 
1.378681029e+00 1.323260717e+00 1.489150943e+00 
1.366604929e+00 1.434996486e+00 1.605660377e+00 
1.097696063e+00 1.540407590e+00 1.712971698e+00 
1.385849349e+00 1.761770907e+00 1.908726415e+00 
1.202249690e+00 1.305692200e+00 1.486320755e+00 
1.033051767e+00 1.356289529e+00 1.369811321e+00 
1.561763794e+00 1.735769501e+00 1.923584906e+00 
1.124173125e+00 1.617709065e+00 1.789386792e+00 
1.434283943e+00 1.689388616e+00 1.908726415e+00 
1.622210167e+00 1.658468025e+00 1.923584906e+00 
1.097696063e+00 1.538299368e+00 1.672877358e+00 
1.351105859e+00 1.666198173e+00 1.792216981e+00 
1.323917390e+00 1.680252987e+00 1.832311321e+00 
1.112484501e+00 1.534785664e+00 1.634669811e+00 
1.375774954e+00 1.583274772e+00 1.832311321e+00 
1.072186919e+00 1.479269150e+00 1.497877358e+00 
1.023558586e+00 1.332396346e+00 1.347641509e+00 
1.072186919e+00 1.496837667e+00 1.574292453e+00 
1.236347644e+00 1.460295151e+00 1.712971698e+00 
1.427309361e+00 1.487702038e+00 1.715801887e+00 
1.400379727e+00 1.489810260e+00 1.715801887e+00 
1.184361438e+00 1.339423753e+00 1.497877358e+00 
1.313003720e+00 1.438510190e+00 1.712971698e+00 
1.201797892e+00 1.300070274e+00 1.446226415e+00 
1.337608493e+00 1.345045678e+00 1.596462264e+00 
1.122171420e+00 1.463106114e+00 1.596462264e+00 
1.445327030e+00 1.582572031e+00 1.832311321e+00 
1.129727216e+00 1.557976107e+00 1.789386792e+00 
1.323465592e+00 1.262825018e+00 1.408018868e+00 
1.023558586e+00 1.309205903e+00 1.192924528e+00 
1.042157471e+00 1.184820801e+00 1.271226415e+00 
1.343033168e+00 1.324666198e+00 1.558254717e+00 
1.199473032e+00 1.358397751e+00 1.596462264e+00 
1.081680099e+00 1.520730850e+00 1.596462264e+00 
1.023558586e+00 1.314827829e+00 1.271226415e+00 
1.023558586e+00 1.312719606e+00 1.231132075e+00 
1.248682579e+00 1.287420942e+00 1.486320755e+00 
1.049067731e+00 1.375966268e+00 1.486320755e+00 
1.144968227e+00 1.480674631e+00 1.672877358e+00 
1.073930564e+00 1.193956430e+00 1.369811321e+00 
1.049067731e+00 1.373858046e+00 1.446226415e+00 
1.297310911e+00 1.451862263e+00 1.712971698e+00 
1.093885617e+00 1.313422347e+00 1.446226415e+00 
1.313584935e+00 1.269852424e+00 1.450943396e+00 
1.140834625e+00 1.120871398e+00 1.215094340e+00 
1.367637942e+00 1.231201687e+00 1.441745283e+00 
1.076061686e+00 1.343640197e+00 1.457783019e+00 
1.073930564e+00 1.170765987e+00 1.215094340e+00 
1.056106634e+00 1.224174280e+00 1.381367925e+00 
1.266377092e+00 1.346451160e+00 1.558254717e+00 
1.140834625e+00 1.140548138e+00 1.331603774e+00 
1.007478301e+00 1.036542516e+00 1.000000000e+00 
1.007478301e+00 1.059732959e+00 1.154716981e+00 
1.063856169e+00 1.030920590e+00 1.000000000e+00 
1.088848419e+00 1.019676739e+00 1.116509434e+00 
1.338189709e+00 1.176387913e+00 1.334433962e+00 
1.027433354e+00 1.179198876e+00 1.231132075e+00 
1.088848419e+00 1.000000000e+00 1.000000000e+00 
1.232796032e+00 1.047083626e+00 1.215094340e+00 
1.163050217e+00 1.110330288e+00 1.226650943e+00 
1.063856169e+00 1.048489108e+00 1.076415094e+00 
