1.601211073e+00 1.505360972e+00 1.639461506e+00 
1.343425606e+00 1.649749821e+00 1.754943206e+00 
1.355536332e+00 1.553967119e+00 1.630206142e+00 
1.286909170e+00 1.583988563e+00 1.687210770e+00 
1.221165225e+00 1.438884918e+00 1.562473706e+00 
1.720588235e+00 1.838456040e+00 1.902608330e+00 
1.376297578e+00 1.581129378e+00 1.679638199e+00 
1.171568339e+00 1.646890636e+00 1.737484224e+00 
1.255767301e+00 1.428877770e+00 1.579932688e+00 
1.433967993e+00 1.790564689e+00 1.852334876e+00 
1.111014706e+00 1.498213009e+00 1.580563736e+00 
1.482698962e+00 1.613295211e+00 1.754943206e+00 
1.229815744e+00 1.809149392e+00 1.754943206e+00 
1.533737024e+00 1.578984989e+00 1.777660917e+00 
1.344002595e+00 1.602573267e+00 1.737484224e+00 
1.660899654e+00 1.748391708e+00 1.875052587e+00 
1.100634083e+00 1.494639028e+00 1.563104754e+00 
1.355536332e+00 1.416011437e+00 1.562263357e+00 
1.487312284e+00 1.569692638e+00 1.754943206e+00 
1.506920415e+00 1.511794139e+00 1.639461506e+00 
1.292387543e+00 1.730521801e+00 1.777660917e+00 
1.097462803e+00 1.406719085e+00 1.420067312e+00 
1.476931661e+00 1.566118656e+00 1.737484224e+00 
1.650519031e+00 1.760543245e+00 1.852334876e+00 
1.412629758e+00 1.544674768e+00 1.656920488e+00 
1.659746540e+00 1.788420300e+00 1.901977282e+00 
1.361159170e+00 1.483917084e+00 1.630206142e+00 
1.249134948e+00 1.493924232e+00 1.612536811e+00 
1.164647924e+00 1.452466047e+00 1.563104754e+00 
1.289792388e+00 1.455325232e+00 1.585191418e+00 
1.456459343e+00 1.699785561e+00 1.834875894e+00 
1.489619377e+00 1.447462473e+00 1.630206142e+00 
1.077566609e+00 1.450321658e+00 1.491796382e+00 
1.737889273e+00 1.778413152e+00 1.902608330e+00 
1.402249135e+00 1.641172266e+00 1.754943206e+00 
1.526816609e+00 1.532523231e+00 1.679638199e+00 
1.237601211e+00 1.431022159e+00 1.562263357e+00 
1.782006920e+00 1.641172266e+00 1.804585612e+00 
2.000000000e+00 1.698355969e+00 1.825620530e+00 
1.732698962e+00 1.546819157e+00 1.700673117e+00 
1.500865052e+00 1.442458899e+00 1.603281447e+00 
1.492214533e+00 1.423874196e+00 1.562473706e+00 
1.085063149e+00 1.529664046e+00 1.589819100e+00 
1.082467993e+00 1.546104360e+00 1.563104754e+00 
1.294117647e+00 1.496783417e+00 1.629995793e+00 
1.389850346e+00 1.549678342e+00 1.710138830e+00 
1.097462803e+00 1.434596140e+00 1.545014724e+00 
1.319204152e+00 1.458184417e+00 1.612536811e+00 
1.775086505e+00 1.551822731e+00 1.727597812e+00 
1.656574394e+00 1.646890636e+00 1.804585612e+00 
1.344290657e+00 1.457469621e+00 1.612536811e+00 
1.342560554e+00 1.333095068e+00 1.505258729e+00 
1.274942042e+00 1.593280915e+00 1.728228860e+00 
1.615051903e+00 1.859185132e+00 1.901977282e+00 
1.601211073e+00 1.945675482e+00 1.901977282e+00 
1.314878893e+00 1.454610436e+00 1.585191418e+00 
1.201989619e+00 1.319513939e+00 1.465082036e+00 
1.760380623e+00 1.722659042e+00 1.902608330e+00 
1.057093426e+00 1.308077198e+00 1.320361801e+00 
1.368800173e+00 1.551107934e+00 1.659865377e+00 
1.137831315e+00 1.597569693e+00 1.687210770e+00 
1.448096886e+00 1.427448177e+00 1.579932688e+00 
1.250000000e+00 1.365260901e+00 1.482541018e+00 
1.309256055e+00 1.751250893e+00 1.834875894e+00 
1.379469723e+00 1.584703360e+00 1.709928481e+00 
1.111014706e+00 1.343817012e+00 1.415439630e+00 
1.416089965e+00 1.428877770e+00 1.589819100e+00 
1.096597751e+00 1.264474625e+00 1.414808582e+00 
1.434256055e+00 1.450321658e+00 1.602650400e+00 
1.120242215e+00 1.383130808e+00 1.455616323e+00 
1.141580450e+00 1.408148678e+00 1.491796382e+00 
1.225778547e+00 1.417441029e+00 1.514514093e+00 
1.135813149e+00 1.350964975e+00 1.438157341e+00 
1.474336505e+00 1.635453896e+00 1.754943206e+00 
1.504325260e+00 1.684060043e+00 1.777660917e+00 
1.177335640e+00 1.304503217e+00 1.464871687e+00 
1.126297578e+00 1.404574696e+00 1.464450989e+00 
1.295847751e+00 1.352394568e+00 1.491796382e+00 
1.175605536e+00 1.538241601e+00 1.612536811e+00 
1.236159170e+00 1.388134382e+00 1.505258729e+00 
1.404267301e+00 1.700500357e+00 1.777660917e+00 
1.455017301e+00 1.516797713e+00 1.656920488e+00 
1.138408304e+00 1.334524660e+00 1.464871687e+00 
1.312283737e+00 1.422444603e+00 1.531973075e+00 
1.337370242e+00 1.411007863e+00 1.514514093e+00 
1.047000865e+00 1.385989993e+00 1.415439630e+00 
1.197231834e+00 1.388849178e+00 1.482541018e+00 
1.077566609e+00 1.443173695e+00 1.464871687e+00 
1.105536332e+00 1.426018585e+00 1.512831300e+00 
1.386245675e+00 1.518942102e+00 1.639461506e+00 
1.528114187e+00 1.683345247e+00 1.804585612e+00 
1.184833045e+00 1.185132237e+00 1.289861170e+00 
1.277681661e+00 1.583273767e+00 1.639461506e+00 
1.102941176e+00 1.250893495e+00 1.357593605e+00 
1.038062284e+00 1.159399571e+00 1.174379470e+00 
1.170415225e+00 1.258041458e+00 1.366848969e+00 
1.031429931e+00 1.189421015e+00 1.222970130e+00 
1.038062284e+00 1.224446033e+00 1.317416912e+00 
1.197231834e+00 1.218012866e+00 1.340134623e+00 
1.254325260e+00 1.169406719e+00 1.222339083e+00 
1.226643599e+00 1.457469621e+00 1.589819100e+00 
1.079584775e+00 1.170121515e+00 1.192469499e+00 
1.038062284e+00 1.180128663e+00 1.272402188e+00 
1.061995675e+00 1.274481773e+00 1.397349600e+00 
1.022491349e+00 1.027877055e+00 1.124947413e+00 
1.055363322e+00 1.356683345e+00 1.415439630e+00 
1.167820069e+00 1.215153681e+00 1.312789230e+00 
1.079584775e+00 1.190850608e+00 1.290492217e+00 
1.000000000e+00 1.015725518e+00 1.000000000e+00 
1.035467128e+00 1.196568978e+00 1.245687842e+00 
1.124567474e+00 1.058613295e+00 1.192469499e+00 
1.022491349e+00 1.000000000e+00 1.000000000e+00 
1.034602076e+00 1.077912795e+00 1.165124106e+00 
1.000000000e+00 1.036454610e+00 1.098022718e+00 
1.107266436e+00 1.133666905e+00 1.174379470e+00 
1.022491349e+00 1.100071480e+00 1.147665124e+00 

1.217416090e+00 1.686919228e+00 1.728228860e+00 
1.715397924e+00 1.442458899e+00 1.603281447e+00 
1.533737024e+00 1.578984989e+00 1.777660917e+00 
1.596885813e+00 1.552537527e+00 1.737484224e+00 
1.299307958e+00 1.503931380e+00 1.629995793e+00 
1.510957612e+00 1.723373838e+00 1.852334876e+00 
1.319204152e+00 1.458184417e+00 1.612536811e+00 
1.660899654e+00 1.748391708e+00 1.875052587e+00 
1.403979239e+00 1.917083631e+00 1.852334876e+00 
1.487312284e+00 1.569692638e+00 1.754943206e+00 
1.130910900e+00 1.461758399e+00 1.535759361e+00 
1.273068339e+00 1.561115082e+00 1.677955406e+00 
1.920415225e+00 1.673338099e+00 1.804585612e+00 
1.335640138e+00 1.498927806e+00 1.629995793e+00 
1.464244810e+00 1.562544675e+00 1.710138830e+00 
1.427335640e+00 1.634024303e+00 1.777660917e+00 
1.077566609e+00 1.450321658e+00 1.491796382e+00 
1.459342561e+00 1.422444603e+00 1.553007993e+00 
1.583044983e+00 1.764832023e+00 1.902608330e+00 
1.570069204e+00 1.416011437e+00 1.562263357e+00 
1.429065744e+00 1.752680486e+00 1.852334876e+00 
1.141580450e+00 1.428877770e+00 1.589819100e+00 
1.307670415e+00 1.423874196e+00 1.562473706e+00 
1.732698962e+00 1.546819157e+00 1.700673117e+00 
1.138696367e+00 1.610436026e+00 1.612536811e+00 
1.510668685e+00 1.837026447e+00 1.902608330e+00 
1.322664360e+00 1.834167262e+00 1.825620530e+00 
1.644463668e+00 1.759113653e+00 1.902608330e+00 
1.143598616e+00 1.569692638e+00 1.687210770e+00 
1.393310554e+00 1.556826305e+00 1.660496424e+00 
1.373702422e+00 1.670478914e+00 1.754943206e+00 
1.072664360e+00 1.504646176e+00 1.512831300e+00 
1.462802768e+00 1.505360972e+00 1.639461506e+00 
1.501730104e+00 1.675482487e+00 1.804585612e+00 
1.222318339e+00 1.423874196e+00 1.491796382e+00 
1.241493945e+00 1.566118656e+00 1.737484224e+00 
1.455017301e+00 1.516797713e+00 1.656920488e+00 
1.318771626e+00 1.511794139e+00 1.630206142e+00 
1.249134948e+00 1.493924232e+00 1.612536811e+00 
1.424452422e+00 1.774839171e+00 1.807530501e+00 
1.433391003e+00 1.540385990e+00 1.687210770e+00 
1.243079585e+00 1.549678342e+00 1.612536811e+00 
1.506632353e+00 1.690493209e+00 1.825620530e+00 
1.250000000e+00 1.365260901e+00 1.482541018e+00 
1.255190311e+00 1.526804861e+00 1.629995793e+00 
1.426470588e+00 1.706218728e+00 1.777660917e+00 
1.337370242e+00 1.411007863e+00 1.514514093e+00 
1.154844291e+00 1.416726233e+00 1.482541018e+00 
1.096597751e+00 1.264474625e+00 1.414808582e+00 
1.095155709e+00 1.451751251e+00 1.494741271e+00 
1.509515571e+00 1.532523231e+00 1.679638199e+00 
1.564013841e+00 1.796997856e+00 1.875052587e+00 
1.489619377e+00 1.447462473e+00 1.630206142e+00 
1.105536332e+00 1.426018585e+00 1.512831300e+00 
1.344290657e+00 1.457469621e+00 1.612536811e+00 
1.120242215e+00 1.383130808e+00 1.455616323e+00 
1.229815744e+00 1.809149392e+00 1.754943206e+00 
1.680795848e+00 1.693352395e+00 1.902608330e+00 
1.361159170e+00 1.483917084e+00 1.630206142e+00 
1.236159170e+00 1.388134382e+00 1.505258729e+00 
1.055363322e+00 1.356683345e+00 1.415439630e+00 
1.061995675e+00 1.274481773e+00 1.397349600e+00 
1.135813149e+00 1.350964975e+00 1.438157341e+00 
1.047000865e+00 1.385989993e+00 1.415439630e+00 
1.448673875e+00 1.629020729e+00 1.754312158e+00 
1.111014706e+00 1.343817012e+00 1.415439630e+00 
1.126297578e+00 1.404574696e+00 1.464450989e+00 
1.225778547e+00 1.417441029e+00 1.514514093e+00 
1.342560554e+00 1.333095068e+00 1.505258729e+00 
1.057093426e+00 1.308077198e+00 1.320361801e+00 
1.038062284e+00 1.224446033e+00 1.317416912e+00 
1.386245675e+00 1.518942102e+00 1.639461506e+00 
1.492502595e+00 1.749106505e+00 1.825620530e+00 
1.177335640e+00 1.304503217e+00 1.464871687e+00 
1.077566609e+00 1.471050751e+00 1.589819100e+00 
1.247116782e+00 1.709077913e+00 1.777660917e+00 
1.201989619e+00 1.319513939e+00 1.465082036e+00 
1.254325260e+00 1.169406719e+00 1.222339083e+00 
1.079584775e+00 1.190850608e+00 1.290492217e+00 
1.412629758e+00 1.544674768e+00 1.656920488e+00 
1.197231834e+00 1.218012866e+00 1.340134623e+00 
1.295847751e+00 1.352394568e+00 1.491796382e+00 
1.184833045e+00 1.185132237e+00 1.289861170e+00 
1.138408304e+00 1.334524660e+00 1.464871687e+00 
1.079584775e+00 1.170121515e+00 1.192469499e+00 
1.102941176e+00 1.250893495e+00 1.357593605e+00 
1.170415225e+00 1.258041458e+00 1.366848969e+00 
1.167820069e+00 1.215153681e+00 1.312789230e+00 
1.035467128e+00 1.196568978e+00 1.245687842e+00 
1.038062284e+00 1.180128663e+00 1.272402188e+00 
1.038062284e+00 1.159399571e+00 1.174379470e+00 
1.022491349e+00 1.000000000e+00 1.000000000e+00 
1.022491349e+00 1.027877055e+00 1.124947413e+00 
1.034602076e+00 1.077912795e+00 1.165124106e+00 
1.031429931e+00 1.189421015e+00 1.222970130e+00 
1.312283737e+00 1.422444603e+00 1.531973075e+00 
1.107266436e+00 1.133666905e+00 1.174379470e+00 
1.000000000e+00 1.015725518e+00 1.000000000e+00 
1.197231834e+00 1.388849178e+00 1.482541018e+00 
1.000000000e+00 1.036454610e+00 1.098022718e+00 
1.124567474e+00 1.058613295e+00 1.192469499e+00 
1.022491349e+00 1.100071480e+00 1.147665124e+00 

1.681660900e+00 1.726947820e+00 1.875052587e+00 
1.357843426e+00 1.716940672e+00 1.852334876e+00 
1.205017301e+00 1.698355969e+00 1.825620530e+00 
1.492214533e+00 1.423874196e+00 1.562473706e+00 
1.750000000e+00 1.729807005e+00 1.902608330e+00 
1.141868512e+00 1.593995711e+00 1.589819100e+00 
1.286909170e+00 1.583988563e+00 1.687210770e+00 
1.126297578e+00 1.425303788e+00 1.562473706e+00 
1.369089100e+00 1.664760543e+00 1.754943206e+00 
1.462802768e+00 1.505360972e+00 1.639461506e+00 
1.255767301e+00 1.428877770e+00 1.579932688e+00 
1.233852076e+00 1.490350250e+00 1.585191418e+00 
1.312571799e+00 1.567548249e+00 1.633151031e+00 
1.518166090e+00 1.646890636e+00 1.804585612e+00 
1.105536332e+00 1.426018585e+00 1.512831300e+00 
1.448673875e+00 1.629020729e+00 1.754312158e+00 
1.660899654e+00 1.748391708e+00 1.875052587e+00 
1.111014706e+00 1.498213009e+00 1.580563736e+00 
1.487312284e+00 1.569692638e+00 1.754943206e+00 
1.742214533e+00 1.751965690e+00 1.901977282e+00 
1.500865052e+00 1.442458899e+00 1.603281447e+00 
1.077566609e+00 1.443173695e+00 1.464871687e+00 
1.082467993e+00 1.546104360e+00 1.563104754e+00 
1.219290657e+00 1.451751251e+00 1.563104754e+00 
1.206459343e+00 1.602573267e+00 1.612536811e+00 
1.288639273e+00 1.630450322e+00 1.737484224e+00 
1.236159170e+00 1.388134382e+00 1.505258729e+00 
1.476931661e+00 1.566118656e+00 1.737484224e+00 
1.077566609e+00 1.450321658e+00 1.491796382e+00 
1.509515571e+00 1.532523231e+00 1.679638199e+00 
1.143598616e+00 1.548963545e+00 1.589188052e+00 
1.438581315e+00 1.489635454e+00 1.630206142e+00 
1.164936851e+00 1.624731951e+00 1.630206142e+00 
1.223038927e+00 1.598284489e+00 1.629995793e+00 
1.164647924e+00 1.452466047e+00 1.563104754e+00 
1.213379758e+00 1.456754825e+00 1.579932688e+00 
1.386245675e+00 1.518942102e+00 1.639461506e+00 
1.314878893e+00 1.454610436e+00 1.585191418e+00 
1.248990484e+00 1.604002859e+00 1.639461506e+00 
1.376297578e+00 1.581129378e+00 1.679638199e+00 
1.111014706e+00 1.343817012e+00 1.415439630e+00 
1.760380623e+00 1.722659042e+00 1.902608330e+00 
1.445501730e+00 1.559685490e+00 1.679638199e+00 
1.412629758e+00 1.544674768e+00 1.656920488e+00 
1.318771626e+00 1.511794139e+00 1.630206142e+00 
1.448096886e+00 1.427448177e+00 1.579932688e+00 
1.345155709e+00 1.583273767e+00 1.639461506e+00 
1.113898789e+00 1.396711937e+00 1.512831300e+00 
1.055363322e+00 1.356683345e+00 1.415439630e+00 
1.223471453e+00 1.657612580e+00 1.660496424e+00 
1.047000865e+00 1.385989993e+00 1.415439630e+00 
1.489619377e+00 1.447462473e+00 1.630206142e+00 
1.288062284e+00 1.553967119e+00 1.630206142e+00 
1.452422145e+00 1.766261615e+00 1.902608330e+00 
1.593425606e+00 1.516797713e+00 1.656920488e+00 
1.177335640e+00 1.304503217e+00 1.464871687e+00 
1.138408304e+00 1.334524660e+00 1.464871687e+00 
1.201845156e+00 1.721944246e+00 1.754943206e+00 
1.342560554e+00 1.333095068e+00 1.505258729e+00 
1.337370242e+00 1.411007863e+00 1.514514093e+00 
1.057093426e+00 1.308077198e+00 1.320361801e+00 
1.097462803e+00 1.406719085e+00 1.420067312e+00 
1.061995675e+00 1.274481773e+00 1.397349600e+00 
1.197231834e+00 1.388849178e+00 1.482541018e+00 
1.170415225e+00 1.258041458e+00 1.366848969e+00 
1.201989619e+00 1.319513939e+00 1.465082036e+00 
1.138696367e+00 1.624017155e+00 1.589819100e+00 
1.312283737e+00 1.422444603e+00 1.531973075e+00 
1.494809689e+00 1.609006433e+00 1.777660917e+00 
1.295847751e+00 1.352394568e+00 1.491796382e+00 
1.472895329e+00 1.662616154e+00 1.825620530e+00 
1.031429931e+00 1.189421015e+00 1.222970130e+00 
1.135813149e+00 1.350964975e+00 1.438157341e+00 
1.225778547e+00 1.417441029e+00 1.514514093e+00 
1.120242215e+00 1.383130808e+00 1.455616323e+00 
1.167820069e+00 1.215153681e+00 1.312789230e+00 
1.241637543e+00 1.455325232e+00 1.629995793e+00 
1.250000000e+00 1.365260901e+00 1.482541018e+00 
1.038062284e+00 1.224446033e+00 1.317416912e+00 
1.035467128e+00 1.196568978e+00 1.245687842e+00 
1.038062284e+00 1.180128663e+00 1.272402188e+00 
1.079584775e+00 1.170121515e+00 1.192469499e+00 
1.197231834e+00 1.218012866e+00 1.340134623e+00 
1.102941176e+00 1.250893495e+00 1.357593605e+00 
1.419838235e+00 1.566833452e+00 1.727387463e+00 
1.184833045e+00 1.185132237e+00 1.289861170e+00 
1.022491349e+00 1.027877055e+00 1.124947413e+00 
1.254325260e+00 1.169406719e+00 1.222339083e+00 
1.079584775e+00 1.190850608e+00 1.290492217e+00 
1.000000000e+00 1.015725518e+00 1.000000000e+00 
1.038062284e+00 1.159399571e+00 1.174379470e+00 
1.096597751e+00 1.264474625e+00 1.414808582e+00 
1.022491349e+00 1.000000000e+00 1.000000000e+00 
1.034602076e+00 1.077912795e+00 1.165124106e+00 
1.022491349e+00 1.100071480e+00 1.147665124e+00 
1.107266436e+00 1.133666905e+00 1.174379470e+00 
1.124567474e+00 1.058613295e+00 1.192469499e+00 
1.000000000e+00 1.036454610e+00 1.098022718e+00 

1.424452422e+00 1.774839171e+00 1.807530501e+00 
1.433391003e+00 1.540385990e+00 1.687210770e+00 
1.500865052e+00 1.442458899e+00 1.603281447e+00 
1.472895329e+00 1.662616154e+00 1.825620530e+00 
1.344290657e+00 1.457469621e+00 1.612536811e+00 
1.097462803e+00 1.406719085e+00 1.420067312e+00 
1.408592561e+00 1.909935668e+00 1.902608330e+00 
1.331314879e+00 1.466047177e+00 1.603281447e+00 
1.243079585e+00 1.549678342e+00 1.612536811e+00 
1.252595156e+00 1.543245175e+00 1.603281447e+00 
1.126297578e+00 1.425303788e+00 1.562473706e+00 
1.323817474e+00 1.616869192e+00 1.728228860e+00 
1.149076990e+00 1.641887062e+00 1.754943206e+00 
1.111014706e+00 1.498213009e+00 1.580563736e+00 
1.533737024e+00 1.578984989e+00 1.777660917e+00 
1.325259516e+00 1.785561115e+00 1.834875894e+00 
1.556805363e+00 1.661186562e+00 1.852334876e+00 
1.126297578e+00 1.404574696e+00 1.464450989e+00 
1.376297578e+00 1.581129378e+00 1.679638199e+00 
1.492214533e+00 1.558970693e+00 1.727387463e+00 
1.403979239e+00 1.917083631e+00 1.852334876e+00 
1.247116782e+00 1.709077913e+00 1.777660917e+00 
1.273068339e+00 1.561115082e+00 1.677955406e+00 
1.379469723e+00 1.584703360e+00 1.709928481e+00 
1.441176471e+00 1.611150822e+00 1.754943206e+00 
1.492214533e+00 1.423874196e+00 1.562473706e+00 
1.358131488e+00 1.628305933e+00 1.777660917e+00 
1.795847751e+00 1.689778413e+00 1.875052587e+00 
1.123125433e+00 1.441744103e+00 1.545014724e+00 
1.197231834e+00 1.388849178e+00 1.482541018e+00 
1.433967993e+00 1.709792709e+00 1.804585612e+00 
1.085063149e+00 1.529664046e+00 1.589819100e+00 
1.601211073e+00 1.505360972e+00 1.639461506e+00 
1.597750865e+00 1.788420300e+00 1.902608330e+00 
1.330449827e+00 1.526090064e+00 1.630206142e+00 
1.429065744e+00 1.752680486e+00 1.852334876e+00 
1.294117647e+00 1.496783417e+00 1.629995793e+00 
1.092560554e+00 1.468191565e+00 1.468026925e+00 
1.732698962e+00 1.546819157e+00 1.700673117e+00 
1.077566609e+00 1.443173695e+00 1.464871687e+00 
1.223038927e+00 1.598284489e+00 1.629995793e+00 
1.489619377e+00 1.447462473e+00 1.630206142e+00 
1.295847751e+00 1.352394568e+00 1.491796382e+00 
1.486159170e+00 1.819156540e+00 1.875052587e+00 
1.412629758e+00 1.544674768e+00 1.656920488e+00 
1.141580450e+00 1.428877770e+00 1.589819100e+00 
1.100634083e+00 1.494639028e+00 1.563104754e+00 
1.368800173e+00 1.551107934e+00 1.659865377e+00 
1.506920415e+00 1.511794139e+00 1.639461506e+00 
1.120242215e+00 1.383130808e+00 1.455616323e+00 
1.250000000e+00 1.365260901e+00 1.482541018e+00 
1.253460208e+00 1.520371694e+00 1.603281447e+00 
1.361159170e+00 1.483917084e+00 1.630206142e+00 
1.135813149e+00 1.350964975e+00 1.438157341e+00 
1.141868512e+00 1.601143674e+00 1.656920488e+00 
1.395328720e+00 1.396711937e+00 1.512831300e+00 
1.055363322e+00 1.356683345e+00 1.415439630e+00 
1.111014706e+00 1.343817012e+00 1.415439630e+00 
1.342560554e+00 1.333095068e+00 1.505258729e+00 
1.455017301e+00 1.516797713e+00 1.656920488e+00 
1.236159170e+00 1.388134382e+00 1.505258729e+00 
1.566608997e+00 1.801286633e+00 1.901977282e+00 
1.655132353e+00 1.716225876e+00 1.902608330e+00 
1.643598616e+00 1.641172266e+00 1.804585612e+00 
1.225778547e+00 1.417441029e+00 1.514514093e+00 
1.201989619e+00 1.319513939e+00 1.465082036e+00 
1.312283737e+00 1.422444603e+00 1.531973075e+00 
1.386245675e+00 1.518942102e+00 1.639461506e+00 
1.469290657e+00 1.565403860e+00 1.737484224e+00 
1.222318339e+00 1.423874196e+00 1.491796382e+00 
1.096597751e+00 1.264474625e+00 1.414808582e+00 
1.197231834e+00 1.218012866e+00 1.340134623e+00 
1.536620242e+00 1.734095783e+00 1.834875894e+00 
1.136101211e+00 1.486776269e+00 1.589819100e+00 
1.286044118e+00 1.543959971e+00 1.611905764e+00 
1.079584775e+00 1.170121515e+00 1.192469499e+00 
1.184833045e+00 1.185132237e+00 1.289861170e+00 
1.337370242e+00 1.411007863e+00 1.514514093e+00 
1.105536332e+00 1.426018585e+00 1.512831300e+00 
1.061995675e+00 1.274481773e+00 1.397349600e+00 
1.047000865e+00 1.385989993e+00 1.415439630e+00 
1.079584775e+00 1.190850608e+00 1.290492217e+00 
1.138408304e+00 1.334524660e+00 1.464871687e+00 
1.031429931e+00 1.189421015e+00 1.222970130e+00 
1.509515571e+00 1.532523231e+00 1.679638199e+00 
1.072664360e+00 1.504646176e+00 1.512831300e+00 
1.170415225e+00 1.258041458e+00 1.366848969e+00 
1.177335640e+00 1.304503217e+00 1.464871687e+00 
1.057093426e+00 1.308077198e+00 1.320361801e+00 
1.364186851e+00 1.607576841e+00 1.710138830e+00 
1.102941176e+00 1.250893495e+00 1.357593605e+00 
1.038062284e+00 1.180128663e+00 1.272402188e+00 
1.038062284e+00 1.224446033e+00 1.317416912e+00 
1.154844291e+00 1.416726233e+00 1.482541018e+00 
1.035467128e+00 1.196568978e+00 1.245687842e+00 
1.038062284e+00 1.159399571e+00 1.174379470e+00 
1.000000000e+00 1.015725518e+00 1.000000000e+00 
1.022491349e+00 1.027877055e+00 1.124947413e+00 
1.452710208e+00 1.614724803e+00 1.777660917e+00 
1.000000000e+00 1.036454610e+00 1.098022718e+00 
1.167820069e+00 1.215153681e+00 1.312789230e+00 
1.254325260e+00 1.169406719e+00 1.222339083e+00 
1.034602076e+00 1.077912795e+00 1.165124106e+00 
1.107266436e+00 1.133666905e+00 1.174379470e+00 
1.124567474e+00 1.058613295e+00 1.192469499e+00 
1.022491349e+00 1.100071480e+00 1.147665124e+00 
1.022491349e+00 1.000000000e+00 1.000000000e+00 
1.286909170e+00 1.583988563e+00 1.687210770e+00 

1.355536332e+00 1.553967119e+00 1.630206142e+00 
1.500865052e+00 1.442458899e+00 1.603281447e+00 
1.300750000e+00 1.572551823e+00 1.656920488e+00 
1.447231834e+00 1.824874911e+00 1.852334876e+00 
1.358131488e+00 1.628305933e+00 1.777660917e+00 
1.464244810e+00 1.562544675e+00 1.710138830e+00 
1.284890138e+00 1.694067191e+00 1.737484224e+00 
1.586505190e+00 1.427448177e+00 1.579932688e+00 
1.141868512e+00 1.601143674e+00 1.656920488e+00 
1.371107266e+00 1.532523231e+00 1.679638199e+00 
1.433967993e+00 1.709792709e+00 1.804585612e+00 
1.113898789e+00 1.396711937e+00 1.512831300e+00 
1.289504325e+00 1.611865618e+00 1.754943206e+00 
1.706747405e+00 1.688348821e+00 1.807530501e+00 
1.171568339e+00 1.647605432e+00 1.660496424e+00 
1.609861592e+00 1.578984989e+00 1.777660917e+00 
1.610438581e+00 1.757684060e+00 1.902608330e+00 
1.780276817e+00 1.724088635e+00 1.852334876e+00 
1.277681661e+00 1.583273767e+00 1.639461506e+00 
1.100634083e+00 1.494639028e+00 1.563104754e+00 
1.368800173e+00 1.551107934e+00 1.659865377e+00 
1.663494810e+00 1.734095783e+00 1.875052587e+00 
1.235294118e+00 1.593280915e+00 1.629995793e+00 
1.474913495e+00 1.426018585e+00 1.535759361e+00 
1.571222318e+00 1.724803431e+00 1.807530501e+00 
1.822949827e+00 1.721229450e+00 1.825620530e+00 
1.077566609e+00 1.443173695e+00 1.464871687e+00 
1.959342561e+00 1.726233024e+00 1.875052587e+00 
1.133506055e+00 1.445318084e+00 1.562473706e+00 
1.237601211e+00 1.431022159e+00 1.562263357e+00 
1.628027682e+00 1.447462473e+00 1.630206142e+00 
1.100634083e+00 1.473909936e+00 1.465082036e+00 
1.391003460e+00 1.454610436e+00 1.585191418e+00 
1.545847751e+00 1.681915654e+00 1.804585612e+00 
1.123125433e+00 1.441744103e+00 1.545014724e+00 
1.373414360e+00 1.570407434e+00 1.687210770e+00 
1.255478374e+00 1.802716226e+00 1.737484224e+00 
1.593425606e+00 1.516797713e+00 1.656920488e+00 
1.209342561e+00 1.744817727e+00 1.677955406e+00 
1.462802768e+00 1.505360972e+00 1.639461506e+00 
1.476931661e+00 1.566118656e+00 1.737484224e+00 
1.255767301e+00 1.428877770e+00 1.579932688e+00 
1.201989619e+00 1.319513939e+00 1.465082036e+00 
1.678777682e+00 1.729092209e+00 1.834875894e+00 
1.085063149e+00 1.529664046e+00 1.589819100e+00 
1.164647924e+00 1.452466047e+00 1.563104754e+00 
1.455305363e+00 1.758398856e+00 1.902608330e+00 
1.223038927e+00 1.598284489e+00 1.629995793e+00 
1.361159170e+00 1.483917084e+00 1.630206142e+00 
1.072664360e+00 1.504646176e+00 1.512831300e+00 
1.135813149e+00 1.350964975e+00 1.438157341e+00 
1.252883218e+00 1.675482487e+00 1.687210770e+00 
1.047000865e+00 1.385989993e+00 1.415439630e+00 
1.492214533e+00 1.558970693e+00 1.727387463e+00 
1.403979239e+00 1.917083631e+00 1.852334876e+00 
1.295847751e+00 1.352394568e+00 1.491796382e+00 
1.386245675e+00 1.518942102e+00 1.639461506e+00 
1.138408304e+00 1.334524660e+00 1.464871687e+00 
1.096597751e+00 1.264474625e+00 1.414808582e+00 
1.250000000e+00 1.365260901e+00 1.482541018e+00 
1.301903114e+00 1.581844174e+00 1.727387463e+00 
1.342560554e+00 1.333095068e+00 1.505258729e+00 
1.480968858e+00 1.554681916e+00 1.687210770e+00 
1.312283737e+00 1.422444603e+00 1.531973075e+00 
1.197231834e+00 1.388849178e+00 1.482541018e+00 
1.055363322e+00 1.356683345e+00 1.415439630e+00 
1.452710208e+00 1.614724803e+00 1.777660917e+00 
1.177335640e+00 1.304503217e+00 1.464871687e+00 
1.057093426e+00 1.308077198e+00 1.320361801e+00 
1.236159170e+00 1.388134382e+00 1.505258729e+00 
1.038062284e+00 1.180128663e+00 1.272402188e+00 
1.120242215e+00 1.383130808e+00 1.455616323e+00 
1.111014706e+00 1.343817012e+00 1.415439630e+00 
1.438869377e+00 1.878484632e+00 1.825620530e+00 
1.920415225e+00 1.673338099e+00 1.804585612e+00 
1.225778547e+00 1.417441029e+00 1.514514093e+00 
1.346597751e+00 1.569692638e+00 1.630206142e+00 
1.035467128e+00 1.196568978e+00 1.245687842e+00 
1.492214533e+00 1.423874196e+00 1.562473706e+00 
1.038062284e+00 1.159399571e+00 1.174379470e+00 
1.167820069e+00 1.215153681e+00 1.312789230e+00 
1.197231834e+00 1.218012866e+00 1.340134623e+00 
1.241637543e+00 1.455325232e+00 1.629995793e+00 
1.170415225e+00 1.258041458e+00 1.366848969e+00 
1.184833045e+00 1.185132237e+00 1.289861170e+00 
1.061995675e+00 1.274481773e+00 1.397349600e+00 
1.337370242e+00 1.411007863e+00 1.514514093e+00 
1.214532872e+00 1.521086490e+00 1.580563736e+00 
1.102941176e+00 1.250893495e+00 1.357593605e+00 
1.031429931e+00 1.189421015e+00 1.222970130e+00 
1.079584775e+00 1.170121515e+00 1.192469499e+00 
1.254325260e+00 1.169406719e+00 1.222339083e+00 
1.079584775e+00 1.190850608e+00 1.290492217e+00 
1.038062284e+00 1.224446033e+00 1.317416912e+00 
1.022491349e+00 1.000000000e+00 1.000000000e+00 
1.124567474e+00 1.058613295e+00 1.192469499e+00 
1.107266436e+00 1.133666905e+00 1.174379470e+00 
1.034602076e+00 1.077912795e+00 1.165124106e+00 
1.000000000e+00 1.036454610e+00 1.098022718e+00 
1.022491349e+00 1.027877055e+00 1.124947413e+00 
1.000000000e+00 1.015725518e+00 1.000000000e+00 
1.022491349e+00 1.100071480e+00 1.147665124e+00 

1.472895329e+00 1.662616154e+00 1.825620530e+00 
1.419838235e+00 1.566833452e+00 1.727387463e+00 
1.318771626e+00 1.511794139e+00 1.630206142e+00 
1.286909170e+00 1.583988563e+00 1.687210770e+00 
1.487601211e+00 1.674052895e+00 1.852334876e+00 
1.149076990e+00 1.621157970e+00 1.656920488e+00 
1.105536332e+00 1.426018585e+00 1.512831300e+00 
1.149076990e+00 1.641887062e+00 1.754943206e+00 
1.518166090e+00 1.646890636e+00 1.804585612e+00 
1.206747405e+00 1.784846319e+00 1.825620530e+00 
1.403979239e+00 1.917083631e+00 1.852334876e+00 
1.247116782e+00 1.709077913e+00 1.777660917e+00 
1.379469723e+00 1.584703360e+00 1.709928481e+00 
1.273068339e+00 1.561115082e+00 1.677955406e+00 
1.500865052e+00 1.442458899e+00 1.603281447e+00 
1.420415225e+00 1.776268763e+00 1.804585612e+00 
1.213379758e+00 1.456754825e+00 1.579932688e+00 
1.383217993e+00 1.627591137e+00 1.777660917e+00 
1.775086505e+00 1.551822731e+00 1.727597812e+00 
1.472318339e+00 1.510364546e+00 1.687210770e+00 
1.464244810e+00 1.562544675e+00 1.710138830e+00 
1.639273356e+00 1.663330951e+00 1.834875894e+00 
1.478950692e+00 1.816297355e+00 1.901977282e+00 
1.462802768e+00 1.505360972e+00 1.639461506e+00 
1.097462803e+00 1.413867048e+00 1.446992007e+00 
1.416089965e+00 1.428877770e+00 1.589819100e+00 
1.456459343e+00 1.699785561e+00 1.834875894e+00 
1.077566609e+00 1.450321658e+00 1.491796382e+00 
1.583044983e+00 1.764832023e+00 1.902608330e+00 
1.077566609e+00 1.471050751e+00 1.589819100e+00 
1.507785467e+00 1.768406004e+00 1.875052587e+00 
1.643598616e+00 1.641172266e+00 1.804585612e+00 
1.361159170e+00 1.483917084e+00 1.630206142e+00 
1.307670415e+00 1.423874196e+00 1.562473706e+00 
1.219290657e+00 1.451751251e+00 1.563104754e+00 
1.113898789e+00 1.396711937e+00 1.512831300e+00 
1.209054498e+00 1.565403860e+00 1.603281447e+00 
1.126297578e+00 1.425303788e+00 1.562473706e+00 
1.369377163e+00 1.637598284e+00 1.728228860e+00 
1.097462803e+00 1.434596140e+00 1.545014724e+00 
1.644463668e+00 1.759113653e+00 1.902608330e+00 
1.582467993e+00 1.621872766e+00 1.754943206e+00 
1.225778547e+00 1.417441029e+00 1.514514093e+00 
1.135813149e+00 1.350964975e+00 1.438157341e+00 
1.368800173e+00 1.551107934e+00 1.659865377e+00 
1.448096886e+00 1.427448177e+00 1.579932688e+00 
1.111014706e+00 1.343817012e+00 1.415439630e+00 
1.288062284e+00 1.553967119e+00 1.630206142e+00 
1.506920415e+00 1.579699786e+00 1.728228860e+00 
1.590830450e+00 1.565403860e+00 1.737484224e+00 
1.197231834e+00 1.388849178e+00 1.482541018e+00 
1.386245675e+00 1.518942102e+00 1.639461506e+00 
1.391003460e+00 1.454610436e+00 1.585191418e+00 
1.295847751e+00 1.352394568e+00 1.491796382e+00 
1.455017301e+00 1.516797713e+00 1.656920488e+00 
1.077566609e+00 1.443173695e+00 1.464871687e+00 
1.055363322e+00 1.356683345e+00 1.415439630e+00 
1.061995675e+00 1.274481773e+00 1.397349600e+00 
1.655132353e+00 1.716225876e+00 1.902608330e+00 
1.164647924e+00 1.452466047e+00 1.563104754e+00 
1.250000000e+00 1.365260901e+00 1.482541018e+00 
1.120242215e+00 1.383130808e+00 1.455616323e+00 
1.241637543e+00 1.455325232e+00 1.629995793e+00 
1.342560554e+00 1.333095068e+00 1.505258729e+00 
1.226643599e+00 1.457469621e+00 1.589819100e+00 
1.236159170e+00 1.388134382e+00 1.505258729e+00 
1.506487889e+00 1.595425304e+00 1.737484224e+00 
1.355536332e+00 1.416011437e+00 1.562263357e+00 
1.255767301e+00 1.428877770e+00 1.579932688e+00 
1.072664360e+00 1.504646176e+00 1.512831300e+00 
1.312283737e+00 1.422444603e+00 1.531973075e+00 
1.079584775e+00 1.170121515e+00 1.192469499e+00 
1.371107266e+00 1.532523231e+00 1.679638199e+00 
1.197231834e+00 1.218012866e+00 1.340134623e+00 
1.201989619e+00 1.319513939e+00 1.465082036e+00 
1.138408304e+00 1.334524660e+00 1.464871687e+00 
1.337370242e+00 1.411007863e+00 1.514514093e+00 
1.057093426e+00 1.308077198e+00 1.320361801e+00 
1.102941176e+00 1.250893495e+00 1.357593605e+00 
1.170415225e+00 1.258041458e+00 1.366848969e+00 
1.047000865e+00 1.385989993e+00 1.415439630e+00 
1.031429931e+00 1.189421015e+00 1.222970130e+00 
1.038062284e+00 1.180128663e+00 1.272402188e+00 
1.035467128e+00 1.196568978e+00 1.245687842e+00 
1.096597751e+00 1.264474625e+00 1.414808582e+00 
1.038062284e+00 1.224446033e+00 1.317416912e+00 
1.184833045e+00 1.185132237e+00 1.289861170e+00 
1.628027682e+00 1.447462473e+00 1.630206142e+00 
1.124567474e+00 1.058613295e+00 1.192469499e+00 
1.177335640e+00 1.304503217e+00 1.464871687e+00 
1.000000000e+00 1.015725518e+00 1.000000000e+00 
1.647058824e+00 1.609006433e+00 1.777660917e+00 
1.107266436e+00 1.133666905e+00 1.174379470e+00 
1.038062284e+00 1.159399571e+00 1.174379470e+00 
1.022491349e+00 1.100071480e+00 1.147665124e+00 
1.034602076e+00 1.077912795e+00 1.165124106e+00 
1.079584775e+00 1.190850608e+00 1.290492217e+00 
1.254325260e+00 1.169406719e+00 1.222339083e+00 
1.022491349e+00 1.000000000e+00 1.000000000e+00 
1.167820069e+00 1.215153681e+00 1.312789230e+00 
1.000000000e+00 1.036454610e+00 1.098022718e+00 
1.022491349e+00 1.027877055e+00 1.124947413e+00 

1.433391003e+00 1.540385990e+00 1.687210770e+00 
1.346020761e+00 1.493924232e+00 1.612536811e+00 
1.339965398e+00 1.560400286e+00 1.642406395e+00 
1.355536332e+00 1.416011437e+00 1.562263357e+00 
1.641868512e+00 1.723373838e+00 1.902608330e+00 
1.357843426e+00 1.716940672e+00 1.852334876e+00 
1.149076990e+00 1.614010007e+00 1.629995793e+00 
1.235294118e+00 1.593280915e+00 1.629995793e+00 
1.388408304e+00 1.463902788e+00 1.612536811e+00 
1.491349481e+00 1.609006433e+00 1.777660917e+00 
1.095155709e+00 1.451751251e+00 1.494741271e+00 
1.592560554e+00 1.864188706e+00 1.902608330e+00 
1.487601211e+00 1.674052895e+00 1.852334876e+00 
1.438581315e+00 1.619013581e+00 1.710138830e+00 
1.077566609e+00 1.471050751e+00 1.589819100e+00 
1.105536332e+00 1.426018585e+00 1.512831300e+00 
1.533737024e+00 1.578984989e+00 1.777660917e+00 
1.402826125e+00 1.459614010e+00 1.602650400e+00 
1.920415225e+00 1.694067191e+00 1.902608330e+00 
1.492214533e+00 1.558970693e+00 1.727387463e+00 
1.584775087e+00 1.455325232e+00 1.629995793e+00 
1.487312284e+00 1.569692638e+00 1.754943206e+00 
1.273068339e+00 1.561115082e+00 1.677955406e+00 
1.331314879e+00 1.466047177e+00 1.603281447e+00 
1.097462803e+00 1.434596140e+00 1.545014724e+00 
1.126297578e+00 1.425303788e+00 1.562473706e+00 
1.481545848e+00 1.738384560e+00 1.901977282e+00 
1.359861592e+00 1.465332380e+00 1.603281447e+00 
1.358131488e+00 1.628305933e+00 1.777660917e+00 
1.288639273e+00 1.630450322e+00 1.737484224e+00 
1.466839965e+00 1.588277341e+00 1.727597812e+00 
1.820934256e+00 1.647605432e+00 1.804585612e+00 
1.077566609e+00 1.450321658e+00 1.491796382e+00 
1.639273356e+00 1.673338099e+00 1.852334876e+00 
1.601211073e+00 1.505360972e+00 1.639461506e+00 
1.597750865e+00 1.788420300e+00 1.902608330e+00 
1.077566609e+00 1.443173695e+00 1.464871687e+00 
1.506920415e+00 1.511794139e+00 1.639461506e+00 
1.732698962e+00 1.546819157e+00 1.700673117e+00 
1.295847751e+00 1.352394568e+00 1.491796382e+00 
1.288062284e+00 1.553967119e+00 1.630206142e+00 
1.586505190e+00 1.427448177e+00 1.579932688e+00 
1.258506055e+00 1.737669764e+00 1.679638199e+00 
1.286044118e+00 1.543959971e+00 1.611905764e+00 
1.386245675e+00 1.518942102e+00 1.639461506e+00 
1.236159170e+00 1.388134382e+00 1.505258729e+00 
1.307670415e+00 1.423874196e+00 1.562473706e+00 
1.126297578e+00 1.404574696e+00 1.464450989e+00 
1.248990484e+00 1.604002859e+00 1.639461506e+00 
1.055363322e+00 1.356683345e+00 1.415439630e+00 
1.318771626e+00 1.511794139e+00 1.630206142e+00 
1.111014706e+00 1.343817012e+00 1.415439630e+00 
1.438581315e+00 1.489635454e+00 1.630206142e+00 
1.352941176e+00 1.753395282e+00 1.777660917e+00 
1.225778547e+00 1.417441029e+00 1.514514093e+00 
1.392733564e+00 1.621872766e+00 1.727387463e+00 
1.197231834e+00 1.388849178e+00 1.482541018e+00 
1.250000000e+00 1.365260901e+00 1.482541018e+00 
1.294117647e+00 1.496783417e+00 1.629995793e+00 
1.224913495e+00 1.842744818e+00 1.677955406e+00 
1.141580450e+00 1.408148678e+00 1.491796382e+00 
1.252595156e+00 1.543245175e+00 1.603281447e+00 
1.141580450e+00 1.428877770e+00 1.589819100e+00 
1.297000865e+00 1.670478914e+00 1.754943206e+00 
1.320069204e+00 1.484631880e+00 1.603281447e+00 
1.395328720e+00 1.396711937e+00 1.512831300e+00 
1.289792388e+00 1.625446748e+00 1.687210770e+00 
1.047000865e+00 1.385989993e+00 1.415439630e+00 
1.455017301e+00 1.516797713e+00 1.656920488e+00 
1.500865052e+00 1.442458899e+00 1.603281447e+00 
1.061995675e+00 1.274481773e+00 1.397349600e+00 
1.138408304e+00 1.334524660e+00 1.464871687e+00 
1.096597751e+00 1.264474625e+00 1.414808582e+00 
1.243079585e+00 1.549678342e+00 1.612536811e+00 
1.097462803e+00 1.406719085e+00 1.420067312e+00 
1.371107266e+00 1.532523231e+00 1.679638199e+00 
1.312283737e+00 1.422444603e+00 1.531973075e+00 
1.337370242e+00 1.411007863e+00 1.514514093e+00 
1.072664360e+00 1.504646176e+00 1.512831300e+00 
1.201989619e+00 1.319513939e+00 1.465082036e+00 
1.057093426e+00 1.308077198e+00 1.320361801e+00 
1.170415225e+00 1.258041458e+00 1.366848969e+00 
1.038062284e+00 1.180128663e+00 1.272402188e+00 
1.031429931e+00 1.189421015e+00 1.222970130e+00 
1.102941176e+00 1.250893495e+00 1.357593605e+00 
1.035467128e+00 1.196568978e+00 1.245687842e+00 
1.120242215e+00 1.383130808e+00 1.455616323e+00 
1.342560554e+00 1.333095068e+00 1.505258729e+00 
1.197231834e+00 1.218012866e+00 1.340134623e+00 
1.038062284e+00 1.224446033e+00 1.317416912e+00 
1.135813149e+00 1.350964975e+00 1.438157341e+00 
1.079584775e+00 1.170121515e+00 1.192469499e+00 
1.184833045e+00 1.185132237e+00 1.289861170e+00 
1.628027682e+00 1.447462473e+00 1.630206142e+00 
1.124567474e+00 1.058613295e+00 1.192469499e+00 
1.177335640e+00 1.304503217e+00 1.464871687e+00 
1.000000000e+00 1.036454610e+00 1.098022718e+00 
1.107266436e+00 1.133666905e+00 1.174379470e+00 
1.038062284e+00 1.159399571e+00 1.174379470e+00 
1.022491349e+00 1.100071480e+00 1.147665124e+00 
1.034602076e+00 1.077912795e+00 1.165124106e+00 
1.079584775e+00 1.190850608e+00 1.290492217e+00 
1.022491349e+00 1.027877055e+00 1.124947413e+00 
1.254325260e+00 1.169406719e+00 1.222339083e+00 
1.022491349e+00 1.000000000e+00 1.000000000e+00 
1.167820069e+00 1.215153681e+00 1.312789230e+00 
1.000000000e+00 1.015725518e+00 1.000000000e+00 
1.786332180e+00 1.661186562e+00 1.804585612e+00 

1.274653979e+00 1.719085061e+00 1.737484224e+00 
1.656574394e+00 1.646890636e+00 1.804585612e+00 
1.489619377e+00 1.447462473e+00 1.630206142e+00 
1.105536332e+00 1.426018585e+00 1.512831300e+00 
1.472895329e+00 1.662616154e+00 1.825620530e+00 
1.241637543e+00 1.455325232e+00 1.629995793e+00 
1.448096886e+00 1.427448177e+00 1.579932688e+00 
1.355536332e+00 1.416011437e+00 1.562263357e+00 
1.433967993e+00 1.790564689e+00 1.852334876e+00 
1.077566609e+00 1.471050751e+00 1.589819100e+00 
1.077566609e+00 1.450321658e+00 1.491796382e+00 
1.212802768e+00 1.464617584e+00 1.612536811e+00 
1.141580450e+00 1.428877770e+00 1.589819100e+00 
1.229815744e+00 1.809149392e+00 1.754943206e+00 
1.533737024e+00 1.578984989e+00 1.777660917e+00 
1.492214533e+00 1.558970693e+00 1.727387463e+00 
1.487312284e+00 1.569692638e+00 1.754943206e+00 
1.500865052e+00 1.442458899e+00 1.603281447e+00 
1.295847751e+00 1.352394568e+00 1.491796382e+00 
1.481545848e+00 1.738384560e+00 1.901977282e+00 
1.307670415e+00 1.423874196e+00 1.562473706e+00 
1.358131488e+00 1.628305933e+00 1.777660917e+00 
1.596885813e+00 1.552537527e+00 1.737484224e+00 
1.464244810e+00 1.562544675e+00 1.710138830e+00 
1.795847751e+00 1.689778413e+00 1.875052587e+00 
1.288639273e+00 1.630450322e+00 1.737484224e+00 
1.639273356e+00 1.663330951e+00 1.834875894e+00 
1.072664360e+00 1.504646176e+00 1.512831300e+00 
1.126297578e+00 1.425303788e+00 1.562473706e+00 
1.441464533e+00 1.783416726e+00 1.804585612e+00 
1.113898789e+00 1.396711937e+00 1.512831300e+00 
1.583044983e+00 1.764832023e+00 1.902608330e+00 
1.095155709e+00 1.451751251e+00 1.494741271e+00 
1.559111592e+00 1.860614725e+00 1.902608330e+00 
1.097462803e+00 1.406719085e+00 1.420067312e+00 
1.428488754e+00 1.785561115e+00 1.825620530e+00 
1.247116782e+00 1.722659042e+00 1.754943206e+00 
1.505190311e+00 1.579699786e+00 1.777660917e+00 
1.136101211e+00 1.511079342e+00 1.687210770e+00 
1.250000000e+00 1.365260901e+00 1.482541018e+00 
1.197231834e+00 1.388849178e+00 1.482541018e+00 
1.610438581e+00 1.757684060e+00 1.902608330e+00 
1.780276817e+00 1.724088635e+00 1.852334876e+00 
1.047000865e+00 1.385989993e+00 1.415439630e+00 
1.342560554e+00 1.333095068e+00 1.505258729e+00 
1.300750000e+00 1.593280915e+00 1.754943206e+00 
1.055363322e+00 1.356683345e+00 1.415439630e+00 
1.096597751e+00 1.264474625e+00 1.414808582e+00 
1.284890138e+00 1.694067191e+00 1.737484224e+00 
1.201989619e+00 1.319513939e+00 1.465082036e+00 
1.236159170e+00 1.388134382e+00 1.505258729e+00 
1.061995675e+00 1.274481773e+00 1.397349600e+00 
1.184833045e+00 1.185132237e+00 1.289861170e+00 
1.135813149e+00 1.350964975e+00 1.438157341e+00 
1.111014706e+00 1.343817012e+00 1.415439630e+00 
1.225778547e+00 1.417441029e+00 1.514514093e+00 
1.102941176e+00 1.250893495e+00 1.357593605e+00 
1.312283737e+00 1.422444603e+00 1.531973075e+00 
1.038062284e+00 1.180128663e+00 1.272402188e+00 
1.097462803e+00 1.413867048e+00 1.446992007e+00 
1.057093426e+00 1.308077198e+00 1.320361801e+00 
1.337370242e+00 1.411007863e+00 1.514514093e+00 
1.138408304e+00 1.334524660e+00 1.464871687e+00 
1.177335640e+00 1.304503217e+00 1.464871687e+00 
1.361159170e+00 1.483917084e+00 1.630206142e+00 
1.077566609e+00 1.443173695e+00 1.464871687e+00 
1.254325260e+00 1.169406719e+00 1.222339083e+00 
1.038062284e+00 1.159399571e+00 1.174379470e+00 
1.120242215e+00 1.383130808e+00 1.455616323e+00 
1.035467128e+00 1.196568978e+00 1.245687842e+00 
1.663494810e+00 1.734095783e+00 1.875052587e+00 
1.079584775e+00 1.190850608e+00 1.290492217e+00 
1.038062284e+00 1.224446033e+00 1.317416912e+00 
1.079584775e+00 1.170121515e+00 1.192469499e+00 
1.000000000e+00 1.015725518e+00 1.000000000e+00 
1.170415225e+00 1.258041458e+00 1.366848969e+00 
1.197231834e+00 1.218012866e+00 1.340134623e+00 
1.167820069e+00 1.215153681e+00 1.312789230e+00 
1.022491349e+00 1.000000000e+00 1.000000000e+00 
1.031429931e+00 1.189421015e+00 1.222970130e+00 
1.034602076e+00 1.077912795e+00 1.165124106e+00 
1.000000000e+00 1.036454610e+00 1.098022718e+00 
1.124567474e+00 1.058613295e+00 1.192469499e+00 
1.022491349e+00 1.027877055e+00 1.124947413e+00 
1.022491349e+00 1.100071480e+00 1.147665124e+00 
1.107266436e+00 1.133666905e+00 1.174379470e+00 

1.656574394e+00 1.646890636e+00 1.804585612e+00 
1.383217993e+00 1.627591137e+00 1.777660917e+00 
1.417243080e+00 1.606147248e+00 1.710138830e+00 
1.521914360e+00 1.807005004e+00 1.902608330e+00 
1.100634083e+00 1.494639028e+00 1.563104754e+00 
1.783737024e+00 1.739099357e+00 1.852334876e+00 
1.164647924e+00 1.452466047e+00 1.563104754e+00 
1.289792388e+00 1.455325232e+00 1.585191418e+00 
1.572664360e+00 1.450321658e+00 1.602650400e+00 
1.464532872e+00 1.463902788e+00 1.612536811e+00 
1.380910900e+00 1.740528949e+00 1.825620530e+00 
1.501730104e+00 1.675482487e+00 1.804585612e+00 
1.126297578e+00 1.425303788e+00 1.562473706e+00 
1.419838235e+00 1.566833452e+00 1.727387463e+00 
1.137831315e+00 1.573266619e+00 1.589819100e+00 
1.751297578e+00 1.683345247e+00 1.825620530e+00 
1.708477509e+00 1.754110079e+00 1.852334876e+00 
1.072664360e+00 1.504646176e+00 1.512831300e+00 
1.255190311e+00 1.526804861e+00 1.629995793e+00 
1.318771626e+00 1.511794139e+00 1.630206142e+00 
1.255767301e+00 1.428877770e+00 1.579932688e+00 
1.332179931e+00 1.609721229e+00 1.639461506e+00 
1.804498270e+00 1.729092209e+00 1.902608330e+00 
1.597750865e+00 1.719799857e+00 1.825620530e+00 
1.288062284e+00 1.553967119e+00 1.630206142e+00 
1.342560554e+00 1.609721229e+00 1.679638199e+00 
1.323817474e+00 1.616869192e+00 1.728228860e+00 
1.593425606e+00 1.516797713e+00 1.656920488e+00 
1.312283737e+00 1.422444603e+00 1.531973075e+00 
1.111014706e+00 1.498213009e+00 1.580563736e+00 
1.533737024e+00 1.578984989e+00 1.777660917e+00 
1.226643599e+00 1.457469621e+00 1.589819100e+00 
1.314878893e+00 1.454610436e+00 1.585191418e+00 
1.113033737e+00 1.616869192e+00 1.589819100e+00 
1.355536332e+00 1.416011437e+00 1.562263357e+00 
1.247116782e+00 1.709077913e+00 1.777660917e+00 
1.682093426e+00 1.728377412e+00 1.834875894e+00 
1.742214533e+00 1.751965690e+00 1.901977282e+00 
1.584775087e+00 1.455325232e+00 1.629995793e+00 
1.416089965e+00 1.428877770e+00 1.589819100e+00 
1.361159170e+00 1.483917084e+00 1.630206142e+00 
1.447231834e+00 1.824874911e+00 1.852334876e+00 
1.492214533e+00 1.423874196e+00 1.562473706e+00 
1.229815744e+00 1.795568263e+00 1.777660917e+00 
1.628027682e+00 1.447462473e+00 1.630206142e+00 
1.622404844e+00 1.788420300e+00 1.901977282e+00 
1.567185986e+00 1.789849893e+00 1.875052587e+00 
1.433967993e+00 1.709792709e+00 1.804585612e+00 
1.111014706e+00 1.343817012e+00 1.415439630e+00 
1.138408304e+00 1.334524660e+00 1.464871687e+00 
1.448096886e+00 1.427448177e+00 1.579932688e+00 
1.294117647e+00 1.496783417e+00 1.629995793e+00 
1.567474048e+00 1.771979986e+00 1.834875894e+00 
1.342560554e+00 1.333095068e+00 1.505258729e+00 
1.113898789e+00 1.396711937e+00 1.512831300e+00 
1.236159170e+00 1.388134382e+00 1.505258729e+00 
1.197231834e+00 1.388849178e+00 1.482541018e+00 
1.201989619e+00 1.319513939e+00 1.465082036e+00 
1.175028547e+00 1.456040029e+00 1.580563736e+00 
1.164936851e+00 1.624731951e+00 1.630206142e+00 
1.047000865e+00 1.385989993e+00 1.415439630e+00 
1.171568339e+00 1.647605432e+00 1.660496424e+00 
1.641868512e+00 1.562544675e+00 1.710138830e+00 
1.077566609e+00 1.450321658e+00 1.491796382e+00 
1.097462803e+00 1.434596140e+00 1.545014724e+00 
1.177335640e+00 1.304503217e+00 1.464871687e+00 
1.462802768e+00 1.505360972e+00 1.639461506e+00 
1.209054498e+00 1.565403860e+00 1.603281447e+00 
1.429498270e+00 1.588992137e+00 1.727597812e+00 
1.371107266e+00 1.532523231e+00 1.679638199e+00 
1.322664360e+00 1.834167262e+00 1.825620530e+00 
1.055363322e+00 1.356683345e+00 1.415439630e+00 
1.250000000e+00 1.365260901e+00 1.482541018e+00 
1.057093426e+00 1.308077198e+00 1.320361801e+00 
1.079584775e+00 1.190850608e+00 1.290492217e+00 
1.135813149e+00 1.350964975e+00 1.438157341e+00 
1.035467128e+00 1.196568978e+00 1.245687842e+00 
1.364186851e+00 1.588277341e+00 1.656920488e+00 
1.096597751e+00 1.264474625e+00 1.414808582e+00 
1.644463668e+00 1.759113653e+00 1.902608330e+00 
1.102941176e+00 1.250893495e+00 1.357593605e+00 
1.097462803e+00 1.406719085e+00 1.420067312e+00 
1.337370242e+00 1.411007863e+00 1.514514093e+00 
1.120242215e+00 1.383130808e+00 1.455616323e+00 
1.295847751e+00 1.352394568e+00 1.491796382e+00 
1.386245675e+00 1.518942102e+00 1.639461506e+00 
1.038062284e+00 1.180128663e+00 1.272402188e+00 
1.061995675e+00 1.274481773e+00 1.397349600e+00 
1.184833045e+00 1.185132237e+00 1.289861170e+00 
1.170415225e+00 1.258041458e+00 1.366848969e+00 
1.038062284e+00 1.224446033e+00 1.317416912e+00 
1.212802768e+00 1.464617584e+00 1.612536811e+00 
1.031429931e+00 1.189421015e+00 1.222970130e+00 
1.225778547e+00 1.417441029e+00 1.514514093e+00 
1.254325260e+00 1.169406719e+00 1.222339083e+00 
1.197231834e+00 1.218012866e+00 1.340134623e+00 
1.000000000e+00 1.036454610e+00 1.098022718e+00 
1.167820069e+00 1.215153681e+00 1.312789230e+00 
1.124567474e+00 1.058613295e+00 1.192469499e+00 
1.038062284e+00 1.159399571e+00 1.174379470e+00 
1.000000000e+00 1.015725518e+00 1.000000000e+00 
1.034602076e+00 1.077912795e+00 1.165124106e+00 
1.022491349e+00 1.000000000e+00 1.000000000e+00 
1.079584775e+00 1.170121515e+00 1.192469499e+00 
1.022491349e+00 1.027877055e+00 1.124947413e+00 
1.107266436e+00 1.133666905e+00 1.174379470e+00 
1.022491349e+00 1.100071480e+00 1.147665124e+00 

1.085063149e+00 1.529664046e+00 1.589819100e+00 
1.358131488e+00 1.628305933e+00 1.777660917e+00 
1.105536332e+00 1.426018585e+00 1.512831300e+00 
1.795847751e+00 1.689778413e+00 1.875052587e+00 
1.662052768e+00 1.721229450e+00 1.825620530e+00 
1.583044983e+00 1.764832023e+00 1.902608330e+00 
1.448096886e+00 1.427448177e+00 1.579932688e+00 
1.438581315e+00 1.489635454e+00 1.630206142e+00 
1.241637543e+00 1.455325232e+00 1.629995793e+00 
1.554065744e+00 1.684060043e+00 1.804585612e+00 
1.489619377e+00 1.447462473e+00 1.630206142e+00 
1.389850346e+00 1.549678342e+00 1.710138830e+00 
1.423010381e+00 1.698355969e+00 1.804585612e+00 
1.570069204e+00 1.416011437e+00 1.562263357e+00 
1.492214533e+00 1.423874196e+00 1.562473706e+00 
1.100634083e+00 1.494639028e+00 1.563104754e+00 
1.077566609e+00 1.443173695e+00 1.464871687e+00 
1.663494810e+00 1.734095783e+00 1.875052587e+00 
1.113898789e+00 1.396711937e+00 1.512831300e+00 
1.462802768e+00 1.505360972e+00 1.639461506e+00 
1.226643599e+00 1.457469621e+00 1.589819100e+00 
1.433391003e+00 1.540385990e+00 1.687210770e+00 
1.213379758e+00 1.456754825e+00 1.579932688e+00 
1.500865052e+00 1.442458899e+00 1.603281447e+00 
1.149076990e+00 1.641887062e+00 1.754943206e+00 
1.286909170e+00 1.583988563e+00 1.687210770e+00 
1.318771626e+00 1.511794139e+00 1.630206142e+00 
1.095155709e+00 1.451751251e+00 1.494741271e+00 
1.126297578e+00 1.425303788e+00 1.562473706e+00 
1.386245675e+00 1.518942102e+00 1.639461506e+00 
1.096597751e+00 1.264474625e+00 1.414808582e+00 
1.241493945e+00 1.545389564e+00 1.639461506e+00 
1.255767301e+00 1.428877770e+00 1.579932688e+00 
1.441464533e+00 1.804145818e+00 1.902608330e+00 
1.212802768e+00 1.464617584e+00 1.612536811e+00 
1.482698962e+00 1.613295211e+00 1.754943206e+00 
1.680795848e+00 1.693352395e+00 1.902608330e+00 
1.295847751e+00 1.352394568e+00 1.491796382e+00 
1.123125433e+00 1.441744103e+00 1.545014724e+00 
1.394463668e+00 1.498927806e+00 1.630206142e+00 
1.591118512e+00 1.579699786e+00 1.728228860e+00 
1.055363322e+00 1.356683345e+00 1.415439630e+00 
1.510957612e+00 1.723373838e+00 1.852334876e+00 
1.344002595e+00 1.602573267e+00 1.737484224e+00 
1.206747405e+00 1.784846319e+00 1.825620530e+00 
1.292387543e+00 1.730521801e+00 1.777660917e+00 
1.538927336e+00 1.586132952e+00 1.777660917e+00 
1.177335640e+00 1.304503217e+00 1.464871687e+00 
1.732698962e+00 1.546819157e+00 1.700673117e+00 
1.097462803e+00 1.406719085e+00 1.420067312e+00 
1.201989619e+00 1.319513939e+00 1.465082036e+00 
1.455017301e+00 1.516797713e+00 1.656920488e+00 
1.391003460e+00 1.454610436e+00 1.585191418e+00 
1.312283737e+00 1.422444603e+00 1.531973075e+00 
1.210928201e+00 1.481057898e+00 1.563104754e+00 
1.225778547e+00 1.417441029e+00 1.514514093e+00 
1.120242215e+00 1.383130808e+00 1.455616323e+00 
1.057093426e+00 1.308077198e+00 1.320361801e+00 
1.371107266e+00 1.532523231e+00 1.679638199e+00 
1.197231834e+00 1.388849178e+00 1.482541018e+00 
1.061995675e+00 1.274481773e+00 1.397349600e+00 
1.820934256e+00 1.647605432e+00 1.804585612e+00 
1.135813149e+00 1.350964975e+00 1.438157341e+00 
1.047000865e+00 1.385989993e+00 1.415439630e+00 
1.342560554e+00 1.333095068e+00 1.505258729e+00 
1.170415225e+00 1.258041458e+00 1.366848969e+00 
1.138408304e+00 1.334524660e+00 1.464871687e+00 
1.111014706e+00 1.343817012e+00 1.415439630e+00 
1.337370242e+00 1.411007863e+00 1.514514093e+00 
1.072664360e+00 1.504646176e+00 1.512831300e+00 
1.197231834e+00 1.218012866e+00 1.340134623e+00 
1.141868512e+00 1.601143674e+00 1.656920488e+00 
1.236159170e+00 1.388134382e+00 1.505258729e+00 
1.031429931e+00 1.189421015e+00 1.222970130e+00 
1.102941176e+00 1.250893495e+00 1.357593605e+00 
1.184833045e+00 1.185132237e+00 1.289861170e+00 
1.079584775e+00 1.190850608e+00 1.290492217e+00 
1.250000000e+00 1.365260901e+00 1.482541018e+00 
1.038062284e+00 1.180128663e+00 1.272402188e+00 
1.124567474e+00 1.058613295e+00 1.192469499e+00 
1.254325260e+00 1.169406719e+00 1.222339083e+00 
1.034602076e+00 1.077912795e+00 1.165124106e+00 
1.167820069e+00 1.215153681e+00 1.312789230e+00 
1.038062284e+00 1.159399571e+00 1.174379470e+00 
1.038062284e+00 1.224446033e+00 1.317416912e+00 
1.107266436e+00 1.133666905e+00 1.174379470e+00 
1.079584775e+00 1.170121515e+00 1.192469499e+00 
1.035467128e+00 1.196568978e+00 1.245687842e+00 
1.000000000e+00 1.015725518e+00 1.000000000e+00 
1.022491349e+00 1.000000000e+00 1.000000000e+00 
1.022491349e+00 1.027877055e+00 1.124947413e+00 
1.000000000e+00 1.036454610e+00 1.098022718e+00 
1.022491349e+00 1.100071480e+00 1.147665124e+00 

1.137831315e+00 1.573266619e+00 1.589819100e+00 
1.621684256e+00 1.691208006e+00 1.807530501e+00 
1.466839965e+00 1.588277341e+00 1.727597812e+00 
1.286909170e+00 1.583988563e+00 1.687210770e+00 
1.602941176e+00 1.751250893e+00 1.834875894e+00 
1.509515571e+00 1.800571837e+00 1.825620530e+00 
1.516147924e+00 1.731951394e+00 1.807530501e+00 
1.241493945e+00 1.545389564e+00 1.639461506e+00 
1.126297578e+00 1.425303788e+00 1.562473706e+00 
1.323817474e+00 1.616869192e+00 1.728228860e+00 
1.492214533e+00 1.558970693e+00 1.727387463e+00 
1.113033737e+00 1.616869192e+00 1.589819100e+00 
1.403979239e+00 1.917083631e+00 1.852334876e+00 
1.386245675e+00 1.518942102e+00 1.639461506e+00 
1.247116782e+00 1.709077913e+00 1.777660917e+00 
1.448096886e+00 1.427448177e+00 1.579932688e+00 
1.487312284e+00 1.569692638e+00 1.754943206e+00 
1.767301038e+00 1.553252323e+00 1.727597812e+00 
1.077566609e+00 1.443173695e+00 1.464871687e+00 
1.462802768e+00 1.505360972e+00 1.639461506e+00 
1.394463668e+00 1.498927806e+00 1.630206142e+00 
1.141580450e+00 1.428877770e+00 1.589819100e+00 
1.212802768e+00 1.464617584e+00 1.612536811e+00 
1.447231834e+00 1.824874911e+00 1.852334876e+00 
1.637255190e+00 1.724803431e+00 1.852334876e+00 
1.307670415e+00 1.423874196e+00 1.562473706e+00 
1.330449827e+00 1.526090064e+00 1.630206142e+00 
1.795847751e+00 1.689778413e+00 1.875052587e+00 
1.113898789e+00 1.396711937e+00 1.512831300e+00 
1.583044983e+00 1.764832023e+00 1.902608330e+00 
1.438581315e+00 1.489635454e+00 1.630206142e+00 
1.559111592e+00 1.860614725e+00 1.902608330e+00 
1.389850346e+00 1.549678342e+00 1.710138830e+00 
1.539792388e+00 1.887776984e+00 1.902608330e+00 
1.209054498e+00 1.565403860e+00 1.603281447e+00 
1.295847751e+00 1.352394568e+00 1.491796382e+00 
1.528114187e+00 1.683345247e+00 1.804585612e+00 
1.505190311e+00 1.579699786e+00 1.777660917e+00 
1.423010381e+00 1.698355969e+00 1.804585612e+00 
1.097462803e+00 1.406719085e+00 1.420067312e+00 
1.344290657e+00 1.457469621e+00 1.612536811e+00 
1.100634083e+00 1.494639028e+00 1.563104754e+00 
1.355536332e+00 1.416011437e+00 1.562263357e+00 
1.388408304e+00 1.664760543e+00 1.777660917e+00 
1.337370242e+00 1.411007863e+00 1.514514093e+00 
1.701124567e+00 1.706933524e+00 1.834875894e+00 
1.105536332e+00 1.426018585e+00 1.512831300e+00 
1.256632353e+00 1.598999285e+00 1.710138830e+00 
1.135813149e+00 1.350964975e+00 1.438157341e+00 
1.138408304e+00 1.334524660e+00 1.464871687e+00 
1.500865052e+00 1.442458899e+00 1.603281447e+00 
1.057093426e+00 1.308077198e+00 1.320361801e+00 
1.250000000e+00 1.365260901e+00 1.482541018e+00 
1.489619377e+00 1.447462473e+00 1.630206142e+00 
1.141868512e+00 1.601143674e+00 1.656920488e+00 
1.294405709e+00 1.686919228e+00 1.728228860e+00 
1.312283737e+00 1.422444603e+00 1.531973075e+00 
1.408592561e+00 1.608291637e+00 1.777660917e+00 
1.254325260e+00 1.616154396e+00 1.659865377e+00 
1.655132353e+00 1.716225876e+00 1.902608330e+00 
1.047000865e+00 1.385989993e+00 1.415439630e+00 
1.111014706e+00 1.343817012e+00 1.415439630e+00 
1.197231834e+00 1.388849178e+00 1.482541018e+00 
1.455017301e+00 1.516797713e+00 1.656920488e+00 
1.097462803e+00 1.434596140e+00 1.545014724e+00 
1.236159170e+00 1.388134382e+00 1.505258729e+00 
1.371107266e+00 1.532523231e+00 1.679638199e+00 
1.294117647e+00 1.496783417e+00 1.629995793e+00 
1.061995675e+00 1.274481773e+00 1.397349600e+00 
1.319204152e+00 1.458184417e+00 1.612536811e+00 
1.072664360e+00 1.504646176e+00 1.512831300e+00 
1.177335640e+00 1.304503217e+00 1.464871687e+00 
1.225778547e+00 1.417441029e+00 1.514514093e+00 
1.726643599e+00 1.654038599e+00 1.804585612e+00 
1.096597751e+00 1.264474625e+00 1.414808582e+00 
1.201845156e+00 1.721944246e+00 1.754943206e+00 
1.120242215e+00 1.383130808e+00 1.455616323e+00 
1.097462803e+00 1.413867048e+00 1.446992007e+00 
1.031429931e+00 1.189421015e+00 1.222970130e+00 
1.254325260e+00 1.169406719e+00 1.222339083e+00 
1.102941176e+00 1.250893495e+00 1.357593605e+00 
1.038062284e+00 1.180128663e+00 1.272402188e+00 
1.201989619e+00 1.319513939e+00 1.465082036e+00 
1.197231834e+00 1.218012866e+00 1.340134623e+00 
1.184833045e+00 1.185132237e+00 1.289861170e+00 
1.167820069e+00 1.215153681e+00 1.312789230e+00 
1.035467128e+00 1.196568978e+00 1.245687842e+00 
1.038062284e+00 1.159399571e+00 1.174379470e+00 
1.022491349e+00 1.000000000e+00 1.000000000e+00 
1.079584775e+00 1.170121515e+00 1.192469499e+00 
1.079584775e+00 1.190850608e+00 1.290492217e+00 
1.000000000e+00 1.036454610e+00 1.098022718e+00 
1.124567474e+00 1.058613295e+00 1.192469499e+00 
1.342560554e+00 1.333095068e+00 1.505258729e+00 
1.000000000e+00 1.015725518e+00 1.000000000e+00 
1.022491349e+00 1.027877055e+00 1.124947413e+00 
1.034602076e+00 1.077912795e+00 1.165124106e+00 
1.055363322e+00 1.356683345e+00 1.415439630e+00 
1.170415225e+00 1.258041458e+00 1.366848969e+00 
1.022491349e+00 1.100071480e+00 1.147665124e+00 
1.107266436e+00 1.133666905e+00 1.174379470e+00 
1.038062284e+00 1.224446033e+00 1.317416912e+00 

1.277681661e+00 1.583273767e+00 1.639461506e+00 
1.126297578e+00 1.425303788e+00 1.562473706e+00 
1.497404844e+00 1.566118656e+00 1.727387463e+00 
1.434256055e+00 1.450321658e+00 1.602650400e+00 
1.355536332e+00 1.416011437e+00 1.562263357e+00 
1.141580450e+00 1.428877770e+00 1.589819100e+00 
1.394463668e+00 1.609006433e+00 1.777660917e+00 
1.141868512e+00 1.601143674e+00 1.656920488e+00 
1.433391003e+00 1.540385990e+00 1.687210770e+00 
1.371107266e+00 1.532523231e+00 1.679638199e+00 
1.286909170e+00 1.583988563e+00 1.687210770e+00 
1.092560554e+00 1.468191565e+00 1.468026925e+00 
1.462802768e+00 1.505360972e+00 1.639461506e+00 
1.256632353e+00 1.598999285e+00 1.710138830e+00 
1.487601211e+00 1.674052895e+00 1.852334876e+00 
1.243079585e+00 1.549678342e+00 1.612536811e+00 
1.113898789e+00 1.396711937e+00 1.512831300e+00 
1.077566609e+00 1.471050751e+00 1.589819100e+00 
1.149076990e+00 1.641887062e+00 1.754943206e+00 
1.808823529e+00 1.573981415e+00 1.727597812e+00 
1.344290657e+00 1.457469621e+00 1.612536811e+00 
1.212658304e+00 1.594710508e+00 1.612536811e+00 
1.455017301e+00 1.516797713e+00 1.656920488e+00 
1.680795848e+00 1.693352395e+00 1.902608330e+00 
1.500865052e+00 1.442458899e+00 1.603281447e+00 
1.325259516e+00 1.785561115e+00 1.834875894e+00 
1.255190311e+00 1.526804861e+00 1.629995793e+00 
1.621972318e+00 1.669764117e+00 1.804585612e+00 
1.660899654e+00 1.748391708e+00 1.875052587e+00 
1.379469723e+00 1.584703360e+00 1.709928481e+00 
1.533737024e+00 1.578984989e+00 1.777660917e+00 
1.288062284e+00 1.553967119e+00 1.630206142e+00 
1.197231834e+00 1.388849178e+00 1.482541018e+00 
1.330449827e+00 1.526090064e+00 1.630206142e+00 
1.492214533e+00 1.423874196e+00 1.562473706e+00 
1.639273356e+00 1.663330951e+00 1.834875894e+00 
1.105536332e+00 1.426018585e+00 1.512831300e+00 
1.294117647e+00 1.496783417e+00 1.629995793e+00 
1.361159170e+00 1.483917084e+00 1.630206142e+00 
1.249134948e+00 1.493924232e+00 1.612536811e+00 
1.342560554e+00 1.333095068e+00 1.505258729e+00 
1.135813149e+00 1.350964975e+00 1.438157341e+00 
1.641868512e+00 1.562544675e+00 1.710138830e+00 
1.223038927e+00 1.598284489e+00 1.629995793e+00 
1.838235294e+00 1.647605432e+00 1.804585612e+00 
1.177335640e+00 1.304503217e+00 1.464871687e+00 
1.459198097e+00 1.792709078e+00 1.902608330e+00 
1.312283737e+00 1.422444603e+00 1.531973075e+00 
1.337370242e+00 1.411007863e+00 1.514514093e+00 
1.250000000e+00 1.365260901e+00 1.482541018e+00 
1.295847751e+00 1.352394568e+00 1.491796382e+00 
1.428200692e+00 1.518942102e+00 1.639461506e+00 
1.055363322e+00 1.356683345e+00 1.415439630e+00 
1.111014706e+00 1.343817012e+00 1.415439630e+00 
1.368800173e+00 1.551107934e+00 1.659865377e+00 
1.061995675e+00 1.274481773e+00 1.397349600e+00 
1.047000865e+00 1.385989993e+00 1.415439630e+00 
1.096597751e+00 1.264474625e+00 1.414808582e+00 
1.038062284e+00 1.159399571e+00 1.174379470e+00 
1.448096886e+00 1.427448177e+00 1.579932688e+00 
1.352941176e+00 1.753395282e+00 1.777660917e+00 
1.057093426e+00 1.308077198e+00 1.320361801e+00 
1.201989619e+00 1.319513939e+00 1.465082036e+00 
1.123125433e+00 1.441744103e+00 1.545014724e+00 
1.095155709e+00 1.451751251e+00 1.494741271e+00 
1.120242215e+00 1.383130808e+00 1.455616323e+00 
1.197231834e+00 1.218012866e+00 1.340134623e+00 
1.225778547e+00 1.417441029e+00 1.514514093e+00 
1.038062284e+00 1.224446033e+00 1.317416912e+00 
1.489619377e+00 1.447462473e+00 1.630206142e+00 
1.079584775e+00 1.170121515e+00 1.192469499e+00 
1.170415225e+00 1.258041458e+00 1.366848969e+00 
1.254325260e+00 1.169406719e+00 1.222339083e+00 
1.038062284e+00 1.180128663e+00 1.272402188e+00 
1.236159170e+00 1.388134382e+00 1.505258729e+00 
1.167820069e+00 1.215153681e+00 1.312789230e+00 
1.031429931e+00 1.189421015e+00 1.222970130e+00 
1.102941176e+00 1.250893495e+00 1.357593605e+00 
1.138408304e+00 1.334524660e+00 1.464871687e+00 
1.022491349e+00 1.100071480e+00 1.147665124e+00 
1.035467128e+00 1.196568978e+00 1.245687842e+00 
1.022491349e+00 1.027877055e+00 1.124947413e+00 
1.184833045e+00 1.185132237e+00 1.289861170e+00 
1.022491349e+00 1.000000000e+00 1.000000000e+00 
1.124567474e+00 1.058613295e+00 1.192469499e+00 
1.034602076e+00 1.077912795e+00 1.165124106e+00 
1.000000000e+00 1.036454610e+00 1.098022718e+00 
1.000000000e+00 1.015725518e+00 1.000000000e+00 
1.107266436e+00 1.133666905e+00 1.174379470e+00 
1.079584775e+00 1.190850608e+00 1.290492217e+00 

1.141003460e+00 1.586132952e+00 1.660496424e+00 
1.241637543e+00 1.455325232e+00 1.629995793e+00 
1.105536332e+00 1.426018585e+00 1.512831300e+00 
1.402249135e+00 1.822015726e+00 1.834875894e+00 
1.307670415e+00 1.423874196e+00 1.562473706e+00 
1.205017301e+00 1.698355969e+00 1.825620530e+00 
1.452710208e+00 1.614724803e+00 1.777660917e+00 
1.286909170e+00 1.583988563e+00 1.687210770e+00 
1.727508651e+00 1.704789135e+00 1.852334876e+00 
1.711937716e+00 1.762687634e+00 1.875052587e+00 
1.241493945e+00 1.545389564e+00 1.639461506e+00 
1.077566609e+00 1.471050751e+00 1.589819100e+00 
1.169838235e+00 1.576840600e+00 1.677955406e+00 
1.149076990e+00 1.641887062e+00 1.754943206e+00 
1.778546713e+00 1.599714081e+00 1.777660917e+00 
1.126297578e+00 1.404574696e+00 1.464450989e+00 
1.487312284e+00 1.569692638e+00 1.754943206e+00 
1.647491349e+00 1.676912080e+00 1.834875894e+00 
1.273068339e+00 1.561115082e+00 1.677955406e+00 
1.395328720e+00 1.396711937e+00 1.512831300e+00 
1.500865052e+00 1.442458899e+00 1.603281447e+00 
1.628027682e+00 1.447462473e+00 1.630206142e+00 
1.478373702e+00 1.580414582e+00 1.728228860e+00 
1.358131488e+00 1.628305933e+00 1.777660917e+00 
1.464244810e+00 1.562544675e+00 1.710138830e+00 
1.795847751e+00 1.689778413e+00 1.875052587e+00 
1.288639273e+00 1.630450322e+00 1.737484224e+00 
1.141580450e+00 1.408148678e+00 1.491796382e+00 
1.077566609e+00 1.450321658e+00 1.491796382e+00 
1.583044983e+00 1.764832023e+00 1.902608330e+00 
1.559111592e+00 1.860614725e+00 1.902608330e+00 
1.236159170e+00 1.388134382e+00 1.505258729e+00 
1.096597751e+00 1.264474625e+00 1.414808582e+00 
1.300750000e+00 1.593280915e+00 1.754943206e+00 
1.141580450e+00 1.428877770e+00 1.589819100e+00 
1.455017301e+00 1.516797713e+00 1.656920488e+00 
1.111014706e+00 1.343817012e+00 1.415439630e+00 
1.528114187e+00 1.683345247e+00 1.804585612e+00 
1.212802768e+00 1.464617584e+00 1.612536811e+00 
1.412197232e+00 1.519656898e+00 1.639461506e+00 
1.133506055e+00 1.445318084e+00 1.562473706e+00 
1.404556228e+00 1.583988563e+00 1.709928481e+00 
1.445501730e+00 1.559685490e+00 1.679638199e+00 
1.368800173e+00 1.551107934e+00 1.659865377e+00 
1.225778547e+00 1.417441029e+00 1.514514093e+00 
1.361159170e+00 1.483917084e+00 1.630206142e+00 
1.318771626e+00 1.511794139e+00 1.630206142e+00 
1.047000865e+00 1.385989993e+00 1.415439630e+00 
1.120242215e+00 1.383130808e+00 1.455616323e+00 
1.312283737e+00 1.422444603e+00 1.531973075e+00 
1.526816609e+00 1.532523231e+00 1.679638199e+00 
1.102941176e+00 1.250893495e+00 1.357593605e+00 
1.462802768e+00 1.505360972e+00 1.639461506e+00 
1.177335640e+00 1.304503217e+00 1.464871687e+00 
1.337370242e+00 1.411007863e+00 1.514514093e+00 
1.762975779e+00 1.566833452e+00 1.727387463e+00 
1.201989619e+00 1.319513939e+00 1.465082036e+00 
1.138408304e+00 1.334524660e+00 1.464871687e+00 
1.031429931e+00 1.189421015e+00 1.222970130e+00 
1.342560554e+00 1.333095068e+00 1.505258729e+00 
1.135813149e+00 1.350964975e+00 1.438157341e+00 
1.250000000e+00 1.365260901e+00 1.482541018e+00 
1.197231834e+00 1.388849178e+00 1.482541018e+00 
1.038062284e+00 1.224446033e+00 1.317416912e+00 
1.079584775e+00 1.170121515e+00 1.192469499e+00 
1.055363322e+00 1.356683345e+00 1.415439630e+00 
1.079584775e+00 1.190850608e+00 1.290492217e+00 
1.254325260e+00 1.169406719e+00 1.222339083e+00 
1.038062284e+00 1.180128663e+00 1.272402188e+00 
1.167820069e+00 1.215153681e+00 1.312789230e+00 
1.170415225e+00 1.258041458e+00 1.366848969e+00 
1.057093426e+00 1.308077198e+00 1.320361801e+00 
1.038062284e+00 1.159399571e+00 1.174379470e+00 
1.061995675e+00 1.274481773e+00 1.397349600e+00 
1.035467128e+00 1.196568978e+00 1.245687842e+00 
1.295847751e+00 1.352394568e+00 1.491796382e+00 
1.107266436e+00 1.133666905e+00 1.174379470e+00 
1.355536332e+00 1.416011437e+00 1.562263357e+00 
1.022491349e+00 1.000000000e+00 1.000000000e+00 
1.034602076e+00 1.077912795e+00 1.165124106e+00 
1.197231834e+00 1.218012866e+00 1.340134623e+00 
1.022491349e+00 1.027877055e+00 1.124947413e+00 
1.124567474e+00 1.058613295e+00 1.192469499e+00 
1.000000000e+00 1.015725518e+00 1.000000000e+00 
1.184833045e+00 1.185132237e+00 1.289861170e+00 
1.000000000e+00 1.036454610e+00 1.098022718e+00 
1.022491349e+00 1.100071480e+00 1.147665124e+00 

1.319204152e+00 1.458184417e+00 1.612536811e+00 
1.357843426e+00 1.716940672e+00 1.852334876e+00 
1.183102941e+00 1.596854896e+00 1.612536811e+00 
1.452710208e+00 1.614724803e+00 1.777660917e+00 
1.426470588e+00 1.706218728e+00 1.777660917e+00 
1.437716263e+00 1.679771265e+00 1.737484224e+00 
1.557958478e+00 1.552537527e+00 1.727597812e+00 
1.355536332e+00 1.416011437e+00 1.562263357e+00 
1.077566609e+00 1.471050751e+00 1.589819100e+00 
1.609861592e+00 1.578984989e+00 1.777660917e+00 
1.482698962e+00 1.613295211e+00 1.754943206e+00 
1.325259516e+00 1.785561115e+00 1.834875894e+00 
1.556805363e+00 1.661186562e+00 1.852334876e+00 
1.289792388e+00 1.455325232e+00 1.585191418e+00 
1.247116782e+00 1.709077913e+00 1.777660917e+00 
1.487312284e+00 1.569692638e+00 1.754943206e+00 
1.363898789e+00 1.510364546e+00 1.687210770e+00 
1.307670415e+00 1.423874196e+00 1.562473706e+00 
1.335640138e+00 1.602573267e+00 1.677955406e+00 
1.077566609e+00 1.443173695e+00 1.464871687e+00 
1.236591696e+00 1.599714081e+00 1.660496424e+00 
1.164647924e+00 1.452466047e+00 1.563104754e+00 
1.097462803e+00 1.434596140e+00 1.545014724e+00 
1.464244810e+00 1.562544675e+00 1.710138830e+00 
1.318771626e+00 1.511794139e+00 1.630206142e+00 
1.795847751e+00 1.689778413e+00 1.875052587e+00 
1.586505190e+00 1.427448177e+00 1.579932688e+00 
1.416089965e+00 1.428877770e+00 1.589819100e+00 
1.077566609e+00 1.450321658e+00 1.491796382e+00 
1.299307958e+00 1.503931380e+00 1.629995793e+00 
1.164936851e+00 1.624731951e+00 1.630206142e+00 
1.732698962e+00 1.546819157e+00 1.700673117e+00 
1.314878893e+00 1.454610436e+00 1.585191418e+00 
1.342560554e+00 1.609721229e+00 1.679638199e+00 
1.346597751e+00 1.593995711e+00 1.727597812e+00 
1.209054498e+00 1.565403860e+00 1.603281447e+00 
1.500865052e+00 1.442458899e+00 1.603281447e+00 
1.113898789e+00 1.396711937e+00 1.512831300e+00 
1.277681661e+00 1.583273767e+00 1.639461506e+00 
1.057093426e+00 1.308077198e+00 1.320361801e+00 
1.095155709e+00 1.451751251e+00 1.494741271e+00 
1.361159170e+00 1.483917084e+00 1.630206142e+00 
1.379469723e+00 1.584703360e+00 1.709928481e+00 
1.126297578e+00 1.425303788e+00 1.562473706e+00 
1.489619377e+00 1.447462473e+00 1.630206142e+00 
1.197231834e+00 1.388849178e+00 1.482541018e+00 
1.175028547e+00 1.456040029e+00 1.580563736e+00 
1.212802768e+00 1.464617584e+00 1.612536811e+00 
1.219290657e+00 1.451751251e+00 1.563104754e+00 
1.329584775e+00 1.636168692e+00 1.679638199e+00 
1.337370242e+00 1.411007863e+00 1.514514093e+00 
1.226643599e+00 1.457469621e+00 1.589819100e+00 
1.652249135e+00 1.626876340e+00 1.804585612e+00 
1.655132353e+00 1.716225876e+00 1.902608330e+00 
1.506632353e+00 1.690493209e+00 1.825620530e+00 
1.462802768e+00 1.505360972e+00 1.639461506e+00 
1.255767301e+00 1.428877770e+00 1.579932688e+00 
1.111014706e+00 1.343817012e+00 1.415439630e+00 
1.201989619e+00 1.319513939e+00 1.465082036e+00 
1.583910035e+00 1.829878485e+00 1.901977282e+00 
1.047000865e+00 1.385989993e+00 1.415439630e+00 
1.177335640e+00 1.304503217e+00 1.464871687e+00 
1.250000000e+00 1.365260901e+00 1.482541018e+00 
1.201845156e+00 1.721944246e+00 1.754943206e+00 
1.225778547e+00 1.417441029e+00 1.514514093e+00 
1.035467128e+00 1.196568978e+00 1.245687842e+00 
1.038062284e+00 1.159399571e+00 1.174379470e+00 
1.236159170e+00 1.388134382e+00 1.505258729e+00 
1.102941176e+00 1.250893495e+00 1.357593605e+00 
1.342560554e+00 1.333095068e+00 1.505258729e+00 
1.312283737e+00 1.422444603e+00 1.531973075e+00 
1.055363322e+00 1.356683345e+00 1.415439630e+00 
1.170415225e+00 1.258041458e+00 1.366848969e+00 
1.167820069e+00 1.215153681e+00 1.312789230e+00 
1.135813149e+00 1.350964975e+00 1.438157341e+00 
1.295847751e+00 1.352394568e+00 1.491796382e+00 
1.120242215e+00 1.383130808e+00 1.455616323e+00 
1.061995675e+00 1.274481773e+00 1.397349600e+00 
1.096597751e+00 1.264474625e+00 1.414808582e+00 
1.254325260e+00 1.169406719e+00 1.222339083e+00 
1.079584775e+00 1.190850608e+00 1.290492217e+00 
1.079584775e+00 1.170121515e+00 1.192469499e+00 
1.197231834e+00 1.218012866e+00 1.340134623e+00 
1.031429931e+00 1.189421015e+00 1.222970130e+00 
1.038062284e+00 1.224446033e+00 1.317416912e+00 
1.138408304e+00 1.334524660e+00 1.464871687e+00 
1.038062284e+00 1.180128663e+00 1.272402188e+00 
1.184833045e+00 1.185132237e+00 1.289861170e+00 
1.034602076e+00 1.077912795e+00 1.165124106e+00 
1.022491349e+00 1.027877055e+00 1.124947413e+00 
1.124567474e+00 1.058613295e+00 1.192469499e+00 
1.000000000e+00 1.036454610e+00 1.098022718e+00 
1.022491349e+00 1.000000000e+00 1.000000000e+00 
1.022491349e+00 1.100071480e+00 1.147665124e+00 
1.000000000e+00 1.015725518e+00 1.000000000e+00 
1.107266436e+00 1.133666905e+00 1.174379470e+00 

1.778546713e+00 1.599714081e+00 1.777660917e+00 
1.545847751e+00 1.681915654e+00 1.804585612e+00 
1.628027682e+00 1.447462473e+00 1.630206142e+00 
1.085063149e+00 1.529664046e+00 1.589819100e+00 
1.767301038e+00 1.553252323e+00 1.727597812e+00 
1.273068339e+00 1.561115082e+00 1.677955406e+00 
1.467416090e+00 1.914224446e+00 1.834875894e+00 
1.318771626e+00 1.511794139e+00 1.630206142e+00 
1.111014706e+00 1.498213009e+00 1.580563736e+00 
1.092560554e+00 1.468191565e+00 1.468026925e+00 
1.386245675e+00 1.518942102e+00 1.639461506e+00 
1.358131488e+00 1.628305933e+00 1.777660917e+00 
1.795847751e+00 1.689778413e+00 1.875052587e+00 
1.284890138e+00 1.694067191e+00 1.737484224e+00 
1.141868512e+00 1.601143674e+00 1.656920488e+00 
1.255767301e+00 1.428877770e+00 1.579932688e+00 
1.433967993e+00 1.709792709e+00 1.804585612e+00 
1.639273356e+00 1.673338099e+00 1.852334876e+00 
1.480968858e+00 1.554681916e+00 1.687210770e+00 
1.113898789e+00 1.396711937e+00 1.512831300e+00 
1.173298443e+00 1.729807005e+00 1.709928481e+00 
1.506920415e+00 1.511794139e+00 1.639461506e+00 
1.732698962e+00 1.546819157e+00 1.700673117e+00 
1.275230969e+00 1.631879914e+00 1.728228860e+00 
1.663494810e+00 1.563259471e+00 1.710138830e+00 
1.100634083e+00 1.494639028e+00 1.563104754e+00 
1.413782872e+00 1.958541816e+00 1.902608330e+00 
1.212802768e+00 1.464617584e+00 1.612536811e+00 
1.077566609e+00 1.443173695e+00 1.464871687e+00 
1.342560554e+00 1.609721229e+00 1.679638199e+00 
1.528114187e+00 1.683345247e+00 1.804585612e+00 
1.572664360e+00 1.450321658e+00 1.602650400e+00 
1.394463668e+00 1.588277341e+00 1.679638199e+00 
1.337370242e+00 1.411007863e+00 1.514514093e+00 
1.105536332e+00 1.426018585e+00 1.512831300e+00 
1.361159170e+00 1.483917084e+00 1.630206142e+00 
1.380910900e+00 1.740528949e+00 1.825620530e+00 
1.201845156e+00 1.721944246e+00 1.754943206e+00 
1.175028547e+00 1.456040029e+00 1.580563736e+00 
1.355536332e+00 1.416011437e+00 1.562263357e+00 
1.226643599e+00 1.457469621e+00 1.589819100e+00 
1.655132353e+00 1.716225876e+00 1.902608330e+00 
1.097462803e+00 1.406719085e+00 1.420067312e+00 
1.314878893e+00 1.454610436e+00 1.585191418e+00 
1.339965398e+00 1.560400286e+00 1.642406395e+00 
1.175605536e+00 1.538241601e+00 1.612536811e+00 
1.082467993e+00 1.546104360e+00 1.563104754e+00 
1.072664360e+00 1.504646176e+00 1.512831300e+00 
1.241637543e+00 1.455325232e+00 1.629995793e+00 
1.361014706e+00 1.621157970e+00 1.754943206e+00 
1.526816609e+00 1.532523231e+00 1.679638199e+00 
1.312283737e+00 1.422444603e+00 1.531973075e+00 
1.420415225e+00 1.587562545e+00 1.679638199e+00 
1.225778547e+00 1.417441029e+00 1.514514093e+00 
1.586505190e+00 1.427448177e+00 1.579932688e+00 
1.219290657e+00 1.451751251e+00 1.563104754e+00 
1.201989619e+00 1.319513939e+00 1.465082036e+00 
1.416089965e+00 1.428877770e+00 1.589819100e+00 
1.597750865e+00 1.719799857e+00 1.825620530e+00 
1.236159170e+00 1.388134382e+00 1.505258729e+00 
1.126297578e+00 1.425303788e+00 1.562473706e+00 
1.061995675e+00 1.274481773e+00 1.397349600e+00 
1.057093426e+00 1.308077198e+00 1.320361801e+00 
1.097462803e+00 1.413867048e+00 1.446992007e+00 
1.634083045e+00 1.874195854e+00 1.902608330e+00 
1.120242215e+00 1.383130808e+00 1.455616323e+00 
1.111014706e+00 1.343817012e+00 1.415439630e+00 
1.482987024e+00 1.615439600e+00 1.728228860e+00 
1.680795848e+00 1.693352395e+00 1.902608330e+00 
1.096597751e+00 1.264474625e+00 1.414808582e+00 
1.536620242e+00 1.803431022e+00 1.852334876e+00 
1.177335640e+00 1.304503217e+00 1.464871687e+00 
1.138408304e+00 1.334524660e+00 1.464871687e+00 
1.342560554e+00 1.333095068e+00 1.505258729e+00 
1.055363322e+00 1.356683345e+00 1.415439630e+00 
1.197231834e+00 1.218012866e+00 1.340134623e+00 
1.047000865e+00 1.385989993e+00 1.415439630e+00 
1.250000000e+00 1.365260901e+00 1.482541018e+00 
1.247116782e+00 1.709077913e+00 1.777660917e+00 
1.031429931e+00 1.189421015e+00 1.222970130e+00 
1.487312284e+00 1.569692638e+00 1.754943206e+00 
1.295847751e+00 1.352394568e+00 1.491796382e+00 
1.455017301e+00 1.516797713e+00 1.656920488e+00 
1.170415225e+00 1.258041458e+00 1.366848969e+00 
1.079584775e+00 1.190850608e+00 1.290492217e+00 
1.035467128e+00 1.196568978e+00 1.245687842e+00 
1.079584775e+00 1.170121515e+00 1.192469499e+00 
1.184833045e+00 1.185132237e+00 1.289861170e+00 
1.038062284e+00 1.180128663e+00 1.272402188e+00 
1.135813149e+00 1.350964975e+00 1.438157341e+00 
1.197231834e+00 1.388849178e+00 1.482541018e+00 
1.102941176e+00 1.250893495e+00 1.357593605e+00 
1.022491349e+00 1.100071480e+00 1.147665124e+00 
1.167820069e+00 1.215153681e+00 1.312789230e+00 
1.038062284e+00 1.159399571e+00 1.174379470e+00 
1.254325260e+00 1.169406719e+00 1.222339083e+00 
1.000000000e+00 1.015725518e+00 1.000000000e+00 
1.124567474e+00 1.058613295e+00 1.192469499e+00 
1.034602076e+00 1.077912795e+00 1.165124106e+00 
1.022491349e+00 1.000000000e+00 1.000000000e+00 
1.107266436e+00 1.133666905e+00 1.174379470e+00 
1.197231834e+00 1.657612580e+00 1.736853176e+00 
1.022491349e+00 1.027877055e+00 1.124947413e+00 
1.000000000e+00 1.036454610e+00 1.098022718e+00 
1.038062284e+00 1.224446033e+00 1.317416912e+00 

1.383217993e+00 1.627591137e+00 1.777660917e+00 
1.318771626e+00 1.511794139e+00 1.630206142e+00 
1.341118512e+00 1.604717655e+00 1.710138830e+00 
1.365339965e+00 1.586847748e+00 1.659865377e+00 
1.583044983e+00 1.764832023e+00 1.902608330e+00 
1.507785467e+00 1.768406004e+00 1.875052587e+00 
1.255190311e+00 1.526804861e+00 1.629995793e+00 
1.141868512e+00 1.601143674e+00 1.656920488e+00 
1.243079585e+00 1.549678342e+00 1.612536811e+00 
1.775086505e+00 1.551822731e+00 1.727597812e+00 
1.613321799e+00 1.622587563e+00 1.777660917e+00 
1.371107266e+00 1.532523231e+00 1.679638199e+00 
1.322664360e+00 1.834167262e+00 1.825620530e+00 
1.277681661e+00 1.583273767e+00 1.639461506e+00 
1.389850346e+00 1.549678342e+00 1.710138830e+00 
1.386245675e+00 1.518942102e+00 1.639461506e+00 
1.314878893e+00 1.454610436e+00 1.585191418e+00 
1.095155709e+00 1.451751251e+00 1.494741271e+00 
1.656574394e+00 1.646890636e+00 1.804585612e+00 
1.226643599e+00 1.457469621e+00 1.589819100e+00 
1.361159170e+00 1.483917084e+00 1.630206142e+00 
1.352941176e+00 1.753395282e+00 1.777660917e+00 
1.289792388e+00 1.455325232e+00 1.585191418e+00 
1.072664360e+00 1.504646176e+00 1.512831300e+00 
1.380910900e+00 1.740528949e+00 1.825620530e+00 
1.466839965e+00 1.588277341e+00 1.727597812e+00 
1.249134948e+00 1.493924232e+00 1.612536811e+00 
1.092560554e+00 1.468191565e+00 1.468026925e+00 
1.655132353e+00 1.716225876e+00 1.902608330e+00 
1.492214533e+00 1.423874196e+00 1.562473706e+00 
1.319204152e+00 1.458184417e+00 1.612536811e+00 
1.472318339e+00 1.623302359e+00 1.737484224e+00 
1.344290657e+00 1.457469621e+00 1.612536811e+00 
1.294117647e+00 1.496783417e+00 1.629995793e+00 
1.113898789e+00 1.396711937e+00 1.512831300e+00 
1.593425606e+00 1.516797713e+00 1.656920488e+00 
1.643598616e+00 1.579699786e+00 1.777660917e+00 
1.175028547e+00 1.456040029e+00 1.580563736e+00 
1.126297578e+00 1.425303788e+00 1.562473706e+00 
1.584775087e+00 1.455325232e+00 1.629995793e+00 
1.487601211e+00 1.674052895e+00 1.852334876e+00 
1.255767301e+00 1.428877770e+00 1.579932688e+00 
1.288062284e+00 1.553967119e+00 1.630206142e+00 
1.295847751e+00 1.352394568e+00 1.491796382e+00 
1.077566609e+00 1.471050751e+00 1.589819100e+00 
1.138408304e+00 1.334524660e+00 1.464871687e+00 
1.149076990e+00 1.641887062e+00 1.754943206e+00 
1.335640138e+00 1.602573267e+00 1.677955406e+00 
1.105536332e+00 1.426018585e+00 1.512831300e+00 
1.447808824e+00 1.616869192e+00 1.736853176e+00 
1.482698962e+00 1.613295211e+00 1.754943206e+00 
1.500865052e+00 1.442458899e+00 1.603281447e+00 
1.312283737e+00 1.422444603e+00 1.531973075e+00 
1.327277682e+00 1.631879914e+00 1.677955406e+00 
1.225778547e+00 1.417441029e+00 1.514514093e+00 
1.177335640e+00 1.304503217e+00 1.464871687e+00 
1.047000865e+00 1.385989993e+00 1.415439630e+00 
1.236159170e+00 1.388134382e+00 1.505258729e+00 
1.055363322e+00 1.356683345e+00 1.415439630e+00 
1.416089965e+00 1.428877770e+00 1.589819100e+00 
1.487312284e+00 1.569692638e+00 1.754943206e+00 
1.506920415e+00 1.511794139e+00 1.639461506e+00 
1.164647924e+00 1.452466047e+00 1.563104754e+00 
1.342560554e+00 1.333095068e+00 1.505258729e+00 
1.201989619e+00 1.319513939e+00 1.465082036e+00 
1.057093426e+00 1.308077198e+00 1.320361801e+00 
1.061995675e+00 1.274481773e+00 1.397349600e+00 
1.358131488e+00 1.628305933e+00 1.777660917e+00 
1.135813149e+00 1.350964975e+00 1.438157341e+00 
1.077566609e+00 1.443173695e+00 1.464871687e+00 
1.120242215e+00 1.383130808e+00 1.455616323e+00 
1.250000000e+00 1.365260901e+00 1.482541018e+00 
1.795847751e+00 1.689778413e+00 1.875052587e+00 
1.337370242e+00 1.411007863e+00 1.514514093e+00 
1.038062284e+00 1.180128663e+00 1.272402188e+00 
1.586505190e+00 1.427448177e+00 1.579932688e+00 
1.096597751e+00 1.264474625e+00 1.414808582e+00 
1.170415225e+00 1.258041458e+00 1.366848969e+00 
1.038062284e+00 1.159399571e+00 1.174379470e+00 
1.197231834e+00 1.388849178e+00 1.482541018e+00 
1.102941176e+00 1.250893495e+00 1.357593605e+00 
1.035467128e+00 1.196568978e+00 1.245687842e+00 
1.197231834e+00 1.218012866e+00 1.340134623e+00 
1.184833045e+00 1.185132237e+00 1.289861170e+00 
1.031429931e+00 1.189421015e+00 1.222970130e+00 
1.038062284e+00 1.224446033e+00 1.317416912e+00 
1.079584775e+00 1.190850608e+00 1.290492217e+00 
1.022491349e+00 1.000000000e+00 1.000000000e+00 
1.111014706e+00 1.343817012e+00 1.415439630e+00 
1.022491349e+00 1.100071480e+00 1.147665124e+00 
1.000000000e+00 1.036454610e+00 1.098022718e+00 
1.000000000e+00 1.015725518e+00 1.000000000e+00 
1.022491349e+00 1.027877055e+00 1.124947413e+00 
1.107266436e+00 1.133666905e+00 1.174379470e+00 
1.034602076e+00 1.077912795e+00 1.165124106e+00 
1.254325260e+00 1.169406719e+00 1.222339083e+00 
1.124567474e+00 1.058613295e+00 1.192469499e+00 
1.167820069e+00 1.215153681e+00 1.312789230e+00 
1.079584775e+00 1.170121515e+00 1.192469499e+00 

1.097462803e+00 1.406719085e+00 1.420067312e+00 
1.371107266e+00 1.532523231e+00 1.679638199e+00 
1.536044118e+00 1.744817727e+00 1.902608330e+00 
1.361159170e+00 1.483917084e+00 1.630206142e+00 
1.205017301e+00 1.698355969e+00 1.825620530e+00 
1.100634083e+00 1.494639028e+00 1.563104754e+00 
1.586505190e+00 1.427448177e+00 1.579932688e+00 
1.386245675e+00 1.518942102e+00 1.639461506e+00 
1.275230969e+00 1.631879914e+00 1.728228860e+00 
1.241493945e+00 1.545389564e+00 1.639461506e+00 
1.570069204e+00 1.416011437e+00 1.562263357e+00 
1.459342561e+00 1.422444603e+00 1.553007993e+00 
1.323817474e+00 1.616869192e+00 1.728228860e+00 
1.462802768e+00 1.505360972e+00 1.639461506e+00 
1.111014706e+00 1.498213009e+00 1.580563736e+00 
1.500865052e+00 1.442458899e+00 1.603281447e+00 
1.077566609e+00 1.450321658e+00 1.491796382e+00 
1.512398789e+00 1.831308077e+00 1.902608330e+00 
1.492214533e+00 1.558970693e+00 1.727387463e+00 
1.403979239e+00 1.917083631e+00 1.852334876e+00 
1.197231834e+00 1.657612580e+00 1.736853176e+00 
1.383217993e+00 1.627591137e+00 1.777660917e+00 
1.380334775e+00 1.611150822e+00 1.700673117e+00 
1.085063149e+00 1.529664046e+00 1.589819100e+00 
1.795847751e+00 1.689778413e+00 1.875052587e+00 
1.284890138e+00 1.694067191e+00 1.737484224e+00 
1.149076990e+00 1.621157970e+00 1.656920488e+00 
1.451557093e+00 1.582558971e+00 1.700673117e+00 
1.347173875e+00 1.649749821e+00 1.736853176e+00 
1.469290657e+00 1.565403860e+00 1.737484224e+00 
1.141580450e+00 1.408148678e+00 1.491796382e+00 
1.307670415e+00 1.423874196e+00 1.562473706e+00 
1.097462803e+00 1.434596140e+00 1.545014724e+00 
1.171568339e+00 1.647605432e+00 1.660496424e+00 
1.241637543e+00 1.455325232e+00 1.629995793e+00 
1.223038927e+00 1.598284489e+00 1.629995793e+00 
1.622837370e+00 1.689063617e+00 1.804585612e+00 
1.338523356e+00 1.613295211e+00 1.677955406e+00 
1.061995675e+00 1.274481773e+00 1.397349600e+00 
1.643598616e+00 1.579699786e+00 1.777660917e+00 
1.212802768e+00 1.464617584e+00 1.612536811e+00 
1.489619377e+00 1.447462473e+00 1.630206142e+00 
1.141580450e+00 1.428877770e+00 1.589819100e+00 
1.450692042e+00 1.605432452e+00 1.700673117e+00 
1.656574394e+00 1.646890636e+00 1.804585612e+00 
1.175605536e+00 1.538241601e+00 1.612536811e+00 
1.138408304e+00 1.334524660e+00 1.464871687e+00 
1.368800173e+00 1.551107934e+00 1.659865377e+00 
1.126297578e+00 1.425303788e+00 1.562473706e+00 
1.369089100e+00 1.664760543e+00 1.754943206e+00 
1.342560554e+00 1.333095068e+00 1.505258729e+00 
1.055363322e+00 1.356683345e+00 1.415439630e+00 
1.126297578e+00 1.404574696e+00 1.464450989e+00 
1.455017301e+00 1.516797713e+00 1.656920488e+00 
1.057093426e+00 1.308077198e+00 1.320361801e+00 
1.250000000e+00 1.365260901e+00 1.482541018e+00 
1.655132353e+00 1.716225876e+00 1.902608330e+00 
1.330449827e+00 1.526090064e+00 1.630206142e+00 
1.295847751e+00 1.352394568e+00 1.491796382e+00 
1.536620242e+00 1.734095783e+00 1.834875894e+00 
1.197231834e+00 1.388849178e+00 1.482541018e+00 
1.096597751e+00 1.264474625e+00 1.414808582e+00 
1.312283737e+00 1.422444603e+00 1.531973075e+00 
1.225778547e+00 1.417441029e+00 1.514514093e+00 
1.337370242e+00 1.411007863e+00 1.514514093e+00 
1.135813149e+00 1.350964975e+00 1.438157341e+00 
1.201989619e+00 1.319513939e+00 1.465082036e+00 
1.120242215e+00 1.383130808e+00 1.455616323e+00 
1.047000865e+00 1.385989993e+00 1.415439630e+00 
1.038062284e+00 1.224446033e+00 1.317416912e+00 
1.167820069e+00 1.215153681e+00 1.312789230e+00 
1.170415225e+00 1.258041458e+00 1.366848969e+00 
1.079584775e+00 1.190850608e+00 1.290492217e+00 
1.111014706e+00 1.343817012e+00 1.415439630e+00 
1.031429931e+00 1.189421015e+00 1.222970130e+00 
1.038062284e+00 1.159399571e+00 1.174379470e+00 
1.077566609e+00 1.443173695e+00 1.464871687e+00 
1.289504325e+00 1.591136526e+00 1.656920488e+00 
1.079584775e+00 1.170121515e+00 1.192469499e+00 
1.184833045e+00 1.185132237e+00 1.289861170e+00 
1.236159170e+00 1.388134382e+00 1.505258729e+00 
1.177335640e+00 1.304503217e+00 1.464871687e+00 
1.254325260e+00 1.169406719e+00 1.222339083e+00 
1.197231834e+00 1.218012866e+00 1.340134623e+00 
1.102941176e+00 1.250893495e+00 1.357593605e+00 
1.124567474e+00 1.058613295e+00 1.192469499e+00 
1.038062284e+00 1.180128663e+00 1.272402188e+00 
1.107266436e+00 1.133666905e+00 1.174379470e+00 
1.000000000e+00 1.036454610e+00 1.098022718e+00 
1.022491349e+00 1.027877055e+00 1.124947413e+00 
1.022491349e+00 1.000000000e+00 1.000000000e+00 
1.000000000e+00 1.015725518e+00 1.000000000e+00 
1.035467128e+00 1.196568978e+00 1.245687842e+00 
1.034602076e+00 1.077912795e+00 1.165124106e+00 
1.022491349e+00 1.100071480e+00 1.147665124e+00 

1.300750000e+00 1.593280915e+00 1.754943206e+00 
1.433391003e+00 1.540385990e+00 1.687210770e+00 
1.472895329e+00 1.662616154e+00 1.825620530e+00 
1.255767301e+00 1.428877770e+00 1.579932688e+00 
1.750000000e+00 1.729807005e+00 1.902608330e+00 
1.286909170e+00 1.583988563e+00 1.687210770e+00 
1.804498270e+00 1.729092209e+00 1.902608330e+00 
1.164936851e+00 1.645461044e+00 1.728228860e+00 
1.126297578e+00 1.425303788e+00 1.562473706e+00 
1.567474048e+00 1.549678342e+00 1.710138830e+00 
1.212658304e+00 1.594710508e+00 1.612536811e+00 
1.226643599e+00 1.457469621e+00 1.589819100e+00 
1.591118512e+00 1.579699786e+00 1.728228860e+00 
1.412629758e+00 1.544674768e+00 1.656920488e+00 
1.492214533e+00 1.558970693e+00 1.727387463e+00 
1.292387543e+00 1.730521801e+00 1.777660917e+00 
1.500865052e+00 1.442458899e+00 1.603281447e+00 
1.095155709e+00 1.451751251e+00 1.494741271e+00 
1.509515571e+00 1.532523231e+00 1.679638199e+00 
1.358131488e+00 1.628305933e+00 1.777660917e+00 
1.175028547e+00 1.456040029e+00 1.580563736e+00 
1.219290657e+00 1.451751251e+00 1.563104754e+00 
1.149076990e+00 1.621157970e+00 1.656920488e+00 
1.478950692e+00 1.816297355e+00 1.901977282e+00 
1.639273356e+00 1.673338099e+00 1.852334876e+00 
1.559111592e+00 1.860614725e+00 1.902608330e+00 
1.724913495e+00 1.751965690e+00 1.901977282e+00 
1.250000000e+00 1.365260901e+00 1.482541018e+00 
1.429065744e+00 1.752680486e+00 1.852334876e+00 
1.314878893e+00 1.454610436e+00 1.585191418e+00 
1.077566609e+00 1.443173695e+00 1.464871687e+00 
1.838235294e+00 1.647605432e+00 1.804585612e+00 
1.322664360e+00 1.834167262e+00 1.825620530e+00 
1.643598616e+00 1.579699786e+00 1.777660917e+00 
1.111014706e+00 1.343817012e+00 1.415439630e+00 
1.097462803e+00 1.434596140e+00 1.545014724e+00 
1.386245675e+00 1.518942102e+00 1.639461506e+00 
1.284890138e+00 1.694067191e+00 1.737484224e+00 
1.274653979e+00 1.719085061e+00 1.737484224e+00 
1.775086505e+00 1.551822731e+00 1.727597812e+00 
1.318771626e+00 1.511794139e+00 1.630206142e+00 
1.644463668e+00 1.759113653e+00 1.902608330e+00 
1.312283737e+00 1.422444603e+00 1.531973075e+00 
1.516868512e+00 1.573981415e+00 1.727597812e+00 
1.376297578e+00 1.581129378e+00 1.679638199e+00 
1.077566609e+00 1.450321658e+00 1.491796382e+00 
1.342560554e+00 1.333095068e+00 1.505258729e+00 
1.077566609e+00 1.471050751e+00 1.589819100e+00 
1.236159170e+00 1.388134382e+00 1.505258729e+00 
1.096597751e+00 1.264474625e+00 1.414808582e+00 
1.448096886e+00 1.427448177e+00 1.579932688e+00 
1.055363322e+00 1.356683345e+00 1.415439630e+00 
1.394463668e+00 1.609006433e+00 1.777660917e+00 
1.462802768e+00 1.505360972e+00 1.639461506e+00 
1.361159170e+00 1.483917084e+00 1.630206142e+00 
1.135813149e+00 1.350964975e+00 1.438157341e+00 
1.057093426e+00 1.308077198e+00 1.320361801e+00 
1.072664360e+00 1.504646176e+00 1.512831300e+00 
1.120242215e+00 1.383130808e+00 1.455616323e+00 
1.295847751e+00 1.352394568e+00 1.491796382e+00 
1.288062284e+00 1.553967119e+00 1.630206142e+00 
1.138408304e+00 1.334524660e+00 1.464871687e+00 
1.455017301e+00 1.516797713e+00 1.656920488e+00 
1.241637543e+00 1.455325232e+00 1.629995793e+00 
1.337370242e+00 1.411007863e+00 1.514514093e+00 
1.634083045e+00 1.740528949e+00 1.875052587e+00 
1.344002595e+00 1.581844174e+00 1.639461506e+00 
1.402249135e+00 1.822015726e+00 1.834875894e+00 
1.201989619e+00 1.319513939e+00 1.465082036e+00 
1.212802768e+00 1.464617584e+00 1.612536811e+00 
1.113898789e+00 1.396711937e+00 1.512831300e+00 
1.079584775e+00 1.170121515e+00 1.192469499e+00 
1.197231834e+00 1.218012866e+00 1.340134623e+00 
1.102941176e+00 1.250893495e+00 1.357593605e+00 
1.105536332e+00 1.426018585e+00 1.512831300e+00 
1.254325260e+00 1.169406719e+00 1.222339083e+00 
1.031429931e+00 1.189421015e+00 1.222970130e+00 
1.079584775e+00 1.190850608e+00 1.290492217e+00 
1.035467128e+00 1.196568978e+00 1.245687842e+00 
1.197231834e+00 1.388849178e+00 1.482541018e+00 
1.061995675e+00 1.274481773e+00 1.397349600e+00 
1.047000865e+00 1.385989993e+00 1.415439630e+00 
1.225778547e+00 1.417441029e+00 1.514514093e+00 
1.038062284e+00 1.180128663e+00 1.272402188e+00 
1.167820069e+00 1.215153681e+00 1.312789230e+00 
1.170415225e+00 1.258041458e+00 1.366848969e+00 
1.022491349e+00 1.027877055e+00 1.124947413e+00 
1.038062284e+00 1.159399571e+00 1.174379470e+00 
1.022491349e+00 1.000000000e+00 1.000000000e+00 
1.038062284e+00 1.224446033e+00 1.317416912e+00 
1.177335640e+00 1.304503217e+00 1.464871687e+00 
1.022491349e+00 1.100071480e+00 1.147665124e+00 
1.184833045e+00 1.185132237e+00 1.289861170e+00 
1.124567474e+00 1.058613295e+00 1.192469499e+00 
1.628027682e+00 1.447462473e+00 1.630206142e+00 
1.000000000e+00 1.036454610e+00 1.098022718e+00 
1.000000000e+00 1.015725518e+00 1.000000000e+00 
1.034602076e+00 1.077912795e+00 1.165124106e+00 
1.107266436e+00 1.133666905e+00 1.174379470e+00 

1.536620242e+00 1.734095783e+00 1.834875894e+00 
1.606401384e+00 1.814152966e+00 1.902608330e+00 
1.097462803e+00 1.406719085e+00 1.420067312e+00 
1.097462803e+00 1.434596140e+00 1.545014724e+00 
1.564878893e+00 1.812008578e+00 1.875052587e+00 
1.205017301e+00 1.698355969e+00 1.825620530e+00 
1.408592561e+00 1.909935668e+00 1.902608330e+00 
1.393310554e+00 1.556826305e+00 1.660496424e+00 
1.105536332e+00 1.426018585e+00 1.512831300e+00 
1.804498270e+00 1.729092209e+00 1.902608330e+00 
1.361159170e+00 1.483917084e+00 1.630206142e+00 
1.743079585e+00 1.765546819e+00 1.902608330e+00 
1.149076990e+00 1.641887062e+00 1.754943206e+00 
1.212802768e+00 1.464617584e+00 1.612536811e+00 
1.518166090e+00 1.546819157e+00 1.700673117e+00 
1.412629758e+00 1.544674768e+00 1.656920488e+00 
1.386245675e+00 1.518942102e+00 1.639461506e+00 
1.522491349e+00 1.579699786e+00 1.727387463e+00 
1.533737024e+00 1.578984989e+00 1.777660917e+00 
1.141580450e+00 1.428877770e+00 1.589819100e+00 
1.404844291e+00 1.568977841e+00 1.687210770e+00 
1.447231834e+00 1.824874911e+00 1.852334876e+00 
1.077566609e+00 1.443173695e+00 1.464871687e+00 
1.395328720e+00 1.396711937e+00 1.512831300e+00 
1.464244810e+00 1.562544675e+00 1.710138830e+00 
1.795847751e+00 1.689778413e+00 1.875052587e+00 
1.318771626e+00 1.511794139e+00 1.630206142e+00 
1.788062284e+00 1.566118656e+00 1.727387463e+00 
1.478950692e+00 1.816297355e+00 1.901977282e+00 
1.492214533e+00 1.423874196e+00 1.562473706e+00 
1.286909170e+00 1.583988563e+00 1.687210770e+00 
1.047000865e+00 1.385989993e+00 1.415439630e+00 
1.077566609e+00 1.471050751e+00 1.589819100e+00 
1.480968858e+00 1.554681916e+00 1.687210770e+00 
1.506920415e+00 1.511794139e+00 1.639461506e+00 
1.209054498e+00 1.565403860e+00 1.603281447e+00 
1.448096886e+00 1.427448177e+00 1.579932688e+00 
1.554065744e+00 1.684060043e+00 1.804585612e+00 
1.681372837e+00 1.729807005e+00 1.834875894e+00 
1.126297578e+00 1.404574696e+00 1.464450989e+00 
1.300750000e+00 1.593280915e+00 1.754943206e+00 
1.096597751e+00 1.264474625e+00 1.414808582e+00 
1.376297578e+00 1.581129378e+00 1.679638199e+00 
1.111014706e+00 1.343817012e+00 1.415439630e+00 
1.177335640e+00 1.304503217e+00 1.464871687e+00 
1.688004325e+00 1.796997856e+00 1.852334876e+00 
1.077566609e+00 1.450321658e+00 1.491796382e+00 
1.126297578e+00 1.425303788e+00 1.562473706e+00 
1.394463668e+00 1.609006433e+00 1.777660917e+00 
1.762975779e+00 1.566833452e+00 1.727387463e+00 
1.057093426e+00 1.308077198e+00 1.320361801e+00 
1.489619377e+00 1.447462473e+00 1.630206142e+00 
1.345155709e+00 1.583273767e+00 1.639461506e+00 
1.570069204e+00 1.416011437e+00 1.562263357e+00 
1.055363322e+00 1.356683345e+00 1.415439630e+00 
1.312283737e+00 1.422444603e+00 1.531973075e+00 
1.455017301e+00 1.516797713e+00 1.656920488e+00 
1.342560554e+00 1.333095068e+00 1.505258729e+00 
1.097462803e+00 1.413867048e+00 1.446992007e+00 
1.061995675e+00 1.274481773e+00 1.397349600e+00 
1.621972318e+00 1.669764117e+00 1.804585612e+00 
1.250000000e+00 1.365260901e+00 1.482541018e+00 
1.135813149e+00 1.350964975e+00 1.438157341e+00 
1.138408304e+00 1.334524660e+00 1.464871687e+00 
1.225778547e+00 1.417441029e+00 1.514514093e+00 
1.197231834e+00 1.388849178e+00 1.482541018e+00 
1.526816609e+00 1.532523231e+00 1.679638199e+00 
1.295847751e+00 1.352394568e+00 1.491796382e+00 
1.715397924e+00 1.442458899e+00 1.603281447e+00 
1.079584775e+00 1.190850608e+00 1.290492217e+00 
1.236159170e+00 1.388134382e+00 1.505258729e+00 
1.072664360e+00 1.504646176e+00 1.512831300e+00 
1.102941176e+00 1.250893495e+00 1.357593605e+00 
1.241637543e+00 1.455325232e+00 1.629995793e+00 
1.337370242e+00 1.411007863e+00 1.514514093e+00 
1.141580450e+00 1.408148678e+00 1.491796382e+00 
1.038062284e+00 1.180128663e+00 1.272402188e+00 
1.035467128e+00 1.196568978e+00 1.245687842e+00 
1.184833045e+00 1.185132237e+00 1.289861170e+00 
1.170415225e+00 1.258041458e+00 1.366848969e+00 
1.167820069e+00 1.215153681e+00 1.312789230e+00 
1.197231834e+00 1.218012866e+00 1.340134623e+00 
1.079584775e+00 1.170121515e+00 1.192469499e+00 
1.201989619e+00 1.319513939e+00 1.465082036e+00 
1.628027682e+00 1.804860615e+00 1.875052587e+00 
1.120242215e+00 1.383130808e+00 1.455616323e+00 
1.254325260e+00 1.169406719e+00 1.222339083e+00 
1.038062284e+00 1.224446033e+00 1.317416912e+00 
1.031429931e+00 1.189421015e+00 1.222970130e+00 
1.000000000e+00 1.036454610e+00 1.098022718e+00 
1.038062284e+00 1.159399571e+00 1.174379470e+00 
1.124567474e+00 1.058613295e+00 1.192469499e+00 
1.022491349e+00 1.100071480e+00 1.147665124e+00 
1.022491349e+00 1.000000000e+00 1.000000000e+00 
1.000000000e+00 1.015725518e+00 1.000000000e+00 
1.022491349e+00 1.027877055e+00 1.124947413e+00 
1.107266436e+00 1.133666905e+00 1.174379470e+00 
1.034602076e+00 1.077912795e+00 1.165124106e+00 

1.419262111e+00 1.793423874e+00 1.834875894e+00 
1.133506055e+00 1.445318084e+00 1.562473706e+00 
1.624567474e+00 1.768406004e+00 1.875052587e+00 
1.655132353e+00 1.716225876e+00 1.902608330e+00 
1.433391003e+00 1.540385990e+00 1.687210770e+00 
1.472895329e+00 1.662616154e+00 1.825620530e+00 
1.394463668e+00 1.498927806e+00 1.630206142e+00 
1.619665225e+00 1.812723374e+00 1.852334876e+00 
1.095155709e+00 1.451751251e+00 1.494741271e+00 
1.482987024e+00 1.615439600e+00 1.728228860e+00 
1.248990484e+00 1.624731951e+00 1.737484224e+00 
1.286909170e+00 1.583988563e+00 1.687210770e+00 
1.221165225e+00 1.438884918e+00 1.562473706e+00 
1.175605536e+00 1.538241601e+00 1.612536811e+00 
1.462802768e+00 1.505360972e+00 1.639461506e+00 
1.255767301e+00 1.428877770e+00 1.579932688e+00 
1.077566609e+00 1.471050751e+00 1.589819100e+00 
1.149076990e+00 1.641887062e+00 1.754943206e+00 
1.518166090e+00 1.646890636e+00 1.804585612e+00 
1.292387543e+00 1.730521801e+00 1.777660917e+00 
1.164647924e+00 1.452466047e+00 1.563104754e+00 
1.533737024e+00 1.578984989e+00 1.777660917e+00 
1.141580450e+00 1.408148678e+00 1.491796382e+00 
1.492214533e+00 1.558970693e+00 1.727387463e+00 
1.487312284e+00 1.569692638e+00 1.754943206e+00 
1.435121107e+00 1.787705504e+00 1.825620530e+00 
1.237601211e+00 1.431022159e+00 1.562263357e+00 
1.455017301e+00 1.516797713e+00 1.656920488e+00 
1.447231834e+00 1.824874911e+00 1.852334876e+00 
1.420415225e+00 1.776268763e+00 1.804585612e+00 
1.795847751e+00 1.689778413e+00 1.875052587e+00 
1.500865052e+00 1.442458899e+00 1.603281447e+00 
1.416089965e+00 1.428877770e+00 1.589819100e+00 
1.628027682e+00 1.447462473e+00 1.630206142e+00 
1.559111592e+00 1.860614725e+00 1.902608330e+00 
1.241637543e+00 1.455325232e+00 1.629995793e+00 
1.539792388e+00 1.887776984e+00 1.902608330e+00 
1.467128028e+00 1.768406004e+00 1.804585612e+00 
1.732698962e+00 1.546819157e+00 1.700673117e+00 
1.492214533e+00 1.423874196e+00 1.562473706e+00 
1.175028547e+00 1.456040029e+00 1.580563736e+00 
1.345155709e+00 1.583273767e+00 1.639461506e+00 
1.371107266e+00 1.532523231e+00 1.679638199e+00 
1.138408304e+00 1.334524660e+00 1.464871687e+00 
1.413782872e+00 1.958541816e+00 1.902608330e+00 
1.386245675e+00 1.518942102e+00 1.639461506e+00 
1.047000865e+00 1.385989993e+00 1.415439630e+00 
1.236159170e+00 1.388134382e+00 1.505258729e+00 
1.486159170e+00 1.819156540e+00 1.875052587e+00 
1.644463668e+00 1.759113653e+00 1.902608330e+00 
1.097462803e+00 1.406719085e+00 1.420067312e+00 
1.368800173e+00 1.551107934e+00 1.659865377e+00 
1.137831315e+00 1.597569693e+00 1.687210770e+00 
1.330449827e+00 1.526090064e+00 1.630206142e+00 
1.096597751e+00 1.264474625e+00 1.414808582e+00 
1.342560554e+00 1.333095068e+00 1.505258729e+00 
1.135813149e+00 1.350964975e+00 1.438157341e+00 
1.105536332e+00 1.426018585e+00 1.512831300e+00 
1.111014706e+00 1.343817012e+00 1.415439630e+00 
1.126297578e+00 1.404574696e+00 1.464450989e+00 
1.102941176e+00 1.250893495e+00 1.357593605e+00 
1.438581315e+00 1.489635454e+00 1.630206142e+00 
1.120242215e+00 1.383130808e+00 1.455616323e+00 
1.031429931e+00 1.189421015e+00 1.222970130e+00 
1.079584775e+00 1.170121515e+00 1.192469499e+00 
1.312283737e+00 1.422444603e+00 1.531973075e+00 
1.250000000e+00 1.365260901e+00 1.482541018e+00 
1.337370242e+00 1.411007863e+00 1.514514093e+00 
1.225778547e+00 1.417441029e+00 1.514514093e+00 
1.254325260e+00 1.169406719e+00 1.222339083e+00 
1.038062284e+00 1.224446033e+00 1.317416912e+00 
1.170415225e+00 1.258041458e+00 1.366848969e+00 
1.038062284e+00 1.159399571e+00 1.174379470e+00 
1.097462803e+00 1.413867048e+00 1.446992007e+00 
1.061995675e+00 1.274481773e+00 1.397349600e+00 
1.079584775e+00 1.190850608e+00 1.290492217e+00 
1.201989619e+00 1.319513939e+00 1.465082036e+00 
1.197231834e+00 1.388849178e+00 1.482541018e+00 
1.038062284e+00 1.180128663e+00 1.272402188e+00 
1.177335640e+00 1.304503217e+00 1.464871687e+00 
1.077566609e+00 1.443173695e+00 1.464871687e+00 
1.057093426e+00 1.308077198e+00 1.320361801e+00 
1.167820069e+00 1.215153681e+00 1.312789230e+00 
1.035467128e+00 1.196568978e+00 1.245687842e+00 
1.295847751e+00 1.352394568e+00 1.491796382e+00 
1.355536332e+00 1.416011437e+00 1.562263357e+00 
1.022491349e+00 1.000000000e+00 1.000000000e+00 
1.197231834e+00 1.218012866e+00 1.340134623e+00 
1.022491349e+00 1.027877055e+00 1.124947413e+00 
1.184833045e+00 1.185132237e+00 1.289861170e+00 
1.000000000e+00 1.036454610e+00 1.098022718e+00 
1.124567474e+00 1.058613295e+00 1.192469499e+00 
1.034602076e+00 1.077912795e+00 1.165124106e+00 
1.000000000e+00 1.015725518e+00 1.000000000e+00 
1.107266436e+00 1.133666905e+00 1.174379470e+00 
1.055363322e+00 1.356683345e+00 1.415439630e+00 
1.022491349e+00 1.100071480e+00 1.147665124e+00 
