1.534191829e+00 1.607164542e+00 1.765582656e+00 
1.629662522e+00 1.551912568e+00 1.754290876e+00 
1.731793961e+00 1.545840923e+00 1.710027100e+00 
1.495337478e+00 1.465695203e+00 1.679765131e+00 
1.579262877e+00 1.802064359e+00 1.915537489e+00 
1.783303730e+00 1.585306618e+00 1.765582656e+00 
1.889875666e+00 1.765027322e+00 1.915537489e+00 
1.529973357e+00 1.644201579e+00 1.819783198e+00 
1.500444050e+00 1.685488767e+00 1.850045167e+00 
1.280787744e+00 1.443837280e+00 1.568428184e+00 
1.502664298e+00 1.425015179e+00 1.669828365e+00 
1.242155417e+00 1.475409836e+00 1.558491418e+00 
1.224245115e+00 1.454159077e+00 1.529810298e+00 
1.664742451e+00 1.598664238e+00 1.764227642e+00 
1.746891652e+00 1.800850030e+00 1.915537489e+00 
1.415186501e+00 1.636915604e+00 1.765582656e+00 
1.300473357e+00 1.438372799e+00 1.568428184e+00 
1.318605684e+00 1.313904068e+00 1.493902439e+00 
1.383880995e+00 1.507589557e+00 1.679765131e+00 
1.344138544e+00 1.403764420e+00 1.614272809e+00 
1.231127886e+00 1.506982392e+00 1.589656730e+00 
1.311722913e+00 1.471159684e+00 1.579719964e+00 
1.377368561e+00 1.780206436e+00 1.718383017e+00 
1.408081705e+00 1.468123862e+00 1.625564589e+00 
1.242673179e+00 1.565877353e+00 1.633920506e+00 
1.787744227e+00 1.621129326e+00 1.775519422e+00 
1.186056838e+00 1.323618701e+00 1.439701897e+00 
1.482238011e+00 1.435944141e+00 1.669828365e+00 
1.396388099e+00 1.590163934e+00 1.754290876e+00 
1.407859680e+00 1.837279903e+00 1.915537489e+00 
1.261989343e+00 1.426836673e+00 1.558491418e+00 
1.399644760e+00 1.287795993e+00 1.466124661e+00 
1.460479574e+00 1.451123254e+00 1.625564589e+00 
1.128330373e+00 1.316939891e+00 1.335817525e+00 
1.337033748e+00 1.430479660e+00 1.579719964e+00 
1.377442274e+00 1.388585307e+00 1.568428184e+00 
1.749555950e+00 1.630843959e+00 1.819783198e+00 
1.563499112e+00 1.566484517e+00 1.710027100e+00 
1.660523979e+00 1.692774742e+00 1.904245709e+00 
1.380994671e+00 1.760777171e+00 1.756097561e+00 
1.478241563e+00 1.715239830e+00 1.819783198e+00 
1.161856128e+00 1.333333333e+00 1.345754291e+00 
1.248963588e+00 1.474195507e+00 1.669828365e+00 
1.376332149e+00 1.398907104e+00 1.531616983e+00 
1.267761989e+00 1.269581056e+00 1.428410117e+00 
1.241119005e+00 1.355191257e+00 1.529810298e+00 
1.611900533e+00 1.553734062e+00 1.710027100e+00 
1.651420959e+00 1.740133576e+00 1.904245709e+00 
1.682504440e+00 1.567698846e+00 1.764227642e+00 
1.735346359e+00 1.637522769e+00 1.775519422e+00 
1.486900533e+00 1.622950820e+00 1.764227642e+00 
1.356571936e+00 1.288403157e+00 1.529810298e+00 
1.153048845e+00 1.346690953e+00 1.483965673e+00 
1.128330373e+00 1.326654523e+00 1.343947606e+00 
1.540630551e+00 1.458409229e+00 1.679765131e+00 
1.296625222e+00 1.239222829e+00 1.381662150e+00 
1.518650089e+00 1.354584092e+00 1.614272809e+00 
1.260213144e+00 1.291438980e+00 1.483965673e+00 
1.080817052e+00 1.250758956e+00 1.288166215e+00 
1.134547069e+00 1.114146934e+00 1.195799458e+00 
1.255328597e+00 1.276259866e+00 1.381662150e+00 
1.161856128e+00 1.363084396e+00 1.493902439e+00 
1.190053286e+00 1.027929569e+00 1.195799458e+00 
1.217362345e+00 1.247115968e+00 1.345754291e+00 
1.000000000e+00 1.018214936e+00 1.000000000e+00 
1.000000000e+00 1.047965999e+00 1.148148148e+00 
1.134547069e+00 1.143897996e+00 1.343947606e+00 
1.146240675e+00 1.347905282e+00 1.372628726e+00 
1.190053286e+00 1.000000000e+00 1.000000000e+00 
1.103019538e+00 1.125683060e+00 1.185862692e+00 

1.596358792e+00 1.637522769e+00 1.819783198e+00 
1.390097691e+00 1.657559199e+00 1.718383017e+00 
1.518650089e+00 1.354584092e+00 1.614272809e+00 
1.719360568e+00 1.574984821e+00 1.765582656e+00 
1.261989343e+00 1.426836673e+00 1.558491418e+00 
1.320825933e+00 1.514875531e+00 1.679765131e+00 
1.445381883e+00 1.595628415e+00 1.754290876e+00 
1.415186501e+00 1.636915604e+00 1.765582656e+00 
1.460479574e+00 1.451123254e+00 1.625564589e+00 
1.467584369e+00 1.805707347e+00 1.915537489e+00 
1.248963588e+00 1.474195507e+00 1.669828365e+00 
1.762877442e+00 1.679417122e+00 1.850045167e+00 
1.647202487e+00 1.741347905e+00 1.904245709e+00 
1.689165187e+00 1.573770492e+00 1.764227642e+00 
1.242673179e+00 1.565877353e+00 1.633920506e+00 
1.380994671e+00 1.760777171e+00 1.756097561e+00 
1.478241563e+00 1.715239830e+00 1.819783198e+00 
1.810834813e+00 1.704310868e+00 1.904245709e+00 
1.224245115e+00 1.444444444e+00 1.521680217e+00 
1.656305506e+00 1.624772313e+00 1.765582656e+00 
1.423845471e+00 1.741955070e+00 1.904245709e+00 
1.408081705e+00 1.468123862e+00 1.625564589e+00 
1.486900533e+00 1.622950820e+00 1.764227642e+00 
1.344138544e+00 1.403764420e+00 1.614272809e+00 
1.482238011e+00 1.435944141e+00 1.669828365e+00 
1.677175844e+00 1.608986035e+00 1.764227642e+00 
1.579262877e+00 1.802064359e+00 1.915537489e+00 
1.750444050e+00 1.630843959e+00 1.819783198e+00 
1.146240675e+00 1.347905282e+00 1.372628726e+00 
1.540630551e+00 1.458409229e+00 1.679765131e+00 
1.153048845e+00 1.346690953e+00 1.483965673e+00 
1.128330373e+00 1.316939891e+00 1.335817525e+00 
1.356571936e+00 1.288403157e+00 1.529810298e+00 
1.502664298e+00 1.425015179e+00 1.669828365e+00 
1.679396092e+00 1.571341834e+00 1.754290876e+00 
1.924511545e+00 1.738312083e+00 1.915537489e+00 
1.161856128e+00 1.333333333e+00 1.345754291e+00 
1.566607460e+00 1.566484517e+00 1.710027100e+00 
1.512211368e+00 1.644201579e+00 1.819783198e+00 
1.495337478e+00 1.465695203e+00 1.679765131e+00 
1.161856128e+00 1.363084396e+00 1.493902439e+00 
1.377442274e+00 1.388585307e+00 1.568428184e+00 
1.260213144e+00 1.291438980e+00 1.483965673e+00 
1.756660746e+00 1.619914997e+00 1.775519422e+00 
1.186056838e+00 1.323618701e+00 1.439701897e+00 
1.274718472e+00 1.430479660e+00 1.579719964e+00 
1.399644760e+00 1.287795993e+00 1.466124661e+00 
1.255328597e+00 1.276259866e+00 1.381662150e+00 
1.267761989e+00 1.269581056e+00 1.428410117e+00 
1.376332149e+00 1.398907104e+00 1.531616983e+00 
1.241119005e+00 1.355191257e+00 1.529810298e+00 
1.318605684e+00 1.313904068e+00 1.493902439e+00 
1.651420959e+00 1.728597450e+00 1.850045167e+00 
1.134547069e+00 1.114146934e+00 1.195799458e+00 
1.134547069e+00 1.143897996e+00 1.343947606e+00 
1.128330373e+00 1.326654523e+00 1.343947606e+00 
1.217362345e+00 1.247115968e+00 1.345754291e+00 
1.190053286e+00 1.027929569e+00 1.195799458e+00 
1.080817052e+00 1.250758956e+00 1.288166215e+00 
1.000000000e+00 1.018214936e+00 1.000000000e+00 
1.296625222e+00 1.239222829e+00 1.381662150e+00 
1.000000000e+00 1.047965999e+00 1.148148148e+00 
1.190053286e+00 1.000000000e+00 1.000000000e+00 
1.103019538e+00 1.125683060e+00 1.185862692e+00 

1.500444050e+00 1.658166363e+00 1.765582656e+00 
1.587921847e+00 1.473588342e+00 1.754290876e+00 
1.721136767e+00 1.641165756e+00 1.850045167e+00 
1.495337478e+00 1.465695203e+00 1.679765131e+00 
1.503996448e+00 1.404371585e+00 1.614272809e+00 
1.248963588e+00 1.474195507e+00 1.669828365e+00 
1.690053286e+00 1.619914997e+00 1.819783198e+00 
1.338587922e+00 1.693381906e+00 1.819783198e+00 
1.242673179e+00 1.565877353e+00 1.633920506e+00 
1.261989343e+00 1.426836673e+00 1.558491418e+00 
1.325636767e+00 1.388585307e+00 1.568428184e+00 
1.489786856e+00 1.414086217e+00 1.614272809e+00 
1.683836590e+00 1.458409229e+00 1.679765131e+00 
1.769094139e+00 1.542197936e+00 1.764227642e+00 
1.320825933e+00 1.514875531e+00 1.679765131e+00 
1.706927176e+00 1.714025501e+00 1.850045167e+00 
1.543072824e+00 1.528840316e+00 1.754290876e+00 
1.274718472e+00 1.430479660e+00 1.579719964e+00 
1.467584369e+00 1.805707347e+00 1.915537489e+00 
1.356571936e+00 1.288403157e+00 1.529810298e+00 
1.579484902e+00 1.564055859e+00 1.765582656e+00 
1.437388988e+00 1.602914390e+00 1.710027100e+00 
1.512211368e+00 1.644201579e+00 1.819783198e+00 
1.224245115e+00 1.454159077e+00 1.529810298e+00 
1.879218472e+00 1.777170613e+00 1.915537489e+00 
1.161856128e+00 1.363084396e+00 1.493902439e+00 
1.502664298e+00 1.425015179e+00 1.669828365e+00 
1.408081705e+00 1.468123862e+00 1.625564589e+00 
1.241119005e+00 1.355191257e+00 1.529810298e+00 
1.423845471e+00 1.741955070e+00 1.904245709e+00 
1.486900533e+00 1.622950820e+00 1.764227642e+00 
1.518650089e+00 1.354584092e+00 1.614272809e+00 
1.161856128e+00 1.333333333e+00 1.345754291e+00 
1.186056838e+00 1.323618701e+00 1.439701897e+00 
1.260213144e+00 1.291438980e+00 1.483965673e+00 
1.153048845e+00 1.346690953e+00 1.483965673e+00 
1.318605684e+00 1.313904068e+00 1.493902439e+00 
1.146240675e+00 1.347905282e+00 1.372628726e+00 
1.267761989e+00 1.269581056e+00 1.428410117e+00 
1.255328597e+00 1.276259866e+00 1.381662150e+00 
1.128330373e+00 1.316939891e+00 1.335817525e+00 
1.242155417e+00 1.475409836e+00 1.558491418e+00 
1.128330373e+00 1.326654523e+00 1.343947606e+00 
1.217362345e+00 1.247115968e+00 1.345754291e+00 
1.134547069e+00 1.114146934e+00 1.195799458e+00 
1.134547069e+00 1.143897996e+00 1.343947606e+00 
1.399644760e+00 1.287795993e+00 1.466124661e+00 
1.296625222e+00 1.239222829e+00 1.381662150e+00 
1.103019538e+00 1.125683060e+00 1.185862692e+00 
1.080817052e+00 1.250758956e+00 1.288166215e+00 
1.000000000e+00 1.047965999e+00 1.148148148e+00 
1.190053286e+00 1.027929569e+00 1.195799458e+00 
1.190053286e+00 1.000000000e+00 1.000000000e+00 
1.000000000e+00 1.018214936e+00 1.000000000e+00 

1.502664298e+00 1.425015179e+00 1.669828365e+00 
1.518650089e+00 1.354584092e+00 1.614272809e+00 
1.847912966e+00 1.783242259e+00 1.915537489e+00 
1.300473357e+00 1.438372799e+00 1.568428184e+00 
1.750444050e+00 1.630843959e+00 1.819783198e+00 
1.362788632e+00 1.653916211e+00 1.765582656e+00 
1.437388988e+00 1.602914390e+00 1.710027100e+00 
1.325636767e+00 1.388585307e+00 1.568428184e+00 
1.529973357e+00 1.644201579e+00 1.819783198e+00 
1.311278863e+00 1.474195507e+00 1.669828365e+00 
1.646980462e+00 1.624772313e+00 1.765582656e+00 
1.769094139e+00 1.542197936e+00 1.764227642e+00 
1.242673179e+00 1.565877353e+00 1.633920506e+00 
1.804618117e+00 1.792349727e+00 1.915537489e+00 
1.311722913e+00 1.471159684e+00 1.579719964e+00 
1.231127886e+00 1.506982392e+00 1.589656730e+00 
1.320825933e+00 1.514875531e+00 1.679765131e+00 
1.277309059e+00 1.541590771e+00 1.633920506e+00 
1.337033748e+00 1.430479660e+00 1.579719964e+00 
1.874777975e+00 1.739526412e+00 1.904245709e+00 
1.242155417e+00 1.475409836e+00 1.558491418e+00 
1.595026643e+00 1.522768670e+00 1.754290876e+00 
1.411412078e+00 1.683667274e+00 1.775519422e+00 
1.598357016e+00 1.581056466e+00 1.764227642e+00 
1.468916519e+00 1.406800243e+00 1.606142728e+00 
1.153048845e+00 1.346690953e+00 1.483965673e+00 
1.495337478e+00 1.465695203e+00 1.679765131e+00 
1.553285968e+00 1.540376442e+00 1.754290876e+00 
1.267761989e+00 1.269581056e+00 1.428410117e+00 
1.489786856e+00 1.414086217e+00 1.614272809e+00 
1.186056838e+00 1.323618701e+00 1.439701897e+00 
1.302397869e+00 1.534304797e+00 1.633920506e+00 
1.261989343e+00 1.426836673e+00 1.558491418e+00 
1.305284192e+00 1.486338798e+00 1.633920506e+00 
1.399644760e+00 1.287795993e+00 1.466124661e+00 
1.161856128e+00 1.333333333e+00 1.345754291e+00 
1.579262877e+00 1.802064359e+00 1.915537489e+00 
1.783303730e+00 1.585306618e+00 1.765582656e+00 
1.482238011e+00 1.435944141e+00 1.669828365e+00 
1.255328597e+00 1.276259866e+00 1.381662150e+00 
1.787744227e+00 1.621129326e+00 1.775519422e+00 
1.654085258e+00 1.753491196e+00 1.904245709e+00 
1.318605684e+00 1.313904068e+00 1.493902439e+00 
1.260213144e+00 1.291438980e+00 1.483965673e+00 
1.356571936e+00 1.288403157e+00 1.529810298e+00 
1.496151865e+00 1.607771706e+00 1.718383017e+00 
1.890763766e+00 1.736490589e+00 1.859981933e+00 
1.741563055e+00 1.799635701e+00 1.915537489e+00 
1.388543517e+00 1.471159684e+00 1.614272809e+00 
1.540630551e+00 1.458409229e+00 1.679765131e+00 
1.161856128e+00 1.363084396e+00 1.493902439e+00 
1.217362345e+00 1.247115968e+00 1.345754291e+00 
1.134547069e+00 1.143897996e+00 1.343947606e+00 
1.134547069e+00 1.114146934e+00 1.195799458e+00 
1.146240675e+00 1.347905282e+00 1.372628726e+00 
1.128330373e+00 1.326654523e+00 1.343947606e+00 
1.241119005e+00 1.355191257e+00 1.529810298e+00 
1.128330373e+00 1.316939891e+00 1.335817525e+00 
1.080817052e+00 1.250758956e+00 1.288166215e+00 
1.296625222e+00 1.239222829e+00 1.381662150e+00 
1.190053286e+00 1.000000000e+00 1.000000000e+00 
1.103019538e+00 1.125683060e+00 1.185862692e+00 
1.190053286e+00 1.027929569e+00 1.195799458e+00 
1.500444050e+00 1.685488767e+00 1.850045167e+00 
1.000000000e+00 1.018214936e+00 1.000000000e+00 
1.000000000e+00 1.047965999e+00 1.148148148e+00 

1.242155417e+00 1.475409836e+00 1.558491418e+00 
1.543516874e+00 1.844565877e+00 1.804200542e+00 
1.460479574e+00 1.451123254e+00 1.625564589e+00 
1.540630551e+00 1.790528233e+00 1.767389341e+00 
1.563499112e+00 1.566484517e+00 1.710027100e+00 
1.812611012e+00 1.782635094e+00 1.915537489e+00 
1.546847247e+00 1.645415908e+00 1.775519422e+00 
1.274718472e+00 1.430479660e+00 1.579719964e+00 
1.434502664e+00 1.669095325e+00 1.729674797e+00 
1.769094139e+00 1.542197936e+00 1.764227642e+00 
1.543738899e+00 1.760777171e+00 1.767389341e+00 
1.370707815e+00 1.583485124e+00 1.718383017e+00 
1.224245115e+00 1.454159077e+00 1.529810298e+00 
1.666074600e+00 1.818457802e+00 1.915537489e+00 
1.687388988e+00 1.630843959e+00 1.819783198e+00 
1.655417407e+00 1.655130540e+00 1.819783198e+00 
1.482238011e+00 1.435944141e+00 1.669828365e+00 
1.576820604e+00 1.767455981e+00 1.850045167e+00 
1.502664298e+00 1.425015179e+00 1.669828365e+00 
1.787744227e+00 1.621129326e+00 1.775519422e+00 
1.325636767e+00 1.388585307e+00 1.568428184e+00 
1.320825933e+00 1.514875531e+00 1.679765131e+00 
1.496743339e+00 1.574984821e+00 1.765582656e+00 
1.408081705e+00 1.468123862e+00 1.625564589e+00 
1.440941385e+00 1.647844566e+00 1.729674797e+00 
1.248963588e+00 1.474195507e+00 1.669828365e+00 
1.579484902e+00 1.564055859e+00 1.765582656e+00 
1.924511545e+00 1.726775956e+00 1.915537489e+00 
1.461367673e+00 1.599878567e+00 1.754290876e+00 
1.563943162e+00 1.571341834e+00 1.754290876e+00 
1.161856128e+00 1.363084396e+00 1.493902439e+00 
1.867673179e+00 1.689738919e+00 1.850045167e+00 
1.518650089e+00 1.354584092e+00 1.614272809e+00 
1.318605684e+00 1.313904068e+00 1.493902439e+00 
1.741563055e+00 1.799635701e+00 1.915537489e+00 
1.454262877e+00 1.765027322e+00 1.756097561e+00 
1.597468917e+00 1.692774742e+00 1.904245709e+00 
1.344138544e+00 1.403764420e+00 1.614272809e+00 
1.495337478e+00 1.465695203e+00 1.679765131e+00 
1.356571936e+00 1.288403157e+00 1.529810298e+00 
1.128330373e+00 1.316939891e+00 1.335817525e+00 
1.161856128e+00 1.333333333e+00 1.345754291e+00 
1.589402309e+00 1.738919247e+00 1.850045167e+00 
1.153048845e+00 1.346690953e+00 1.483965673e+00 
1.255328597e+00 1.276259866e+00 1.381662150e+00 
1.260213144e+00 1.291438980e+00 1.483965673e+00 
1.186056838e+00 1.323618701e+00 1.439701897e+00 
1.728241563e+00 1.805707347e+00 1.915537489e+00 
1.540630551e+00 1.458409229e+00 1.679765131e+00 
1.587921847e+00 1.473588342e+00 1.754290876e+00 
1.593028419e+00 1.668488160e+00 1.819783198e+00 
1.146240675e+00 1.347905282e+00 1.372628726e+00 
1.399644760e+00 1.287795993e+00 1.466124661e+00 
1.128330373e+00 1.326654523e+00 1.343947606e+00 
1.241119005e+00 1.355191257e+00 1.529810298e+00 
1.134547069e+00 1.143897996e+00 1.343947606e+00 
1.080817052e+00 1.250758956e+00 1.288166215e+00 
1.217362345e+00 1.247115968e+00 1.345754291e+00 
1.134547069e+00 1.114146934e+00 1.195799458e+00 
1.261989343e+00 1.426836673e+00 1.558491418e+00 
1.296625222e+00 1.239222829e+00 1.381662150e+00 
1.000000000e+00 1.018214936e+00 1.000000000e+00 
1.000000000e+00 1.047965999e+00 1.148148148e+00 
1.190053286e+00 1.027929569e+00 1.195799458e+00 
1.267761989e+00 1.269581056e+00 1.428410117e+00 
1.190053286e+00 1.000000000e+00 1.000000000e+00 
1.103019538e+00 1.125683060e+00 1.185862692e+00 

1.656305506e+00 1.624772313e+00 1.765582656e+00 
1.558170515e+00 1.601700061e+00 1.718383017e+00 
1.738898757e+00 1.809957498e+00 1.915537489e+00 
1.460479574e+00 1.451123254e+00 1.625564589e+00 
1.924511545e+00 1.738312083e+00 1.915537489e+00 
1.502664298e+00 1.425015179e+00 1.669828365e+00 
1.248963588e+00 1.474195507e+00 1.669828365e+00 
1.787744227e+00 1.621129326e+00 1.775519422e+00 
1.308096803e+00 1.663023679e+00 1.718383017e+00 
1.425177620e+00 1.525197328e+00 1.679765131e+00 
1.534635879e+00 1.620522162e+00 1.710027100e+00 
1.242155417e+00 1.475409836e+00 1.558491418e+00 
1.639209591e+00 1.772920461e+00 1.859981933e+00 
1.547069272e+00 1.590163934e+00 1.708446251e+00 
1.784635879e+00 1.794778385e+00 1.915537489e+00 
1.576820604e+00 1.767455981e+00 1.850045167e+00 
1.595026643e+00 1.522768670e+00 1.754290876e+00 
1.526420959e+00 1.662416515e+00 1.819783198e+00 
1.740674956e+00 1.703703704e+00 1.904245709e+00 
1.274718472e+00 1.430479660e+00 1.579719964e+00 
1.651420959e+00 1.740133576e+00 1.904245709e+00 
1.682504440e+00 1.567698846e+00 1.764227642e+00 
1.598357016e+00 1.581056466e+00 1.764227642e+00 
1.585257549e+00 1.551305404e+00 1.754290876e+00 
1.224245115e+00 1.444444444e+00 1.521680217e+00 
1.572824156e+00 1.569520340e+00 1.701897019e+00 
1.482238011e+00 1.435944141e+00 1.669828365e+00 
1.554618117e+00 1.854887675e+00 1.915537489e+00 
1.495337478e+00 1.465695203e+00 1.679765131e+00 
1.805506217e+00 1.787492410e+00 1.915537489e+00 
1.537078153e+00 1.607771706e+00 1.718383017e+00 
1.231127886e+00 1.506982392e+00 1.589656730e+00 
1.518650089e+00 1.354584092e+00 1.614272809e+00 
1.683836590e+00 1.458409229e+00 1.679765131e+00 
1.325636767e+00 1.388585307e+00 1.568428184e+00 
1.529973357e+00 1.644201579e+00 1.819783198e+00 
1.224245115e+00 1.454159077e+00 1.529810298e+00 
1.635435169e+00 1.842744384e+00 1.915537489e+00 
1.356571936e+00 1.288403157e+00 1.529810298e+00 
1.161856128e+00 1.333333333e+00 1.345754291e+00 
1.745115453e+00 1.585306618e+00 1.765582656e+00 
1.153048845e+00 1.346690953e+00 1.483965673e+00 
1.161856128e+00 1.363084396e+00 1.493902439e+00 
1.415186501e+00 1.636915604e+00 1.765582656e+00 
1.769094139e+00 1.542197936e+00 1.764227642e+00 
1.241119005e+00 1.355191257e+00 1.529810298e+00 
1.267761989e+00 1.269581056e+00 1.428410117e+00 
1.255328597e+00 1.276259866e+00 1.381662150e+00 
1.128330373e+00 1.316939891e+00 1.335817525e+00 
1.261989343e+00 1.426836673e+00 1.558491418e+00 
1.344138544e+00 1.403764420e+00 1.614272809e+00 
1.186056838e+00 1.323618701e+00 1.439701897e+00 
1.260213144e+00 1.291438980e+00 1.483965673e+00 
1.146240675e+00 1.347905282e+00 1.372628726e+00 
1.399644760e+00 1.287795993e+00 1.466124661e+00 
1.318605684e+00 1.313904068e+00 1.493902439e+00 
1.128330373e+00 1.326654523e+00 1.343947606e+00 
1.611456483e+00 1.630236794e+00 1.765582656e+00 
1.134547069e+00 1.114146934e+00 1.195799458e+00 
1.528863233e+00 1.631451123e+00 1.729674797e+00 
1.080817052e+00 1.250758956e+00 1.288166215e+00 
1.217362345e+00 1.247115968e+00 1.345754291e+00 
1.408081705e+00 1.468123862e+00 1.625564589e+00 
1.596358792e+00 1.637522769e+00 1.819783198e+00 
1.103019538e+00 1.125683060e+00 1.185862692e+00 
1.134547069e+00 1.143897996e+00 1.343947606e+00 
1.190053286e+00 1.000000000e+00 1.000000000e+00 
1.000000000e+00 1.018214936e+00 1.000000000e+00 
1.190053286e+00 1.027929569e+00 1.195799458e+00 
1.000000000e+00 1.047965999e+00 1.148148148e+00 
1.296625222e+00 1.239222829e+00 1.381662150e+00 

1.408081705e+00 1.468123862e+00 1.625564589e+00 
1.440941385e+00 1.647844566e+00 1.729674797e+00 
1.793960924e+00 1.735276260e+00 1.904245709e+00 
1.750444050e+00 1.630843959e+00 1.819783198e+00 
1.380994671e+00 1.770491803e+00 1.764227642e+00 
1.482238011e+00 1.435944141e+00 1.669828365e+00 
1.380994671e+00 1.760777171e+00 1.756097561e+00 
1.460479574e+00 1.451123254e+00 1.625564589e+00 
1.810834813e+00 1.704310868e+00 1.904245709e+00 
1.683836590e+00 1.458409229e+00 1.679765131e+00 
1.242673179e+00 1.565877353e+00 1.633920506e+00 
1.337033748e+00 1.430479660e+00 1.579719964e+00 
1.638543517e+00 1.465695203e+00 1.679765131e+00 
1.547069272e+00 1.663023679e+00 1.775519422e+00 
1.554174067e+00 1.604735883e+00 1.765582656e+00 
1.248963588e+00 1.474195507e+00 1.669828365e+00 
1.682504440e+00 1.567698846e+00 1.764227642e+00 
1.383880995e+00 1.507589557e+00 1.679765131e+00 
1.344138544e+00 1.403764420e+00 1.614272809e+00 
1.773534636e+00 1.782027930e+00 1.904245709e+00 
1.546625222e+00 1.690346084e+00 1.850045167e+00 
1.543072824e+00 1.528840316e+00 1.754290876e+00 
1.657637655e+00 1.760777171e+00 1.859981933e+00 
1.587921847e+00 1.473588342e+00 1.754290876e+00 
1.533969805e+00 1.706132362e+00 1.775519422e+00 
1.462107460e+00 1.665452338e+00 1.765582656e+00 
1.224245115e+00 1.454159077e+00 1.529810298e+00 
1.847912966e+00 1.783242259e+00 1.915537489e+00 
1.161856128e+00 1.363084396e+00 1.493902439e+00 
1.516207815e+00 1.867030965e+00 1.814137308e+00 
1.455595027e+00 1.540376442e+00 1.754290876e+00 
1.698490231e+00 1.754098361e+00 1.859981933e+00 
1.320825933e+00 1.514875531e+00 1.679765131e+00 
1.769094139e+00 1.542197936e+00 1.764227642e+00 
1.738898757e+00 1.809957498e+00 1.915537489e+00 
1.261989343e+00 1.426836673e+00 1.558491418e+00 
1.575932504e+00 1.574984821e+00 1.765582656e+00 
1.186056838e+00 1.323618701e+00 1.439701897e+00 
1.502664298e+00 1.425015179e+00 1.669828365e+00 
1.744227353e+00 1.735276260e+00 1.859981933e+00 
1.596358792e+00 1.637522769e+00 1.819783198e+00 
1.495559503e+00 1.483302975e+00 1.679765131e+00 
1.924511545e+00 1.738312083e+00 1.915537489e+00 
1.536856128e+00 1.676381299e+00 1.775519422e+00 
1.241119005e+00 1.355191257e+00 1.529810298e+00 
1.656527531e+00 1.813600486e+00 1.915537489e+00 
1.260213144e+00 1.291438980e+00 1.483965673e+00 
1.146240675e+00 1.347905282e+00 1.372628726e+00 
1.153048845e+00 1.346690953e+00 1.483965673e+00 
1.128330373e+00 1.326654523e+00 1.343947606e+00 
1.787744227e+00 1.621129326e+00 1.775519422e+00 
1.255328597e+00 1.276259866e+00 1.381662150e+00 
1.325636767e+00 1.388585307e+00 1.568428184e+00 
1.318605684e+00 1.313904068e+00 1.493902439e+00 
1.356571936e+00 1.288403157e+00 1.529810298e+00 
1.399644760e+00 1.287795993e+00 1.466124661e+00 
1.267761989e+00 1.269581056e+00 1.428410117e+00 
1.308096803e+00 1.663023679e+00 1.718383017e+00 
1.161856128e+00 1.333333333e+00 1.345754291e+00 
1.528197158e+00 1.573770492e+00 1.764227642e+00 
1.311722913e+00 1.471159684e+00 1.579719964e+00 
1.296625222e+00 1.239222829e+00 1.381662150e+00 
1.080817052e+00 1.250758956e+00 1.288166215e+00 
1.128330373e+00 1.316939891e+00 1.335817525e+00 
1.134547069e+00 1.143897996e+00 1.343947606e+00 
1.134547069e+00 1.114146934e+00 1.195799458e+00 
1.217362345e+00 1.247115968e+00 1.345754291e+00 
1.190053286e+00 1.000000000e+00 1.000000000e+00 
1.103019538e+00 1.125683060e+00 1.185862692e+00 
1.000000000e+00 1.018214936e+00 1.000000000e+00 
1.000000000e+00 1.047965999e+00 1.148148148e+00 
1.190053286e+00 1.027929569e+00 1.195799458e+00 

1.690053286e+00 1.619914997e+00 1.819783198e+00 
1.518650089e+00 1.354584092e+00 1.614272809e+00 
1.437388988e+00 1.602914390e+00 1.710027100e+00 
1.618117229e+00 1.592592593e+00 1.765582656e+00 
1.364342806e+00 1.649666060e+00 1.729674797e+00 
1.560834813e+00 1.595628415e+00 1.754290876e+00 
1.344138544e+00 1.403764420e+00 1.614272809e+00 
1.698046181e+00 1.564055859e+00 1.765582656e+00 
1.810834813e+00 1.704310868e+00 1.904245709e+00 
1.513987567e+00 1.601700061e+00 1.756097561e+00 
1.549289520e+00 1.598664238e+00 1.764227642e+00 
1.280787744e+00 1.443837280e+00 1.568428184e+00 
1.572824156e+00 1.569520340e+00 1.701897019e+00 
1.500444050e+00 1.658166363e+00 1.765582656e+00 
1.241119005e+00 1.355191257e+00 1.529810298e+00 
1.587921847e+00 1.473588342e+00 1.754290876e+00 
1.460479574e+00 1.451123254e+00 1.625564589e+00 
1.495337478e+00 1.465695203e+00 1.679765131e+00 
1.579262877e+00 1.802064359e+00 1.915537489e+00 
1.318605684e+00 1.313904068e+00 1.493902439e+00 
1.847912966e+00 1.783242259e+00 1.915537489e+00 
1.408081705e+00 1.468123862e+00 1.625564589e+00 
1.153048845e+00 1.346690953e+00 1.483965673e+00 
1.337033748e+00 1.430479660e+00 1.579719964e+00 
1.529973357e+00 1.644201579e+00 1.819783198e+00 
1.470692718e+00 1.665452338e+00 1.765582656e+00 
1.500444050e+00 1.685488767e+00 1.850045167e+00 
1.186056838e+00 1.323618701e+00 1.439701897e+00 
1.248963588e+00 1.474195507e+00 1.669828365e+00 
1.341918295e+00 1.426836673e+00 1.558491418e+00 
1.231127886e+00 1.506982392e+00 1.589656730e+00 
1.502664298e+00 1.425015179e+00 1.669828365e+00 
1.300473357e+00 1.438372799e+00 1.568428184e+00 
1.338587922e+00 1.693381906e+00 1.819783198e+00 
1.224245115e+00 1.444444444e+00 1.521680217e+00 
1.320825933e+00 1.514875531e+00 1.679765131e+00 
1.376332149e+00 1.398907104e+00 1.531616983e+00 
1.128330373e+00 1.326654523e+00 1.343947606e+00 
1.260213144e+00 1.291438980e+00 1.483965673e+00 
1.399644760e+00 1.287795993e+00 1.466124661e+00 
1.267761989e+00 1.269581056e+00 1.428410117e+00 
1.128330373e+00 1.316939891e+00 1.335817525e+00 
1.630328597e+00 1.746205222e+00 1.904245709e+00 
1.573712256e+00 1.593806922e+00 1.729674797e+00 
1.255328597e+00 1.276259866e+00 1.381662150e+00 
1.311722913e+00 1.471159684e+00 1.579719964e+00 
1.161856128e+00 1.363084396e+00 1.493902439e+00 
1.161856128e+00 1.333333333e+00 1.345754291e+00 
1.242673179e+00 1.565877353e+00 1.633920506e+00 
1.356571936e+00 1.288403157e+00 1.529810298e+00 
1.146240675e+00 1.347905282e+00 1.372628726e+00 
1.457371226e+00 1.388585307e+00 1.568428184e+00 
1.727797513e+00 1.745598057e+00 1.904245709e+00 
1.383880995e+00 1.507589557e+00 1.679765131e+00 
1.134547069e+00 1.143897996e+00 1.343947606e+00 
1.134547069e+00 1.114146934e+00 1.195799458e+00 
1.296625222e+00 1.239222829e+00 1.381662150e+00 
1.217362345e+00 1.247115968e+00 1.345754291e+00 
1.190053286e+00 1.000000000e+00 1.000000000e+00 
1.000000000e+00 1.047965999e+00 1.148148148e+00 
1.080817052e+00 1.250758956e+00 1.288166215e+00 
1.190053286e+00 1.027929569e+00 1.195799458e+00 
1.103019538e+00 1.125683060e+00 1.185862692e+00 
1.000000000e+00 1.018214936e+00 1.000000000e+00 

1.300473357e+00 1.438372799e+00 1.568428184e+00 
1.630994671e+00 1.627200971e+00 1.775519422e+00 
1.500444050e+00 1.685488767e+00 1.850045167e+00 
1.582593250e+00 1.630843959e+00 1.765582656e+00 
1.305284192e+00 1.486338798e+00 1.633920506e+00 
1.338587922e+00 1.693381906e+00 1.819783198e+00 
1.756660746e+00 1.619914997e+00 1.775519422e+00 
1.520648313e+00 1.785063752e+00 1.904245709e+00 
1.487788632e+00 1.670309654e+00 1.775519422e+00 
1.328152753e+00 1.474195507e+00 1.669828365e+00 
1.467584369e+00 1.692167577e+00 1.765582656e+00 
1.586145648e+00 1.652094718e+00 1.775519422e+00 
1.440941385e+00 1.647844566e+00 1.729674797e+00 
1.445381883e+00 1.595628415e+00 1.754290876e+00 
1.302397869e+00 1.534304797e+00 1.633920506e+00 
1.750444050e+00 1.630843959e+00 1.819783198e+00 
1.706039076e+00 1.549483910e+00 1.764227642e+00 
1.320825933e+00 1.514875531e+00 1.679765131e+00 
1.224245115e+00 1.444444444e+00 1.521680217e+00 
1.482238011e+00 1.435944141e+00 1.669828365e+00 
1.763543517e+00 1.734061931e+00 1.915537489e+00 
1.518650089e+00 1.354584092e+00 1.614272809e+00 
1.242673179e+00 1.565877353e+00 1.633920506e+00 
1.597468917e+00 1.692774742e+00 1.904245709e+00 
1.460479574e+00 1.451123254e+00 1.625564589e+00 
1.344138544e+00 1.403764420e+00 1.614272809e+00 
1.231127886e+00 1.506982392e+00 1.589656730e+00 
1.495337478e+00 1.465695203e+00 1.679765131e+00 
1.277309059e+00 1.541590771e+00 1.633920506e+00 
1.128330373e+00 1.316939891e+00 1.335817525e+00 
1.224245115e+00 1.454159077e+00 1.529810298e+00 
1.241119005e+00 1.355191257e+00 1.529810298e+00 
1.311722913e+00 1.471159684e+00 1.579719964e+00 
1.318605684e+00 1.313904068e+00 1.493902439e+00 
1.161856128e+00 1.363084396e+00 1.493902439e+00 
1.603907638e+00 1.613236187e+00 1.765582656e+00 
1.674067496e+00 1.601700061e+00 1.756097561e+00 
1.161856128e+00 1.333333333e+00 1.345754291e+00 
1.146240675e+00 1.347905282e+00 1.372628726e+00 
1.255328597e+00 1.276259866e+00 1.381662150e+00 
1.280787744e+00 1.443837280e+00 1.568428184e+00 
1.376332149e+00 1.398907104e+00 1.531616983e+00 
1.341918295e+00 1.426836673e+00 1.558491418e+00 
1.356571936e+00 1.288403157e+00 1.529810298e+00 
1.128330373e+00 1.326654523e+00 1.343947606e+00 
1.579262877e+00 1.802064359e+00 1.915537489e+00 
1.783303730e+00 1.585306618e+00 1.765582656e+00 
1.587921847e+00 1.473588342e+00 1.754290876e+00 
1.370707815e+00 1.583485124e+00 1.718383017e+00 
1.267761989e+00 1.269581056e+00 1.428410117e+00 
1.186056838e+00 1.323618701e+00 1.439701897e+00 
1.153048845e+00 1.346690953e+00 1.483965673e+00 
1.530639432e+00 1.655737705e+00 1.819783198e+00 
1.217362345e+00 1.247115968e+00 1.345754291e+00 
1.496225577e+00 1.625986642e+00 1.756097561e+00 
1.134547069e+00 1.143897996e+00 1.343947606e+00 
1.377442274e+00 1.388585307e+00 1.568428184e+00 
1.399644760e+00 1.287795993e+00 1.466124661e+00 
1.080817052e+00 1.250758956e+00 1.288166215e+00 
1.134547069e+00 1.114146934e+00 1.195799458e+00 
1.531305506e+00 1.623557984e+00 1.764227642e+00 
1.000000000e+00 1.047965999e+00 1.148148148e+00 
1.190053286e+00 1.027929569e+00 1.195799458e+00 
1.190053286e+00 1.000000000e+00 1.000000000e+00 
1.296625222e+00 1.239222829e+00 1.381662150e+00 
1.260213144e+00 1.291438980e+00 1.483965673e+00 
1.000000000e+00 1.018214936e+00 1.000000000e+00 
1.103019538e+00 1.125683060e+00 1.185862692e+00 

1.492007105e+00 1.647844566e+00 1.765582656e+00 
1.522498224e+00 1.582877960e+00 1.754290876e+00 
1.554618117e+00 1.854887675e+00 1.915537489e+00 
1.474911190e+00 1.584092289e+00 1.718383017e+00 
1.403863233e+00 1.632665452e+00 1.671635050e+00 
1.388543517e+00 1.471159684e+00 1.614272809e+00 
1.261989343e+00 1.426836673e+00 1.558491418e+00 
1.587921847e+00 1.473588342e+00 1.754290876e+00 
1.847912966e+00 1.783242259e+00 1.915537489e+00 
1.626554174e+00 1.714025501e+00 1.850045167e+00 
1.421847247e+00 1.671523983e+00 1.765582656e+00 
1.527309059e+00 1.630843959e+00 1.819783198e+00 
1.337033748e+00 1.430479660e+00 1.579719964e+00 
1.683614565e+00 1.801457195e+00 1.915537489e+00 
1.924511545e+00 1.738312083e+00 1.915537489e+00 
1.616119005e+00 1.550091075e+00 1.764227642e+00 
1.459591474e+00 1.403764420e+00 1.614272809e+00 
1.486900533e+00 1.622950820e+00 1.764227642e+00 
1.683836590e+00 1.458409229e+00 1.679765131e+00 
1.224245115e+00 1.454159077e+00 1.529810298e+00 
1.186056838e+00 1.323618701e+00 1.439701897e+00 
1.575932504e+00 1.574984821e+00 1.765582656e+00 
1.570159858e+00 1.534304797e+00 1.710027100e+00 
1.838365897e+00 1.661202186e+00 1.904245709e+00 
1.408081705e+00 1.468123862e+00 1.625564589e+00 
1.703969805e+00 1.741347905e+00 1.904245709e+00 
1.678952043e+00 1.690346084e+00 1.850045167e+00 
1.308096803e+00 1.663023679e+00 1.718383017e+00 
1.647868561e+00 1.817243473e+00 1.915537489e+00 
1.305284192e+00 1.486338798e+00 1.633920506e+00 
1.545293073e+00 1.454766242e+00 1.633920506e+00 
1.380994671e+00 1.770491803e+00 1.764227642e+00 
1.377442274e+00 1.388585307e+00 1.568428184e+00 
1.242673179e+00 1.565877353e+00 1.633920506e+00 
1.161856128e+00 1.363084396e+00 1.493902439e+00 
1.295071048e+00 1.488767456e+00 1.578364950e+00 
1.518650089e+00 1.354584092e+00 1.614272809e+00 
1.260213144e+00 1.291438980e+00 1.483965673e+00 
1.376332149e+00 1.398907104e+00 1.531616983e+00 
1.318605684e+00 1.313904068e+00 1.493902439e+00 
1.311944938e+00 1.709775349e+00 1.729674797e+00 
1.277309059e+00 1.541590771e+00 1.633920506e+00 
1.423845471e+00 1.741955070e+00 1.904245709e+00 
1.460479574e+00 1.451123254e+00 1.625564589e+00 
1.410968028e+00 1.577413479e+00 1.671635050e+00 
1.767317940e+00 1.599271403e+00 1.819783198e+00 
1.495337478e+00 1.465695203e+00 1.679765131e+00 
1.224245115e+00 1.444444444e+00 1.521680217e+00 
1.311278863e+00 1.474195507e+00 1.669828365e+00 
1.523978686e+00 1.641772920e+00 1.765582656e+00 
1.587921847e+00 1.446265938e+00 1.669828365e+00 
1.425177620e+00 1.525197328e+00 1.679765131e+00 
1.356571936e+00 1.288403157e+00 1.529810298e+00 
1.311722913e+00 1.471159684e+00 1.579719964e+00 
1.153048845e+00 1.346690953e+00 1.483965673e+00 
1.161856128e+00 1.333333333e+00 1.345754291e+00 
1.267761989e+00 1.269581056e+00 1.428410117e+00 
1.512211368e+00 1.644201579e+00 1.819783198e+00 
1.128330373e+00 1.326654523e+00 1.343947606e+00 
1.128330373e+00 1.316939891e+00 1.335817525e+00 
1.231127886e+00 1.506982392e+00 1.589656730e+00 
1.300473357e+00 1.438372799e+00 1.568428184e+00 
1.255328597e+00 1.276259866e+00 1.381662150e+00 
1.080817052e+00 1.250758956e+00 1.288166215e+00 
1.241119005e+00 1.355191257e+00 1.529810298e+00 
1.427619893e+00 1.595628415e+00 1.754290876e+00 
1.399644760e+00 1.287795993e+00 1.466124661e+00 
1.134547069e+00 1.114146934e+00 1.195799458e+00 
1.134547069e+00 1.143897996e+00 1.343947606e+00 
1.146240675e+00 1.347905282e+00 1.372628726e+00 
1.296625222e+00 1.239222829e+00 1.381662150e+00 
1.190053286e+00 1.000000000e+00 1.000000000e+00 
1.217362345e+00 1.247115968e+00 1.345754291e+00 
1.000000000e+00 1.047965999e+00 1.148148148e+00 
1.103019538e+00 1.125683060e+00 1.185862692e+00 
1.190053286e+00 1.027929569e+00 1.195799458e+00 
1.000000000e+00 1.018214936e+00 1.000000000e+00 

1.924511545e+00 1.738312083e+00 1.915537489e+00 
1.450044405e+00 1.651487553e+00 1.819783198e+00 
1.338587922e+00 1.693381906e+00 1.819783198e+00 
1.638543517e+00 1.644201579e+00 1.819783198e+00 
1.370707815e+00 1.583485124e+00 1.718383017e+00 
1.388543517e+00 1.471159684e+00 1.614272809e+00 
1.738898757e+00 1.809957498e+00 1.915537489e+00 
1.610568384e+00 1.648451730e+00 1.819783198e+00 
1.320825933e+00 1.514875531e+00 1.679765131e+00 
1.787744227e+00 1.621129326e+00 1.775519422e+00 
1.495337478e+00 1.465695203e+00 1.679765131e+00 
1.647868561e+00 1.817243473e+00 1.915537489e+00 
1.248963588e+00 1.474195507e+00 1.669828365e+00 
1.459591474e+00 1.403764420e+00 1.614272809e+00 
1.432060391e+00 1.636915604e+00 1.765582656e+00 
1.231127886e+00 1.506982392e+00 1.589656730e+00 
1.698046181e+00 1.564055859e+00 1.765582656e+00 
1.810834813e+00 1.704310868e+00 1.904245709e+00 
1.595026643e+00 1.522768670e+00 1.754290876e+00 
1.475577265e+00 1.590163934e+00 1.754290876e+00 
1.664742451e+00 1.723132969e+00 1.850045167e+00 
1.575932504e+00 1.574984821e+00 1.765582656e+00 
1.408081705e+00 1.468123862e+00 1.625564589e+00 
1.325636767e+00 1.388585307e+00 1.568428184e+00 
1.423845471e+00 1.741955070e+00 1.904245709e+00 
1.411412078e+00 1.683667274e+00 1.775519422e+00 
1.261989343e+00 1.426836673e+00 1.558491418e+00 
1.224245115e+00 1.454159077e+00 1.529810298e+00 
1.146240675e+00 1.347905282e+00 1.372628726e+00 
1.791296625e+00 1.800850030e+00 1.915537489e+00 
1.534191829e+00 1.607164542e+00 1.765582656e+00 
1.535523979e+00 1.540376442e+00 1.754290876e+00 
1.502664298e+00 1.425015179e+00 1.669828365e+00 
1.161856128e+00 1.333333333e+00 1.345754291e+00 
1.274718472e+00 1.430479660e+00 1.579719964e+00 
1.540630551e+00 1.458409229e+00 1.679765131e+00 
1.242673179e+00 1.565877353e+00 1.633920506e+00 
1.318605684e+00 1.313904068e+00 1.493902439e+00 
1.356571936e+00 1.288403157e+00 1.529810298e+00 
1.186056838e+00 1.323618701e+00 1.439701897e+00 
1.669626998e+00 1.630843959e+00 1.819783198e+00 
1.399644760e+00 1.287795993e+00 1.466124661e+00 
1.260213144e+00 1.291438980e+00 1.483965673e+00 
1.255328597e+00 1.276259866e+00 1.381662150e+00 
1.518650089e+00 1.354584092e+00 1.614272809e+00 
1.153048845e+00 1.346690953e+00 1.483965673e+00 
1.128330373e+00 1.326654523e+00 1.343947606e+00 
1.217362345e+00 1.247115968e+00 1.345754291e+00 
1.241119005e+00 1.355191257e+00 1.529810298e+00 
1.134547069e+00 1.114146934e+00 1.195799458e+00 
1.128330373e+00 1.316939891e+00 1.335817525e+00 
1.161856128e+00 1.363084396e+00 1.493902439e+00 
1.267761989e+00 1.269581056e+00 1.428410117e+00 
1.296625222e+00 1.239222829e+00 1.381662150e+00 
1.134547069e+00 1.143897996e+00 1.343947606e+00 
1.190053286e+00 1.027929569e+00 1.195799458e+00 
1.000000000e+00 1.018214936e+00 1.000000000e+00 
1.190053286e+00 1.000000000e+00 1.000000000e+00 
1.103019538e+00 1.125683060e+00 1.185862692e+00 
1.080817052e+00 1.250758956e+00 1.288166215e+00 
1.000000000e+00 1.047965999e+00 1.148148148e+00 

1.502664298e+00 1.425015179e+00 1.669828365e+00 
1.224245115e+00 1.444444444e+00 1.521680217e+00 
1.769094139e+00 1.542197936e+00 1.764227642e+00 
1.411412078e+00 1.683667274e+00 1.775519422e+00 
1.804618117e+00 1.792349727e+00 1.915537489e+00 
1.435761101e+00 1.588949605e+00 1.754290876e+00 
1.570159858e+00 1.534304797e+00 1.710027100e+00 
1.783303730e+00 1.585306618e+00 1.765582656e+00 
1.722024867e+00 1.606557377e+00 1.819783198e+00 
1.666074600e+00 1.598664238e+00 1.765582656e+00 
1.793960924e+00 1.735276260e+00 1.904245709e+00 
1.280787744e+00 1.443837280e+00 1.568428184e+00 
1.467584369e+00 1.805707347e+00 1.915537489e+00 
1.302397869e+00 1.534304797e+00 1.633920506e+00 
1.682504440e+00 1.567698846e+00 1.764227642e+00 
1.810834813e+00 1.704310868e+00 1.904245709e+00 
1.595026643e+00 1.522768670e+00 1.754290876e+00 
1.344138544e+00 1.403764420e+00 1.614272809e+00 
1.311278863e+00 1.474195507e+00 1.669828365e+00 
1.651420959e+00 1.740133576e+00 1.904245709e+00 
1.423845471e+00 1.741955070e+00 1.904245709e+00 
1.383880995e+00 1.507589557e+00 1.679765131e+00 
1.464031972e+00 1.630843959e+00 1.765582656e+00 
1.576376554e+00 1.624772313e+00 1.765582656e+00 
1.482238011e+00 1.435944141e+00 1.669828365e+00 
1.546625222e+00 1.690346084e+00 1.850045167e+00 
1.261989343e+00 1.426836673e+00 1.558491418e+00 
1.305284192e+00 1.486338798e+00 1.633920506e+00 
1.311944938e+00 1.709775349e+00 1.729674797e+00 
1.495337478e+00 1.465695203e+00 1.679765131e+00 
1.579262877e+00 1.802064359e+00 1.915537489e+00 
1.311722913e+00 1.471159684e+00 1.579719964e+00 
1.231127886e+00 1.506982392e+00 1.589656730e+00 
1.847912966e+00 1.783242259e+00 1.915537489e+00 
1.255328597e+00 1.276259866e+00 1.381662150e+00 
1.153048845e+00 1.346690953e+00 1.483965673e+00 
1.241119005e+00 1.355191257e+00 1.529810298e+00 
1.224245115e+00 1.454159077e+00 1.529810298e+00 
1.518650089e+00 1.354584092e+00 1.614272809e+00 
1.460479574e+00 1.451123254e+00 1.625564589e+00 
1.242155417e+00 1.475409836e+00 1.558491418e+00 
1.260213144e+00 1.291438980e+00 1.483965673e+00 
1.356571936e+00 1.288403157e+00 1.529810298e+00 
1.529973357e+00 1.644201579e+00 1.819783198e+00 
1.320825933e+00 1.514875531e+00 1.679765131e+00 
1.660746004e+00 1.685488767e+00 1.850045167e+00 
1.128330373e+00 1.316939891e+00 1.335817525e+00 
1.146240675e+00 1.347905282e+00 1.372628726e+00 
1.161856128e+00 1.363084396e+00 1.493902439e+00 
1.318605684e+00 1.313904068e+00 1.493902439e+00 
1.161856128e+00 1.333333333e+00 1.345754291e+00 
1.186056838e+00 1.323618701e+00 1.439701897e+00 
1.267761989e+00 1.269581056e+00 1.428410117e+00 
1.134547069e+00 1.143897996e+00 1.343947606e+00 
1.376332149e+00 1.398907104e+00 1.531616983e+00 
1.128330373e+00 1.326654523e+00 1.343947606e+00 
1.540630551e+00 1.458409229e+00 1.679765131e+00 
1.080817052e+00 1.250758956e+00 1.288166215e+00 
1.134547069e+00 1.114146934e+00 1.195799458e+00 
1.399644760e+00 1.287795993e+00 1.466124661e+00 
1.217362345e+00 1.247115968e+00 1.345754291e+00 
1.000000000e+00 1.018214936e+00 1.000000000e+00 
1.296625222e+00 1.239222829e+00 1.381662150e+00 
1.190053286e+00 1.000000000e+00 1.000000000e+00 
1.103019538e+00 1.125683060e+00 1.185862692e+00 
1.190053286e+00 1.027929569e+00 1.195799458e+00 
1.000000000e+00 1.047965999e+00 1.148148148e+00 

1.579262877e+00 1.802064359e+00 1.915537489e+00 
1.750444050e+00 1.630843959e+00 1.819783198e+00 
1.741563055e+00 1.799635701e+00 1.915537489e+00 
1.812611012e+00 1.782635094e+00 1.915537489e+00 
1.752815275e+00 1.727990285e+00 1.904245709e+00 
1.500444050e+00 1.685488767e+00 1.850045167e+00 
1.383880995e+00 1.507589557e+00 1.679765131e+00 
1.596358792e+00 1.637522769e+00 1.819783198e+00 
1.502664298e+00 1.425015179e+00 1.669828365e+00 
1.407859680e+00 1.837279903e+00 1.915537489e+00 
1.462699822e+00 1.403764420e+00 1.614272809e+00 
1.599467140e+00 1.533090468e+00 1.754290876e+00 
1.320825933e+00 1.514875531e+00 1.679765131e+00 
1.437388988e+00 1.602914390e+00 1.710027100e+00 
1.639209591e+00 1.772920461e+00 1.859981933e+00 
1.512211368e+00 1.644201579e+00 1.819783198e+00 
1.698046181e+00 1.564055859e+00 1.765582656e+00 
1.810834813e+00 1.704310868e+00 1.904245709e+00 
1.570159858e+00 1.534304797e+00 1.710027100e+00 
1.248963588e+00 1.474195507e+00 1.669828365e+00 
1.651420959e+00 1.740133576e+00 1.904245709e+00 
1.469804618e+00 1.551305404e+00 1.754290876e+00 
1.186056838e+00 1.323618701e+00 1.439701897e+00 
1.128330373e+00 1.316939891e+00 1.335817525e+00 
1.377442274e+00 1.388585307e+00 1.568428184e+00 
1.683836590e+00 1.458409229e+00 1.679765131e+00 
1.318605684e+00 1.313904068e+00 1.493902439e+00 
1.356571936e+00 1.288403157e+00 1.529810298e+00 
1.261989343e+00 1.426836673e+00 1.558491418e+00 
1.399644760e+00 1.287795993e+00 1.466124661e+00 
1.161856128e+00 1.363084396e+00 1.493902439e+00 
1.535523979e+00 1.540376442e+00 1.754290876e+00 
1.495337478e+00 1.465695203e+00 1.679765131e+00 
1.408081705e+00 1.468123862e+00 1.625564589e+00 
1.255328597e+00 1.276259866e+00 1.381662150e+00 
1.128330373e+00 1.326654523e+00 1.343947606e+00 
1.805506217e+00 1.787492410e+00 1.915537489e+00 
1.455002664e+00 1.607164542e+00 1.765582656e+00 
1.161856128e+00 1.333333333e+00 1.345754291e+00 
1.146240675e+00 1.347905282e+00 1.372628726e+00 
1.080817052e+00 1.250758956e+00 1.288166215e+00 
1.353907638e+00 1.430479660e+00 1.579719964e+00 
1.300473357e+00 1.438372799e+00 1.568428184e+00 
1.267761989e+00 1.269581056e+00 1.428410117e+00 
1.241119005e+00 1.355191257e+00 1.529810298e+00 
1.311722913e+00 1.471159684e+00 1.579719964e+00 
1.619893428e+00 1.522161506e+00 1.754290876e+00 
1.134547069e+00 1.143897996e+00 1.343947606e+00 
1.134547069e+00 1.114146934e+00 1.195799458e+00 
1.153048845e+00 1.346690953e+00 1.483965673e+00 
1.518650089e+00 1.354584092e+00 1.614272809e+00 
1.376332149e+00 1.398907104e+00 1.531616983e+00 
1.217362345e+00 1.247115968e+00 1.345754291e+00 
1.000000000e+00 1.047965999e+00 1.148148148e+00 
1.296625222e+00 1.239222829e+00 1.381662150e+00 
1.260213144e+00 1.291438980e+00 1.483965673e+00 
1.103019538e+00 1.125683060e+00 1.185862692e+00 
1.000000000e+00 1.018214936e+00 1.000000000e+00 
1.190053286e+00 1.027929569e+00 1.195799458e+00 
1.190053286e+00 1.000000000e+00 1.000000000e+00 

1.759325044e+00 1.550091075e+00 1.764227642e+00 
1.344138544e+00 1.403764420e+00 1.614272809e+00 
1.810834813e+00 1.704310868e+00 1.904245709e+00 
1.763543517e+00 1.734061931e+00 1.915537489e+00 
1.767317940e+00 1.599271403e+00 1.819783198e+00 
1.423845471e+00 1.741955070e+00 1.904245709e+00 
1.518650089e+00 1.354584092e+00 1.614272809e+00 
1.756660746e+00 1.774741955e+00 1.915537489e+00 
1.311944938e+00 1.709775349e+00 1.729674797e+00 
1.579262877e+00 1.802064359e+00 1.915537489e+00 
1.305284192e+00 1.649058895e+00 1.679765131e+00 
1.277309059e+00 1.541590771e+00 1.633920506e+00 
1.585257549e+00 1.551305404e+00 1.754290876e+00 
1.274718472e+00 1.430479660e+00 1.579719964e+00 
1.690053286e+00 1.619914997e+00 1.819783198e+00 
1.311278863e+00 1.474195507e+00 1.669828365e+00 
1.683614565e+00 1.801457195e+00 1.915537489e+00 
1.502664298e+00 1.425015179e+00 1.669828365e+00 
1.529973357e+00 1.644201579e+00 1.819783198e+00 
1.383880995e+00 1.507589557e+00 1.679765131e+00 
1.664742451e+00 1.598664238e+00 1.764227642e+00 
1.128330373e+00 1.316939891e+00 1.335817525e+00 
1.547069272e+00 1.590163934e+00 1.708446251e+00 
1.745115453e+00 1.585306618e+00 1.765582656e+00 
1.224245115e+00 1.444444444e+00 1.521680217e+00 
1.769094139e+00 1.542197936e+00 1.764227642e+00 
1.540630551e+00 1.458409229e+00 1.679765131e+00 
1.224245115e+00 1.454159077e+00 1.529810298e+00 
1.408081705e+00 1.468123862e+00 1.625564589e+00 
1.541296625e+00 1.593806922e+00 1.710027100e+00 
1.570159858e+00 1.534304797e+00 1.710027100e+00 
1.231127886e+00 1.506982392e+00 1.589656730e+00 
1.305284192e+00 1.486338798e+00 1.633920506e+00 
1.320825933e+00 1.514875531e+00 1.679765131e+00 
1.242155417e+00 1.475409836e+00 1.558491418e+00 
1.716696270e+00 1.731026108e+00 1.850045167e+00 
1.769094139e+00 1.714025501e+00 1.850045167e+00 
1.241119005e+00 1.355191257e+00 1.529810298e+00 
1.352871226e+00 1.636915604e+00 1.765582656e+00 
1.161856128e+00 1.363084396e+00 1.493902439e+00 
1.554174067e+00 1.604735883e+00 1.765582656e+00 
1.267761989e+00 1.269581056e+00 1.428410117e+00 
1.325636767e+00 1.388585307e+00 1.568428184e+00 
1.533525755e+00 1.613843352e+00 1.718383017e+00 
1.482238011e+00 1.435944141e+00 1.669828365e+00 
1.161856128e+00 1.333333333e+00 1.345754291e+00 
1.537966252e+00 1.600485732e+00 1.729674797e+00 
1.666074600e+00 1.598664238e+00 1.765582656e+00 
1.255328597e+00 1.276259866e+00 1.381662150e+00 
1.460479574e+00 1.451123254e+00 1.625564589e+00 
1.217362345e+00 1.247115968e+00 1.345754291e+00 
1.302397869e+00 1.534304797e+00 1.633920506e+00 
1.128330373e+00 1.326654523e+00 1.343947606e+00 
1.153048845e+00 1.346690953e+00 1.483965673e+00 
1.186056838e+00 1.323618701e+00 1.439701897e+00 
1.356571936e+00 1.288403157e+00 1.529810298e+00 
1.134547069e+00 1.114146934e+00 1.195799458e+00 
1.796625222e+00 1.718275653e+00 1.859981933e+00 
1.318605684e+00 1.313904068e+00 1.493902439e+00 
1.146240675e+00 1.347905282e+00 1.372628726e+00 
1.399644760e+00 1.287795993e+00 1.466124661e+00 
1.134547069e+00 1.143897996e+00 1.343947606e+00 
1.260213144e+00 1.291438980e+00 1.483965673e+00 
1.080817052e+00 1.250758956e+00 1.288166215e+00 
1.296625222e+00 1.239222829e+00 1.381662150e+00 
1.103019538e+00 1.125683060e+00 1.185862692e+00 
1.000000000e+00 1.018214936e+00 1.000000000e+00 
1.000000000e+00 1.047965999e+00 1.148148148e+00 
1.190053286e+00 1.000000000e+00 1.000000000e+00 
1.190053286e+00 1.027929569e+00 1.195799458e+00 

1.573712256e+00 1.593806922e+00 1.729674797e+00 
1.337033748e+00 1.430479660e+00 1.579719964e+00 
1.703969805e+00 1.741347905e+00 1.904245709e+00 
1.352871226e+00 1.636915604e+00 1.765582656e+00 
1.462699822e+00 1.403764420e+00 1.614272809e+00 
1.495337478e+00 1.465695203e+00 1.679765131e+00 
1.377442274e+00 1.388585307e+00 1.568428184e+00 
1.771314387e+00 1.765027322e+00 1.915537489e+00 
1.540630551e+00 1.458409229e+00 1.679765131e+00 
1.248963588e+00 1.474195507e+00 1.669828365e+00 
1.478241563e+00 1.715239830e+00 1.819783198e+00 
1.759325044e+00 1.550091075e+00 1.764227642e+00 
1.664742451e+00 1.723132969e+00 1.850045167e+00 
1.554174067e+00 1.604735883e+00 1.765582656e+00 
1.460479574e+00 1.451123254e+00 1.625564589e+00 
1.518650089e+00 1.354584092e+00 1.614272809e+00 
1.242155417e+00 1.475409836e+00 1.558491418e+00 
1.740674956e+00 1.703703704e+00 1.904245709e+00 
1.231127886e+00 1.506982392e+00 1.589656730e+00 
1.587921847e+00 1.473588342e+00 1.754290876e+00 
1.570603908e+00 1.764420158e+00 1.850045167e+00 
1.721136767e+00 1.641165756e+00 1.850045167e+00 
1.579262877e+00 1.802064359e+00 1.915537489e+00 
1.783303730e+00 1.585306618e+00 1.765582656e+00 
1.787744227e+00 1.621129326e+00 1.775519422e+00 
1.566607460e+00 1.566484517e+00 1.710027100e+00 
1.586145648e+00 1.598664238e+00 1.765582656e+00 
1.741563055e+00 1.799635701e+00 1.915537489e+00 
1.775310835e+00 1.668488160e+00 1.904245709e+00 
1.388543517e+00 1.471159684e+00 1.614272809e+00 
1.224245115e+00 1.454159077e+00 1.529810298e+00 
1.698490231e+00 1.754098361e+00 1.859981933e+00 
1.242673179e+00 1.565877353e+00 1.633920506e+00 
1.769094139e+00 1.542197936e+00 1.764227642e+00 
1.241119005e+00 1.355191257e+00 1.529810298e+00 
1.370707815e+00 1.583485124e+00 1.718383017e+00 
1.502664298e+00 1.425015179e+00 1.669828365e+00 
1.482238011e+00 1.435944141e+00 1.669828365e+00 
1.267761989e+00 1.269581056e+00 1.428410117e+00 
1.536856128e+00 1.676381299e+00 1.775519422e+00 
1.260213144e+00 1.291438980e+00 1.483965673e+00 
1.376332149e+00 1.398907104e+00 1.531616983e+00 
1.128330373e+00 1.316939891e+00 1.335817525e+00 
1.161856128e+00 1.363084396e+00 1.493902439e+00 
1.596358792e+00 1.637522769e+00 1.819783198e+00 
1.447824156e+00 1.840315726e+00 1.775519422e+00 
1.311722913e+00 1.471159684e+00 1.579719964e+00 
1.441607460e+00 1.599271403e+00 1.764227642e+00 
1.186056838e+00 1.323618701e+00 1.439701897e+00 
1.550399645e+00 1.670309654e+00 1.775519422e+00 
1.399644760e+00 1.287795993e+00 1.466124661e+00 
1.408081705e+00 1.468123862e+00 1.625564589e+00 
1.255328597e+00 1.276259866e+00 1.381662150e+00 
1.128330373e+00 1.326654523e+00 1.343947606e+00 
1.134547069e+00 1.114146934e+00 1.195799458e+00 
1.356571936e+00 1.288403157e+00 1.529810298e+00 
1.924511545e+00 1.738312083e+00 1.915537489e+00 
1.383880995e+00 1.507589557e+00 1.679765131e+00 
1.134547069e+00 1.143897996e+00 1.343947606e+00 
1.300473357e+00 1.438372799e+00 1.568428184e+00 
1.153048845e+00 1.346690953e+00 1.483965673e+00 
1.318605684e+00 1.313904068e+00 1.493902439e+00 
1.217362345e+00 1.247115968e+00 1.345754291e+00 
1.161856128e+00 1.333333333e+00 1.345754291e+00 
1.190053286e+00 1.000000000e+00 1.000000000e+00 
1.080817052e+00 1.250758956e+00 1.288166215e+00 
1.146240675e+00 1.347905282e+00 1.372628726e+00 
1.000000000e+00 1.047965999e+00 1.148148148e+00 
1.296625222e+00 1.239222829e+00 1.381662150e+00 
1.103019538e+00 1.125683060e+00 1.185862692e+00 
1.000000000e+00 1.018214936e+00 1.000000000e+00 
1.190053286e+00 1.027929569e+00 1.195799458e+00 

1.783303730e+00 1.585306618e+00 1.765582656e+00 
1.482238011e+00 1.435944141e+00 1.669828365e+00 
1.576820604e+00 1.767455981e+00 1.850045167e+00 
1.383880995e+00 1.507589557e+00 1.679765131e+00 
1.248963588e+00 1.474195507e+00 1.669828365e+00 
1.777975133e+00 1.811171828e+00 1.915537489e+00 
1.570159858e+00 1.534304797e+00 1.710027100e+00 
1.597468917e+00 1.692774742e+00 1.904245709e+00 
1.486900533e+00 1.622950820e+00 1.764227642e+00 
1.224245115e+00 1.454159077e+00 1.529810298e+00 
1.495337478e+00 1.465695203e+00 1.679765131e+00 
1.311722913e+00 1.471159684e+00 1.579719964e+00 
1.518650089e+00 1.354584092e+00 1.614272809e+00 
1.522498224e+00 1.582877960e+00 1.754290876e+00 
1.587921847e+00 1.473588342e+00 1.754290876e+00 
1.242155417e+00 1.475409836e+00 1.558491418e+00 
1.460479574e+00 1.451123254e+00 1.625564589e+00 
1.427619893e+00 1.595628415e+00 1.754290876e+00 
1.320825933e+00 1.514875531e+00 1.679765131e+00 
1.760213144e+00 1.842744384e+00 1.915537489e+00 
1.442495560e+00 1.836065574e+00 1.775519422e+00 
1.721136767e+00 1.641165756e+00 1.850045167e+00 
1.502664298e+00 1.425015179e+00 1.669828365e+00 
1.847912966e+00 1.783242259e+00 1.915537489e+00 
1.586145648e+00 1.598664238e+00 1.765582656e+00 
1.353907638e+00 1.430479660e+00 1.579719964e+00 
1.421847247e+00 1.671523983e+00 1.765582656e+00 
1.775310835e+00 1.668488160e+00 1.904245709e+00 
1.567791297e+00 1.799028537e+00 1.850045167e+00 
1.300473357e+00 1.438372799e+00 1.568428184e+00 
1.683836590e+00 1.458409229e+00 1.679765131e+00 
1.450044405e+00 1.651487553e+00 1.819783198e+00 
1.224245115e+00 1.444444444e+00 1.521680217e+00 
1.146240675e+00 1.347905282e+00 1.372628726e+00 
1.318605684e+00 1.313904068e+00 1.493902439e+00 
1.153048845e+00 1.346690953e+00 1.483965673e+00 
1.388543517e+00 1.471159684e+00 1.614272809e+00 
1.356571936e+00 1.288403157e+00 1.529810298e+00 
1.690053286e+00 1.619914997e+00 1.819783198e+00 
1.435761101e+00 1.588949605e+00 1.754290876e+00 
1.161856128e+00 1.363084396e+00 1.493902439e+00 
1.255328597e+00 1.276259866e+00 1.381662150e+00 
1.241119005e+00 1.355191257e+00 1.529810298e+00 
1.399644760e+00 1.287795993e+00 1.466124661e+00 
1.186056838e+00 1.323618701e+00 1.439701897e+00 
1.390097691e+00 1.657559199e+00 1.718383017e+00 
1.549733570e+00 1.551305404e+00 1.754290876e+00 
1.260213144e+00 1.291438980e+00 1.483965673e+00 
1.134547069e+00 1.143897996e+00 1.343947606e+00 
1.161856128e+00 1.333333333e+00 1.345754291e+00 
1.267761989e+00 1.269581056e+00 1.428410117e+00 
1.128330373e+00 1.326654523e+00 1.343947606e+00 
1.128330373e+00 1.316939891e+00 1.335817525e+00 
1.080817052e+00 1.250758956e+00 1.288166215e+00 
1.325636767e+00 1.388585307e+00 1.568428184e+00 
1.134547069e+00 1.114146934e+00 1.195799458e+00 
1.190053286e+00 1.000000000e+00 1.000000000e+00 
1.103019538e+00 1.125683060e+00 1.185862692e+00 
1.190053286e+00 1.027929569e+00 1.195799458e+00 
1.217362345e+00 1.247115968e+00 1.345754291e+00 
1.462699822e+00 1.403764420e+00 1.614272809e+00 
1.296625222e+00 1.239222829e+00 1.381662150e+00 
1.000000000e+00 1.047965999e+00 1.148148148e+00 
1.000000000e+00 1.018214936e+00 1.000000000e+00 

1.344138544e+00 1.403764420e+00 1.614272809e+00 
1.517317940e+00 1.607164542e+00 1.765582656e+00 
1.585923623e+00 1.634486946e+00 1.775519422e+00 
1.468324156e+00 1.655737705e+00 1.819783198e+00 
1.231127886e+00 1.506982392e+00 1.589656730e+00 
1.478981350e+00 1.653916211e+00 1.765582656e+00 
1.587921847e+00 1.473588342e+00 1.754290876e+00 
1.561722913e+00 1.483302975e+00 1.679765131e+00 
1.518650089e+00 1.354584092e+00 1.614272809e+00 
1.421847247e+00 1.671523983e+00 1.765582656e+00 
1.660153641e+00 1.802064359e+00 1.915537489e+00 
1.690053286e+00 1.619914997e+00 1.819783198e+00 
1.548401421e+00 1.762598664e+00 1.850045167e+00 
1.337033748e+00 1.430479660e+00 1.579719964e+00 
1.775310835e+00 1.668488160e+00 1.904245709e+00 
1.529973357e+00 1.644201579e+00 1.819783198e+00 
1.455595027e+00 1.540376442e+00 1.754290876e+00 
1.300473357e+00 1.438372799e+00 1.568428184e+00 
1.759325044e+00 1.697024894e+00 1.850045167e+00 
1.242673179e+00 1.565877353e+00 1.633920506e+00 
1.783303730e+00 1.598664238e+00 1.764227642e+00 
1.261989343e+00 1.426836673e+00 1.558491418e+00 
1.520648313e+00 1.785063752e+00 1.904245709e+00 
1.370707815e+00 1.583485124e+00 1.718383017e+00 
1.683836590e+00 1.458409229e+00 1.679765131e+00 
1.325636767e+00 1.388585307e+00 1.568428184e+00 
1.482238011e+00 1.435944141e+00 1.669828365e+00 
1.311722913e+00 1.471159684e+00 1.579719964e+00 
1.460479574e+00 1.451123254e+00 1.625564589e+00 
1.396388099e+00 1.590163934e+00 1.754290876e+00 
1.320825933e+00 1.514875531e+00 1.679765131e+00 
1.356571936e+00 1.288403157e+00 1.529810298e+00 
1.502664298e+00 1.425015179e+00 1.669828365e+00 
1.248963588e+00 1.474195507e+00 1.669828365e+00 
1.260213144e+00 1.291438980e+00 1.483965673e+00 
1.128330373e+00 1.326654523e+00 1.343947606e+00 
1.380994671e+00 1.760777171e+00 1.756097561e+00 
1.492007105e+00 1.647844566e+00 1.765582656e+00 
1.408081705e+00 1.468123862e+00 1.625564589e+00 
1.161856128e+00 1.363084396e+00 1.493902439e+00 
1.186056838e+00 1.323618701e+00 1.439701897e+00 
1.255328597e+00 1.276259866e+00 1.381662150e+00 
1.267761989e+00 1.269581056e+00 1.428410117e+00 
1.318605684e+00 1.313904068e+00 1.493902439e+00 
1.399644760e+00 1.287795993e+00 1.466124661e+00 
1.128330373e+00 1.316939891e+00 1.335817525e+00 
1.224245115e+00 1.444444444e+00 1.521680217e+00 
1.146240675e+00 1.347905282e+00 1.372628726e+00 
1.134547069e+00 1.143897996e+00 1.343947606e+00 
1.134547069e+00 1.114146934e+00 1.195799458e+00 
1.080817052e+00 1.250758956e+00 1.288166215e+00 
1.153048845e+00 1.346690953e+00 1.483965673e+00 
1.296625222e+00 1.239222829e+00 1.381662150e+00 
1.217362345e+00 1.247115968e+00 1.345754291e+00 
1.241119005e+00 1.355191257e+00 1.529810298e+00 
1.190053286e+00 1.027929569e+00 1.195799458e+00 
1.190053286e+00 1.000000000e+00 1.000000000e+00 
1.103019538e+00 1.125683060e+00 1.185862692e+00 
1.161856128e+00 1.333333333e+00 1.345754291e+00 
1.000000000e+00 1.018214936e+00 1.000000000e+00 
1.000000000e+00 1.047965999e+00 1.148148148e+00 

1.427619893e+00 1.595628415e+00 1.754290876e+00 
1.482238011e+00 1.435944141e+00 1.669828365e+00 
1.683614565e+00 1.801457195e+00 1.915537489e+00 
1.529973357e+00 1.644201579e+00 1.819783198e+00 
1.500444050e+00 1.685488767e+00 1.850045167e+00 
1.224245115e+00 1.454159077e+00 1.529810298e+00 
1.274718472e+00 1.430479660e+00 1.579719964e+00 
1.370707815e+00 1.583485124e+00 1.718383017e+00 
1.261989343e+00 1.426836673e+00 1.558491418e+00 
1.690053286e+00 1.619914997e+00 1.819783198e+00 
1.744227353e+00 1.735276260e+00 1.859981933e+00 
1.469804618e+00 1.551305404e+00 1.754290876e+00 
1.596358792e+00 1.637522769e+00 1.819783198e+00 
1.703969805e+00 1.741347905e+00 1.904245709e+00 
1.492451155e+00 1.721311475e+00 1.819783198e+00 
1.518650089e+00 1.354584092e+00 1.614272809e+00 
1.656527531e+00 1.813600486e+00 1.915537489e+00 
1.325636767e+00 1.388585307e+00 1.568428184e+00 
1.496743339e+00 1.574984821e+00 1.765582656e+00 
1.407859680e+00 1.837279903e+00 1.915537489e+00 
1.683836590e+00 1.458409229e+00 1.679765131e+00 
1.153048845e+00 1.346690953e+00 1.483965673e+00 
1.318605684e+00 1.313904068e+00 1.493902439e+00 
1.260213144e+00 1.291438980e+00 1.483965673e+00 
1.410968028e+00 1.577413479e+00 1.671635050e+00 
1.425177620e+00 1.525197328e+00 1.679765131e+00 
1.242673179e+00 1.565877353e+00 1.633920506e+00 
1.502664298e+00 1.425015179e+00 1.669828365e+00 
1.763543517e+00 1.734061931e+00 1.915537489e+00 
1.741563055e+00 1.799635701e+00 1.915537489e+00 
1.161856128e+00 1.363084396e+00 1.493902439e+00 
1.423845471e+00 1.741955070e+00 1.904245709e+00 
1.486900533e+00 1.622950820e+00 1.764227642e+00 
1.344138544e+00 1.403764420e+00 1.614272809e+00 
1.248963588e+00 1.474195507e+00 1.669828365e+00 
1.128330373e+00 1.326654523e+00 1.343947606e+00 
1.267761989e+00 1.269581056e+00 1.428410117e+00 
1.731793961e+00 1.545840923e+00 1.710027100e+00 
1.161856128e+00 1.333333333e+00 1.345754291e+00 
1.128330373e+00 1.316939891e+00 1.335817525e+00 
1.146240675e+00 1.347905282e+00 1.372628726e+00 
1.242155417e+00 1.475409836e+00 1.558491418e+00 
1.241119005e+00 1.355191257e+00 1.529810298e+00 
1.460479574e+00 1.451123254e+00 1.625564589e+00 
1.231127886e+00 1.506982392e+00 1.589656730e+00 
1.356571936e+00 1.288403157e+00 1.529810298e+00 
1.399644760e+00 1.287795993e+00 1.466124661e+00 
1.134547069e+00 1.114146934e+00 1.195799458e+00 
1.186056838e+00 1.323618701e+00 1.439701897e+00 
1.217362345e+00 1.247115968e+00 1.345754291e+00 
1.255328597e+00 1.276259866e+00 1.381662150e+00 
1.080817052e+00 1.250758956e+00 1.288166215e+00 
1.495337478e+00 1.465695203e+00 1.679765131e+00 
1.296625222e+00 1.239222829e+00 1.381662150e+00 
1.134547069e+00 1.143897996e+00 1.343947606e+00 
1.190053286e+00 1.027929569e+00 1.195799458e+00 
1.000000000e+00 1.018214936e+00 1.000000000e+00 
1.103019538e+00 1.125683060e+00 1.185862692e+00 
1.000000000e+00 1.047965999e+00 1.148148148e+00 
1.190053286e+00 1.000000000e+00 1.000000000e+00 

1.769094139e+00 1.542197936e+00 1.764227642e+00 
1.528197158e+00 1.573770492e+00 1.764227642e+00 
1.750444050e+00 1.630843959e+00 1.819783198e+00 
1.518650089e+00 1.354584092e+00 1.614272809e+00 
1.377442274e+00 1.388585307e+00 1.568428184e+00 
1.600133215e+00 1.788706740e+00 1.851851852e+00 
1.740674956e+00 1.703703704e+00 1.904245709e+00 
1.344138544e+00 1.403764420e+00 1.614272809e+00 
1.517317940e+00 1.607164542e+00 1.765582656e+00 
1.482238011e+00 1.435944141e+00 1.669828365e+00 
1.554618117e+00 1.854887675e+00 1.915537489e+00 
1.495337478e+00 1.465695203e+00 1.679765131e+00 
1.231127886e+00 1.506982392e+00 1.589656730e+00 
1.666518650e+00 1.794778385e+00 1.904245709e+00 
1.274718472e+00 1.430479660e+00 1.579719964e+00 
1.587921847e+00 1.473588342e+00 1.754290876e+00 
1.311944938e+00 1.709775349e+00 1.729674797e+00 
1.579262877e+00 1.802064359e+00 1.915537489e+00 
1.550399645e+00 1.670309654e+00 1.775519422e+00 
1.434502664e+00 1.669095325e+00 1.729674797e+00 
1.437388988e+00 1.602914390e+00 1.710027100e+00 
1.812611012e+00 1.782635094e+00 1.915537489e+00 
1.775310835e+00 1.668488160e+00 1.904245709e+00 
1.470692718e+00 1.665452338e+00 1.765582656e+00 
1.500444050e+00 1.685488767e+00 1.850045167e+00 
1.161856128e+00 1.333333333e+00 1.345754291e+00 
1.338587922e+00 1.693381906e+00 1.819783198e+00 
1.674955595e+00 1.746205222e+00 1.904245709e+00 
1.756660746e+00 1.619914997e+00 1.775519422e+00 
1.741563055e+00 1.799635701e+00 1.915537489e+00 
1.735346359e+00 1.638129933e+00 1.775519422e+00 
1.248963588e+00 1.474195507e+00 1.669828365e+00 
1.536856128e+00 1.676381299e+00 1.775519422e+00 
1.408081705e+00 1.468123862e+00 1.625564589e+00 
1.356571936e+00 1.288403157e+00 1.529810298e+00 
1.570159858e+00 1.534304797e+00 1.710027100e+00 
1.186056838e+00 1.323618701e+00 1.439701897e+00 
1.146240675e+00 1.347905282e+00 1.372628726e+00 
1.161856128e+00 1.363084396e+00 1.493902439e+00 
1.502664298e+00 1.425015179e+00 1.669828365e+00 
1.461367673e+00 1.599878567e+00 1.754290876e+00 
1.242155417e+00 1.475409836e+00 1.558491418e+00 
1.255328597e+00 1.276259866e+00 1.381662150e+00 
1.320825933e+00 1.514875531e+00 1.679765131e+00 
1.260213144e+00 1.291438980e+00 1.483965673e+00 
1.128330373e+00 1.316939891e+00 1.335817525e+00 
1.128330373e+00 1.326654523e+00 1.343947606e+00 
1.318605684e+00 1.313904068e+00 1.493902439e+00 
1.376332149e+00 1.398907104e+00 1.531616983e+00 
1.080817052e+00 1.250758956e+00 1.288166215e+00 
1.586145648e+00 1.652094718e+00 1.775519422e+00 
1.134547069e+00 1.143897996e+00 1.343947606e+00 
1.134547069e+00 1.114146934e+00 1.195799458e+00 
1.241119005e+00 1.355191257e+00 1.529810298e+00 
1.153048845e+00 1.346690953e+00 1.483965673e+00 
1.217362345e+00 1.247115968e+00 1.345754291e+00 
1.296625222e+00 1.239222829e+00 1.381662150e+00 
1.399644760e+00 1.287795993e+00 1.466124661e+00 
1.267761989e+00 1.269581056e+00 1.428410117e+00 
1.190053286e+00 1.000000000e+00 1.000000000e+00 
1.000000000e+00 1.018214936e+00 1.000000000e+00 
1.000000000e+00 1.047965999e+00 1.148148148e+00 
1.190053286e+00 1.027929569e+00 1.195799458e+00 
1.103019538e+00 1.125683060e+00 1.185862692e+00 

1.585923623e+00 1.680631451e+00 1.767389341e+00 
1.769094139e+00 1.542197936e+00 1.764227642e+00 
1.388543517e+00 1.471159684e+00 1.614272809e+00 
1.596358792e+00 1.637522769e+00 1.819783198e+00 
1.441607460e+00 1.599271403e+00 1.764227642e+00 
1.804618117e+00 1.766848816e+00 1.904245709e+00 
1.769094139e+00 1.714025501e+00 1.850045167e+00 
1.482238011e+00 1.435944141e+00 1.669828365e+00 
1.396388099e+00 1.590163934e+00 1.754290876e+00 
1.666074600e+00 1.598664238e+00 1.765582656e+00 
1.459591474e+00 1.403764420e+00 1.614272809e+00 
1.784635879e+00 1.794778385e+00 1.915537489e+00 
1.576820604e+00 1.767455981e+00 1.850045167e+00 
1.810834813e+00 1.704310868e+00 1.904245709e+00 
1.745115453e+00 1.585306618e+00 1.765582656e+00 
1.741563055e+00 1.799635701e+00 1.915537489e+00 
1.411412078e+00 1.683667274e+00 1.775519422e+00 
1.603685613e+00 1.818457802e+00 1.851851852e+00 
1.593028419e+00 1.668488160e+00 1.819783198e+00 
1.325636767e+00 1.388585307e+00 1.568428184e+00 
1.320825933e+00 1.514875531e+00 1.679765131e+00 
1.248963588e+00 1.474195507e+00 1.669828365e+00 
1.554618117e+00 1.854887675e+00 1.915537489e+00 
1.274718472e+00 1.430479660e+00 1.579719964e+00 
1.311944938e+00 1.709775349e+00 1.729674797e+00 
1.587921847e+00 1.473588342e+00 1.754290876e+00 
1.241119005e+00 1.355191257e+00 1.529810298e+00 
1.356571936e+00 1.288403157e+00 1.529810298e+00 
1.383880995e+00 1.507589557e+00 1.679765131e+00 
1.421847247e+00 1.671523983e+00 1.765582656e+00 
1.690053286e+00 1.619914997e+00 1.819783198e+00 
1.318605684e+00 1.313904068e+00 1.493902439e+00 
1.495337478e+00 1.465695203e+00 1.679765131e+00 
1.438128774e+00 1.658166363e+00 1.765582656e+00 
1.540630551e+00 1.458409229e+00 1.679765131e+00 
1.812611012e+00 1.782635094e+00 1.915537489e+00 
1.518650089e+00 1.354584092e+00 1.614272809e+00 
1.502664298e+00 1.425015179e+00 1.669828365e+00 
1.224245115e+00 1.454159077e+00 1.529810298e+00 
1.224245115e+00 1.444444444e+00 1.521680217e+00 
1.656305506e+00 1.624772313e+00 1.765582656e+00 
1.242673179e+00 1.565877353e+00 1.633920506e+00 
1.698490231e+00 1.754098361e+00 1.859981933e+00 
1.128330373e+00 1.316939891e+00 1.335817525e+00 
1.161856128e+00 1.363084396e+00 1.493902439e+00 
1.422069272e+00 1.706739526e+00 1.819783198e+00 
1.146240675e+00 1.347905282e+00 1.372628726e+00 
1.261989343e+00 1.426836673e+00 1.558491418e+00 
1.255328597e+00 1.276259866e+00 1.381662150e+00 
1.128330373e+00 1.326654523e+00 1.343947606e+00 
1.267761989e+00 1.269581056e+00 1.428410117e+00 
1.399644760e+00 1.287795993e+00 1.466124661e+00 
1.460479574e+00 1.451123254e+00 1.625564589e+00 
1.186056838e+00 1.323618701e+00 1.439701897e+00 
1.625888099e+00 1.826958106e+00 1.904245709e+00 
1.161856128e+00 1.333333333e+00 1.345754291e+00 
1.260213144e+00 1.291438980e+00 1.483965673e+00 
1.217362345e+00 1.247115968e+00 1.345754291e+00 
1.134547069e+00 1.114146934e+00 1.195799458e+00 
1.000000000e+00 1.018214936e+00 1.000000000e+00 
1.080817052e+00 1.250758956e+00 1.288166215e+00 
1.153048845e+00 1.346690953e+00 1.483965673e+00 
1.134547069e+00 1.143897996e+00 1.343947606e+00 
1.000000000e+00 1.047965999e+00 1.148148148e+00 
1.296625222e+00 1.239222829e+00 1.381662150e+00 
1.190053286e+00 1.000000000e+00 1.000000000e+00 
1.190053286e+00 1.027929569e+00 1.195799458e+00 
1.103019538e+00 1.125683060e+00 1.185862692e+00 
