1.339575681e+00 1.455416360e+00 1.649171271e+00 
1.671429614e+00 1.699336772e+00 1.915943173e+00 
1.315793747e+00 1.478997789e+00 1.664956590e+00 
1.628786145e+00 1.526160648e+00 1.778413575e+00 
1.606097360e+00 1.571849668e+00 1.778413575e+00 
1.336432365e+00 1.478997789e+00 1.665548540e+00 
1.546505573e+00 1.532056006e+00 1.752565114e+00 
1.333015147e+00 1.610169492e+00 1.694356748e+00 
1.467506087e+00 1.568165070e+00 1.749013418e+00 
1.396707268e+00 1.441414886e+00 1.617995264e+00 
1.176109325e+00 1.435519528e+00 1.569850039e+00 
1.292831879e+00 1.490051584e+00 1.641673244e+00 
1.639720095e+00 1.748710391e+00 1.915943173e+00 
1.481994205e+00 1.507000737e+00 1.733228098e+00 
1.399987535e+00 1.272660280e+00 1.434688240e+00 
1.385226334e+00 1.624907885e+00 1.828926598e+00 
1.533931490e+00 1.474576271e+00 1.694356748e+00 
1.396160284e+00 1.532792926e+00 1.694356748e+00 
1.137292287e+00 1.355195284e+00 1.485793212e+00 
1.560720609e+00 1.593957259e+00 1.828926598e+00 
1.633979628e+00 1.383935151e+00 1.614443567e+00 
1.582588508e+00 1.630803242e+00 1.912983425e+00 
1.191690592e+00 1.432571850e+00 1.572809787e+00 
1.271783227e+00 1.510685335e+00 1.641673244e+00 
1.371011298e+00 1.386145910e+00 1.585635359e+00 
1.182942941e+00 1.384672071e+00 1.530978690e+00 
1.160254155e+00 1.428150332e+00 1.514601421e+00 
1.198251126e+00 1.321296979e+00 1.530978690e+00 
1.480900236e+00 1.411938099e+00 1.665548540e+00 
1.595436493e+00 1.374355195e+00 1.561760063e+00 
1.305132880e+00 1.299926308e+00 1.401341752e+00 
1.130731754e+00 1.366985999e+00 1.382596685e+00 
1.372378349e+00 1.571112749e+00 1.752565114e+00 
1.155060673e+00 1.322770818e+00 1.477703236e+00 
1.370465134e+00 1.269712601e+00 1.427190213e+00 
1.198251126e+00 1.295504790e+00 1.367008682e+00 
1.137566190e+00 1.343404569e+00 1.478295185e+00 
1.126631420e+00 1.298452469e+00 1.367008682e+00 
1.076744302e+00 1.246131172e+00 1.218626677e+00 
1.032870734e+00 1.241709654e+00 1.187253354e+00 
1.390009783e+00 1.303610906e+00 1.434688240e+00 
1.411741551e+00 1.281503316e+00 1.451065509e+00 
1.121437938e+00 1.159911570e+00 1.187253354e+00 
1.275883560e+00 1.302873987e+00 1.398382005e+00 
1.058292802e+00 1.195283714e+00 1.179755328e+00 
1.108863855e+00 1.218128224e+00 1.351223362e+00 
1.253468677e+00 1.224760501e+00 1.367008682e+00 
1.035604016e+00 1.238761975e+00 1.163378058e+00 
1.106676737e+00 1.064848931e+00 1.179755328e+00 
1.152600473e+00 1.000000000e+00 1.000000000e+00 
1.108863855e+00 1.192336035e+00 1.187253354e+00 
1.171462007e+00 1.183492999e+00 1.350631413e+00 
1.083577918e+00 1.222549742e+00 1.314325178e+00 
1.063486284e+00 1.149594694e+00 1.163970008e+00 
1.058019719e+00 1.045689020e+00 1.000000000e+00 
1.152600473e+00 1.030213707e+00 1.187253354e+00 
1.058019719e+00 1.069270450e+00 1.163378058e+00 
1.106676737e+00 1.033898305e+00 1.000000000e+00 
1.012642148e+00 1.138540899e+00 1.000000000e+00 
1.037928085e+00 1.165806927e+00 1.134569850e+00 

1.755078878e+00 1.725128961e+00 1.865430150e+00 
1.774211034e+00 1.739130435e+00 1.915943173e+00 
1.481994205e+00 1.507000737e+00 1.733228098e+00 
1.721999847e+00 1.644804716e+00 1.828926598e+00 
1.723639981e+00 1.745025792e+00 1.915943173e+00 
1.580948374e+00 1.628592483e+00 1.778413575e+00 
1.333015147e+00 1.610169492e+00 1.694356748e+00 
1.467506087e+00 1.568165070e+00 1.749013418e+00 
1.577395025e+00 1.770817981e+00 1.915943173e+00 
1.374018483e+00 1.647015475e+00 1.733228098e+00 
1.540218941e+00 1.690493736e+00 1.828926598e+00 
1.759179212e+00 1.699336772e+00 1.912983425e+00 
1.617305212e+00 1.609432572e+00 1.781373323e+00 
1.633979628e+00 1.383935151e+00 1.614443567e+00 
1.329734881e+00 1.374355195e+00 1.561760063e+00 
1.182942941e+00 1.384672071e+00 1.530978690e+00 
1.390009783e+00 1.303610906e+00 1.434688240e+00 
1.574114758e+00 1.649963154e+00 1.828926598e+00 
1.607190509e+00 1.767133382e+00 1.912983425e+00 
1.137566190e+00 1.343404569e+00 1.478295185e+00 
1.155060673e+00 1.322770818e+00 1.477703236e+00 
1.399987535e+00 1.272660280e+00 1.434688240e+00 
1.182942941e+00 1.411938099e+00 1.665548540e+00 
1.130731754e+00 1.366985999e+00 1.382596685e+00 
1.198251126e+00 1.295504790e+00 1.367008682e+00 
1.370465134e+00 1.269712601e+00 1.427190213e+00 
1.126631420e+00 1.298452469e+00 1.367008682e+00 
1.445364286e+00 1.537951363e+00 1.694356748e+00 
1.407914300e+00 1.599115696e+00 1.752565114e+00 
1.198251126e+00 1.321296979e+00 1.530978690e+00 
1.137292287e+00 1.355195284e+00 1.485793212e+00 
1.609650709e+00 1.751658069e+00 1.912983425e+00 
1.628786145e+00 1.526160648e+00 1.778413575e+00 
1.275883560e+00 1.302873987e+00 1.398382005e+00 
1.460672471e+00 1.474576271e+00 1.694356748e+00 
1.759179212e+00 1.694178335e+00 1.865430150e+00 
1.058292802e+00 1.195283714e+00 1.179755328e+00 
1.076744302e+00 1.246131172e+00 1.218626677e+00 
1.121437938e+00 1.159911570e+00 1.187253354e+00 
1.305132880e+00 1.299926308e+00 1.401341752e+00 
1.108863855e+00 1.192336035e+00 1.187253354e+00 
1.171462007e+00 1.183492999e+00 1.350631413e+00 
1.108863855e+00 1.218128224e+00 1.351223362e+00 
1.035604016e+00 1.238761975e+00 1.163378058e+00 
1.411741551e+00 1.281503316e+00 1.451065509e+00 
1.058019719e+00 1.045689020e+00 1.000000000e+00 
1.063486284e+00 1.149594694e+00 1.163970008e+00 
1.032870734e+00 1.241709654e+00 1.187253354e+00 
1.152600473e+00 1.030213707e+00 1.187253354e+00 
1.253468677e+00 1.224760501e+00 1.367008682e+00 
1.083577918e+00 1.222549742e+00 1.314325178e+00 
1.396707268e+00 1.561532793e+00 1.694356748e+00 
1.058019719e+00 1.069270450e+00 1.163378058e+00 
1.106676737e+00 1.064848931e+00 1.179755328e+00 
1.152600473e+00 1.000000000e+00 1.000000000e+00 
1.037928085e+00 1.165806927e+00 1.134569850e+00 
1.012642148e+00 1.138540899e+00 1.000000000e+00 
1.106676737e+00 1.033898305e+00 1.000000000e+00 

1.481994205e+00 1.507000737e+00 1.733228098e+00 
1.385226334e+00 1.624907885e+00 1.828926598e+00 
1.396160284e+00 1.532792926e+00 1.694356748e+00 
1.713253016e+00 1.815770081e+00 1.915943173e+00 
1.656121429e+00 1.540899042e+00 1.749013418e+00 
1.680176446e+00 1.571849668e+00 1.778413575e+00 
1.329734881e+00 1.374355195e+00 1.561760063e+00 
1.371011298e+00 1.386145910e+00 1.585635359e+00 
1.733207699e+00 1.700073692e+00 1.915943173e+00 
1.558806573e+00 1.843036109e+00 1.912983425e+00 
1.176109325e+00 1.435519528e+00 1.569850039e+00 
1.155060673e+00 1.322770818e+00 1.477703236e+00 
1.617305212e+00 1.714075166e+00 1.912983425e+00 
1.647100695e+00 1.599115696e+00 1.751973165e+00 
1.547599542e+00 1.613117170e+00 1.751973165e+00 
1.585322610e+00 1.545320560e+00 1.749605367e+00 
1.438530670e+00 1.588798821e+00 1.733228098e+00 
1.676076112e+00 1.694178335e+00 1.836621942e+00 
1.727740314e+00 1.784082535e+00 1.915943173e+00 
1.483907421e+00 1.383935151e+00 1.614443567e+00 
1.333015147e+00 1.610169492e+00 1.694356748e+00 
1.557166440e+00 1.623434046e+00 1.752565114e+00 
1.160254155e+00 1.428150332e+00 1.514601421e+00 
1.467506087e+00 1.568165070e+00 1.749013418e+00 
1.182942941e+00 1.411938099e+00 1.665548540e+00 
1.487734672e+00 1.574060427e+00 1.749605367e+00 
1.639173110e+00 1.848194547e+00 1.915943173e+00 
1.182942941e+00 1.384672071e+00 1.530978690e+00 
1.370465134e+00 1.269712601e+00 1.427190213e+00 
1.198251126e+00 1.321296979e+00 1.530978690e+00 
1.126631420e+00 1.298452469e+00 1.367008682e+00 
1.460672471e+00 1.474576271e+00 1.694356748e+00 
1.275883560e+00 1.302873987e+00 1.398382005e+00 
1.130731754e+00 1.366985999e+00 1.382596685e+00 
1.467506087e+00 1.541635962e+00 1.725730071e+00 
1.399987535e+00 1.272660280e+00 1.434688240e+00 
1.083577918e+00 1.222549742e+00 1.314325178e+00 
1.137292287e+00 1.355195284e+00 1.485793212e+00 
1.137566190e+00 1.343404569e+00 1.478295185e+00 
1.411741551e+00 1.281503316e+00 1.451065509e+00 
1.032870734e+00 1.241709654e+00 1.187253354e+00 
1.253468677e+00 1.224760501e+00 1.367008682e+00 
1.198251126e+00 1.295504790e+00 1.367008682e+00 
1.058292802e+00 1.195283714e+00 1.179755328e+00 
1.108863855e+00 1.218128224e+00 1.351223362e+00 
1.171462007e+00 1.183492999e+00 1.350631413e+00 
1.035604016e+00 1.238761975e+00 1.163378058e+00 
1.390009783e+00 1.303610906e+00 1.434688240e+00 
1.305132880e+00 1.299926308e+00 1.401341752e+00 
1.121437938e+00 1.159911570e+00 1.187253354e+00 
1.037928085e+00 1.165806927e+00 1.134569850e+00 
1.076744302e+00 1.246131172e+00 1.218626677e+00 
1.058019719e+00 1.045689020e+00 1.000000000e+00 
1.152600473e+00 1.030213707e+00 1.187253354e+00 
1.108863855e+00 1.192336035e+00 1.187253354e+00 
1.106676737e+00 1.033898305e+00 1.000000000e+00 
1.106676737e+00 1.064848931e+00 1.179755328e+00 
1.063486284e+00 1.149594694e+00 1.163970008e+00 
1.012642148e+00 1.138540899e+00 1.000000000e+00 
1.058019719e+00 1.069270450e+00 1.163378058e+00 
1.152600473e+00 1.000000000e+00 1.000000000e+00 

1.467506087e+00 1.568165070e+00 1.749013418e+00 
1.586688841e+00 1.722918202e+00 1.912983425e+00 
1.700952015e+00 1.700073692e+00 1.915943173e+00 
1.460672471e+00 1.474576271e+00 1.694356748e+00 
1.457528335e+00 1.599115696e+00 1.749013418e+00 
1.638900028e+00 1.770081061e+00 1.915943173e+00 
1.617305212e+00 1.609432572e+00 1.781373323e+00 
1.639720095e+00 1.748710391e+00 1.915943173e+00 
1.649833977e+00 1.565217391e+00 1.828926598e+00 
1.385226334e+00 1.624907885e+00 1.828926598e+00 
1.365270831e+00 1.551952837e+00 1.694356748e+00 
1.553340009e+00 1.819454679e+00 1.915943173e+00 
1.483907421e+00 1.383935151e+00 1.614443567e+00 
1.329734881e+00 1.374355195e+00 1.561760063e+00 
1.851297305e+00 1.608695652e+00 1.836029992e+00 
1.573841676e+00 1.599115696e+00 1.751973165e+00 
1.182942941e+00 1.411938099e+00 1.665548540e+00 
1.579582143e+00 1.799557848e+00 1.912983425e+00 
1.596256560e+00 1.784819455e+00 1.915943173e+00 
1.628786145e+00 1.526160648e+00 1.778413575e+00 
1.198251126e+00 1.295504790e+00 1.367008682e+00 
1.155060673e+00 1.322770818e+00 1.477703236e+00 
1.399987535e+00 1.272660280e+00 1.434688240e+00 
1.383586201e+00 1.503316139e+00 1.694356748e+00 
1.438530670e+00 1.588798821e+00 1.733228098e+00 
1.305132880e+00 1.299926308e+00 1.401341752e+00 
1.390009783e+00 1.303610906e+00 1.434688240e+00 
1.371011298e+00 1.386145910e+00 1.585635359e+00 
1.198251126e+00 1.321296979e+00 1.530978690e+00 
1.617578294e+00 1.604274134e+00 1.828926598e+00 
1.370465134e+00 1.269712601e+00 1.427190213e+00 
1.126631420e+00 1.298452469e+00 1.367008682e+00 
1.333015147e+00 1.610169492e+00 1.694356748e+00 
1.411741551e+00 1.281503316e+00 1.451065509e+00 
1.137566190e+00 1.343404569e+00 1.478295185e+00 
1.137292287e+00 1.355195284e+00 1.485793212e+00 
1.487734672e+00 1.574060427e+00 1.749605367e+00 
1.130731754e+00 1.366985999e+00 1.382596685e+00 
1.160254155e+00 1.428150332e+00 1.514601421e+00 
1.032870734e+00 1.241709654e+00 1.187253354e+00 
1.083577918e+00 1.222549742e+00 1.314325178e+00 
1.108863855e+00 1.192336035e+00 1.187253354e+00 
1.182942941e+00 1.386145910e+00 1.501578532e+00 
1.108863855e+00 1.218128224e+00 1.351223362e+00 
1.171462007e+00 1.183492999e+00 1.350631413e+00 
1.121437938e+00 1.159911570e+00 1.187253354e+00 
1.035604016e+00 1.238761975e+00 1.163378058e+00 
1.076744302e+00 1.246131172e+00 1.218626677e+00 
1.058292802e+00 1.195283714e+00 1.179755328e+00 
1.063486284e+00 1.149594694e+00 1.163970008e+00 
1.275883560e+00 1.302873987e+00 1.398382005e+00 
1.037928085e+00 1.165806927e+00 1.134569850e+00 
1.012642148e+00 1.138540899e+00 1.000000000e+00 
1.058019719e+00 1.069270450e+00 1.163378058e+00 
1.106676737e+00 1.064848931e+00 1.179755328e+00 
1.253468677e+00 1.224760501e+00 1.367008682e+00 
1.058019719e+00 1.045689020e+00 1.000000000e+00 
1.152600473e+00 1.030213707e+00 1.187253354e+00 
1.106676737e+00 1.033898305e+00 1.000000000e+00 
1.152600473e+00 1.000000000e+00 1.000000000e+00 

1.577395025e+00 1.770817981e+00 1.915943173e+00 
1.586688841e+00 1.722918202e+00 1.912983425e+00 
1.535298541e+00 1.526160648e+00 1.778413575e+00 
1.748239522e+00 1.684598379e+00 1.912983425e+00 
1.457528335e+00 1.599115696e+00 1.749013418e+00 
1.267136729e+00 1.513633014e+00 1.665548540e+00 
1.533931490e+00 1.474576271e+00 1.694356748e+00 
1.480900236e+00 1.411938099e+00 1.665548540e+00 
1.682363563e+00 1.504053058e+00 1.701460142e+00 
1.336432365e+00 1.478997789e+00 1.665548540e+00 
1.268502960e+00 1.436993368e+00 1.664956590e+00 
1.191690592e+00 1.432571850e+00 1.572809787e+00 
1.597896693e+00 1.706705969e+00 1.912983425e+00 
1.746878211e+00 1.704495210e+00 1.865430150e+00 
1.774211034e+00 1.739130435e+00 1.915943173e+00 
1.481994205e+00 1.507000737e+00 1.733228098e+00 
1.267409811e+00 1.509211496e+00 1.641673244e+00 
1.182942941e+00 1.384672071e+00 1.530978690e+00 
1.595436493e+00 1.374355195e+00 1.561760063e+00 
1.305132880e+00 1.299926308e+00 1.401341752e+00 
1.137292287e+00 1.355195284e+00 1.485793212e+00 
1.385226334e+00 1.624907885e+00 1.828926598e+00 
1.371011298e+00 1.386145910e+00 1.585635359e+00 
1.160254155e+00 1.428150332e+00 1.514601421e+00 
1.723639981e+00 1.745025792e+00 1.915943173e+00 
1.137566190e+00 1.343404569e+00 1.478295185e+00 
1.617578294e+00 1.604274134e+00 1.828926598e+00 
1.126631420e+00 1.298452469e+00 1.367008682e+00 
1.399987535e+00 1.272660280e+00 1.434688240e+00 
1.483907421e+00 1.383935151e+00 1.614443567e+00 
1.333015147e+00 1.610169492e+00 1.694356748e+00 
1.503862104e+00 1.617538688e+00 1.749605367e+00 
1.396160284e+00 1.532792926e+00 1.694356748e+00 
1.390009783e+00 1.303610906e+00 1.434688240e+00 
1.130731754e+00 1.366985999e+00 1.382596685e+00 
1.370465134e+00 1.269712601e+00 1.427190213e+00 
1.083577918e+00 1.222549742e+00 1.314325178e+00 
1.275883560e+00 1.302873987e+00 1.398382005e+00 
1.076744302e+00 1.246131172e+00 1.218626677e+00 
1.198251126e+00 1.321296979e+00 1.530978690e+00 
1.108863855e+00 1.218128224e+00 1.351223362e+00 
1.035604016e+00 1.238761975e+00 1.163378058e+00 
1.106676737e+00 1.033898305e+00 1.000000000e+00 
1.411741551e+00 1.281503316e+00 1.451065509e+00 
1.058292802e+00 1.195283714e+00 1.179755328e+00 
1.253468677e+00 1.224760501e+00 1.367008682e+00 
1.155060673e+00 1.322770818e+00 1.477703236e+00 
1.121437938e+00 1.159911570e+00 1.187253354e+00 
1.032870734e+00 1.241709654e+00 1.187253354e+00 
1.171462007e+00 1.183492999e+00 1.350631413e+00 
1.058019719e+00 1.069270450e+00 1.163378058e+00 
1.108863855e+00 1.192336035e+00 1.187253354e+00 
1.037928085e+00 1.165806927e+00 1.134569850e+00 
1.152600473e+00 1.000000000e+00 1.000000000e+00 
1.106676737e+00 1.064848931e+00 1.179755328e+00 
1.527234005e+00 1.606484893e+00 1.749605367e+00 
1.058019719e+00 1.045689020e+00 1.000000000e+00 
1.152600473e+00 1.030213707e+00 1.187253354e+00 
1.198251126e+00 1.295504790e+00 1.367008682e+00 
1.012642148e+00 1.138540899e+00 1.000000000e+00 
1.063486284e+00 1.149594694e+00 1.163970008e+00 

1.585322610e+00 1.545320560e+00 1.749605367e+00 
1.723639981e+00 1.745025792e+00 1.915943173e+00 
1.374018483e+00 1.647015475e+00 1.733228098e+00 
1.333015147e+00 1.610169492e+00 1.694356748e+00 
1.460672471e+00 1.474576271e+00 1.694356748e+00 
1.467506087e+00 1.541635962e+00 1.725730071e+00 
1.457528335e+00 1.599115696e+00 1.749013418e+00 
1.759179212e+00 1.699336772e+00 1.912983425e+00 
1.182942941e+00 1.384672071e+00 1.530978690e+00 
1.385226334e+00 1.624907885e+00 1.828926598e+00 
1.592703210e+00 1.783345615e+00 1.836029992e+00 
1.560720609e+00 1.593957259e+00 1.828926598e+00 
1.553340009e+00 1.819454679e+00 1.915943173e+00 
1.930843775e+00 1.659543110e+00 1.836029992e+00 
1.329734881e+00 1.374355195e+00 1.561760063e+00 
1.597896693e+00 1.706705969e+00 1.912983425e+00 
1.182942941e+00 1.411938099e+00 1.665548540e+00 
1.383586201e+00 1.503316139e+00 1.694356748e+00 
1.752069233e+00 1.694178335e+00 1.836621942e+00 
1.628786145e+00 1.526160648e+00 1.778413575e+00 
1.198251126e+00 1.321296979e+00 1.530978690e+00 
1.198251126e+00 1.295504790e+00 1.367008682e+00 
1.305132880e+00 1.299926308e+00 1.401341752e+00 
1.155060673e+00 1.322770818e+00 1.477703236e+00 
1.275883560e+00 1.302873987e+00 1.398382005e+00 
1.399987535e+00 1.272660280e+00 1.434688240e+00 
1.553340009e+00 1.582903464e+00 1.749013418e+00 
1.130731754e+00 1.366985999e+00 1.382596685e+00 
1.176109325e+00 1.435519528e+00 1.569850039e+00 
1.390009783e+00 1.303610906e+00 1.434688240e+00 
1.370465134e+00 1.269712601e+00 1.427190213e+00 
1.126631420e+00 1.298452469e+00 1.367008682e+00 
1.121437938e+00 1.159911570e+00 1.187253354e+00 
1.160254155e+00 1.428150332e+00 1.514601421e+00 
1.083577918e+00 1.222549742e+00 1.314325178e+00 
1.035604016e+00 1.238761975e+00 1.163378058e+00 
1.411741551e+00 1.281503316e+00 1.451065509e+00 
1.137566190e+00 1.343404569e+00 1.478295185e+00 
1.076744302e+00 1.246131172e+00 1.218626677e+00 
1.137292287e+00 1.355195284e+00 1.485793212e+00 
1.171462007e+00 1.183492999e+00 1.350631413e+00 
1.032870734e+00 1.241709654e+00 1.187253354e+00 
1.058292802e+00 1.195283714e+00 1.179755328e+00 
1.483907421e+00 1.383935151e+00 1.614443567e+00 
1.108863855e+00 1.218128224e+00 1.351223362e+00 
1.108863855e+00 1.192336035e+00 1.187253354e+00 
1.037928085e+00 1.165806927e+00 1.134569850e+00 
1.063486284e+00 1.149594694e+00 1.163970008e+00 
1.152600473e+00 1.030213707e+00 1.187253354e+00 
1.058019719e+00 1.045689020e+00 1.000000000e+00 
1.152600473e+00 1.000000000e+00 1.000000000e+00 
1.012642148e+00 1.138540899e+00 1.000000000e+00 
1.106676737e+00 1.064848931e+00 1.179755328e+00 
1.106676737e+00 1.033898305e+00 1.000000000e+00 
1.058019719e+00 1.069270450e+00 1.163378058e+00 
1.253468677e+00 1.224760501e+00 1.367008682e+00 

1.307319997e+00 1.455416360e+00 1.649171271e+00 
1.596256560e+00 1.784819455e+00 1.915943173e+00 
1.759179212e+00 1.694178335e+00 1.865430150e+00 
1.481994205e+00 1.507000737e+00 1.733228098e+00 
1.458485353e+00 1.627118644e+00 1.752565114e+00 
1.585322610e+00 1.545320560e+00 1.749605367e+00 
1.182942941e+00 1.386145910e+00 1.501578532e+00 
1.336432365e+00 1.478997789e+00 1.665548540e+00 
1.396160284e+00 1.532792926e+00 1.694356748e+00 
1.680996512e+00 1.571849668e+00 1.778413575e+00 
1.465592871e+00 1.624907885e+00 1.828926598e+00 
1.460672471e+00 1.474576271e+00 1.694356748e+00 
1.315793747e+00 1.478997789e+00 1.664956590e+00 
1.483907421e+00 1.383935151e+00 1.614443567e+00 
1.688104030e+00 1.763448784e+00 1.915943173e+00 
1.267136729e+00 1.513633014e+00 1.665548540e+00 
1.130731754e+00 1.366985999e+00 1.382596685e+00 
1.390009783e+00 1.303610906e+00 1.434688240e+00 
1.560720609e+00 1.593957259e+00 1.828926598e+00 
1.682363563e+00 1.504053058e+00 1.701460142e+00 
1.441263952e+00 1.637435520e+00 1.752565114e+00 
1.607190509e+00 1.767133382e+00 1.912983425e+00 
1.399987535e+00 1.272660280e+00 1.434688240e+00 
1.411741551e+00 1.281503316e+00 1.451065509e+00 
1.381126001e+00 1.559322034e+00 1.749605367e+00 
1.611017760e+00 1.436993368e+00 1.664956590e+00 
1.370465134e+00 1.269712601e+00 1.427190213e+00 
1.371011298e+00 1.386145910e+00 1.585635359e+00 
1.292831879e+00 1.490051584e+00 1.641673244e+00 
1.137566190e+00 1.343404569e+00 1.478295185e+00 
1.652568080e+00 1.539425203e+00 1.749013418e+00 
1.191690592e+00 1.432571850e+00 1.572809787e+00 
1.198251126e+00 1.295504790e+00 1.367008682e+00 
1.396707268e+00 1.441414886e+00 1.617995264e+00 
1.305132880e+00 1.299926308e+00 1.401341752e+00 
1.126631420e+00 1.298452469e+00 1.367008682e+00 
1.198251126e+00 1.321296979e+00 1.530978690e+00 
1.267409811e+00 1.509211496e+00 1.641673244e+00 
1.558806573e+00 1.843036109e+00 1.912983425e+00 
1.275883560e+00 1.302873987e+00 1.398382005e+00 
1.155060673e+00 1.322770818e+00 1.477703236e+00 
1.171462007e+00 1.183492999e+00 1.350631413e+00 
1.035604016e+00 1.238761975e+00 1.163378058e+00 
1.137292287e+00 1.355195284e+00 1.485793212e+00 
1.083577918e+00 1.222549742e+00 1.314325178e+00 
1.702318247e+00 1.728813559e+00 1.912983425e+00 
1.058292802e+00 1.195283714e+00 1.179755328e+00 
1.076744302e+00 1.246131172e+00 1.218626677e+00 
1.108863855e+00 1.218128224e+00 1.351223362e+00 
1.253468677e+00 1.224760501e+00 1.367008682e+00 
1.032870734e+00 1.241709654e+00 1.187253354e+00 
1.152600473e+00 1.030213707e+00 1.187253354e+00 
1.121437938e+00 1.159911570e+00 1.187253354e+00 
1.108863855e+00 1.192336035e+00 1.187253354e+00 
1.037928085e+00 1.165806927e+00 1.134569850e+00 
1.152600473e+00 1.000000000e+00 1.000000000e+00 
1.063486284e+00 1.149594694e+00 1.163970008e+00 
1.058019719e+00 1.045689020e+00 1.000000000e+00 
1.058019719e+00 1.069270450e+00 1.163378058e+00 
1.106676737e+00 1.033898305e+00 1.000000000e+00 
1.012642148e+00 1.138540899e+00 1.000000000e+00 
1.106676737e+00 1.064848931e+00 1.179755328e+00 

1.582588508e+00 1.630803242e+00 1.912983425e+00 
1.315793747e+00 1.478997789e+00 1.664956590e+00 
1.628786145e+00 1.526160648e+00 1.778413575e+00 
1.383586201e+00 1.503316139e+00 1.694356748e+00 
1.555800209e+00 1.812085483e+00 1.912983425e+00 
1.321534214e+00 1.651436993e+00 1.665548540e+00 
1.335202265e+00 1.601326455e+00 1.665548540e+00 
1.483907421e+00 1.383935151e+00 1.614443567e+00 
1.445364286e+00 1.565217391e+00 1.828926598e+00 
1.626872110e+00 1.552689757e+00 1.733228098e+00 
1.371011298e+00 1.386145910e+00 1.585635359e+00 
1.478166954e+00 1.445836404e+00 1.588595107e+00 
1.700952015e+00 1.700073692e+00 1.915943173e+00 
1.160254155e+00 1.428150332e+00 1.514601421e+00 
1.307319997e+00 1.455416360e+00 1.649171271e+00 
1.176109325e+00 1.435519528e+00 1.569850039e+00 
1.292831879e+00 1.490051584e+00 1.641673244e+00 
1.137566190e+00 1.343404569e+00 1.478295185e+00 
1.639173110e+00 1.848194547e+00 1.915943173e+00 
1.385226334e+00 1.624907885e+00 1.828926598e+00 
1.480900236e+00 1.411938099e+00 1.665548540e+00 
1.336432365e+00 1.478997789e+00 1.665548540e+00 
1.533931490e+00 1.474576271e+00 1.694356748e+00 
1.370465134e+00 1.269712601e+00 1.427190213e+00 
1.399987535e+00 1.272660280e+00 1.434688240e+00 
1.155060673e+00 1.322770818e+00 1.477703236e+00 
1.126631420e+00 1.298452469e+00 1.367008682e+00 
1.130731754e+00 1.366985999e+00 1.382596685e+00 
1.198251126e+00 1.295504790e+00 1.367008682e+00 
1.182942941e+00 1.386145910e+00 1.501578532e+00 
1.137292287e+00 1.355195284e+00 1.485793212e+00 
1.275883560e+00 1.302873987e+00 1.398382005e+00 
1.108863855e+00 1.192336035e+00 1.187253354e+00 
1.121437938e+00 1.159911570e+00 1.187253354e+00 
1.329734881e+00 1.374355195e+00 1.561760063e+00 
1.058292802e+00 1.195283714e+00 1.179755328e+00 
1.198251126e+00 1.321296979e+00 1.530978690e+00 
1.035604016e+00 1.238761975e+00 1.163378058e+00 
1.372378349e+00 1.571112749e+00 1.752565114e+00 
1.390009783e+00 1.303610906e+00 1.434688240e+00 
1.076744302e+00 1.246131172e+00 1.218626677e+00 
1.305132880e+00 1.299926308e+00 1.401341752e+00 
1.108863855e+00 1.218128224e+00 1.351223362e+00 
1.411741551e+00 1.281503316e+00 1.451065509e+00 
1.253468677e+00 1.224760501e+00 1.367008682e+00 
1.106676737e+00 1.033898305e+00 1.000000000e+00 
1.171462007e+00 1.183492999e+00 1.350631413e+00 
1.063486284e+00 1.149594694e+00 1.163970008e+00 
1.032870734e+00 1.241709654e+00 1.187253354e+00 
1.152600473e+00 1.000000000e+00 1.000000000e+00 
1.083577918e+00 1.222549742e+00 1.314325178e+00 
1.058019719e+00 1.069270450e+00 1.163378058e+00 
1.152600473e+00 1.030213707e+00 1.187253354e+00 
1.037928085e+00 1.165806927e+00 1.134569850e+00 
1.058019719e+00 1.045689020e+00 1.000000000e+00 
1.106676737e+00 1.064848931e+00 1.179755328e+00 
1.012642148e+00 1.138540899e+00 1.000000000e+00 

1.460672471e+00 1.474576271e+00 1.694356748e+00 
1.939864509e+00 1.763448784e+00 1.915943173e+00 
1.385226334e+00 1.624907885e+00 1.828926598e+00 
1.383586201e+00 1.503316139e+00 1.694356748e+00 
1.679356379e+00 1.532056006e+00 1.752565114e+00 
1.582588508e+00 1.630803242e+00 1.912983425e+00 
1.371011298e+00 1.386145910e+00 1.585635359e+00 
1.579582143e+00 1.799557848e+00 1.912983425e+00 
1.182942941e+00 1.411938099e+00 1.665548540e+00 
1.481994205e+00 1.507000737e+00 1.733228098e+00 
1.483907421e+00 1.383935151e+00 1.614443567e+00 
1.182942941e+00 1.384672071e+00 1.530978690e+00 
1.555800209e+00 1.812085483e+00 1.912983425e+00 
1.585322610e+00 1.545320560e+00 1.749605367e+00 
1.198251126e+00 1.321296979e+00 1.530978690e+00 
1.390009783e+00 1.303610906e+00 1.434688240e+00 
1.445364286e+00 1.565217391e+00 1.828926598e+00 
1.137566190e+00 1.343404569e+00 1.478295185e+00 
1.333015147e+00 1.610169492e+00 1.694356748e+00 
1.137292287e+00 1.355195284e+00 1.485793212e+00 
1.160254155e+00 1.428150332e+00 1.514601421e+00 
1.305132880e+00 1.299926308e+00 1.401341752e+00 
1.399987535e+00 1.272660280e+00 1.434688240e+00 
1.126631420e+00 1.298452469e+00 1.367008682e+00 
1.623045679e+00 1.792188651e+00 1.915943173e+00 
1.595436493e+00 1.374355195e+00 1.561760063e+00 
1.370465134e+00 1.269712601e+00 1.427190213e+00 
1.198251126e+00 1.295504790e+00 1.367008682e+00 
1.058292802e+00 1.195283714e+00 1.179755328e+00 
1.253468677e+00 1.224760501e+00 1.367008682e+00 
1.155060673e+00 1.322770818e+00 1.477703236e+00 
1.032870734e+00 1.241709654e+00 1.187253354e+00 
1.108863855e+00 1.192336035e+00 1.187253354e+00 
1.130731754e+00 1.366985999e+00 1.382596685e+00 
1.035604016e+00 1.238761975e+00 1.163378058e+00 
1.171462007e+00 1.183492999e+00 1.350631413e+00 
1.411741551e+00 1.281503316e+00 1.451065509e+00 
1.076744302e+00 1.246131172e+00 1.218626677e+00 
1.106676737e+00 1.064848931e+00 1.179755328e+00 
1.275883560e+00 1.302873987e+00 1.398382005e+00 
1.012642148e+00 1.138540899e+00 1.000000000e+00 
1.121437938e+00 1.159911570e+00 1.187253354e+00 
1.108863855e+00 1.218128224e+00 1.351223362e+00 
1.083577918e+00 1.222549742e+00 1.314325178e+00 
1.106676737e+00 1.033898305e+00 1.000000000e+00 
1.058019719e+00 1.069270450e+00 1.163378058e+00 
1.063486284e+00 1.149594694e+00 1.163970008e+00 
1.152600473e+00 1.000000000e+00 1.000000000e+00 
1.037928085e+00 1.165806927e+00 1.134569850e+00 
1.152600473e+00 1.030213707e+00 1.187253354e+00 
1.058019719e+00 1.045689020e+00 1.000000000e+00 

1.620858561e+00 1.624170965e+00 1.778413575e+00 
1.718993483e+00 1.741341194e+00 1.836621942e+00 
1.533931490e+00 1.474576271e+00 1.694356748e+00 
1.774211034e+00 1.739130435e+00 1.915943173e+00 
1.537758741e+00 1.620486367e+00 1.749605367e+00 
1.633979628e+00 1.383935151e+00 1.614443567e+00 
1.570287507e+00 1.526160648e+00 1.749013418e+00 
1.441263952e+00 1.637435520e+00 1.752565114e+00 
1.614298027e+00 1.775239499e+00 1.836621942e+00 
1.832435770e+00 1.504053058e+00 1.701460142e+00 
1.458485353e+00 1.627118644e+00 1.752565114e+00 
1.468053071e+00 1.633014001e+00 1.828926598e+00 
1.383586201e+00 1.503316139e+00 1.694356748e+00 
1.614571109e+00 1.624170965e+00 1.752565114e+00 
1.182942941e+00 1.386145910e+00 1.501578532e+00 
1.647100695e+00 1.599115696e+00 1.751973165e+00 
1.873988550e+00 1.684598379e+00 1.836029992e+00 
1.130731754e+00 1.366985999e+00 1.382596685e+00 
1.371011298e+00 1.386145910e+00 1.585635359e+00 
1.580948374e+00 1.628592483e+00 1.778413575e+00 
1.329734881e+00 1.374355195e+00 1.561760063e+00 
1.785421346e+00 1.708916728e+00 1.912983425e+00 
1.333015147e+00 1.610169492e+00 1.694356748e+00 
1.467506087e+00 1.568165070e+00 1.749013418e+00 
1.680996512e+00 1.571849668e+00 1.778413575e+00 
1.434976501e+00 1.700073692e+00 1.828926598e+00 
1.446457435e+00 1.562269713e+00 1.725730071e+00 
1.390009783e+00 1.303610906e+00 1.434688240e+00 
1.623045679e+00 1.792188651e+00 1.915943173e+00 
1.632066412e+00 1.603537214e+00 1.751973165e+00 
1.457528335e+00 1.599115696e+00 1.749013418e+00 
1.734298388e+00 1.781134856e+00 1.912983425e+00 
1.411741551e+00 1.281503316e+00 1.451065509e+00 
1.155060673e+00 1.322770818e+00 1.477703236e+00 
1.137566190e+00 1.343404569e+00 1.478295185e+00 
1.198251126e+00 1.295504790e+00 1.367008682e+00 
1.126631420e+00 1.298452469e+00 1.367008682e+00 
1.275883560e+00 1.302873987e+00 1.398382005e+00 
1.305132880e+00 1.299926308e+00 1.401341752e+00 
1.198251126e+00 1.321296979e+00 1.530978690e+00 
1.182942941e+00 1.411938099e+00 1.665548540e+00 
1.083577918e+00 1.222549742e+00 1.314325178e+00 
1.253468677e+00 1.224760501e+00 1.367008682e+00 
1.121437938e+00 1.159911570e+00 1.187253354e+00 
1.481994205e+00 1.507000737e+00 1.733228098e+00 
1.058292802e+00 1.195283714e+00 1.179755328e+00 
1.076744302e+00 1.246131172e+00 1.218626677e+00 
1.399987535e+00 1.272660280e+00 1.434688240e+00 
1.035604016e+00 1.238761975e+00 1.163378058e+00 
1.032870734e+00 1.241709654e+00 1.187253354e+00 
1.137292287e+00 1.355195284e+00 1.485793212e+00 
1.171462007e+00 1.183492999e+00 1.350631413e+00 
1.370465134e+00 1.269712601e+00 1.427190213e+00 
1.037928085e+00 1.165806927e+00 1.134569850e+00 
1.058019719e+00 1.045689020e+00 1.000000000e+00 
1.012642148e+00 1.138540899e+00 1.000000000e+00 
1.108863855e+00 1.218128224e+00 1.351223362e+00 
1.058019719e+00 1.069270450e+00 1.163378058e+00 
1.106676737e+00 1.033898305e+00 1.000000000e+00 
1.108863855e+00 1.192336035e+00 1.187253354e+00 
1.106676737e+00 1.064848931e+00 1.179755328e+00 
1.152600473e+00 1.030213707e+00 1.187253354e+00 
1.063486284e+00 1.149594694e+00 1.163970008e+00 
1.152600473e+00 1.000000000e+00 1.000000000e+00 

1.628786145e+00 1.813559322e+00 1.915943173e+00 
1.483907421e+00 1.383935151e+00 1.614443567e+00 
1.589149041e+00 1.868091378e+00 1.912983425e+00 
1.755078878e+00 1.725128961e+00 1.865430150e+00 
1.460672471e+00 1.474576271e+00 1.694356748e+00 
1.467506087e+00 1.568165070e+00 1.749013418e+00 
1.329734881e+00 1.374355195e+00 1.561760063e+00 
1.606097360e+00 1.571849668e+00 1.778413575e+00 
1.749338411e+00 1.708916728e+00 1.836621942e+00 
1.809473903e+00 1.557111275e+00 1.751973165e+00 
1.635346679e+00 1.810611643e+00 1.912983425e+00 
1.333015147e+00 1.610169492e+00 1.694356748e+00 
1.176109325e+00 1.435519528e+00 1.569850039e+00 
1.137292287e+00 1.355195284e+00 1.485793212e+00 
1.652568080e+00 1.539425203e+00 1.749013418e+00 
1.160254155e+00 1.428150332e+00 1.514601421e+00 
1.792252502e+00 1.655858511e+00 1.912983425e+00 
1.182942941e+00 1.411938099e+00 1.665548540e+00 
1.467506087e+00 1.541635962e+00 1.725730071e+00 
1.638900028e+00 1.770081061e+00 1.915943173e+00 
1.498121637e+00 1.852616065e+00 1.836621942e+00 
1.305132880e+00 1.299926308e+00 1.401341752e+00 
1.385226334e+00 1.624907885e+00 1.828926598e+00 
1.275883560e+00 1.302873987e+00 1.398382005e+00 
1.137566190e+00 1.343404569e+00 1.478295185e+00 
1.508782504e+00 1.553426676e+00 1.749605367e+00 
1.198251126e+00 1.321296979e+00 1.530978690e+00 
1.130731754e+00 1.366985999e+00 1.382596685e+00 
1.396160284e+00 1.532792926e+00 1.694356748e+00 
1.108863855e+00 1.192336035e+00 1.187253354e+00 
1.411741551e+00 1.281503316e+00 1.451065509e+00 
1.155060673e+00 1.322770818e+00 1.477703236e+00 
1.126631420e+00 1.298452469e+00 1.367008682e+00 
1.198251126e+00 1.295504790e+00 1.367008682e+00 
1.058292802e+00 1.195283714e+00 1.179755328e+00 
1.035604016e+00 1.238761975e+00 1.163378058e+00 
1.121437938e+00 1.159911570e+00 1.187253354e+00 
1.108863855e+00 1.218128224e+00 1.351223362e+00 
1.752208645e+00 1.752394989e+00 1.912983425e+00 
1.370465134e+00 1.269712601e+00 1.427190213e+00 
1.390009783e+00 1.303610906e+00 1.434688240e+00 
1.399987535e+00 1.272660280e+00 1.434688240e+00 
1.058019719e+00 1.069270450e+00 1.163378058e+00 
1.058019719e+00 1.045689020e+00 1.000000000e+00 
1.032870734e+00 1.241709654e+00 1.187253354e+00 
1.171462007e+00 1.183492999e+00 1.350631413e+00 
1.253468677e+00 1.224760501e+00 1.367008682e+00 
1.106676737e+00 1.064848931e+00 1.179755328e+00 
1.083577918e+00 1.222549742e+00 1.314325178e+00 
1.012642148e+00 1.138540899e+00 1.000000000e+00 
1.076744302e+00 1.246131172e+00 1.218626677e+00 
1.106676737e+00 1.033898305e+00 1.000000000e+00 
1.152600473e+00 1.030213707e+00 1.187253354e+00 
1.037928085e+00 1.165806927e+00 1.134569850e+00 
1.063486284e+00 1.149594694e+00 1.163970008e+00 
1.152600473e+00 1.000000000e+00 1.000000000e+00 

1.774211034e+00 1.739130435e+00 1.915943173e+00 
1.610197693e+00 1.516580693e+00 1.672651934e+00 
1.617578294e+00 1.604274134e+00 1.828926598e+00 
1.606097360e+00 1.571849668e+00 1.778413575e+00 
1.467506087e+00 1.568165070e+00 1.749013418e+00 
1.650927946e+00 1.683124539e+00 1.912983425e+00 
1.577395025e+00 1.770817981e+00 1.915943173e+00 
1.639720095e+00 1.748710391e+00 1.915943173e+00 
1.556346373e+00 1.613117170e+00 1.752565114e+00 
1.182942941e+00 1.384672071e+00 1.530978690e+00 
1.160254155e+00 1.428150332e+00 1.514601421e+00 
1.385226334e+00 1.624907885e+00 1.828926598e+00 
1.504409089e+00 1.613854090e+00 1.751973165e+00 
1.396160284e+00 1.532792926e+00 1.694356748e+00 
1.682363563e+00 1.504053058e+00 1.701460142e+00 
1.329734881e+00 1.374355195e+00 1.561760063e+00 
1.198251126e+00 1.295504790e+00 1.367008682e+00 
1.182942941e+00 1.411938099e+00 1.665548540e+00 
1.633979628e+00 1.383935151e+00 1.614443567e+00 
1.275883560e+00 1.302873987e+00 1.398382005e+00 
1.629059228e+00 1.506263817e+00 1.672651934e+00 
1.137566190e+00 1.343404569e+00 1.478295185e+00 
1.573841676e+00 1.532056006e+00 1.752565114e+00 
1.597896693e+00 1.706705969e+00 1.912983425e+00 
1.130731754e+00 1.366985999e+00 1.382596685e+00 
1.570287507e+00 1.526160648e+00 1.749013418e+00 
1.390009783e+00 1.303610906e+00 1.434688240e+00 
1.126631420e+00 1.298452469e+00 1.367008682e+00 
1.137292287e+00 1.355195284e+00 1.485793212e+00 
1.108863855e+00 1.218128224e+00 1.351223362e+00 
1.399987535e+00 1.272660280e+00 1.434688240e+00 
1.155060673e+00 1.322770818e+00 1.477703236e+00 
1.058292802e+00 1.195283714e+00 1.179755328e+00 
1.198251126e+00 1.321296979e+00 1.530978690e+00 
1.121437938e+00 1.159911570e+00 1.187253354e+00 
1.370465134e+00 1.269712601e+00 1.427190213e+00 
1.035604016e+00 1.238761975e+00 1.163378058e+00 
1.305132880e+00 1.299926308e+00 1.401341752e+00 
1.171462007e+00 1.183492999e+00 1.350631413e+00 
1.083577918e+00 1.222549742e+00 1.314325178e+00 
1.108863855e+00 1.192336035e+00 1.187253354e+00 
1.076744302e+00 1.246131172e+00 1.218626677e+00 
1.058019719e+00 1.069270450e+00 1.163378058e+00 
1.012642148e+00 1.138540899e+00 1.000000000e+00 
1.411741551e+00 1.281503316e+00 1.451065509e+00 
1.152600473e+00 1.030213707e+00 1.187253354e+00 
1.037928085e+00 1.165806927e+00 1.134569850e+00 
1.152600473e+00 1.000000000e+00 1.000000000e+00 
1.058019719e+00 1.045689020e+00 1.000000000e+00 
1.063486284e+00 1.149594694e+00 1.163970008e+00 
1.032870734e+00 1.241709654e+00 1.187253354e+00 
1.253468677e+00 1.224760501e+00 1.367008682e+00 
1.106676737e+00 1.033898305e+00 1.000000000e+00 
1.106676737e+00 1.064848931e+00 1.179755328e+00 

1.759179212e+00 1.694178335e+00 1.865430150e+00 
1.182942941e+00 1.411938099e+00 1.665548540e+00 
1.628786145e+00 1.526160648e+00 1.778413575e+00 
1.160254155e+00 1.428150332e+00 1.514601421e+00 
1.505366106e+00 1.632277082e+00 1.828926598e+00 
1.333015147e+00 1.610169492e+00 1.694356748e+00 
1.460672471e+00 1.474576271e+00 1.694356748e+00 
1.454385020e+00 1.549005158e+00 1.694356748e+00 
1.512336673e+00 1.579218865e+00 1.828926598e+00 
1.396707268e+00 1.556374355e+00 1.752565114e+00 
1.484454406e+00 1.750184230e+00 1.828926598e+00 
1.176109325e+00 1.435519528e+00 1.569850039e+00 
1.499761771e+00 1.703021371e+00 1.828926598e+00 
1.390009783e+00 1.303610906e+00 1.434688240e+00 
1.182942941e+00 1.384672071e+00 1.530978690e+00 
1.198251126e+00 1.321296979e+00 1.530978690e+00 
1.371011298e+00 1.386145910e+00 1.585635359e+00 
1.585322610e+00 1.545320560e+00 1.749605367e+00 
1.733207699e+00 1.700073692e+00 1.915943173e+00 
1.329734881e+00 1.374355195e+00 1.561760063e+00 
1.399987535e+00 1.272660280e+00 1.434688240e+00 
1.126631420e+00 1.298452469e+00 1.367008682e+00 
1.372378349e+00 1.571112749e+00 1.752565114e+00 
1.597896693e+00 1.706705969e+00 1.912983425e+00 
1.558806573e+00 1.843036109e+00 1.912983425e+00 
1.155060673e+00 1.322770818e+00 1.477703236e+00 
1.596256560e+00 1.784819455e+00 1.915943173e+00 
1.275883560e+00 1.302873987e+00 1.398382005e+00 
1.137566190e+00 1.343404569e+00 1.478295185e+00 
1.108863855e+00 1.192336035e+00 1.187253354e+00 
1.108863855e+00 1.218128224e+00 1.351223362e+00 
1.137292287e+00 1.355195284e+00 1.485793212e+00 
1.370465134e+00 1.269712601e+00 1.427190213e+00 
1.035604016e+00 1.238761975e+00 1.163378058e+00 
1.171462007e+00 1.183492999e+00 1.350631413e+00 
1.130731754e+00 1.366985999e+00 1.382596685e+00 
1.411741551e+00 1.281503316e+00 1.451065509e+00 
1.305132880e+00 1.299926308e+00 1.401341752e+00 
1.121437938e+00 1.159911570e+00 1.187253354e+00 
1.058292802e+00 1.195283714e+00 1.179755328e+00 
1.032870734e+00 1.241709654e+00 1.187253354e+00 
1.076744302e+00 1.246131172e+00 1.218626677e+00 
1.152600473e+00 1.030213707e+00 1.187253354e+00 
1.058019719e+00 1.069270450e+00 1.163378058e+00 
1.063486284e+00 1.149594694e+00 1.163970008e+00 
1.037928085e+00 1.165806927e+00 1.134569850e+00 
1.198251126e+00 1.295504790e+00 1.367008682e+00 
1.058019719e+00 1.045689020e+00 1.000000000e+00 
1.253468677e+00 1.224760501e+00 1.367008682e+00 
1.083577918e+00 1.222549742e+00 1.314325178e+00 
1.152600473e+00 1.000000000e+00 1.000000000e+00 
1.106676737e+00 1.033898305e+00 1.000000000e+00 
1.012642148e+00 1.138540899e+00 1.000000000e+00 
1.106676737e+00 1.064848931e+00 1.179755328e+00 

1.443724153e+00 1.630066323e+00 1.749605367e+00 
1.371011298e+00 1.386145910e+00 1.585635359e+00 
1.560720609e+00 1.593957259e+00 1.828926598e+00 
1.360350431e+00 1.731761238e+00 1.749605367e+00 
1.614298027e+00 1.775239499e+00 1.836621942e+00 
1.575481810e+00 1.556374355e+00 1.752565114e+00 
1.558806573e+00 1.843036109e+00 1.912983425e+00 
1.671429614e+00 1.699336772e+00 1.915943173e+00 
1.445364286e+00 1.537951363e+00 1.694356748e+00 
1.559900542e+00 1.602800295e+00 1.751973165e+00 
1.596256560e+00 1.784819455e+00 1.915943173e+00 
1.628786145e+00 1.526160648e+00 1.778413575e+00 
1.574661743e+00 1.804716286e+00 1.836621942e+00 
1.527234005e+00 1.606484893e+00 1.749605367e+00 
1.182942941e+00 1.411938099e+00 1.665548540e+00 
1.176109325e+00 1.435519528e+00 1.569850039e+00 
1.726647165e+00 1.688282977e+00 1.836621942e+00 
1.483907421e+00 1.383935151e+00 1.614443567e+00 
1.198251126e+00 1.321296979e+00 1.530978690e+00 
1.333015147e+00 1.610169492e+00 1.694356748e+00 
1.459305420e+00 1.627118644e+00 1.752565114e+00 
1.405728002e+00 1.700073692e+00 1.736187845e+00 
1.457528335e+00 1.599115696e+00 1.749013418e+00 
1.512609756e+00 1.772291820e+00 1.781373323e+00 
1.137292287e+00 1.355195284e+00 1.485793212e+00 
1.828335437e+00 1.646278556e+00 1.836029992e+00 
1.399987535e+00 1.272660280e+00 1.434688240e+00 
1.411741551e+00 1.281503316e+00 1.451065509e+00 
1.481994205e+00 1.507000737e+00 1.733228098e+00 
1.108863855e+00 1.218128224e+00 1.351223362e+00 
1.130731754e+00 1.366985999e+00 1.382596685e+00 
1.305132880e+00 1.299926308e+00 1.401341752e+00 
1.155060673e+00 1.322770818e+00 1.477703236e+00 
1.121437938e+00 1.159911570e+00 1.187253354e+00 
1.390009783e+00 1.303610906e+00 1.434688240e+00 
1.058292802e+00 1.195283714e+00 1.179755328e+00 
1.126631420e+00 1.298452469e+00 1.367008682e+00 
1.083577918e+00 1.222549742e+00 1.314325178e+00 
1.198251126e+00 1.295504790e+00 1.367008682e+00 
1.035604016e+00 1.238761975e+00 1.163378058e+00 
1.370465134e+00 1.269712601e+00 1.427190213e+00 
1.137566190e+00 1.343404569e+00 1.478295185e+00 
1.253468677e+00 1.224760501e+00 1.367008682e+00 
1.460672471e+00 1.474576271e+00 1.694356748e+00 
1.076744302e+00 1.246131172e+00 1.218626677e+00 
1.429509936e+00 1.578481945e+00 1.694356748e+00 
1.171462007e+00 1.183492999e+00 1.350631413e+00 
1.540218941e+00 1.690493736e+00 1.828926598e+00 
1.108863855e+00 1.192336035e+00 1.187253354e+00 
1.275883560e+00 1.302873987e+00 1.398382005e+00 
1.152600473e+00 1.000000000e+00 1.000000000e+00 
1.106676737e+00 1.033898305e+00 1.000000000e+00 
1.058019719e+00 1.045689020e+00 1.000000000e+00 
1.037928085e+00 1.165806927e+00 1.134569850e+00 
1.152600473e+00 1.030213707e+00 1.187253354e+00 
1.032870734e+00 1.241709654e+00 1.187253354e+00 
1.012642148e+00 1.138540899e+00 1.000000000e+00 
1.106676737e+00 1.064848931e+00 1.179755328e+00 
1.063486284e+00 1.149594694e+00 1.163970008e+00 
1.058019719e+00 1.069270450e+00 1.163378058e+00 

1.534204572e+00 1.785556374e+00 1.836621942e+00 
1.596256560e+00 1.784819455e+00 1.915943173e+00 
1.442904086e+00 1.630066323e+00 1.749605367e+00 
1.458485353e+00 1.627118644e+00 1.752565114e+00 
1.585322610e+00 1.545320560e+00 1.749605367e+00 
1.182942941e+00 1.384672071e+00 1.530978690e+00 
1.182942941e+00 1.411938099e+00 1.665548540e+00 
1.374018483e+00 1.647015475e+00 1.733228098e+00 
1.389599750e+00 1.644067797e+00 1.736187845e+00 
1.487734672e+00 1.574060427e+00 1.749605367e+00 
1.680996512e+00 1.571849668e+00 1.778413575e+00 
1.423769469e+00 1.744288873e+00 1.752565114e+00 
1.460672471e+00 1.474576271e+00 1.694356748e+00 
1.329734881e+00 1.374355195e+00 1.561760063e+00 
1.540218941e+00 1.690493736e+00 1.828926598e+00 
1.484454406e+00 1.750184230e+00 1.828926598e+00 
1.498941704e+00 1.742078113e+00 1.828926598e+00 
1.466686020e+00 1.539425203e+00 1.749013418e+00 
1.639720095e+00 1.748710391e+00 1.915943173e+00 
1.560720609e+00 1.593957259e+00 1.828926598e+00 
1.137292287e+00 1.355195284e+00 1.485793212e+00 
1.553340009e+00 1.819454679e+00 1.915943173e+00 
1.682363563e+00 1.504053058e+00 1.701460142e+00 
1.552793024e+00 1.667649226e+00 1.781373323e+00 
1.383586201e+00 1.503316139e+00 1.694356748e+00 
1.160254155e+00 1.428150332e+00 1.514601421e+00 
1.399987535e+00 1.272660280e+00 1.434688240e+00 
1.305132880e+00 1.299926308e+00 1.401341752e+00 
1.155060673e+00 1.322770818e+00 1.477703236e+00 
1.582588508e+00 1.630803242e+00 1.912983425e+00 
1.370465134e+00 1.269712601e+00 1.427190213e+00 
1.137566190e+00 1.343404569e+00 1.478295185e+00 
1.275883560e+00 1.302873987e+00 1.398382005e+00 
1.390009783e+00 1.303610906e+00 1.434688240e+00 
1.058292802e+00 1.195283714e+00 1.179755328e+00 
1.198251126e+00 1.295504790e+00 1.367008682e+00 
1.126631420e+00 1.298452469e+00 1.367008682e+00 
1.076744302e+00 1.246131172e+00 1.218626677e+00 
1.198251126e+00 1.321296979e+00 1.530978690e+00 
1.130731754e+00 1.366985999e+00 1.382596685e+00 
1.483907421e+00 1.383935151e+00 1.614443567e+00 
1.171462007e+00 1.183492999e+00 1.350631413e+00 
1.121437938e+00 1.159911570e+00 1.187253354e+00 
1.035604016e+00 1.238761975e+00 1.163378058e+00 
1.032870734e+00 1.241709654e+00 1.187253354e+00 
1.253468677e+00 1.224760501e+00 1.367008682e+00 
1.108863855e+00 1.218128224e+00 1.351223362e+00 
1.083577918e+00 1.222549742e+00 1.314325178e+00 
1.037928085e+00 1.165806927e+00 1.134569850e+00 
1.108863855e+00 1.192336035e+00 1.187253354e+00 
1.106676737e+00 1.064848931e+00 1.179755328e+00 
1.411741551e+00 1.281503316e+00 1.451065509e+00 
1.058019719e+00 1.069270450e+00 1.163378058e+00 
1.106676737e+00 1.033898305e+00 1.000000000e+00 
1.058019719e+00 1.045689020e+00 1.000000000e+00 
1.152600473e+00 1.000000000e+00 1.000000000e+00 
1.012642148e+00 1.138540899e+00 1.000000000e+00 
1.063486284e+00 1.149594694e+00 1.163970008e+00 
1.152600473e+00 1.030213707e+00 1.187253354e+00 

1.554160075e+00 1.575534267e+00 1.733228098e+00 
1.596256560e+00 1.784819455e+00 1.915943173e+00 
1.616485145e+00 1.708916728e+00 1.836621942e+00 
1.585322610e+00 1.545320560e+00 1.749605367e+00 
1.182942941e+00 1.384672071e+00 1.530978690e+00 
1.477073805e+00 1.503316139e+00 1.694356748e+00 
1.333015147e+00 1.610169492e+00 1.694356748e+00 
1.483907421e+00 1.383935151e+00 1.614443567e+00 
1.267136729e+00 1.513633014e+00 1.665548540e+00 
1.586688841e+00 1.722918202e+00 1.912983425e+00 
1.527234005e+00 1.606484893e+00 1.749605367e+00 
1.467506087e+00 1.541635962e+00 1.725730071e+00 
1.457528335e+00 1.599115696e+00 1.749013418e+00 
1.947245109e+00 1.684598379e+00 1.836029992e+00 
1.385226334e+00 1.624907885e+00 1.828926598e+00 
1.390009783e+00 1.303610906e+00 1.434688240e+00 
1.198251126e+00 1.295504790e+00 1.367008682e+00 
1.354883866e+00 1.456153279e+00 1.617995264e+00 
1.560720609e+00 1.593957259e+00 1.828926598e+00 
1.336432365e+00 1.478997789e+00 1.665548540e+00 
1.396160284e+00 1.532792926e+00 1.694356748e+00 
1.198251126e+00 1.321296979e+00 1.530978690e+00 
1.533931490e+00 1.474576271e+00 1.694356748e+00 
1.454111937e+00 1.585851142e+00 1.736187845e+00 
1.396707268e+00 1.441414886e+00 1.617995264e+00 
1.191690592e+00 1.432571850e+00 1.572809787e+00 
1.371011298e+00 1.386145910e+00 1.585635359e+00 
1.126631420e+00 1.298452469e+00 1.367008682e+00 
1.480900236e+00 1.411938099e+00 1.665548540e+00 
1.176109325e+00 1.435519528e+00 1.569850039e+00 
1.155060673e+00 1.322770818e+00 1.477703236e+00 
1.329734881e+00 1.374355195e+00 1.561760063e+00 
1.671429614e+00 1.699336772e+00 1.915943173e+00 
1.292831879e+00 1.490051584e+00 1.641673244e+00 
1.275883560e+00 1.302873987e+00 1.398382005e+00 
1.137292287e+00 1.355195284e+00 1.485793212e+00 
1.617305212e+00 1.714075166e+00 1.912983425e+00 
1.035604016e+00 1.238761975e+00 1.163378058e+00 
1.137566190e+00 1.343404569e+00 1.478295185e+00 
1.411741551e+00 1.281503316e+00 1.451065509e+00 
1.628786145e+00 1.526160648e+00 1.778413575e+00 
1.130731754e+00 1.366985999e+00 1.382596685e+00 
1.108863855e+00 1.192336035e+00 1.187253354e+00 
1.076744302e+00 1.246131172e+00 1.218626677e+00 
1.305132880e+00 1.299926308e+00 1.401341752e+00 
1.171462007e+00 1.183492999e+00 1.350631413e+00 
1.083577918e+00 1.222549742e+00 1.314325178e+00 
1.058292802e+00 1.195283714e+00 1.179755328e+00 
1.108863855e+00 1.218128224e+00 1.351223362e+00 
1.370465134e+00 1.269712601e+00 1.427190213e+00 
1.121437938e+00 1.159911570e+00 1.187253354e+00 
1.399987535e+00 1.272660280e+00 1.434688240e+00 
1.253468677e+00 1.224760501e+00 1.367008682e+00 
1.152600473e+00 1.030213707e+00 1.187253354e+00 
1.106676737e+00 1.064848931e+00 1.179755328e+00 
1.012642148e+00 1.138540899e+00 1.000000000e+00 
1.037928085e+00 1.165806927e+00 1.134569850e+00 
1.032870734e+00 1.241709654e+00 1.187253354e+00 
1.063486284e+00 1.149594694e+00 1.163970008e+00 
1.106676737e+00 1.033898305e+00 1.000000000e+00 
1.152600473e+00 1.000000000e+00 1.000000000e+00 
1.058019719e+00 1.069270450e+00 1.163378058e+00 
1.058019719e+00 1.045689020e+00 1.000000000e+00 

1.682363563e+00 1.504053058e+00 1.701460142e+00 
1.459305420e+00 1.627118644e+00 1.752565114e+00 
1.607190509e+00 1.767133382e+00 1.912983425e+00 
1.339575681e+00 1.455416360e+00 1.649171271e+00 
1.579582143e+00 1.799557848e+00 1.912983425e+00 
1.547599542e+00 1.613117170e+00 1.751973165e+00 
1.481994205e+00 1.507000737e+00 1.733228098e+00 
1.478166954e+00 1.445836404e+00 1.588595107e+00 
1.517667107e+00 1.690493736e+00 1.828926598e+00 
1.182942941e+00 1.384672071e+00 1.530978690e+00 
1.570287507e+00 1.639646279e+00 1.828926598e+00 
1.617578294e+00 1.604274134e+00 1.828926598e+00 
1.333015147e+00 1.610169492e+00 1.694356748e+00 
1.267136729e+00 1.513633014e+00 1.665548540e+00 
1.316886896e+00 1.501105380e+00 1.649171271e+00 
1.674846012e+00 1.823876197e+00 1.915943173e+00 
1.639173110e+00 1.848194547e+00 1.915943173e+00 
1.591609241e+00 1.779661017e+00 1.912983425e+00 
1.700952015e+00 1.700073692e+00 1.915943173e+00 
1.659401696e+00 1.557111275e+00 1.751973165e+00 
1.342308963e+00 1.478997789e+00 1.665548540e+00 
1.792252502e+00 1.655858511e+00 1.912983425e+00 
1.457528335e+00 1.599115696e+00 1.749013418e+00 
1.267409811e+00 1.509211496e+00 1.641673244e+00 
1.329734881e+00 1.374355195e+00 1.561760063e+00 
1.305132880e+00 1.299926308e+00 1.401341752e+00 
1.480900236e+00 1.411938099e+00 1.665548540e+00 
1.130731754e+00 1.366985999e+00 1.382596685e+00 
1.198251126e+00 1.295504790e+00 1.367008682e+00 
1.617305212e+00 1.609432572e+00 1.781373323e+00 
1.483907421e+00 1.383935151e+00 1.614443567e+00 
1.556346373e+00 1.613117170e+00 1.752565114e+00 
1.399987535e+00 1.272660280e+00 1.434688240e+00 
1.649833977e+00 1.565217391e+00 1.828926598e+00 
1.137566190e+00 1.343404569e+00 1.478295185e+00 
1.137292287e+00 1.355195284e+00 1.485793212e+00 
1.496481504e+00 1.750184230e+00 1.828926598e+00 
1.408188202e+00 1.454679440e+00 1.615035517e+00 
1.508782504e+00 1.553426676e+00 1.749605367e+00 
1.383586201e+00 1.503316139e+00 1.694356748e+00 
1.198251126e+00 1.321296979e+00 1.530978690e+00 
1.083577918e+00 1.222549742e+00 1.314325178e+00 
1.126631420e+00 1.298452469e+00 1.367008682e+00 
1.155060673e+00 1.322770818e+00 1.477703236e+00 
1.191690592e+00 1.432571850e+00 1.572809787e+00 
1.370465134e+00 1.269712601e+00 1.427190213e+00 
1.371011298e+00 1.386145910e+00 1.585635359e+00 
1.533931490e+00 1.474576271e+00 1.694356748e+00 
1.390009783e+00 1.303610906e+00 1.434688240e+00 
1.411741551e+00 1.281503316e+00 1.451065509e+00 
1.570287507e+00 1.526160648e+00 1.749013418e+00 
1.171462007e+00 1.183492999e+00 1.350631413e+00 
1.076744302e+00 1.246131172e+00 1.218626677e+00 
1.121437938e+00 1.159911570e+00 1.187253354e+00 
1.108863855e+00 1.218128224e+00 1.351223362e+00 
1.108863855e+00 1.192336035e+00 1.187253354e+00 
1.253468677e+00 1.224760501e+00 1.367008682e+00 
1.441263952e+00 1.637435520e+00 1.752565114e+00 
1.032870734e+00 1.241709654e+00 1.187253354e+00 
1.275883560e+00 1.302873987e+00 1.398382005e+00 
1.063486284e+00 1.149594694e+00 1.163970008e+00 
1.152600473e+00 1.030213707e+00 1.187253354e+00 
1.152600473e+00 1.000000000e+00 1.000000000e+00 
1.035604016e+00 1.238761975e+00 1.163378058e+00 
1.012642148e+00 1.138540899e+00 1.000000000e+00 
1.037928085e+00 1.165806927e+00 1.134569850e+00 
1.058292802e+00 1.195283714e+00 1.179755328e+00 
1.058019719e+00 1.045689020e+00 1.000000000e+00 
1.058019719e+00 1.069270450e+00 1.163378058e+00 
1.106676737e+00 1.033898305e+00 1.000000000e+00 
1.106676737e+00 1.064848931e+00 1.179755328e+00 

1.595436493e+00 1.374355195e+00 1.561760063e+00 
1.526413939e+00 1.606484893e+00 1.749605367e+00 
1.579582143e+00 1.799557848e+00 1.912983425e+00 
1.160254155e+00 1.428150332e+00 1.514601421e+00 
1.711338980e+00 1.766396463e+00 1.836621942e+00 
1.606097360e+00 1.571849668e+00 1.778413575e+00 
1.481994205e+00 1.507000737e+00 1.733228098e+00 
1.542405239e+00 1.623434046e+00 1.752565114e+00 
1.374018483e+00 1.647015475e+00 1.733228098e+00 
1.333015147e+00 1.610169492e+00 1.694356748e+00 
1.467506087e+00 1.568165070e+00 1.749013418e+00 
1.635072777e+00 1.560058954e+00 1.749605367e+00 
1.726100181e+00 1.761238025e+00 1.836621942e+00 
1.267136729e+00 1.513633014e+00 1.665548540e+00 
1.460672471e+00 1.474576271e+00 1.694356748e+00 
1.467506087e+00 1.541635962e+00 1.725730071e+00 
1.268502960e+00 1.436993368e+00 1.664956590e+00 
1.759179212e+00 1.699336772e+00 1.912983425e+00 
1.483907421e+00 1.383935151e+00 1.614443567e+00 
1.336432365e+00 1.478997789e+00 1.665548540e+00 
1.260576195e+00 1.532792926e+00 1.545974743e+00 
1.556346373e+00 1.613117170e+00 1.752565114e+00 
1.385226334e+00 1.624907885e+00 1.828926598e+00 
1.504409089e+00 1.613854090e+00 1.751973165e+00 
1.370465134e+00 1.269712601e+00 1.427190213e+00 
1.371011298e+00 1.386145910e+00 1.585635359e+00 
1.560720609e+00 1.593957259e+00 1.828926598e+00 
1.682363563e+00 1.504053058e+00 1.701460142e+00 
1.607190509e+00 1.767133382e+00 1.912983425e+00 
1.383586201e+00 1.503316139e+00 1.694356748e+00 
1.390009783e+00 1.303610906e+00 1.434688240e+00 
1.137566190e+00 1.343404569e+00 1.478295185e+00 
1.733207699e+00 1.700073692e+00 1.915943173e+00 
1.182942941e+00 1.384672071e+00 1.530978690e+00 
1.652568080e+00 1.539425203e+00 1.749013418e+00 
1.275883560e+00 1.302873987e+00 1.398382005e+00 
1.198251126e+00 1.321296979e+00 1.530978690e+00 
1.130731754e+00 1.366985999e+00 1.382596685e+00 
1.126631420e+00 1.298452469e+00 1.367008682e+00 
1.411741551e+00 1.281503316e+00 1.451065509e+00 
1.171462007e+00 1.183492999e+00 1.350631413e+00 
1.083577918e+00 1.222549742e+00 1.314325178e+00 
1.032870734e+00 1.241709654e+00 1.187253354e+00 
1.480900236e+00 1.411938099e+00 1.665548540e+00 
1.058292802e+00 1.195283714e+00 1.179755328e+00 
1.108863855e+00 1.218128224e+00 1.351223362e+00 
1.399987535e+00 1.272660280e+00 1.434688240e+00 
1.121437938e+00 1.159911570e+00 1.187253354e+00 
1.253468677e+00 1.224760501e+00 1.367008682e+00 
1.108863855e+00 1.192336035e+00 1.187253354e+00 
1.137292287e+00 1.355195284e+00 1.485793212e+00 
1.155060673e+00 1.322770818e+00 1.477703236e+00 
1.305132880e+00 1.299926308e+00 1.401341752e+00 
1.035604016e+00 1.238761975e+00 1.163378058e+00 
1.076744302e+00 1.246131172e+00 1.218626677e+00 
1.198251126e+00 1.295504790e+00 1.367008682e+00 
1.106676737e+00 1.064848931e+00 1.179755328e+00 
1.058019719e+00 1.069270450e+00 1.163378058e+00 
1.152600473e+00 1.000000000e+00 1.000000000e+00 
1.058019719e+00 1.045689020e+00 1.000000000e+00 
1.012642148e+00 1.138540899e+00 1.000000000e+00 
1.106676737e+00 1.033898305e+00 1.000000000e+00 
1.037928085e+00 1.165806927e+00 1.134569850e+00 
1.063486284e+00 1.149594694e+00 1.163970008e+00 
1.152600473e+00 1.030213707e+00 1.187253354e+00 
1.596256560e+00 1.784819455e+00 1.915943173e+00 

1.160254155e+00 1.428150332e+00 1.514601421e+00 
1.371011298e+00 1.386145910e+00 1.585635359e+00 
1.597896693e+00 1.706705969e+00 1.912983425e+00 
1.628786145e+00 1.526160648e+00 1.778413575e+00 
1.759179212e+00 1.694178335e+00 1.865430150e+00 
1.176109325e+00 1.435519528e+00 1.569850039e+00 
1.612384811e+00 1.563743552e+00 1.778413575e+00 
1.585322610e+00 1.545320560e+00 1.749605367e+00 
1.602407060e+00 1.594694178e+00 1.778413575e+00 
1.595436493e+00 1.374355195e+00 1.561760063e+00 
1.182942941e+00 1.384672071e+00 1.530978690e+00 
1.137292287e+00 1.355195284e+00 1.485793212e+00 
1.333015147e+00 1.610169492e+00 1.694356748e+00 
1.467506087e+00 1.568165070e+00 1.749013418e+00 
1.182942941e+00 1.411938099e+00 1.665548540e+00 
1.370465134e+00 1.269712601e+00 1.427190213e+00 
1.130731754e+00 1.366985999e+00 1.382596685e+00 
1.383586201e+00 1.503316139e+00 1.694356748e+00 
1.155060673e+00 1.322770818e+00 1.477703236e+00 
1.460672471e+00 1.474576271e+00 1.694356748e+00 
1.467506087e+00 1.541635962e+00 1.725730071e+00 
1.483907421e+00 1.383935151e+00 1.614443567e+00 
1.399987535e+00 1.272660280e+00 1.434688240e+00 
1.390009783e+00 1.303610906e+00 1.434688240e+00 
1.198251126e+00 1.295504790e+00 1.367008682e+00 
1.639720095e+00 1.748710391e+00 1.915943173e+00 
1.639173110e+00 1.848194547e+00 1.915943173e+00 
1.556346373e+00 1.613117170e+00 1.752565114e+00 
1.305132880e+00 1.299926308e+00 1.401341752e+00 
1.137566190e+00 1.343404569e+00 1.478295185e+00 
1.126631420e+00 1.298452469e+00 1.367008682e+00 
1.481994205e+00 1.507000737e+00 1.733228098e+00 
1.592703210e+00 1.783345615e+00 1.836029992e+00 
1.198251126e+00 1.321296979e+00 1.530978690e+00 
1.774211034e+00 1.739130435e+00 1.915943173e+00 
1.032870734e+00 1.241709654e+00 1.187253354e+00 
1.385226334e+00 1.624907885e+00 1.828926598e+00 
1.121437938e+00 1.159911570e+00 1.187253354e+00 
1.275883560e+00 1.302873987e+00 1.398382005e+00 
1.253468677e+00 1.224760501e+00 1.367008682e+00 
1.889020373e+00 1.674281503e+00 1.836029992e+00 
1.411741551e+00 1.281503316e+00 1.451065509e+00 
1.108863855e+00 1.192336035e+00 1.187253354e+00 
1.012642148e+00 1.138540899e+00 1.000000000e+00 
1.058292802e+00 1.195283714e+00 1.179755328e+00 
1.076744302e+00 1.246131172e+00 1.218626677e+00 
1.083577918e+00 1.222549742e+00 1.314325178e+00 
1.108863855e+00 1.218128224e+00 1.351223362e+00 
1.035604016e+00 1.238761975e+00 1.163378058e+00 
1.106676737e+00 1.033898305e+00 1.000000000e+00 
1.058019719e+00 1.045689020e+00 1.000000000e+00 
1.063486284e+00 1.149594694e+00 1.163970008e+00 
1.171462007e+00 1.183492999e+00 1.350631413e+00 
1.106676737e+00 1.064848931e+00 1.179755328e+00 
1.152600473e+00 1.000000000e+00 1.000000000e+00 
1.037928085e+00 1.165806927e+00 1.134569850e+00 
1.058019719e+00 1.069270450e+00 1.163378058e+00 
1.152600473e+00 1.030213707e+00 1.187253354e+00 

1.457528335e+00 1.599115696e+00 1.749013418e+00 
1.543225306e+00 1.582903464e+00 1.749605367e+00 
1.385226334e+00 1.624907885e+00 1.828926598e+00 
1.504409089e+00 1.613854090e+00 1.751973165e+00 
1.383586201e+00 1.503316139e+00 1.694356748e+00 
1.560720609e+00 1.593957259e+00 1.828926598e+00 
1.553340009e+00 1.819454679e+00 1.915943173e+00 
1.682363563e+00 1.504053058e+00 1.701460142e+00 
1.597896693e+00 1.706705969e+00 1.912983425e+00 
1.671429614e+00 1.699336772e+00 1.915943173e+00 
1.483907421e+00 1.383935151e+00 1.614443567e+00 
1.534204572e+00 1.785556374e+00 1.836621942e+00 
1.481994205e+00 1.507000737e+00 1.733228098e+00 
1.628786145e+00 1.526160648e+00 1.778413575e+00 
1.585322610e+00 1.545320560e+00 1.749605367e+00 
1.182942941e+00 1.384672071e+00 1.530978690e+00 
1.198251126e+00 1.295504790e+00 1.367008682e+00 
1.333015147e+00 1.610169492e+00 1.694356748e+00 
1.557166440e+00 1.623434046e+00 1.752565114e+00 
1.182942941e+00 1.411938099e+00 1.665548540e+00 
1.533931490e+00 1.474576271e+00 1.694356748e+00 
1.390009783e+00 1.303610906e+00 1.434688240e+00 
1.155060673e+00 1.322770818e+00 1.477703236e+00 
1.305132880e+00 1.299926308e+00 1.401341752e+00 
1.329734881e+00 1.374355195e+00 1.561760063e+00 
1.137292287e+00 1.355195284e+00 1.485793212e+00 
1.275883560e+00 1.302873987e+00 1.398382005e+00 
1.399987535e+00 1.272660280e+00 1.434688240e+00 
1.467506087e+00 1.541635962e+00 1.725730071e+00 
1.370465134e+00 1.269712601e+00 1.427190213e+00 
1.198251126e+00 1.321296979e+00 1.530978690e+00 
1.130731754e+00 1.366985999e+00 1.382596685e+00 
1.032870734e+00 1.241709654e+00 1.187253354e+00 
1.083577918e+00 1.222549742e+00 1.314325178e+00 
1.137566190e+00 1.343404569e+00 1.478295185e+00 
1.121437938e+00 1.159911570e+00 1.187253354e+00 
1.171462007e+00 1.183492999e+00 1.350631413e+00 
1.126631420e+00 1.298452469e+00 1.367008682e+00 
1.035604016e+00 1.238761975e+00 1.163378058e+00 
1.108863855e+00 1.218128224e+00 1.351223362e+00 
1.076744302e+00 1.246131172e+00 1.218626677e+00 
1.058292802e+00 1.195283714e+00 1.179755328e+00 
1.108863855e+00 1.192336035e+00 1.187253354e+00 
1.063486284e+00 1.149594694e+00 1.163970008e+00 
1.253468677e+00 1.224760501e+00 1.367008682e+00 
1.012642148e+00 1.138540899e+00 1.000000000e+00 
1.152600473e+00 1.000000000e+00 1.000000000e+00 
1.106676737e+00 1.033898305e+00 1.000000000e+00 
1.058019719e+00 1.069270450e+00 1.163378058e+00 
1.058019719e+00 1.045689020e+00 1.000000000e+00 
1.411741551e+00 1.281503316e+00 1.451065509e+00 
1.106676737e+00 1.064848931e+00 1.179755328e+00 
1.037928085e+00 1.165806927e+00 1.134569850e+00 
1.152600473e+00 1.030213707e+00 1.187253354e+00 
