1.666415264e+00 1.541417166e+00 1.475136727e+00 
1.824969952e+00 1.568612774e+00 1.608161548e+00 
1.715243389e+00 1.595059880e+00 1.803618006e+00 
1.789513221e+00 1.625249501e+00 1.929070257e+00 
1.770883413e+00 1.632734531e+00 1.969962137e+00 
1.563251202e+00 1.603043912e+00 1.738493900e+00 
1.770432692e+00 1.590069860e+00 1.549684476e+00 
1.756009615e+00 1.665668663e+00 2.000000000e+00 
1.750600962e+00 1.673153693e+00 2.000000000e+00 
1.503206130e+00 1.663173653e+00 1.929070257e+00 
1.428536659e+00 1.660678643e+00 1.863946151e+00 
1.471853966e+00 1.649201597e+00 1.772907026e+00 
1.398061899e+00 1.620758483e+00 1.514345814e+00 
1.471253005e+00 1.685129741e+00 1.921497686e+00 
1.400141226e+00 1.710079840e+00 1.921497686e+00 
1.593449519e+00 1.748003992e+00 2.000000000e+00 
1.421574519e+00 1.696107784e+00 1.686074884e+00 
1.409981971e+00 1.695858283e+00 1.551283130e+00 
1.508263221e+00 1.764970060e+00 2.000000000e+00 
1.461012620e+00 1.928143713e+00 2.000000000e+00 
