1.552961360e+00 1.641107300e+00 1.973709834e+00 
1.694899536e+00 1.651396374e+00 2.000000000e+00 
1.581786708e+00 1.659725625e+00 2.000000000e+00 
1.415248841e+00 1.609260167e+00 1.679206869e+00 
1.409066461e+00 1.613914748e+00 1.679206869e+00 
1.541910355e+00 1.678588927e+00 2.000000000e+00 
1.419381762e+00 1.666340029e+00 1.831813756e+00 
1.521159196e+00 1.696227340e+00 2.000000000e+00 
1.501149923e+00 1.689857913e+00 1.926440648e+00 
1.361833076e+00 1.696227340e+00 1.717093034e+00 
1.352973725e+00 1.694267516e+00 1.648844826e+00 
1.488840804e+00 1.769475747e+00 2.000000000e+00 
1.456129830e+00 1.790053895e+00 1.896521200e+00 
1.437363215e+00 1.832190103e+00 1.849252014e+00 
1.379947450e+00 1.827290544e+00 1.767548907e+00 
1.356482226e+00 1.903478687e+00 2.000000000e+00 
1.330061824e+00 1.947574718e+00 2.000000000e+00 
