1.441592899e+00 1.674476446e+00 2.000000000e+00 
1.342604564e+00 1.675272347e+00 2.000000000e+00 
1.338251805e+00 1.677063125e+00 2.000000000e+00 
1.326193375e+00 1.680147242e+00 2.000000000e+00 
1.325747817e+00 1.682435457e+00 2.000000000e+00 
1.321932800e+00 1.683629309e+00 2.000000000e+00 
1.310074102e+00 1.683728797e+00 2.000000000e+00 
1.293908737e+00 1.684574442e+00 2.000000000e+00 
1.291657310e+00 1.689946774e+00 2.000000000e+00 
1.275126754e+00 1.693180122e+00 2.000000000e+00 
1.270984364e+00 1.700094513e+00 2.000000000e+00 
