1.431896190e+00 1.675501290e+00 2.000000000e+00 
1.417826890e+00 1.676345047e+00 2.000000000e+00 
1.405681038e+00 1.676444312e+00 2.000000000e+00 
1.383386096e+00 1.676742108e+00 2.000000000e+00 
1.369064868e+00 1.677337701e+00 2.000000000e+00 
1.356684417e+00 1.678975581e+00 2.000000000e+00 
1.347483055e+00 1.681060155e+00 2.000000000e+00 
1.343292256e+00 1.686867183e+00 2.000000000e+00 
1.340529048e+00 1.687959103e+00 2.000000000e+00 
1.339400039e+00 1.689845146e+00 2.000000000e+00 
1.330487927e+00 1.690341473e+00 2.000000000e+00 
1.329025679e+00 1.691582291e+00 2.000000000e+00 
1.323569910e+00 1.692028986e+00 2.000000000e+00 
1.310624288e+00 1.698034544e+00 2.000000000e+00 
