1.311015439e+00 1.775624681e+00 2.000000000e+00 
1.472387173e+00 1.748087710e+00 2.000000000e+00 
1.454275534e+00 1.763895971e+00 2.000000000e+00 
1.479216152e+00 1.745028047e+00 2.000000000e+00 
1.573931116e+00 1.702702703e+00 2.000000000e+00 
1.593824228e+00 1.701682815e+00 2.000000000e+00 
1.609857482e+00 1.693523712e+00 2.000000000e+00 
1.554038005e+00 1.741968383e+00 2.000000000e+00 
1.792013064e+00 1.691483937e+00 2.000000000e+00 
1.813242280e+00 1.684344722e+00 2.000000000e+00 
1.877969121e+00 1.680265171e+00 2.000000000e+00 
1.311015439e+00 1.762366140e+00 1.946103552e+00 
1.480997625e+00 1.620091790e+00 1.946103552e+00 
1.436559976e+00 1.684854666e+00 1.946103552e+00 
1.524346793e+00 1.617032126e+00 1.946103552e+00 
1.478919240e+00 1.675165732e+00 1.946103552e+00 
1.434481591e+00 1.754207037e+00 1.946103552e+00 
1.741686461e+00 1.616522183e+00 1.946103552e+00 
1.281769596e+00 1.644569097e+00 1.926842198e+00 
1.242725653e+00 1.729729730e+00 1.926842198e+00 
1.232531473e+00 1.793982662e+00 1.926842198e+00 
1.240102732e+00 1.792962774e+00 1.926842198e+00 
1.426365796e+00 1.634370219e+00 1.926842198e+00 
1.548396675e+00 1.611932687e+00 1.926842198e+00 
1.237975059e+00 1.752167262e+00 1.915179360e+00 
1.231937648e+00 1.781234064e+00 1.915179360e+00 
1.256680523e+00 1.726670066e+00 1.893267362e+00 
1.309382423e+00 1.593064763e+00 1.872945750e+00 
1.281769596e+00 1.631310556e+00 1.872945750e+00 
1.378562945e+00 1.568077511e+00 1.872945750e+00 
1.370397862e+00 1.581845997e+00 1.872945750e+00 
1.242725653e+00 1.716471188e+00 1.872945750e+00 
1.457244656e+00 1.560428353e+00 1.872945750e+00 
1.232531473e+00 1.780724120e+00 1.872945750e+00 
1.586698337e+00 1.554818970e+00 1.872945750e+00 
1.589964371e+00 1.524732279e+00 1.870295105e+00 
1.237975059e+00 1.738908720e+00 1.861282912e+00 
1.474614014e+00 1.553289138e+00 1.861282912e+00 
1.496437055e+00 1.540030597e+00 1.861282912e+00 
1.231937648e+00 1.767975523e+00 1.861282912e+00 
1.281769596e+00 1.630800612e+00 1.851033752e+00 
1.352286223e+00 1.591024987e+00 1.851033752e+00 
1.454423990e+00 1.550229475e+00 1.851033752e+00 
1.527167458e+00 1.536970933e+00 1.851033752e+00 
1.242725653e+00 1.715961244e+00 1.851033752e+00 
1.267963183e+00 1.671596124e+00 1.846085881e+00 
1.259798100e+00 1.685364610e+00 1.846085881e+00 
1.213628266e+00 1.608363080e+00 1.842021559e+00 
1.202691805e+00 1.650178480e+00 1.842021559e+00 
1.182749406e+00 1.679755227e+00 1.842021559e+00 
1.200168052e+00 1.670066293e+00 1.842021559e+00 
1.362975059e+00 1.557368689e+00 1.842021559e+00 
1.520486936e+00 1.534931158e+00 1.842021559e+00 
1.227434679e+00 1.595614482e+00 1.820109560e+00 
1.196704276e+00 1.676695563e+00 1.808446722e+00 
1.431710214e+00 1.556348802e+00 1.808446722e+00 
1.320071259e+00 1.465578786e+00 1.797137303e+00 
1.300178147e+00 1.517083121e+00 1.797137303e+00 
1.292013064e+00 1.530851606e+00 1.797137303e+00 
1.372624703e+00 1.463539011e+00 1.797137303e+00 
1.475059382e+00 1.463029067e+00 1.797137303e+00 
1.241241093e+00 1.556858746e+00 1.788125110e+00 
1.295625297e+00 1.522182560e+00 1.788125110e+00 
1.213628266e+00 1.595104539e+00 1.788125110e+00 
1.202691805e+00 1.636919939e+00 1.788125110e+00 
1.182749406e+00 1.666496685e+00 1.788125110e+00 
1.200168052e+00 1.656807751e+00 1.788125110e+00 
1.287262470e+00 1.553289138e+00 1.785474465e+00 
1.238717340e+00 1.540540541e+00 1.772928079e+00 
1.256135986e+00 1.530851606e+00 1.772928079e+00 
1.230552257e+00 1.554309026e+00 1.772928079e+00 
1.199673397e+00 1.625701173e+00 1.772928079e+00 
1.240795724e+00 1.522692504e+00 1.768333628e+00 
1.204275534e+00 1.587965324e+00 1.768333628e+00 
1.201751781e+00 1.607853136e+00 1.768333628e+00 
1.174138955e+00 1.681795003e+00 1.768333628e+00 
