1.352585141e+00 1.760533333e+00 2.000000000e+00 
1.377440347e+00 1.758400000e+00 2.000000000e+00 
1.345264100e+00 1.814400000e+00 2.000000000e+00 
1.432899675e+00 1.756266667e+00 2.000000000e+00 
1.588031453e+00 1.748266667e+00 2.000000000e+00 
1.656090022e+00 1.732800000e+00 2.000000000e+00 
1.643492408e+00 1.746133333e+00 2.000000000e+00 
1.666664859e+00 1.732266667e+00 2.000000000e+00 
1.672451193e+00 1.731733333e+00 2.000000000e+00 
1.766176790e+00 1.720000000e+00 2.000000000e+00 
1.952819957e+00 1.709866667e+00 2.000000000e+00 
1.305495119e+00 1.732266667e+00 1.928186161e+00 
1.330350868e+00 1.730133333e+00 1.928186161e+00 
1.302964751e+00 1.675733333e+00 1.924179380e+00 
1.295643709e+00 1.729600000e+00 1.924179380e+00 
1.358423536e+00 1.673600000e+00 1.924179380e+00 
1.268618764e+00 1.834133333e+00 1.924179380e+00 
1.266630694e+00 1.869866667e+00 1.924179380e+00 
1.296999458e+00 1.722666667e+00 1.920172600e+00 
1.286099241e+00 1.743466667e+00 1.920172600e+00 
1.241956074e+00 1.799466667e+00 1.920172600e+00 
1.229934924e+00 1.828266667e+00 1.920172600e+00 
1.545878525e+00 1.673066667e+00 1.924179380e+00 
1.223065618e+00 1.853333333e+00 1.920172600e+00 
1.592733189e+00 1.663466667e+00 1.924179380e+00 
1.641990239e+00 1.662400000e+00 1.924179380e+00 
1.660195228e+00 1.656000000e+00 1.920172600e+00 
1.828633406e+00 1.652266667e+00 1.924179380e+00 
1.617586768e+00 1.653866667e+00 1.893203883e+00 
1.292389913e+00 1.689066667e+00 1.863923563e+00 
1.692424078e+00 1.650133333e+00 1.874094622e+00 
1.541621475e+00 1.669866667e+00 1.870087841e+00 
1.263195770e+00 1.629333333e+00 1.859916782e+00 
1.257230477e+00 1.655466667e+00 1.859916782e+00 
1.288051518e+00 1.627200000e+00 1.859916782e+00 
1.228850325e+00 1.827733333e+00 1.859916782e+00 
1.510032538e+00 1.603200000e+00 1.859916782e+00 
1.498644252e+00 1.617066667e+00 1.859916782e+00 
1.255874729e+00 1.647466667e+00 1.852365542e+00 
1.236984816e+00 1.726400000e+00 1.852365542e+00 
1.198300976e+00 1.720533333e+00 1.848358761e+00 
1.249909436e+00 1.694400000e+00 1.848358761e+00 
1.252711497e+00 1.583466667e+00 1.844351980e+00 
1.189804772e+00 1.650133333e+00 1.844351980e+00 
1.245390456e+00 1.637333333e+00 1.844351980e+00 
1.308170824e+00 1.581333333e+00 1.844351980e+00 
