1.432136628e+00 1.835045971e+00 2.000000000e+00 
1.443381447e+00 1.824770146e+00 2.000000000e+00 
1.495906590e+00 1.780421850e+00 2.000000000e+00 
1.533044085e+00 1.753921038e+00 2.000000000e+00 
1.474600617e+00 1.824229313e+00 2.000000000e+00 
1.575212157e+00 1.738236885e+00 2.000000000e+00 
1.489692348e+00 1.821525149e+00 2.000000000e+00 
1.633655626e+00 1.726338561e+00 2.000000000e+00 
1.667390083e+00 1.724175230e+00 2.000000000e+00 
1.429621340e+00 1.687398594e+00 1.940860215e+00 
1.386565519e+00 1.727420227e+00 1.940860215e+00 
1.423703014e+00 1.700919416e+00 1.940860215e+00 
1.465871086e+00 1.685235262e+00 1.940860215e+00 
1.501381041e+00 1.672255273e+00 1.940860215e+00 
1.380647193e+00 1.798269335e+00 1.940860215e+00 
1.589268181e+00 1.656571120e+00 1.940860215e+00 
1.398994003e+00 1.725797729e+00 1.936351023e+00 
1.563375505e+00 1.670632774e+00 1.936351023e+00 
1.602880331e+00 1.645754462e+00 1.936351023e+00 
1.497090255e+00 1.665224446e+00 1.913458203e+00 
1.528309424e+00 1.650621958e+00 1.913458203e+00 
1.554498016e+00 1.645754462e+00 1.908949011e+00 
1.732491668e+00 1.637641969e+00 1.913458203e+00 
1.394851175e+00 1.694970254e+00 1.904613250e+00 
1.381682900e+00 1.721471065e+00 1.904613250e+00 
1.428141758e+00 1.691725257e+00 1.904613250e+00 
1.646675943e+00 1.631692807e+00 1.908949011e+00 
1.483774022e+00 1.677122769e+00 1.904613250e+00 
1.585569228e+00 1.641427799e+00 1.904613250e+00 
1.310958905e+00 1.628988643e+00 1.877211238e+00 
1.348096400e+00 1.602487831e+00 1.877211238e+00 
1.390264472e+00 1.586803678e+00 1.877211238e+00 
1.654369766e+00 1.570037858e+00 1.854318418e+00 
1.330785297e+00 1.598161168e+00 1.845473465e+00 
1.515289107e+00 1.570037858e+00 1.849809227e+00 
1.568554041e+00 1.564088697e+00 1.849809227e+00 
1.319244561e+00 1.596538670e+00 1.840964273e+00 
1.513661568e+00 1.578150352e+00 1.845300035e+00 
1.398254212e+00 1.575987020e+00 1.818071453e+00 
1.429473381e+00 1.561384532e+00 1.818071453e+00 
1.586309018e+00 1.554894538e+00 1.822407215e+00 
1.569737706e+00 1.550567875e+00 1.818071453e+00 
1.306076286e+00 1.576527853e+00 1.790669442e+00 
1.420004060e+00 1.526771228e+00 1.790669442e+00 
1.390264472e+00 1.560843699e+00 1.790669442e+00 
1.501085125e+00 1.500270416e+00 1.790669442e+00 
1.486881143e+00 1.526230395e+00 1.790669442e+00 
1.369550332e+00 1.494321255e+00 1.786160250e+00 
1.346172944e+00 1.565170362e+00 1.786160250e+00 
1.285510103e+00 1.554353705e+00 1.781824488e+00 
1.320132310e+00 1.508382910e+00 1.758931668e+00 
1.416453064e+00 1.480800433e+00 1.754422477e+00 
1.273673452e+00 1.553272039e+00 1.751300728e+00 
1.310810947e+00 1.526771228e+00 1.751300728e+00 
1.354606559e+00 1.504056247e+00 1.720950399e+00 
1.293499843e+00 1.522444565e+00 1.719562955e+00 
1.528901257e+00 1.477555435e+00 1.720950399e+00 
1.281959108e+00 1.520822066e+00 1.715053763e+00 
1.251775646e+00 1.584099513e+00 1.714013181e+00 
1.369550332e+00 1.468361276e+00 1.699618453e+00 
1.263316381e+00 1.582477015e+00 1.698057579e+00 
1.382126774e+00 1.438074635e+00 1.695282692e+00 
1.320132310e+00 1.496484586e+00 1.695282692e+00 
1.287877434e+00 1.462412115e+00 1.690773500e+00 
1.265042757e+00 1.553272039e+00 1.682275408e+00 
1.260061302e+00 1.551649540e+00 1.677766216e+00 
1.268790833e+00 1.500811249e+00 1.664758932e+00 
1.335371999e+00 1.434829638e+00 1.661810614e+00 
1.309183407e+00 1.444564630e+00 1.660249740e+00 
1.280183610e+00 1.499729584e+00 1.660249740e+00 
1.491023971e+00 1.428880476e+00 1.663371488e+00 
1.244081822e+00 1.581395349e+00 1.660249740e+00 
1.248224650e+00 1.478637101e+00 1.655913978e+00 
1.282846857e+00 1.432666306e+00 1.633021159e+00 
1.342473990e+00 1.428339643e+00 1.634408602e+00 
1.423555056e+00 1.401838832e+00 1.634408602e+00 
1.409351073e+00 1.427798810e+00 1.634408602e+00 
1.263464339e+00 1.456462953e+00 1.628511967e+00 
1.279591778e+00 1.442401298e+00 1.628511967e+00 
1.300157960e+00 1.374256355e+00 1.625563649e+00 
1.246893027e+00 1.531638724e+00 1.627471384e+00 
1.233428835e+00 1.440237966e+00 1.624002775e+00 
1.226326844e+00 1.509464575e+00 1.618626431e+00 
1.226030928e+00 1.381828015e+00 1.602670829e+00 
1.220112602e+00 1.453217956e+00 1.602670829e+00 
1.214490192e+00 1.508382910e+00 1.588102671e+00 
1.319392519e+00 1.363980530e+00 1.569372182e+00 
1.187857726e+00 1.358031368e+00 1.564862990e+00 
1.260209260e+00 1.338561385e+00 1.539021852e+00 
1.324719013e+00 1.328285560e+00 1.539021852e+00 
