1.522765316e+00 1.775358471e+00 2.000000000e+00 
1.508927352e+00 1.815188529e+00 2.000000000e+00 
1.501283562e+00 1.827403080e+00 2.000000000e+00 
1.573203883e+00 1.771109931e+00 2.000000000e+00 
1.470761969e+00 1.852363250e+00 2.000000000e+00 
1.457426850e+00 1.868826341e+00 2.000000000e+00 
1.456087713e+00 1.870419543e+00 2.000000000e+00 
1.609139605e+00 1.749336166e+00 2.000000000e+00 
1.427240040e+00 1.909718534e+00 2.000000000e+00 
1.642169401e+00 1.746149761e+00 2.000000000e+00 
1.749527954e+00 1.744025491e+00 2.000000000e+00 
1.399509207e+00 1.696760489e+00 1.945635910e+00 
1.471431537e+00 1.653744025e+00 1.945635910e+00 
1.437730164e+00 1.690387679e+00 1.945635910e+00 
1.464735855e+00 1.680297398e+00 1.945635910e+00 
1.387735521e+00 1.757302177e+00 1.945635910e+00 
1.367258119e+00 1.773765268e+00 1.945635910e+00 
1.536437898e+00 1.644715879e+00 1.945635910e+00 
1.529238031e+00 1.652681891e+00 1.945635910e+00 
1.560709742e+00 1.642060542e+00 1.945635910e+00 
1.337741547e+00 1.825278810e+00 1.945635910e+00 
1.611596920e+00 1.641529474e+00 1.945635910e+00 
1.327753599e+00 1.627721721e+00 1.886949293e+00 
1.368541681e+00 1.595857674e+00 1.886949293e+00 
1.388628724e+00 1.583643123e+00 1.886949293e+00 
1.420098427e+00 1.573021774e+00 1.886949293e+00 
1.321839304e+00 1.685608072e+00 1.886949293e+00 
1.301361232e+00 1.702071163e+00 1.886949293e+00 
1.265985939e+00 1.756240042e+00 1.886949293e+00 
1.335341815e+00 1.619755709e+00 1.866334165e+00 
1.366811517e+00 1.609134360e+00 1.866334165e+00 
1.281832608e+00 1.748274031e+00 1.866334165e+00 
1.320109140e+00 1.668082847e+00 1.862011638e+00 
1.510545698e+00 1.563993627e+00 1.837240233e+00 
1.531748912e+00 1.553903346e+00 1.837240233e+00 
1.353978574e+00 1.612320765e+00 1.821945137e+00 
1.425900904e+00 1.569304302e+00 1.821945137e+00 
1.483707399e+00 1.568242167e+00 1.821945137e+00 
1.297120857e+00 1.741901221e+00 1.821945137e+00 
1.265985939e+00 1.605416888e+00 1.817622610e+00 
1.321225310e+00 1.563993627e+00 1.817622610e+00 
1.403805156e+00 1.551779076e+00 1.817622610e+00 
1.393315701e+00 1.562400425e+00 1.817622610e+00 
1.495090057e+00 1.551248008e+00 1.817622610e+00 
1.219004352e+00 1.548061604e+00 1.807647548e+00 
1.250474054e+00 1.537440255e+00 1.807647548e+00 
1.472324741e+00 1.535315985e+00 1.807647548e+00 
1.213871443e+00 1.746149761e+00 1.807647548e+00 
1.288026113e+00 1.508231545e+00 1.778553616e+00 
1.272123870e+00 1.520977164e+00 1.778553616e+00 
1.308113157e+00 1.496016994e+00 1.778553616e+00 
1.358498159e+00 1.494954859e+00 1.778553616e+00 
1.497991296e+00 1.492830589e+00 1.778553616e+00 
1.194230331e+00 1.536378120e+00 1.758935993e+00 
1.252706394e+00 1.493361657e+00 1.758935993e+00 
1.303593572e+00 1.482740308e+00 1.758935993e+00 
1.210077000e+00 1.528412108e+00 1.738320865e+00 
1.250306662e+00 1.518852894e+00 1.738320865e+00 
1.465015065e+00 1.479553903e+00 1.713549460e+00 
1.334616672e+00 1.473712161e+00 1.709226933e+00 
1.415244058e+00 1.463621880e+00 1.709226933e+00 
1.198694342e+00 1.494423792e+00 1.699251870e+00 
1.237361902e+00 1.470525757e+00 1.699251870e+00 
1.221459659e+00 1.483271375e+00 1.699251870e+00 
1.257448945e+00 1.458311206e+00 1.699251870e+00 
1.305155675e+00 1.456186936e+00 1.699251870e+00 
1.185972548e+00 1.560276155e+00 1.699251870e+00 
1.182066957e+00 1.508762613e+00 1.693931837e+00 
1.173473719e+00 1.463621880e+00 1.683956775e+00 
1.133969200e+00 1.447158789e+00 1.679634248e+00 
1.221013057e+00 1.445034519e+00 1.679634248e+00 
1.298237027e+00 1.443972384e+00 1.679634248e+00 
1.323680616e+00 1.443441317e+00 1.669991687e+00 
1.226593237e+00 1.436537440e+00 1.654862843e+00 
1.262582524e+00 1.411577270e+00 1.654862843e+00 
1.116114496e+00 1.404673394e+00 1.650540316e+00 
1.406930030e+00 1.402018056e+00 1.640897756e+00 
1.110311349e+00 1.439723845e+00 1.635245220e+00 
1.227262805e+00 1.396707382e+00 1.635245220e+00 
1.309173083e+00 1.377057886e+00 1.585536160e+00 
1.173250753e+00 1.397769517e+00 1.575561097e+00 
1.211918313e+00 1.373871482e+00 1.575561097e+00 
1.065450285e+00 1.366967605e+00 1.571238570e+00 
1.115667894e+00 1.355284121e+00 1.571238570e+00 
1.245564111e+00 1.354753054e+00 1.561596010e+00 
1.057638433e+00 1.361125863e+00 1.555943475e+00 
1.072368932e+00 1.353159851e+00 1.541978387e+00 
1.090670907e+00 1.308019118e+00 1.526849543e+00 
1.083807834e+00 1.317047265e+00 1.497755611e+00 
1.134695012e+00 1.306425916e+00 1.497755611e+00 
1.078004687e+00 1.352097716e+00 1.482460515e+00 
1.040006696e+00 1.270313330e+00 1.447547797e+00 
1.129059257e+00 1.264471588e+00 1.433582710e+00 
1.033143622e+00 1.279341476e+00 1.418453865e+00 
1.083361232e+00 1.267657993e+00 1.418453865e+00 
1.031748912e+00 1.269782262e+00 1.418287614e+00 
1.025890191e+00 1.342007435e+00 1.403158770e+00 
1.058364245e+00 1.220392990e+00 1.374064838e+00 
1.052114496e+00 1.260754116e+00 1.344804655e+00 
1.175315032e+00 1.204460967e+00 1.340482128e+00 
1.191161701e+00 1.196494955e+00 1.319866999e+00 
1.052728490e+00 1.178438662e+00 1.309891937e+00 
1.025443589e+00 1.248539565e+00 1.309891937e+00 
1.040006696e+00 1.245353160e+00 1.309891937e+00 
1.007700033e+00 1.182687201e+00 1.294763092e+00 
1.096752595e+00 1.176845459e+00 1.280798005e+00 
1.000000000e+00 1.250663834e+00 1.265502909e+00 
1.256779377e+00 1.127456187e+00 1.232086451e+00 
1.057025109e+00 1.145512480e+00 1.216957606e+00 
1.223300971e+00 1.108868826e+00 1.211471322e+00 
1.020421828e+00 1.090812533e+00 1.157107232e+00 
1.007700033e+00 1.157727031e+00 1.157107232e+00 
1.000000000e+00 1.229421136e+00 1.157107232e+00 
1.013726147e+00 1.012745619e+00 1.152784705e+00 
1.006360897e+00 1.107806691e+00 1.137655860e+00 
1.013726147e+00 1.000000000e+00 1.000000000e+00 
1.006360897e+00 1.082846522e+00 1.000000000e+00 
1.000000000e+00 1.216144450e+00 1.000000000e+00 
