1.065540195e+00 1.363111111e+00 1.573811350e+00 
1.422427035e+00 1.477333333e+00 1.828796012e+00 
1.047980483e+00 1.267555556e+00 1.468558282e+00 
1.345099846e+00 1.493777778e+00 1.783550613e+00 
1.383572784e+00 1.562666667e+00 1.870015337e+00 
1.532423722e+00 1.596000000e+00 1.943826687e+00 
1.480828891e+00 1.532888889e+00 1.882860429e+00 
1.468931659e+00 1.528000000e+00 1.857361963e+00 
1.278756664e+00 1.498222222e+00 1.809049080e+00 
1.181470438e+00 1.246666667e+00 1.463573620e+00 
1.392839372e+00 1.460000000e+00 1.783550613e+00 
1.152977320e+00 1.470222222e+00 1.767829755e+00 
1.465799223e+00 1.335555556e+00 1.686157975e+00 
1.009276829e+00 1.192000000e+00 1.353527607e+00 
1.237572965e+00 1.426222222e+00 1.698811350e+00 
1.180044577e+00 1.532888889e+00 1.809049080e+00 
1.501159604e+00 1.683111111e+00 1.884969325e+00 
1.211288817e+00 1.447555556e+00 1.767829755e+00 
1.403522183e+00 1.544888889e+00 1.882860429e+00 
1.414967621e+00 1.521333333e+00 1.828796012e+00 
1.066935936e+00 1.272444444e+00 1.491372699e+00 
1.342690280e+00 1.497777778e+00 1.796395706e+00 
1.363995060e+00 1.436000000e+00 1.767829755e+00 
1.632541189e+00 1.438666667e+00 1.772622699e+00 
1.393030330e+00 1.358222222e+00 1.686157975e+00 
1.268214813e+00 1.308000000e+00 1.657592025e+00 
1.340481913e+00 1.654222222e+00 1.824003067e+00 
1.359898798e+00 1.408888889e+00 1.754984663e+00 
1.293394777e+00 1.173777778e+00 1.401457055e+00 
1.099183760e+00 1.281777778e+00 1.502300613e+00 
1.238356074e+00 1.510222222e+00 1.809049080e+00 
1.298635583e+00 1.366666667e+00 1.681365031e+00 
1.329056354e+00 1.363111111e+00 1.722584356e+00 
1.164603476e+00 1.273333333e+00 1.508819018e+00 
1.294720039e+00 1.418666667e+00 1.722584356e+00 
1.371203879e+00 1.461777778e+00 1.772622699e+00 
1.376042890e+00 1.289777778e+00 1.612346626e+00 
1.089123822e+00 1.375555556e+00 1.647622699e+00 
1.016987440e+00 1.239111111e+00 1.366372699e+00 
1.107677480e+00 1.274666667e+00 1.497315951e+00 
1.416373001e+00 1.440444444e+00 1.796395706e+00 
1.367790127e+00 1.566666667e+00 1.882860429e+00 
1.009337068e+00 1.242222222e+00 1.379026074e+00 
1.021033704e+00 1.182222222e+00 1.342599693e+00 
1.135989880e+00 1.401777778e+00 1.694018405e+00 
1.050420168e+00 1.300000000e+00 1.532592025e+00 
1.133158640e+00 1.185333333e+00 1.358320552e+00 
1.090188247e+00 1.346666667e+00 1.583780675e+00 
1.283575796e+00 1.368000000e+00 1.694018405e+00 
1.123339658e+00 1.321333333e+00 1.607553681e+00 
1.453028523e+00 1.424000000e+00 1.759777607e+00 
1.355561579e+00 1.227111111e+00 1.571127301e+00 
1.140327099e+00 1.389777778e+00 1.681365031e+00 
1.049948496e+00 1.204000000e+00 1.417561350e+00 
1.194301376e+00 1.379111111e+00 1.694018405e+00 
1.307340140e+00 1.356000000e+00 1.681365031e+00 
1.300563236e+00 1.436444444e+00 1.767829755e+00 
1.080750580e+00 1.434666667e+00 1.660276074e+00 
1.033432728e+00 1.231555556e+00 1.458780675e+00 
1.000000000e+00 1.138222222e+00 1.000000000e+00 
1.198216921e+00 1.234222222e+00 1.478527607e+00 
1.306044999e+00 1.161333333e+00 1.388803681e+00 
1.193518268e+00 1.295111111e+00 1.583780675e+00 
1.210505708e+00 1.363555556e+00 1.657592025e+00 
1.251227373e+00 1.239555556e+00 1.583780675e+00 
1.072136381e+00 1.307111111e+00 1.573811350e+00 
1.000000000e+00 1.170666667e+00 1.292561350e+00 
1.253034547e+00 1.146222222e+00 1.375958589e+00 
1.161169844e+00 1.176444444e+00 1.392062883e+00 
1.203939640e+00 1.181777778e+00 1.497315951e+00 
1.167394356e+00 1.452444444e+00 1.722584356e+00 
1.147616036e+00 1.204888889e+00 1.435007669e+00 
1.348784675e+00 1.328888889e+00 1.668519939e+00 
1.115067016e+00 1.257333333e+00 1.478527607e+00 
1.454514623e+00 1.403111111e+00 1.759777607e+00 
1.000000000e+00 1.149777778e+00 1.182323620e+00 
1.159362670e+00 1.272000000e+00 1.497315951e+00 
1.157555495e+00 1.182666667e+00 1.422354294e+00 
1.290352700e+00 1.287555556e+00 1.607553681e+00 
1.025611879e+00 1.230666667e+00 1.435007669e+00 
1.061775248e+00 1.184444444e+00 1.348542945e+00 
1.067136532e+00 1.101333333e+00 1.256134969e+00 
1.004046264e+00 1.113777778e+00 1.268788344e+00 
1.021565615e+00 1.287555556e+00 1.458780675e+00 
1.004046264e+00 1.081777778e+00 1.000000000e+00 
1.050149092e+00 1.032888889e+00 1.182323620e+00 
1.055450137e+00 1.026222222e+00 1.166219325e+00 
1.250022590e+00 1.124888889e+00 1.314992331e+00 
1.004046264e+00 1.093333333e+00 1.182323620e+00 
1.071714707e+00 1.149777778e+00 1.348542945e+00 
1.046213668e+00 1.048000000e+00 1.086464724e+00 
1.020511430e+00 1.000000000e+00 1.000000000e+00 
1.020511430e+00 1.009333333e+00 1.060966258e+00 

1.157555495e+00 1.182666667e+00 1.422354294e+00 
1.298635583e+00 1.366666667e+00 1.681365031e+00 
1.327128701e+00 1.677777778e+00 1.882860429e+00 
1.288575645e+00 1.618222222e+00 1.870015337e+00 
1.800608415e+00 1.619555556e+00 1.889762270e+00 
1.325321526e+00 1.474222222e+00 1.783550613e+00 
1.361465016e+00 1.578666667e+00 1.882860429e+00 
1.562181862e+00 1.497777778e+00 1.839723926e+00 
1.030902684e+00 1.359111111e+00 1.545245399e+00 
1.281467426e+00 1.346666667e+00 1.639953988e+00 
1.675160387e+00 1.732000000e+00 1.926188650e+00 
1.718881961e+00 1.782666667e+00 1.939033742e+00 
1.075780850e+00 1.353777778e+00 1.607553681e+00 
1.298213909e+00 1.347555556e+00 1.644746933e+00 
1.219782537e+00 1.351111111e+00 1.644746933e+00 
1.080750580e+00 1.434666667e+00 1.660276074e+00 
1.577241649e+00 1.417333333e+00 1.796395706e+00 
1.867955784e+00 1.671555556e+00 1.943826687e+00 
1.133158640e+00 1.185333333e+00 1.358320552e+00 
1.578446432e+00 1.453333333e+00 1.839723926e+00 
1.388572633e+00 1.324888889e+00 1.644746933e+00 
1.480256619e+00 1.528444444e+00 1.870015337e+00 
1.344296859e+00 1.334222222e+00 1.673312883e+00 
1.590976175e+00 1.564000000e+00 1.882860429e+00 
1.359778320e+00 1.443555556e+00 1.809049080e+00 
1.275242914e+00 1.426666667e+00 1.703796012e+00 
1.538610283e+00 1.672000000e+00 1.884969325e+00 
1.357368754e+00 1.454222222e+00 1.796395706e+00 
1.157354899e+00 1.353777778e+00 1.657592025e+00 
1.168097346e+00 1.533333333e+00 1.809049080e+00 
1.107677480e+00 1.274666667e+00 1.497315951e+00 
1.283575796e+00 1.368000000e+00 1.694018405e+00 
1.021033704e+00 1.182222222e+00 1.342599693e+00 
1.194301376e+00 1.379111111e+00 1.694018405e+00 
1.521500557e+00 1.514222222e+00 1.865222393e+00 
1.654751363e+00 1.508888889e+00 1.882860429e+00 
1.157836812e+00 1.242222222e+00 1.497315951e+00 
1.603144484e+00 1.376444444e+00 1.747124233e+00 
1.071514111e+00 1.320888889e+00 1.583780675e+00 
1.071514111e+00 1.300444444e+00 1.497315951e+00 
1.339578326e+00 1.602222222e+00 1.882860429e+00 
1.387488329e+00 1.404444444e+00 1.783550613e+00 
1.513267673e+00 1.309333333e+00 1.614455521e+00 
1.058060299e+00 1.413777778e+00 1.550038344e+00 
1.465799223e+00 1.335555556e+00 1.686157975e+00 
1.134001988e+00 1.218222222e+00 1.422354294e+00 
1.796391675e+00 1.644888889e+00 1.913535276e+00 
1.300342158e+00 1.352000000e+00 1.657592025e+00 
1.297310322e+00 1.312888889e+00 1.612346626e+00 
1.135989880e+00 1.401777778e+00 1.694018405e+00 
1.329056354e+00 1.363111111e+00 1.722584356e+00 
1.161169844e+00 1.176444444e+00 1.392062883e+00 
1.258857866e+00 1.417777778e+00 1.698811350e+00 
1.296808530e+00 1.543555556e+00 1.870015337e+00 
1.348784675e+00 1.328888889e+00 1.668519939e+00 
1.025611879e+00 1.230666667e+00 1.435007669e+00 
1.021565615e+00 1.287555556e+00 1.458780675e+00 
1.238376555e+00 1.502222222e+00 1.809049080e+00 
1.399616277e+00 1.358222222e+00 1.686157975e+00 
1.114484503e+00 1.429333333e+00 1.722584356e+00 
1.463992048e+00 1.323555556e+00 1.632093558e+00 
1.099183760e+00 1.281777778e+00 1.502300613e+00 
1.376042890e+00 1.289777778e+00 1.612346626e+00 
1.193518268e+00 1.295111111e+00 1.583780675e+00 
1.251227373e+00 1.239555556e+00 1.583780675e+00 
1.383452306e+00 1.507555556e+00 1.857361963e+00 
1.049948496e+00 1.204000000e+00 1.417561350e+00 
1.147616036e+00 1.204888889e+00 1.435007669e+00 
1.030842445e+00 1.308888889e+00 1.519746933e+00 
1.047980483e+00 1.267555556e+00 1.468558282e+00 
1.067136532e+00 1.101333333e+00 1.256134969e+00 
1.237171772e+00 1.173777778e+00 1.401457055e+00 
1.355561579e+00 1.227111111e+00 1.571127301e+00 
1.203939640e+00 1.181777778e+00 1.497315951e+00 
1.451100870e+00 1.529777778e+00 1.870015337e+00 
1.061775248e+00 1.184444444e+00 1.348542945e+00 
1.009276829e+00 1.192000000e+00 1.353527607e+00 
1.290352700e+00 1.287555556e+00 1.607553681e+00 
1.060269269e+00 1.363111111e+00 1.573811350e+00 
1.004046264e+00 1.113777778e+00 1.268788344e+00 
1.004046264e+00 1.093333333e+00 1.182323620e+00 
1.000000000e+00 1.149777778e+00 1.182323620e+00 
1.072136381e+00 1.307111111e+00 1.573811350e+00 
1.004046264e+00 1.081777778e+00 1.000000000e+00 
1.306044999e+00 1.161333333e+00 1.388803681e+00 
1.033432728e+00 1.231555556e+00 1.458780675e+00 
1.198216921e+00 1.234222222e+00 1.478527607e+00 
1.009337068e+00 1.242222222e+00 1.379026074e+00 
1.296406735e+00 1.146222222e+00 1.375958589e+00 
1.069546098e+00 1.384444444e+00 1.634777607e+00 
1.071714707e+00 1.149777778e+00 1.348542945e+00 
1.000000000e+00 1.170666667e+00 1.292561350e+00 
1.297611518e+00 1.474666667e+00 1.783550613e+00 
1.123339658e+00 1.321333333e+00 1.607553681e+00 
1.000000000e+00 1.138222222e+00 1.000000000e+00 
1.020511430e+00 1.009333333e+00 1.060966258e+00 
1.250022590e+00 1.124888889e+00 1.314992331e+00 
1.050149092e+00 1.032888889e+00 1.182323620e+00 
1.020511430e+00 1.000000000e+00 1.000000000e+00 
1.046213668e+00 1.048000000e+00 1.086464724e+00 
1.055450137e+00 1.026222222e+00 1.166219325e+00 

1.325923918e+00 1.368000000e+00 1.694018405e+00 
1.386866058e+00 1.551555556e+00 1.870015337e+00 
1.493509232e+00 1.673333333e+00 1.943826687e+00 
1.111452667e+00 1.263555556e+00 1.508819018e+00 
1.133399596e+00 1.479111111e+00 1.754984663e+00 
1.543387247e+00 1.335555556e+00 1.686157975e+00 
1.355742297e+00 1.474666667e+00 1.796395706e+00 
1.192494202e+00 1.395111111e+00 1.722584356e+00 
1.666275112e+00 1.384444444e+00 1.742331288e+00 
1.723201108e+00 1.666222222e+00 1.913535276e+00 
1.419535556e+00 1.523555556e+00 1.839723926e+00 
1.430980995e+00 1.461777778e+00 1.857361963e+00 
1.069546098e+00 1.375111111e+00 1.573811350e+00 
1.163127617e+00 1.391111111e+00 1.694018405e+00 
1.030902684e+00 1.359111111e+00 1.545245399e+00 
1.072216500e+00 1.432444444e+00 1.612346626e+00 
1.251408090e+00 1.487111111e+00 1.809049080e+00 
1.278666305e+00 1.377333333e+00 1.694018405e+00 
1.050420168e+00 1.300000000e+00 1.532592025e+00 
1.251227373e+00 1.239555556e+00 1.583780675e+00 
1.181550556e+00 1.546222222e+00 1.767829755e+00 
1.644287823e+00 1.610222222e+00 1.882860429e+00 
1.097477184e+00 1.407111111e+00 1.634777607e+00 
1.114484503e+00 1.429333333e+00 1.722584356e+00 
1.367910605e+00 1.498222222e+00 1.828796012e+00 
1.144453480e+00 1.375111111e+00 1.668519939e+00 
1.426975091e+00 1.440444444e+00 1.796395706e+00 
1.049948496e+00 1.204000000e+00 1.417561350e+00 
1.090328605e+00 1.389777778e+00 1.617331288e+00 
1.526520286e+00 1.358222222e+00 1.686157975e+00 
1.201771031e+00 1.416444444e+00 1.783550613e+00 
1.107677480e+00 1.274666667e+00 1.497315951e+00 
1.392277341e+00 1.386222222e+00 1.742331288e+00 
1.009337068e+00 1.242222222e+00 1.379026074e+00 
1.474714617e+00 1.363111111e+00 1.722584356e+00 
1.075780850e+00 1.353777778e+00 1.607553681e+00 
1.161169844e+00 1.176444444e+00 1.392062883e+00 
1.597602482e+00 1.412000000e+00 1.778757669e+00 
1.296406735e+00 1.146222222e+00 1.375958589e+00 
1.090188247e+00 1.346666667e+00 1.583780675e+00 
1.268837083e+00 1.533333333e+00 1.828796012e+00 
1.428611789e+00 1.444000000e+00 1.809049080e+00 
1.157836812e+00 1.242222222e+00 1.497315951e+00 
1.237171772e+00 1.173777778e+00 1.401457055e+00 
1.433149604e+00 1.227111111e+00 1.571127301e+00 
1.500617451e+00 1.322222222e+00 1.673312883e+00 
1.399114485e+00 1.358666667e+00 1.686157975e+00 
1.383000512e+00 1.364888889e+00 1.681365031e+00 
1.157836812e+00 1.262666667e+00 1.583780675e+00 
1.566127526e+00 1.631555556e+00 1.882860429e+00 
1.268214813e+00 1.308000000e+00 1.657592025e+00 
1.163067377e+00 1.340888889e+00 1.668519939e+00 
1.365320322e+00 1.568000000e+00 1.839723926e+00 
1.407528087e+00 1.370666667e+00 1.698811350e+00 
1.047980483e+00 1.267555556e+00 1.468558282e+00 
1.009276829e+00 1.192000000e+00 1.353527607e+00 
1.067136532e+00 1.101333333e+00 1.256134969e+00 
1.203939640e+00 1.181777778e+00 1.497315951e+00 
1.453630915e+00 1.289777778e+00 1.612346626e+00 
1.016987440e+00 1.239111111e+00 1.366372699e+00 
1.061775248e+00 1.184444444e+00 1.348542945e+00 
1.404234812e+00 1.372000000e+00 1.722584356e+00 
1.295201952e+00 1.287555556e+00 1.607553681e+00 
1.030842445e+00 1.308888889e+00 1.519746933e+00 
1.021033704e+00 1.182222222e+00 1.342599693e+00 
1.147616036e+00 1.204888889e+00 1.435007669e+00 
1.072136381e+00 1.307111111e+00 1.573811350e+00 
1.033432728e+00 1.231555556e+00 1.458780675e+00 
1.134001988e+00 1.218222222e+00 1.422354294e+00 
1.116683232e+00 1.341777778e+00 1.593558282e+00 
1.004046264e+00 1.093333333e+00 1.182323620e+00 
1.025611879e+00 1.230666667e+00 1.435007669e+00 
1.021565615e+00 1.287555556e+00 1.458780675e+00 
1.153790548e+00 1.319555556e+00 1.607553681e+00 
1.000000000e+00 1.170666667e+00 1.292561350e+00 
1.000000000e+00 1.138222222e+00 1.000000000e+00 
1.000000000e+00 1.149777778e+00 1.182323620e+00 
1.133158640e+00 1.185333333e+00 1.358320552e+00 
1.004046264e+00 1.081777778e+00 1.000000000e+00 
1.004046264e+00 1.113777778e+00 1.268788344e+00 
1.050149092e+00 1.032888889e+00 1.182323620e+00 
1.157555495e+00 1.182666667e+00 1.422354294e+00 
1.071714707e+00 1.149777778e+00 1.348542945e+00 
1.250022590e+00 1.124888889e+00 1.314992331e+00 
1.306044999e+00 1.161333333e+00 1.388803681e+00 
1.055450137e+00 1.026222222e+00 1.166219325e+00 
1.020511430e+00 1.009333333e+00 1.060966258e+00 
1.020511430e+00 1.000000000e+00 1.000000000e+00 
1.046213668e+00 1.048000000e+00 1.086464724e+00 

1.047980483e+00 1.267555556e+00 1.468558282e+00 
1.066935936e+00 1.272444444e+00 1.491372699e+00 
1.404234812e+00 1.372000000e+00 1.722584356e+00 
1.060269269e+00 1.363111111e+00 1.573811350e+00 
1.586157043e+00 1.366666667e+00 1.688266871e+00 
1.376464564e+00 1.509777778e+00 1.839723926e+00 
1.251227373e+00 1.239555556e+00 1.583780675e+00 
1.524411915e+00 1.388444444e+00 1.747124233e+00 
1.596849492e+00 1.461777778e+00 1.857361963e+00 
1.426975091e+00 1.440444444e+00 1.796395706e+00 
1.666877504e+00 1.428888889e+00 1.803297546e+00 
1.219240384e+00 1.512000000e+00 1.828796012e+00 
1.386866058e+00 1.551555556e+00 1.870015337e+00 
1.123339658e+00 1.321333333e+00 1.607553681e+00 
1.069546098e+00 1.384444444e+00 1.634777607e+00 
1.422457155e+00 1.440888889e+00 1.796395706e+00 
1.522002349e+00 1.407555556e+00 1.742331288e+00 
1.072136381e+00 1.307111111e+00 1.573811350e+00 
1.353633927e+00 1.328888889e+00 1.668519939e+00 
1.140327099e+00 1.389777778e+00 1.681365031e+00 
1.161169844e+00 1.176444444e+00 1.392062883e+00 
1.114484503e+00 1.429333333e+00 1.722584356e+00 
1.622722207e+00 1.644888889e+00 1.913535276e+00 
1.120749375e+00 1.398666667e+00 1.668519939e+00 
1.446101021e+00 1.566222222e+00 1.882860429e+00 
1.058060299e+00 1.413777778e+00 1.550038344e+00 
1.325923918e+00 1.368000000e+00 1.694018405e+00 
1.115067016e+00 1.257333333e+00 1.478527607e+00 
1.061775248e+00 1.184444444e+00 1.348542945e+00 
1.157354899e+00 1.353777778e+00 1.657592025e+00 
1.075780850e+00 1.353777778e+00 1.607553681e+00 
1.168097346e+00 1.533333333e+00 1.809049080e+00 
1.144453480e+00 1.375111111e+00 1.668519939e+00 
1.387046776e+00 1.308000000e+00 1.657592025e+00 
1.352730339e+00 1.587111111e+00 1.882860429e+00 
1.407528087e+00 1.370666667e+00 1.698811350e+00 
1.592060480e+00 1.440888889e+00 1.815950920e+00 
1.392729135e+00 1.465333333e+00 1.839723926e+00 
1.437667540e+00 1.383555556e+00 1.729486196e+00 
1.424294449e+00 1.496444444e+00 1.870015337e+00 
1.573506822e+00 1.379555556e+00 1.747124233e+00 
1.413973675e+00 1.578222222e+00 1.882860429e+00 
1.464654679e+00 1.461777778e+00 1.815950920e+00 
1.540977681e+00 1.356000000e+00 1.681365031e+00 
1.025611879e+00 1.230666667e+00 1.435007669e+00 
1.355561579e+00 1.227111111e+00 1.571127301e+00 
1.324116743e+00 1.338666667e+00 1.632093558e+00 
1.033432728e+00 1.231555556e+00 1.458780675e+00 
1.030842445e+00 1.308888889e+00 1.519746933e+00 
1.253034547e+00 1.146222222e+00 1.375958589e+00 
1.080750580e+00 1.434666667e+00 1.660276074e+00 
1.201771031e+00 1.416444444e+00 1.783550613e+00 
1.133158640e+00 1.185333333e+00 1.358320552e+00 
1.492515286e+00 1.474222222e+00 1.870015337e+00 
1.759645794e+00 1.599555556e+00 1.913535276e+00 
1.356947080e+00 1.321333333e+00 1.614455521e+00 
1.399114485e+00 1.358666667e+00 1.686157975e+00 
1.021033704e+00 1.182222222e+00 1.342599693e+00 
1.212975513e+00 1.466666667e+00 1.809049080e+00 
1.376042890e+00 1.289777778e+00 1.612346626e+00 
1.021565615e+00 1.287555556e+00 1.458780675e+00 
1.344296859e+00 1.334222222e+00 1.673312883e+00 
1.157836812e+00 1.262666667e+00 1.583780675e+00 
1.237171772e+00 1.173777778e+00 1.401457055e+00 
1.071514111e+00 1.320888889e+00 1.583780675e+00 
1.290352700e+00 1.287555556e+00 1.607553681e+00 
1.030902684e+00 1.359111111e+00 1.545245399e+00 
1.398160899e+00 1.514222222e+00 1.865222393e+00 
1.071514111e+00 1.300444444e+00 1.497315951e+00 
1.467184723e+00 1.383111111e+00 1.729486196e+00 
1.192494202e+00 1.395111111e+00 1.722584356e+00 
1.000000000e+00 1.149777778e+00 1.182323620e+00 
1.009276829e+00 1.192000000e+00 1.353527607e+00 
1.163127617e+00 1.391111111e+00 1.694018405e+00 
1.306044999e+00 1.161333333e+00 1.388803681e+00 
1.009337068e+00 1.242222222e+00 1.379026074e+00 
1.656197102e+00 1.731111111e+00 1.943826687e+00 
1.353935122e+00 1.326222222e+00 1.632093558e+00 
1.099183760e+00 1.281777778e+00 1.502300613e+00 
1.163067377e+00 1.340888889e+00 1.668519939e+00 
1.578850035e+00 1.726666667e+00 1.926188650e+00 
1.153790548e+00 1.319555556e+00 1.607553681e+00 
1.000000000e+00 1.170666667e+00 1.292561350e+00 
1.147616036e+00 1.204888889e+00 1.435007669e+00 
1.203939640e+00 1.181777778e+00 1.497315951e+00 
1.049948496e+00 1.204000000e+00 1.417561350e+00 
1.004046264e+00 1.081777778e+00 1.000000000e+00 
1.067136532e+00 1.101333333e+00 1.256134969e+00 
1.071714707e+00 1.149777778e+00 1.348542945e+00 
1.134001988e+00 1.218222222e+00 1.422354294e+00 
1.681858980e+00 1.679555556e+00 1.926188650e+00 
1.526520286e+00 1.358222222e+00 1.686157975e+00 
1.016987440e+00 1.239111111e+00 1.366372699e+00 
1.297310322e+00 1.312888889e+00 1.612346626e+00 
1.157836812e+00 1.242222222e+00 1.497315951e+00 
1.004046264e+00 1.093333333e+00 1.182323620e+00 
1.157555495e+00 1.182666667e+00 1.422354294e+00 
1.004046264e+00 1.113777778e+00 1.268788344e+00 
1.000000000e+00 1.138222222e+00 1.000000000e+00 
1.020511430e+00 1.009333333e+00 1.060966258e+00 
1.250022590e+00 1.124888889e+00 1.314992331e+00 
1.046213668e+00 1.048000000e+00 1.086464724e+00 
1.055450137e+00 1.026222222e+00 1.166219325e+00 
1.050149092e+00 1.032888889e+00 1.182323620e+00 
1.020511430e+00 1.000000000e+00 1.000000000e+00 

1.294720039e+00 1.418666667e+00 1.722584356e+00 
1.347007620e+00 1.367555556e+00 1.694018405e+00 
1.423029427e+00 1.322222222e+00 1.673312883e+00 
1.303334237e+00 1.463555556e+00 1.809049080e+00 
1.047980483e+00 1.267555556e+00 1.468558282e+00 
1.353031535e+00 1.330222222e+00 1.657592025e+00 
1.341766814e+00 1.615111111e+00 1.865222393e+00 
1.588687088e+00 1.384444444e+00 1.742331288e+00 
1.598325352e+00 1.364000000e+00 1.688266871e+00 
1.352449023e+00 1.576000000e+00 1.882860429e+00 
1.279539773e+00 1.330666667e+00 1.657592025e+00 
1.224541429e+00 1.486222222e+00 1.750191718e+00 
1.499593386e+00 1.541333333e+00 1.882860429e+00 
1.350320773e+00 1.496000000e+00 1.870015337e+00 
1.472124334e+00 1.543555556e+00 1.882860429e+00 
1.454654980e+00 1.483555556e+00 1.857361963e+00 
1.282973404e+00 1.527555556e+00 1.811157975e+00 
1.016987440e+00 1.239111111e+00 1.366372699e+00 
1.399385561e+00 1.372000000e+00 1.722584356e+00 
1.252733351e+00 1.420444444e+00 1.754984663e+00 
1.093521279e+00 1.348444444e+00 1.555023006e+00 
1.117677178e+00 1.388000000e+00 1.660276074e+00 
1.622421011e+00 1.629333333e+00 1.943826687e+00 
1.290352700e+00 1.287555556e+00 1.607553681e+00 
1.194301376e+00 1.379111111e+00 1.694018405e+00 
1.126351616e+00 1.320000000e+00 1.571127301e+00 
1.072216500e+00 1.432444444e+00 1.612346626e+00 
1.376042890e+00 1.289777778e+00 1.612346626e+00 
1.246528719e+00 1.176444444e+00 1.392062883e+00 
1.123339658e+00 1.321333333e+00 1.607553681e+00 
1.418782567e+00 1.623555556e+00 1.926188650e+00 
1.198216921e+00 1.234222222e+00 1.478527607e+00 
1.533116472e+00 1.576444444e+00 1.926188650e+00 
1.513086955e+00 1.660888889e+00 1.939033742e+00 
1.489141893e+00 1.417777778e+00 1.796395706e+00 
1.114484503e+00 1.429333333e+00 1.722584356e+00 
1.251408090e+00 1.487111111e+00 1.809049080e+00 
1.679286768e+00 1.712000000e+00 2.000000000e+00 
1.228035300e+00 1.293333333e+00 1.558282209e+00 
1.248054577e+00 1.624444444e+00 1.759969325e+00 
1.421583687e+00 1.370666667e+00 1.698811350e+00 
1.707599169e+00 1.690666667e+00 2.000000000e+00 
1.009276829e+00 1.192000000e+00 1.353527607e+00 
1.135989880e+00 1.401777778e+00 1.694018405e+00 
1.251227373e+00 1.239555556e+00 1.583780675e+00 
1.571217734e+00 1.396000000e+00 1.742331288e+00 
1.099183760e+00 1.281777778e+00 1.502300613e+00 
1.439595193e+00 1.555555556e+00 1.882860429e+00 
1.083581820e+00 1.300444444e+00 1.497315951e+00 
1.407668444e+00 1.451111111e+00 1.796395706e+00 
1.306044999e+00 1.161333333e+00 1.388803681e+00 
1.101533086e+00 1.440000000e+00 1.642829755e+00 
1.090087648e+00 1.311555556e+00 1.545245399e+00 
1.428450950e+00 1.623111111e+00 1.926188650e+00 
1.030902684e+00 1.359111111e+00 1.545245399e+00 
1.374295955e+00 1.324888889e+00 1.644746933e+00 
1.203939640e+00 1.181777778e+00 1.497315951e+00 
1.000000000e+00 1.138222222e+00 1.000000000e+00 
1.009337068e+00 1.242222222e+00 1.379026074e+00 
1.464233005e+00 1.396444444e+00 1.742331288e+00 
1.298635583e+00 1.366666667e+00 1.681365031e+00 
1.357067558e+00 1.408000000e+00 1.742331288e+00 
1.030842445e+00 1.308888889e+00 1.519746933e+00 
1.021565615e+00 1.287555556e+00 1.458780675e+00 
1.078973525e+00 1.312444444e+00 1.545245399e+00 
1.134001988e+00 1.218222222e+00 1.422354294e+00 
1.465799223e+00 1.335555556e+00 1.686157975e+00 
1.060269269e+00 1.363111111e+00 1.573811350e+00 
1.157555495e+00 1.182666667e+00 1.422354294e+00 
1.033432728e+00 1.231555556e+00 1.458780675e+00 
1.421704166e+00 1.440444444e+00 1.796395706e+00 
1.021033704e+00 1.182222222e+00 1.342599693e+00 
1.585554652e+00 1.463111111e+00 1.828796012e+00 
1.133158640e+00 1.185333333e+00 1.358320552e+00 
1.181470438e+00 1.246666667e+00 1.463573620e+00 
1.193518268e+00 1.295111111e+00 1.583780675e+00 
1.075780850e+00 1.353777778e+00 1.607553681e+00 
1.090328605e+00 1.389777778e+00 1.617331288e+00 
1.061775248e+00 1.184444444e+00 1.348542945e+00 
1.067136532e+00 1.101333333e+00 1.256134969e+00 
1.000000000e+00 1.149777778e+00 1.182323620e+00 
1.004046264e+00 1.093333333e+00 1.182323620e+00 
1.107677480e+00 1.274666667e+00 1.497315951e+00 
1.223818560e+00 1.368888889e+00 1.612346626e+00 
1.025611879e+00 1.230666667e+00 1.435007669e+00 
1.250022590e+00 1.124888889e+00 1.314992331e+00 
1.004046264e+00 1.081777778e+00 1.000000000e+00 
1.147616036e+00 1.204888889e+00 1.435007669e+00 
1.055450137e+00 1.026222222e+00 1.166219325e+00 
1.000000000e+00 1.170666667e+00 1.292561350e+00 
1.355561579e+00 1.227111111e+00 1.571127301e+00 
1.071714707e+00 1.149777778e+00 1.348542945e+00 
1.049948496e+00 1.204000000e+00 1.417561350e+00 
1.159362670e+00 1.272000000e+00 1.497315951e+00 
1.020511430e+00 1.000000000e+00 1.000000000e+00 
1.050149092e+00 1.032888889e+00 1.182323620e+00 
1.020511430e+00 1.009333333e+00 1.060966258e+00 
1.046213668e+00 1.048000000e+00 1.086464724e+00 
1.004046264e+00 1.113777778e+00 1.268788344e+00 

1.162675823e+00 1.540888889e+00 1.750191718e+00 
1.303334237e+00 1.463555556e+00 1.809049080e+00 
1.430860516e+00 1.453777778e+00 1.796395706e+00 
1.682057769e+00 1.481777778e+00 1.857361963e+00 
1.578446432e+00 1.453333333e+00 1.839723926e+00 
1.228035300e+00 1.293333333e+00 1.558282209e+00 
1.283575796e+00 1.368000000e+00 1.694018405e+00 
1.430258125e+00 1.463111111e+00 1.796395706e+00 
1.025611879e+00 1.230666667e+00 1.435007669e+00 
1.128339508e+00 1.441333333e+00 1.668519939e+00 
1.696515165e+00 1.425777778e+00 1.803297546e+00 
1.127435921e+00 1.460444444e+00 1.663726994e+00 
1.603144484e+00 1.376444444e+00 1.747124233e+00 
1.203939640e+00 1.181777778e+00 1.497315951e+00 
1.049446101e+00 1.286222222e+00 1.463573620e+00 
1.445578748e+00 1.683111111e+00 1.939033742e+00 
1.574229692e+00 1.462222222e+00 1.803297546e+00 
1.387488329e+00 1.404444444e+00 1.783550613e+00 
1.488991295e+00 1.510666667e+00 1.839723926e+00 
1.297310322e+00 1.312888889e+00 1.612346626e+00 
1.282973404e+00 1.527555556e+00 1.811157975e+00 
1.179080751e+00 1.386222222e+00 1.612346626e+00 
1.325743201e+00 1.586222222e+00 1.824003067e+00 
1.072136381e+00 1.307111111e+00 1.573811350e+00 
1.298213909e+00 1.347555556e+00 1.644746933e+00 
1.377127195e+00 1.452888889e+00 1.754984663e+00 
1.223818560e+00 1.368888889e+00 1.612346626e+00 
1.300342158e+00 1.352000000e+00 1.657592025e+00 
1.733742960e+00 1.643555556e+00 1.926188650e+00 
1.516400108e+00 1.371555556e+00 1.729486196e+00 
1.198216921e+00 1.234222222e+00 1.478527607e+00 
1.698924731e+00 1.573333333e+00 1.882860429e+00 
1.329056354e+00 1.363111111e+00 1.722584356e+00 
1.159362670e+00 1.272000000e+00 1.497315951e+00 
1.245022740e+00 1.371555556e+00 1.634777607e+00 
1.545917292e+00 1.371111111e+00 1.729486196e+00 
1.353031535e+00 1.330222222e+00 1.657592025e+00 
1.396825397e+00 1.542222222e+00 1.870015337e+00 
1.423029427e+00 1.322222222e+00 1.673312883e+00 
1.278756664e+00 1.498222222e+00 1.809049080e+00 
1.459474112e+00 1.511111111e+00 1.839723926e+00 
1.075780850e+00 1.353777778e+00 1.607553681e+00 
1.061775248e+00 1.184444444e+00 1.348542945e+00 
1.281467426e+00 1.346666667e+00 1.639953988e+00 
1.107677480e+00 1.274666667e+00 1.497315951e+00 
1.251227373e+00 1.239555556e+00 1.583780675e+00 
1.127636517e+00 1.431555556e+00 1.612346626e+00 
1.489292491e+00 1.495111111e+00 1.857361963e+00 
1.067136532e+00 1.101333333e+00 1.256134969e+00 
1.206349206e+00 1.473777778e+00 1.783550613e+00 
1.290352700e+00 1.287555556e+00 1.607553681e+00 
1.135989880e+00 1.401777778e+00 1.694018405e+00 
1.366103431e+00 1.461777778e+00 1.783550613e+00 
1.194301376e+00 1.379111111e+00 1.694018405e+00 
1.262010180e+00 1.440000000e+00 1.708588957e+00 
1.195405560e+00 1.478222222e+00 1.722584356e+00 
1.134001988e+00 1.218222222e+00 1.422354294e+00 
1.161169844e+00 1.176444444e+00 1.392062883e+00 
1.253034547e+00 1.146222222e+00 1.375958589e+00 
1.294720039e+00 1.418666667e+00 1.722584356e+00 
1.498609680e+00 1.652444444e+00 1.943826687e+00 
1.384898045e+00 1.559111111e+00 1.852569018e+00 
1.066433541e+00 1.354666667e+00 1.537384969e+00 
1.393030330e+00 1.358222222e+00 1.686157975e+00 
1.009276829e+00 1.192000000e+00 1.353527607e+00 
1.376042890e+00 1.289777778e+00 1.612346626e+00 
1.465799223e+00 1.335555556e+00 1.686157975e+00 
1.050420168e+00 1.300000000e+00 1.532592025e+00 
1.366826300e+00 1.578222222e+00 1.882860429e+00 
1.301045149e+00 1.362666667e+00 1.668519939e+00 
1.147616036e+00 1.204888889e+00 1.435007669e+00 
1.016987440e+00 1.239111111e+00 1.366372699e+00 
1.033432728e+00 1.231555556e+00 1.458780675e+00 
1.193518268e+00 1.295111111e+00 1.583780675e+00 
1.099183760e+00 1.281777778e+00 1.502300613e+00 
1.009337068e+00 1.242222222e+00 1.379026074e+00 
1.049948496e+00 1.204000000e+00 1.417561350e+00 
1.355561579e+00 1.227111111e+00 1.571127301e+00 
1.071714707e+00 1.149777778e+00 1.348542945e+00 
1.298635583e+00 1.366666667e+00 1.681365031e+00 
1.000000000e+00 1.149777778e+00 1.182323620e+00 
1.181470438e+00 1.246666667e+00 1.463573620e+00 
1.021033704e+00 1.182222222e+00 1.342599693e+00 
1.004046264e+00 1.081777778e+00 1.000000000e+00 
1.000000000e+00 1.138222222e+00 1.000000000e+00 
1.123339658e+00 1.321333333e+00 1.607553681e+00 
1.250022590e+00 1.124888889e+00 1.314992331e+00 
1.237171772e+00 1.173777778e+00 1.401457055e+00 
1.000000000e+00 1.170666667e+00 1.292561350e+00 
1.021565615e+00 1.287555556e+00 1.458780675e+00 
1.306044999e+00 1.161333333e+00 1.388803681e+00 
1.004046264e+00 1.093333333e+00 1.182323620e+00 
1.004046264e+00 1.113777778e+00 1.268788344e+00 
1.046213668e+00 1.048000000e+00 1.086464724e+00 
1.020511430e+00 1.000000000e+00 1.000000000e+00 
1.020511430e+00 1.009333333e+00 1.060966258e+00 
1.050149092e+00 1.032888889e+00 1.182323620e+00 
1.055450137e+00 1.026222222e+00 1.166219325e+00 

1.608264811e+00 1.625333333e+00 1.939033742e+00 
1.850606909e+00 1.601333333e+00 1.913535276e+00 
1.164382398e+00 1.549777778e+00 1.716449387e+00 
1.650010542e+00 1.440444444e+00 1.796395706e+00 
1.505436583e+00 1.443555556e+00 1.809049080e+00 
1.602301136e+00 1.424888889e+00 1.772622699e+00 
1.350320773e+00 1.496000000e+00 1.870015337e+00 
1.196108551e+00 1.481777778e+00 1.724693252e+00 
1.131953857e+00 1.448888889e+00 1.694018405e+00 
1.153790548e+00 1.319555556e+00 1.607553681e+00 
1.287471462e+00 1.622666667e+00 1.882860429e+00 
1.128339508e+00 1.441333333e+00 1.668519939e+00 
1.509050932e+00 1.436444444e+00 1.783550613e+00 
1.278666305e+00 1.377333333e+00 1.694018405e+00 
1.413752598e+00 1.308000000e+00 1.657592025e+00 
1.308635282e+00 1.330666667e+00 1.657592025e+00 
1.268596127e+00 1.617333333e+00 1.865222393e+00 
1.009276829e+00 1.192000000e+00 1.353527607e+00 
1.124122767e+00 1.457777778e+00 1.694018405e+00 
1.317791633e+00 1.326222222e+00 1.632093558e+00 
1.453630915e+00 1.289777778e+00 1.612346626e+00 
1.404234812e+00 1.372000000e+00 1.722584356e+00 
1.353031535e+00 1.330222222e+00 1.657592025e+00 
1.548628053e+00 1.656000000e+00 1.926188650e+00 
1.625432969e+00 1.553333333e+00 1.882860429e+00 
1.329357549e+00 1.447111111e+00 1.767829755e+00 
1.434535104e+00 1.408888889e+00 1.754984663e+00 
1.295282070e+00 1.350222222e+00 1.612346626e+00 
1.485135990e+00 1.452000000e+00 1.809049080e+00 
1.713984519e+00 1.601777778e+00 1.913535276e+00 
1.296788049e+00 1.551555556e+00 1.870015337e+00 
1.545375139e+00 1.564444444e+00 1.882860429e+00 
1.295282070e+00 1.370666667e+00 1.698811350e+00 
1.115067016e+00 1.257333333e+00 1.478527607e+00 
1.397086232e+00 1.461333333e+00 1.772622699e+00 
1.633866450e+00 1.405333333e+00 1.742331288e+00 
1.347007620e+00 1.367555556e+00 1.694018405e+00 
1.474714617e+00 1.363111111e+00 1.722584356e+00 
1.144453480e+00 1.375111111e+00 1.668519939e+00 
1.303334237e+00 1.463555556e+00 1.809049080e+00 
1.243416162e+00 1.491555556e+00 1.767829755e+00 
1.366103431e+00 1.461777778e+00 1.783550613e+00 
1.715550736e+00 1.701777778e+00 1.943826687e+00 
1.373412247e+00 1.578222222e+00 1.882860429e+00 
1.253536339e+00 1.638222222e+00 1.865222393e+00 
1.325923918e+00 1.368000000e+00 1.694018405e+00 
1.356947080e+00 1.321333333e+00 1.614455521e+00 
1.152736363e+00 1.512444444e+00 1.698811350e+00 
1.497123581e+00 1.448888889e+00 1.772622699e+00 
1.049446101e+00 1.286222222e+00 1.463573620e+00 
1.407668444e+00 1.451111111e+00 1.796395706e+00 
1.238356074e+00 1.510222222e+00 1.809049080e+00 
1.433149604e+00 1.227111111e+00 1.571127301e+00 
1.099183760e+00 1.281777778e+00 1.502300613e+00 
1.078973525e+00 1.312444444e+00 1.545245399e+00 
1.676919370e+00 1.622222222e+00 1.889762270e+00 
1.251227373e+00 1.239555556e+00 1.583780675e+00 
1.224541429e+00 1.486222222e+00 1.750191718e+00 
1.051624951e+00 1.314222222e+00 1.502300613e+00 
1.198216921e+00 1.234222222e+00 1.478527607e+00 
1.194301376e+00 1.379111111e+00 1.694018405e+00 
1.091794223e+00 1.408444444e+00 1.612346626e+00 
1.297310322e+00 1.312888889e+00 1.612346626e+00 
1.351646035e+00 1.405777778e+00 1.722584356e+00 
1.132435770e+00 1.433777778e+00 1.694018405e+00 
1.290352700e+00 1.287555556e+00 1.607553681e+00 
1.083581820e+00 1.300444444e+00 1.497315951e+00 
1.123339658e+00 1.321333333e+00 1.607553681e+00 
1.180044577e+00 1.532888889e+00 1.809049080e+00 
1.090087648e+00 1.311555556e+00 1.545245399e+00 
1.167394356e+00 1.452444444e+00 1.722584356e+00 
1.135989880e+00 1.401777778e+00 1.694018405e+00 
1.021033704e+00 1.182222222e+00 1.342599693e+00 
1.065540195e+00 1.363111111e+00 1.573811350e+00 
1.009337068e+00 1.242222222e+00 1.379026074e+00 
1.107677480e+00 1.274666667e+00 1.497315951e+00 
1.051685190e+00 1.364444444e+00 1.527799080e+00 
1.134001988e+00 1.218222222e+00 1.422354294e+00 
1.465799223e+00 1.335555556e+00 1.686157975e+00 
1.067136532e+00 1.101333333e+00 1.256134969e+00 
1.157836812e+00 1.242222222e+00 1.497315951e+00 
1.016987440e+00 1.239111111e+00 1.366372699e+00 
1.157836812e+00 1.262666667e+00 1.583780675e+00 
1.033432728e+00 1.231555556e+00 1.458780675e+00 
1.049948496e+00 1.204000000e+00 1.417561350e+00 
1.111452667e+00 1.263555556e+00 1.508819018e+00 
1.071514111e+00 1.320888889e+00 1.583780675e+00 
1.021565615e+00 1.287555556e+00 1.458780675e+00 
1.500617451e+00 1.322222222e+00 1.673312883e+00 
1.230625584e+00 1.357333333e+00 1.611004601e+00 
1.306044999e+00 1.161333333e+00 1.388803681e+00 
1.061775248e+00 1.184444444e+00 1.348542945e+00 
1.203939640e+00 1.181777778e+00 1.497315951e+00 
1.133158640e+00 1.185333333e+00 1.358320552e+00 
1.000000000e+00 1.138222222e+00 1.000000000e+00 
1.000000000e+00 1.170666667e+00 1.292561350e+00 
1.000000000e+00 1.149777778e+00 1.182323620e+00 
1.237171772e+00 1.173777778e+00 1.401457055e+00 
1.161169844e+00 1.176444444e+00 1.392062883e+00 
1.075780850e+00 1.353777778e+00 1.607553681e+00 
1.229420801e+00 1.366222222e+00 1.657592025e+00 
1.157555495e+00 1.182666667e+00 1.422354294e+00 
1.250022590e+00 1.124888889e+00 1.314992331e+00 
1.237572965e+00 1.426222222e+00 1.698811350e+00 
1.025611879e+00 1.230666667e+00 1.435007669e+00 
1.253034547e+00 1.146222222e+00 1.375958589e+00 
1.147616036e+00 1.204888889e+00 1.435007669e+00 
1.071714707e+00 1.149777778e+00 1.348542945e+00 
1.004046264e+00 1.113777778e+00 1.268788344e+00 
1.004046264e+00 1.093333333e+00 1.182323620e+00 
1.004046264e+00 1.081777778e+00 1.000000000e+00 
1.020511430e+00 1.000000000e+00 1.000000000e+00 
1.055450137e+00 1.026222222e+00 1.166219325e+00 
1.050149092e+00 1.032888889e+00 1.182323620e+00 
1.020511430e+00 1.009333333e+00 1.060966258e+00 
1.046213668e+00 1.048000000e+00 1.086464724e+00 

1.329056354e+00 1.363111111e+00 1.722584356e+00 
1.297310322e+00 1.312888889e+00 1.612346626e+00 
1.161169844e+00 1.176444444e+00 1.392062883e+00 
1.278666305e+00 1.377333333e+00 1.694018405e+00 
1.559651818e+00 1.431555556e+00 1.796395706e+00 
1.597602482e+00 1.412000000e+00 1.778757669e+00 
1.290352700e+00 1.287555556e+00 1.607553681e+00 
1.573506822e+00 1.379555556e+00 1.747124233e+00 
1.047980483e+00 1.267555556e+00 1.468558282e+00 
1.114484503e+00 1.429333333e+00 1.722584356e+00 
1.519592783e+00 1.647111111e+00 1.926188650e+00 
1.117677178e+00 1.388000000e+00 1.660276074e+00 
1.075780850e+00 1.353777778e+00 1.607553681e+00 
1.072136381e+00 1.307111111e+00 1.573811350e+00 
1.392729135e+00 1.465333333e+00 1.839723926e+00 
1.326646788e+00 1.474222222e+00 1.870015337e+00 
1.071514111e+00 1.320888889e+00 1.583780675e+00 
1.430980995e+00 1.461777778e+00 1.857361963e+00 
1.392277341e+00 1.386222222e+00 1.742331288e+00 
1.280322882e+00 1.239555556e+00 1.583780675e+00 
1.049948496e+00 1.204000000e+00 1.417561350e+00 
1.642257763e+00 1.696000000e+00 1.943826687e+00 
1.526520286e+00 1.358222222e+00 1.686157975e+00 
1.069546098e+00 1.384444444e+00 1.634777607e+00 
1.543387247e+00 1.335555556e+00 1.686157975e+00 
1.306044999e+00 1.161333333e+00 1.388803681e+00 
1.030842445e+00 1.308888889e+00 1.519746933e+00 
1.116683232e+00 1.341777778e+00 1.593558282e+00 
1.303273998e+00 1.529777778e+00 1.870015337e+00 
1.163067377e+00 1.340888889e+00 1.668519939e+00 
1.453630915e+00 1.289777778e+00 1.612346626e+00 
1.009276829e+00 1.192000000e+00 1.353527607e+00 
1.387046776e+00 1.308000000e+00 1.657592025e+00 
1.442185476e+00 1.512000000e+00 1.882860429e+00 
1.421704166e+00 1.440444444e+00 1.796395706e+00 
1.468369627e+00 1.409777778e+00 1.754984663e+00 
1.237171772e+00 1.173777778e+00 1.401457055e+00 
1.111452667e+00 1.263555556e+00 1.508819018e+00 
1.414475468e+00 1.557777778e+00 1.882860429e+00 
1.433149604e+00 1.227111111e+00 1.571127301e+00 
1.201771031e+00 1.416444444e+00 1.783550613e+00 
1.157836812e+00 1.242222222e+00 1.497315951e+00 
1.203939640e+00 1.181777778e+00 1.497315951e+00 
1.000000000e+00 1.170666667e+00 1.292561350e+00 
1.080750580e+00 1.434666667e+00 1.660276074e+00 
1.157836812e+00 1.262666667e+00 1.583780675e+00 
1.153790548e+00 1.319555556e+00 1.607553681e+00 
1.016987440e+00 1.239111111e+00 1.366372699e+00 
1.009337068e+00 1.242222222e+00 1.379026074e+00 
1.030902684e+00 1.359111111e+00 1.545245399e+00 
1.133158640e+00 1.185333333e+00 1.358320552e+00 
1.058060299e+00 1.413777778e+00 1.550038344e+00 
1.004046264e+00 1.113777778e+00 1.268788344e+00 
1.163127617e+00 1.391111111e+00 1.694018405e+00 
1.212975513e+00 1.466666667e+00 1.809049080e+00 
1.000000000e+00 1.149777778e+00 1.182323620e+00 
1.157555495e+00 1.182666667e+00 1.422354294e+00 
1.147616036e+00 1.204888889e+00 1.435007669e+00 
1.004046264e+00 1.081777778e+00 1.000000000e+00 
1.250022590e+00 1.124888889e+00 1.314992331e+00 
1.000000000e+00 1.138222222e+00 1.000000000e+00 
1.296406735e+00 1.146222222e+00 1.375958589e+00 
1.021565615e+00 1.287555556e+00 1.458780675e+00 
1.004046264e+00 1.093333333e+00 1.182323620e+00 
1.192494202e+00 1.395111111e+00 1.722584356e+00 
1.846390169e+00 1.633333333e+00 1.889762270e+00 
1.050420168e+00 1.300000000e+00 1.532592025e+00 
1.060269269e+00 1.363111111e+00 1.573811350e+00 
1.061775248e+00 1.184444444e+00 1.348542945e+00 
1.021033704e+00 1.182222222e+00 1.342599693e+00 
1.025611879e+00 1.230666667e+00 1.435007669e+00 
1.033432728e+00 1.231555556e+00 1.458780675e+00 
1.055450137e+00 1.026222222e+00 1.166219325e+00 
1.067136532e+00 1.101333333e+00 1.256134969e+00 
1.046213668e+00 1.048000000e+00 1.086464724e+00 
1.050149092e+00 1.032888889e+00 1.182323620e+00 
1.020511430e+00 1.009333333e+00 1.060966258e+00 
1.134001988e+00 1.218222222e+00 1.422354294e+00 
1.020511430e+00 1.000000000e+00 1.000000000e+00 
1.071714707e+00 1.149777778e+00 1.348542945e+00 

1.415800729e+00 1.495555556e+00 1.857361963e+00 
1.359778320e+00 1.443555556e+00 1.809049080e+00 
1.047980483e+00 1.267555556e+00 1.468558282e+00 
1.025611879e+00 1.210222222e+00 1.348542945e+00 
1.496250113e+00 1.611111111e+00 1.882860429e+00 
1.465799223e+00 1.335555556e+00 1.686157975e+00 
1.162675823e+00 1.540888889e+00 1.750191718e+00 
1.279539773e+00 1.330666667e+00 1.657592025e+00 
1.437868137e+00 1.725333333e+00 1.884969325e+00 
1.099183760e+00 1.281777778e+00 1.502300613e+00 
1.418812686e+00 1.517777778e+00 1.870015337e+00 
1.071514111e+00 1.320888889e+00 1.583780675e+00 
1.562561369e+00 1.814666667e+00 1.939033742e+00 
1.774886299e+00 1.673777778e+00 1.926188650e+00 
1.465598627e+00 1.517333333e+00 1.870015337e+00 
1.051685190e+00 1.364444444e+00 1.527799080e+00 
1.324317340e+00 1.642666667e+00 1.882860429e+00 
1.357368754e+00 1.454222222e+00 1.796395706e+00 
1.463992048e+00 1.323555556e+00 1.632093558e+00 
1.548206379e+00 1.505333333e+00 1.870015337e+00 
1.578446432e+00 1.453333333e+00 1.839723926e+00 
1.021565615e+00 1.287555556e+00 1.458780675e+00 
1.198216921e+00 1.234222222e+00 1.478527607e+00 
1.387488329e+00 1.404444444e+00 1.783550613e+00 
1.325020331e+00 1.491555556e+00 1.767829755e+00 
1.590795458e+00 1.564888889e+00 1.882860429e+00 
1.711424355e+00 1.656000000e+00 1.913535276e+00 
1.245022740e+00 1.371555556e+00 1.634777607e+00 
1.194150779e+00 1.386222222e+00 1.612346626e+00 
1.319116894e+00 1.429333333e+00 1.722584356e+00 
1.134001988e+00 1.218222222e+00 1.422354294e+00 
1.283575796e+00 1.368000000e+00 1.694018405e+00 
1.402608355e+00 1.488888889e+00 1.828796012e+00 
1.307370260e+00 1.499111111e+00 1.809049080e+00 
1.353031535e+00 1.330222222e+00 1.657592025e+00 
1.301045149e+00 1.362666667e+00 1.668519939e+00 
1.414505587e+00 1.551555556e+00 1.870015337e+00 
1.161169844e+00 1.176444444e+00 1.392062883e+00 
1.302028855e+00 1.631111111e+00 1.828796012e+00 
1.329056354e+00 1.363111111e+00 1.722584356e+00 
1.025611879e+00 1.230666667e+00 1.435007669e+00 
1.749375019e+00 1.705333333e+00 1.943826687e+00 
1.059184964e+00 1.317777778e+00 1.494056748e+00 
1.203939640e+00 1.181777778e+00 1.497315951e+00 
1.302912563e+00 1.556888889e+00 1.865222393e+00 
1.285413090e+00 1.484888889e+00 1.722584356e+00 
1.181550556e+00 1.546222222e+00 1.767829755e+00 
1.256468179e+00 1.486666667e+00 1.754984663e+00 
1.329357549e+00 1.447111111e+00 1.767829755e+00 
1.255042318e+00 1.651555556e+00 1.824003067e+00 
1.298635583e+00 1.366666667e+00 1.681365031e+00 
1.181470438e+00 1.246666667e+00 1.463573620e+00 
1.061775248e+00 1.184444444e+00 1.348542945e+00 
1.194301376e+00 1.379111111e+00 1.694018405e+00 
1.157555495e+00 1.182666667e+00 1.422354294e+00 
1.009337068e+00 1.242222222e+00 1.379026074e+00 
1.123339658e+00 1.321333333e+00 1.607553681e+00 
1.016013373e+00 1.225333333e+00 1.297354294e+00 
1.147616036e+00 1.204888889e+00 1.435007669e+00 
1.251227373e+00 1.239555556e+00 1.583780675e+00 
1.132435770e+00 1.433777778e+00 1.694018405e+00 
1.318815698e+00 1.475555556e+00 1.754984663e+00 
1.355561579e+00 1.227111111e+00 1.571127301e+00 
1.700009036e+00 1.708444444e+00 1.926188650e+00 
1.159362670e+00 1.272000000e+00 1.497315951e+00 
1.193518268e+00 1.295111111e+00 1.583780675e+00 
1.083581820e+00 1.300444444e+00 1.497315951e+00 
1.376042890e+00 1.289777778e+00 1.612346626e+00 
1.004046264e+00 1.093333333e+00 1.182323620e+00 
1.290352700e+00 1.287555556e+00 1.607553681e+00 
1.293394777e+00 1.173777778e+00 1.401457055e+00 
1.075780850e+00 1.353777778e+00 1.607553681e+00 
1.049948496e+00 1.204000000e+00 1.417561350e+00 
1.072136381e+00 1.307111111e+00 1.573811350e+00 
1.000000000e+00 1.149777778e+00 1.182323620e+00 
1.306044999e+00 1.161333333e+00 1.388803681e+00 
1.107677480e+00 1.274666667e+00 1.497315951e+00 
1.253034547e+00 1.146222222e+00 1.375958589e+00 
1.135989880e+00 1.401777778e+00 1.694018405e+00 
1.205927532e+00 1.539111111e+00 1.750191718e+00 
1.021033704e+00 1.182222222e+00 1.342599693e+00 
1.263094485e+00 1.356000000e+00 1.629984663e+00 
1.071714707e+00 1.149777778e+00 1.348542945e+00 
1.004046264e+00 1.113777778e+00 1.268788344e+00 
1.097477184e+00 1.407111111e+00 1.634777607e+00 
1.033432728e+00 1.231555556e+00 1.458780675e+00 
1.250022590e+00 1.124888889e+00 1.314992331e+00 
1.046213668e+00 1.048000000e+00 1.086464724e+00 
1.000000000e+00 1.138222222e+00 1.000000000e+00 
1.000000000e+00 1.170666667e+00 1.292561350e+00 
1.067136532e+00 1.101333333e+00 1.256134969e+00 
1.004046264e+00 1.081777778e+00 1.000000000e+00 
1.020511430e+00 1.000000000e+00 1.000000000e+00 
1.020511430e+00 1.009333333e+00 1.060966258e+00 
1.055450137e+00 1.026222222e+00 1.166219325e+00 
1.050149092e+00 1.032888889e+00 1.182323620e+00 

1.030842445e+00 1.308888889e+00 1.519746933e+00 
1.573506822e+00 1.379555556e+00 1.747124233e+00 
1.442185476e+00 1.512000000e+00 1.882860429e+00 
1.543387247e+00 1.335555556e+00 1.686157975e+00 
1.382649318e+00 1.576444444e+00 1.943826687e+00 
1.505436583e+00 1.443555556e+00 1.809049080e+00 
1.155386886e+00 1.417333333e+00 1.708588957e+00 
1.209963555e+00 1.490666667e+00 1.767829755e+00 
1.290352700e+00 1.287555556e+00 1.607553681e+00 
1.326646788e+00 1.474222222e+00 1.870015337e+00 
1.393030330e+00 1.358222222e+00 1.686157975e+00 
1.329056354e+00 1.363111111e+00 1.722584356e+00 
1.308635282e+00 1.330666667e+00 1.657592025e+00 
1.166591368e+00 1.467555556e+00 1.734087423e+00 
1.212975513e+00 1.466666667e+00 1.809049080e+00 
1.296808530e+00 1.543555556e+00 1.870015337e+00 
1.344296859e+00 1.334222222e+00 1.673312883e+00 
1.367639529e+00 1.416444444e+00 1.783550613e+00 
1.469172615e+00 1.392000000e+00 1.759777607e+00 
1.485135990e+00 1.452000000e+00 1.809049080e+00 
1.161169844e+00 1.176444444e+00 1.392062883e+00 
1.658323544e+00 1.569333333e+00 1.926188650e+00 
1.163127617e+00 1.391111111e+00 1.694018405e+00 
1.058060299e+00 1.413777778e+00 1.550038344e+00 
1.009337068e+00 1.242222222e+00 1.379026074e+00 
1.433149604e+00 1.227111111e+00 1.571127301e+00 
1.116743472e+00 1.392000000e+00 1.619056748e+00 
1.016987440e+00 1.239111111e+00 1.366372699e+00 
1.133158640e+00 1.185333333e+00 1.358320552e+00 
1.434535104e+00 1.408888889e+00 1.754984663e+00 
1.687840728e+00 1.568888889e+00 1.926188650e+00 
1.192494202e+00 1.395111111e+00 1.722584356e+00 
1.072216500e+00 1.432444444e+00 1.612346626e+00 
1.080750580e+00 1.434666667e+00 1.660276074e+00 
1.111452667e+00 1.263555556e+00 1.508819018e+00 
1.157354899e+00 1.353777778e+00 1.657592025e+00 
1.146110057e+00 1.396000000e+00 1.647622699e+00 
1.317369959e+00 1.452888889e+00 1.809049080e+00 
1.134001988e+00 1.218222222e+00 1.422354294e+00 
1.253034547e+00 1.146222222e+00 1.375958589e+00 
1.285513689e+00 1.459555556e+00 1.767829755e+00 
1.077738622e+00 1.192000000e+00 1.353527607e+00 
1.622782446e+00 1.498222222e+00 1.882860429e+00 
1.608728653e+00 1.498666667e+00 1.882860429e+00 
1.030902684e+00 1.359111111e+00 1.545245399e+00 
1.540977681e+00 1.356000000e+00 1.681365031e+00 
1.157836812e+00 1.262666667e+00 1.583780675e+00 
1.607282913e+00 1.576000000e+00 1.889762270e+00 
1.025611879e+00 1.210222222e+00 1.348542945e+00 
1.324217343e+00 1.535111111e+00 1.882860429e+00 
1.157836812e+00 1.242222222e+00 1.497315951e+00 
1.033432728e+00 1.231555556e+00 1.458780675e+00 
1.021033704e+00 1.182222222e+00 1.342599693e+00 
1.278666305e+00 1.377333333e+00 1.694018405e+00 
1.071514111e+00 1.300444444e+00 1.497315951e+00 
1.049948496e+00 1.204000000e+00 1.417561350e+00 
1.413752598e+00 1.308000000e+00 1.657592025e+00 
1.107677480e+00 1.274666667e+00 1.497315951e+00 
1.131953857e+00 1.448888889e+00 1.694018405e+00 
1.120749375e+00 1.398666667e+00 1.668519939e+00 
1.325923918e+00 1.368000000e+00 1.694018405e+00 
1.353633927e+00 1.328888889e+00 1.668519939e+00 
1.061775248e+00 1.184444444e+00 1.348542945e+00 
1.071514111e+00 1.320888889e+00 1.583780675e+00 
1.632541189e+00 1.540444444e+00 1.889762270e+00 
1.004046264e+00 1.093333333e+00 1.182323620e+00 
1.016013373e+00 1.225333333e+00 1.297354294e+00 
1.453630915e+00 1.289777778e+00 1.612346626e+00 
1.107406403e+00 1.320444444e+00 1.532592025e+00 
1.000000000e+00 1.149777778e+00 1.182323620e+00 
1.060269269e+00 1.363111111e+00 1.573811350e+00 
1.297310322e+00 1.312888889e+00 1.612346626e+00 
1.153790548e+00 1.319555556e+00 1.607553681e+00 
1.021565615e+00 1.287555556e+00 1.458780675e+00 
1.280322882e+00 1.239555556e+00 1.583780675e+00 
1.111472546e+00 1.377333333e+00 1.607553681e+00 
1.004046264e+00 1.113777778e+00 1.268788344e+00 
1.157555495e+00 1.182666667e+00 1.422354294e+00 
1.067136532e+00 1.101333333e+00 1.256134969e+00 
1.147616036e+00 1.204888889e+00 1.435007669e+00 
1.237171772e+00 1.173777778e+00 1.401457055e+00 
1.000000000e+00 1.170666667e+00 1.292561350e+00 
1.203939640e+00 1.181777778e+00 1.497315951e+00 
1.674961598e+00 1.829777778e+00 2.000000000e+00 
1.758844613e+00 1.762222222e+00 2.000000000e+00 
1.000000000e+00 1.138222222e+00 1.000000000e+00 
1.025611879e+00 1.230666667e+00 1.435007669e+00 
1.071714707e+00 1.149777778e+00 1.348542945e+00 
1.055450137e+00 1.026222222e+00 1.166219325e+00 
1.020511430e+00 1.000000000e+00 1.000000000e+00 
1.306044999e+00 1.161333333e+00 1.388803681e+00 
1.004046264e+00 1.081777778e+00 1.000000000e+00 
1.020511430e+00 1.009333333e+00 1.060966258e+00 
1.050149092e+00 1.032888889e+00 1.182323620e+00 
1.046213668e+00 1.048000000e+00 1.086464724e+00 
1.250022590e+00 1.124888889e+00 1.314992331e+00 

1.009276829e+00 1.192000000e+00 1.353527607e+00 
1.608728653e+00 1.498222222e+00 1.882860429e+00 
1.451221349e+00 1.404444444e+00 1.783550613e+00 
1.724707087e+00 1.437333333e+00 1.803297546e+00 
1.283575796e+00 1.368000000e+00 1.694018405e+00 
1.550194271e+00 1.595555556e+00 1.884969325e+00 
1.245022740e+00 1.371555556e+00 1.634777607e+00 
1.432547212e+00 1.463111111e+00 1.796395706e+00 
1.021565615e+00 1.287555556e+00 1.458780675e+00 
1.071514111e+00 1.320888889e+00 1.583780675e+00 
1.252733351e+00 1.420444444e+00 1.754984663e+00 
1.654829674e+00 1.417333333e+00 1.796395706e+00 
1.738140417e+00 1.602666667e+00 1.939033742e+00 
1.679708443e+00 1.650222222e+00 1.943826687e+00 
1.066935936e+00 1.272444444e+00 1.491372699e+00 
1.485135990e+00 1.452000000e+00 1.809049080e+00 
1.157836812e+00 1.242222222e+00 1.497315951e+00 
1.630312340e+00 1.653333333e+00 1.943826687e+00 
1.618083793e+00 1.472888889e+00 1.857361963e+00 
1.329056354e+00 1.363111111e+00 1.722584356e+00 
1.353633927e+00 1.328888889e+00 1.668519939e+00 
1.737538026e+00 1.606666667e+00 1.943826687e+00 
1.269720792e+00 1.488888889e+00 1.828796012e+00 
1.538568115e+00 1.358222222e+00 1.686157975e+00 
1.320321677e+00 1.532000000e+00 1.882860429e+00 
1.503810126e+00 1.528444444e+00 1.870015337e+00 
1.559651818e+00 1.431555556e+00 1.796395706e+00 
1.712056866e+00 1.610666667e+00 1.943826687e+00 
1.072216500e+00 1.432444444e+00 1.612346626e+00 
1.679407247e+00 1.598222222e+00 1.889762270e+00 
1.025611879e+00 1.230666667e+00 1.435007669e+00 
1.072136381e+00 1.307111111e+00 1.573811350e+00 
1.091794223e+00 1.408444444e+00 1.612346626e+00 
1.376042890e+00 1.289777778e+00 1.612346626e+00 
1.198216921e+00 1.234222222e+00 1.478527607e+00 
1.153790548e+00 1.319555556e+00 1.607553681e+00 
1.278666305e+00 1.377333333e+00 1.694018405e+00 
1.223818560e+00 1.368888889e+00 1.612346626e+00 
1.211288817e+00 1.447555556e+00 1.767829755e+00 
1.614650161e+00 1.463111111e+00 1.828796012e+00 
1.298454866e+00 1.415111111e+00 1.713765337e+00 
1.157555495e+00 1.182666667e+00 1.422354294e+00 
1.107677480e+00 1.274666667e+00 1.497315951e+00 
1.633745972e+00 1.344000000e+00 1.686157975e+00 
1.107075088e+00 1.380000000e+00 1.619056748e+00 
1.486702208e+00 1.658222222e+00 2.000000000e+00 
1.133158640e+00 1.185333333e+00 1.358320552e+00 
1.049948496e+00 1.204000000e+00 1.417561350e+00 
1.433149604e+00 1.227111111e+00 1.571127301e+00 
1.061775248e+00 1.184444444e+00 1.348542945e+00 
1.083581820e+00 1.300444444e+00 1.497315951e+00 
1.009337068e+00 1.242222222e+00 1.379026074e+00 
1.397548267e+00 1.671555556e+00 2.000000000e+00 
1.049446101e+00 1.286222222e+00 1.463573620e+00 
1.251227373e+00 1.239555556e+00 1.583780675e+00 
1.303334237e+00 1.463555556e+00 1.809049080e+00 
1.363995060e+00 1.436000000e+00 1.767829755e+00 
1.350561730e+00 1.639111111e+00 1.939033742e+00 
1.299960845e+00 1.596000000e+00 1.884969325e+00 
1.114484503e+00 1.429333333e+00 1.722584356e+00 
1.033432728e+00 1.231555556e+00 1.458780675e+00 
1.650010542e+00 1.584444444e+00 1.884969325e+00 
1.268214813e+00 1.308000000e+00 1.657592025e+00 
1.253034547e+00 1.146222222e+00 1.375958589e+00 
1.157836812e+00 1.262666667e+00 1.583780675e+00 
1.123339658e+00 1.321333333e+00 1.607553681e+00 
1.194301376e+00 1.379111111e+00 1.694018405e+00 
1.241528870e+00 1.554666667e+00 1.824003067e+00 
1.021033704e+00 1.182222222e+00 1.342599693e+00 
1.306044999e+00 1.161333333e+00 1.388803681e+00 
1.056203126e+00 1.356888889e+00 1.497315951e+00 
1.237171772e+00 1.173777778e+00 1.401457055e+00 
1.540977681e+00 1.356000000e+00 1.681365031e+00 
1.161169844e+00 1.176444444e+00 1.392062883e+00 
1.051685190e+00 1.364444444e+00 1.527799080e+00 
1.075780850e+00 1.353777778e+00 1.607553681e+00 
1.000000000e+00 1.170666667e+00 1.292561350e+00 
1.000000000e+00 1.138222222e+00 1.000000000e+00 
1.290352700e+00 1.287555556e+00 1.607553681e+00 
1.071714707e+00 1.149777778e+00 1.348542945e+00 
1.250022590e+00 1.124888889e+00 1.314992331e+00 
1.203939640e+00 1.181777778e+00 1.497315951e+00 
1.000000000e+00 1.149777778e+00 1.182323620e+00 
1.636757929e+00 1.611111111e+00 1.889762270e+00 
1.147616036e+00 1.204888889e+00 1.435007669e+00 
1.004046264e+00 1.093333333e+00 1.182323620e+00 
1.134001988e+00 1.218222222e+00 1.422354294e+00 
1.004046264e+00 1.113777778e+00 1.268788344e+00 
1.004046264e+00 1.081777778e+00 1.000000000e+00 
1.046213668e+00 1.048000000e+00 1.086464724e+00 
1.050149092e+00 1.032888889e+00 1.182323620e+00 
1.055450137e+00 1.026222222e+00 1.166219325e+00 
1.020511430e+00 1.000000000e+00 1.000000000e+00 
1.067136532e+00 1.101333333e+00 1.256134969e+00 
1.020511430e+00 1.009333333e+00 1.060966258e+00 

1.592060480e+00 1.440888889e+00 1.815950920e+00 
1.526520286e+00 1.358222222e+00 1.686157975e+00 
1.696394687e+00 1.428444444e+00 1.803297546e+00 
1.574832083e+00 1.528444444e+00 1.943826687e+00 
1.666877504e+00 1.428888889e+00 1.803297546e+00 
1.399114485e+00 1.523555556e+00 1.882860429e+00 
1.021033704e+00 1.182222222e+00 1.342599693e+00 
1.278666305e+00 1.377333333e+00 1.694018405e+00 
1.120749375e+00 1.398666667e+00 1.668519939e+00 
1.123339658e+00 1.321333333e+00 1.607553681e+00 
1.649287672e+00 1.446222222e+00 1.833588957e+00 
1.354959188e+00 1.556000000e+00 1.882860429e+00 
1.353031535e+00 1.330222222e+00 1.657592025e+00 
1.308635282e+00 1.330666667e+00 1.657592025e+00 
1.317369959e+00 1.452888889e+00 1.809049080e+00 
1.421704166e+00 1.440444444e+00 1.796395706e+00 
1.407528087e+00 1.370666667e+00 1.698811350e+00 
1.376103129e+00 1.367555556e+00 1.694018405e+00 
1.621939098e+00 1.510666667e+00 1.913535276e+00 
1.462305352e+00 1.575111111e+00 1.943826687e+00 
1.287943134e+00 1.398666667e+00 1.754984663e+00 
1.071514111e+00 1.320888889e+00 1.583780675e+00 
1.107677480e+00 1.274666667e+00 1.497315951e+00 
1.047980483e+00 1.267555556e+00 1.468558282e+00 
1.133158640e+00 1.185333333e+00 1.358320552e+00 
1.353633927e+00 1.328888889e+00 1.668519939e+00 
1.388813590e+00 1.632444444e+00 1.943826687e+00 
1.072136381e+00 1.307111111e+00 1.573811350e+00 
1.404234812e+00 1.372000000e+00 1.722584356e+00 
1.533146592e+00 1.404444444e+00 1.783550613e+00 
1.399114485e+00 1.358666667e+00 1.686157975e+00 
1.134001988e+00 1.218222222e+00 1.422354294e+00 
1.049948496e+00 1.204000000e+00 1.417561350e+00 
1.433149604e+00 1.227111111e+00 1.571127301e+00 
1.163127617e+00 1.391111111e+00 1.694018405e+00 
1.144453480e+00 1.375111111e+00 1.668519939e+00 
1.306044999e+00 1.161333333e+00 1.388803681e+00 
1.387046776e+00 1.308000000e+00 1.657592025e+00 
1.392277341e+00 1.386222222e+00 1.742331288e+00 
1.253034547e+00 1.146222222e+00 1.375958589e+00 
1.467184723e+00 1.383111111e+00 1.729486196e+00 
1.573506822e+00 1.379555556e+00 1.747124233e+00 
1.428611789e+00 1.444000000e+00 1.809049080e+00 
1.411603867e+00 1.629777778e+00 1.943826687e+00 
1.390199090e+00 1.544000000e+00 1.926188650e+00 
1.009337068e+00 1.242222222e+00 1.379026074e+00 
1.430980995e+00 1.461777778e+00 1.857361963e+00 
1.469172615e+00 1.392000000e+00 1.759777607e+00 
1.437667540e+00 1.383555556e+00 1.729486196e+00 
1.280322882e+00 1.239555556e+00 1.583780675e+00 
1.000000000e+00 1.170666667e+00 1.292561350e+00 
1.192494202e+00 1.395111111e+00 1.722584356e+00 
1.392729135e+00 1.465333333e+00 1.839723926e+00 
1.500617451e+00 1.322222222e+00 1.673312883e+00 
1.543387247e+00 1.335555556e+00 1.686157975e+00 
1.474714617e+00 1.363111111e+00 1.722584356e+00 
1.114484503e+00 1.429333333e+00 1.722584356e+00 
1.009276829e+00 1.192000000e+00 1.353527607e+00 
1.147616036e+00 1.204888889e+00 1.435007669e+00 
1.153790548e+00 1.319555556e+00 1.607553681e+00 
1.033432728e+00 1.231555556e+00 1.458780675e+00 
1.016987440e+00 1.239111111e+00 1.366372699e+00 
1.075780850e+00 1.353777778e+00 1.607553681e+00 
1.004046264e+00 1.093333333e+00 1.182323620e+00 
1.303273998e+00 1.529777778e+00 1.870015337e+00 
1.295201952e+00 1.287555556e+00 1.607553681e+00 
1.453630915e+00 1.289777778e+00 1.612346626e+00 
1.157836812e+00 1.262666667e+00 1.583780675e+00 
1.061775248e+00 1.184444444e+00 1.348542945e+00 
1.237171772e+00 1.173777778e+00 1.401457055e+00 
1.250022590e+00 1.124888889e+00 1.314992331e+00 
1.326646788e+00 1.474222222e+00 1.870015337e+00 
1.163067377e+00 1.340888889e+00 1.668519939e+00 
1.060269269e+00 1.363111111e+00 1.573811350e+00 
1.004046264e+00 1.113777778e+00 1.268788344e+00 
1.071514111e+00 1.300444444e+00 1.497315951e+00 
1.069546098e+00 1.384444444e+00 1.634777607e+00 
1.344296859e+00 1.334222222e+00 1.673312883e+00 
1.021565615e+00 1.287555556e+00 1.458780675e+00 
1.212975513e+00 1.466666667e+00 1.809049080e+00 
1.297310322e+00 1.312888889e+00 1.612346626e+00 
1.030842445e+00 1.308888889e+00 1.519746933e+00 
1.157836812e+00 1.242222222e+00 1.497315951e+00 
1.025611879e+00 1.230666667e+00 1.435007669e+00 
1.030902684e+00 1.359111111e+00 1.545245399e+00 
1.000000000e+00 1.149777778e+00 1.182323620e+00 
1.201771031e+00 1.416444444e+00 1.783550613e+00 
1.067136532e+00 1.101333333e+00 1.256134969e+00 
1.004046264e+00 1.081777778e+00 1.000000000e+00 
1.203939640e+00 1.181777778e+00 1.497315951e+00 
1.157555495e+00 1.182666667e+00 1.422354294e+00 
1.046213668e+00 1.048000000e+00 1.086464724e+00 
1.000000000e+00 1.138222222e+00 1.000000000e+00 
1.071714707e+00 1.149777778e+00 1.348542945e+00 
1.055450137e+00 1.026222222e+00 1.166219325e+00 
1.020511430e+00 1.000000000e+00 1.000000000e+00 
1.050149092e+00 1.032888889e+00 1.182323620e+00 
1.020511430e+00 1.009333333e+00 1.060966258e+00 

1.500617451e+00 1.322222222e+00 1.673312883e+00 
1.183940243e+00 1.234222222e+00 1.478527607e+00 
1.744465528e+00 1.676444444e+00 1.943826687e+00 
1.329056354e+00 1.363111111e+00 1.722584356e+00 
1.021565615e+00 1.287555556e+00 1.458780675e+00 
1.078973525e+00 1.312444444e+00 1.545245399e+00 
1.050420168e+00 1.300000000e+00 1.532592025e+00 
1.025611879e+00 1.230666667e+00 1.435007669e+00 
1.295201952e+00 1.287555556e+00 1.607553681e+00 
1.689418993e+00 1.660888889e+00 1.939033742e+00 
1.430980995e+00 1.461777778e+00 1.857361963e+00 
1.147616036e+00 1.204888889e+00 1.435007669e+00 
1.030902684e+00 1.359111111e+00 1.545245399e+00 
1.099183760e+00 1.281777778e+00 1.502300613e+00 
1.303273998e+00 1.529777778e+00 1.870015337e+00 
1.253034547e+00 1.146222222e+00 1.375958589e+00 
1.392729135e+00 1.465333333e+00 1.839723926e+00 
1.392277341e+00 1.386222222e+00 1.742331288e+00 
1.120749375e+00 1.398666667e+00 1.668519939e+00 
1.009276829e+00 1.192000000e+00 1.353527607e+00 
1.103149303e+00 1.365777778e+00 1.607553681e+00 
1.287943134e+00 1.398666667e+00 1.754984663e+00 
1.064967923e+00 1.336000000e+00 1.542369632e+00 
1.163067377e+00 1.340888889e+00 1.668519939e+00 
1.543387247e+00 1.335555556e+00 1.686157975e+00 
1.123339658e+00 1.321333333e+00 1.607553681e+00 
1.326646788e+00 1.474222222e+00 1.870015337e+00 
1.345682359e+00 1.544000000e+00 1.882860429e+00 
1.565555254e+00 1.507111111e+00 1.882860429e+00 
1.033432728e+00 1.231555556e+00 1.458780675e+00 
1.346043794e+00 1.431555556e+00 1.796395706e+00 
1.317369959e+00 1.452888889e+00 1.809049080e+00 
1.071514111e+00 1.320888889e+00 1.583780675e+00 
1.201771031e+00 1.416444444e+00 1.783550613e+00 
1.572542996e+00 1.680888889e+00 1.939033742e+00 
1.090328605e+00 1.389777778e+00 1.617331288e+00 
1.101533086e+00 1.440000000e+00 1.642829755e+00 
1.065540195e+00 1.363111111e+00 1.573811350e+00 
1.107677480e+00 1.274666667e+00 1.497315951e+00 
1.212975513e+00 1.466666667e+00 1.809049080e+00 
1.550055721e+00 1.608444444e+00 1.889762270e+00 
1.037578989e+00 1.342222222e+00 1.463573620e+00 
1.114484503e+00 1.429333333e+00 1.722584356e+00 
1.163127617e+00 1.391111111e+00 1.694018405e+00 
1.134001988e+00 1.218222222e+00 1.422354294e+00 
1.325923918e+00 1.368000000e+00 1.694018405e+00 
1.440016867e+00 1.390666667e+00 1.747124233e+00 
1.133158640e+00 1.185333333e+00 1.358320552e+00 
1.355561579e+00 1.227111111e+00 1.571127301e+00 
1.157836812e+00 1.242222222e+00 1.497315951e+00 
1.157836812e+00 1.262666667e+00 1.583780675e+00 
1.278666305e+00 1.377333333e+00 1.694018405e+00 
1.004046264e+00 1.081777778e+00 1.000000000e+00 
1.157555495e+00 1.182666667e+00 1.422354294e+00 
1.000000000e+00 1.149777778e+00 1.182323620e+00 
1.049948496e+00 1.204000000e+00 1.417561350e+00 
1.161169844e+00 1.176444444e+00 1.392062883e+00 
1.393030330e+00 1.358222222e+00 1.686157975e+00 
1.306044999e+00 1.161333333e+00 1.388803681e+00 
1.016987440e+00 1.239111111e+00 1.366372699e+00 
1.153790548e+00 1.319555556e+00 1.607553681e+00 
1.061775248e+00 1.184444444e+00 1.348542945e+00 
1.251227373e+00 1.239555556e+00 1.583780675e+00 
1.376042890e+00 1.289777778e+00 1.612346626e+00 
1.192494202e+00 1.395111111e+00 1.722584356e+00 
1.203939640e+00 1.181777778e+00 1.497315951e+00 
1.268214813e+00 1.308000000e+00 1.657592025e+00 
1.004046264e+00 1.093333333e+00 1.182323620e+00 
1.021033704e+00 1.182222222e+00 1.342599693e+00 
1.071714707e+00 1.149777778e+00 1.348542945e+00 
1.000000000e+00 1.138222222e+00 1.000000000e+00 
1.009337068e+00 1.242222222e+00 1.379026074e+00 
1.004046264e+00 1.113777778e+00 1.268788344e+00 
1.237171772e+00 1.173777778e+00 1.401457055e+00 
1.000000000e+00 1.170666667e+00 1.292561350e+00 
1.020511430e+00 1.000000000e+00 1.000000000e+00 
1.020511430e+00 1.009333333e+00 1.060966258e+00 
1.050149092e+00 1.032888889e+00 1.182323620e+00 
1.067136532e+00 1.101333333e+00 1.256134969e+00 
1.055450137e+00 1.026222222e+00 1.166219325e+00 
1.250022590e+00 1.124888889e+00 1.314992331e+00 
1.046213668e+00 1.048000000e+00 1.086464724e+00 

1.405439595e+00 1.408888889e+00 1.754984663e+00 
1.511460498e+00 1.493333333e+00 1.811157975e+00 
1.393030330e+00 1.358222222e+00 1.686157975e+00 
1.456040481e+00 1.452000000e+00 1.809049080e+00 
1.161169844e+00 1.176444444e+00 1.392062883e+00 
1.201771031e+00 1.416444444e+00 1.783550613e+00 
1.263094485e+00 1.356000000e+00 1.629984663e+00 
1.556157947e+00 1.344000000e+00 1.686157975e+00 
1.278756664e+00 1.498222222e+00 1.809049080e+00 
1.064967923e+00 1.336000000e+00 1.542369632e+00 
1.111833981e+00 1.362222222e+00 1.588765337e+00 
1.456944068e+00 1.589333333e+00 1.926188650e+00 
1.395821210e+00 1.640000000e+00 1.884969325e+00 
1.591096654e+00 1.392000000e+00 1.729486196e+00 
1.542784856e+00 1.449777778e+00 1.815950920e+00 
1.283575796e+00 1.368000000e+00 1.694018405e+00 
1.376042890e+00 1.289777778e+00 1.612346626e+00 
1.245022740e+00 1.371555556e+00 1.634777607e+00 
1.497906690e+00 1.573777778e+00 1.943826687e+00 
1.089123822e+00 1.375555556e+00 1.647622699e+00 
1.441402367e+00 1.451555556e+00 1.796395706e+00 
1.393090570e+00 1.509333333e+00 1.882860429e+00 
1.399435559e+00 1.608444444e+00 1.943826687e+00 
1.344296859e+00 1.334222222e+00 1.673312883e+00 
1.355561579e+00 1.227111111e+00 1.571127301e+00 
1.591897834e+00 1.562222222e+00 1.889762270e+00 
1.329056354e+00 1.363111111e+00 1.722584356e+00 
1.350320773e+00 1.496000000e+00 1.870015337e+00 
1.392206861e+00 1.660888889e+00 1.884969325e+00 
1.135989880e+00 1.401777778e+00 1.694018405e+00 
1.296406735e+00 1.146222222e+00 1.375958589e+00 
1.203939640e+00 1.181777778e+00 1.497315951e+00 
1.155386886e+00 1.417333333e+00 1.708588957e+00 
1.237171772e+00 1.173777778e+00 1.401457055e+00 
1.352449023e+00 1.576000000e+00 1.882860429e+00 
1.282973404e+00 1.527555556e+00 1.811157975e+00 
1.133158640e+00 1.185333333e+00 1.358320552e+00 
1.303334237e+00 1.463555556e+00 1.809049080e+00 
1.301848137e+00 1.532888889e+00 1.828796012e+00 
1.153740550e+00 1.446222222e+00 1.722584356e+00 
1.047980483e+00 1.267555556e+00 1.468558282e+00 
1.306044999e+00 1.161333333e+00 1.388803681e+00 
1.069546098e+00 1.384444444e+00 1.634777607e+00 
1.279539773e+00 1.330666667e+00 1.657592025e+00 
1.009337068e+00 1.242222222e+00 1.379026074e+00 
1.153790548e+00 1.319555556e+00 1.607553681e+00 
1.072136381e+00 1.307111111e+00 1.573811350e+00 
1.181470438e+00 1.246666667e+00 1.463573620e+00 
1.107677480e+00 1.274666667e+00 1.497315951e+00 
1.198216921e+00 1.234222222e+00 1.478527607e+00 
1.159362670e+00 1.272000000e+00 1.497315951e+00 
1.301045149e+00 1.362666667e+00 1.668519939e+00 
1.140327099e+00 1.389777778e+00 1.681365031e+00 
1.061775248e+00 1.184444444e+00 1.348542945e+00 
1.251227373e+00 1.239555556e+00 1.583780675e+00 
1.193518268e+00 1.295111111e+00 1.583780675e+00 
1.030902684e+00 1.359111111e+00 1.545245399e+00 
1.099183760e+00 1.281777778e+00 1.502300613e+00 
1.147616036e+00 1.204888889e+00 1.435007669e+00 
1.250022590e+00 1.124888889e+00 1.314992331e+00 
1.348784675e+00 1.328888889e+00 1.668519939e+00 
1.290352700e+00 1.287555556e+00 1.607553681e+00 
1.000000000e+00 1.138222222e+00 1.000000000e+00 
1.033432728e+00 1.231555556e+00 1.458780675e+00 
1.049948496e+00 1.204000000e+00 1.417561350e+00 
1.004046264e+00 1.081777778e+00 1.000000000e+00 
1.083581820e+00 1.300444444e+00 1.497315951e+00 
1.071714707e+00 1.149777778e+00 1.348542945e+00 
1.123339658e+00 1.321333333e+00 1.607553681e+00 
1.025611879e+00 1.230666667e+00 1.435007669e+00 
1.030842445e+00 1.308888889e+00 1.519746933e+00 
1.009276829e+00 1.192000000e+00 1.353527607e+00 
1.194301376e+00 1.379111111e+00 1.694018405e+00 
1.004046264e+00 1.093333333e+00 1.182323620e+00 
1.060269269e+00 1.363111111e+00 1.573811350e+00 
1.004046264e+00 1.113777778e+00 1.268788344e+00 
1.000000000e+00 1.149777778e+00 1.182323620e+00 
1.021565615e+00 1.287555556e+00 1.458780675e+00 
1.016987440e+00 1.239111111e+00 1.366372699e+00 
1.021033704e+00 1.182222222e+00 1.342599693e+00 
1.134001988e+00 1.218222222e+00 1.422354294e+00 
1.055450137e+00 1.026222222e+00 1.166219325e+00 
1.000000000e+00 1.170666667e+00 1.292561350e+00 
1.020511430e+00 1.000000000e+00 1.000000000e+00 
1.020511430e+00 1.009333333e+00 1.060966258e+00 
1.050149092e+00 1.032888889e+00 1.182323620e+00 
1.046213668e+00 1.048000000e+00 1.086464724e+00 
1.067136532e+00 1.101333333e+00 1.256134969e+00 

1.337971748e+00 1.554666667e+00 1.870015337e+00 
1.251227373e+00 1.239555556e+00 1.583780675e+00 
1.492515286e+00 1.474222222e+00 1.870015337e+00 
1.445749827e+00 1.551555556e+00 1.870015337e+00 
1.198216921e+00 1.234222222e+00 1.478527607e+00 
1.469413572e+00 1.528888889e+00 1.870015337e+00 
1.030902684e+00 1.359111111e+00 1.545245399e+00 
1.179080751e+00 1.395555556e+00 1.673312883e+00 
1.072136381e+00 1.307111111e+00 1.573811350e+00 
1.437667540e+00 1.383555556e+00 1.729486196e+00 
1.621939098e+00 1.510666667e+00 1.913535276e+00 
1.322640884e+00 1.452888889e+00 1.809049080e+00 
1.422186079e+00 1.370666667e+00 1.698811350e+00 
1.021033704e+00 1.182222222e+00 1.342599693e+00 
1.591699045e+00 1.562666667e+00 1.943826687e+00 
1.362007168e+00 1.608444444e+00 1.943826687e+00 
1.276166381e+00 1.575555556e+00 1.870015337e+00 
1.199672901e+00 1.426666667e+00 1.694018405e+00 
1.467184723e+00 1.383111111e+00 1.729486196e+00 
1.305623325e+00 1.384000000e+00 1.718558282e+00 
1.666877504e+00 1.428888889e+00 1.803297546e+00 
1.021565615e+00 1.287555556e+00 1.458780675e+00 
1.191711093e+00 1.447111111e+00 1.694018405e+00 
1.210445469e+00 1.399555556e+00 1.694018405e+00 
1.292732147e+00 1.617333333e+00 1.884969325e+00 
1.016987440e+00 1.239111111e+00 1.366372699e+00 
1.344296859e+00 1.334222222e+00 1.673312883e+00 
1.173338152e+00 1.421777778e+00 1.680023006e+00 
1.124122767e+00 1.457777778e+00 1.694018405e+00 
1.191711093e+00 1.456444444e+00 1.754984663e+00 
1.206891359e+00 1.584444444e+00 1.811157975e+00 
1.411162314e+00 1.507111111e+00 1.857361963e+00 
1.423601699e+00 1.499555556e+00 1.828796012e+00 
1.219240384e+00 1.512000000e+00 1.828796012e+00 
1.573506822e+00 1.379555556e+00 1.747124233e+00 
1.430980995e+00 1.461777778e+00 1.857361963e+00 
1.586940152e+00 1.542666667e+00 1.882860429e+00 
1.123339658e+00 1.321333333e+00 1.607553681e+00 
1.526520286e+00 1.358222222e+00 1.686157975e+00 
1.402367399e+00 1.539555556e+00 1.857361963e+00 
1.404234812e+00 1.372000000e+00 1.722584356e+00 
1.116683232e+00 1.341777778e+00 1.593558282e+00 
1.107677480e+00 1.274666667e+00 1.497315951e+00 
1.278666305e+00 1.377333333e+00 1.694018405e+00 
1.353935122e+00 1.326222222e+00 1.632093558e+00 
1.009276829e+00 1.192000000e+00 1.353527607e+00 
1.133399596e+00 1.479111111e+00 1.754984663e+00 
1.071514111e+00 1.300444444e+00 1.497315951e+00 
1.197313334e+00 1.410222222e+00 1.681365031e+00 
1.392277341e+00 1.386222222e+00 1.742331288e+00 
1.071514111e+00 1.320888889e+00 1.583780675e+00 
1.387046776e+00 1.308000000e+00 1.657592025e+00 
1.287943134e+00 1.398666667e+00 1.754984663e+00 
1.089906931e+00 1.260444444e+00 1.441334356e+00 
1.120749375e+00 1.398666667e+00 1.668519939e+00 
1.453630915e+00 1.289777778e+00 1.612346626e+00 
1.025611879e+00 1.230666667e+00 1.435007669e+00 
1.157354899e+00 1.353777778e+00 1.657592025e+00 
1.477425379e+00 1.367111111e+00 1.686157975e+00 
1.325923918e+00 1.368000000e+00 1.694018405e+00 
1.099183760e+00 1.281777778e+00 1.502300613e+00 
1.308635282e+00 1.330666667e+00 1.657592025e+00 
1.383000512e+00 1.364888889e+00 1.681365031e+00 
1.030842445e+00 1.308888889e+00 1.519746933e+00 
1.075780850e+00 1.353777778e+00 1.607553681e+00 
1.201771031e+00 1.416444444e+00 1.783550613e+00 
1.157836812e+00 1.242222222e+00 1.497315951e+00 
1.153790548e+00 1.319555556e+00 1.607553681e+00 
1.376103129e+00 1.367555556e+00 1.694018405e+00 
1.047980483e+00 1.267555556e+00 1.468558282e+00 
1.009337068e+00 1.242222222e+00 1.379026074e+00 
1.296406735e+00 1.146222222e+00 1.375958589e+00 
1.157836812e+00 1.262666667e+00 1.583780675e+00 
1.176711545e+00 1.204888889e+00 1.435007669e+00 
1.908316015e+00 2.000000000e+00 2.000000000e+00 
1.163067377e+00 1.340888889e+00 1.668519939e+00 
1.000000000e+00 1.149777778e+00 1.182323620e+00 
1.134001988e+00 1.218222222e+00 1.422354294e+00 
1.064967923e+00 1.336000000e+00 1.542369632e+00 
1.297310322e+00 1.312888889e+00 1.612346626e+00 
1.353633927e+00 1.328888889e+00 1.668519939e+00 
1.190988223e+00 1.231555556e+00 1.458780675e+00 
1.000000000e+00 1.170666667e+00 1.292561350e+00 
1.157555495e+00 1.182666667e+00 1.422354294e+00 
1.295201952e+00 1.287555556e+00 1.607553681e+00 
1.049948496e+00 1.204000000e+00 1.417561350e+00 
1.004046264e+00 1.081777778e+00 1.000000000e+00 
1.306044999e+00 1.161333333e+00 1.388803681e+00 
1.004046264e+00 1.113777778e+00 1.268788344e+00 
1.000000000e+00 1.138222222e+00 1.000000000e+00 
1.355561579e+00 1.227111111e+00 1.571127301e+00 
1.161169844e+00 1.176444444e+00 1.392062883e+00 
1.071714707e+00 1.149777778e+00 1.348542945e+00 
1.004046264e+00 1.093333333e+00 1.182323620e+00 
1.061775248e+00 1.184444444e+00 1.348542945e+00 
1.237171772e+00 1.173777778e+00 1.401457055e+00 
1.250022590e+00 1.124888889e+00 1.314992331e+00 
1.067136532e+00 1.101333333e+00 1.256134969e+00 
1.055450137e+00 1.026222222e+00 1.166219325e+00 
1.203939640e+00 1.181777778e+00 1.497315951e+00 
1.020511430e+00 1.000000000e+00 1.000000000e+00 
1.020511430e+00 1.009333333e+00 1.060966258e+00 
1.046213668e+00 1.048000000e+00 1.086464724e+00 
1.050149092e+00 1.032888889e+00 1.182323620e+00 

1.066935936e+00 1.272444444e+00 1.491372699e+00 
1.161169844e+00 1.176444444e+00 1.392062883e+00 
1.193518268e+00 1.295111111e+00 1.583780675e+00 
1.433029126e+00 1.485333333e+00 1.870015337e+00 
1.591458089e+00 1.452000000e+00 1.815950920e+00 
1.545917292e+00 1.371111111e+00 1.729486196e+00 
1.578446432e+00 1.453333333e+00 1.839723926e+00 
1.294720039e+00 1.418666667e+00 1.722584356e+00 
1.117677178e+00 1.388000000e+00 1.660276074e+00 
1.604409506e+00 1.605777778e+00 1.943826687e+00 
1.415800729e+00 1.495555556e+00 1.857361963e+00 
1.252311677e+00 1.263555556e+00 1.508819018e+00 
1.588084696e+00 1.661333333e+00 1.939033742e+00 
1.489473209e+00 1.593333333e+00 1.884969325e+00 
1.237171772e+00 1.173777778e+00 1.401457055e+00 
1.315201349e+00 1.416000000e+00 1.718558282e+00 
1.468570224e+00 1.403111111e+00 1.759777607e+00 
1.555013403e+00 1.664000000e+00 1.943826687e+00 
1.577241649e+00 1.417333333e+00 1.796395706e+00 
1.547182314e+00 1.600444444e+00 1.926188650e+00 
1.153790548e+00 1.319555556e+00 1.607553681e+00 
1.263094485e+00 1.356000000e+00 1.629984663e+00 
1.465799223e+00 1.335555556e+00 1.686157975e+00 
1.245022740e+00 1.371555556e+00 1.634777607e+00 
1.357368754e+00 1.454222222e+00 1.796395706e+00 
1.252733351e+00 1.411111111e+00 1.694018405e+00 
1.268214813e+00 1.288444444e+00 1.583780675e+00 
1.252733351e+00 1.400000000e+00 1.668519939e+00 
1.359778320e+00 1.443555556e+00 1.809049080e+00 
1.345079967e+00 1.262666667e+00 1.583780675e+00 
1.321677058e+00 1.400888889e+00 1.694018405e+00 
1.387488329e+00 1.404444444e+00 1.783550613e+00 
1.424836601e+00 1.351111111e+00 1.668519939e+00 
1.268214813e+00 1.308000000e+00 1.657592025e+00 
1.843980603e+00 1.575111111e+00 1.913535276e+00 
1.329056354e+00 1.363111111e+00 1.722584356e+00 
1.376042890e+00 1.289777778e+00 1.612346626e+00 
1.290352700e+00 1.287555556e+00 1.607553681e+00 
1.115036896e+00 1.370666667e+00 1.607553681e+00 
1.047980483e+00 1.267555556e+00 1.468558282e+00 
1.324317340e+00 1.642666667e+00 1.882860429e+00 
1.305442607e+00 1.478222222e+00 1.778757669e+00 
1.282973404e+00 1.527555556e+00 1.811157975e+00 
1.355742297e+00 1.474666667e+00 1.796395706e+00 
1.499593386e+00 1.541333333e+00 1.882860429e+00 
1.305442607e+00 1.637333333e+00 1.865222393e+00 
1.325743201e+00 1.586222222e+00 1.824003067e+00 
1.382127044e+00 1.599555556e+00 1.882860429e+00 
1.211288817e+00 1.447555556e+00 1.767829755e+00 
1.067136532e+00 1.101333333e+00 1.256134969e+00 
1.460739134e+00 1.598666667e+00 1.882860429e+00 
1.099183760e+00 1.281777778e+00 1.502300613e+00 
1.009337068e+00 1.242222222e+00 1.379026074e+00 
1.157555495e+00 1.182666667e+00 1.422354294e+00 
1.072216500e+00 1.432444444e+00 1.612346626e+00 
1.134001988e+00 1.218222222e+00 1.422354294e+00 
1.072136381e+00 1.307111111e+00 1.573811350e+00 
1.363995060e+00 1.436000000e+00 1.767829755e+00 
1.380560826e+00 1.603111111e+00 1.926188650e+00 
1.298635583e+00 1.366666667e+00 1.681365031e+00 
1.107075088e+00 1.380000000e+00 1.619056748e+00 
1.223818560e+00 1.368888889e+00 1.612346626e+00 
1.288876841e+00 1.250222222e+00 1.571127301e+00 
1.212704437e+00 1.411555556e+00 1.694018405e+00 
1.251408090e+00 1.487111111e+00 1.809049080e+00 
1.091794223e+00 1.408444444e+00 1.612346626e+00 
1.123339658e+00 1.321333333e+00 1.607553681e+00 
1.147616036e+00 1.204888889e+00 1.435007669e+00 
1.464293244e+00 1.683111111e+00 1.939033742e+00 
1.296406735e+00 1.146222222e+00 1.375958589e+00 
1.164603476e+00 1.273333333e+00 1.508819018e+00 
1.268214813e+00 1.287555556e+00 1.571127301e+00 
1.306044999e+00 1.161333333e+00 1.388803681e+00 
1.114484503e+00 1.429333333e+00 1.722584356e+00 
1.542905334e+00 1.682222222e+00 1.939033742e+00 
1.021033704e+00 1.182222222e+00 1.342599693e+00 
1.689768380e+00 1.596888889e+00 1.889762270e+00 
1.355561579e+00 1.227111111e+00 1.571127301e+00 
1.333574290e+00 1.570666667e+00 1.865222393e+00 
1.111472546e+00 1.377333333e+00 1.607553681e+00 
1.181470438e+00 1.246666667e+00 1.463573620e+00 
1.069546098e+00 1.375111111e+00 1.573811350e+00 
1.378572935e+00 1.506222222e+00 1.870015337e+00 
1.159362670e+00 1.272000000e+00 1.497315951e+00 
1.030842445e+00 1.308888889e+00 1.519746933e+00 
1.025611879e+00 1.230666667e+00 1.435007669e+00 
1.071514111e+00 1.300444444e+00 1.497315951e+00 
1.049948496e+00 1.204000000e+00 1.417561350e+00 
1.004046264e+00 1.113777778e+00 1.268788344e+00 
1.250022590e+00 1.124888889e+00 1.314992331e+00 
1.061775248e+00 1.184444444e+00 1.348542945e+00 
1.071714707e+00 1.149777778e+00 1.348542945e+00 
1.000000000e+00 1.138222222e+00 1.000000000e+00 
1.033432728e+00 1.231555556e+00 1.458780675e+00 
1.004046264e+00 1.081777778e+00 1.000000000e+00 
1.021565615e+00 1.287555556e+00 1.458780675e+00 
1.020511430e+00 1.009333333e+00 1.060966258e+00 
1.000000000e+00 1.170666667e+00 1.292561350e+00 
1.268094335e+00 1.293333333e+00 1.558282209e+00 
1.203939640e+00 1.181777778e+00 1.497315951e+00 
1.009276829e+00 1.192000000e+00 1.353527607e+00 
1.004046264e+00 1.093333333e+00 1.182323620e+00 
1.046213668e+00 1.048000000e+00 1.086464724e+00 
1.000000000e+00 1.149777778e+00 1.182323620e+00 
1.020511430e+00 1.000000000e+00 1.000000000e+00 
1.050149092e+00 1.032888889e+00 1.182323620e+00 
1.055450137e+00 1.026222222e+00 1.166219325e+00 

1.413973675e+00 1.578222222e+00 1.882860429e+00 
1.518970513e+00 1.452888889e+00 1.809049080e+00 
1.704828168e+00 1.707111111e+00 1.943826687e+00 
1.352730339e+00 1.587111111e+00 1.882860429e+00 
1.069546098e+00 1.384444444e+00 1.634777607e+00 
1.133399596e+00 1.479111111e+00 1.754984663e+00 
1.163067377e+00 1.340888889e+00 1.668519939e+00 
1.151380983e+00 1.396000000e+00 1.647622699e+00 
1.047980483e+00 1.267555556e+00 1.468558282e+00 
1.099183760e+00 1.281777778e+00 1.502300613e+00 
1.206590163e+00 1.431555556e+00 1.742331288e+00 
1.395500136e+00 1.523111111e+00 1.828796012e+00 
1.030842445e+00 1.308888889e+00 1.519746933e+00 
1.116683232e+00 1.341777778e+00 1.593558282e+00 
1.325923918e+00 1.368000000e+00 1.694018405e+00 
1.383452306e+00 1.569777778e+00 1.828796012e+00 
1.061775248e+00 1.184444444e+00 1.348542945e+00 
1.209963555e+00 1.490666667e+00 1.767829755e+00 
1.439655432e+00 1.444888889e+00 1.767829755e+00 
1.217794645e+00 1.481777778e+00 1.767829755e+00 
1.308635282e+00 1.330666667e+00 1.657592025e+00 
1.253034547e+00 1.146222222e+00 1.375958589e+00 
1.370450890e+00 1.487555556e+00 1.809049080e+00 
1.266889552e+00 1.554222222e+00 1.809049080e+00 
1.650010542e+00 1.440444444e+00 1.796395706e+00 
1.197765128e+00 1.395111111e+00 1.722584356e+00 
1.540977681e+00 1.356000000e+00 1.681365031e+00 
1.309759947e+00 1.574666667e+00 1.811157975e+00 
1.454514623e+00 1.403111111e+00 1.759777607e+00 
1.451823740e+00 1.672888889e+00 1.926188650e+00 
1.278666305e+00 1.377333333e+00 1.694018405e+00 
1.543387247e+00 1.335555556e+00 1.686157975e+00 
1.290352700e+00 1.287555556e+00 1.607553681e+00 
1.353212253e+00 1.496000000e+00 1.809049080e+00 
1.065540195e+00 1.363111111e+00 1.573811350e+00 
1.407246770e+00 1.565777778e+00 1.870015337e+00 
1.058060299e+00 1.413777778e+00 1.550038344e+00 
1.587644950e+00 1.424888889e+00 1.772622699e+00 
1.586157043e+00 1.366666667e+00 1.688266871e+00 
1.526520286e+00 1.358222222e+00 1.686157975e+00 
1.348162405e+00 1.476000000e+00 1.754984663e+00 
1.161169844e+00 1.176444444e+00 1.392062883e+00 
1.111452667e+00 1.263555556e+00 1.508819018e+00 
1.157555495e+00 1.182666667e+00 1.422354294e+00 
1.021565615e+00 1.287555556e+00 1.458780675e+00 
1.407528087e+00 1.370666667e+00 1.698811350e+00 
1.107677480e+00 1.274666667e+00 1.497315951e+00 
1.376103129e+00 1.367555556e+00 1.694018405e+00 
1.147616036e+00 1.204888889e+00 1.435007669e+00 
1.509532845e+00 1.436000000e+00 1.767829755e+00 
1.328132888e+00 1.545333333e+00 1.809049080e+00 
1.565597422e+00 1.495555556e+00 1.815950920e+00 
1.387046776e+00 1.308000000e+00 1.657592025e+00 
1.436683835e+00 1.528444444e+00 1.870015337e+00 
1.080750580e+00 1.434666667e+00 1.660276074e+00 
1.542706545e+00 1.499555556e+00 1.828796012e+00 
1.399114485e+00 1.358666667e+00 1.686157975e+00 
1.120749375e+00 1.398666667e+00 1.668519939e+00 
1.030902684e+00 1.359111111e+00 1.545245399e+00 
1.433149604e+00 1.227111111e+00 1.571127301e+00 
1.157354899e+00 1.353777778e+00 1.657592025e+00 
1.434876660e+00 1.545777778e+00 1.882860429e+00 
1.025611879e+00 1.230666667e+00 1.435007669e+00 
1.066935936e+00 1.272444444e+00 1.491372699e+00 
1.319297612e+00 1.545777778e+00 1.809049080e+00 
1.453630915e+00 1.289777778e+00 1.612346626e+00 
1.163127617e+00 1.391111111e+00 1.694018405e+00 
1.597524171e+00 1.503555556e+00 1.865222393e+00 
1.297310322e+00 1.312888889e+00 1.612346626e+00 
1.123339658e+00 1.321333333e+00 1.607553681e+00 
1.131953857e+00 1.448888889e+00 1.694018405e+00 
1.124122767e+00 1.457777778e+00 1.694018405e+00 
1.406564260e+00 1.454666667e+00 1.809049080e+00 
1.306044999e+00 1.161333333e+00 1.388803681e+00 
1.157836812e+00 1.242222222e+00 1.497315951e+00 
1.049948496e+00 1.204000000e+00 1.417561350e+00 
1.386534743e+00 1.476444444e+00 1.809049080e+00 
1.115067016e+00 1.257333333e+00 1.478527607e+00 
1.157836812e+00 1.262666667e+00 1.583780675e+00 
1.363192073e+00 1.394222222e+00 1.698811350e+00 
1.251227373e+00 1.239555556e+00 1.583780675e+00 
1.237171772e+00 1.173777778e+00 1.401457055e+00 
1.153790548e+00 1.319555556e+00 1.607553681e+00 
1.025611879e+00 1.210222222e+00 1.348542945e+00 
1.071514111e+00 1.320888889e+00 1.583780675e+00 
1.016987440e+00 1.239111111e+00 1.366372699e+00 
1.004046264e+00 1.113777778e+00 1.268788344e+00 
1.356947080e+00 1.321333333e+00 1.614455521e+00 
1.071714707e+00 1.149777778e+00 1.348542945e+00 
1.016013373e+00 1.225333333e+00 1.297354294e+00 
1.399385561e+00 1.372000000e+00 1.722584356e+00 
1.021033704e+00 1.182222222e+00 1.342599693e+00 
1.009337068e+00 1.242222222e+00 1.379026074e+00 
1.050420168e+00 1.300000000e+00 1.532592025e+00 
1.075780850e+00 1.353777778e+00 1.607553681e+00 
1.077738622e+00 1.192000000e+00 1.353527607e+00 
1.000000000e+00 1.170666667e+00 1.292561350e+00 
1.134001988e+00 1.218222222e+00 1.422354294e+00 
1.033432728e+00 1.231555556e+00 1.458780675e+00 
1.067136532e+00 1.101333333e+00 1.256134969e+00 
1.203939640e+00 1.181777778e+00 1.497315951e+00 
1.072136381e+00 1.307111111e+00 1.573811350e+00 
1.004046264e+00 1.093333333e+00 1.182323620e+00 
1.004046264e+00 1.081777778e+00 1.000000000e+00 
1.020511430e+00 1.009333333e+00 1.060966258e+00 
1.046213668e+00 1.048000000e+00 1.086464724e+00 
1.250022590e+00 1.124888889e+00 1.314992331e+00 
1.000000000e+00 1.149777778e+00 1.182323620e+00 
1.000000000e+00 1.138222222e+00 1.000000000e+00 
1.133158640e+00 1.185333333e+00 1.358320552e+00 
1.020511430e+00 1.000000000e+00 1.000000000e+00 
1.055450137e+00 1.026222222e+00 1.166219325e+00 
1.050149092e+00 1.032888889e+00 1.182323620e+00 

1.479533749e+00 1.528000000e+00 1.857361963e+00 
1.135989880e+00 1.401777778e+00 1.694018405e+00 
1.061775248e+00 1.184444444e+00 1.348542945e+00 
1.117677178e+00 1.388000000e+00 1.660276074e+00 
1.030842445e+00 1.308888889e+00 1.519746933e+00 
1.654829674e+00 1.417333333e+00 1.796395706e+00 
1.648926237e+00 1.695555556e+00 1.939033742e+00 
1.226408843e+00 1.510666667e+00 1.809049080e+00 
1.192494202e+00 1.395111111e+00 1.722584356e+00 
1.111452667e+00 1.263555556e+00 1.508819018e+00 
1.475015813e+00 1.528444444e+00 1.857361963e+00 
1.168097346e+00 1.533333333e+00 1.809049080e+00 
1.030902684e+00 1.359111111e+00 1.545245399e+00 
1.075780850e+00 1.353777778e+00 1.607553681e+00 
1.290352700e+00 1.287555556e+00 1.607553681e+00 
1.123339658e+00 1.321333333e+00 1.607553681e+00 
1.016987440e+00 1.239111111e+00 1.366372699e+00 
1.355561579e+00 1.227111111e+00 1.571127301e+00 
1.547332912e+00 1.498666667e+00 1.882860429e+00 
1.630131623e+00 1.634222222e+00 1.913535276e+00 
1.163067377e+00 1.340888889e+00 1.668519939e+00 
1.404234812e+00 1.372000000e+00 1.722584356e+00 
1.253034547e+00 1.146222222e+00 1.375958589e+00 
1.422005361e+00 1.522222222e+00 1.839723926e+00 
1.344296859e+00 1.334222222e+00 1.673312883e+00 
1.419294600e+00 1.523111111e+00 1.839723926e+00 
1.526520286e+00 1.358222222e+00 1.686157975e+00 
1.021033704e+00 1.182222222e+00 1.342599693e+00 
1.167394356e+00 1.452444444e+00 1.722584356e+00 
1.453630915e+00 1.289777778e+00 1.612346626e+00 
1.543387247e+00 1.335555556e+00 1.686157975e+00 
1.375199542e+00 1.540444444e+00 1.870015337e+00 
1.383000512e+00 1.364888889e+00 1.681365031e+00 
1.131953857e+00 1.448888889e+00 1.694018405e+00 
1.241287913e+00 1.485777778e+00 1.796395706e+00 
1.072216500e+00 1.432444444e+00 1.612346626e+00 
1.060269269e+00 1.363111111e+00 1.573811350e+00 
1.422457155e+00 1.440888889e+00 1.796395706e+00 
1.376103129e+00 1.367555556e+00 1.694018405e+00 
1.540977681e+00 1.356000000e+00 1.681365031e+00 
1.009276829e+00 1.192000000e+00 1.353527607e+00 
1.367639529e+00 1.416444444e+00 1.783550613e+00 
1.407528087e+00 1.370666667e+00 1.698811350e+00 
1.124122767e+00 1.457777778e+00 1.694018405e+00 
1.519472305e+00 1.486222222e+00 1.828796012e+00 
1.147616036e+00 1.204888889e+00 1.435007669e+00 
1.133158640e+00 1.185333333e+00 1.358320552e+00 
1.025611879e+00 1.230666667e+00 1.435007669e+00 
1.155447125e+00 1.452888889e+00 1.722584356e+00 
1.278666305e+00 1.377333333e+00 1.694018405e+00 
1.426975091e+00 1.440444444e+00 1.796395706e+00 
1.021565615e+00 1.287555556e+00 1.458780675e+00 
1.157555495e+00 1.182666667e+00 1.422354294e+00 
1.033432728e+00 1.231555556e+00 1.458780675e+00 
1.284660101e+00 1.582222222e+00 1.865222393e+00 
1.100328303e+00 1.432000000e+00 1.612346626e+00 
1.770410530e+00 1.596000000e+00 1.889762270e+00 
1.308635282e+00 1.330666667e+00 1.657592025e+00 
1.049948496e+00 1.204000000e+00 1.417561350e+00 
1.254420048e+00 1.475111111e+00 1.809049080e+00 
1.327911810e+00 1.580444444e+00 1.865222393e+00 
1.682660161e+00 1.477777778e+00 1.852569018e+00 
1.325923918e+00 1.368000000e+00 1.694018405e+00 
1.399114485e+00 1.358666667e+00 1.686157975e+00 
1.350953285e+00 1.544000000e+00 1.882860429e+00 
1.134001988e+00 1.218222222e+00 1.422354294e+00 
1.153790548e+00 1.319555556e+00 1.607553681e+00 
1.067136532e+00 1.101333333e+00 1.256134969e+00 
1.250323785e+00 1.482666667e+00 1.783550613e+00 
1.505436583e+00 1.443555556e+00 1.809049080e+00 
1.522002349e+00 1.407555556e+00 1.742331288e+00 
1.784223367e+00 1.572888889e+00 1.889762270e+00 
1.157836812e+00 1.242222222e+00 1.497315951e+00 
1.646878106e+00 1.465333333e+00 1.828796012e+00 
1.004046264e+00 1.113777778e+00 1.268788344e+00 
1.107677480e+00 1.274666667e+00 1.497315951e+00 
1.009337068e+00 1.242222222e+00 1.379026074e+00 
1.004046264e+00 1.081777778e+00 1.000000000e+00 
1.071514111e+00 1.320888889e+00 1.583780675e+00 
1.322640884e+00 1.452888889e+00 1.809049080e+00 
1.071714707e+00 1.149777778e+00 1.348542945e+00 
1.297310322e+00 1.312888889e+00 1.612346626e+00 
1.161169844e+00 1.176444444e+00 1.392062883e+00 
1.163127617e+00 1.391111111e+00 1.694018405e+00 
1.000000000e+00 1.138222222e+00 1.000000000e+00 
1.387046776e+00 1.308000000e+00 1.657592025e+00 
1.306044999e+00 1.161333333e+00 1.388803681e+00 
1.250022590e+00 1.124888889e+00 1.314992331e+00 
1.071514111e+00 1.300444444e+00 1.497315951e+00 
1.203939640e+00 1.181777778e+00 1.497315951e+00 
1.157836812e+00 1.262666667e+00 1.583780675e+00 
1.020511430e+00 1.009333333e+00 1.060966258e+00 
1.000000000e+00 1.149777778e+00 1.182323620e+00 
1.237171772e+00 1.173777778e+00 1.401457055e+00 
1.020511430e+00 1.000000000e+00 1.000000000e+00 
1.280322882e+00 1.239555556e+00 1.583780675e+00 
1.000000000e+00 1.170666667e+00 1.292561350e+00 
1.055450137e+00 1.026222222e+00 1.166219325e+00 
1.050149092e+00 1.032888889e+00 1.182323620e+00 
1.004046264e+00 1.093333333e+00 1.182323620e+00 
1.046213668e+00 1.048000000e+00 1.086464724e+00 

1.424294449e+00 1.551555556e+00 1.870015337e+00 
1.021565615e+00 1.287555556e+00 1.458780675e+00 
1.503027017e+00 1.484444444e+00 1.870015337e+00 
1.283575796e+00 1.368000000e+00 1.694018405e+00 
1.618686184e+00 1.590666667e+00 1.939033742e+00 
1.699376525e+00 1.542666667e+00 1.913535276e+00 
1.203939640e+00 1.181777778e+00 1.497315951e+00 
1.618505467e+00 1.591555556e+00 1.939033742e+00 
1.251408090e+00 1.487111111e+00 1.809049080e+00 
1.562663775e+00 1.461777778e+00 1.857361963e+00 
1.021033704e+00 1.182222222e+00 1.342599693e+00 
1.539742779e+00 1.453777778e+00 1.839723926e+00 
1.077738622e+00 1.192000000e+00 1.353527607e+00 
1.625282371e+00 1.595555556e+00 1.943826687e+00 
1.135989880e+00 1.401777778e+00 1.694018405e+00 
1.107677480e+00 1.274666667e+00 1.497315951e+00 
1.498027168e+00 1.636888889e+00 1.939033742e+00 
1.464293244e+00 1.683111111e+00 1.939033742e+00 
1.209481642e+00 1.507111111e+00 1.750191718e+00 
1.612632150e+00 1.629333333e+00 1.943826687e+00 
1.411282793e+00 1.589333333e+00 1.926188650e+00 
1.252733351e+00 1.420444444e+00 1.754984663e+00 
1.474684497e+00 1.495555556e+00 1.857361963e+00 
1.359778320e+00 1.443555556e+00 1.809049080e+00 
1.298635583e+00 1.366666667e+00 1.681365031e+00 
1.305442607e+00 1.478222222e+00 1.778757669e+00 
1.134001988e+00 1.218222222e+00 1.422354294e+00 
1.030842445e+00 1.308888889e+00 1.519746933e+00 
1.380560826e+00 1.603111111e+00 1.926188650e+00 
1.300342158e+00 1.352000000e+00 1.657592025e+00 
1.529231047e+00 1.602666667e+00 1.939033742e+00 
1.306366073e+00 1.342222222e+00 1.612346626e+00 
1.357368754e+00 1.454222222e+00 1.796395706e+00 
1.282973404e+00 1.527555556e+00 1.811157975e+00 
1.545917292e+00 1.371111111e+00 1.729486196e+00 
1.305442607e+00 1.637333333e+00 1.865222393e+00 
1.306466673e+00 1.524888889e+00 1.865222393e+00 
1.025611879e+00 1.210222222e+00 1.348542945e+00 
1.465799223e+00 1.335555556e+00 1.686157975e+00 
1.387488329e+00 1.404444444e+00 1.783550613e+00 
1.622300533e+00 1.555111111e+00 1.926188650e+00 
1.194301376e+00 1.379111111e+00 1.694018405e+00 
1.524110720e+00 1.780000000e+00 2.000000000e+00 
1.237171772e+00 1.173777778e+00 1.401457055e+00 
1.072216500e+00 1.432444444e+00 1.612346626e+00 
1.355742297e+00 1.474666667e+00 1.796395706e+00 
1.604228788e+00 1.663555556e+00 1.943826687e+00 
1.302028855e+00 1.631111111e+00 1.828796012e+00 
1.016013373e+00 1.225333333e+00 1.297354294e+00 
1.181470438e+00 1.246666667e+00 1.463573620e+00 
1.072136381e+00 1.307111111e+00 1.573811350e+00 
1.306044999e+00 1.161333333e+00 1.388803681e+00 
1.224541429e+00 1.486222222e+00 1.750191718e+00 
1.329056354e+00 1.363111111e+00 1.722584356e+00 
1.419294600e+00 1.715555556e+00 1.939033742e+00 
1.016987440e+00 1.239111111e+00 1.366372699e+00 
1.091794223e+00 1.408444444e+00 1.612346626e+00 
1.290352700e+00 1.287555556e+00 1.607553681e+00 
1.223818560e+00 1.368888889e+00 1.612346626e+00 
1.071714707e+00 1.149777778e+00 1.348542945e+00 
1.067136532e+00 1.101333333e+00 1.256134969e+00 
1.114484503e+00 1.429333333e+00 1.722584356e+00 
1.051685190e+00 1.364444444e+00 1.527799080e+00 
1.516400108e+00 1.371555556e+00 1.729486196e+00 
1.423029427e+00 1.322222222e+00 1.673312883e+00 
1.198216921e+00 1.234222222e+00 1.478527607e+00 
1.205927532e+00 1.539111111e+00 1.750191718e+00 
1.083581820e+00 1.300444444e+00 1.497315951e+00 
1.025611879e+00 1.230666667e+00 1.435007669e+00 
1.604048071e+00 1.684888889e+00 1.943826687e+00 
1.348784675e+00 1.328888889e+00 1.668519939e+00 
1.061775248e+00 1.184444444e+00 1.348542945e+00 
1.181550556e+00 1.546222222e+00 1.767829755e+00 
1.355561579e+00 1.227111111e+00 1.571127301e+00 
1.161169844e+00 1.176444444e+00 1.392062883e+00 
1.157555495e+00 1.182666667e+00 1.422354294e+00 
1.117677178e+00 1.388000000e+00 1.660276074e+00 
1.123339658e+00 1.321333333e+00 1.607553681e+00 
1.350501491e+00 1.594222222e+00 1.870015337e+00 
1.049446101e+00 1.286222222e+00 1.463573620e+00 
1.009337068e+00 1.242222222e+00 1.379026074e+00 
1.263094485e+00 1.356000000e+00 1.629984663e+00 
1.075780850e+00 1.353777778e+00 1.607553681e+00 
1.281467426e+00 1.346666667e+00 1.639953988e+00 
1.250022590e+00 1.124888889e+00 1.314992331e+00 
1.245022740e+00 1.371555556e+00 1.634777607e+00 
1.162675823e+00 1.540888889e+00 1.750191718e+00 
1.376042890e+00 1.289777778e+00 1.612346626e+00 
1.049948496e+00 1.204000000e+00 1.417561350e+00 
1.033432728e+00 1.231555556e+00 1.458780675e+00 
1.147616036e+00 1.204888889e+00 1.435007669e+00 
1.157836812e+00 1.262666667e+00 1.583780675e+00 
1.000000000e+00 1.138222222e+00 1.000000000e+00 
1.004046264e+00 1.081777778e+00 1.000000000e+00 
1.000000000e+00 1.170666667e+00 1.292561350e+00 
1.253034547e+00 1.146222222e+00 1.375958589e+00 
1.004046264e+00 1.093333333e+00 1.182323620e+00 
1.301045149e+00 1.362666667e+00 1.668519939e+00 
1.251227373e+00 1.239555556e+00 1.583780675e+00 
1.004046264e+00 1.113777778e+00 1.268788344e+00 
1.000000000e+00 1.149777778e+00 1.182323620e+00 
1.020511430e+00 1.009333333e+00 1.060966258e+00 
1.046213668e+00 1.048000000e+00 1.086464724e+00 
1.055450137e+00 1.026222222e+00 1.166219325e+00 
1.050149092e+00 1.032888889e+00 1.182323620e+00 
1.020511430e+00 1.000000000e+00 1.000000000e+00 

1.451221349e+00 1.404444444e+00 1.783550613e+00 
1.303273998e+00 1.529777778e+00 1.870015337e+00 
1.392729135e+00 1.465333333e+00 1.839723926e+00 
1.485135990e+00 1.452000000e+00 1.809049080e+00 
1.308635282e+00 1.330666667e+00 1.657592025e+00 
1.467184723e+00 1.383111111e+00 1.729486196e+00 
1.107677480e+00 1.274666667e+00 1.497315951e+00 
1.066935936e+00 1.272444444e+00 1.491372699e+00 
1.404435409e+00 1.364888889e+00 1.681365031e+00 
1.353633927e+00 1.328888889e+00 1.668519939e+00 
1.376103129e+00 1.367555556e+00 1.694018405e+00 
1.493991145e+00 1.417777778e+00 1.796395706e+00 
1.047980483e+00 1.267555556e+00 1.468558282e+00 
1.325923918e+00 1.368000000e+00 1.694018405e+00 
1.404234812e+00 1.372000000e+00 1.722584356e+00 
1.326646788e+00 1.474222222e+00 1.870015337e+00 
1.072136381e+00 1.307111111e+00 1.573811350e+00 
1.413752598e+00 1.308000000e+00 1.657592025e+00 
1.072216500e+00 1.432444444e+00 1.612346626e+00 
1.201771031e+00 1.407111111e+00 1.722584356e+00 
1.430980995e+00 1.461777778e+00 1.857361963e+00 
1.253034547e+00 1.146222222e+00 1.375958589e+00 
1.469172615e+00 1.392000000e+00 1.759777607e+00 
1.437667540e+00 1.383555556e+00 1.729486196e+00 
1.251408090e+00 1.487111111e+00 1.809049080e+00 
1.066433541e+00 1.354666667e+00 1.537384969e+00 
1.201771031e+00 1.416444444e+00 1.783550613e+00 
1.573506822e+00 1.379555556e+00 1.747124233e+00 
1.506761845e+00 1.532444444e+00 1.882860429e+00 
1.337851270e+00 1.630222222e+00 1.943826687e+00 
1.061775248e+00 1.184444444e+00 1.348542945e+00 
1.090328605e+00 1.389777778e+00 1.617331288e+00 
1.135989880e+00 1.401777778e+00 1.694018405e+00 
1.021033704e+00 1.182222222e+00 1.342599693e+00 
1.344296859e+00 1.334222222e+00 1.673312883e+00 
1.422186079e+00 1.370666667e+00 1.698811350e+00 
1.652540586e+00 1.604888889e+00 1.884969325e+00 
1.295744104e+00 1.566666667e+00 1.882860429e+00 
1.392277341e+00 1.386222222e+00 1.742331288e+00 
1.287943134e+00 1.398666667e+00 1.754984663e+00 
1.114484503e+00 1.429333333e+00 1.722584356e+00 
1.280322882e+00 1.239555556e+00 1.583780675e+00 
1.140327099e+00 1.389777778e+00 1.681365031e+00 
1.295201952e+00 1.287555556e+00 1.607553681e+00 
1.075780850e+00 1.353777778e+00 1.607553681e+00 
1.107075088e+00 1.380000000e+00 1.619056748e+00 
1.157836812e+00 1.242222222e+00 1.497315951e+00 
1.030902684e+00 1.359111111e+00 1.545245399e+00 
1.254420048e+00 1.475111111e+00 1.809049080e+00 
1.133399596e+00 1.479111111e+00 1.754984663e+00 
1.477425379e+00 1.367111111e+00 1.686157975e+00 
1.009337068e+00 1.242222222e+00 1.379026074e+00 
1.433149604e+00 1.227111111e+00 1.571127301e+00 
1.071514111e+00 1.320888889e+00 1.583780675e+00 
1.540977681e+00 1.356000000e+00 1.681365031e+00 
1.210445469e+00 1.399555556e+00 1.694018405e+00 
1.071514111e+00 1.300444444e+00 1.497315951e+00 
1.120749375e+00 1.398666667e+00 1.668519939e+00 
1.237171772e+00 1.173777778e+00 1.401457055e+00 
1.161169844e+00 1.176444444e+00 1.392062883e+00 
1.440679498e+00 1.449333333e+00 1.796395706e+00 
1.163067377e+00 1.340888889e+00 1.668519939e+00 
1.025611879e+00 1.230666667e+00 1.435007669e+00 
1.453630915e+00 1.289777778e+00 1.612346626e+00 
1.016987440e+00 1.239111111e+00 1.366372699e+00 
1.147616036e+00 1.204888889e+00 1.435007669e+00 
1.538568115e+00 1.358222222e+00 1.686157975e+00 
1.157836812e+00 1.262666667e+00 1.583780675e+00 
1.049948496e+00 1.204000000e+00 1.417561350e+00 
1.306044999e+00 1.161333333e+00 1.388803681e+00 
1.157555495e+00 1.182666667e+00 1.422354294e+00 
1.297310322e+00 1.312888889e+00 1.612346626e+00 
1.123339658e+00 1.321333333e+00 1.607553681e+00 
1.030842445e+00 1.308888889e+00 1.519746933e+00 
1.021565615e+00 1.287555556e+00 1.458780675e+00 
1.153790548e+00 1.319555556e+00 1.607553681e+00 
1.065540195e+00 1.363111111e+00 1.573811350e+00 
1.033432728e+00 1.231555556e+00 1.458780675e+00 
1.004046264e+00 1.113777778e+00 1.268788344e+00 
1.133158640e+00 1.185333333e+00 1.358320552e+00 
1.004046264e+00 1.081777778e+00 1.000000000e+00 
1.004046264e+00 1.093333333e+00 1.182323620e+00 
1.099183760e+00 1.281777778e+00 1.502300613e+00 
1.000000000e+00 1.170666667e+00 1.292561350e+00 
1.000000000e+00 1.149777778e+00 1.182323620e+00 
1.134001988e+00 1.218222222e+00 1.422354294e+00 
1.071714707e+00 1.149777778e+00 1.348542945e+00 
1.046213668e+00 1.048000000e+00 1.086464724e+00 
1.203939640e+00 1.181777778e+00 1.497315951e+00 
1.020511430e+00 1.000000000e+00 1.000000000e+00 
1.050149092e+00 1.032888889e+00 1.182323620e+00 
1.250022590e+00 1.124888889e+00 1.314992331e+00 
1.067136532e+00 1.101333333e+00 1.256134969e+00 
1.000000000e+00 1.138222222e+00 1.000000000e+00 
1.009276829e+00 1.192000000e+00 1.353527607e+00 
1.020511430e+00 1.009333333e+00 1.060966258e+00 
1.055450137e+00 1.026222222e+00 1.166219325e+00 
