1.368817787e+00 1.824533333e+00 1.920172600e+00 
1.257104121e+00 1.661866667e+00 1.772538141e+00 
1.344305857e+00 1.512533333e+00 1.712282324e+00 
1.444034707e+00 1.622400000e+00 1.784096163e+00 
1.486388286e+00 1.749866667e+00 1.874094622e+00 
1.133170824e+00 1.395200000e+00 1.632454924e+00 
1.571475054e+00 1.729066667e+00 1.924179380e+00 
1.410791757e+00 1.438933333e+00 1.642625982e+00 
1.307754881e+00 1.894933333e+00 1.920172600e+00 
1.395553145e+00 1.750400000e+00 1.852365542e+00 
1.661458785e+00 1.744533333e+00 1.928186161e+00 
1.156236443e+00 1.675733333e+00 1.737555864e+00 
1.475379610e+00 1.812266667e+00 1.859916782e+00 
1.216774946e+00 1.472533333e+00 1.636461704e+00 
1.628920824e+00 1.676800000e+00 1.924179380e+00 
1.428091106e+00 1.452800000e+00 1.704268763e+00 
1.468492408e+00 1.570666667e+00 1.788102943e+00 
1.219414317e+00 1.785066667e+00 1.784096163e+00 
1.156236443e+00 1.708266667e+00 1.780089382e+00 
1.451464208e+00 1.545600000e+00 1.714439821e+00 
1.163412690e+00 1.593066667e+00 1.677300046e+00 
1.545444685e+00 1.701333333e+00 1.852365542e+00 
1.418618764e+00 1.814933333e+00 1.859916782e+00 
1.259110629e+00 1.647466667e+00 1.844351980e+00 
1.243438178e+00 1.501866667e+00 1.665742025e+00 
1.579571584e+00 1.618666667e+00 1.817383264e+00 
1.602386117e+00 1.728533333e+00 1.924179380e+00 
1.127078633e+00 1.348800000e+00 1.529665588e+00 
1.184056399e+00 1.614400000e+00 1.704268763e+00 
1.436804230e+00 1.691733333e+00 1.848358761e+00 
1.782971800e+00 1.812800000e+00 2.000000000e+00 
1.494018438e+00 1.817600000e+00 1.924179380e+00 
1.635574837e+00 1.486933333e+00 1.712282324e+00 
1.432754881e+00 1.348800000e+00 1.570503930e+00 
1.303416486e+00 1.510933333e+00 1.673293266e+00 
1.270372560e+00 1.593066667e+00 1.772538141e+00 
1.110882321e+00 1.435733333e+00 1.632454924e+00 
1.101265184e+00 1.463466667e+00 1.597472646e+00 
1.419522777e+00 1.486400000e+00 1.665742025e+00 
1.559723427e+00 1.732800000e+00 1.859916782e+00 
1.386117137e+00 1.469333333e+00 1.636461704e+00 
1.113593818e+00 1.297600000e+00 1.496378487e+00 
1.072342733e+00 1.217600000e+00 1.389582370e+00 
1.584490239e+00 1.622933333e+00 1.844351980e+00 
1.142082430e+00 1.515733333e+00 1.665742025e+00 
1.140780911e+00 1.696000000e+00 1.708275543e+00 
1.442227223e+00 1.723733333e+00 1.852365542e+00 
1.091919740e+00 1.315200000e+00 1.525658807e+00 
1.649023861e+00 1.616000000e+00 1.859916782e+00 
1.128253796e+00 1.559466667e+00 1.673293266e+00 
1.108676790e+00 1.461866667e+00 1.537216828e+00 
1.574148590e+00 1.888000000e+00 1.928186161e+00 
1.460845987e+00 1.584000000e+00 1.772538141e+00 
1.048210412e+00 1.188266667e+00 1.263676992e+00 
1.416377440e+00 1.497066667e+00 1.708275543e+00 
1.549061822e+00 1.762133333e+00 1.924179380e+00 
1.242046095e+00 1.372800000e+00 1.535829866e+00 
1.622451193e+00 1.683200000e+00 1.859916782e+00 
1.195010846e+00 1.535466667e+00 1.704268763e+00 
1.403362256e+00 1.562666667e+00 1.716289105e+00 
1.051554772e+00 1.393600000e+00 1.335490831e+00 
1.107917570e+00 1.518933333e+00 1.632454924e+00 
1.768834056e+00 1.862933333e+00 2.000000000e+00 
1.466919740e+00 1.297066667e+00 1.502542765e+00 
1.278633406e+00 1.372800000e+00 1.597472646e+00 
1.083785249e+00 1.515733333e+00 1.597472646e+00 
1.069631236e+00 1.355733333e+00 1.525658807e+00 
1.515075922e+00 1.773333333e+00 1.920172600e+00 
1.356362798e+00 1.512000000e+00 1.677300046e+00 
1.222053688e+00 1.602133333e+00 1.708275543e+00 
1.051554772e+00 1.405866667e+00 1.389582370e+00 
1.080748373e+00 1.214933333e+00 1.399753429e+00 
1.064208243e+00 1.418133333e+00 1.461396209e+00 
1.099114425e+00 1.652266667e+00 1.632454924e+00 
1.509110629e+00 1.545600000e+00 1.784096163e+00 
1.510303688e+00 1.787733333e+00 1.920172600e+00 
1.060357918e+00 1.285866667e+00 1.399753429e+00 
1.359436009e+00 1.469866667e+00 1.636461704e+00 
1.023454447e+00 1.228266667e+00 1.211897057e+00 
1.111767896e+00 1.664533333e+00 1.704268763e+00 
1.048879067e+00 1.262933333e+00 1.269841270e+00 
1.420281996e+00 1.414933333e+00 1.636461704e+00 
1.104934924e+00 1.298133333e+00 1.471567268e+00 
1.129690889e+00 1.272000000e+00 1.471567268e+00 
1.091865510e+00 1.200533333e+00 1.335490831e+00 
1.053958785e+00 1.168533333e+00 1.259670211e+00 
1.561822126e+00 1.696533333e+00 1.859916782e+00 
1.056471258e+00 1.251200000e+00 1.335490831e+00 
1.685574837e+00 1.985600000e+00 2.000000000e+00 
1.065672451e+00 1.248000000e+00 1.265988596e+00 
1.025704989e+00 1.147200000e+00 1.201725998e+00 
1.025704989e+00 1.134933333e+00 1.129912159e+00 
1.039208243e+00 1.144000000e+00 1.133764833e+00 
1.015292842e+00 1.157866667e+00 1.136076437e+00 
1.065672451e+00 1.248533333e+00 1.269841270e+00 
1.061171367e+00 1.117333333e+00 1.263676992e+00 
1.057483731e+00 1.062400000e+00 1.136076437e+00 
1.107013557e+00 1.174933333e+00 1.273848051e+00 
1.140130152e+00 1.193066667e+00 1.337802435e+00 
1.052277657e+00 1.043733333e+00 1.133764833e+00 
1.095444685e+00 1.026666667e+00 1.000000000e+00 
1.137201735e+00 1.024533333e+00 1.125905378e+00 
1.071854664e+00 1.141333333e+00 1.269841270e+00 
1.052277657e+00 1.032000000e+00 1.000000000e+00 
1.015292842e+00 1.170133333e+00 1.207890276e+00 
1.000000000e+00 1.112000000e+00 1.000000000e+00 
1.137201735e+00 1.000000000e+00 1.000000000e+00 
1.095444685e+00 1.037866667e+00 1.129912159e+00 
1.000000000e+00 1.124266667e+00 1.071813839e+00 

1.664533623e+00 1.672000000e+00 1.852365542e+00 
1.400939805e+00 1.724800000e+00 1.859916782e+00 
1.194504881e+00 1.654933333e+00 1.813376483e+00 
1.524403471e+00 1.395200000e+00 1.632454924e+00 
1.585683297e+00 1.438933333e+00 1.642625982e+00 
1.352819957e+00 1.753600000e+00 1.817383264e+00 
1.675379610e+00 1.649066667e+00 1.852365542e+00 
1.143564534e+00 1.589333333e+00 1.708275543e+00 
1.165618221e+00 1.566933333e+00 1.772538141e+00 
1.443239154e+00 1.790933333e+00 1.920172600e+00 
1.355169740e+00 1.625600000e+00 1.844351980e+00 
1.709869848e+00 1.542933333e+00 1.772538141e+00 
1.470607375e+00 1.707733333e+00 1.920172600e+00 
1.419920282e+00 1.816000000e+00 1.920172600e+00 
1.327548807e+00 1.401066667e+00 1.611650485e+00 
1.374367137e+00 1.789333333e+00 1.859916782e+00 
1.234201193e+00 1.373333333e+00 1.570503930e+00 
1.333188720e+00 1.297066667e+00 1.502542765e+00 
1.797180043e+00 1.798933333e+00 1.928186161e+00 
1.157357375e+00 1.478400000e+00 1.704268763e+00 
1.188286334e+00 1.397333333e+00 1.597472646e+00 
1.124367137e+00 1.486933333e+00 1.665742025e+00 
1.281850868e+00 1.456533333e+00 1.646632763e+00 
1.306037419e+00 1.539733333e+00 1.718446602e+00 
1.097613883e+00 1.504533333e+00 1.632454924e+00 
1.153199566e+00 1.374933333e+00 1.539836647e+00 
1.226319414e+00 1.763733333e+00 1.848358761e+00 
1.403470716e+00 1.860266667e+00 1.920172600e+00 
1.137870390e+00 1.400000000e+00 1.601479427e+00 
1.283622560e+00 1.440000000e+00 1.632454924e+00 
1.178054772e+00 1.686933333e+00 1.780089382e+00 
1.235357918e+00 1.312000000e+00 1.496378487e+00 
1.127078633e+00 1.348800000e+00 1.529665588e+00 
1.148553688e+00 1.570133333e+00 1.737555864e+00 
1.123282538e+00 1.486400000e+00 1.605486207e+00 
1.147469089e+00 1.569600000e+00 1.677300046e+00 
1.132104121e+00 1.602133333e+00 1.704268763e+00 
1.391069957e+00 1.452800000e+00 1.704268763e+00 
1.544105206e+00 1.766400000e+00 1.924179380e+00 
1.069631236e+00 1.355733333e+00 1.525658807e+00 
1.204338395e+00 1.272533333e+00 1.471567268e+00 
1.523047722e+00 1.820266667e+00 1.924179380e+00 
1.757049892e+00 1.810133333e+00 1.928186161e+00 
1.296990239e+00 1.435733333e+00 1.632454924e+00 
1.220444685e+00 1.395200000e+00 1.568192325e+00 
1.091919740e+00 1.315200000e+00 1.525658807e+00 
1.192950108e+00 1.293333333e+00 1.463707813e+00 
1.100325380e+00 1.438933333e+00 1.597472646e+00 
1.103036876e+00 1.300800000e+00 1.461396209e+00 
1.391973970e+00 1.603733333e+00 1.780089382e+00 
1.381290672e+00 1.502400000e+00 1.737555864e+00 
1.060357918e+00 1.285866667e+00 1.399753429e+00 
1.072342733e+00 1.217600000e+00 1.389582370e+00 
1.104934924e+00 1.298133333e+00 1.471567268e+00 
1.318004338e+00 1.402133333e+00 1.611650485e+00 
1.116106291e+00 1.398400000e+00 1.597472646e+00 
1.048879067e+00 1.262933333e+00 1.269841270e+00 
1.584869848e+00 1.696000000e+00 1.848358761e+00 
1.091865510e+00 1.200533333e+00 1.335490831e+00 
1.414587852e+00 1.625066667e+00 1.784096163e+00 
1.048210412e+00 1.188266667e+00 1.263676992e+00 
1.025704989e+00 1.147200000e+00 1.201725998e+00 
1.564208243e+00 1.557333333e+00 1.772538141e+00 
1.156435466e+00 1.466133333e+00 1.632454924e+00 
1.056471258e+00 1.251200000e+00 1.335490831e+00 
1.170896421e+00 1.297066667e+00 1.471567268e+00 
1.015292842e+00 1.157866667e+00 1.136076437e+00 
1.080748373e+00 1.214933333e+00 1.399753429e+00 
1.115907267e+00 1.248533333e+00 1.403760210e+00 
1.061171367e+00 1.117333333e+00 1.263676992e+00 
1.015292842e+00 1.170133333e+00 1.207890276e+00 
1.257266811e+00 1.304533333e+00 1.475574048e+00 
1.039208243e+00 1.144000000e+00 1.133764833e+00 
1.167751085e+00 1.272533333e+00 1.409924488e+00 
1.025704989e+00 1.134933333e+00 1.129912159e+00 
1.053958785e+00 1.168533333e+00 1.259670211e+00 
1.071854664e+00 1.141333333e+00 1.269841270e+00 
1.279681670e+00 1.450133333e+00 1.632454924e+00 
1.140130152e+00 1.193066667e+00 1.337802435e+00 
1.137201735e+00 1.024533333e+00 1.125905378e+00 
1.095444685e+00 1.037866667e+00 1.129912159e+00 
1.137201735e+00 1.000000000e+00 1.000000000e+00 
1.023454447e+00 1.228266667e+00 1.211897057e+00 
1.000000000e+00 1.124266667e+00 1.071813839e+00 
1.052277657e+00 1.032000000e+00 1.000000000e+00 
1.095444685e+00 1.026666667e+00 1.000000000e+00 
1.000000000e+00 1.112000000e+00 1.000000000e+00 
1.057483731e+00 1.062400000e+00 1.136076437e+00 
1.107013557e+00 1.174933333e+00 1.273848051e+00 
1.052277657e+00 1.043733333e+00 1.133764833e+00 

1.298156182e+00 1.509333333e+00 1.673293266e+00 
1.354085141e+00 1.625066667e+00 1.784096163e+00 
1.137870390e+00 1.400000000e+00 1.601479427e+00 
1.116106291e+00 1.398400000e+00 1.597472646e+00 
1.132104121e+00 1.602133333e+00 1.704268763e+00 
1.379284165e+00 1.610666667e+00 1.784096163e+00 
1.140862256e+00 1.372266667e+00 1.597472646e+00 
1.129690889e+00 1.272000000e+00 1.471567268e+00 
1.300867679e+00 1.371200000e+00 1.537216828e+00 
1.407266811e+00 1.609066667e+00 1.784096163e+00 
1.216739154e+00 1.720533333e+00 1.848358761e+00 
1.188720174e+00 1.649600000e+00 1.784096163e+00 
1.360303688e+00 1.348800000e+00 1.570503930e+00 
1.362798265e+00 1.473600000e+00 1.665742025e+00 
1.352892082e+00 1.579200000e+00 1.780089382e+00 
1.329898590e+00 1.541866667e+00 1.712282324e+00 
1.104934924e+00 1.298133333e+00 1.471567268e+00 
1.152349783e+00 1.635733333e+00 1.772538141e+00 
1.048210412e+00 1.188266667e+00 1.263676992e+00 
1.362255965e+00 1.370666667e+00 1.632454924e+00 
1.168329718e+00 1.428800000e+00 1.636461704e+00 
1.103036876e+00 1.300800000e+00 1.461396209e+00 
1.306941432e+00 1.494400000e+00 1.704268763e+00 
1.048879067e+00 1.262933333e+00 1.269841270e+00 
1.400253254e+00 1.622933333e+00 1.844351980e+00 
1.322197939e+00 1.496000000e+00 1.708275543e+00 
1.618763557e+00 1.765333333e+00 1.863923563e+00 
1.100325380e+00 1.438933333e+00 1.597472646e+00 
1.355169740e+00 1.625600000e+00 1.844351980e+00 
1.376572668e+00 1.525866667e+00 1.712282324e+00 
1.148553688e+00 1.570133333e+00 1.737555864e+00 
1.360484273e+00 1.706666667e+00 1.848358761e+00 
1.181778742e+00 1.193066667e+00 1.337802435e+00 
1.164533623e+00 1.566400000e+00 1.712282324e+00 
1.403325922e+00 1.658666667e+00 1.852365542e+00 
1.107013557e+00 1.174933333e+00 1.273848051e+00 
1.091919740e+00 1.315200000e+00 1.525658807e+00 
1.097613883e+00 1.504533333e+00 1.632454924e+00 
1.376934382e+00 1.627200000e+00 1.848358761e+00 
1.241865510e+00 1.737066667e+00 1.852365542e+00 
1.069631236e+00 1.331200000e+00 1.399753429e+00 
1.431308568e+00 1.657066667e+00 1.852365542e+00 
1.127078633e+00 1.348800000e+00 1.529665588e+00 
1.376753254e+00 1.684266667e+00 1.852365542e+00 
1.056471258e+00 1.251200000e+00 1.335490831e+00 
1.113593818e+00 1.297600000e+00 1.496378487e+00 
1.141576464e+00 1.518933333e+00 1.704268763e+00 
1.189804772e+00 1.650133333e+00 1.844351980e+00 
1.276247289e+00 1.411200000e+00 1.632454924e+00 
1.023454447e+00 1.228266667e+00 1.211897057e+00 
1.051554772e+00 1.393600000e+00 1.335490831e+00 
1.616594360e+00 1.635200000e+00 1.852365542e+00 
1.015292842e+00 1.157866667e+00 1.136076437e+00 
1.069631236e+00 1.355733333e+00 1.525658807e+00 
1.091865510e+00 1.200533333e+00 1.335490831e+00 
1.071854664e+00 1.141333333e+00 1.269841270e+00 
1.110882321e+00 1.435733333e+00 1.632454924e+00 
1.115907267e+00 1.248533333e+00 1.403760210e+00 
1.281850868e+00 1.456533333e+00 1.646632763e+00 
1.039208243e+00 1.144000000e+00 1.133764833e+00 
1.053958785e+00 1.168533333e+00 1.259670211e+00 
1.015292842e+00 1.170133333e+00 1.207890276e+00 
1.072342733e+00 1.217600000e+00 1.389582370e+00 
1.025704989e+00 1.147200000e+00 1.201725998e+00 
1.124367137e+00 1.486933333e+00 1.665742025e+00 
1.330983189e+00 1.542400000e+00 1.772538141e+00 
1.545498915e+00 1.734933333e+00 1.859916782e+00 
1.025704989e+00 1.134933333e+00 1.129912159e+00 
1.165618221e+00 1.566933333e+00 1.772538141e+00 
1.555493492e+00 1.786666667e+00 1.928186161e+00 
1.080748373e+00 1.214933333e+00 1.399753429e+00 
1.487707701e+00 1.865066667e+00 1.928186161e+00 
1.000000000e+00 1.124266667e+00 1.071813839e+00 
1.000000000e+00 1.112000000e+00 1.000000000e+00 
1.137201735e+00 1.000000000e+00 1.000000000e+00 
1.061171367e+00 1.117333333e+00 1.263676992e+00 
1.095444685e+00 1.026666667e+00 1.000000000e+00 
1.137201735e+00 1.024533333e+00 1.125905378e+00 
1.057483731e+00 1.062400000e+00 1.136076437e+00 
1.095444685e+00 1.037866667e+00 1.129912159e+00 
1.052277657e+00 1.032000000e+00 1.000000000e+00 
1.052277657e+00 1.043733333e+00 1.133764833e+00 

1.192516269e+00 1.512000000e+00 1.708275543e+00 
1.116106291e+00 1.398400000e+00 1.597472646e+00 
1.281850868e+00 1.456533333e+00 1.646632763e+00 
1.204338395e+00 1.272533333e+00 1.471567268e+00 
1.381995662e+00 1.472533333e+00 1.648019726e+00 
1.402964751e+00 1.484800000e+00 1.708275543e+00 
1.467245119e+00 1.569066667e+00 1.784096163e+00 
1.216286876e+00 1.541866667e+00 1.712282324e+00 
1.280657809e+00 1.630933333e+00 1.780089382e+00 
1.569522777e+00 1.538133333e+00 1.726151949e+00 
1.450108460e+00 1.372800000e+00 1.535829866e+00 
1.435285792e+00 1.810133333e+00 1.863923563e+00 
1.362798265e+00 1.473600000e+00 1.665742025e+00 
1.192950108e+00 1.293333333e+00 1.463707813e+00 
1.351301518e+00 1.389333333e+00 1.576205887e+00 
1.799349241e+00 1.796800000e+00 1.866235167e+00 
1.153199566e+00 1.374933333e+00 1.539836647e+00 
1.103036876e+00 1.300800000e+00 1.461396209e+00 
1.308170824e+00 1.581333333e+00 1.844351980e+00 
1.461605206e+00 1.467200000e+00 1.704268763e+00 
1.144287961e+00 1.380800000e+00 1.568192325e+00 
1.069631236e+00 1.331200000e+00 1.399753429e+00 
1.168329718e+00 1.428800000e+00 1.636461704e+00 
1.416757050e+00 1.672533333e+00 1.852365542e+00 
1.637472885e+00 1.802666667e+00 1.859916782e+00 
1.301988612e+00 1.637333333e+00 1.844351980e+00 
1.333188720e+00 1.297066667e+00 1.502542765e+00 
1.641757050e+00 1.645333333e+00 1.852365542e+00 
1.164370933e+00 1.475200000e+00 1.665742025e+00 
1.443329718e+00 1.646933333e+00 1.852365542e+00 
1.471908894e+00 1.465066667e+00 1.650331330e+00 
1.360177332e+00 1.738666667e+00 1.852365542e+00 
1.234201193e+00 1.373333333e+00 1.570503930e+00 
1.127078633e+00 1.348800000e+00 1.529665588e+00 
1.627944685e+00 1.809600000e+00 1.928186161e+00 
1.420372560e+00 1.626666667e+00 1.848358761e+00 
1.395065076e+00 1.570133333e+00 1.784096163e+00 
1.140130152e+00 1.193066667e+00 1.337802435e+00 
1.104934924e+00 1.298133333e+00 1.471567268e+00 
1.115907267e+00 1.248533333e+00 1.403760210e+00 
1.400488069e+00 1.694933333e+00 1.848358761e+00 
1.229537419e+00 1.477333333e+00 1.704268763e+00 
1.090374187e+00 1.380266667e+00 1.525658807e+00 
1.080748373e+00 1.214933333e+00 1.399753429e+00 
1.344305857e+00 1.512533333e+00 1.712282324e+00 
1.184291215e+00 1.548800000e+00 1.708275543e+00 
1.048210412e+00 1.188266667e+00 1.263676992e+00 
1.420462581e+00 1.849600000e+00 1.893203883e+00 
1.157357375e+00 1.478400000e+00 1.704268763e+00 
1.056471258e+00 1.251200000e+00 1.335490831e+00 
1.205622017e+00 1.555200000e+00 1.772538141e+00 
1.370878525e+00 1.486933333e+00 1.712282324e+00 
1.404049349e+00 1.553600000e+00 1.772538141e+00 
1.107013557e+00 1.174933333e+00 1.273848051e+00 
1.061171367e+00 1.117333333e+00 1.263676992e+00 
1.265943601e+00 1.272000000e+00 1.471567268e+00 
1.039208243e+00 1.144000000e+00 1.133764833e+00 
1.702673536e+00 1.777600000e+00 1.863923563e+00 
1.091919740e+00 1.315200000e+00 1.525658807e+00 
1.133170824e+00 1.395200000e+00 1.632454924e+00 
1.167751085e+00 1.272533333e+00 1.409924488e+00 
1.113593818e+00 1.297600000e+00 1.496378487e+00 
1.048879067e+00 1.262933333e+00 1.269841270e+00 
1.598101952e+00 1.850133333e+00 1.920172600e+00 
1.025704989e+00 1.147200000e+00 1.201725998e+00 
1.015292842e+00 1.170133333e+00 1.207890276e+00 
1.025704989e+00 1.134933333e+00 1.129912159e+00 
1.072342733e+00 1.217600000e+00 1.389582370e+00 
1.053958785e+00 1.168533333e+00 1.259670211e+00 
1.410791757e+00 1.438933333e+00 1.642625982e+00 
1.170896421e+00 1.297066667e+00 1.471567268e+00 
1.071854664e+00 1.141333333e+00 1.269841270e+00 
1.091865510e+00 1.200533333e+00 1.335490831e+00 
1.420281996e+00 1.414933333e+00 1.636461704e+00 
1.000000000e+00 1.124266667e+00 1.071813839e+00 
1.137201735e+00 1.000000000e+00 1.000000000e+00 
1.137201735e+00 1.024533333e+00 1.125905378e+00 
1.023454447e+00 1.228266667e+00 1.211897057e+00 
1.015292842e+00 1.157866667e+00 1.136076437e+00 
1.052277657e+00 1.043733333e+00 1.133764833e+00 
1.095444685e+00 1.026666667e+00 1.000000000e+00 
1.052277657e+00 1.032000000e+00 1.000000000e+00 
1.095444685e+00 1.037866667e+00 1.129912159e+00 
1.000000000e+00 1.112000000e+00 1.000000000e+00 
1.057483731e+00 1.062400000e+00 1.136076437e+00 

1.141576464e+00 1.518933333e+00 1.704268763e+00 
1.352060738e+00 1.372800000e+00 1.597472646e+00 
1.327368221e+00 1.564800000e+00 1.708275543e+00 
1.091919740e+00 1.315200000e+00 1.525658807e+00 
1.330983189e+00 1.542400000e+00 1.772538141e+00 
1.189804772e+00 1.650133333e+00 1.844351980e+00 
1.092190889e+00 1.566933333e+00 1.568192325e+00 
1.355169740e+00 1.625600000e+00 1.844351980e+00 
1.257266811e+00 1.304533333e+00 1.475574048e+00 
1.588937093e+00 1.657600000e+00 1.852365542e+00 
1.467353579e+00 1.808533333e+00 1.924179380e+00 
1.152349783e+00 1.635733333e+00 1.772538141e+00 
1.072342733e+00 1.217600000e+00 1.389582370e+00 
1.140130152e+00 1.193066667e+00 1.337802435e+00 
1.658080260e+00 1.803200000e+00 1.920172600e+00 
1.516485900e+00 1.512533333e+00 1.718446602e+00 
1.129690889e+00 1.272000000e+00 1.471567268e+00 
1.103036876e+00 1.300800000e+00 1.461396209e+00 
1.064208243e+00 1.418133333e+00 1.461396209e+00 
1.548264642e+00 1.726400000e+00 1.852365542e+00 
1.165618221e+00 1.566933333e+00 1.772538141e+00 
1.048879067e+00 1.262933333e+00 1.269841270e+00 
1.597613883e+00 1.598933333e+00 1.848358761e+00 
1.257809111e+00 1.408533333e+00 1.578363384e+00 
1.105513557e+00 1.292266667e+00 1.403760210e+00 
1.603036876e+00 1.645866667e+00 1.852365542e+00 
1.153199566e+00 1.374933333e+00 1.539836647e+00 
1.276247289e+00 1.411200000e+00 1.632454924e+00 
1.110882321e+00 1.435733333e+00 1.632454924e+00 
1.148553688e+00 1.570133333e+00 1.737555864e+00 
1.573210412e+00 1.660266667e+00 1.852365542e+00 
1.398264642e+00 1.526933333e+00 1.718446602e+00 
1.281850868e+00 1.456533333e+00 1.646632763e+00 
1.100325380e+00 1.438933333e+00 1.597472646e+00 
1.144287961e+00 1.380800000e+00 1.568192325e+00 
1.139551518e+00 1.626666667e+00 1.704268763e+00 
1.423535792e+00 1.760533333e+00 1.848358761e+00 
1.097613883e+00 1.504533333e+00 1.632454924e+00 
1.600178959e+00 1.683733333e+00 1.859916782e+00 
1.060357918e+00 1.285866667e+00 1.399753429e+00 
1.051554772e+00 1.393600000e+00 1.335490831e+00 
1.541431670e+00 1.667200000e+00 1.848358761e+00 
1.436804230e+00 1.691733333e+00 1.848358761e+00 
1.301518438e+00 1.373333333e+00 1.539836647e+00 
1.407266811e+00 1.442666667e+00 1.646632763e+00 
1.275216920e+00 1.373333333e+00 1.535829866e+00 
1.053958785e+00 1.168533333e+00 1.259670211e+00 
1.051554772e+00 1.405866667e+00 1.389582370e+00 
1.039208243e+00 1.144000000e+00 1.133764833e+00 
1.069631236e+00 1.355733333e+00 1.525658807e+00 
1.048210412e+00 1.188266667e+00 1.263676992e+00 
1.091865510e+00 1.200533333e+00 1.335490831e+00 
1.015292842e+00 1.170133333e+00 1.207890276e+00 
1.056471258e+00 1.251200000e+00 1.335490831e+00 
1.375813449e+00 1.473600000e+00 1.665742025e+00 
1.284707158e+00 1.349333333e+00 1.529665588e+00 
1.023454447e+00 1.228266667e+00 1.211897057e+00 
1.015292842e+00 1.157866667e+00 1.136076437e+00 
1.124367137e+00 1.486933333e+00 1.665742025e+00 
1.115907267e+00 1.248533333e+00 1.403760210e+00 
1.104934924e+00 1.298133333e+00 1.471567268e+00 
1.107013557e+00 1.174933333e+00 1.273848051e+00 
1.080748373e+00 1.214933333e+00 1.399753429e+00 
1.025704989e+00 1.134933333e+00 1.129912159e+00 
1.071854664e+00 1.141333333e+00 1.269841270e+00 
1.061171367e+00 1.117333333e+00 1.263676992e+00 
1.137201735e+00 1.024533333e+00 1.125905378e+00 
1.095444685e+00 1.037866667e+00 1.129912159e+00 
1.000000000e+00 1.112000000e+00 1.000000000e+00 
1.000000000e+00 1.124266667e+00 1.071813839e+00 
1.095444685e+00 1.026666667e+00 1.000000000e+00 
1.137201735e+00 1.000000000e+00 1.000000000e+00 
1.052277657e+00 1.043733333e+00 1.133764833e+00 
1.025704989e+00 1.147200000e+00 1.201725998e+00 
1.057483731e+00 1.062400000e+00 1.136076437e+00 
1.052277657e+00 1.032000000e+00 1.000000000e+00 

1.345896421e+00 1.666666667e+00 1.813376483e+00 
1.495932755e+00 1.693866667e+00 1.848358761e+00 
1.370878525e+00 1.486933333e+00 1.712282324e+00 
1.157357375e+00 1.478400000e+00 1.704268763e+00 
1.323029826e+00 1.723200000e+00 1.780089382e+00 
1.105513557e+00 1.292266667e+00 1.403760210e+00 
1.181778742e+00 1.193066667e+00 1.337802435e+00 
1.205622017e+00 1.555200000e+00 1.772538141e+00 
1.351337852e+00 1.654933333e+00 1.813376483e+00 
1.466702820e+00 1.660800000e+00 1.817383264e+00 
1.234201193e+00 1.373333333e+00 1.570503930e+00 
1.376464208e+00 1.671466667e+00 1.817383264e+00 
1.409761388e+00 1.614400000e+00 1.813376483e+00 
1.648768980e+00 1.787200000e+00 1.920172600e+00 
1.506724512e+00 1.556800000e+00 1.844351980e+00 
1.133170824e+00 1.395200000e+00 1.632454924e+00 
1.394522777e+00 1.466666667e+00 1.646632763e+00 
1.283731020e+00 1.549866667e+00 1.718446602e+00 
1.591068330e+00 1.969066667e+00 1.928186161e+00 
1.419377983e+00 1.607466667e+00 1.780089382e+00 
1.538720174e+00 1.542933333e+00 1.772538141e+00 
1.359869848e+00 1.684800000e+00 1.817383264e+00 
1.381019523e+00 1.662400000e+00 1.844351980e+00 
1.148987527e+00 1.385600000e+00 1.537216828e+00 
1.702711497e+00 1.718933333e+00 1.924179380e+00 
1.362798265e+00 1.473600000e+00 1.665742025e+00 
1.091865510e+00 1.200533333e+00 1.335490831e+00 
1.385520607e+00 1.468800000e+00 1.673293266e+00 
1.376626898e+00 1.641066667e+00 1.813376483e+00 
1.487310195e+00 1.661333333e+00 1.844351980e+00 
1.353759761e+00 1.608000000e+00 1.780089382e+00 
1.770824295e+00 1.626133333e+00 1.848358761e+00 
1.300216920e+00 1.501333333e+00 1.737555864e+00 
1.572342733e+00 1.645866667e+00 1.852365542e+00 
1.506903471e+00 1.820800000e+00 1.863923563e+00 
1.300867679e+00 1.371200000e+00 1.537216828e+00 
1.051554772e+00 1.393600000e+00 1.335490831e+00 
1.155061280e+00 1.497600000e+00 1.636461704e+00 
1.619848156e+00 1.824000000e+00 1.893203883e+00 
1.556073753e+00 1.678400000e+00 1.848358761e+00 
1.373553688e+00 1.836266667e+00 1.852365542e+00 
1.408568330e+00 1.637866667e+00 1.813376483e+00 
1.501843818e+00 1.543466667e+00 1.741562644e+00 
1.116106291e+00 1.398400000e+00 1.597472646e+00 
1.060357918e+00 1.285866667e+00 1.399753429e+00 
1.119902386e+00 1.464000000e+00 1.632454924e+00 
1.447216377e+00 1.746666667e+00 1.848358761e+00 
1.164370933e+00 1.475200000e+00 1.665742025e+00 
1.419920282e+00 1.775466667e+00 1.848358761e+00 
1.113593818e+00 1.297600000e+00 1.496378487e+00 
1.142082430e+00 1.515733333e+00 1.665742025e+00 
1.104934924e+00 1.298133333e+00 1.471567268e+00 
1.177114967e+00 1.297066667e+00 1.471567268e+00 
1.704121475e+00 1.636266667e+00 1.848358761e+00 
1.205350868e+00 1.617600000e+00 1.708275543e+00 
1.598698482e+00 1.825066667e+00 1.920172600e+00 
1.103036876e+00 1.300800000e+00 1.461396209e+00 
1.056471258e+00 1.251200000e+00 1.335490831e+00 
1.048879067e+00 1.262933333e+00 1.269841270e+00 
1.048210412e+00 1.188266667e+00 1.263676992e+00 
1.534327549e+00 1.726933333e+00 1.852365542e+00 
1.513774403e+00 1.818133333e+00 1.863923563e+00 
1.549604121e+00 1.724266667e+00 1.852365542e+00 
1.053958785e+00 1.168533333e+00 1.259670211e+00 
1.127078633e+00 1.348800000e+00 1.529665588e+00 
1.072342733e+00 1.217600000e+00 1.389582370e+00 
1.065672451e+00 1.248000000e+00 1.265988596e+00 
1.557700651e+00 1.702400000e+00 1.852365542e+00 
1.069631236e+00 1.355733333e+00 1.525658807e+00 
1.023454447e+00 1.228266667e+00 1.211897057e+00 
1.091919740e+00 1.315200000e+00 1.525658807e+00 
1.192950108e+00 1.293333333e+00 1.463707813e+00 
1.025704989e+00 1.147200000e+00 1.201725998e+00 
1.528416486e+00 1.553066667e+00 1.772538141e+00 
1.472234273e+00 1.659733333e+00 1.817383264e+00 
1.039208243e+00 1.144000000e+00 1.133764833e+00 
1.200921909e+00 1.272533333e+00 1.409924488e+00 
1.457375271e+00 1.442666667e+00 1.646632763e+00 
1.684652928e+00 1.944000000e+00 1.928186161e+00 
1.153199566e+00 1.374933333e+00 1.539836647e+00 
1.107013557e+00 1.174933333e+00 1.273848051e+00 
1.015292842e+00 1.170133333e+00 1.207890276e+00 
1.115907267e+00 1.248533333e+00 1.403760210e+00 
1.080748373e+00 1.214933333e+00 1.399753429e+00 
1.025704989e+00 1.134933333e+00 1.129912159e+00 
1.015292842e+00 1.157866667e+00 1.136076437e+00 
1.061171367e+00 1.117333333e+00 1.263676992e+00 
1.052277657e+00 1.032000000e+00 1.000000000e+00 
1.071854664e+00 1.141333333e+00 1.269841270e+00 
1.095444685e+00 1.026666667e+00 1.000000000e+00 
1.057483731e+00 1.062400000e+00 1.136076437e+00 
1.052277657e+00 1.043733333e+00 1.133764833e+00 
1.137201735e+00 1.000000000e+00 1.000000000e+00 
1.000000000e+00 1.112000000e+00 1.000000000e+00 
1.095444685e+00 1.037866667e+00 1.129912159e+00 
1.000000000e+00 1.124266667e+00 1.071813839e+00 
1.137201735e+00 1.024533333e+00 1.125905378e+00 

1.129690889e+00 1.272000000e+00 1.471567268e+00 
1.422541757e+00 1.582400000e+00 1.844351980e+00 
1.816919740e+00 1.781866667e+00 1.893203883e+00 
1.376979393e+00 1.592000000e+00 1.780089382e+00 
1.091865510e+00 1.200533333e+00 1.335490831e+00 
1.328778200e+00 1.616533333e+00 1.780089382e+00 
1.420372560e+00 1.626666667e+00 1.848358761e+00 
1.301988612e+00 1.637333333e+00 1.844351980e+00 
1.344305857e+00 1.512533333e+00 1.712282324e+00 
1.467245119e+00 1.569066667e+00 1.784096163e+00 
1.443329718e+00 1.646933333e+00 1.852365542e+00 
1.182113341e+00 1.452266667e+00 1.704268763e+00 
1.115907267e+00 1.248533333e+00 1.403760210e+00 
1.626898048e+00 1.936533333e+00 1.920172600e+00 
1.140130152e+00 1.193066667e+00 1.337802435e+00 
1.715509761e+00 1.833600000e+00 1.874094622e+00 
1.064208243e+00 1.268800000e+00 1.273539837e+00 
1.395065076e+00 1.570133333e+00 1.784096163e+00 
1.641757050e+00 1.645333333e+00 1.852365542e+00 
1.051554772e+00 1.393600000e+00 1.335490831e+00 
1.280657809e+00 1.630933333e+00 1.780089382e+00 
1.422939262e+00 1.660266667e+00 1.852365542e+00 
1.468492408e+00 1.560000000e+00 1.788102943e+00 
1.404049349e+00 1.553600000e+00 1.772538141e+00 
1.127078633e+00 1.348800000e+00 1.529665588e+00 
1.237699024e+00 1.535466667e+00 1.708275543e+00 
1.410068872e+00 1.706666667e+00 1.848358761e+00 
1.164370933e+00 1.475200000e+00 1.665742025e+00 
1.749240781e+00 1.888000000e+00 1.924179380e+00 
1.060357918e+00 1.285866667e+00 1.399753429e+00 
1.330161063e+00 1.616000000e+00 1.780089382e+00 
1.157357375e+00 1.478400000e+00 1.704268763e+00 
1.205622017e+00 1.555200000e+00 1.772538141e+00 
1.080748373e+00 1.214933333e+00 1.399753429e+00 
1.165853037e+00 1.548800000e+00 1.708275543e+00 
1.023454447e+00 1.228266667e+00 1.211897057e+00 
1.090374187e+00 1.380266667e+00 1.525658807e+00 
1.131507592e+00 1.449600000e+00 1.632454924e+00 
1.203958785e+00 1.609600000e+00 1.772538141e+00 
1.140862256e+00 1.372266667e+00 1.597472646e+00 
1.328036876e+00 1.534933333e+00 1.708275543e+00 
1.370878525e+00 1.486933333e+00 1.712282324e+00 
1.048210412e+00 1.188266667e+00 1.263676992e+00 
1.675162690e+00 1.867200000e+00 1.920172600e+00 
1.180368764e+00 1.678933333e+00 1.772538141e+00 
1.623280911e+00 1.914666667e+00 1.863923563e+00 
1.116106291e+00 1.398400000e+00 1.597472646e+00 
1.039208243e+00 1.144000000e+00 1.133764833e+00 
1.113593818e+00 1.297600000e+00 1.496378487e+00 
1.107013557e+00 1.174933333e+00 1.273848051e+00 
1.053958785e+00 1.168533333e+00 1.259670211e+00 
1.119902386e+00 1.464000000e+00 1.632454924e+00 
1.133170824e+00 1.395200000e+00 1.632454924e+00 
1.048879067e+00 1.262933333e+00 1.269841270e+00 
1.867136659e+00 1.757333333e+00 1.928186161e+00 
1.091919740e+00 1.315200000e+00 1.525658807e+00 
1.015292842e+00 1.170133333e+00 1.207890276e+00 
1.025704989e+00 1.147200000e+00 1.201725998e+00 
1.103036876e+00 1.300800000e+00 1.461396209e+00 
1.072342733e+00 1.217600000e+00 1.389582370e+00 
1.071854664e+00 1.141333333e+00 1.269841270e+00 
1.015292842e+00 1.157866667e+00 1.136076437e+00 
1.061171367e+00 1.117333333e+00 1.263676992e+00 
1.052277657e+00 1.043733333e+00 1.133764833e+00 
1.000000000e+00 1.124266667e+00 1.071813839e+00 
1.025704989e+00 1.134933333e+00 1.129912159e+00 
1.137201735e+00 1.000000000e+00 1.000000000e+00 
1.137201735e+00 1.024533333e+00 1.125905378e+00 
1.095444685e+00 1.026666667e+00 1.000000000e+00 
1.000000000e+00 1.112000000e+00 1.000000000e+00 
1.095444685e+00 1.037866667e+00 1.129912159e+00 
1.052277657e+00 1.032000000e+00 1.000000000e+00 
1.057483731e+00 1.062400000e+00 1.136076437e+00 

1.414370933e+00 1.820800000e+00 1.924179380e+00 
1.312093275e+00 1.757333333e+00 1.844351980e+00 
1.477349783e+00 1.957333333e+00 2.000000000e+00 
1.420281996e+00 1.414933333e+00 1.636461704e+00 
1.544956616e+00 1.687466667e+00 1.924179380e+00 
1.381290672e+00 1.502400000e+00 1.737555864e+00 
1.474457701e+00 1.585066667e+00 1.813376483e+00 
1.328036876e+00 1.534933333e+00 1.708275543e+00 
1.410791757e+00 1.438933333e+00 1.642625982e+00 
1.528687636e+00 1.720000000e+00 1.920172600e+00 
1.910195228e+00 1.827200000e+00 2.000000000e+00 
1.382049892e+00 1.688000000e+00 1.817383264e+00 
1.386026573e+00 1.721066667e+00 1.848358761e+00 
1.400488069e+00 1.694933333e+00 1.848358761e+00 
1.113593818e+00 1.297600000e+00 1.496378487e+00 
1.494848156e+00 1.650666667e+00 1.844351980e+00 
1.229537419e+00 1.477333333e+00 1.704268763e+00 
1.091865510e+00 1.200533333e+00 1.335490831e+00 
1.133170824e+00 1.395200000e+00 1.632454924e+00 
1.451644794e+00 1.651733333e+00 1.848358761e+00 
1.604609544e+00 1.906666667e+00 2.000000000e+00 
1.140862256e+00 1.372266667e+00 1.597472646e+00 
1.448752711e+00 1.985600000e+00 2.000000000e+00 
1.408116594e+00 1.859200000e+00 1.924179380e+00 
1.376626898e+00 1.641066667e+00 1.813376483e+00 
1.510032538e+00 1.922666667e+00 1.928186161e+00 
1.204338395e+00 1.272533333e+00 1.471567268e+00 
1.177114967e+00 1.297066667e+00 1.471567268e+00 
1.501030369e+00 1.594666667e+00 1.844351980e+00 
1.345896421e+00 1.666666667e+00 1.813376483e+00 
1.127078633e+00 1.348800000e+00 1.529665588e+00 
1.479880694e+00 1.632000000e+00 1.817383264e+00 
1.186812907e+00 1.457066667e+00 1.673293266e+00 
1.402024403e+00 1.684800000e+00 1.848358761e+00 
1.056471258e+00 1.251200000e+00 1.335490831e+00 
1.115907267e+00 1.248533333e+00 1.403760210e+00 
1.839425163e+00 1.836266667e+00 2.000000000e+00 
1.702223427e+00 1.812800000e+00 1.928186161e+00 
1.157357375e+00 1.478400000e+00 1.704268763e+00 
1.329573210e+00 1.524800000e+00 1.708275543e+00 
1.432809111e+00 1.754666667e+00 1.924179380e+00 
1.205622017e+00 1.555200000e+00 1.772538141e+00 
1.427241323e+00 1.587200000e+00 1.813376483e+00 
1.547125813e+00 1.824000000e+00 1.928186161e+00 
1.273535792e+00 1.597333333e+00 1.784096163e+00 
1.768383948e+00 1.864000000e+00 2.000000000e+00 
1.750216920e+00 1.802666667e+00 1.928186161e+00 
1.060357918e+00 1.285866667e+00 1.399753429e+00 
1.090374187e+00 1.380266667e+00 1.525658807e+00 
1.251500542e+00 1.773333333e+00 1.813376483e+00 
1.520878525e+00 1.827200000e+00 1.928186161e+00 
1.379121475e+00 1.546666667e+00 1.741562644e+00 
1.048210412e+00 1.188266667e+00 1.263676992e+00 
1.452494577e+00 1.710400000e+00 1.852365542e+00 
1.116106291e+00 1.398400000e+00 1.597472646e+00 
1.365455531e+00 1.529066667e+00 1.737555864e+00 
1.164370933e+00 1.475200000e+00 1.665742025e+00 
1.015292842e+00 1.170133333e+00 1.207890276e+00 
1.505694143e+00 1.671466667e+00 1.852365542e+00 
1.119902386e+00 1.464000000e+00 1.632454924e+00 
1.327548807e+00 1.196800000e+00 1.312528895e+00 
1.104934924e+00 1.298133333e+00 1.471567268e+00 
1.261930586e+00 1.199466667e+00 1.281553398e+00 
1.192950108e+00 1.293333333e+00 1.463707813e+00 
1.023454447e+00 1.228266667e+00 1.211897057e+00 
1.112798265e+00 1.547200000e+00 1.601479427e+00 
1.165853037e+00 1.548800000e+00 1.708275543e+00 
1.200921909e+00 1.272533333e+00 1.409924488e+00 
1.025704989e+00 1.147200000e+00 1.201725998e+00 
1.103036876e+00 1.300800000e+00 1.461396209e+00 
1.072342733e+00 1.217600000e+00 1.389582370e+00 
1.107013557e+00 1.174933333e+00 1.273848051e+00 
1.053958785e+00 1.168533333e+00 1.259670211e+00 
1.061171367e+00 1.117333333e+00 1.263676992e+00 
1.071854664e+00 1.141333333e+00 1.269841270e+00 
1.025704989e+00 1.134933333e+00 1.129912159e+00 
1.015292842e+00 1.157866667e+00 1.136076437e+00 
1.091919740e+00 1.315200000e+00 1.525658807e+00 
1.080748373e+00 1.214933333e+00 1.399753429e+00 
1.048879067e+00 1.262933333e+00 1.269841270e+00 
1.415075922e+00 1.674666667e+00 1.821390045e+00 
1.052277657e+00 1.032000000e+00 1.000000000e+00 
1.137201735e+00 1.000000000e+00 1.000000000e+00 
1.095444685e+00 1.026666667e+00 1.000000000e+00 
1.000000000e+00 1.124266667e+00 1.071813839e+00 
1.000000000e+00 1.112000000e+00 1.000000000e+00 
1.052277657e+00 1.043733333e+00 1.133764833e+00 
1.057483731e+00 1.062400000e+00 1.136076437e+00 
1.095444685e+00 1.037866667e+00 1.129912159e+00 
1.039208243e+00 1.144000000e+00 1.133764833e+00 
1.137201735e+00 1.024533333e+00 1.125905378e+00 

1.065672451e+00 1.248000000e+00 1.265988596e+00 
1.386026573e+00 1.721066667e+00 1.848358761e+00 
1.069631236e+00 1.331200000e+00 1.399753429e+00 
1.567462039e+00 1.709333333e+00 1.859916782e+00 
1.104934924e+00 1.298133333e+00 1.471567268e+00 
1.155061280e+00 1.689066667e+00 1.665742025e+00 
1.184291215e+00 1.548800000e+00 1.708275543e+00 
1.468546638e+00 1.542933333e+00 1.772538141e+00 
1.699132321e+00 1.846400000e+00 1.924179380e+00 
1.723210412e+00 1.777600000e+00 1.866235167e+00 
1.648996746e+00 1.793066667e+00 1.870087841e+00 
1.533839479e+00 1.414933333e+00 1.636461704e+00 
1.754013015e+00 1.716800000e+00 1.874094622e+00 
1.402024403e+00 1.684800000e+00 1.848358761e+00 
1.168329718e+00 1.428800000e+00 1.636461704e+00 
1.360177332e+00 1.738666667e+00 1.852365542e+00 
1.420372560e+00 1.626666667e+00 1.848358761e+00 
1.266919740e+00 1.501333333e+00 1.737555864e+00 
1.157357375e+00 1.478400000e+00 1.704268763e+00 
1.119902386e+00 1.464000000e+00 1.632454924e+00 
1.301988612e+00 1.637333333e+00 1.844351980e+00 
1.400488069e+00 1.694933333e+00 1.848358761e+00 
1.177114967e+00 1.297066667e+00 1.471567268e+00 
1.308170824e+00 1.581333333e+00 1.844351980e+00 
1.443329718e+00 1.646933333e+00 1.852365542e+00 
1.370878525e+00 1.486933333e+00 1.712282324e+00 
1.091865510e+00 1.200533333e+00 1.335490831e+00 
1.234201193e+00 1.373333333e+00 1.570503930e+00 
1.565509761e+00 1.861866667e+00 1.863923563e+00 
1.229537419e+00 1.477333333e+00 1.704268763e+00 
1.404049349e+00 1.553600000e+00 1.772538141e+00 
1.379121475e+00 1.546666667e+00 1.741562644e+00 
1.693383948e+00 1.867200000e+00 1.928186161e+00 
1.116106291e+00 1.398400000e+00 1.597472646e+00 
1.133170824e+00 1.395200000e+00 1.632454924e+00 
1.616773319e+00 1.940266667e+00 1.924179380e+00 
1.115907267e+00 1.248533333e+00 1.403760210e+00 
1.048879067e+00 1.262933333e+00 1.269841270e+00 
1.457375271e+00 1.442666667e+00 1.646632763e+00 
1.684652928e+00 1.820266667e+00 1.874094622e+00 
1.205622017e+00 1.555200000e+00 1.772538141e+00 
1.153199566e+00 1.374933333e+00 1.539836647e+00 
1.362798265e+00 1.473600000e+00 1.665742025e+00 
1.773861171e+00 1.570133333e+00 1.788102943e+00 
1.333188720e+00 1.297066667e+00 1.502542765e+00 
1.113593818e+00 1.297600000e+00 1.496378487e+00 
1.336550976e+00 1.372266667e+00 1.597472646e+00 
1.118944143e+00 1.549333333e+00 1.601479427e+00 
1.127078633e+00 1.348800000e+00 1.529665588e+00 
1.164370933e+00 1.475200000e+00 1.665742025e+00 
1.103036876e+00 1.300800000e+00 1.461396209e+00 
1.091919740e+00 1.315200000e+00 1.525658807e+00 
1.140130152e+00 1.193066667e+00 1.337802435e+00 
1.025704989e+00 1.147200000e+00 1.201725998e+00 
1.064208243e+00 1.418133333e+00 1.461396209e+00 
1.053958785e+00 1.168533333e+00 1.259670211e+00 
1.048210412e+00 1.188266667e+00 1.263676992e+00 
1.015292842e+00 1.157866667e+00 1.136076437e+00 
1.107013557e+00 1.174933333e+00 1.273848051e+00 
1.417570499e+00 1.553066667e+00 1.772538141e+00 
1.023454447e+00 1.228266667e+00 1.211897057e+00 
1.061171367e+00 1.117333333e+00 1.263676992e+00 
1.167751085e+00 1.272533333e+00 1.409924488e+00 
1.071854664e+00 1.141333333e+00 1.269841270e+00 
1.015292842e+00 1.170133333e+00 1.207890276e+00 
1.080748373e+00 1.214933333e+00 1.399753429e+00 
1.000000000e+00 1.124266667e+00 1.071813839e+00 
1.056471258e+00 1.251200000e+00 1.335490831e+00 
1.072342733e+00 1.217600000e+00 1.389582370e+00 
1.039208243e+00 1.144000000e+00 1.133764833e+00 
1.204338395e+00 1.272533333e+00 1.471567268e+00 
1.025704989e+00 1.134933333e+00 1.129912159e+00 
1.000000000e+00 1.112000000e+00 1.000000000e+00 
1.095444685e+00 1.037866667e+00 1.129912159e+00 
1.137201735e+00 1.024533333e+00 1.125905378e+00 
1.052277657e+00 1.043733333e+00 1.133764833e+00 
1.052277657e+00 1.032000000e+00 1.000000000e+00 
1.095444685e+00 1.026666667e+00 1.000000000e+00 
1.057483731e+00 1.062400000e+00 1.136076437e+00 
1.137201735e+00 1.000000000e+00 1.000000000e+00 

1.425921909e+00 1.690133333e+00 1.821390045e+00 
1.105513557e+00 1.292266667e+00 1.403760210e+00 
1.525054230e+00 1.822933333e+00 1.924179380e+00 
1.420010846e+00 1.645866667e+00 1.772538141e+00 
1.234869848e+00 1.593066667e+00 1.737555864e+00 
1.333188720e+00 1.297066667e+00 1.502542765e+00 
1.435195228e+00 1.635733333e+00 1.772538141e+00 
1.410195228e+00 1.440000000e+00 1.632454924e+00 
1.388828633e+00 1.619200000e+00 1.745569425e+00 
1.370119306e+00 1.402133333e+00 1.611650485e+00 
1.351626898e+00 1.373333333e+00 1.539836647e+00 
1.604663774e+00 1.667733333e+00 1.848358761e+00 
1.475813449e+00 1.370666667e+00 1.632454924e+00 
1.200505965e+00 1.516800000e+00 1.681306827e+00 
1.464018438e+00 1.685333333e+00 1.844351980e+00 
1.350976139e+00 1.531733333e+00 1.704268763e+00 
1.432754881e+00 1.348800000e+00 1.570503930e+00 
1.144793926e+00 1.377600000e+00 1.529665588e+00 
1.542570499e+00 1.647466667e+00 1.821390045e+00 
1.249566161e+00 1.457066667e+00 1.611650485e+00 
1.732104121e+00 1.646933333e+00 1.821390045e+00 
1.220444685e+00 1.395200000e+00 1.568192325e+00 
1.540347072e+00 1.528533333e+00 1.737555864e+00 
1.400027115e+00 1.701866667e+00 1.753120666e+00 
1.319143167e+00 1.577066667e+00 1.718446602e+00 
1.507863341e+00 1.702933333e+00 1.848358761e+00 
1.534815618e+00 1.788266667e+00 1.859916782e+00 
1.132736985e+00 1.463466667e+00 1.531977192e+00 
1.443329718e+00 1.637333333e+00 1.813376483e+00 
1.231941432e+00 1.557333333e+00 1.712282324e+00 
1.129690889e+00 1.272000000e+00 1.471567268e+00 
1.509327549e+00 1.625066667e+00 1.813376483e+00 
1.559761388e+00 1.707200000e+00 1.859916782e+00 
1.196258134e+00 1.312000000e+00 1.496378487e+00 
1.690021692e+00 1.849066667e+00 1.928186161e+00 
1.198119848e+00 1.396800000e+00 1.597472646e+00 
1.464316703e+00 1.528533333e+00 1.687471105e+00 
1.474322126e+00 1.675200000e+00 1.844351980e+00 
1.268709328e+00 1.472000000e+00 1.636461704e+00 
1.280242408e+00 1.666666667e+00 1.741562644e+00 
1.090374187e+00 1.380266667e+00 1.525658807e+00 
1.409110629e+00 1.449600000e+00 1.632454924e+00 
1.596437093e+00 1.770133333e+00 1.924179380e+00 
1.118275488e+00 1.489066667e+00 1.597472646e+00 
1.852711497e+00 1.781333333e+00 1.928186161e+00 
1.394522777e+00 1.466666667e+00 1.646632763e+00 
1.590292842e+00 1.669866667e+00 1.852365542e+00 
1.686659436e+00 1.752000000e+00 1.924179380e+00 
1.435574837e+00 1.649066667e+00 1.784096163e+00 
1.426735358e+00 1.680533333e+00 1.813376483e+00 
1.418383948e+00 1.589866667e+00 1.745569425e+00 
1.428687636e+00 1.740800000e+00 1.852365542e+00 
1.499186551e+00 1.736000000e+00 1.852365542e+00 
1.132736985e+00 1.464000000e+00 1.535829866e+00 
1.154555315e+00 1.432000000e+00 1.605486207e+00 
1.728850325e+00 1.615466667e+00 1.813376483e+00 
1.693275488e+00 1.622933333e+00 1.788102943e+00 
1.091919740e+00 1.315200000e+00 1.525658807e+00 
1.439533623e+00 1.552533333e+00 1.772538141e+00 
1.408703905e+00 1.744533333e+00 1.844351980e+00 
1.142082430e+00 1.515733333e+00 1.665742025e+00 
1.486035792e+00 1.648533333e+00 1.844351980e+00 
1.104934924e+00 1.298133333e+00 1.471567268e+00 
1.291160521e+00 1.428266667e+00 1.611650485e+00 
1.404284165e+00 1.777066667e+00 1.817383264e+00 
1.072342733e+00 1.217600000e+00 1.389582370e+00 
1.270787961e+00 1.486400000e+00 1.665742025e+00 
1.128796095e+00 1.488533333e+00 1.539836647e+00 
1.091865510e+00 1.200533333e+00 1.335490831e+00 
1.400325380e+00 1.569066667e+00 1.737555864e+00 
1.292127440e+00 1.757333333e+00 1.813376483e+00 
1.331616052e+00 1.459733333e+00 1.632454924e+00 
1.134761388e+00 1.413333333e+00 1.529665588e+00 
1.613557484e+00 1.502400000e+00 1.687471105e+00 
1.412960954e+00 1.542933333e+00 1.741562644e+00 
1.056471258e+00 1.251200000e+00 1.335490831e+00 
1.085005423e+00 1.492800000e+00 1.498690091e+00 
1.479663774e+00 1.515200000e+00 1.687471105e+00 
1.420417570e+00 1.717866667e+00 1.844351980e+00 
1.140130152e+00 1.193066667e+00 1.337802435e+00 
1.065672451e+00 1.248533333e+00 1.269841270e+00 
1.048879067e+00 1.262933333e+00 1.269841270e+00 
1.367950108e+00 1.446400000e+00 1.615657266e+00 
1.080748373e+00 1.214933333e+00 1.399753429e+00 
1.153199566e+00 1.374933333e+00 1.539836647e+00 
1.015292842e+00 1.170133333e+00 1.207890276e+00 
1.481832972e+00 1.536533333e+00 1.708275543e+00 
1.433839479e+00 1.475200000e+00 1.665742025e+00 
1.015292842e+00 1.157866667e+00 1.136076437e+00 
1.060357918e+00 1.285866667e+00 1.399753429e+00 
1.234047180e+00 1.507200000e+00 1.611650485e+00 
1.107013557e+00 1.174933333e+00 1.273848051e+00 
1.051554772e+00 1.405866667e+00 1.389582370e+00 
1.363611714e+00 1.670400000e+00 1.745569425e+00 
1.061171367e+00 1.117333333e+00 1.263676992e+00 
1.048210412e+00 1.188266667e+00 1.263676992e+00 
1.023454447e+00 1.228266667e+00 1.211897057e+00 
1.025704989e+00 1.147200000e+00 1.201725998e+00 
1.150180586e+00 1.431466667e+00 1.541223609e+00 
1.071854664e+00 1.141333333e+00 1.269841270e+00 
1.115907267e+00 1.248533333e+00 1.403760210e+00 
1.053958785e+00 1.168533333e+00 1.259670211e+00 
1.000000000e+00 1.112000000e+00 1.000000000e+00 
1.000000000e+00 1.124266667e+00 1.071813839e+00 
1.095444685e+00 1.037866667e+00 1.129912159e+00 
1.057483731e+00 1.062400000e+00 1.136076437e+00 
1.095444685e+00 1.026666667e+00 1.000000000e+00 
1.137201735e+00 1.000000000e+00 1.000000000e+00 
1.052277657e+00 1.043733333e+00 1.133764833e+00 
1.025704989e+00 1.134933333e+00 1.129912159e+00 
1.052277657e+00 1.032000000e+00 1.000000000e+00 
1.039208243e+00 1.144000000e+00 1.133764833e+00 
1.137201735e+00 1.024533333e+00 1.125905378e+00 

1.328199566e+00 1.650133333e+00 1.844351980e+00 
1.142082430e+00 1.515733333e+00 1.665742025e+00 
1.129690889e+00 1.272000000e+00 1.471567268e+00 
1.180368764e+00 1.678933333e+00 1.772538141e+00 
1.457375271e+00 1.442666667e+00 1.646632763e+00 
1.266919740e+00 1.501333333e+00 1.737555864e+00 
1.394522777e+00 1.466666667e+00 1.646632763e+00 
1.133170824e+00 1.395200000e+00 1.632454924e+00 
1.155694143e+00 1.532800000e+00 1.704268763e+00 
1.110448482e+00 1.504533333e+00 1.535829866e+00 
1.711496746e+00 1.699200000e+00 1.852365542e+00 
1.210321584e+00 1.560000000e+00 1.741562644e+00 
1.312870390e+00 1.586133333e+00 1.813376483e+00 
1.493004338e+00 1.754666667e+00 1.924179380e+00 
1.103036876e+00 1.300800000e+00 1.461396209e+00 
1.405694143e+00 1.566933333e+00 1.772538141e+00 
1.155061280e+00 1.497600000e+00 1.636461704e+00 
1.069631236e+00 1.355733333e+00 1.525658807e+00 
1.312093275e+00 1.690133333e+00 1.844351980e+00 
1.703579176e+00 1.679466667e+00 1.848358761e+00 
1.408748915e+00 1.558400000e+00 1.741562644e+00 
1.362798265e+00 1.473600000e+00 1.665742025e+00 
1.116106291e+00 1.398400000e+00 1.597472646e+00 
1.450704989e+00 1.713066667e+00 1.852365542e+00 
1.234236985e+00 1.482133333e+00 1.673293266e+00 
1.418709328e+00 1.681066667e+00 1.848358761e+00 
1.420878525e+00 1.636800000e+00 1.844351980e+00 
1.164370933e+00 1.475200000e+00 1.665742025e+00 
1.595119306e+00 1.542933333e+00 1.772538141e+00 
1.127078633e+00 1.348800000e+00 1.529665588e+00 
1.735574837e+00 1.633066667e+00 1.852365542e+00 
1.119902386e+00 1.464000000e+00 1.632454924e+00 
1.072342733e+00 1.217600000e+00 1.389582370e+00 
1.506724512e+00 1.556800000e+00 1.844351980e+00 
1.091919740e+00 1.315200000e+00 1.525658807e+00 
1.227874187e+00 1.531733333e+00 1.704268763e+00 
1.375325380e+00 1.760000000e+00 1.848358761e+00 
1.177458243e+00 1.534400000e+00 1.708275543e+00 
1.196258134e+00 1.312000000e+00 1.496378487e+00 
1.064208243e+00 1.268800000e+00 1.273539837e+00 
1.300325380e+00 1.691733333e+00 1.844351980e+00 
1.635249458e+00 1.529066667e+00 1.772538141e+00 
1.290401302e+00 1.719466667e+00 1.844351980e+00 
1.391594360e+00 1.726933333e+00 1.852365542e+00 
1.131507592e+00 1.449600000e+00 1.632454924e+00 
1.048210412e+00 1.188266667e+00 1.263676992e+00 
1.558026030e+00 1.498133333e+00 1.708275543e+00 
1.104934924e+00 1.298133333e+00 1.471567268e+00 
1.358514100e+00 1.793066667e+00 1.852365542e+00 
1.048879067e+00 1.262933333e+00 1.269841270e+00 
1.417841649e+00 1.725866667e+00 1.852365542e+00 
1.060357918e+00 1.285866667e+00 1.399753429e+00 
1.203958785e+00 1.609600000e+00 1.772538141e+00 
1.275216920e+00 1.373333333e+00 1.535829866e+00 
1.023454447e+00 1.228266667e+00 1.211897057e+00 
1.153199566e+00 1.374933333e+00 1.539836647e+00 
1.840563991e+00 1.824000000e+00 1.928186161e+00 
1.333188720e+00 1.297066667e+00 1.502542765e+00 
1.025704989e+00 1.134933333e+00 1.129912159e+00 
1.115907267e+00 1.248533333e+00 1.403760210e+00 
1.140130152e+00 1.193066667e+00 1.337802435e+00 
1.091865510e+00 1.200533333e+00 1.335490831e+00 
1.025704989e+00 1.147200000e+00 1.201725998e+00 
1.533839479e+00 1.414933333e+00 1.636461704e+00 
1.080748373e+00 1.214933333e+00 1.399753429e+00 
1.351626898e+00 1.373333333e+00 1.539836647e+00 
1.015292842e+00 1.170133333e+00 1.207890276e+00 
1.268709328e+00 1.472000000e+00 1.636461704e+00 
1.053958785e+00 1.168533333e+00 1.259670211e+00 
1.107013557e+00 1.174933333e+00 1.273848051e+00 
1.071854664e+00 1.141333333e+00 1.269841270e+00 
1.485629067e+00 1.499200000e+00 1.708275543e+00 
1.059761388e+00 1.270400000e+00 1.333795654e+00 
1.015292842e+00 1.157866667e+00 1.136076437e+00 
1.489117679e+00 1.941866667e+00 1.924179380e+00 
1.599821041e+00 1.707200000e+00 1.920172600e+00 
1.137201735e+00 1.000000000e+00 1.000000000e+00 
1.061171367e+00 1.117333333e+00 1.263676992e+00 
1.039208243e+00 1.144000000e+00 1.133764833e+00 
1.052277657e+00 1.032000000e+00 1.000000000e+00 
1.137201735e+00 1.024533333e+00 1.125905378e+00 
1.052277657e+00 1.043733333e+00 1.133764833e+00 
1.095444685e+00 1.026666667e+00 1.000000000e+00 
1.000000000e+00 1.112000000e+00 1.000000000e+00 
1.000000000e+00 1.124266667e+00 1.071813839e+00 
1.057483731e+00 1.062400000e+00 1.136076437e+00 
1.095444685e+00 1.037866667e+00 1.129912159e+00 

1.129690889e+00 1.272000000e+00 1.471567268e+00 
1.633476139e+00 1.808533333e+00 1.928186161e+00 
1.636117137e+00 1.588266667e+00 1.844351980e+00 
1.091919740e+00 1.315200000e+00 1.525658807e+00 
1.100325380e+00 1.438933333e+00 1.597472646e+00 
1.133170824e+00 1.395200000e+00 1.632454924e+00 
1.278633406e+00 1.372800000e+00 1.597472646e+00 
1.148553688e+00 1.570133333e+00 1.737555864e+00 
1.105513557e+00 1.292266667e+00 1.403760210e+00 
1.069631236e+00 1.355733333e+00 1.525658807e+00 
1.406037419e+00 1.520533333e+00 1.716289105e+00 
1.322017354e+00 1.553066667e+00 1.712282324e+00 
1.124367137e+00 1.486933333e+00 1.665742025e+00 
1.589370933e+00 1.682133333e+00 1.859916782e+00 
1.245508134e+00 1.635200000e+00 1.772538141e+00 
1.330983189e+00 1.542400000e+00 1.772538141e+00 
1.312761931e+00 1.778133333e+00 1.924179380e+00 
1.433297180e+00 1.688533333e+00 1.852365542e+00 
1.501447939e+00 1.856000000e+00 1.928186161e+00 
1.640997831e+00 1.526933333e+00 1.737555864e+00 
1.168329718e+00 1.428800000e+00 1.636461704e+00 
1.648047722e+00 1.760000000e+00 1.928186161e+00 
1.104934924e+00 1.298133333e+00 1.471567268e+00 
1.406796638e+00 1.613333333e+00 1.788102943e+00 
1.307266811e+00 1.884266667e+00 1.920172600e+00 
1.558568330e+00 1.428266667e+00 1.704268763e+00 
1.392353579e+00 1.760000000e+00 1.893203883e+00 
1.513015184e+00 1.348800000e+00 1.529665588e+00 
1.402386117e+00 1.475200000e+00 1.665742025e+00 
1.318004338e+00 1.610666667e+00 1.772538141e+00 
1.427548807e+00 1.736000000e+00 1.920172600e+00 
1.329898590e+00 1.541866667e+00 1.712282324e+00 
1.614316703e+00 1.585600000e+00 1.788102943e+00 
1.360845987e+00 1.528533333e+00 1.712282324e+00 
1.144287961e+00 1.380800000e+00 1.568192325e+00 
1.234201193e+00 1.373333333e+00 1.570503930e+00 
1.051554772e+00 1.405866667e+00 1.389582370e+00 
1.587744035e+00 1.600533333e+00 1.788102943e+00 
1.520824295e+00 1.610666667e+00 1.784096163e+00 
1.069631236e+00 1.331200000e+00 1.399753429e+00 
1.318004338e+00 1.622933333e+00 1.844351980e+00 
1.232239696e+00 1.704000000e+00 1.772538141e+00 
1.091865510e+00 1.200533333e+00 1.335490831e+00 
1.245842191e+00 1.716266667e+00 1.844351980e+00 
1.376572668e+00 1.525866667e+00 1.712282324e+00 
1.259110629e+00 1.647466667e+00 1.844351980e+00 
1.322197939e+00 1.496000000e+00 1.708275543e+00 
1.051554772e+00 1.393600000e+00 1.335490831e+00 
1.072342733e+00 1.217600000e+00 1.389582370e+00 
1.140130152e+00 1.193066667e+00 1.337802435e+00 
1.217859544e+00 1.567466667e+00 1.737555864e+00 
1.547613883e+00 1.679466667e+00 1.848358761e+00 
1.333188720e+00 1.297066667e+00 1.502542765e+00 
1.056471258e+00 1.251200000e+00 1.335490831e+00 
1.113593818e+00 1.297600000e+00 1.496378487e+00 
1.048879067e+00 1.262933333e+00 1.269841270e+00 
1.362255965e+00 1.370666667e+00 1.632454924e+00 
1.048210412e+00 1.188266667e+00 1.263676992e+00 
1.641757050e+00 1.576000000e+00 1.798274002e+00 
1.080748373e+00 1.214933333e+00 1.399753429e+00 
1.025704989e+00 1.134933333e+00 1.129912159e+00 
1.107013557e+00 1.174933333e+00 1.273848051e+00 
1.053958785e+00 1.168533333e+00 1.259670211e+00 
1.015292842e+00 1.170133333e+00 1.207890276e+00 
1.023454447e+00 1.228266667e+00 1.211897057e+00 
1.061171367e+00 1.117333333e+00 1.263676992e+00 
1.039208243e+00 1.144000000e+00 1.133764833e+00 
1.115907267e+00 1.248533333e+00 1.403760210e+00 
1.071854664e+00 1.141333333e+00 1.269841270e+00 
1.119902386e+00 1.464000000e+00 1.632454924e+00 
1.459544469e+00 1.469333333e+00 1.642625982e+00 
1.153199566e+00 1.374933333e+00 1.539836647e+00 
1.015292842e+00 1.157866667e+00 1.136076437e+00 
1.025704989e+00 1.147200000e+00 1.201725998e+00 
1.095444685e+00 1.026666667e+00 1.000000000e+00 
1.095444685e+00 1.037866667e+00 1.129912159e+00 
1.052277657e+00 1.043733333e+00 1.133764833e+00 
1.052277657e+00 1.032000000e+00 1.000000000e+00 
1.137201735e+00 1.000000000e+00 1.000000000e+00 
1.000000000e+00 1.112000000e+00 1.000000000e+00 
1.137201735e+00 1.024533333e+00 1.125905378e+00 
1.057483731e+00 1.062400000e+00 1.136076437e+00 
1.000000000e+00 1.124266667e+00 1.071813839e+00 

1.435791757e+00 1.857066667e+00 1.920172600e+00 
1.367570499e+00 1.634133333e+00 1.772538141e+00 
1.146276030e+00 1.523733333e+00 1.673293266e+00 
1.376934382e+00 1.601600000e+00 1.772538141e+00 
1.376681128e+00 1.781333333e+00 1.852365542e+00 
1.274539046e+00 1.754666667e+00 1.844351980e+00 
1.266702820e+00 1.456000000e+00 1.611650485e+00 
1.480368764e+00 1.525866667e+00 1.718446602e+00 
1.428741866e+00 1.705066667e+00 1.844351980e+00 
1.100325380e+00 1.438933333e+00 1.597472646e+00 
1.387093275e+00 1.625600000e+00 1.813376483e+00 
1.504772234e+00 1.564800000e+00 1.780089382e+00 
1.727223427e+00 1.704000000e+00 1.928186161e+00 
1.403470716e+00 1.860266667e+00 1.920172600e+00 
1.213123644e+00 1.437333333e+00 1.597472646e+00 
1.132104121e+00 1.602133333e+00 1.704268763e+00 
1.265943601e+00 1.272000000e+00 1.471567268e+00 
1.408134490e+00 1.913066667e+00 1.924179380e+00 
1.417570499e+00 1.553066667e+00 1.772538141e+00 
1.104934924e+00 1.298133333e+00 1.471567268e+00 
1.447939262e+00 1.540266667e+00 1.712282324e+00 
1.600938178e+00 1.693866667e+00 1.859916782e+00 
1.178054772e+00 1.686933333e+00 1.780089382e+00 
1.333188720e+00 1.297066667e+00 1.502542765e+00 
1.322197939e+00 1.496000000e+00 1.708275543e+00 
1.455531453e+00 1.947200000e+00 1.928186161e+00 
1.657266811e+00 1.782400000e+00 1.928186161e+00 
1.324150217e+00 1.403733333e+00 1.611650485e+00 
1.386731562e+00 1.635200000e+00 1.784096163e+00 
1.560265727e+00 1.705600000e+00 1.920172600e+00 
1.568546638e+00 1.525333333e+00 1.718446602e+00 
1.571654013e+00 1.704000000e+00 1.859916782e+00 
1.378199566e+00 1.746133333e+00 1.848358761e+00 
1.451265184e+00 1.649600000e+00 1.844351980e+00 
1.051554772e+00 1.393600000e+00 1.335490831e+00 
1.395733731e+00 1.732800000e+00 1.848358761e+00 
1.513015184e+00 1.348800000e+00 1.529665588e+00 
1.226319414e+00 1.763733333e+00 1.848358761e+00 
1.368438178e+00 1.761600000e+00 1.848358761e+00 
1.697939262e+00 1.713600000e+00 1.928186161e+00 
1.471330260e+00 1.589333333e+00 1.780089382e+00 
1.448553688e+00 1.810133333e+00 1.920172600e+00 
1.168167028e+00 1.485333333e+00 1.605486207e+00 
1.334924078e+00 1.862400000e+00 1.852365542e+00 
1.281399132e+00 1.497600000e+00 1.648019726e+00 
1.543383948e+00 1.739200000e+00 1.924179380e+00 
1.186045011e+00 1.457600000e+00 1.636461704e+00 
1.391069957e+00 1.452800000e+00 1.704268763e+00 
1.177458243e+00 1.508800000e+00 1.632454924e+00 
1.281995662e+00 1.487466667e+00 1.665742025e+00 
1.142082430e+00 1.515733333e+00 1.665742025e+00 
1.350180586e+00 1.706133333e+00 1.788102943e+00 
1.276247289e+00 1.411200000e+00 1.632454924e+00 
1.180368764e+00 1.678933333e+00 1.772538141e+00 
1.445227766e+00 1.678400000e+00 1.848358761e+00 
1.505639913e+00 1.398400000e+00 1.601479427e+00 
1.349783080e+00 1.648000000e+00 1.772538141e+00 
1.483260846e+00 1.754666667e+00 1.893203883e+00 
1.386117137e+00 1.373333333e+00 1.570503930e+00 
1.597613883e+00 1.598933333e+00 1.848358761e+00 
1.708459870e+00 1.597333333e+00 1.784096163e+00 
1.376753254e+00 1.641600000e+00 1.788102943e+00 
1.327548807e+00 1.401066667e+00 1.611650485e+00 
1.080748373e+00 1.214933333e+00 1.399753429e+00 
1.170318330e+00 1.571733333e+00 1.741562644e+00 
1.517895879e+00 1.843200000e+00 1.924179380e+00 
1.133622560e+00 1.277333333e+00 1.403760210e+00 
1.321981020e+00 1.397333333e+00 1.597472646e+00 
1.069631236e+00 1.355733333e+00 1.525658807e+00 
1.353651302e+00 1.650133333e+00 1.813376483e+00 
1.105513557e+00 1.292266667e+00 1.403760210e+00 
1.107917570e+00 1.518933333e+00 1.632454924e+00 
1.167516269e+00 1.389866667e+00 1.576205887e+00 
1.298156182e+00 1.509333333e+00 1.673293266e+00 
1.153868221e+00 1.603733333e+00 1.708275543e+00 
1.210321584e+00 1.560000000e+00 1.741562644e+00 
1.520607375e+00 1.648000000e+00 1.821390045e+00 
1.216052061e+00 1.355200000e+00 1.525658807e+00 
1.115581887e+00 1.440533333e+00 1.601479427e+00 
1.301518438e+00 1.373333333e+00 1.539836647e+00 
1.060357918e+00 1.285866667e+00 1.399753429e+00 
1.412960954e+00 1.542933333e+00 1.741562644e+00 
1.113593818e+00 1.297600000e+00 1.496378487e+00 
1.450108460e+00 1.372800000e+00 1.535829866e+00 
1.167751085e+00 1.272533333e+00 1.409924488e+00 
1.091865510e+00 1.200533333e+00 1.335490831e+00 
1.627982646e+00 1.693333333e+00 1.920172600e+00 
1.048210412e+00 1.188266667e+00 1.263676992e+00 
1.023454447e+00 1.228266667e+00 1.211897057e+00 
1.390997831e+00 1.543466667e+00 1.741562644e+00 
1.210412148e+00 1.248533333e+00 1.403760210e+00 
1.329934924e+00 1.315200000e+00 1.525658807e+00 
1.025704989e+00 1.147200000e+00 1.201725998e+00 
1.475596529e+00 1.772800000e+00 1.920172600e+00 
1.165853037e+00 1.744533333e+00 1.714439821e+00 
1.061171367e+00 1.117333333e+00 1.263676992e+00 
1.107013557e+00 1.174933333e+00 1.273848051e+00 
1.144793926e+00 1.377600000e+00 1.529665588e+00 
1.051554772e+00 1.405866667e+00 1.389582370e+00 
1.072342733e+00 1.217600000e+00 1.389582370e+00 
1.071854664e+00 1.141333333e+00 1.269841270e+00 
1.301590564e+00 1.555733333e+00 1.704268763e+00 
1.048879067e+00 1.262933333e+00 1.269841270e+00 
1.284707158e+00 1.349333333e+00 1.529665588e+00 
1.170896421e+00 1.297066667e+00 1.471567268e+00 
1.204338395e+00 1.272533333e+00 1.471567268e+00 
1.140130152e+00 1.193066667e+00 1.337802435e+00 
1.015292842e+00 1.157866667e+00 1.136076437e+00 
1.056471258e+00 1.251200000e+00 1.335490831e+00 
1.025704989e+00 1.134933333e+00 1.129912159e+00 
1.039208243e+00 1.144000000e+00 1.133764833e+00 
1.053958785e+00 1.168533333e+00 1.259670211e+00 
1.137201735e+00 1.024533333e+00 1.125905378e+00 
1.095444685e+00 1.037866667e+00 1.129912159e+00 
1.000000000e+00 1.124266667e+00 1.071813839e+00 
1.052277657e+00 1.032000000e+00 1.000000000e+00 
1.015292842e+00 1.170133333e+00 1.207890276e+00 
1.095444685e+00 1.026666667e+00 1.000000000e+00 
1.057483731e+00 1.062400000e+00 1.136076437e+00 
1.052277657e+00 1.043733333e+00 1.133764833e+00 
1.137201735e+00 1.000000000e+00 1.000000000e+00 
1.000000000e+00 1.112000000e+00 1.000000000e+00 

1.529680043e+00 1.631466667e+00 1.798274002e+00 
1.100325380e+00 1.438933333e+00 1.597472646e+00 
1.678416486e+00 1.487466667e+00 1.677300046e+00 
1.153199566e+00 1.374933333e+00 1.539836647e+00 
1.609761388e+00 1.496533333e+00 1.691477886e+00 
1.143564534e+00 1.589333333e+00 1.708275543e+00 
1.189804772e+00 1.650133333e+00 1.844351980e+00 
1.585683297e+00 1.438933333e+00 1.642625982e+00 
1.234201193e+00 1.373333333e+00 1.570503930e+00 
1.164370933e+00 1.475200000e+00 1.665742025e+00 
1.371655640e+00 1.456000000e+00 1.646632763e+00 
1.051554772e+00 1.393600000e+00 1.335490831e+00 
1.197216377e+00 1.516800000e+00 1.677300046e+00 
1.167516269e+00 1.389866667e+00 1.576205887e+00 
1.356507592e+00 1.371200000e+00 1.537216828e+00 
1.306037419e+00 1.539733333e+00 1.718446602e+00 
1.417245119e+00 1.507200000e+00 1.704268763e+00 
1.299168655e+00 1.630933333e+00 1.780089382e+00 
1.129690889e+00 1.272000000e+00 1.471567268e+00 
1.133170824e+00 1.395200000e+00 1.632454924e+00 
1.196258134e+00 1.312000000e+00 1.496378487e+00 
1.760629067e+00 1.922133333e+00 1.928186161e+00 
1.848156182e+00 1.863466667e+00 1.928186161e+00 
1.065672451e+00 1.248000000e+00 1.265988596e+00 
1.048879067e+00 1.262933333e+00 1.269841270e+00 
1.104934924e+00 1.298133333e+00 1.471567268e+00 
1.131507592e+00 1.449600000e+00 1.632454924e+00 
1.103036876e+00 1.300800000e+00 1.461396209e+00 
1.617678959e+00 1.534400000e+00 1.708275543e+00 
1.091919740e+00 1.315200000e+00 1.525658807e+00 
1.694685466e+00 1.489600000e+00 1.681306827e+00 
1.745119306e+00 1.837866667e+00 1.874094622e+00 
1.641268980e+00 1.626133333e+00 1.794267221e+00 
1.152349783e+00 1.635733333e+00 1.772538141e+00 
1.417245119e+00 1.468800000e+00 1.673293266e+00 
1.132104121e+00 1.602133333e+00 1.704268763e+00 
1.393203362e+00 1.843200000e+00 1.920172600e+00 
1.407230477e+00 1.712533333e+00 1.852365542e+00 
1.160014642e+00 1.569600000e+00 1.704268763e+00 
1.390238612e+00 1.523200000e+00 1.704268763e+00 
1.080748373e+00 1.214933333e+00 1.399753429e+00 
1.048210412e+00 1.188266667e+00 1.263676992e+00 
1.097613883e+00 1.504533333e+00 1.632454924e+00 
1.127078633e+00 1.348800000e+00 1.529665588e+00 
1.056471258e+00 1.251200000e+00 1.335490831e+00 
1.072342733e+00 1.217600000e+00 1.389582370e+00 
1.281850868e+00 1.456533333e+00 1.646632763e+00 
1.407266811e+00 1.442666667e+00 1.646632763e+00 
1.926247289e+00 1.788800000e+00 1.866235167e+00 
1.618763557e+00 1.524800000e+00 1.708275543e+00 
1.382104121e+00 1.696000000e+00 1.848358761e+00 
1.023454447e+00 1.228266667e+00 1.211897057e+00 
1.799566161e+00 1.904533333e+00 1.928186161e+00 
1.292877983e+00 1.535466667e+00 1.708275543e+00 
1.608823210e+00 1.813866667e+00 1.866235167e+00 
1.475415944e+00 1.803200000e+00 1.863923563e+00 
1.069631236e+00 1.331200000e+00 1.399753429e+00 
1.123282538e+00 1.486400000e+00 1.605486207e+00 
1.463665944e+00 1.297600000e+00 1.496378487e+00 
1.330983189e+00 1.542400000e+00 1.772538141e+00 
1.168329718e+00 1.428800000e+00 1.636461704e+00 
1.148553688e+00 1.570133333e+00 1.737555864e+00 
1.165618221e+00 1.566933333e+00 1.772538141e+00 
1.115581887e+00 1.440533333e+00 1.601479427e+00 
1.478127440e+00 1.604800000e+00 1.788102943e+00 
1.069631236e+00 1.355733333e+00 1.525658807e+00 
1.140130152e+00 1.193066667e+00 1.337802435e+00 
1.091865510e+00 1.200533333e+00 1.335490831e+00 
1.124367137e+00 1.486933333e+00 1.665742025e+00 
1.053958785e+00 1.168533333e+00 1.259670211e+00 
1.039208243e+00 1.144000000e+00 1.133764833e+00 
1.000000000e+00 1.124266667e+00 1.071813839e+00 
1.115907267e+00 1.248533333e+00 1.403760210e+00 
1.015292842e+00 1.157866667e+00 1.136076437e+00 
1.061171367e+00 1.117333333e+00 1.263676992e+00 
1.107013557e+00 1.174933333e+00 1.273848051e+00 
1.015292842e+00 1.170133333e+00 1.207890276e+00 
1.025704989e+00 1.147200000e+00 1.201725998e+00 
1.025704989e+00 1.134933333e+00 1.129912159e+00 
1.137201735e+00 1.024533333e+00 1.125905378e+00 
1.095444685e+00 1.037866667e+00 1.129912159e+00 
1.137201735e+00 1.000000000e+00 1.000000000e+00 
1.071854664e+00 1.141333333e+00 1.269841270e+00 
1.052277657e+00 1.043733333e+00 1.133764833e+00 
1.052277657e+00 1.032000000e+00 1.000000000e+00 
1.000000000e+00 1.112000000e+00 1.000000000e+00 
1.057483731e+00 1.062400000e+00 1.136076437e+00 
1.095444685e+00 1.026666667e+00 1.000000000e+00 

1.256145879e+00 1.650133333e+00 1.844351980e+00 
1.627261388e+00 1.757866667e+00 1.893203883e+00 
1.750325380e+00 1.953066667e+00 1.928186161e+00 
1.300867679e+00 1.371200000e+00 1.537216828e+00 
1.192516269e+00 1.512000000e+00 1.708275543e+00 
1.354745119e+00 1.488533333e+00 1.677300046e+00 
1.100325380e+00 1.438933333e+00 1.597472646e+00 
1.382827007e+00 1.556266667e+00 1.772538141e+00 
1.147216377e+00 1.548266667e+00 1.673293266e+00 
1.211460412e+00 1.503466667e+00 1.737555864e+00 
1.120752169e+00 1.509333333e+00 1.601479427e+00 
1.129690889e+00 1.272000000e+00 1.471567268e+00 
1.056471258e+00 1.251200000e+00 1.335490831e+00 
1.162364425e+00 1.449600000e+00 1.632454924e+00 
1.197252169e+00 1.674666667e+00 1.844351980e+00 
1.387924620e+00 1.428266667e+00 1.642625982e+00 
1.210375813e+00 1.502933333e+00 1.677300046e+00 
1.406579718e+00 1.824000000e+00 1.852365542e+00 
1.146926790e+00 1.698133333e+00 1.708275543e+00 
1.463846529e+00 1.658133333e+00 1.859916782e+00 
1.616268980e+00 1.860266667e+00 1.924179380e+00 
1.091865510e+00 1.200533333e+00 1.335490831e+00 
1.165618221e+00 1.566933333e+00 1.772538141e+00 
1.240961497e+00 1.620266667e+00 1.780089382e+00 
1.091919740e+00 1.315200000e+00 1.525658807e+00 
1.257411605e+00 1.588266667e+00 1.813376483e+00 
1.398264642e+00 1.349333333e+00 1.529665588e+00 
1.262563449e+00 1.922133333e+00 1.920172600e+00 
1.442552603e+00 1.824533333e+00 1.920172600e+00 
1.478931670e+00 1.546666667e+00 1.753120666e+00 
1.148553688e+00 1.570133333e+00 1.737555864e+00 
1.333188720e+00 1.297066667e+00 1.502542765e+00 
1.276247289e+00 1.411200000e+00 1.632454924e+00 
1.186812907e+00 1.457066667e+00 1.673293266e+00 
1.589560738e+00 1.759466667e+00 1.893203883e+00 
1.065672451e+00 1.248000000e+00 1.265988596e+00 
1.450650759e+00 1.497066667e+00 1.704268763e+00 
1.583731020e+00 1.873066667e+00 1.924179380e+00 
1.048879067e+00 1.262933333e+00 1.269841270e+00 
1.801735358e+00 1.811200000e+00 1.924179380e+00 
1.116106291e+00 1.398400000e+00 1.597472646e+00 
1.107917570e+00 1.518933333e+00 1.632454924e+00 
1.115907267e+00 1.248533333e+00 1.403760210e+00 
1.048210412e+00 1.188266667e+00 1.263676992e+00 
1.051554772e+00 1.405866667e+00 1.389582370e+00 
1.691377440e+00 1.857600000e+00 1.924179380e+00 
1.140862256e+00 1.372266667e+00 1.597472646e+00 
1.103036876e+00 1.300800000e+00 1.461396209e+00 
1.235357918e+00 1.312000000e+00 1.496378487e+00 
1.124367137e+00 1.486933333e+00 1.665742025e+00 
1.053958785e+00 1.168533333e+00 1.259670211e+00 
1.151265184e+00 1.432000000e+00 1.601479427e+00 
1.072342733e+00 1.217600000e+00 1.389582370e+00 
1.361713666e+00 1.404800000e+00 1.601479427e+00 
1.025704989e+00 1.147200000e+00 1.201725998e+00 
1.069631236e+00 1.355733333e+00 1.525658807e+00 
1.140130152e+00 1.193066667e+00 1.337802435e+00 
1.579934924e+00 1.793600000e+00 1.863923563e+00 
1.064208243e+00 1.418133333e+00 1.461396209e+00 
1.051554772e+00 1.393600000e+00 1.335490831e+00 
1.069631236e+00 1.331200000e+00 1.399753429e+00 
1.023454447e+00 1.228266667e+00 1.211897057e+00 
1.257266811e+00 1.304533333e+00 1.475574048e+00 
1.061171367e+00 1.117333333e+00 1.263676992e+00 
1.071854664e+00 1.141333333e+00 1.269841270e+00 
1.039208243e+00 1.144000000e+00 1.133764833e+00 
1.361930586e+00 1.410666667e+00 1.632454924e+00 
1.015292842e+00 1.170133333e+00 1.207890276e+00 
1.080748373e+00 1.214933333e+00 1.399753429e+00 
1.052277657e+00 1.043733333e+00 1.133764833e+00 
1.025704989e+00 1.134933333e+00 1.129912159e+00 
1.015292842e+00 1.157866667e+00 1.136076437e+00 
1.000000000e+00 1.124266667e+00 1.071813839e+00 
1.107013557e+00 1.174933333e+00 1.273848051e+00 
1.057483731e+00 1.062400000e+00 1.136076437e+00 
1.137201735e+00 1.000000000e+00 1.000000000e+00 
1.000000000e+00 1.112000000e+00 1.000000000e+00 
1.095444685e+00 1.037866667e+00 1.129912159e+00 
1.137201735e+00 1.024533333e+00 1.125905378e+00 
1.095444685e+00 1.026666667e+00 1.000000000e+00 
1.052277657e+00 1.032000000e+00 1.000000000e+00 

1.542841649e+00 1.732266667e+00 1.893203883e+00 
1.464208243e+00 1.507733333e+00 1.716289105e+00 
1.527619306e+00 1.778133333e+00 1.863923563e+00 
1.597613883e+00 1.598933333e+00 1.848358761e+00 
1.072342733e+00 1.217600000e+00 1.389582370e+00 
1.524403471e+00 1.395200000e+00 1.632454924e+00 
1.643383948e+00 1.682133333e+00 1.920172600e+00 
1.466052061e+00 1.498133333e+00 1.708275543e+00 
1.566377440e+00 1.731200000e+00 1.893203883e+00 
1.547939262e+00 1.753600000e+00 1.924179380e+00 
1.569414317e+00 1.741866667e+00 1.924179380e+00 
1.460448482e+00 1.786666667e+00 1.920172600e+00 
1.461496746e+00 1.645866667e+00 1.852365542e+00 
1.376572668e+00 1.525866667e+00 1.712282324e+00 
1.189804772e+00 1.650133333e+00 1.844351980e+00 
1.457555857e+00 1.524266667e+00 1.708275543e+00 
1.521691974e+00 1.529066667e+00 1.772538141e+00 
1.407266811e+00 1.442666667e+00 1.646632763e+00 
1.197071584e+00 1.392533333e+00 1.545230390e+00 
1.056471258e+00 1.251200000e+00 1.335490831e+00 
1.278416486e+00 1.533333333e+00 1.704268763e+00 
1.276247289e+00 1.411200000e+00 1.632454924e+00 
1.309978308e+00 1.398400000e+00 1.597472646e+00 
1.048879067e+00 1.262933333e+00 1.269841270e+00 
1.091919740e+00 1.315200000e+00 1.525658807e+00 
1.257266811e+00 1.304533333e+00 1.475574048e+00 
1.360484273e+00 1.706666667e+00 1.848358761e+00 
1.420281996e+00 1.414933333e+00 1.636461704e+00 
1.267669740e+00 1.827200000e+00 1.920172600e+00 
1.376934382e+00 1.627200000e+00 1.848358761e+00 
1.364388829e+00 1.727466667e+00 1.852365542e+00 
1.330983189e+00 1.542400000e+00 1.772538141e+00 
1.305820499e+00 1.787733333e+00 1.920172600e+00 
1.547722343e+00 1.556800000e+00 1.844351980e+00 
1.140130152e+00 1.193066667e+00 1.337802435e+00 
1.604121475e+00 1.473600000e+00 1.665742025e+00 
1.383767354e+00 1.822933333e+00 1.928186161e+00 
1.349159436e+00 1.779200000e+00 1.863923563e+00 
1.327548807e+00 1.401066667e+00 1.611650485e+00 
1.436767896e+00 1.626666667e+00 1.813376483e+00 
1.410340022e+00 1.812266667e+00 1.928186161e+00 
1.165618221e+00 1.566933333e+00 1.772538141e+00 
1.432754881e+00 1.348800000e+00 1.570503930e+00 
1.091865510e+00 1.200533333e+00 1.335490831e+00 
1.200289046e+00 1.403200000e+00 1.611650485e+00 
1.281850868e+00 1.456533333e+00 1.646632763e+00 
1.251807484e+00 1.523733333e+00 1.685313608e+00 
1.124367137e+00 1.486933333e+00 1.665742025e+00 
1.097613883e+00 1.504533333e+00 1.632454924e+00 
1.164714208e+00 1.574400000e+00 1.673293266e+00 
1.143564534e+00 1.589333333e+00 1.708275543e+00 
1.230965293e+00 1.545600000e+00 1.716289105e+00 
1.110882321e+00 1.435733333e+00 1.632454924e+00 
1.261388286e+00 1.720000000e+00 1.848358761e+00 
1.460954447e+00 1.521600000e+00 1.708275543e+00 
1.080748373e+00 1.214933333e+00 1.399753429e+00 
1.137870390e+00 1.400000000e+00 1.601479427e+00 
1.069631236e+00 1.355733333e+00 1.525658807e+00 
1.127078633e+00 1.348800000e+00 1.529665588e+00 
1.449204447e+00 1.801600000e+00 1.928186161e+00 
1.152349783e+00 1.635733333e+00 1.772538141e+00 
1.015292842e+00 1.170133333e+00 1.207890276e+00 
1.060357918e+00 1.285866667e+00 1.399753429e+00 
1.015292842e+00 1.157866667e+00 1.136076437e+00 
1.198300976e+00 1.720533333e+00 1.848358761e+00 
1.048210412e+00 1.188266667e+00 1.263676992e+00 
1.386785792e+00 1.673600000e+00 1.852365542e+00 
1.129690889e+00 1.272000000e+00 1.471567268e+00 
1.107013557e+00 1.174933333e+00 1.273848051e+00 
1.115907267e+00 1.248533333e+00 1.403760210e+00 
1.023454447e+00 1.228266667e+00 1.211897057e+00 
1.039208243e+00 1.144000000e+00 1.133764833e+00 
1.434056399e+00 1.670933333e+00 1.852365542e+00 
1.025704989e+00 1.147200000e+00 1.201725998e+00 
1.301518438e+00 1.373333333e+00 1.539836647e+00 
1.053958785e+00 1.168533333e+00 1.259670211e+00 
1.095444685e+00 1.037866667e+00 1.129912159e+00 
1.025704989e+00 1.134933333e+00 1.129912159e+00 
1.071854664e+00 1.141333333e+00 1.269841270e+00 
1.000000000e+00 1.112000000e+00 1.000000000e+00 
1.057483731e+00 1.062400000e+00 1.136076437e+00 
1.000000000e+00 1.124266667e+00 1.071813839e+00 
1.052277657e+00 1.032000000e+00 1.000000000e+00 
1.137201735e+00 1.024533333e+00 1.125905378e+00 
1.052277657e+00 1.043733333e+00 1.133764833e+00 
1.095444685e+00 1.026666667e+00 1.000000000e+00 
1.061171367e+00 1.117333333e+00 1.263676992e+00 
1.137201735e+00 1.000000000e+00 1.000000000e+00 

1.559148590e+00 1.581333333e+00 1.784096163e+00 
1.080748373e+00 1.214933333e+00 1.399753429e+00 
1.221800434e+00 1.585600000e+00 1.741562644e+00 
1.428778200e+00 1.641066667e+00 1.848358761e+00 
1.635574837e+00 1.486933333e+00 1.712282324e+00 
1.218645879e+00 1.752533333e+00 1.745569425e+00 
1.386117137e+00 1.373333333e+00 1.570503930e+00 
1.329934924e+00 1.315200000e+00 1.525658807e+00 
1.105459328e+00 1.498133333e+00 1.568192325e+00 
1.394830260e+00 1.739200000e+00 1.863923563e+00 
1.414895336e+00 1.579200000e+00 1.772538141e+00 
1.338566703e+00 1.705600000e+00 1.788102943e+00 
1.197216377e+00 1.516800000e+00 1.677300046e+00 
1.489289588e+00 1.754666667e+00 1.924179380e+00 
1.336939805e+00 1.674666667e+00 1.784096163e+00 
1.631236443e+00 1.477333333e+00 1.704268763e+00 
1.133170824e+00 1.395200000e+00 1.632454924e+00 
1.363195770e+00 1.568533333e+00 1.712282324e+00 
1.105513557e+00 1.292266667e+00 1.403760210e+00 
1.237699024e+00 1.535466667e+00 1.708275543e+00 
1.687635575e+00 1.559466667e+00 1.844351980e+00 
1.375813449e+00 1.473600000e+00 1.665742025e+00 
1.072342733e+00 1.217600000e+00 1.389582370e+00 
1.056471258e+00 1.251200000e+00 1.335490831e+00 
1.309978308e+00 1.583466667e+00 1.737555864e+00 
1.343374729e+00 1.881600000e+00 1.920172600e+00 
1.270381236e+00 1.689066667e+00 1.784096163e+00 
1.129690889e+00 1.272000000e+00 1.471567268e+00 
1.048879067e+00 1.262933333e+00 1.269841270e+00 
1.173987527e+00 1.543466667e+00 1.638773309e+00 
1.085005423e+00 1.480533333e+00 1.525658807e+00 
1.148987527e+00 1.385600000e+00 1.537216828e+00 
1.413051518e+00 1.674133333e+00 1.792109724e+00 
1.090374187e+00 1.380266667e+00 1.525658807e+00 
1.601952278e+00 1.555200000e+00 1.772538141e+00 
1.225867679e+00 1.336000000e+00 1.502542765e+00 
1.140130152e+00 1.193066667e+00 1.337802435e+00 
1.168329718e+00 1.428800000e+00 1.636461704e+00 
1.386478850e+00 1.684800000e+00 1.792109724e+00 
1.119902386e+00 1.464000000e+00 1.632454924e+00 
1.113593818e+00 1.297600000e+00 1.496378487e+00 
1.705124729e+00 1.737600000e+00 1.924179380e+00 
1.481127983e+00 1.504000000e+00 1.737555864e+00 
1.465148048e+00 1.523200000e+00 1.685313608e+00 
1.728308026e+00 1.698666667e+00 1.852365542e+00 
1.421502169e+00 1.788266667e+00 1.920172600e+00 
1.464343818e+00 1.766400000e+00 1.924179380e+00 
1.201012473e+00 1.582400000e+00 1.712282324e+00 
1.383947939e+00 1.554666667e+00 1.712282324e+00 
1.270787961e+00 1.486400000e+00 1.665742025e+00 
1.326021150e+00 1.768533333e+00 1.844351980e+00 
1.319594902e+00 1.650133333e+00 1.772538141e+00 
1.100325380e+00 1.366400000e+00 1.496378487e+00 
1.362391540e+00 1.696000000e+00 1.788102943e+00 
1.963665944e+00 1.706666667e+00 1.859916782e+00 
1.379202820e+00 1.832000000e+00 1.863923563e+00 
1.863882863e+00 1.916800000e+00 1.928186161e+00 
1.408748915e+00 1.558400000e+00 1.741562644e+00 
1.429609544e+00 1.532800000e+00 1.737555864e+00 
1.099602495e+00 1.379733333e+00 1.525658807e+00 
1.301518438e+00 1.373333333e+00 1.539836647e+00 
1.933297180e+00 1.718400000e+00 1.859916782e+00 
1.272451193e+00 1.339733333e+00 1.506549545e+00 
1.069631236e+00 1.331200000e+00 1.399753429e+00 
1.216052061e+00 1.355200000e+00 1.525658807e+00 
1.351048265e+00 1.611200000e+00 1.772538141e+00 
1.048210412e+00 1.188266667e+00 1.263676992e+00 
1.371655640e+00 1.456000000e+00 1.646632763e+00 
1.306399132e+00 1.331733333e+00 1.498690091e+00 
1.513015184e+00 1.348800000e+00 1.529665588e+00 
1.531003254e+00 1.725866667e+00 1.852365542e+00 
1.300867679e+00 1.371200000e+00 1.537216828e+00 
1.316919740e+00 1.324800000e+00 1.506549545e+00 
1.061171367e+00 1.117333333e+00 1.263676992e+00 
1.420679501e+00 1.502400000e+00 1.677300046e+00 
1.919197397e+00 1.756800000e+00 1.928186161e+00 
1.888828633e+00 1.784000000e+00 1.928186161e+00 
1.115907267e+00 1.248533333e+00 1.403760210e+00 
1.385972343e+00 1.573866667e+00 1.741562644e+00 
1.466919740e+00 1.297066667e+00 1.502542765e+00 
1.155061280e+00 1.497600000e+00 1.636461704e+00 
1.457013557e+00 1.504000000e+00 1.681306827e+00 
1.107013557e+00 1.174933333e+00 1.273848051e+00 
1.053958785e+00 1.168533333e+00 1.259670211e+00 
1.675840564e+00 1.725866667e+00 1.863923563e+00 
1.835683297e+00 1.688000000e+00 1.852365542e+00 
1.879067245e+00 1.887466667e+00 1.928186161e+00 
1.144793926e+00 1.377600000e+00 1.529665588e+00 
1.127114967e+00 1.200533333e+00 1.335490831e+00 
1.023454447e+00 1.228266667e+00 1.211897057e+00 
1.039208243e+00 1.144000000e+00 1.133764833e+00 
1.025704989e+00 1.147200000e+00 1.201725998e+00 
1.025704989e+00 1.134933333e+00 1.129912159e+00 
1.015292842e+00 1.170133333e+00 1.207890276e+00 
1.137201735e+00 1.024533333e+00 1.125905378e+00 
1.095444685e+00 1.037866667e+00 1.129912159e+00 
1.015292842e+00 1.157866667e+00 1.136076437e+00 
1.137201735e+00 1.000000000e+00 1.000000000e+00 
1.071854664e+00 1.141333333e+00 1.269841270e+00 
1.000000000e+00 1.124266667e+00 1.071813839e+00 
1.052277657e+00 1.043733333e+00 1.133764833e+00 
1.000000000e+00 1.112000000e+00 1.000000000e+00 
1.057483731e+00 1.062400000e+00 1.136076437e+00 
1.095444685e+00 1.026666667e+00 1.000000000e+00 
1.052277657e+00 1.032000000e+00 1.000000000e+00 

1.362255965e+00 1.370666667e+00 1.632454924e+00 
1.443329718e+00 1.646933333e+00 1.852365542e+00 
1.416757050e+00 1.672533333e+00 1.852365542e+00 
1.101265184e+00 1.463466667e+00 1.597472646e+00 
1.110882321e+00 1.435733333e+00 1.632454924e+00 
1.393248373e+00 1.569600000e+00 1.784096163e+00 
1.551464208e+00 1.727466667e+00 1.924179380e+00 
1.400488069e+00 1.694933333e+00 1.848358761e+00 
1.360177332e+00 1.738666667e+00 1.852365542e+00 
1.251626898e+00 1.582933333e+00 1.784096163e+00 
1.129690889e+00 1.272000000e+00 1.471567268e+00 
1.328036876e+00 1.534933333e+00 1.708275543e+00 
1.706654013e+00 1.729600000e+00 1.928186161e+00 
1.370878525e+00 1.486933333e+00 1.712282324e+00 
1.301988612e+00 1.637333333e+00 1.844351980e+00 
1.116106291e+00 1.398400000e+00 1.597472646e+00 
1.493964208e+00 1.864533333e+00 2.000000000e+00 
1.344305857e+00 1.512533333e+00 1.712282324e+00 
1.127078633e+00 1.348800000e+00 1.529665588e+00 
1.417715293e+00 1.694400000e+00 1.920172600e+00 
1.403073210e+00 1.706133333e+00 1.859916782e+00 
1.641757050e+00 1.645333333e+00 1.852365542e+00 
1.184291215e+00 1.548800000e+00 1.708275543e+00 
1.103036876e+00 1.300800000e+00 1.461396209e+00 
1.168329718e+00 1.428800000e+00 1.636461704e+00 
1.498953362e+00 1.625600000e+00 1.848358761e+00 
1.575200651e+00 1.795733333e+00 1.928186161e+00 
1.308170824e+00 1.581333333e+00 1.844351980e+00 
1.205622017e+00 1.555200000e+00 1.772538141e+00 
1.467245119e+00 1.569066667e+00 1.784096163e+00 
1.157357375e+00 1.478400000e+00 1.704268763e+00 
1.333188720e+00 1.297066667e+00 1.502542765e+00 
1.113593818e+00 1.297600000e+00 1.496378487e+00 
1.182113341e+00 1.452266667e+00 1.704268763e+00 
1.133170824e+00 1.395200000e+00 1.632454924e+00 
1.076509219e+00 1.355200000e+00 1.399753429e+00 
1.048210412e+00 1.188266667e+00 1.263676992e+00 
1.140862256e+00 1.372266667e+00 1.597472646e+00 
1.090374187e+00 1.380266667e+00 1.525658807e+00 
1.500851410e+00 1.680533333e+00 1.859916782e+00 
1.498047722e+00 1.549333333e+00 1.718446602e+00 
1.072297722e+00 1.430400000e+00 1.389582370e+00 
1.091919740e+00 1.315200000e+00 1.525658807e+00 
1.023454447e+00 1.228266667e+00 1.211897057e+00 
1.104934924e+00 1.298133333e+00 1.471567268e+00 
1.465600325e+00 1.739200000e+00 1.924179380e+00 
1.048879067e+00 1.262933333e+00 1.269841270e+00 
1.091865510e+00 1.200533333e+00 1.335490831e+00 
1.115907267e+00 1.248533333e+00 1.403760210e+00 
1.080748373e+00 1.214933333e+00 1.399753429e+00 
1.404049349e+00 1.553600000e+00 1.772538141e+00 
1.140130152e+00 1.193066667e+00 1.337802435e+00 
1.072342733e+00 1.217600000e+00 1.389582370e+00 
1.053958785e+00 1.168533333e+00 1.259670211e+00 
1.025704989e+00 1.134933333e+00 1.129912159e+00 
1.384418113e+00 1.751466667e+00 1.924179380e+00 
1.056471258e+00 1.251200000e+00 1.335490831e+00 
1.071854664e+00 1.141333333e+00 1.269841270e+00 
1.015292842e+00 1.157866667e+00 1.136076437e+00 
1.061171367e+00 1.117333333e+00 1.263676992e+00 
1.057483731e+00 1.062400000e+00 1.136076437e+00 
1.015292842e+00 1.170133333e+00 1.207890276e+00 
1.025704989e+00 1.147200000e+00 1.201725998e+00 
1.107013557e+00 1.174933333e+00 1.273848051e+00 
1.039208243e+00 1.144000000e+00 1.133764833e+00 
1.095444685e+00 1.037866667e+00 1.129912159e+00 
1.095444685e+00 1.026666667e+00 1.000000000e+00 
1.000000000e+00 1.112000000e+00 1.000000000e+00 
1.000000000e+00 1.124266667e+00 1.071813839e+00 
1.137201735e+00 1.024533333e+00 1.125905378e+00 
1.137201735e+00 1.000000000e+00 1.000000000e+00 
1.052277657e+00 1.032000000e+00 1.000000000e+00 
1.052277657e+00 1.043733333e+00 1.133764833e+00 

1.388503254e+00 1.479466667e+00 1.642625982e+00 
1.461496746e+00 1.645866667e+00 1.852365542e+00 
1.322197939e+00 1.496000000e+00 1.708275543e+00 
1.072342733e+00 1.217600000e+00 1.389582370e+00 
1.356724512e+00 1.608000000e+00 1.772538141e+00 
1.232465835e+00 1.729600000e+00 1.844351980e+00 
1.408568330e+00 1.637333333e+00 1.844351980e+00 
1.137093275e+00 1.327466667e+00 1.461396209e+00 
1.727223427e+00 1.704000000e+00 1.928186161e+00 
1.255748373e+00 1.388800000e+00 1.539836647e+00 
1.148553688e+00 1.570133333e+00 1.737555864e+00 
1.321981020e+00 1.397333333e+00 1.597472646e+00 
1.051554772e+00 1.393600000e+00 1.335490831e+00 
1.278091106e+00 1.569600000e+00 1.737555864e+00 
1.146276030e+00 1.523733333e+00 1.673293266e+00 
1.444685466e+00 1.315200000e+00 1.525658807e+00 
1.110448482e+00 1.504000000e+00 1.531977192e+00 
1.640455531e+00 1.731733333e+00 1.924179380e+00 
1.885574837e+00 1.879466667e+00 2.000000000e+00 
1.436767896e+00 1.626666667e+00 1.813376483e+00 
1.196258134e+00 1.312000000e+00 1.496378487e+00 
1.600938178e+00 1.693866667e+00 1.859916782e+00 
1.664387202e+00 1.891200000e+00 2.000000000e+00 
1.124367137e+00 1.486933333e+00 1.665742025e+00 
1.407266811e+00 1.442666667e+00 1.646632763e+00 
1.110882321e+00 1.435733333e+00 1.632454924e+00 
1.424150217e+00 1.752533333e+00 1.924179380e+00 
1.164678416e+00 1.400533333e+00 1.539836647e+00 
1.390997831e+00 1.543466667e+00 1.741562644e+00 
1.265943601e+00 1.272000000e+00 1.471567268e+00 
1.278416486e+00 1.533333333e+00 1.704268763e+00 
1.189804772e+00 1.637866667e+00 1.772538141e+00 
1.388611714e+00 1.502400000e+00 1.737555864e+00 
1.192950108e+00 1.293333333e+00 1.463707813e+00 
1.242046095e+00 1.372800000e+00 1.535829866e+00 
1.585683297e+00 1.438933333e+00 1.642625982e+00 
1.268112798e+00 1.422933333e+00 1.578363384e+00 
1.060357918e+00 1.285866667e+00 1.399753429e+00 
1.597613883e+00 1.598933333e+00 1.848358761e+00 
1.618980477e+00 1.743466667e+00 1.924179380e+00 
1.582646421e+00 1.609600000e+00 1.784096163e+00 
1.463340564e+00 1.636266667e+00 1.844351980e+00 
1.091865510e+00 1.200533333e+00 1.335490831e+00 
1.460484273e+00 1.614933333e+00 1.780089382e+00 
1.222342733e+00 1.339733333e+00 1.506549545e+00 
1.313665944e+00 1.567466667e+00 1.737555864e+00 
1.048879067e+00 1.262933333e+00 1.269841270e+00 
1.520281996e+00 1.622933333e+00 1.844351980e+00 
1.604121475e+00 1.473600000e+00 1.665742025e+00 
1.317245119e+00 1.552533333e+00 1.712282324e+00 
1.134761388e+00 1.413333333e+00 1.529665588e+00 
1.355169740e+00 1.613333333e+00 1.772538141e+00 
1.359074295e+00 1.697066667e+00 1.817383264e+00 
1.327548807e+00 1.401066667e+00 1.611650485e+00 
1.582971800e+00 1.610666667e+00 1.788102943e+00 
1.417570499e+00 1.553066667e+00 1.772538141e+00 
1.652456616e+00 1.693333333e+00 1.859916782e+00 
1.226030369e+00 1.395733333e+00 1.537216828e+00 
1.560265727e+00 1.705600000e+00 1.920172600e+00 
1.353651302e+00 1.650133333e+00 1.813376483e+00 
1.380223970e+00 1.659733333e+00 1.844351980e+00 
1.276247289e+00 1.411200000e+00 1.632454924e+00 
1.257266811e+00 1.304533333e+00 1.475574048e+00 
1.471330260e+00 1.589333333e+00 1.780089382e+00 
1.048210412e+00 1.188266667e+00 1.263676992e+00 
1.204338395e+00 1.272533333e+00 1.471567268e+00 
1.056471258e+00 1.251200000e+00 1.335490831e+00 
1.396420824e+00 1.590400000e+00 1.745569425e+00 
1.318004338e+00 1.402133333e+00 1.611650485e+00 
1.170318330e+00 1.571733333e+00 1.741562644e+00 
1.634707158e+00 1.739733333e+00 1.924179380e+00 
1.488611714e+00 1.542933333e+00 1.772538141e+00 
1.248101952e+00 1.336000000e+00 1.502542765e+00 
1.666377440e+00 1.758400000e+00 1.928186161e+00 
1.301518438e+00 1.373333333e+00 1.539836647e+00 
1.115907267e+00 1.248533333e+00 1.403760210e+00 
1.069631236e+00 1.355733333e+00 1.525658807e+00 
1.170896421e+00 1.297066667e+00 1.471567268e+00 
1.390455531e+00 1.773866667e+00 1.848358761e+00 
1.140130152e+00 1.193066667e+00 1.337802435e+00 
1.023454447e+00 1.228266667e+00 1.211897057e+00 
1.025704989e+00 1.147200000e+00 1.201725998e+00 
1.310520607e+00 1.331733333e+00 1.498690091e+00 
1.080748373e+00 1.214933333e+00 1.399753429e+00 
1.061171367e+00 1.117333333e+00 1.263676992e+00 
1.359002169e+00 1.542933333e+00 1.737555864e+00 
1.107013557e+00 1.174933333e+00 1.273848051e+00 
1.053958785e+00 1.168533333e+00 1.259670211e+00 
1.039208243e+00 1.144000000e+00 1.133764833e+00 
1.025704989e+00 1.134933333e+00 1.129912159e+00 
1.167751085e+00 1.272533333e+00 1.409924488e+00 
1.071854664e+00 1.141333333e+00 1.269841270e+00 
1.015292842e+00 1.157866667e+00 1.136076437e+00 
1.137201735e+00 1.000000000e+00 1.000000000e+00 
1.000000000e+00 1.124266667e+00 1.071813839e+00 
1.000000000e+00 1.112000000e+00 1.000000000e+00 
1.052277657e+00 1.032000000e+00 1.000000000e+00 
1.095444685e+00 1.026666667e+00 1.000000000e+00 
1.052277657e+00 1.043733333e+00 1.133764833e+00 
1.057483731e+00 1.062400000e+00 1.136076437e+00 
1.015292842e+00 1.170133333e+00 1.207890276e+00 
1.095444685e+00 1.037866667e+00 1.129912159e+00 
1.137201735e+00 1.024533333e+00 1.125905378e+00 

1.193637202e+00 1.697066667e+00 1.780089382e+00 
1.422523319e+00 1.610666667e+00 1.788102943e+00 
1.419197397e+00 1.379200000e+00 1.574356603e+00 
1.152349783e+00 1.635733333e+00 1.772538141e+00 
1.124367137e+00 1.486933333e+00 1.665742025e+00 
1.153868221e+00 1.603733333e+00 1.708275543e+00 
1.333188720e+00 1.297066667e+00 1.502542765e+00 
1.118293384e+00 1.302400000e+00 1.465402990e+00 
1.352892082e+00 1.579200000e+00 1.780089382e+00 
1.100325380e+00 1.438933333e+00 1.597472646e+00 
1.624403471e+00 1.499733333e+00 1.718446602e+00 
1.423427332e+00 1.537066667e+00 1.718446602e+00 
1.494034707e+00 1.406933333e+00 1.578363384e+00 
1.091919740e+00 1.315200000e+00 1.525658807e+00 
1.538682213e+00 1.646400000e+00 1.852365542e+00 
1.183333514e+00 1.595733333e+00 1.772538141e+00 
1.197252169e+00 1.674666667e+00 1.844351980e+00 
1.312761931e+00 1.778133333e+00 1.924179380e+00 
1.514642082e+00 1.598400000e+00 1.784096163e+00 
1.376572668e+00 1.525866667e+00 1.712282324e+00 
1.092190889e+00 1.566933333e+00 1.568192325e+00 
1.310231562e+00 1.801066667e+00 1.920172600e+00 
1.302097072e+00 1.815466667e+00 1.920172600e+00 
1.097613883e+00 1.504533333e+00 1.632454924e+00 
1.164678416e+00 1.400533333e+00 1.539836647e+00 
1.110882321e+00 1.435733333e+00 1.632454924e+00 
1.434056399e+00 1.670933333e+00 1.852365542e+00 
1.368655098e+00 1.760533333e+00 1.920172600e+00 
1.516268980e+00 1.456000000e+00 1.646632763e+00 
1.259110629e+00 1.647466667e+00 1.844351980e+00 
1.385791757e+00 1.627200000e+00 1.813376483e+00 
1.048879067e+00 1.262933333e+00 1.269841270e+00 
1.626355748e+00 1.455466667e+00 1.642625982e+00 
1.142516269e+00 1.543466667e+00 1.704268763e+00 
1.608134490e+00 1.588266667e+00 1.788102943e+00 
1.192950108e+00 1.293333333e+00 1.463707813e+00 
1.306941432e+00 1.494400000e+00 1.704268763e+00 
1.190672451e+00 1.780266667e+00 1.780089382e+00 
1.880911063e+00 1.717333333e+00 1.928186161e+00 
1.330983189e+00 1.542400000e+00 1.772538141e+00 
1.129247831e+00 1.612266667e+00 1.704268763e+00 
1.056471258e+00 1.238933333e+00 1.263676992e+00 
1.140130152e+00 1.193066667e+00 1.337802435e+00 
1.459002169e+00 1.715733333e+00 1.924179380e+00 
1.201409978e+00 1.518933333e+00 1.704268763e+00 
1.281850868e+00 1.456533333e+00 1.646632763e+00 
1.400108460e+00 1.740266667e+00 1.924179380e+00 
1.623318872e+00 1.935466667e+00 2.000000000e+00 
1.217859544e+00 1.567466667e+00 1.737555864e+00 
1.529896963e+00 1.600000000e+00 1.788102943e+00 
1.837852495e+00 1.862400000e+00 1.928186161e+00 
1.167751085e+00 1.272533333e+00 1.409924488e+00 
1.069631236e+00 1.355733333e+00 1.525658807e+00 
1.360845987e+00 1.528533333e+00 1.712282324e+00 
1.573606291e+00 1.945600000e+00 2.000000000e+00 
1.556127983e+00 1.997866667e+00 2.000000000e+00 
1.056471258e+00 1.251200000e+00 1.335490831e+00 
1.115907267e+00 1.248533333e+00 1.403760210e+00 
1.069631236e+00 1.331200000e+00 1.399753429e+00 
1.051554772e+00 1.393600000e+00 1.335490831e+00 
1.524403471e+00 1.395200000e+00 1.632454924e+00 
1.322197939e+00 1.496000000e+00 1.708275543e+00 
1.592733189e+00 1.428800000e+00 1.636461704e+00 
1.051554772e+00 1.405866667e+00 1.389582370e+00 
1.091865510e+00 1.200533333e+00 1.335490831e+00 
1.167516269e+00 1.389866667e+00 1.576205887e+00 
1.450108460e+00 1.372800000e+00 1.535829866e+00 
1.072342733e+00 1.217600000e+00 1.389582370e+00 
1.276247289e+00 1.411200000e+00 1.632454924e+00 
1.483947939e+00 1.515200000e+00 1.712282324e+00 
1.023454447e+00 1.228266667e+00 1.211897057e+00 
1.574837310e+00 1.389333333e+00 1.576205887e+00 
1.015292842e+00 1.157866667e+00 1.136076437e+00 
1.061171367e+00 1.117333333e+00 1.263676992e+00 
1.064208243e+00 1.418133333e+00 1.461396209e+00 
1.513015184e+00 1.348800000e+00 1.529665588e+00 
1.025704989e+00 1.134933333e+00 1.129912159e+00 
1.015292842e+00 1.170133333e+00 1.207890276e+00 
1.025704989e+00 1.147200000e+00 1.201725998e+00 
1.039208243e+00 1.144000000e+00 1.133764833e+00 
1.080748373e+00 1.214933333e+00 1.399753429e+00 
1.000000000e+00 1.112000000e+00 1.000000000e+00 
1.095444685e+00 1.037866667e+00 1.129912159e+00 
1.107013557e+00 1.174933333e+00 1.273848051e+00 
1.071854664e+00 1.141333333e+00 1.269841270e+00 
1.052277657e+00 1.043733333e+00 1.133764833e+00 
1.053958785e+00 1.168533333e+00 1.259670211e+00 
1.000000000e+00 1.124266667e+00 1.071813839e+00 
1.095444685e+00 1.026666667e+00 1.000000000e+00 
1.052277657e+00 1.032000000e+00 1.000000000e+00 
1.057483731e+00 1.062400000e+00 1.136076437e+00 
1.137201735e+00 1.024533333e+00 1.125905378e+00 
1.137201735e+00 1.000000000e+00 1.000000000e+00 
