1.177770338e+00 1.440785980e+00 1.585536160e+00 
1.191161701e+00 1.196494955e+00 1.319866999e+00 
1.424171409e+00 1.522570366e+00 1.763258520e+00 
1.391362571e+00 1.474774296e+00 1.709226933e+00 
1.389353867e+00 1.605947955e+00 1.817622610e+00 
1.310344828e+00 1.574083909e+00 1.807647548e+00 
1.432875795e+00 1.573021774e+00 1.886949293e+00 
1.161923669e+00 1.448751992e+00 1.606151288e+00 
1.195625711e+00 1.432819968e+00 1.614630091e+00 
1.452962839e+00 1.520977164e+00 1.778553616e+00 
1.233344493e+00 1.427509294e+00 1.600665004e+00 
1.456980248e+00 1.551779076e+00 1.817622610e+00 
1.397388684e+00 1.646309081e+00 1.821945137e+00 
1.499163040e+00 1.496016994e+00 1.778553616e+00 
1.402075661e+00 1.355284121e+00 1.571238570e+00 
1.396719116e+00 1.548061604e+00 1.807647548e+00 
1.224974891e+00 1.387148168e+00 1.575561097e+00 
1.365918982e+00 1.378120021e+00 1.585536160e+00 
1.257895547e+00 1.529474243e+00 1.738320865e+00 
1.376632072e+00 1.434944238e+00 1.654862843e+00 
1.263028457e+00 1.490175252e+00 1.683956775e+00 
1.301975226e+00 1.460966543e+00 1.699251870e+00 
1.618567124e+00 1.798725438e+00 1.945635910e+00 
1.442249749e+00 1.464152947e+00 1.709226933e+00 
1.316370941e+00 1.482740308e+00 1.758935993e+00 
1.383997322e+00 1.662772172e+00 1.886949293e+00 
1.240040174e+00 1.396707382e+00 1.635245220e+00 
1.265483763e+00 1.493361657e+00 1.758935993e+00 
1.254770673e+00 1.495485927e+00 1.699251870e+00 
1.336457985e+00 1.443441317e+00 1.669991687e+00 
1.083807834e+00 1.317047265e+00 1.497755611e+00 
1.311014396e+00 1.443972384e+00 1.679634248e+00 
1.270505524e+00 1.471587892e+00 1.699251870e+00 
1.129784399e+00 1.355815189e+00 1.541978387e+00 
1.134695012e+00 1.306425916e+00 1.497755611e+00 
1.168396384e+00 1.447158789e+00 1.679634248e+00 
1.302310010e+00 1.583112055e+00 1.807647548e+00 
1.058364245e+00 1.220392990e+00 1.374064838e+00 
1.264814195e+00 1.489644185e+00 1.683956775e+00 
1.154335454e+00 1.457780138e+00 1.679634248e+00 
1.092065618e+00 1.361125863e+00 1.555943475e+00 
1.175315032e+00 1.204460967e+00 1.340482128e+00 
1.210132574e+00 1.359001593e+00 1.546467165e+00 
1.331771008e+00 1.416356877e+00 1.650540316e+00 
1.356545028e+00 1.523101434e+00 1.763258520e+00 
1.102555742e+00 1.308019118e+00 1.526849543e+00 
1.361232005e+00 1.457249071e+00 1.699251870e+00 
1.057025109e+00 1.145512480e+00 1.216957606e+00 
1.382658185e+00 1.405735528e+00 1.650540316e+00 
1.341144961e+00 1.560276155e+00 1.807647548e+00 
1.276866421e+00 1.366967605e+00 1.571238570e+00 
1.182680281e+00 1.368029740e+00 1.571238570e+00 
1.053453632e+00 1.248539565e+00 1.309891937e+00 
1.134583194e+00 1.381306426e+00 1.571238570e+00 
1.053118848e+00 1.259691981e+00 1.309891937e+00 
1.448275862e+00 1.542750929e+00 1.778553616e+00 
1.061488450e+00 1.270313330e+00 1.447547797e+00 
1.223300971e+00 1.108868826e+00 1.211471322e+00 
1.053453632e+00 1.269782262e+00 1.418287614e+00 
1.185135588e+00 1.397769517e+00 1.575561097e+00 
1.064613324e+00 1.178438662e+00 1.309891937e+00 
1.257448945e+00 1.354753054e+00 1.561596010e+00 
1.017296953e+00 1.157727031e+00 1.157107232e+00 
1.140944091e+00 1.264471588e+00 1.433582710e+00 
1.083361232e+00 1.267657993e+00 1.418453865e+00 
1.042740542e+00 1.279341476e+00 1.418453865e+00 
1.096752595e+00 1.176845459e+00 1.280798005e+00 
1.256779377e+00 1.127456187e+00 1.232086451e+00 
1.017296953e+00 1.182687201e+00 1.294763092e+00 
1.013726147e+00 1.000000000e+00 1.000000000e+00 
1.013726147e+00 1.012745619e+00 1.152784705e+00 
1.020421828e+00 1.090812533e+00 1.157107232e+00 

1.400066957e+00 1.471587892e+00 1.699251870e+00 
1.354536324e+00 1.387148168e+00 1.575561097e+00 
1.527731503e+00 1.594264472e+00 1.821945137e+00 
1.281106796e+00 1.346787042e+00 1.502078138e+00 
1.449614998e+00 1.619224642e+00 1.886949293e+00 
1.478406428e+00 1.606479023e+00 1.817622610e+00 
1.295837295e+00 1.446627722e+00 1.679634248e+00 
1.431536659e+00 1.460966543e+00 1.699251870e+00 
1.378417811e+00 1.722782793e+00 1.866334165e+00 
1.501171744e+00 1.457249071e+00 1.699251870e+00 
1.463675929e+00 1.413701540e+00 1.640897756e+00 
1.305657851e+00 1.484864578e+00 1.699251870e+00 
1.191161701e+00 1.196494955e+00 1.319866999e+00 
1.302310010e+00 1.583112055e+00 1.807647548e+00 
1.331771008e+00 1.416356877e+00 1.650540316e+00 
1.161923669e+00 1.448751992e+00 1.606151288e+00 
1.265483763e+00 1.493361657e+00 1.758935993e+00 
1.393148309e+00 1.699946893e+00 1.866334165e+00 
1.217051892e+00 1.443441317e+00 1.621280133e+00 
1.574154670e+00 1.496016994e+00 1.778553616e+00 
1.380649481e+00 1.465746150e+00 1.693931837e+00 
1.310344828e+00 1.574083909e+00 1.807647548e+00 
1.356545028e+00 1.523101434e+00 1.763258520e+00 
1.127552728e+00 1.355284121e+00 1.571238570e+00 
1.083361232e+00 1.267657993e+00 1.418453865e+00 
1.343600268e+00 1.468401487e+00 1.693931837e+00 
1.724137931e+00 1.568242167e+00 1.821945137e+00 
1.083807834e+00 1.317047265e+00 1.497755611e+00 
1.188706394e+00 1.424853956e+00 1.600665004e+00 
1.373284232e+00 1.317578332e+00 1.517206983e+00 
1.660528959e+00 1.573021774e+00 1.886949293e+00 
1.255105457e+00 1.574614976e+00 1.699251870e+00 
1.629059257e+00 1.583643123e+00 1.886949293e+00 
1.140944091e+00 1.264471588e+00 1.433582710e+00 
1.264814195e+00 1.489644185e+00 1.683956775e+00 
1.376632072e+00 1.434944238e+00 1.654862843e+00 
1.729715434e+00 1.759426447e+00 1.945635910e+00 
1.058364245e+00 1.220392990e+00 1.374064838e+00 
1.497154335e+00 1.422198619e+00 1.654862843e+00 
1.175315032e+00 1.204460967e+00 1.340482128e+00 
1.416806160e+00 1.499203399e+00 1.763258520e+00 
1.365918982e+00 1.378120021e+00 1.585536160e+00 
1.154335454e+00 1.457780138e+00 1.679634248e+00 
1.257895547e+00 1.529474243e+00 1.738320865e+00 
1.276866421e+00 1.486457780e+00 1.683956775e+00 
1.431536659e+00 1.308019118e+00 1.526849543e+00 
1.542684968e+00 1.506638343e+00 1.778553616e+00 
1.086932039e+00 1.366967605e+00 1.571238570e+00 
1.306327419e+00 1.319702602e+00 1.526849543e+00 
1.057025109e+00 1.145512480e+00 1.216957606e+00 
1.195625711e+00 1.432819968e+00 1.614630091e+00 
1.311014396e+00 1.443972384e+00 1.679634248e+00 
1.145631068e+00 1.508762613e+00 1.575561097e+00 
1.711302310e+00 1.861922464e+00 1.941313383e+00 
1.240040174e+00 1.396707382e+00 1.635245220e+00 
1.223300971e+00 1.108868826e+00 1.211471322e+00 
1.085146970e+00 1.353159851e+00 1.541978387e+00 
1.053453632e+00 1.248539565e+00 1.309891937e+00 
1.419037831e+00 1.729686670e+00 1.886949293e+00 
1.064613324e+00 1.178438662e+00 1.309891937e+00 
1.061488450e+00 1.270313330e+00 1.447547797e+00 
1.042740542e+00 1.279341476e+00 1.418453865e+00 
1.017296953e+00 1.182687201e+00 1.294763092e+00 
1.017296953e+00 1.157727031e+00 1.157107232e+00 
1.053118848e+00 1.259691981e+00 1.309891937e+00 
1.256779377e+00 1.127456187e+00 1.232086451e+00 
1.053453632e+00 1.269782262e+00 1.418287614e+00 
1.374623368e+00 1.314391928e+00 1.488113051e+00 
1.092065618e+00 1.361125863e+00 1.555943475e+00 
1.013726147e+00 1.012745619e+00 1.152784705e+00 
1.096752595e+00 1.176845459e+00 1.280798005e+00 
1.020421828e+00 1.090812533e+00 1.157107232e+00 
1.013726147e+00 1.000000000e+00 1.000000000e+00 

1.356545028e+00 1.523101434e+00 1.763258520e+00 
1.501618346e+00 1.687732342e+00 1.821945137e+00 
1.408771342e+00 1.544875199e+00 1.807647548e+00 
1.191161701e+00 1.196494955e+00 1.319866999e+00 
1.246958822e+00 1.470525757e+00 1.699251870e+00 
1.402075661e+00 1.531598513e+00 1.778553616e+00 
1.395379980e+00 1.801911843e+00 1.807980050e+00 
1.424171409e+00 1.522570366e+00 1.763258520e+00 
1.397388684e+00 1.490706320e+00 1.749293433e+00 
1.257895547e+00 1.529474243e+00 1.738320865e+00 
1.083807834e+00 1.317047265e+00 1.497755611e+00 
1.720790090e+00 1.753053638e+00 1.886949293e+00 
1.301975226e+00 1.460966543e+00 1.699251870e+00 
1.500948778e+00 1.841741901e+00 1.862011638e+00 
1.365918982e+00 1.378120021e+00 1.585536160e+00 
1.368597255e+00 1.306425916e+00 1.497755611e+00 
1.302310010e+00 1.583112055e+00 1.807647548e+00 
1.376632072e+00 1.434944238e+00 1.654862843e+00 
1.716772682e+00 1.878916622e+00 1.886949293e+00 
1.058364245e+00 1.220392990e+00 1.374064838e+00 
1.373284232e+00 1.373871482e+00 1.575561097e+00 
1.265483763e+00 1.493361657e+00 1.758935993e+00 
1.306327419e+00 1.319702602e+00 1.526849543e+00 
1.331771008e+00 1.416356877e+00 1.650540316e+00 
1.210132574e+00 1.359001593e+00 1.546467165e+00 
1.042740542e+00 1.279341476e+00 1.418453865e+00 
1.334449280e+00 1.368029740e+00 1.571238570e+00 
1.554737195e+00 1.504514073e+00 1.778553616e+00 
1.217051892e+00 1.443441317e+00 1.621280133e+00 
1.224863073e+00 1.530005311e+00 1.683956775e+00 
1.785068631e+00 1.875730218e+00 1.941313383e+00 
1.527507867e+00 1.899097185e+00 1.866334165e+00 
1.352527620e+00 1.354753054e+00 1.561596010e+00 
1.185135588e+00 1.397769517e+00 1.575561097e+00 
1.807164379e+00 1.791821561e+00 1.941313383e+00 
1.687646468e+00 1.895379713e+00 1.871986700e+00 
1.384666890e+00 1.366967605e+00 1.571238570e+00 
1.154335454e+00 1.457780138e+00 1.679634248e+00 
1.310344828e+00 1.574083909e+00 1.807647548e+00 
1.396719116e+00 1.548061604e+00 1.807647548e+00 
1.223970539e+00 1.451407329e+00 1.635245220e+00 
1.311014396e+00 1.443972384e+00 1.679634248e+00 
1.195625711e+00 1.432819968e+00 1.614630091e+00 
1.463675929e+00 1.413701540e+00 1.640897756e+00 
1.270170740e+00 1.366436537e+00 1.561596010e+00 
1.640441915e+00 1.794476899e+00 1.866334165e+00 
1.336457985e+00 1.443441317e+00 1.669991687e+00 
1.174199531e+00 1.322889007e+00 1.502078138e+00 
1.053118848e+00 1.259691981e+00 1.309891937e+00 
1.240040174e+00 1.396707382e+00 1.635245220e+00 
1.739537998e+00 1.750929368e+00 1.832917706e+00 
1.468362906e+00 1.317578332e+00 1.517206983e+00 
1.017296953e+00 1.182687201e+00 1.294763092e+00 
1.134583194e+00 1.381306426e+00 1.571238570e+00 
1.017296953e+00 1.157727031e+00 1.157107232e+00 
1.742437228e+00 1.684014870e+00 1.866334165e+00 
1.175315032e+00 1.204460967e+00 1.340482128e+00 
1.061488450e+00 1.270313330e+00 1.447547797e+00 
1.053453632e+00 1.248539565e+00 1.309891937e+00 
1.092065618e+00 1.361125863e+00 1.555943475e+00 
1.053453632e+00 1.269782262e+00 1.418287614e+00 
1.188706394e+00 1.424853956e+00 1.600665004e+00 
1.766320723e+00 1.644184811e+00 1.837240233e+00 
1.223300971e+00 1.108868826e+00 1.211471322e+00 
1.083361232e+00 1.267657993e+00 1.418453865e+00 
1.140944091e+00 1.264471588e+00 1.433582710e+00 
1.096752595e+00 1.176845459e+00 1.280798005e+00 
1.085146970e+00 1.353159851e+00 1.541978387e+00 
1.553619016e+00 1.674986723e+00 1.821945137e+00 
1.064613324e+00 1.178438662e+00 1.309891937e+00 
1.013726147e+00 1.012745619e+00 1.152784705e+00 
1.057025109e+00 1.145512480e+00 1.216957606e+00 
1.256779377e+00 1.127456187e+00 1.232086451e+00 
1.013726147e+00 1.000000000e+00 1.000000000e+00 
1.020421828e+00 1.090812533e+00 1.157107232e+00 

1.722798795e+00 1.584174190e+00 1.886949293e+00 
1.369489789e+00 1.445034519e+00 1.679634248e+00 
1.447159692e+00 1.558151885e+00 1.807647548e+00 
1.354089722e+00 1.676579926e+00 1.886949293e+00 
1.313023100e+00 1.638874137e+00 1.807647548e+00 
1.438678942e+00 1.652150823e+00 1.886949293e+00 
1.262582524e+00 1.411577270e+00 1.654862843e+00 
1.345608972e+00 1.629314923e+00 1.807647548e+00 
1.671242049e+00 1.908656399e+00 1.891604323e+00 
1.164601942e+00 1.526287839e+00 1.679634248e+00 
1.288026113e+00 1.508231545e+00 1.778553616e+00 
1.348733177e+00 1.685077005e+00 1.817622610e+00 
1.465015065e+00 1.561338290e+00 1.807980050e+00 
1.583307667e+00 1.586298460e+00 1.886949293e+00 
1.421046535e+00 1.669676049e+00 1.813300083e+00 
1.321057918e+00 1.377057886e+00 1.585536160e+00 
1.165048544e+00 1.513542220e+00 1.679634248e+00 
1.340921995e+00 1.496016994e+00 1.758935993e+00 
1.273295614e+00 1.512480085e+00 1.704904406e+00 
1.509876130e+00 1.492830589e+00 1.778553616e+00 
1.265930365e+00 1.567711099e+00 1.763258520e+00 
1.496931369e+00 1.612320765e+00 1.886949293e+00 
1.346501507e+00 1.473712161e+00 1.709226933e+00 
1.587994643e+00 1.580987785e+00 1.837240233e+00 
1.340475393e+00 1.446627722e+00 1.679634248e+00 
1.307443589e+00 1.665958577e+00 1.807647548e+00 
1.176654168e+00 1.398831652e+00 1.575561097e+00 
1.448498828e+00 1.626659586e+00 1.886949293e+00 
1.175315032e+00 1.204460967e+00 1.340482128e+00 
1.299854704e+00 1.458311206e+00 1.679634248e+00 
1.287579511e+00 1.458842273e+00 1.699251870e+00 
1.515679277e+00 1.602761551e+00 1.832917706e+00 
1.191161701e+00 1.196494955e+00 1.319866999e+00 
1.083807834e+00 1.317047265e+00 1.497755611e+00 
1.206115166e+00 1.536378120e+00 1.758935993e+00 
1.418814864e+00 1.402018056e+00 1.640897756e+00 
1.315478406e+00 1.399362719e+00 1.635245220e+00 
1.448052896e+00 1.650557621e+00 1.886949293e+00 
1.588885169e+00 1.563993627e+00 1.837240233e+00 
1.799129561e+00 1.784386617e+00 1.941313383e+00 
1.221515233e+00 1.373871482e+00 1.575561097e+00 
1.416359558e+00 1.603823686e+00 1.807647548e+00 
1.210579176e+00 1.494423792e+00 1.699251870e+00 
1.206115166e+00 1.551248008e+00 1.758935993e+00 
1.053118848e+00 1.259691981e+00 1.309891937e+00 
1.406985604e+00 1.612851832e+00 1.807647548e+00 
1.284008704e+00 1.520977164e+00 1.778553616e+00 
1.127999330e+00 1.404673394e+00 1.650540316e+00 
1.246958822e+00 1.470525757e+00 1.699251870e+00 
1.370382993e+00 1.494954859e+00 1.778553616e+00 
1.042740542e+00 1.279341476e+00 1.418453865e+00 
1.336457985e+00 1.443441317e+00 1.669991687e+00 
1.134695012e+00 1.306425916e+00 1.497755611e+00 
1.102555742e+00 1.308019118e+00 1.526849543e+00 
1.127552728e+00 1.355284121e+00 1.571238570e+00 
1.086932039e+00 1.366967605e+00 1.571238570e+00 
1.329315701e+00 1.457249071e+00 1.699251870e+00 
1.712641446e+00 1.893255443e+00 1.945635910e+00 
1.058364245e+00 1.220392990e+00 1.374064838e+00 
1.223300971e+00 1.108868826e+00 1.211471322e+00 
1.238478072e+00 1.436537440e+00 1.654862843e+00 
1.185135588e+00 1.397769517e+00 1.575561097e+00 
1.242941413e+00 1.483271375e+00 1.699251870e+00 
1.083361232e+00 1.267657993e+00 1.418453865e+00 
1.053453632e+00 1.248539565e+00 1.309891937e+00 
1.096752595e+00 1.176845459e+00 1.280798005e+00 
1.140944091e+00 1.264471588e+00 1.433582710e+00 
1.017296953e+00 1.157727031e+00 1.157107232e+00 
1.053453632e+00 1.269782262e+00 1.418287614e+00 
1.372614664e+00 1.353159851e+00 1.541978387e+00 
1.257448945e+00 1.354753054e+00 1.561596010e+00 
1.017296953e+00 1.182687201e+00 1.294763092e+00 
1.256779377e+00 1.127456187e+00 1.232086451e+00 
2.000000000e+00 1.758895380e+00 1.941313383e+00 
1.057025109e+00 1.145512480e+00 1.216957606e+00 
1.061488450e+00 1.270313330e+00 1.447547797e+00 
1.013726147e+00 1.012745619e+00 1.152784705e+00 
1.013726147e+00 1.000000000e+00 1.000000000e+00 
1.020421828e+00 1.090812533e+00 1.157107232e+00 
1.064613324e+00 1.178438662e+00 1.309891937e+00 

1.102555742e+00 1.308019118e+00 1.526849543e+00 
1.083807834e+00 1.317047265e+00 1.497755611e+00 
1.309005691e+00 1.569304302e+00 1.807647548e+00 
1.127999330e+00 1.404673394e+00 1.650540316e+00 
1.491128222e+00 1.666489644e+00 1.886949293e+00 
1.502510880e+00 1.433882103e+00 1.654862843e+00 
1.515679277e+00 1.597450876e+00 1.821945137e+00 
1.527954469e+00 1.637812002e+00 1.886949293e+00 
1.206115166e+00 1.536378120e+00 1.758935993e+00 
1.242941413e+00 1.483271375e+00 1.699251870e+00 
1.680395045e+00 1.666489644e+00 1.945635910e+00 
1.482423837e+00 1.504514073e+00 1.713549460e+00 
1.501841312e+00 1.648433351e+00 1.886949293e+00 
1.375962504e+00 1.525225704e+00 1.763258520e+00 
1.424171409e+00 1.522570366e+00 1.763258520e+00 
1.365918982e+00 1.378120021e+00 1.585536160e+00 
1.485102109e+00 1.535315985e+00 1.807647548e+00 
1.042740542e+00 1.279341476e+00 1.418453865e+00 
1.579062605e+00 1.708975040e+00 1.945635910e+00 
1.412788751e+00 1.675517791e+00 1.886949293e+00 
1.176654168e+00 1.398831652e+00 1.575561097e+00 
1.301975226e+00 1.460966543e+00 1.699251870e+00 
1.175315032e+00 1.204460967e+00 1.340482128e+00 
1.240040174e+00 1.396707382e+00 1.635245220e+00 
1.191161701e+00 1.196494955e+00 1.319866999e+00 
1.311014396e+00 1.443972384e+00 1.679634248e+00 
1.473496485e+00 1.629845990e+00 1.866334165e+00 
1.329315701e+00 1.457249071e+00 1.699251870e+00 
1.154335454e+00 1.457780138e+00 1.679634248e+00 
1.053453632e+00 1.269782262e+00 1.418287614e+00 
1.377971209e+00 1.644715879e+00 1.866334165e+00 
1.221961835e+00 1.528412108e+00 1.738320865e+00 
1.408771342e+00 1.544875199e+00 1.807647548e+00 
1.503850017e+00 1.725438131e+00 1.920698254e+00 
1.448275862e+00 1.542750929e+00 1.778553616e+00 
1.308336123e+00 1.520446097e+00 1.713549460e+00 
1.403637764e+00 1.643122677e+00 1.813300083e+00 
1.246289253e+00 1.446096654e+00 1.669991687e+00 
1.349849347e+00 1.517790759e+00 1.728678304e+00 
1.576832943e+00 1.594795539e+00 1.886949293e+00 
1.092065618e+00 1.361125863e+00 1.555943475e+00 
1.376632072e+00 1.434944238e+00 1.654862843e+00 
1.200982256e+00 1.455655868e+00 1.669991687e+00 
1.053453632e+00 1.248539565e+00 1.309891937e+00 
1.369936391e+00 1.558151885e+00 1.807647548e+00 
1.085146970e+00 1.353159851e+00 1.541978387e+00 
1.221515233e+00 1.373871482e+00 1.575561097e+00 
1.316593907e+00 1.568242167e+00 1.763258520e+00 
1.702711751e+00 1.576208178e+00 1.837240233e+00 
1.086932039e+00 1.366967605e+00 1.571238570e+00 
1.307889521e+00 1.617631439e+00 1.807647548e+00 
1.185135588e+00 1.397769517e+00 1.575561097e+00 
1.257448945e+00 1.354753054e+00 1.561596010e+00 
1.058364245e+00 1.220392990e+00 1.374064838e+00 
1.503180449e+00 1.787041954e+00 1.945635910e+00 
1.643120187e+00 1.517790759e+00 1.778553616e+00 
1.083361232e+00 1.267657993e+00 1.418453865e+00 
1.562102444e+00 1.519383962e+00 1.778553616e+00 
1.061488450e+00 1.270313330e+00 1.447547797e+00 
1.554067626e+00 1.718534254e+00 1.945635910e+00 
1.818767995e+00 1.921933086e+00 2.000000000e+00 
1.017296953e+00 1.157727031e+00 1.157107232e+00 
1.053118848e+00 1.259691981e+00 1.309891937e+00 
1.127552728e+00 1.355284121e+00 1.571238570e+00 
1.017296953e+00 1.182687201e+00 1.294763092e+00 
1.064613324e+00 1.178438662e+00 1.309891937e+00 
1.057025109e+00 1.145512480e+00 1.216957606e+00 
1.013726147e+00 1.012745619e+00 1.152784705e+00 
1.256779377e+00 1.127456187e+00 1.232086451e+00 
1.096752595e+00 1.176845459e+00 1.280798005e+00 
1.140944091e+00 1.264471588e+00 1.433582710e+00 
1.223300971e+00 1.108868826e+00 1.211471322e+00 
1.013726147e+00 1.000000000e+00 1.000000000e+00 
1.020421828e+00 1.090812533e+00 1.157107232e+00 

1.437897556e+00 1.708975040e+00 1.945635910e+00 
1.526615333e+00 1.565055762e+00 1.837240233e+00 
1.470594576e+00 1.654275093e+00 1.886949293e+00 
1.429304988e+00 1.591078067e+00 1.837240233e+00 
1.284008704e+00 1.520977164e+00 1.778553616e+00 
1.206115166e+00 1.536378120e+00 1.758935993e+00 
1.370382993e+00 1.494954859e+00 1.778553616e+00 
1.273295614e+00 1.512480085e+00 1.704904406e+00 
1.339805825e+00 1.701009028e+00 1.821945137e+00 
1.506528289e+00 1.577270313e+00 1.837240233e+00 
1.345608972e+00 1.490706320e+00 1.709226933e+00 
1.608302645e+00 1.706319703e+00 1.945635910e+00 
1.320165383e+00 1.394052045e+00 1.585536160e+00 
1.508314027e+00 1.583643123e+00 1.886949293e+00 
1.527061935e+00 1.573021774e+00 1.886949293e+00 
1.369489789e+00 1.445034519e+00 1.679634248e+00 
1.314139270e+00 1.702071163e+00 1.886949293e+00 
1.706729160e+00 1.664896442e+00 1.945635910e+00 
1.242941413e+00 1.483271375e+00 1.699251870e+00 
1.206115166e+00 1.551248008e+00 1.758935993e+00 
1.447159692e+00 1.558151885e+00 1.807647548e+00 
1.223970539e+00 1.510355815e+00 1.669991687e+00 
1.267045865e+00 1.458311206e+00 1.699251870e+00 
1.418814864e+00 1.402018056e+00 1.640897756e+00 
1.185135588e+00 1.397769517e+00 1.575561097e+00 
1.549380649e+00 1.537440255e+00 1.807647548e+00 
1.308113157e+00 1.496016994e+00 1.778553616e+00 
1.191161701e+00 1.196494955e+00 1.319866999e+00 
1.307443589e+00 1.665958577e+00 1.807647548e+00 
1.127999330e+00 1.404673394e+00 1.650540316e+00 
1.042740542e+00 1.279341476e+00 1.418453865e+00 
1.092065618e+00 1.361125863e+00 1.555943475e+00 
1.467246736e+00 1.545937334e+00 1.807647548e+00 
1.403861399e+00 1.494423792e+00 1.713549460e+00 
1.353420154e+00 1.633563463e+00 1.817622610e+00 
1.616786073e+00 1.666489644e+00 1.945635910e+00 
1.288026113e+00 1.508231545e+00 1.778553616e+00 
1.315478406e+00 1.399362719e+00 1.635245220e+00 
1.410557081e+00 1.482740308e+00 1.758935993e+00 
1.329315701e+00 1.457249071e+00 1.699251870e+00 
1.340475393e+00 1.446627722e+00 1.679634248e+00 
1.415244058e+00 1.463621880e+00 1.709226933e+00 
1.331101440e+00 1.605416888e+00 1.807647548e+00 
1.265930365e+00 1.567711099e+00 1.763258520e+00 
1.083807834e+00 1.317047265e+00 1.497755611e+00 
1.058364245e+00 1.220392990e+00 1.374064838e+00 
1.569916304e+00 1.554434413e+00 1.817622610e+00 
1.053118848e+00 1.259691981e+00 1.309891937e+00 
1.246958822e+00 1.470525757e+00 1.699251870e+00 
1.175315032e+00 1.204460967e+00 1.340482128e+00 
1.134695012e+00 1.306425916e+00 1.497755611e+00 
1.481084700e+00 1.480616038e+00 1.713549460e+00 
1.086932039e+00 1.366967605e+00 1.571238570e+00 
1.582638098e+00 1.551248008e+00 1.817622610e+00 
1.251199866e+00 1.396707382e+00 1.625768911e+00 
1.102555742e+00 1.308019118e+00 1.526849543e+00 
1.176654168e+00 1.398831652e+00 1.575561097e+00 
1.321057918e+00 1.377057886e+00 1.585536160e+00 
1.127552728e+00 1.355284121e+00 1.571238570e+00 
1.057025109e+00 1.145512480e+00 1.216957606e+00 
1.262582524e+00 1.411577270e+00 1.654862843e+00 
1.238478072e+00 1.436537440e+00 1.654862843e+00 
1.061488450e+00 1.270313330e+00 1.447547797e+00 
1.064613324e+00 1.178438662e+00 1.309891937e+00 
1.140944091e+00 1.264471588e+00 1.433582710e+00 
1.257448945e+00 1.354753054e+00 1.561596010e+00 
1.083361232e+00 1.267657993e+00 1.418453865e+00 
1.053453632e+00 1.269782262e+00 1.418287614e+00 
1.053453632e+00 1.248539565e+00 1.309891937e+00 
1.017296953e+00 1.157727031e+00 1.157107232e+00 
1.256779377e+00 1.127456187e+00 1.232086451e+00 
1.221515233e+00 1.373871482e+00 1.575561097e+00 
1.017296953e+00 1.182687201e+00 1.294763092e+00 
1.096752595e+00 1.176845459e+00 1.280798005e+00 
1.223300971e+00 1.108868826e+00 1.211471322e+00 
1.013726147e+00 1.012745619e+00 1.152784705e+00 
1.020421828e+00 1.090812533e+00 1.157107232e+00 
1.013726147e+00 1.000000000e+00 1.000000000e+00 

1.221515233e+00 1.373871482e+00 1.575561097e+00 
1.293605624e+00 1.461497610e+00 1.683956775e+00 
1.316370941e+00 1.482740308e+00 1.758935993e+00 
1.295837295e+00 1.446627722e+00 1.679634248e+00 
1.265483763e+00 1.493361657e+00 1.758935993e+00 
1.195625711e+00 1.432819968e+00 1.614630091e+00 
1.444593237e+00 1.617631439e+00 1.807647548e+00 
1.257895547e+00 1.529474243e+00 1.738320865e+00 
1.168396384e+00 1.447158789e+00 1.679634248e+00 
1.224193505e+00 1.366967605e+00 1.571238570e+00 
1.092065618e+00 1.361125863e+00 1.555943475e+00 
1.246289253e+00 1.446096654e+00 1.669991687e+00 
1.210132574e+00 1.359001593e+00 1.546467165e+00 
1.270170740e+00 1.366436537e+00 1.561596010e+00 
1.340028791e+00 1.396707382e+00 1.635245220e+00 
1.188706394e+00 1.424853956e+00 1.600665004e+00 
1.301640442e+00 1.659585767e+00 1.817622610e+00 
1.134695012e+00 1.306425916e+00 1.497755611e+00 
1.508314027e+00 1.569304302e+00 1.807647548e+00 
1.127999330e+00 1.390334572e+00 1.571238570e+00 
1.185470372e+00 1.370685077e+00 1.571238570e+00 
1.508314027e+00 1.583643123e+00 1.886949293e+00 
1.288026113e+00 1.508231545e+00 1.778553616e+00 
1.219730164e+00 1.407328731e+00 1.625768911e+00 
1.409887513e+00 1.626659586e+00 1.832917706e+00 
1.251199866e+00 1.396707382e+00 1.625768911e+00 
1.526615333e+00 1.565055762e+00 1.837240233e+00 
1.314139270e+00 1.702071163e+00 1.886949293e+00 
1.218613994e+00 1.561869357e+00 1.689609310e+00 
1.264814195e+00 1.489644185e+00 1.683956775e+00 
1.449392032e+00 1.578863516e+00 1.837240233e+00 
1.270505524e+00 1.471587892e+00 1.699251870e+00 
1.161923669e+00 1.448751992e+00 1.606151288e+00 
1.349402745e+00 1.627721721e+00 1.886949293e+00 
1.321057918e+00 1.365374403e+00 1.561596010e+00 
1.299185136e+00 1.458311206e+00 1.699251870e+00 
1.308559089e+00 1.457249071e+00 1.699251870e+00 
1.308113157e+00 1.496016994e+00 1.778553616e+00 
1.352527620e+00 1.354753054e+00 1.561596010e+00 
1.262582524e+00 1.411577270e+00 1.654862843e+00 
1.223747573e+00 1.405735528e+00 1.650540316e+00 
1.336457985e+00 1.443441317e+00 1.669991687e+00 
1.556524941e+00 1.751991503e+00 1.891604323e+00 
1.587994643e+00 1.684545937e+00 1.891604323e+00 
1.311014396e+00 1.443972384e+00 1.679634248e+00 
1.053453632e+00 1.269782262e+00 1.418287614e+00 
1.191161701e+00 1.196494955e+00 1.319866999e+00 
1.634194844e+00 1.748274031e+00 1.941313383e+00 
1.248521594e+00 1.587891662e+00 1.758935993e+00 
1.102555742e+00 1.308019118e+00 1.526849543e+00 
1.518580516e+00 1.761550717e+00 1.941313383e+00 
1.254770673e+00 1.495485927e+00 1.699251870e+00 
1.083361232e+00 1.267657993e+00 1.418453865e+00 
1.134583194e+00 1.381306426e+00 1.571238570e+00 
1.058364245e+00 1.220392990e+00 1.374064838e+00 
1.053118848e+00 1.259691981e+00 1.309891937e+00 
1.256779377e+00 1.127456187e+00 1.232086451e+00 
1.061488450e+00 1.270313330e+00 1.447547797e+00 
1.446713760e+00 1.601699416e+00 1.832917706e+00 
1.315478406e+00 1.399362719e+00 1.635245220e+00 
1.017296953e+00 1.157727031e+00 1.157107232e+00 
1.053453632e+00 1.248539565e+00 1.309891937e+00 
1.175315032e+00 1.204460967e+00 1.340482128e+00 
1.140944091e+00 1.264471588e+00 1.433582710e+00 
1.574603281e+00 1.913967074e+00 1.945635910e+00 
1.042740542e+00 1.279341476e+00 1.418453865e+00 
1.154335454e+00 1.457780138e+00 1.679634248e+00 
1.083807834e+00 1.317047265e+00 1.497755611e+00 
1.085146970e+00 1.353159851e+00 1.541978387e+00 
1.177770338e+00 1.440785980e+00 1.585536160e+00 
1.064613324e+00 1.178438662e+00 1.309891937e+00 
1.223300971e+00 1.108868826e+00 1.211471322e+00 
1.017296953e+00 1.182687201e+00 1.294763092e+00 
1.057025109e+00 1.145512480e+00 1.216957606e+00 
1.013726147e+00 1.012745619e+00 1.152784705e+00 
1.096752595e+00 1.176845459e+00 1.280798005e+00 
1.020421828e+00 1.090812533e+00 1.157107232e+00 
1.013726147e+00 1.000000000e+00 1.000000000e+00 

1.345608972e+00 1.490706320e+00 1.709226933e+00 
1.053453632e+00 1.248539565e+00 1.309891937e+00 
1.346501507e+00 1.473712161e+00 1.709226933e+00 
1.403861399e+00 1.494423792e+00 1.713549460e+00 
1.467693338e+00 1.570897504e+00 1.821945137e+00 
1.210579176e+00 1.494423792e+00 1.699251870e+00 
1.340475393e+00 1.446627722e+00 1.679634248e+00 
1.273295614e+00 1.512480085e+00 1.704904406e+00 
1.366141948e+00 1.639936272e+00 1.886949293e+00 
1.340921995e+00 1.496016994e+00 1.758935993e+00 
1.284008704e+00 1.520977164e+00 1.778553616e+00 
1.206115166e+00 1.551248008e+00 1.758935993e+00 
1.474835621e+00 1.632501328e+00 1.837240233e+00 
1.506528289e+00 1.577270313e+00 1.837240233e+00 
1.440018078e+00 1.625597451e+00 1.832917706e+00 
1.418814864e+00 1.402018056e+00 1.640897756e+00 
1.508314027e+00 1.583643123e+00 1.886949293e+00 
1.127999330e+00 1.404673394e+00 1.650540316e+00 
1.317040509e+00 1.456186936e+00 1.699251870e+00 
1.474611985e+00 1.479553903e+00 1.713549460e+00 
1.320165383e+00 1.394052045e+00 1.585536160e+00 
1.315478406e+00 1.399362719e+00 1.635245220e+00 
1.053453632e+00 1.269782262e+00 1.418287614e+00 
1.367258119e+00 1.630377058e+00 1.817622610e+00 
1.238478072e+00 1.436537440e+00 1.654862843e+00 
1.262582524e+00 1.411577270e+00 1.654862843e+00 
1.406985604e+00 1.612851832e+00 1.807647548e+00 
1.083361232e+00 1.267657993e+00 1.418453865e+00 
1.696906595e+00 1.735528412e+00 1.945635910e+00 
1.083807834e+00 1.317047265e+00 1.497755611e+00 
1.176654168e+00 1.398831652e+00 1.575561097e+00 
1.542236358e+00 1.548592671e+00 1.807647548e+00 
1.127552728e+00 1.355284121e+00 1.571238570e+00 
1.057025109e+00 1.145512480e+00 1.216957606e+00 
1.416359558e+00 1.603823686e+00 1.807647548e+00 
1.325075326e+00 1.617100372e+00 1.807647548e+00 
1.370382993e+00 1.494954859e+00 1.778553616e+00 
1.238031470e+00 1.196494955e+00 1.319866999e+00 
1.324628724e+00 1.629845990e+00 1.807647548e+00 
1.175315032e+00 1.204460967e+00 1.340482128e+00 
1.042740542e+00 1.279341476e+00 1.418453865e+00 
1.102555742e+00 1.308019118e+00 1.526849543e+00 
1.185135588e+00 1.397769517e+00 1.575561097e+00 
1.164601942e+00 1.526287839e+00 1.679634248e+00 
1.288026113e+00 1.508231545e+00 1.778553616e+00 
1.140944091e+00 1.264471588e+00 1.433582710e+00 
1.447159692e+00 1.558151885e+00 1.807647548e+00 
1.086932039e+00 1.366967605e+00 1.571238570e+00 
1.053118848e+00 1.259691981e+00 1.309891937e+00 
1.017296953e+00 1.157727031e+00 1.157107232e+00 
1.246958822e+00 1.470525757e+00 1.699251870e+00 
1.257448945e+00 1.354753054e+00 1.561596010e+00 
1.017296953e+00 1.182687201e+00 1.294763092e+00 
1.267045865e+00 1.458311206e+00 1.699251870e+00 
1.369489789e+00 1.445034519e+00 1.679634248e+00 
1.064613324e+00 1.178438662e+00 1.309891937e+00 
1.061488450e+00 1.270313330e+00 1.447547797e+00 
1.058364245e+00 1.220392990e+00 1.374064838e+00 
1.096752595e+00 1.176845459e+00 1.280798005e+00 
1.221515233e+00 1.373871482e+00 1.575561097e+00 
1.256779377e+00 1.127456187e+00 1.232086451e+00 
1.020421828e+00 1.090812533e+00 1.157107232e+00 
1.223300971e+00 1.108868826e+00 1.211471322e+00 
1.013726147e+00 1.012745619e+00 1.152784705e+00 
1.013726147e+00 1.000000000e+00 1.000000000e+00 

1.321057918e+00 1.377057886e+00 1.585536160e+00 
1.378194175e+00 1.633032395e+00 1.817622610e+00 
1.614998326e+00 1.684545937e+00 1.866334165e+00 
1.221292266e+00 1.455655868e+00 1.669991687e+00 
1.233791095e+00 1.445034519e+00 1.679634248e+00 
1.311014396e+00 1.443972384e+00 1.679634248e+00 
1.422720455e+00 1.805629315e+00 1.862011638e+00 
1.771677268e+00 1.772703133e+00 1.891604323e+00 
1.270170740e+00 1.560276155e+00 1.807647548e+00 
1.195625711e+00 1.432819968e+00 1.614630091e+00 
1.677268162e+00 1.614976102e+00 1.837240233e+00 
1.083361232e+00 1.267657993e+00 1.418453865e+00 
1.102555742e+00 1.308019118e+00 1.526849543e+00 
1.351858052e+00 1.406266596e+00 1.625602660e+00 
1.260573820e+00 1.621879979e+00 1.738320865e+00 
1.523267492e+00 1.472118959e+00 1.699584372e+00 
1.085146970e+00 1.353159851e+00 1.541978387e+00 
1.188706394e+00 1.424853956e+00 1.600665004e+00 
1.207900904e+00 1.463621880e+00 1.683956775e+00 
1.381988617e+00 1.530005311e+00 1.738320865e+00 
1.440018078e+00 1.515135422e+00 1.728678304e+00 
1.191161701e+00 1.196494955e+00 1.319866999e+00 
1.498493472e+00 1.541157727e+00 1.757938487e+00 
1.127552728e+00 1.355284121e+00 1.571238570e+00 
1.134695012e+00 1.306425916e+00 1.497755611e+00 
1.759176431e+00 1.779075943e+00 1.886949293e+00 
1.336457985e+00 1.443441317e+00 1.669991687e+00 
1.477290258e+00 1.711099310e+00 1.862011638e+00 
1.154335454e+00 1.457780138e+00 1.679634248e+00 
1.311460998e+00 1.535315985e+00 1.742643392e+00 
1.608523602e+00 1.907063197e+00 1.871986700e+00 
1.713424841e+00 1.843335104e+00 1.945635910e+00 
1.243610981e+00 1.609134360e+00 1.733998337e+00 
1.447606294e+00 1.542219862e+00 1.757938487e+00 
1.092065618e+00 1.361125863e+00 1.555943475e+00 
1.481754268e+00 1.480616038e+00 1.713549460e+00 
1.603615668e+00 1.930430165e+00 1.941313383e+00 
1.426849682e+00 1.546468401e+00 1.807647548e+00 
1.831268832e+00 1.749336166e+00 1.886949293e+00 
1.422162705e+00 1.422198619e+00 1.654862843e+00 
1.219730164e+00 1.407328731e+00 1.625768911e+00 
1.584198192e+00 1.527349973e+00 1.757938487e+00 
1.199643120e+00 1.419543282e+00 1.625768911e+00 
1.376966856e+00 1.471587892e+00 1.699251870e+00 
1.617676599e+00 1.673393521e+00 1.832917706e+00 
1.053453632e+00 1.248539565e+00 1.309891937e+00 
1.661868095e+00 1.648964418e+00 1.832917706e+00 
1.560093740e+00 1.531598513e+00 1.778553616e+00 
1.647472380e+00 1.885289432e+00 1.920698254e+00 
1.597475728e+00 1.927774827e+00 1.876309227e+00 
1.057025109e+00 1.145512480e+00 1.216957606e+00 
1.392701707e+00 1.469463622e+00 1.699251870e+00 
1.053118848e+00 1.259691981e+00 1.309891937e+00 
1.176654168e+00 1.398831652e+00 1.575561097e+00 
1.061488450e+00 1.270313330e+00 1.447547797e+00 
1.140944091e+00 1.264471588e+00 1.433582710e+00 
1.058364245e+00 1.220392990e+00 1.374064838e+00 
1.083807834e+00 1.317047265e+00 1.497755611e+00 
1.017296953e+00 1.157727031e+00 1.157107232e+00 
1.221515233e+00 1.373871482e+00 1.575561097e+00 
1.053453632e+00 1.269782262e+00 1.418287614e+00 
1.256779377e+00 1.127456187e+00 1.232086451e+00 
1.175315032e+00 1.204460967e+00 1.340482128e+00 
1.042740542e+00 1.279341476e+00 1.418453865e+00 
1.020421828e+00 1.090812533e+00 1.157107232e+00 
1.064613324e+00 1.178438662e+00 1.309891937e+00 
1.223300971e+00 1.108868826e+00 1.211471322e+00 
1.017296953e+00 1.182687201e+00 1.294763092e+00 
1.013726147e+00 1.012745619e+00 1.152784705e+00 
1.013726147e+00 1.000000000e+00 1.000000000e+00 
1.096752595e+00 1.176845459e+00 1.280798005e+00 

1.742437228e+00 1.866702071e+00 1.945635910e+00 
1.321057918e+00 1.377057886e+00 1.585536160e+00 
1.654837630e+00 1.881040892e+00 1.945635910e+00 
1.414127888e+00 1.664896442e+00 1.886949293e+00 
1.332440576e+00 1.433882103e+00 1.654862843e+00 
1.432875795e+00 1.609134360e+00 1.886949293e+00 
1.262135922e+00 1.471587892e+00 1.699251870e+00 
1.568798125e+00 1.561338290e+00 1.807980050e+00 
1.284901239e+00 1.537440255e+00 1.807647548e+00 
1.134695012e+00 1.306425916e+00 1.497755611e+00 
1.316370941e+00 1.482740308e+00 1.758935993e+00 
1.265483763e+00 1.493361657e+00 1.758935993e+00 
1.343600268e+00 1.468401487e+00 1.693931837e+00 
1.191161701e+00 1.196494955e+00 1.319866999e+00 
1.154335454e+00 1.457780138e+00 1.679634248e+00 
1.410780047e+00 1.719596389e+00 1.866334165e+00 
1.424171409e+00 1.522570366e+00 1.763258520e+00 
1.410780047e+00 1.706319703e+00 1.862011638e+00 
1.210579176e+00 1.494423792e+00 1.699251870e+00 
1.246289253e+00 1.446096654e+00 1.669991687e+00 
1.221961835e+00 1.528412108e+00 1.738320865e+00 
1.238478072e+00 1.436537440e+00 1.654862843e+00 
1.331771008e+00 1.416356877e+00 1.650540316e+00 
1.175315032e+00 1.204460967e+00 1.340482128e+00 
1.356545028e+00 1.523101434e+00 1.763258520e+00 
1.430197523e+00 1.663834307e+00 1.886949293e+00 
1.382658185e+00 1.405735528e+00 1.650540316e+00 
1.554737195e+00 1.504514073e+00 1.778553616e+00 
1.083807834e+00 1.317047265e+00 1.497755611e+00 
1.488449950e+00 1.581518853e+00 1.886949293e+00 
1.042740542e+00 1.279341476e+00 1.418453865e+00 
1.168396384e+00 1.447158789e+00 1.679634248e+00 
1.102555742e+00 1.308019118e+00 1.526849543e+00 
1.240040174e+00 1.396707382e+00 1.635245220e+00 
1.086932039e+00 1.366967605e+00 1.571238570e+00 
1.248967526e+00 1.489113117e+00 1.683956775e+00 
1.518580516e+00 1.534253850e+00 1.778553616e+00 
1.053453632e+00 1.248539565e+00 1.309891937e+00 
1.058364245e+00 1.220392990e+00 1.374064838e+00 
1.311014396e+00 1.443972384e+00 1.679634248e+00 
1.188706394e+00 1.424853956e+00 1.600665004e+00 
1.085146970e+00 1.353159851e+00 1.541978387e+00 
1.754603281e+00 1.826872013e+00 1.945635910e+00 
1.053118848e+00 1.259691981e+00 1.309891937e+00 
1.092065618e+00 1.361125863e+00 1.555943475e+00 
1.554067626e+00 1.473712161e+00 1.699584372e+00 
1.257448945e+00 1.354753054e+00 1.561596010e+00 
1.143845330e+00 1.439723845e+00 1.635245220e+00 
1.185135588e+00 1.397769517e+00 1.575561097e+00 
1.140944091e+00 1.264471588e+00 1.433582710e+00 
1.083361232e+00 1.267657993e+00 1.418453865e+00 
1.053453632e+00 1.269782262e+00 1.418287614e+00 
1.361232005e+00 1.457249071e+00 1.699251870e+00 
1.017296953e+00 1.182687201e+00 1.294763092e+00 
1.127552728e+00 1.355284121e+00 1.571238570e+00 
1.064613324e+00 1.178438662e+00 1.309891937e+00 
1.061488450e+00 1.270313330e+00 1.447547797e+00 
1.256779377e+00 1.127456187e+00 1.232086451e+00 
1.221515233e+00 1.373871482e+00 1.575561097e+00 
1.020421828e+00 1.090812533e+00 1.157107232e+00 
1.057025109e+00 1.145512480e+00 1.216957606e+00 
1.017296953e+00 1.157727031e+00 1.157107232e+00 
1.013726147e+00 1.012745619e+00 1.152784705e+00 
1.223300971e+00 1.108868826e+00 1.211471322e+00 
1.013726147e+00 1.000000000e+00 1.000000000e+00 
1.096752595e+00 1.176845459e+00 1.280798005e+00 

1.770117174e+00 1.771109931e+00 1.945635910e+00 
1.323959156e+00 1.434944238e+00 1.654862843e+00 
1.623702712e+00 1.611258630e+00 1.886949293e+00 
1.660528959e+00 1.573021774e+00 1.886949293e+00 
1.223747573e+00 1.405735528e+00 1.650540316e+00 
1.710297958e+00 1.694636219e+00 1.891604323e+00 
1.410780047e+00 1.519915029e+00 1.778553616e+00 
1.083807834e+00 1.317047265e+00 1.497755611e+00 
1.207900904e+00 1.463621880e+00 1.683956775e+00 
1.315478406e+00 1.399362719e+00 1.635245220e+00 
1.377971209e+00 1.434413170e+00 1.654862843e+00 
1.262135922e+00 1.471587892e+00 1.699251870e+00 
1.438455306e+00 1.706319703e+00 1.886949293e+00 
1.340475393e+00 1.446627722e+00 1.679634248e+00 
1.395602946e+00 1.603823686e+00 1.807647548e+00 
1.547371945e+00 1.423791822e+00 1.654862843e+00 
1.221515233e+00 1.373871482e+00 1.575561097e+00 
1.380649481e+00 1.724375996e+00 1.817622610e+00 
1.684633411e+00 1.551779076e+00 1.817622610e+00 
1.724137931e+00 1.568242167e+00 1.821945137e+00 
1.735520589e+00 1.551248008e+00 1.817622610e+00 
1.143845330e+00 1.439723845e+00 1.635245220e+00 
1.053118848e+00 1.259691981e+00 1.309891937e+00 
1.257448945e+00 1.354753054e+00 1.561596010e+00 
1.544024104e+00 1.482740308e+00 1.758935993e+00 
1.388907265e+00 1.756240042e+00 1.886949293e+00 
1.629059257e+00 1.583643123e+00 1.886949293e+00 
1.351411450e+00 1.574614976e+00 1.778553616e+00 
1.102555742e+00 1.308019118e+00 1.526849543e+00 
1.317040509e+00 1.456186936e+00 1.699251870e+00 
1.254324071e+00 1.483271375e+00 1.699251870e+00 
1.267045865e+00 1.458311206e+00 1.699251870e+00 
1.583528624e+00 1.499203399e+00 1.763258520e+00 
1.176654168e+00 1.398831652e+00 1.575561097e+00 
1.340028791e+00 1.396707382e+00 1.635245220e+00 
1.368597255e+00 1.306425916e+00 1.497755611e+00 
1.502064279e+00 1.504514073e+00 1.778553616e+00 
1.514563107e+00 1.631439193e+00 1.817622610e+00 
1.175315032e+00 1.204460967e+00 1.340482128e+00 
1.127552728e+00 1.355284121e+00 1.571238570e+00 
1.674141279e+00 1.783855550e+00 1.945635910e+00 
1.272849012e+00 1.615507169e+00 1.758935993e+00 
1.595132240e+00 1.589484865e+00 1.817622610e+00 
1.477736860e+00 1.387679235e+00 1.575893599e+00 
1.308559089e+00 1.457249071e+00 1.699251870e+00 
1.483985939e+00 1.662772172e+00 1.886949293e+00 
1.594462672e+00 1.615507169e+00 1.817622610e+00 
1.083361232e+00 1.267657993e+00 1.418453865e+00 
1.058364245e+00 1.220392990e+00 1.374064838e+00 
1.441133579e+00 1.560276155e+00 1.807647548e+00 
1.528847004e+00 1.637812002e+00 1.886949293e+00 
1.485994643e+00 1.535315985e+00 1.807647548e+00 
1.053453632e+00 1.269782262e+00 1.418287614e+00 
1.369489789e+00 1.445034519e+00 1.679634248e+00 
1.191161701e+00 1.196494955e+00 1.319866999e+00 
1.185135588e+00 1.397769517e+00 1.575561097e+00 
1.140944091e+00 1.264471588e+00 1.433582710e+00 
1.096752595e+00 1.176845459e+00 1.280798005e+00 
1.086932039e+00 1.366967605e+00 1.571238570e+00 
1.057025109e+00 1.145512480e+00 1.216957606e+00 
1.489119518e+00 1.443441317e+00 1.669991687e+00 
1.411003013e+00 1.443972384e+00 1.679634248e+00 
1.061488450e+00 1.270313330e+00 1.447547797e+00 
1.372614664e+00 1.353159851e+00 1.541978387e+00 
1.042740542e+00 1.279341476e+00 1.418453865e+00 
1.064613324e+00 1.178438662e+00 1.309891937e+00 
1.020421828e+00 1.090812533e+00 1.157107232e+00 
1.017296953e+00 1.157727031e+00 1.157107232e+00 
1.223300971e+00 1.108868826e+00 1.211471322e+00 
1.256779377e+00 1.127456187e+00 1.232086451e+00 
1.017296953e+00 1.182687201e+00 1.294763092e+00 
1.013726147e+00 1.000000000e+00 1.000000000e+00 
1.013726147e+00 1.012745619e+00 1.152784705e+00 

1.221961835e+00 1.528412108e+00 1.738320865e+00 
1.462559759e+00 1.813064259e+00 1.945635910e+00 
1.455864078e+00 1.797132236e+00 1.941313383e+00 
1.366141948e+00 1.654806160e+00 1.886949293e+00 
1.572594576e+00 1.745618694e+00 1.945635910e+00 
1.191161701e+00 1.196494955e+00 1.319866999e+00 
1.284008704e+00 1.520977164e+00 1.778553616e+00 
1.499386006e+00 1.784386617e+00 1.941313383e+00 
1.833947104e+00 1.682952735e+00 1.945635910e+00 
1.061042518e+00 1.260754116e+00 1.344804655e+00 
1.372614664e+00 1.353159851e+00 1.541978387e+00 
1.633746234e+00 1.554434413e+00 1.837240233e+00 
1.340475393e+00 1.446627722e+00 1.679634248e+00 
1.175315032e+00 1.204460967e+00 1.340482128e+00 
1.053118848e+00 1.259691981e+00 1.309891937e+00 
1.345608972e+00 1.490706320e+00 1.709226933e+00 
1.438678942e+00 1.652150823e+00 1.886949293e+00 
1.660528959e+00 1.573021774e+00 1.886949293e+00 
1.509876130e+00 1.492830589e+00 1.778553616e+00 
1.351411450e+00 1.659054700e+00 1.813300083e+00 
1.228210914e+00 1.244822092e+00 1.369742311e+00 
1.208682290e+00 1.500796601e+00 1.679966750e+00 
1.513001004e+00 1.619755709e+00 1.817622610e+00 
1.273295614e+00 1.512480085e+00 1.704904406e+00 
1.171074657e+00 1.501858736e+00 1.679634248e+00 
1.354089722e+00 1.676579926e+00 1.886949293e+00 
1.424618011e+00 1.620286776e+00 1.817622610e+00 
1.500055574e+00 1.651619756e+00 1.886949293e+00 
1.340921995e+00 1.496016994e+00 1.758935993e+00 
1.378194175e+00 1.633032395e+00 1.817622610e+00 
1.672802143e+00 1.736059480e+00 1.945635910e+00 
1.752259792e+00 1.708975040e+00 1.945635910e+00 
1.967191162e+00 1.681890600e+00 1.891604323e+00 
1.165048544e+00 1.513542220e+00 1.679634248e+00 
1.510099096e+00 1.648433351e+00 1.832917706e+00 
1.549380649e+00 1.537440255e+00 1.807647548e+00 
1.206115166e+00 1.551248008e+00 1.758935993e+00 
1.321057918e+00 1.377057886e+00 1.585536160e+00 
1.517910947e+00 1.548061604e+00 1.807647548e+00 
1.522151322e+00 1.790759426e+00 1.945635910e+00 
1.246958822e+00 1.470525757e+00 1.699251870e+00 
1.206115166e+00 1.536378120e+00 1.758935993e+00 
1.351411450e+00 1.628783856e+00 1.807647548e+00 
1.629059257e+00 1.583643123e+00 1.886949293e+00 
1.367258119e+00 1.602761551e+00 1.807647548e+00 
1.299854704e+00 1.458311206e+00 1.679634248e+00 
1.176654168e+00 1.398831652e+00 1.575561097e+00 
1.470371610e+00 1.446096654e+00 1.669991687e+00 
1.313023100e+00 1.638874137e+00 1.807647548e+00 
1.345608972e+00 1.629314923e+00 1.807647548e+00 
1.287579511e+00 1.458842273e+00 1.699251870e+00 
1.370382993e+00 1.494954859e+00 1.778553616e+00 
1.205222631e+00 1.230483271e+00 1.340648379e+00 
1.083361232e+00 1.267657993e+00 1.418453865e+00 
1.210579176e+00 1.494423792e+00 1.699251870e+00 
1.248521594e+00 1.597981944e+00 1.778553616e+00 
1.315478406e+00 1.399362719e+00 1.635245220e+00 
1.262582524e+00 1.411577270e+00 1.654862843e+00 
1.242941413e+00 1.483271375e+00 1.699251870e+00 
1.083807834e+00 1.317047265e+00 1.497755611e+00 
1.529963174e+00 1.547530536e+00 1.807647548e+00 
1.334002678e+00 1.631439193e+00 1.807647548e+00 
1.329092735e+00 1.229952204e+00 1.364422278e+00 
1.475058587e+00 1.562931492e+00 1.807647548e+00 
1.327084031e+00 1.242697823e+00 1.360099751e+00 
1.127999330e+00 1.404673394e+00 1.650540316e+00 
1.102555742e+00 1.308019118e+00 1.526849543e+00 
1.164601942e+00 1.526287839e+00 1.679634248e+00 
1.017296953e+00 1.157727031e+00 1.157107232e+00 
1.317040509e+00 1.456186936e+00 1.699251870e+00 
1.042740542e+00 1.279341476e+00 1.418453865e+00 
1.238478072e+00 1.436537440e+00 1.654862843e+00 
1.485102109e+00 1.396707382e+00 1.625768911e+00 
1.061488450e+00 1.245353160e+00 1.309891937e+00 
1.127552728e+00 1.355284121e+00 1.571238570e+00 
1.185135588e+00 1.397769517e+00 1.575561097e+00 
1.017296953e+00 1.182687201e+00 1.294763092e+00 
1.092065618e+00 1.361125863e+00 1.555943475e+00 
1.057025109e+00 1.145512480e+00 1.216957606e+00 
1.053453632e+00 1.269782262e+00 1.418287614e+00 
1.418814864e+00 1.402018056e+00 1.640897756e+00 
1.086932039e+00 1.366967605e+00 1.571238570e+00 
1.221515233e+00 1.373871482e+00 1.575561097e+00 
1.126660194e+00 1.247477430e+00 1.369742311e+00 
1.257448945e+00 1.354753054e+00 1.561596010e+00 
1.061488450e+00 1.270313330e+00 1.447547797e+00 
1.140944091e+00 1.264471588e+00 1.433582710e+00 
1.020421828e+00 1.090812533e+00 1.157107232e+00 
1.064613324e+00 1.178438662e+00 1.309891937e+00 
1.223300971e+00 1.108868826e+00 1.211471322e+00 
1.013726147e+00 1.000000000e+00 1.000000000e+00 
1.096752595e+00 1.176845459e+00 1.280798005e+00 
1.013726147e+00 1.012745619e+00 1.152784705e+00 
1.256779377e+00 1.127456187e+00 1.232086451e+00 

1.531748912e+00 1.553903346e+00 1.837240233e+00 
1.508314027e+00 1.583643123e+00 1.886949293e+00 
1.423501841e+00 1.585767392e+00 1.807647548e+00 
1.409887513e+00 1.626659586e+00 1.832917706e+00 
1.366141948e+00 1.654806160e+00 1.886949293e+00 
1.478853030e+00 1.601699416e+00 1.832917706e+00 
1.381542015e+00 1.627721721e+00 1.886949293e+00 
1.525276197e+00 1.808815720e+00 1.941313383e+00 
1.053453632e+00 1.248539565e+00 1.309891937e+00 
1.287579511e+00 1.458842273e+00 1.699251870e+00 
1.340252427e+00 1.496016994e+00 1.778553616e+00 
1.317040509e+00 1.456186936e+00 1.699251870e+00 
1.654951456e+00 1.747742963e+00 1.945635910e+00 
1.812520924e+00 1.677110993e+00 1.945635910e+00 
1.416359558e+00 1.603823686e+00 1.807647548e+00 
1.290927352e+00 1.614976102e+00 1.807647548e+00 
1.538667559e+00 1.773234201e+00 1.941313383e+00 
1.424618011e+00 1.620286776e+00 1.817622610e+00 
1.354089722e+00 1.676579926e+00 1.886949293e+00 
1.265930365e+00 1.567711099e+00 1.763258520e+00 
1.284008704e+00 1.520977164e+00 1.778553616e+00 
1.447159692e+00 1.558151885e+00 1.807647548e+00 
1.487780382e+00 1.546468401e+00 1.807647548e+00 
1.273295614e+00 1.512480085e+00 1.704904406e+00 
1.176654168e+00 1.398831652e+00 1.575561097e+00 
1.378194175e+00 1.633032395e+00 1.817622610e+00 
1.346501507e+00 1.473712161e+00 1.709226933e+00 
1.745564111e+00 1.678173128e+00 1.945635910e+00 
1.053453632e+00 1.269782262e+00 1.418287614e+00 
1.299854704e+00 1.458311206e+00 1.679634248e+00 
1.496931369e+00 1.612320765e+00 1.886949293e+00 
1.308559089e+00 1.457249071e+00 1.699251870e+00 
1.527061935e+00 1.573021774e+00 1.886949293e+00 
1.603167057e+00 1.759426447e+00 1.945635910e+00 
1.582638098e+00 1.551248008e+00 1.817622610e+00 
1.206115166e+00 1.536378120e+00 1.758935993e+00 
1.370382993e+00 1.494954859e+00 1.778553616e+00 
1.221515233e+00 1.373871482e+00 1.575561097e+00 
1.351411450e+00 1.659054700e+00 1.813300083e+00 
1.171074657e+00 1.501858736e+00 1.679634248e+00 
1.418814864e+00 1.402018056e+00 1.640897756e+00 
1.208682290e+00 1.500796601e+00 1.679966750e+00 
1.246958822e+00 1.470525757e+00 1.699251870e+00 
1.410557081e+00 1.482740308e+00 1.758935993e+00 
1.224863073e+00 1.530005311e+00 1.683956775e+00 
1.127999330e+00 1.404673394e+00 1.650540316e+00 
1.369489789e+00 1.445034519e+00 1.679634248e+00 
1.340475393e+00 1.446627722e+00 1.679634248e+00 
1.086932039e+00 1.366967605e+00 1.571238570e+00 
1.321057918e+00 1.377057886e+00 1.585536160e+00 
1.206115166e+00 1.551248008e+00 1.758935993e+00 
1.413235353e+00 1.613913967e+00 1.807647548e+00 
1.242941413e+00 1.483271375e+00 1.699251870e+00 
1.140944091e+00 1.264471588e+00 1.433582710e+00 
1.053118848e+00 1.259691981e+00 1.309891937e+00 
1.185135588e+00 1.397769517e+00 1.575561097e+00 
1.127552728e+00 1.355284121e+00 1.571238570e+00 
1.165048544e+00 1.513542220e+00 1.679634248e+00 
1.083807834e+00 1.317047265e+00 1.497755611e+00 
1.257448945e+00 1.354753054e+00 1.561596010e+00 
1.315478406e+00 1.399362719e+00 1.635245220e+00 
1.042740542e+00 1.279341476e+00 1.418453865e+00 
1.175315032e+00 1.204460967e+00 1.340482128e+00 
1.191161701e+00 1.196494955e+00 1.319866999e+00 
1.262582524e+00 1.411577270e+00 1.654862843e+00 
1.238478072e+00 1.436537440e+00 1.654862843e+00 
1.083361232e+00 1.267657993e+00 1.418453865e+00 
1.064613324e+00 1.178438662e+00 1.309891937e+00 
1.223300971e+00 1.108868826e+00 1.211471322e+00 
1.061488450e+00 1.270313330e+00 1.447547797e+00 
1.102555742e+00 1.308019118e+00 1.526849543e+00 
1.058364245e+00 1.220392990e+00 1.374064838e+00 
1.057025109e+00 1.145512480e+00 1.216957606e+00 
1.134695012e+00 1.306425916e+00 1.497755611e+00 
1.096752595e+00 1.176845459e+00 1.280798005e+00 
1.017296953e+00 1.182687201e+00 1.294763092e+00 
1.256779377e+00 1.127456187e+00 1.232086451e+00 
1.017296953e+00 1.157727031e+00 1.157107232e+00 
1.013726147e+00 1.012745619e+00 1.152784705e+00 
1.013726147e+00 1.000000000e+00 1.000000000e+00 
1.020421828e+00 1.090812533e+00 1.157107232e+00 

1.651824573e+00 1.760488582e+00 1.945635910e+00 
1.574154670e+00 1.506638343e+00 1.778553616e+00 
1.338466689e+00 1.616569304e+00 1.817622610e+00 
1.387345162e+00 1.546468401e+00 1.807647548e+00 
1.369043857e+00 1.565055762e+00 1.817622610e+00 
1.406093070e+00 1.562400425e+00 1.817622610e+00 
1.402075661e+00 1.531598513e+00 1.778553616e+00 
1.660528959e+00 1.506107276e+00 1.778553616e+00 
1.365918982e+00 1.378120021e+00 1.585536160e+00 
1.320165383e+00 1.394052045e+00 1.585536160e+00 
1.221515233e+00 1.373871482e+00 1.575561097e+00 
1.376632072e+00 1.434944238e+00 1.654862843e+00 
1.479522598e+00 1.596919809e+00 1.821945137e+00 
1.467023770e+00 1.458842273e+00 1.699251870e+00 
1.507867426e+00 1.583643123e+00 1.886949293e+00 
1.424171409e+00 1.522570366e+00 1.763258520e+00 
1.127552728e+00 1.355284121e+00 1.571238570e+00 
1.265483763e+00 1.493361657e+00 1.758935993e+00 
1.395491798e+00 1.867233139e+00 1.862011638e+00 
1.253431537e+00 1.526818906e+00 1.699251870e+00 
1.352527620e+00 1.354753054e+00 1.561596010e+00 
1.175315032e+00 1.204460967e+00 1.340482128e+00 
1.086932039e+00 1.366967605e+00 1.571238570e+00 
1.463675929e+00 1.413701540e+00 1.640897756e+00 
1.421493137e+00 1.609665428e+00 1.886949293e+00 
1.663428189e+00 1.747211896e+00 1.945635910e+00 
1.331771008e+00 1.416356877e+00 1.650540316e+00 
1.223970539e+00 1.451407329e+00 1.635245220e+00 
1.302310010e+00 1.583112055e+00 1.807647548e+00 
1.413904921e+00 1.645778014e+00 1.866334165e+00 
1.161923669e+00 1.448751992e+00 1.606151288e+00 
1.356545028e+00 1.523101434e+00 1.763258520e+00 
1.191161701e+00 1.196494955e+00 1.319866999e+00 
1.610980917e+00 1.788104089e+00 1.945635910e+00 
1.310344828e+00 1.574083909e+00 1.807647548e+00 
1.301975226e+00 1.460966543e+00 1.699251870e+00 
1.603394710e+00 1.953797132e+00 1.941313383e+00 
1.257895547e+00 1.529474243e+00 1.738320865e+00 
1.240040174e+00 1.396707382e+00 1.635245220e+00 
1.254770673e+00 1.495485927e+00 1.699251870e+00 
1.264814195e+00 1.489644185e+00 1.683956775e+00 
1.058364245e+00 1.220392990e+00 1.374064838e+00 
1.295837295e+00 1.446627722e+00 1.679634248e+00 
1.688985604e+00 1.745087626e+00 1.941313383e+00 
1.085146970e+00 1.353159851e+00 1.541978387e+00 
1.185135588e+00 1.397769517e+00 1.575561097e+00 
1.698915300e+00 1.712161445e+00 1.941313383e+00 
1.195625711e+00 1.432819968e+00 1.614630091e+00 
1.083807834e+00 1.317047265e+00 1.497755611e+00 
1.502510880e+00 1.433882103e+00 1.654862843e+00 
1.083361232e+00 1.267657993e+00 1.418453865e+00 
1.311014396e+00 1.443972384e+00 1.679634248e+00 
1.102555742e+00 1.308019118e+00 1.526849543e+00 
1.053453632e+00 1.269782262e+00 1.418287614e+00 
1.053453632e+00 1.248539565e+00 1.309891937e+00 
1.092065618e+00 1.361125863e+00 1.555943475e+00 
1.057025109e+00 1.145512480e+00 1.216957606e+00 
1.061488450e+00 1.270313330e+00 1.447547797e+00 
1.154335454e+00 1.457780138e+00 1.679634248e+00 
1.140944091e+00 1.264471588e+00 1.433582710e+00 
1.042740542e+00 1.279341476e+00 1.418453865e+00 
1.053118848e+00 1.259691981e+00 1.309891937e+00 
1.017296953e+00 1.157727031e+00 1.157107232e+00 
1.017296953e+00 1.182687201e+00 1.294763092e+00 
1.256779377e+00 1.127456187e+00 1.232086451e+00 
1.020421828e+00 1.090812533e+00 1.157107232e+00 
1.223300971e+00 1.108868826e+00 1.211471322e+00 
1.013726147e+00 1.012745619e+00 1.152784705e+00 
1.064613324e+00 1.178438662e+00 1.309891937e+00 
1.096752595e+00 1.176845459e+00 1.280798005e+00 
1.013726147e+00 1.000000000e+00 1.000000000e+00 

1.631067961e+00 1.666489644e+00 1.945635910e+00 
1.619685303e+00 1.583112055e+00 1.886949293e+00 
1.092065618e+00 1.361125863e+00 1.555943475e+00 
1.273071979e+00 1.664365374e+00 1.807647548e+00 
1.191161701e+00 1.196494955e+00 1.319866999e+00 
1.194286575e+00 1.348911312e+00 1.502078138e+00 
1.351746234e+00 1.819968136e+00 1.817622610e+00 
1.592567794e+00 1.750398301e+00 1.945635910e+00 
1.351746234e+00 1.739776952e+00 1.817622610e+00 
1.373284232e+00 1.373871482e+00 1.575561097e+00 
1.471933713e+00 1.934147637e+00 1.945635910e+00 
1.756946769e+00 1.783855550e+00 2.000000000e+00 
1.386228992e+00 1.527881041e+00 1.763258520e+00 
1.302310010e+00 1.366436537e+00 1.561596010e+00 
1.249302310e+00 1.635156665e+00 1.683956775e+00 
1.316370941e+00 1.482740308e+00 1.758935993e+00 
1.293605624e+00 1.461497610e+00 1.683956775e+00 
1.414127888e+00 1.664896442e+00 1.886949293e+00 
1.157013726e+00 1.341476367e+00 1.476974231e+00 
1.431759625e+00 1.612320765e+00 1.886949293e+00 
1.371275527e+00 1.687732342e+00 1.817622610e+00 
1.471933713e+00 1.853956452e+00 1.945635910e+00 
1.511215266e+00 1.565055762e+00 1.807980050e+00 
1.443588885e+00 1.610196495e+00 1.821945137e+00 
1.092735186e+00 1.344131705e+00 1.468495428e+00 
1.467023770e+00 1.458842273e+00 1.699251870e+00 
1.210132574e+00 1.359001593e+00 1.546467165e+00 
1.465015065e+00 1.575677111e+00 1.807980050e+00 
1.235576163e+00 1.346255975e+00 1.502078138e+00 
1.352527620e+00 1.354753054e+00 1.561596010e+00 
1.456645464e+00 2.000000000e+00 1.945635910e+00 
1.294275193e+00 1.329792884e+00 1.493433084e+00 
1.382658185e+00 1.405735528e+00 1.650540316e+00 
1.428188818e+00 1.639936272e+00 1.886949293e+00 
1.154335454e+00 1.457780138e+00 1.679634248e+00 
1.338578507e+00 1.831651620e+00 1.813300083e+00 
1.301975226e+00 1.460966543e+00 1.699251870e+00 
1.271956478e+00 1.518852894e+00 1.738320865e+00 
1.284901239e+00 1.537440255e+00 1.807647548e+00 
1.463341145e+00 1.508231545e+00 1.778553616e+00 
1.362571142e+00 1.441317047e+00 1.629925187e+00 
1.402075661e+00 1.355284121e+00 1.571238570e+00 
1.513893539e+00 1.402018056e+00 1.640897756e+00 
1.264814195e+00 1.489644185e+00 1.683956775e+00 
1.134583194e+00 1.381306426e+00 1.571238570e+00 
1.058364245e+00 1.220392990e+00 1.374064838e+00 
1.688650820e+00 1.959638874e+00 2.000000000e+00 
1.446267158e+00 1.584705258e+00 1.886949293e+00 
1.311014396e+00 1.443972384e+00 1.679634248e+00 
1.187144292e+00 1.438130643e+00 1.600665004e+00 
1.188706394e+00 1.424853956e+00 1.600665004e+00 
1.403414797e+00 1.531067446e+00 1.778553616e+00 
1.108581855e+00 1.336165693e+00 1.447880299e+00 
1.083361232e+00 1.267657993e+00 1.418453865e+00 
1.504296619e+00 1.571959639e+00 1.821945137e+00 
1.276866421e+00 1.366967605e+00 1.571238570e+00 
1.573706060e+00 1.584174190e+00 1.886949293e+00 
1.459435554e+00 1.827403080e+00 1.920698254e+00 
1.168396384e+00 1.447158789e+00 1.679634248e+00 
1.381653833e+00 1.853956452e+00 1.862011638e+00 
1.411449615e+00 1.820499203e+00 1.847215295e+00 
1.585537328e+00 1.506107276e+00 1.778553616e+00 
1.704271845e+00 1.956983537e+00 2.000000000e+00 
1.417810512e+00 1.423791822e+00 1.654862843e+00 
1.374623368e+00 1.314391928e+00 1.488113051e+00 
1.233791095e+00 1.445034519e+00 1.679634248e+00 
1.175315032e+00 1.204460967e+00 1.340482128e+00 
1.250753264e+00 1.323951142e+00 1.478137988e+00 
1.492467359e+00 1.998937865e+00 2.000000000e+00 
1.403861399e+00 1.829527350e+00 1.920698254e+00 
1.241379310e+00 1.436006373e+00 1.606151288e+00 
1.400736525e+00 1.500265534e+00 1.763258520e+00 
1.197410780e+00 1.398831652e+00 1.575561097e+00 
1.182680281e+00 1.368029740e+00 1.571238570e+00 
1.624372280e+00 1.494954859e+00 1.778553616e+00 
1.438901908e+00 1.404142326e+00 1.592186201e+00 
1.085146970e+00 1.353159851e+00 1.541978387e+00 
1.351411450e+00 1.418481147e+00 1.625768911e+00 
1.684298627e+00 1.961232076e+00 2.000000000e+00 
1.053118848e+00 1.259691981e+00 1.309891937e+00 
1.305657851e+00 1.433351036e+00 1.614630091e+00 
1.413458319e+00 1.816781731e+00 1.866334165e+00 
1.053453632e+00 1.248539565e+00 1.309891937e+00 
1.042740542e+00 1.279341476e+00 1.418453865e+00 
1.362124540e+00 1.408921933e+00 1.625602660e+00 
1.223300971e+00 1.108868826e+00 1.211471322e+00 
1.061488450e+00 1.270313330e+00 1.447547797e+00 
1.140944091e+00 1.264471588e+00 1.433582710e+00 
1.057025109e+00 1.145512480e+00 1.216957606e+00 
1.053453632e+00 1.269782262e+00 1.418287614e+00 
1.325967861e+00 1.321826872e+00 1.502078138e+00 
1.468362906e+00 1.317578332e+00 1.517206983e+00 
1.017296953e+00 1.182687201e+00 1.294763092e+00 
1.017296953e+00 1.157727031e+00 1.157107232e+00 
1.064613324e+00 1.178438662e+00 1.309891937e+00 
1.013726147e+00 1.000000000e+00 1.000000000e+00 
1.256779377e+00 1.127456187e+00 1.232086451e+00 
1.013726147e+00 1.012745619e+00 1.152784705e+00 
1.096752595e+00 1.176845459e+00 1.280798005e+00 
1.020421828e+00 1.090812533e+00 1.157107232e+00 

1.085146970e+00 1.353159851e+00 1.541978387e+00 
1.270170740e+00 1.560276155e+00 1.807647548e+00 
1.387122196e+00 1.665427509e+00 1.886949293e+00 
1.817207901e+00 1.875199150e+00 1.941313383e+00 
1.457426850e+00 1.641529474e+00 1.886949293e+00 
1.531748912e+00 1.553903346e+00 1.837240233e+00 
1.127999330e+00 1.404673394e+00 1.650540316e+00 
1.429304988e+00 1.591078067e+00 1.837240233e+00 
1.596250418e+00 1.629314923e+00 1.866334165e+00 
1.448052896e+00 1.650557621e+00 1.886949293e+00 
1.099653833e+00 1.352097716e+00 1.482460515e+00 
1.308113157e+00 1.496016994e+00 1.778553616e+00 
1.215600937e+00 1.508762613e+00 1.693931837e+00 
1.403861399e+00 1.494423792e+00 1.713549460e+00 
1.481084700e+00 1.480616038e+00 1.713549460e+00 
1.083361232e+00 1.267657993e+00 1.418453865e+00 
1.086932039e+00 1.366967605e+00 1.571238570e+00 
1.485102109e+00 1.396707382e+00 1.625768911e+00 
1.200982256e+00 1.455655868e+00 1.669991687e+00 
1.321057918e+00 1.377057886e+00 1.585536160e+00 
1.487780382e+00 1.546468401e+00 1.807647548e+00 
1.265930365e+00 1.567711099e+00 1.763258520e+00 
1.315478406e+00 1.399362719e+00 1.635245220e+00 
1.317040509e+00 1.456186936e+00 1.699251870e+00 
1.207900904e+00 1.463621880e+00 1.683956775e+00 
1.053118848e+00 1.259691981e+00 1.309891937e+00 
1.647137596e+00 1.618162507e+00 1.866334165e+00 
1.092735186e+00 1.344131705e+00 1.468495428e+00 
1.092065618e+00 1.361125863e+00 1.555943475e+00 
1.262582524e+00 1.411577270e+00 1.654862843e+00 
1.102555742e+00 1.308019118e+00 1.526849543e+00 
1.171074657e+00 1.501858736e+00 1.679634248e+00 
1.256779377e+00 1.597450876e+00 1.738320865e+00 
1.053453632e+00 1.269782262e+00 1.418287614e+00 
1.340475393e+00 1.446627722e+00 1.679634248e+00 
1.683963843e+00 1.790228359e+00 1.891604323e+00 
1.042740542e+00 1.279341476e+00 1.418453865e+00 
1.127552728e+00 1.355284121e+00 1.571238570e+00 
1.191161701e+00 1.196494955e+00 1.319866999e+00 
1.576163375e+00 1.854487520e+00 1.891604323e+00 
1.267045865e+00 1.458311206e+00 1.699251870e+00 
1.647137596e+00 1.927774827e+00 1.941313383e+00 
1.368597255e+00 1.306425916e+00 1.497755611e+00 
1.185135588e+00 1.397769517e+00 1.575561097e+00 
1.175315032e+00 1.204460967e+00 1.340482128e+00 
1.238478072e+00 1.436537440e+00 1.654862843e+00 
1.058364245e+00 1.220392990e+00 1.374064838e+00 
1.246958822e+00 1.470525757e+00 1.699251870e+00 
1.223300971e+00 1.108868826e+00 1.211471322e+00 
1.140944091e+00 1.264471588e+00 1.433582710e+00 
1.017296953e+00 1.157727031e+00 1.157107232e+00 
1.221515233e+00 1.373871482e+00 1.575561097e+00 
1.257448945e+00 1.354753054e+00 1.561596010e+00 
1.061488450e+00 1.270313330e+00 1.447547797e+00 
1.053453632e+00 1.248539565e+00 1.309891937e+00 
1.096752595e+00 1.176845459e+00 1.280798005e+00 
1.256779377e+00 1.127456187e+00 1.232086451e+00 
1.057025109e+00 1.145512480e+00 1.216957606e+00 
1.064613324e+00 1.178438662e+00 1.309891937e+00 
1.013726147e+00 1.012745619e+00 1.152784705e+00 
1.017296953e+00 1.182687201e+00 1.294763092e+00 
1.020421828e+00 1.090812533e+00 1.157107232e+00 
1.013726147e+00 1.000000000e+00 1.000000000e+00 

1.224863073e+00 1.530005311e+00 1.683956775e+00 
1.206115166e+00 1.551248008e+00 1.758935993e+00 
1.485994643e+00 1.535315985e+00 1.807647548e+00 
1.238478072e+00 1.436537440e+00 1.654862843e+00 
1.438009374e+00 1.674455656e+00 1.817622610e+00 
1.273295614e+00 1.512480085e+00 1.704904406e+00 
1.284008704e+00 1.520977164e+00 1.778553616e+00 
1.485102109e+00 1.396707382e+00 1.625768911e+00 
1.206115166e+00 1.536378120e+00 1.758935993e+00 
1.528847004e+00 1.516728625e+00 1.738320865e+00 
1.604954804e+00 1.611258630e+00 1.886949293e+00 
1.544024104e+00 1.482740308e+00 1.758935993e+00 
1.321057918e+00 1.377057886e+00 1.585536160e+00 
1.467246736e+00 1.545937334e+00 1.807647548e+00 
1.315478406e+00 1.399362719e+00 1.635245220e+00 
1.262582524e+00 1.411577270e+00 1.654862843e+00 
1.513893539e+00 1.402018056e+00 1.640897756e+00 
1.595132240e+00 1.604354753e+00 1.817622610e+00 
1.416359558e+00 1.748805098e+00 1.866334165e+00 
1.585537328e+00 1.506107276e+00 1.778553616e+00 
1.394710412e+00 1.766330324e+00 1.886949293e+00 
1.464345497e+00 1.710568242e+00 1.866334165e+00 
1.388907265e+00 1.616038237e+00 1.807647548e+00 
1.242941413e+00 1.483271375e+00 1.699251870e+00 
1.809507867e+00 1.786510887e+00 1.945635910e+00 
1.257448945e+00 1.354753054e+00 1.561596010e+00 
1.127999330e+00 1.404673394e+00 1.650540316e+00 
1.441133579e+00 1.560276155e+00 1.807647548e+00 
1.317040509e+00 1.456186936e+00 1.699251870e+00 
1.604285236e+00 1.595857674e+00 1.817622610e+00 
1.422832273e+00 1.711630377e+00 1.866334165e+00 
1.372614664e+00 1.353159851e+00 1.541978387e+00 
1.197410780e+00 1.398831652e+00 1.575561097e+00 
1.267045865e+00 1.458311206e+00 1.699251870e+00 
1.165048544e+00 1.513542220e+00 1.679634248e+00 
1.431090057e+00 1.742432289e+00 1.886949293e+00 
1.127552728e+00 1.355284121e+00 1.571238570e+00 
1.492690325e+00 1.729155603e+00 1.886949293e+00 
1.341814530e+00 1.722782793e+00 1.817622610e+00 
1.102555742e+00 1.308019118e+00 1.526849543e+00 
1.086932039e+00 1.366967605e+00 1.571238570e+00 
1.345608972e+00 1.664896442e+00 1.807647548e+00 
1.340475393e+00 1.446627722e+00 1.679634248e+00 
1.175315032e+00 1.204460967e+00 1.340482128e+00 
1.451177101e+00 1.730217738e+00 1.886949293e+00 
1.411003013e+00 1.443972384e+00 1.679634248e+00 
1.617455641e+00 1.907063197e+00 1.920698254e+00 
1.427072648e+00 1.755177908e+00 1.886949293e+00 
1.140944091e+00 1.264471588e+00 1.433582710e+00 
1.506751255e+00 1.639405204e+00 1.886949293e+00 
1.629280214e+00 1.853425385e+00 1.945635910e+00 
1.639772347e+00 1.814126394e+00 1.945635910e+00 
1.221515233e+00 1.373871482e+00 1.575561097e+00 
1.479745564e+00 1.688263409e+00 1.821945137e+00 
1.369713425e+00 1.639936272e+00 1.807647548e+00 
1.057025109e+00 1.145512480e+00 1.216957606e+00 
1.256779377e+00 1.127456187e+00 1.232086451e+00 
1.053453632e+00 1.248539565e+00 1.309891937e+00 
1.058364245e+00 1.220392990e+00 1.374064838e+00 
1.061488450e+00 1.270313330e+00 1.447547797e+00 
1.083807834e+00 1.317047265e+00 1.497755611e+00 
1.053118848e+00 1.259691981e+00 1.309891937e+00 
1.369489789e+00 1.445034519e+00 1.679634248e+00 
1.191161701e+00 1.196494955e+00 1.319866999e+00 
1.017296953e+00 1.157727031e+00 1.157107232e+00 
1.083361232e+00 1.267657993e+00 1.418453865e+00 
1.064613324e+00 1.178438662e+00 1.309891937e+00 
1.042740542e+00 1.279341476e+00 1.418453865e+00 
1.017296953e+00 1.182687201e+00 1.294763092e+00 
1.013726147e+00 1.000000000e+00 1.000000000e+00 
1.096752595e+00 1.176845459e+00 1.280798005e+00 
1.013726147e+00 1.012745619e+00 1.152784705e+00 
1.223300971e+00 1.108868826e+00 1.211471322e+00 
1.020421828e+00 1.090812533e+00 1.157107232e+00 

1.346501507e+00 1.685608072e+00 1.886949293e+00 
1.287579511e+00 1.458842273e+00 1.699251870e+00 
1.406985604e+00 1.616569304e+00 1.807647548e+00 
1.221961835e+00 1.528412108e+00 1.738320865e+00 
1.389800469e+00 1.680828465e+00 1.837240233e+00 
1.447159692e+00 1.558151885e+00 1.807647548e+00 
1.340252427e+00 1.496016994e+00 1.778553616e+00 
1.326637429e+00 1.729686670e+00 1.886949293e+00 
1.171074657e+00 1.501858736e+00 1.679634248e+00 
1.506528289e+00 1.577270313e+00 1.837240233e+00 
1.370382993e+00 1.494954859e+00 1.778553616e+00 
1.345608972e+00 1.490706320e+00 1.709226933e+00 
1.633746234e+00 1.565055762e+00 1.837240233e+00 
1.257448945e+00 1.354753054e+00 1.561596010e+00 
1.324628724e+00 1.629845990e+00 1.807647548e+00 
1.467023770e+00 1.667020712e+00 1.837240233e+00 
1.246958822e+00 1.470525757e+00 1.699251870e+00 
1.288026113e+00 1.508231545e+00 1.778553616e+00 
1.284008704e+00 1.520977164e+00 1.778553616e+00 
1.418814864e+00 1.402018056e+00 1.640897756e+00 
1.285124205e+00 1.719596389e+00 1.807647548e+00 
1.507867426e+00 1.583643123e+00 1.886949293e+00 
1.299854704e+00 1.458311206e+00 1.679634248e+00 
1.191161701e+00 1.196494955e+00 1.319866999e+00 
1.415244058e+00 1.463621880e+00 1.709226933e+00 
1.164601942e+00 1.526287839e+00 1.679634248e+00 
1.320165383e+00 1.394052045e+00 1.585536160e+00 
1.285570807e+00 1.706850770e+00 1.807647548e+00 
1.127999330e+00 1.404673394e+00 1.650540316e+00 
1.185135588e+00 1.397769517e+00 1.575561097e+00 
1.238478072e+00 1.436537440e+00 1.654862843e+00 
1.134695012e+00 1.306425916e+00 1.497755611e+00 
1.248521594e+00 1.597981944e+00 1.778553616e+00 
1.265483763e+00 1.493361657e+00 1.758935993e+00 
1.489119518e+00 1.443441317e+00 1.669991687e+00 
1.315478406e+00 1.399362719e+00 1.635245220e+00 
1.487110814e+00 1.456186936e+00 1.699251870e+00 
1.127552728e+00 1.355284121e+00 1.571238570e+00 
1.221515233e+00 1.373871482e+00 1.575561097e+00 
1.206115166e+00 1.551248008e+00 1.758935993e+00 
1.175315032e+00 1.204460967e+00 1.340482128e+00 
1.262582524e+00 1.411577270e+00 1.654862843e+00 
1.372614664e+00 1.353159851e+00 1.541978387e+00 
1.057025109e+00 1.145512480e+00 1.216957606e+00 
1.450954135e+00 1.458311206e+00 1.699251870e+00 
1.321057918e+00 1.377057886e+00 1.585536160e+00 
1.642450619e+00 1.768985661e+00 1.941313383e+00 
1.086932039e+00 1.366967605e+00 1.571238570e+00 
1.058364245e+00 1.220392990e+00 1.374064838e+00 
1.083361232e+00 1.267657993e+00 1.418453865e+00 
1.053118848e+00 1.259691981e+00 1.309891937e+00 
1.083807834e+00 1.317047265e+00 1.497755611e+00 
1.102555742e+00 1.308019118e+00 1.526849543e+00 
1.042740542e+00 1.279341476e+00 1.418453865e+00 
1.053453632e+00 1.248539565e+00 1.309891937e+00 
1.165048544e+00 1.513542220e+00 1.679634248e+00 
1.017296953e+00 1.157727031e+00 1.157107232e+00 
1.017296953e+00 1.182687201e+00 1.294763092e+00 
1.221292266e+00 1.455655868e+00 1.669991687e+00 
1.256779377e+00 1.127456187e+00 1.232086451e+00 
1.053453632e+00 1.269782262e+00 1.418287614e+00 
1.223300971e+00 1.108868826e+00 1.211471322e+00 
1.096752595e+00 1.176845459e+00 1.280798005e+00 
1.140944091e+00 1.264471588e+00 1.433582710e+00 
1.064613324e+00 1.178438662e+00 1.309891937e+00 
1.061488450e+00 1.270313330e+00 1.447547797e+00 
1.013726147e+00 1.000000000e+00 1.000000000e+00 
1.020421828e+00 1.090812533e+00 1.157107232e+00 
1.013726147e+00 1.012745619e+00 1.152784705e+00 

1.822564446e+00 1.682952735e+00 1.891604323e+00 
1.456980248e+00 1.505576208e+00 1.713549460e+00 
1.849568129e+00 1.721189591e+00 1.945635910e+00 
1.442249749e+00 1.664365374e+00 1.886949293e+00 
1.425510546e+00 1.629845990e+00 1.817622610e+00 
1.221515233e+00 1.373871482e+00 1.575561097e+00 
1.833947104e+00 1.724375996e+00 1.945635910e+00 
1.967191162e+00 1.681890600e+00 1.891604323e+00 
1.410780047e+00 1.719596389e+00 1.866334165e+00 
1.454301975e+00 1.519383962e+00 1.778553616e+00 
1.731389354e+00 1.798725438e+00 1.945635910e+00 
1.518133914e+00 1.895379713e+00 1.920698254e+00 
1.530632742e+00 1.507700478e+00 1.729842062e+00 
1.253431537e+00 1.526818906e+00 1.699251870e+00 
1.113045196e+00 1.458842273e+00 1.561596010e+00 
1.175315032e+00 1.204460967e+00 1.340482128e+00 
1.378417811e+00 1.722782793e+00 1.866334165e+00 
1.310344828e+00 1.574083909e+00 1.807647548e+00 
1.402075661e+00 1.531598513e+00 1.778553616e+00 
1.507867426e+00 1.601168348e+00 1.837240233e+00 
1.396719116e+00 1.548061604e+00 1.807647548e+00 
1.659859391e+00 1.737652682e+00 1.941313383e+00 
1.424171409e+00 1.522570366e+00 1.763258520e+00 
1.392032139e+00 1.689856612e+00 1.862011638e+00 
1.517241379e+00 1.464152947e+00 1.709226933e+00 
1.566340810e+00 1.876792353e+00 1.945635910e+00 
1.302310010e+00 1.583112055e+00 1.807647548e+00 
1.741767660e+00 1.783855550e+00 1.945635910e+00 
1.368597255e+00 1.306425916e+00 1.497755611e+00 
1.409440911e+00 1.684545937e+00 1.817622610e+00 
1.633746234e+00 1.554434413e+00 1.837240233e+00 
1.660080348e+00 1.809877854e+00 1.945635910e+00 
1.478406428e+00 1.606479023e+00 1.817622610e+00 
1.191161701e+00 1.196494955e+00 1.319866999e+00 
1.369936391e+00 1.558151885e+00 1.807647548e+00 
1.457649816e+00 1.405735528e+00 1.650540316e+00 
1.254770673e+00 1.495485927e+00 1.699251870e+00 
1.332440576e+00 1.433882103e+00 1.654862843e+00 
1.767211249e+00 1.771109931e+00 1.945635910e+00 
1.195625711e+00 1.432819968e+00 1.614630091e+00 
1.375962504e+00 1.525225704e+00 1.763258520e+00 
1.085146970e+00 1.353159851e+00 1.541978387e+00 
1.248521594e+00 1.593733404e+00 1.699251870e+00 
1.257895547e+00 1.529474243e+00 1.738320865e+00 
1.797569468e+00 1.862984599e+00 2.000000000e+00 
1.517241379e+00 1.899628253e+00 1.941313383e+00 
1.311014396e+00 1.443972384e+00 1.679634248e+00 
1.457649816e+00 1.610196495e+00 1.886949293e+00 
1.293605624e+00 1.461497610e+00 1.683956775e+00 
1.566789421e+00 1.421136484e+00 1.654862843e+00 
1.522597924e+00 1.861391397e+00 1.941313383e+00 
1.589106127e+00 1.806691450e+00 1.941313383e+00 
1.286240375e+00 1.548061604e+00 1.758935993e+00 
1.185135588e+00 1.397769517e+00 1.575561097e+00 
1.549380649e+00 1.537440255e+00 1.807647548e+00 
1.240040174e+00 1.396707382e+00 1.635245220e+00 
1.481084700e+00 1.480616038e+00 1.713549460e+00 
1.161923669e+00 1.448751992e+00 1.606151288e+00 
1.620575829e+00 1.793945831e+00 1.941313383e+00 
1.053453632e+00 1.269782262e+00 1.418287614e+00 
1.092065618e+00 1.361125863e+00 1.555943475e+00 
1.154335454e+00 1.457780138e+00 1.679634248e+00 
1.223970539e+00 1.451407329e+00 1.635245220e+00 
1.574154670e+00 1.496016994e+00 1.778553616e+00 
1.127552728e+00 1.355284121e+00 1.571238570e+00 
1.329315701e+00 1.457249071e+00 1.699251870e+00 
1.102555742e+00 1.308019118e+00 1.526849543e+00 
1.346501507e+00 1.473712161e+00 1.709226933e+00 
1.083807834e+00 1.317047265e+00 1.497755611e+00 
1.257448945e+00 1.354753054e+00 1.561596010e+00 
1.058364245e+00 1.220392990e+00 1.374064838e+00 
1.262135922e+00 1.471587892e+00 1.699251870e+00 
1.140944091e+00 1.264471588e+00 1.433582710e+00 
1.083361232e+00 1.267657993e+00 1.418453865e+00 
1.331771008e+00 1.416356877e+00 1.650540316e+00 
1.064613324e+00 1.178438662e+00 1.309891937e+00 
1.053453632e+00 1.248539565e+00 1.309891937e+00 
1.256779377e+00 1.127456187e+00 1.232086451e+00 
1.057025109e+00 1.145512480e+00 1.216957606e+00 
1.053118848e+00 1.259691981e+00 1.309891937e+00 
1.223300971e+00 1.108868826e+00 1.211471322e+00 
1.042740542e+00 1.279341476e+00 1.418453865e+00 
1.321057918e+00 1.377057886e+00 1.585536160e+00 
1.096752595e+00 1.176845459e+00 1.280798005e+00 
1.017296953e+00 1.182687201e+00 1.294763092e+00 
1.061488450e+00 1.270313330e+00 1.447547797e+00 
1.013726147e+00 1.000000000e+00 1.000000000e+00 
1.017296953e+00 1.157727031e+00 1.157107232e+00 
1.013726147e+00 1.012745619e+00 1.152784705e+00 
1.020421828e+00 1.090812533e+00 1.157107232e+00 

1.354089722e+00 1.661710037e+00 1.886949293e+00 
1.369489789e+00 1.445034519e+00 1.679634248e+00 
1.354089722e+00 1.676579926e+00 1.886949293e+00 
1.448052896e+00 1.650557621e+00 1.886949293e+00 
1.206115166e+00 1.551248008e+00 1.758935993e+00 
1.440018078e+00 1.625597451e+00 1.832917706e+00 
1.206115166e+00 1.536378120e+00 1.758935993e+00 
1.422609307e+00 1.626659586e+00 1.832917706e+00 
1.320165383e+00 1.394052045e+00 1.585536160e+00 
1.273295614e+00 1.512480085e+00 1.704904406e+00 
1.587994643e+00 1.580987785e+00 1.837240233e+00 
1.346501507e+00 1.473712161e+00 1.709226933e+00 
1.448498828e+00 1.626659586e+00 1.886949293e+00 
1.171074657e+00 1.501858736e+00 1.679634248e+00 
1.583307667e+00 1.586298460e+00 1.886949293e+00 
1.418814864e+00 1.402018056e+00 1.640897756e+00 
1.438678942e+00 1.652150823e+00 1.886949293e+00 
1.262582524e+00 1.411577270e+00 1.654862843e+00 
1.288026113e+00 1.508231545e+00 1.778553616e+00 
1.134695012e+00 1.306425916e+00 1.497755611e+00 
1.345608972e+00 1.490706320e+00 1.709226933e+00 
1.238478072e+00 1.436537440e+00 1.654862843e+00 
1.127999330e+00 1.404673394e+00 1.650540316e+00 
1.164601942e+00 1.526287839e+00 1.679634248e+00 
1.370382993e+00 1.494954859e+00 1.778553616e+00 
1.210579176e+00 1.494423792e+00 1.699251870e+00 
1.368709073e+00 1.604354753e+00 1.807980050e+00 
1.284008704e+00 1.520977164e+00 1.778553616e+00 
1.546146635e+00 1.816250664e+00 1.945635910e+00 
1.436223636e+00 1.652681891e+00 1.886949293e+00 
1.208682290e+00 1.500796601e+00 1.679966750e+00 
1.467246736e+00 1.545937334e+00 1.807647548e+00 
1.308113157e+00 1.496016994e+00 1.778553616e+00 
1.176654168e+00 1.398831652e+00 1.575561097e+00 
1.165048544e+00 1.513542220e+00 1.679634248e+00 
1.441245397e+00 1.601699416e+00 1.807980050e+00 
1.307889521e+00 1.617631439e+00 1.807647548e+00 
1.058364245e+00 1.220392990e+00 1.374064838e+00 
1.042740542e+00 1.279341476e+00 1.418453865e+00 
1.127552728e+00 1.355284121e+00 1.571238570e+00 
1.221515233e+00 1.373871482e+00 1.575561097e+00 
1.267045865e+00 1.458311206e+00 1.699251870e+00 
1.246958822e+00 1.470525757e+00 1.699251870e+00 
1.191161701e+00 1.196494955e+00 1.319866999e+00 
1.381988617e+00 1.631970260e+00 1.866334165e+00 
1.325075326e+00 1.617100372e+00 1.807647548e+00 
1.476397723e+00 1.615507169e+00 1.866334165e+00 
1.053453632e+00 1.269782262e+00 1.418287614e+00 
1.185135588e+00 1.397769517e+00 1.575561097e+00 
1.460997657e+00 1.603292618e+00 1.837240233e+00 
1.221961835e+00 1.528412108e+00 1.738320865e+00 
1.465015065e+00 1.561338290e+00 1.807980050e+00 
1.464345497e+00 1.618693574e+00 1.866334165e+00 
1.053453632e+00 1.248539565e+00 1.309891937e+00 
1.502510880e+00 1.590015932e+00 1.837240233e+00 
1.053118848e+00 1.259691981e+00 1.309891937e+00 
1.257448945e+00 1.354753054e+00 1.561596010e+00 
1.086932039e+00 1.366967605e+00 1.571238570e+00 
1.588885169e+00 1.563993627e+00 1.837240233e+00 
1.057025109e+00 1.145512480e+00 1.216957606e+00 
1.242941413e+00 1.483271375e+00 1.699251870e+00 
1.408771342e+00 1.630908125e+00 1.866334165e+00 
1.102555742e+00 1.308019118e+00 1.526849543e+00 
1.416359558e+00 1.603823686e+00 1.807647548e+00 
1.329315701e+00 1.457249071e+00 1.699251870e+00 
1.017296953e+00 1.157727031e+00 1.157107232e+00 
1.256779377e+00 1.127456187e+00 1.232086451e+00 
1.140944091e+00 1.264471588e+00 1.433582710e+00 
1.083361232e+00 1.267657993e+00 1.418453865e+00 
1.223300971e+00 1.108868826e+00 1.211471322e+00 
1.096752595e+00 1.176845459e+00 1.280798005e+00 
1.061488450e+00 1.270313330e+00 1.447547797e+00 
1.017296953e+00 1.182687201e+00 1.294763092e+00 
1.064613324e+00 1.178438662e+00 1.309891937e+00 
1.020421828e+00 1.090812533e+00 1.157107232e+00 
1.013726147e+00 1.000000000e+00 1.000000000e+00 
1.013726147e+00 1.012745619e+00 1.152784705e+00 
