1.464425163e+00 1.620800000e+00 1.712282324e+00 
1.540493492e+00 1.627200000e+00 1.741562644e+00 
1.069631236e+00 1.355733333e+00 1.525658807e+00 
1.426789588e+00 1.566400000e+00 1.665742025e+00 
1.391720716e+00 1.719466667e+00 1.710587147e+00 
1.738286334e+00 1.688000000e+00 1.792109724e+00 
1.561388286e+00 1.672533333e+00 1.790260441e+00 
1.486623102e+00 1.622400000e+00 1.730004623e+00 
1.173987527e+00 1.498666667e+00 1.605486207e+00 
1.175849783e+00 1.476266667e+00 1.539836647e+00 
1.298481562e+00 1.327466667e+00 1.481738326e+00 
1.460629067e+00 1.561600000e+00 1.708275543e+00 
1.212653471e+00 1.469333333e+00 1.539836647e+00 
1.489154013e+00 1.798933333e+00 1.788102943e+00 
1.216052061e+00 1.355200000e+00 1.525658807e+00 
1.360303688e+00 1.348800000e+00 1.570503930e+00 
1.506507592e+00 1.497600000e+00 1.646632763e+00 
1.428280911e+00 1.620800000e+00 1.683618431e+00 
1.221800434e+00 1.322666667e+00 1.471567268e+00 
1.684381779e+00 1.584000000e+00 1.772538141e+00 
1.265943601e+00 1.272000000e+00 1.471567268e+00 
1.272559653e+00 1.346133333e+00 1.498690091e+00 
1.333188720e+00 1.297066667e+00 1.502542765e+00 
1.419052603e+00 1.648000000e+00 1.772538141e+00 
1.072342733e+00 1.217600000e+00 1.389582370e+00 
1.287960954e+00 1.339200000e+00 1.506549545e+00 
1.456073753e+00 1.515733333e+00 1.665742025e+00 
1.711171367e+00 1.520533333e+00 1.716289105e+00 
1.048879067e+00 1.262933333e+00 1.269841270e+00 
1.582971800e+00 1.469866667e+00 1.636461704e+00 
1.400677874e+00 1.742400000e+00 1.718600709e+00 
1.504555315e+00 1.613333333e+00 1.714439821e+00 
1.387201735e+00 1.325333333e+00 1.506549545e+00 
1.115907267e+00 1.248533333e+00 1.403760210e+00 
1.623318872e+00 1.816000000e+00 1.848358761e+00 
1.296583514e+00 1.401600000e+00 1.586376946e+00 
1.235032538e+00 1.429866667e+00 1.539836647e+00 
1.234236985e+00 1.470933333e+00 1.543381106e+00 
1.328091106e+00 1.425066667e+00 1.632454924e+00 
1.192950108e+00 1.293333333e+00 1.463707813e+00 
1.616404555e+00 1.743466667e+00 1.821390045e+00 
1.451590564e+00 1.545066667e+00 1.704268763e+00 
1.653470716e+00 1.576533333e+00 1.714593928e+00 
1.286198482e+00 1.661866667e+00 1.665742025e+00 
1.284164859e+00 1.563733333e+00 1.611650485e+00 
1.121475054e+00 1.351466667e+00 1.461396209e+00 
1.056471258e+00 1.251200000e+00 1.335490831e+00 
1.658568330e+00 1.600533333e+00 1.741562644e+00 
1.556127983e+00 1.875200000e+00 1.852365542e+00 
1.297396963e+00 1.730133333e+00 1.712282324e+00 
1.360845987e+00 1.525866667e+00 1.646632763e+00 
1.091865510e+00 1.200533333e+00 1.335490831e+00 
1.310520607e+00 1.331733333e+00 1.498690091e+00 
1.212689805e+00 1.323733333e+00 1.467560487e+00 
1.438503254e+00 1.483200000e+00 1.636461704e+00 
1.140130152e+00 1.193066667e+00 1.337802435e+00 
1.541285249e+00 1.609066667e+00 1.734011404e+00 
1.510574837e+00 1.773333333e+00 1.817383264e+00 
1.235032538e+00 1.352000000e+00 1.496378487e+00 
1.705168113e+00 1.737600000e+00 1.844351980e+00 
1.336135033e+00 1.581333333e+00 1.658344891e+00 
1.635791757e+00 1.588266667e+00 1.718446602e+00 
1.484815618e+00 1.755200000e+00 1.784096163e+00 
1.671691974e+00 1.560533333e+00 1.716289105e+00 
1.080748373e+00 1.214933333e+00 1.399753429e+00 
1.310773861e+00 1.696533333e+00 1.708275543e+00 
1.430766269e+00 1.493866667e+00 1.642625982e+00 
1.134761388e+00 1.413333333e+00 1.529665588e+00 
1.276247289e+00 1.459200000e+00 1.578363384e+00 
1.657809111e+00 1.696533333e+00 1.794267221e+00 
1.244649132e+00 1.569600000e+00 1.611650485e+00 
1.051554772e+00 1.393600000e+00 1.335490831e+00 
1.266946855e+00 1.489600000e+00 1.597472646e+00 
1.506643167e+00 1.813333333e+00 1.813376483e+00 
1.061171367e+00 1.117333333e+00 1.263676992e+00 
1.171447939e+00 1.603200000e+00 1.574356603e+00 
1.464913232e+00 1.819200000e+00 1.792109724e+00 
1.636838395e+00 1.784000000e+00 1.928186161e+00 
1.351301518e+00 1.389333333e+00 1.576205887e+00 
1.361713666e+00 1.404800000e+00 1.601479427e+00 
1.192299349e+00 1.462400000e+00 1.531977192e+00 
1.107013557e+00 1.174933333e+00 1.273848051e+00 
1.053958785e+00 1.168533333e+00 1.259670211e+00 
1.514278742e+00 1.712000000e+00 1.794267221e+00 
1.025704989e+00 1.134933333e+00 1.129912159e+00 
1.015292842e+00 1.170133333e+00 1.207890276e+00 
1.039208243e+00 1.144000000e+00 1.133764833e+00 
1.051554772e+00 1.405866667e+00 1.389582370e+00 
1.048210412e+00 1.188266667e+00 1.263676992e+00 
1.025704989e+00 1.147200000e+00 1.201725998e+00 
1.284707158e+00 1.349333333e+00 1.529665588e+00 
1.240672451e+00 1.428266667e+00 1.539836647e+00 
1.015292842e+00 1.157866667e+00 1.136076437e+00 
1.239370933e+00 1.704000000e+00 1.658190784e+00 
1.400162690e+00 1.817600000e+00 1.741562644e+00 
1.000000000e+00 1.124266667e+00 1.071813839e+00 
1.023454447e+00 1.228266667e+00 1.211897057e+00 
1.137201735e+00 1.000000000e+00 1.000000000e+00 
1.167751085e+00 1.272533333e+00 1.409924488e+00 
1.095444685e+00 1.037866667e+00 1.129912159e+00 
1.000000000e+00 1.112000000e+00 1.000000000e+00 
1.052277657e+00 1.032000000e+00 1.000000000e+00 
1.071854664e+00 1.141333333e+00 1.269841270e+00 
1.052277657e+00 1.043733333e+00 1.133764833e+00 
1.137201735e+00 1.024533333e+00 1.125905378e+00 
1.057483731e+00 1.062400000e+00 1.136076437e+00 
1.095444685e+00 1.026666667e+00 1.000000000e+00 

1.240672451e+00 1.428266667e+00 1.539836647e+00 
1.307809111e+00 1.523200000e+00 1.704268763e+00 
1.301518438e+00 1.373333333e+00 1.539836647e+00 
1.890455531e+00 1.773866667e+00 1.920172600e+00 
1.178199566e+00 1.502400000e+00 1.605486207e+00 
1.121113341e+00 1.369600000e+00 1.525658807e+00 
1.513991323e+00 1.504533333e+00 1.662197565e+00 
1.121565618e+00 1.363200000e+00 1.406071814e+00 
1.766811280e+00 1.802666667e+00 1.874094622e+00 
1.192299349e+00 1.462400000e+00 1.531977192e+00 
1.727982646e+00 1.822400000e+00 1.893203883e+00 
1.457971800e+00 1.660800000e+00 1.784096163e+00 
1.257266811e+00 1.304533333e+00 1.475574048e+00 
1.654338395e+00 1.825066667e+00 1.920172600e+00 
1.531127983e+00 1.487466667e+00 1.646632763e+00 
1.607011931e+00 1.793600000e+00 1.848358761e+00 
1.284707158e+00 1.349333333e+00 1.529665588e+00 
1.310520607e+00 1.331733333e+00 1.498690091e+00 
1.807483731e+00 1.889600000e+00 1.928186161e+00 
1.110629067e+00 1.380800000e+00 1.496378487e+00 
1.640347072e+00 1.778133333e+00 1.844351980e+00 
1.072297722e+00 1.430400000e+00 1.389582370e+00 
1.185276573e+00 1.355200000e+00 1.475574048e+00 
1.248101952e+00 1.336000000e+00 1.502542765e+00 
1.586225597e+00 1.469333333e+00 1.642625982e+00 
1.110448482e+00 1.504000000e+00 1.531977192e+00 
1.235032538e+00 1.352000000e+00 1.496378487e+00 
1.397586768e+00 1.685866667e+00 1.798274002e+00 
1.566485900e+00 1.609066667e+00 1.772538141e+00 
1.187852495e+00 1.298133333e+00 1.471567268e+00 
1.340075922e+00 1.636266667e+00 1.772538141e+00 
1.287960954e+00 1.339200000e+00 1.506549545e+00 
1.163015184e+00 1.523733333e+00 1.547387887e+00 
1.205097614e+00 1.445866667e+00 1.578363384e+00 
1.137093275e+00 1.327466667e+00 1.461396209e+00 
1.444685466e+00 1.315200000e+00 1.525658807e+00 
1.290853037e+00 1.550933333e+00 1.636461704e+00 
1.487798265e+00 1.576000000e+00 1.714439821e+00 
1.214154013e+00 1.353066667e+00 1.481738326e+00 
1.300650759e+00 1.540266667e+00 1.665742025e+00 
1.048879067e+00 1.262933333e+00 1.269841270e+00 
1.272451193e+00 1.339733333e+00 1.506549545e+00 
1.172234273e+00 1.569066667e+00 1.603791031e+00 
1.426518438e+00 1.709333333e+00 1.817383264e+00 
1.614316703e+00 1.585600000e+00 1.788102943e+00 
1.568682213e+00 1.853333333e+00 1.821390045e+00 
1.634940347e+00 1.873600000e+00 1.924179380e+00 
1.471619848e+00 1.631466667e+00 1.712282324e+00 
1.623644252e+00 2.000000000e+00 1.920172600e+00 
1.091865510e+00 1.200533333e+00 1.335490831e+00 
1.098698482e+00 1.391466667e+00 1.461396209e+00 
1.318004338e+00 1.402133333e+00 1.611650485e+00 
1.048210412e+00 1.188266667e+00 1.263676992e+00 
1.236189262e+00 1.549333333e+00 1.607797812e+00 
1.207194685e+00 1.619200000e+00 1.673293266e+00 
1.462798265e+00 1.502933333e+00 1.619664047e+00 
1.695010846e+00 1.730133333e+00 1.821390045e+00 
1.349783080e+00 1.318933333e+00 1.479580829e+00 
1.066928959e+00 1.542933333e+00 1.362613654e+00 
1.072342733e+00 1.217600000e+00 1.389582370e+00 
1.167751085e+00 1.272533333e+00 1.409924488e+00 
1.080748373e+00 1.214933333e+00 1.399753429e+00 
1.147469089e+00 1.557866667e+00 1.543535213e+00 
1.107013557e+00 1.174933333e+00 1.273848051e+00 
1.265943601e+00 1.272000000e+00 1.471567268e+00 
1.065672451e+00 1.248533333e+00 1.269841270e+00 
1.304718004e+00 1.536000000e+00 1.646632763e+00 
1.140130152e+00 1.193066667e+00 1.337802435e+00 
1.316305315e+00 1.789333333e+00 1.714439821e+00 
1.071131779e+00 1.479466667e+00 1.337802435e+00 
1.015292842e+00 1.157866667e+00 1.136076437e+00 
1.025704989e+00 1.147200000e+00 1.201725998e+00 
1.494972885e+00 1.640533333e+00 1.813376483e+00 
1.471691974e+00 1.610133333e+00 1.772538141e+00 
1.053958785e+00 1.168533333e+00 1.259670211e+00 
1.023454447e+00 1.228266667e+00 1.211897057e+00 
1.192950108e+00 1.293333333e+00 1.463707813e+00 
1.056471258e+00 1.251200000e+00 1.335490831e+00 
1.039208243e+00 1.144000000e+00 1.133764833e+00 
1.100325380e+00 1.426666667e+00 1.525658807e+00 
1.061171367e+00 1.117333333e+00 1.263676992e+00 
1.115907267e+00 1.248533333e+00 1.403760210e+00 
1.015292842e+00 1.170133333e+00 1.207890276e+00 
1.025704989e+00 1.134933333e+00 1.129912159e+00 
1.071854664e+00 1.141333333e+00 1.269841270e+00 
1.289316703e+00 1.489600000e+00 1.597472646e+00 
1.000000000e+00 1.112000000e+00 1.000000000e+00 
1.137201735e+00 1.000000000e+00 1.000000000e+00 
1.137201735e+00 1.024533333e+00 1.125905378e+00 
1.000000000e+00 1.124266667e+00 1.071813839e+00 
1.057483731e+00 1.062400000e+00 1.136076437e+00 
1.095444685e+00 1.026666667e+00 1.000000000e+00 
1.052277657e+00 1.043733333e+00 1.133764833e+00 
1.052277657e+00 1.032000000e+00 1.000000000e+00 
1.095444685e+00 1.037866667e+00 1.129912159e+00 

1.464208243e+00 1.492266667e+00 1.636461704e+00 
1.666485900e+00 1.824533333e+00 1.928186161e+00 
1.242046095e+00 1.372800000e+00 1.535829866e+00 
1.182628525e+00 1.603200000e+00 1.708275543e+00 
1.427331887e+00 1.857600000e+00 1.817383264e+00 
1.417245119e+00 1.494933333e+00 1.632454924e+00 
1.064208243e+00 1.418133333e+00 1.461396209e+00 
1.255694143e+00 1.441066667e+00 1.551394668e+00 
1.289931128e+00 1.652800000e+00 1.813376483e+00 
1.513015184e+00 1.348800000e+00 1.529665588e+00 
1.366594360e+00 1.479466667e+00 1.607643705e+00 
1.356471258e+00 1.416533333e+00 1.574510710e+00 
1.333188720e+00 1.297066667e+00 1.502542765e+00 
1.561458785e+00 1.845866667e+00 1.870087841e+00 
1.612798265e+00 1.724800000e+00 1.874094622e+00 
1.115329176e+00 1.571733333e+00 1.537216828e+00 
1.538232104e+00 1.931733333e+00 1.848358761e+00 
1.389913232e+00 1.458666667e+00 1.605486207e+00 
1.091919740e+00 1.315200000e+00 1.525658807e+00 
1.444649132e+00 1.589866667e+00 1.745569425e+00 
1.590563991e+00 1.439466667e+00 1.632454924e+00 
1.299891540e+00 1.545066667e+00 1.632454924e+00 
1.394739696e+00 1.403733333e+00 1.551394668e+00 
1.670498915e+00 1.760533333e+00 1.920172600e+00 
1.091865510e+00 1.200533333e+00 1.335490831e+00 
1.496420824e+00 1.823466667e+00 1.844351980e+00 
1.210737527e+00 1.293333333e+00 1.463707813e+00 
1.076509219e+00 1.355200000e+00 1.399753429e+00 
1.190238612e+00 1.476800000e+00 1.603791031e+00 
1.272505423e+00 1.555733333e+00 1.737555864e+00 
1.715292842e+00 1.694400000e+00 1.848358761e+00 
1.153199566e+00 1.374933333e+00 1.539836647e+00 
1.557483731e+00 1.509333333e+00 1.646632763e+00 
1.167064534e+00 1.454400000e+00 1.601479427e+00 
1.162960954e+00 1.483200000e+00 1.576205887e+00 
1.264605748e+00 1.571200000e+00 1.611650485e+00 
1.156001627e+00 1.583466667e+00 1.607643705e+00 
1.496203905e+00 1.647466667e+00 1.772538141e+00 
1.272704447e+00 1.550933333e+00 1.673293266e+00 
1.456073753e+00 1.515733333e+00 1.665742025e+00 
1.426789588e+00 1.455466667e+00 1.611650485e+00 
1.080748373e+00 1.214933333e+00 1.399753429e+00 
1.115907267e+00 1.248533333e+00 1.403760210e+00 
1.378199566e+00 1.423466667e+00 1.597472646e+00 
1.104934924e+00 1.298133333e+00 1.471567268e+00 
1.048879067e+00 1.262933333e+00 1.269841270e+00 
1.048210412e+00 1.188266667e+00 1.263676992e+00 
1.588069414e+00 1.751466667e+00 1.852365542e+00 
1.167751085e+00 1.272533333e+00 1.409924488e+00 
1.069631236e+00 1.344533333e+00 1.395746648e+00 
1.253253796e+00 1.581866667e+00 1.605486207e+00 
1.061171367e+00 1.117333333e+00 1.263676992e+00 
1.140130152e+00 1.193066667e+00 1.337802435e+00 
1.714750542e+00 1.536533333e+00 1.691477886e+00 
1.331616052e+00 1.499200000e+00 1.605486207e+00 
1.562760304e+00 1.753066667e+00 1.863923563e+00 
1.509219089e+00 1.477333333e+00 1.619664047e+00 
1.056471258e+00 1.251200000e+00 1.335490831e+00 
1.071854664e+00 1.141333333e+00 1.269841270e+00 
1.015292842e+00 1.170133333e+00 1.207890276e+00 
1.025704989e+00 1.147200000e+00 1.201725998e+00 
1.072342733e+00 1.217600000e+00 1.389582370e+00 
1.107013557e+00 1.174933333e+00 1.273848051e+00 
1.015292842e+00 1.157866667e+00 1.136076437e+00 
1.000000000e+00 1.124266667e+00 1.071813839e+00 
1.039208243e+00 1.144000000e+00 1.133764833e+00 
1.137201735e+00 1.000000000e+00 1.000000000e+00 
1.095444685e+00 1.026666667e+00 1.000000000e+00 
1.053958785e+00 1.168533333e+00 1.259670211e+00 
1.025704989e+00 1.134933333e+00 1.129912159e+00 
1.023454447e+00 1.228266667e+00 1.211897057e+00 
1.052277657e+00 1.043733333e+00 1.133764833e+00 
1.000000000e+00 1.112000000e+00 1.000000000e+00 
1.095444685e+00 1.037866667e+00 1.129912159e+00 
1.137201735e+00 1.024533333e+00 1.125905378e+00 
1.052277657e+00 1.032000000e+00 1.000000000e+00 
1.057483731e+00 1.062400000e+00 1.136076437e+00 

1.396782538e+00 1.695466667e+00 1.788102943e+00 
1.524078091e+00 1.601600000e+00 1.741562644e+00 
1.648590022e+00 1.587200000e+00 1.716289105e+00 
1.064208243e+00 1.418133333e+00 1.461396209e+00 
1.198888286e+00 1.602666667e+00 1.673293266e+00 
1.431263557e+00 1.574933333e+00 1.673293266e+00 
1.162960954e+00 1.483200000e+00 1.576205887e+00 
1.065672451e+00 1.248000000e+00 1.265988596e+00 
1.091919740e+00 1.315200000e+00 1.525658807e+00 
1.486659436e+00 1.643733333e+00 1.745569425e+00 
1.652060738e+00 1.890133333e+00 1.928186161e+00 
1.222342733e+00 1.430933333e+00 1.541223609e+00 
1.103036876e+00 1.300800000e+00 1.461396209e+00 
1.080748373e+00 1.214933333e+00 1.399753429e+00 
1.586713666e+00 1.673066667e+00 1.817383264e+00 
1.504284165e+00 1.588800000e+00 1.691477886e+00 
1.163412690e+00 1.437866667e+00 1.535829866e+00 
1.069631236e+00 1.344000000e+00 1.391893974e+00 
1.876898048e+00 1.803200000e+00 1.920172600e+00 
1.180368764e+00 1.678933333e+00 1.772538141e+00 
1.325921909e+00 1.826666667e+00 1.821390045e+00 
1.434652928e+00 1.453866667e+00 1.607643705e+00 
1.246746204e+00 1.450666667e+00 1.547387887e+00 
1.750721258e+00 1.887466667e+00 1.928186161e+00 
1.624295011e+00 1.643733333e+00 1.790260441e+00 
1.436659436e+00 1.403733333e+00 1.611650485e+00 
1.268655098e+00 1.577066667e+00 1.646632763e+00 
1.214425163e+00 1.293333333e+00 1.463707813e+00 
1.452097072e+00 1.704000000e+00 1.794421328e+00 
1.245028742e+00 1.464000000e+00 1.632454924e+00 
1.069631236e+00 1.355733333e+00 1.525658807e+00 
1.144793926e+00 1.377600000e+00 1.529665588e+00 
1.195010846e+00 1.511466667e+00 1.597472646e+00 
1.757592191e+00 1.701866667e+00 1.874094622e+00 
1.668438178e+00 1.823466667e+00 1.863923563e+00 
1.850542299e+00 1.811200000e+00 1.893203883e+00 
1.311822126e+00 1.410133333e+00 1.555401449e+00 
1.419233731e+00 1.852266667e+00 1.920172600e+00 
1.176681128e+00 1.461866667e+00 1.568192325e+00 
1.051554772e+00 1.405866667e+00 1.389582370e+00 
1.307592191e+00 1.272533333e+00 1.471567268e+00 
1.532174620e+00 1.545066667e+00 1.704268763e+00 
1.508134490e+00 1.501866667e+00 1.665742025e+00 
1.393112798e+00 1.625600000e+00 1.741562644e+00 
1.344902386e+00 1.499733333e+00 1.646632763e+00 
1.588611714e+00 1.871466667e+00 1.924179380e+00 
1.048210412e+00 1.188266667e+00 1.263676992e+00 
1.048879067e+00 1.262933333e+00 1.269841270e+00 
1.484327549e+00 1.716266667e+00 1.852365542e+00 
1.210809653e+00 1.596800000e+00 1.737555864e+00 
1.538503254e+00 1.624000000e+00 1.772538141e+00 
1.281778742e+00 1.445866667e+00 1.578363384e+00 
1.312364425e+00 1.398933333e+00 1.539836647e+00 
1.325596529e+00 1.408000000e+00 1.543535213e+00 
1.117859544e+00 1.548800000e+00 1.541223609e+00 
1.167751085e+00 1.272533333e+00 1.409924488e+00 
1.450108460e+00 1.372800000e+00 1.535829866e+00 
1.140130152e+00 1.193066667e+00 1.337802435e+00 
1.327874187e+00 1.404800000e+00 1.601479427e+00 
1.333188720e+00 1.297066667e+00 1.502542765e+00 
1.443058568e+00 1.792000000e+00 1.852365542e+00 
1.072342733e+00 1.217600000e+00 1.389582370e+00 
1.399331345e+00 1.804266667e+00 1.844351980e+00 
1.254013015e+00 1.427733333e+00 1.570503930e+00 
1.272586768e+00 1.414400000e+00 1.539836647e+00 
1.071854664e+00 1.141333333e+00 1.269841270e+00 
1.091865510e+00 1.200533333e+00 1.335490831e+00 
1.115907267e+00 1.248533333e+00 1.403760210e+00 
1.107013557e+00 1.174933333e+00 1.273848051e+00 
1.056471258e+00 1.251200000e+00 1.335490831e+00 
1.061171367e+00 1.117333333e+00 1.263676992e+00 
1.025704989e+00 1.147200000e+00 1.201725998e+00 
1.039208243e+00 1.144000000e+00 1.133764833e+00 
1.015292842e+00 1.157866667e+00 1.136076437e+00 
1.408170824e+00 1.595733333e+00 1.662197565e+00 
1.430766269e+00 1.493866667e+00 1.642625982e+00 
1.053958785e+00 1.168533333e+00 1.259670211e+00 
1.425921909e+00 1.580800000e+00 1.677300046e+00 
1.025704989e+00 1.134933333e+00 1.129912159e+00 
1.015292842e+00 1.170133333e+00 1.207890276e+00 
1.000000000e+00 1.124266667e+00 1.071813839e+00 
1.052277657e+00 1.043733333e+00 1.133764833e+00 
1.095444685e+00 1.037866667e+00 1.129912159e+00 
1.095444685e+00 1.026666667e+00 1.000000000e+00 
1.023454447e+00 1.228266667e+00 1.211897057e+00 
1.137201735e+00 1.024533333e+00 1.125905378e+00 
1.052277657e+00 1.032000000e+00 1.000000000e+00 
1.000000000e+00 1.112000000e+00 1.000000000e+00 
1.137201735e+00 1.000000000e+00 1.000000000e+00 
1.057483731e+00 1.062400000e+00 1.136076437e+00 

1.422993492e+00 1.528000000e+00 1.665742025e+00 
1.379718004e+00 1.650666667e+00 1.710587147e+00 
1.493129067e+00 1.648000000e+00 1.722453383e+00 
1.434924078e+00 1.621333333e+00 1.718600709e+00 
1.060357918e+00 1.285866667e+00 1.399753429e+00 
1.336984816e+00 1.566400000e+00 1.665742025e+00 
1.310918113e+00 1.719466667e+00 1.772538141e+00 
1.643167028e+00 1.624000000e+00 1.741562644e+00 
1.238250000e+00 1.547200000e+00 1.607797812e+00 
1.665075922e+00 1.820800000e+00 1.924179380e+00 
1.277928416e+00 1.586666667e+00 1.654184004e+00 
1.254609544e+00 1.449600000e+00 1.632454924e+00 
1.434381779e+00 1.745066667e+00 1.813376483e+00 
1.284381779e+00 1.389333333e+00 1.529665588e+00 
1.312364425e+00 1.398933333e+00 1.539836647e+00 
1.743671367e+00 1.777600000e+00 1.920172600e+00 
1.215184382e+00 1.437333333e+00 1.597472646e+00 
1.115907267e+00 1.248533333e+00 1.403760210e+00 
1.314804772e+00 1.430933333e+00 1.541223609e+00 
1.536605206e+00 1.625066667e+00 1.794267221e+00 
1.616540130e+00 1.834666667e+00 1.924179380e+00 
1.196258134e+00 1.312000000e+00 1.496378487e+00 
1.347505423e+00 1.423466667e+00 1.555401449e+00 
1.473969631e+00 1.598933333e+00 1.708275543e+00 
1.195860629e+00 1.765333333e+00 1.677300046e+00 
1.387201735e+00 1.626133333e+00 1.710587147e+00 
1.498481562e+00 1.473600000e+00 1.658190784e+00 
1.284707158e+00 1.349333333e+00 1.529665588e+00 
1.450108460e+00 1.373333333e+00 1.535829866e+00 
1.513015184e+00 1.348800000e+00 1.529665588e+00 
1.262201735e+00 1.631466667e+00 1.636461704e+00 
1.525488069e+00 1.617066667e+00 1.718446602e+00 
1.767570499e+00 1.740266667e+00 1.874094622e+00 
1.338394794e+00 1.426666667e+00 1.611650485e+00 
1.172812907e+00 1.519466667e+00 1.597472646e+00 
1.516811280e+00 1.859200000e+00 1.863923563e+00 
1.583297180e+00 1.692800000e+00 1.844351980e+00 
1.164678416e+00 1.400533333e+00 1.539836647e+00 
1.477223427e+00 1.556266667e+00 1.712282324e+00 
1.346945228e+00 1.842666667e+00 1.786407767e+00 
1.596529284e+00 1.803200000e+00 1.859916782e+00 
1.056471258e+00 1.251200000e+00 1.335490831e+00 
1.232827007e+00 1.683733333e+00 1.708275543e+00 
1.163412690e+00 1.437866667e+00 1.535829866e+00 
1.091919740e+00 1.315200000e+00 1.525658807e+00 
1.370336226e+00 1.560000000e+00 1.636461704e+00 
1.124367137e+00 1.475733333e+00 1.535829866e+00 
1.641757050e+00 1.560533333e+00 1.718446602e+00 
1.048210412e+00 1.188266667e+00 1.263676992e+00 
1.350542299e+00 1.304533333e+00 1.475574048e+00 
1.425126356e+00 1.836800000e+00 1.798274002e+00 
1.048879067e+00 1.262933333e+00 1.269841270e+00 
1.194685466e+00 1.298666667e+00 1.417629835e+00 
1.652386117e+00 1.419200000e+00 1.605486207e+00 
1.140130152e+00 1.193066667e+00 1.337802435e+00 
1.544305857e+00 1.959466667e+00 1.920172600e+00 
1.080748373e+00 1.214933333e+00 1.399753429e+00 
1.209418113e+00 1.541333333e+00 1.605486207e+00 
1.091865510e+00 1.200533333e+00 1.335490831e+00 
1.118293384e+00 1.302400000e+00 1.465402990e+00 
1.184924078e+00 1.632000000e+00 1.617044229e+00 
1.382700651e+00 1.688000000e+00 1.723840345e+00 
1.053958785e+00 1.168533333e+00 1.259670211e+00 
1.107013557e+00 1.174933333e+00 1.273848051e+00 
1.071854664e+00 1.141333333e+00 1.269841270e+00 
1.015292842e+00 1.157866667e+00 1.136076437e+00 
1.324728850e+00 1.660800000e+00 1.677300046e+00 
1.023454447e+00 1.228266667e+00 1.211897057e+00 
1.552603037e+00 1.408000000e+00 1.543535213e+00 
1.632673536e+00 1.817066667e+00 1.874094622e+00 
1.167751085e+00 1.272533333e+00 1.409924488e+00 
1.025704989e+00 1.134933333e+00 1.129912159e+00 
1.015292842e+00 1.170133333e+00 1.207890276e+00 
1.061171367e+00 1.117333333e+00 1.263676992e+00 
1.072342733e+00 1.217600000e+00 1.389582370e+00 
1.379067245e+00 1.417066667e+00 1.545230390e+00 
1.057483731e+00 1.062400000e+00 1.136076437e+00 
1.000000000e+00 1.124266667e+00 1.071813839e+00 
1.095444685e+00 1.026666667e+00 1.000000000e+00 
1.137201735e+00 1.024533333e+00 1.125905378e+00 
1.039208243e+00 1.144000000e+00 1.133764833e+00 
1.137201735e+00 1.000000000e+00 1.000000000e+00 
1.095444685e+00 1.037866667e+00 1.129912159e+00 
1.052277657e+00 1.043733333e+00 1.133764833e+00 
1.052277657e+00 1.032000000e+00 1.000000000e+00 
1.000000000e+00 1.112000000e+00 1.000000000e+00 
1.025704989e+00 1.147200000e+00 1.201725998e+00 

1.627440347e+00 1.563200000e+00 1.726460163e+00 
1.316377440e+00 1.429333333e+00 1.601479427e+00 
1.601952278e+00 1.888000000e+00 1.852365542e+00 
1.455206074e+00 1.432000000e+00 1.605486207e+00 
1.263286334e+00 1.465066667e+00 1.601479427e+00 
1.526426247e+00 1.671466667e+00 1.745569425e+00 
1.104934924e+00 1.298133333e+00 1.471567268e+00 
1.530585683e+00 1.538133333e+00 1.718446602e+00 
1.281995662e+00 1.487466667e+00 1.665742025e+00 
1.485032538e+00 1.613333333e+00 1.741562644e+00 
1.511062907e+00 1.748266667e+00 1.813376483e+00 
1.514913232e+00 1.674666667e+00 1.817383264e+00 
1.350542299e+00 1.304533333e+00 1.475574048e+00 
1.069631236e+00 1.344000000e+00 1.391893974e+00 
1.432754881e+00 1.348800000e+00 1.570503930e+00 
1.209418113e+00 1.565333333e+00 1.712282324e+00 
1.097613883e+00 1.504533333e+00 1.632454924e+00 
1.636876356e+00 1.747200000e+00 1.859916782e+00 
1.725596529e+00 1.726933333e+00 1.844351980e+00 
1.398264642e+00 1.349333333e+00 1.529665588e+00 
1.494360087e+00 1.454933333e+00 1.636461704e+00 
1.499132321e+00 1.749333333e+00 1.786407767e+00 
1.594685466e+00 1.766933333e+00 1.844351980e+00 
1.604663774e+00 1.827733333e+00 1.928186161e+00 
1.064208243e+00 1.418133333e+00 1.461396209e+00 
1.069631236e+00 1.344533333e+00 1.395746648e+00 
1.336225597e+00 1.609600000e+00 1.723840345e+00 
1.354121475e+00 1.398400000e+00 1.597472646e+00 
1.118763557e+00 1.489600000e+00 1.597472646e+00 
1.069631236e+00 1.355733333e+00 1.525658807e+00 
1.275216920e+00 1.373333333e+00 1.535829866e+00 
1.476681128e+00 1.464000000e+00 1.632454924e+00 
1.180928959e+00 1.419200000e+00 1.545230390e+00 
1.216052061e+00 1.355200000e+00 1.525658807e+00 
1.069631236e+00 1.334933333e+00 1.389582370e+00 
1.617136659e+00 1.612266667e+00 1.741562644e+00 
1.542299349e+00 1.569600000e+00 1.722453383e+00 
1.216377440e+00 1.315200000e+00 1.525658807e+00 
1.471981020e+00 1.627733333e+00 1.726460163e+00 
1.229121475e+00 1.513066667e+00 1.665742025e+00 
1.140130152e+00 1.193066667e+00 1.337802435e+00 
1.625596529e+00 1.596800000e+00 1.741562644e+00 
1.091865510e+00 1.200533333e+00 1.335490831e+00 
1.316811280e+00 1.648533333e+00 1.737555864e+00 
1.703796095e+00 1.673600000e+00 1.802280783e+00 
1.291160521e+00 1.416000000e+00 1.539836647e+00 
1.080748373e+00 1.214933333e+00 1.399753429e+00 
1.072342733e+00 1.217600000e+00 1.389582370e+00 
1.025704989e+00 1.147200000e+00 1.201725998e+00 
1.586225597e+00 1.469333333e+00 1.642625982e+00 
1.129690889e+00 1.272000000e+00 1.471567268e+00 
1.637744035e+00 1.645333333e+00 1.798274002e+00 
1.048210412e+00 1.188266667e+00 1.263676992e+00 
1.025704989e+00 1.134933333e+00 1.129912159e+00 
1.484815618e+00 1.546666667e+00 1.666204346e+00 
1.209598698e+00 1.446933333e+00 1.578363384e+00 
1.076509219e+00 1.355200000e+00 1.399753429e+00 
1.015292842e+00 1.170133333e+00 1.207890276e+00 
1.543237527e+00 1.786666667e+00 1.821390045e+00 
1.185276573e+00 1.355200000e+00 1.475574048e+00 
1.359544469e+00 1.374933333e+00 1.539836647e+00 
1.163412690e+00 1.437866667e+00 1.535829866e+00 
1.103036876e+00 1.300800000e+00 1.461396209e+00 
1.048879067e+00 1.262933333e+00 1.269841270e+00 
1.023454447e+00 1.228266667e+00 1.211897057e+00 
1.455477223e+00 1.781866667e+00 1.817383264e+00 
1.071854664e+00 1.141333333e+00 1.269841270e+00 
1.115907267e+00 1.248533333e+00 1.403760210e+00 
1.107013557e+00 1.174933333e+00 1.273848051e+00 
1.056471258e+00 1.251200000e+00 1.335490831e+00 
1.053958785e+00 1.168533333e+00 1.259670211e+00 
1.039208243e+00 1.144000000e+00 1.133764833e+00 
1.015292842e+00 1.157866667e+00 1.136076437e+00 
1.052277657e+00 1.043733333e+00 1.133764833e+00 
1.095444685e+00 1.026666667e+00 1.000000000e+00 
1.061171367e+00 1.117333333e+00 1.263676992e+00 
1.000000000e+00 1.124266667e+00 1.071813839e+00 
1.137201735e+00 1.024533333e+00 1.125905378e+00 
1.057483731e+00 1.062400000e+00 1.136076437e+00 
1.095444685e+00 1.037866667e+00 1.129912159e+00 
1.052277657e+00 1.032000000e+00 1.000000000e+00 
1.137201735e+00 1.000000000e+00 1.000000000e+00 
1.000000000e+00 1.112000000e+00 1.000000000e+00 

1.263150759e+00 1.486400000e+00 1.543535213e+00 
1.316919740e+00 1.324800000e+00 1.506549545e+00 
1.394468547e+00 1.435733333e+00 1.632454924e+00 
1.197197939e+00 1.564266667e+00 1.597472646e+00 
1.398011388e+00 1.627200000e+00 1.714439821e+00 
1.284707158e+00 1.349333333e+00 1.529665588e+00 
1.393474512e+00 1.844266667e+00 1.792109724e+00 
1.482104121e+00 1.425066667e+00 1.597472646e+00 
1.613340564e+00 1.564266667e+00 1.718446602e+00 
1.226898048e+00 1.376000000e+00 1.502542765e+00 
1.239651302e+00 1.557333333e+00 1.638773309e+00 
1.306399132e+00 1.331733333e+00 1.498690091e+00 
1.100325380e+00 1.366400000e+00 1.496378487e+00 
1.329934924e+00 1.315200000e+00 1.525658807e+00 
1.474403471e+00 1.680533333e+00 1.737555864e+00 
1.374584056e+00 1.697066667e+00 1.718446602e+00 
1.237699024e+00 1.511466667e+00 1.601479427e+00 
1.105513557e+00 1.292266667e+00 1.403760210e+00 
1.528416486e+00 1.725333333e+00 1.790260441e+00 
1.236876356e+00 1.370133333e+00 1.525658807e+00 
1.301518438e+00 1.373333333e+00 1.539836647e+00 
1.315563991e+00 1.492800000e+00 1.646632763e+00 
1.300867679e+00 1.371200000e+00 1.537216828e+00 
1.574837310e+00 1.418666667e+00 1.574510710e+00 
1.584815618e+00 1.684800000e+00 1.798274002e+00 
1.069631236e+00 1.334933333e+00 1.389582370e+00 
1.072342733e+00 1.217600000e+00 1.389582370e+00 
1.454121475e+00 1.872000000e+00 1.848358761e+00 
1.275216920e+00 1.373333333e+00 1.535829866e+00 
1.090374187e+00 1.380266667e+00 1.525658807e+00 
1.305802603e+00 1.431466667e+00 1.605486207e+00 
1.425885575e+00 1.833066667e+00 1.792109724e+00 
1.199376356e+00 1.488533333e+00 1.597472646e+00 
1.423662148e+00 1.778133333e+00 1.723840345e+00 
1.064208243e+00 1.418133333e+00 1.461396209e+00 
1.080748373e+00 1.214933333e+00 1.399753429e+00 
1.186876356e+00 1.550933333e+00 1.576205887e+00 
1.204338395e+00 1.272533333e+00 1.471567268e+00 
1.254266269e+00 1.635200000e+00 1.712282324e+00 
1.568411063e+00 1.720000000e+00 1.893203883e+00 
1.091865510e+00 1.200533333e+00 1.335490831e+00 
1.056471258e+00 1.251200000e+00 1.335490831e+00 
1.390825922e+00 1.896533333e+00 1.734011404e+00 
1.048879067e+00 1.262933333e+00 1.269841270e+00 
1.113593818e+00 1.297600000e+00 1.496378487e+00 
1.373318872e+00 1.798933333e+00 1.718446602e+00 
1.293600868e+00 1.435733333e+00 1.537216828e+00 
1.252928416e+00 1.413866667e+00 1.535829866e+00 
1.402386117e+00 1.475200000e+00 1.665742025e+00 
1.315347072e+00 1.566400000e+00 1.665742025e+00 
1.104934924e+00 1.298133333e+00 1.471567268e+00 
1.115907267e+00 1.248533333e+00 1.403760210e+00 
1.518980477e+00 1.783466667e+00 1.863923563e+00 
1.578129067e+00 1.579200000e+00 1.792109724e+00 
1.071854664e+00 1.141333333e+00 1.269841270e+00 
1.065672451e+00 1.248000000e+00 1.265988596e+00 
1.167751085e+00 1.272533333e+00 1.409924488e+00 
1.445444685e+00 1.628266667e+00 1.726460163e+00 
1.659072668e+00 1.775466667e+00 1.920172600e+00 
1.048210412e+00 1.188266667e+00 1.263676992e+00 
1.177114967e+00 1.297066667e+00 1.471567268e+00 
1.454013015e+00 1.683200000e+00 1.736323008e+00 
1.561930586e+00 1.652800000e+00 1.772538141e+00 
1.288421909e+00 1.502400000e+00 1.603791031e+00 
1.061171367e+00 1.117333333e+00 1.263676992e+00 
1.272505423e+00 1.482133333e+00 1.576205887e+00 
1.480025488e+00 1.689600000e+00 1.741562644e+00 
1.186189262e+00 1.402133333e+00 1.529665588e+00 
1.508497831e+00 1.596266667e+00 1.722453383e+00 
1.025704989e+00 1.134933333e+00 1.129912159e+00 
1.015292842e+00 1.157866667e+00 1.136076437e+00 
1.015292842e+00 1.170133333e+00 1.207890276e+00 
1.039208243e+00 1.144000000e+00 1.133764833e+00 
1.538899132e+00 1.624533333e+00 1.723840345e+00 
1.140130152e+00 1.193066667e+00 1.337802435e+00 
1.344305857e+00 1.512533333e+00 1.712282324e+00 
1.025704989e+00 1.147200000e+00 1.201725998e+00 
1.023454447e+00 1.228266667e+00 1.211897057e+00 
1.137201735e+00 1.024533333e+00 1.125905378e+00 
1.095444685e+00 1.037866667e+00 1.129912159e+00 
1.095444685e+00 1.026666667e+00 1.000000000e+00 
1.052277657e+00 1.032000000e+00 1.000000000e+00 
1.137201735e+00 1.000000000e+00 1.000000000e+00 
1.057483731e+00 1.062400000e+00 1.136076437e+00 
1.052277657e+00 1.043733333e+00 1.133764833e+00 
1.000000000e+00 1.124266667e+00 1.071813839e+00 
1.107013557e+00 1.174933333e+00 1.273848051e+00 
1.000000000e+00 1.112000000e+00 1.000000000e+00 
1.053958785e+00 1.168533333e+00 1.259670211e+00 

1.333188720e+00 1.297066667e+00 1.502542765e+00 
1.577114967e+00 1.935466667e+00 1.870087841e+00 
1.217317245e+00 1.401066667e+00 1.539836647e+00 
1.069631236e+00 1.344533333e+00 1.395746648e+00 
1.215292842e+00 1.495466667e+00 1.601479427e+00 
1.418112798e+00 1.468266667e+00 1.646632763e+00 
1.065672451e+00 1.248533333e+00 1.269841270e+00 
1.076509219e+00 1.355200000e+00 1.399753429e+00 
1.257266811e+00 1.304533333e+00 1.475574048e+00 
1.204338395e+00 1.272533333e+00 1.471567268e+00 
1.242046095e+00 1.372800000e+00 1.535829866e+00 
1.220444685e+00 1.395200000e+00 1.568192325e+00 
1.407483731e+00 1.681600000e+00 1.852365542e+00 
1.170896421e+00 1.297066667e+00 1.471567268e+00 
1.813991323e+00 1.653333333e+00 1.780089382e+00 
1.163412690e+00 1.437866667e+00 1.535829866e+00 
1.296990239e+00 1.504533333e+00 1.632454924e+00 
1.284707158e+00 1.349333333e+00 1.529665588e+00 
1.764425163e+00 1.723200000e+00 1.859916782e+00 
1.370028742e+00 1.493333333e+00 1.642625982e+00 
1.396420824e+00 1.445333333e+00 1.615657266e+00 
1.689804772e+00 1.852266667e+00 1.928186161e+00 
1.606290672e+00 1.425600000e+00 1.632454924e+00 
1.359544469e+00 1.374933333e+00 1.539836647e+00 
1.458785249e+00 1.552533333e+00 1.712282324e+00 
1.240916486e+00 1.488000000e+00 1.603791031e+00 
1.585683297e+00 1.438933333e+00 1.642625982e+00 
1.064208243e+00 1.418133333e+00 1.461396209e+00 
1.140130152e+00 1.193066667e+00 1.337802435e+00 
1.115907267e+00 1.248533333e+00 1.403760210e+00 
1.056471258e+00 1.251200000e+00 1.335490831e+00 
1.103036876e+00 1.300800000e+00 1.461396209e+00 
1.048879067e+00 1.262933333e+00 1.269841270e+00 
1.255748373e+00 1.401066667e+00 1.611650485e+00 
1.245218547e+00 1.607466667e+00 1.737555864e+00 
1.167751085e+00 1.272533333e+00 1.409924488e+00 
1.048210412e+00 1.188266667e+00 1.263676992e+00 
1.555493492e+00 1.672000000e+00 1.844351980e+00 
1.015292842e+00 1.157866667e+00 1.136076437e+00 
1.107013557e+00 1.174933333e+00 1.273848051e+00 
1.072342733e+00 1.217600000e+00 1.389582370e+00 
1.397360629e+00 1.503466667e+00 1.677300046e+00 
1.091865510e+00 1.200533333e+00 1.335490831e+00 
1.186189262e+00 1.402133333e+00 1.529665588e+00 
1.080748373e+00 1.214933333e+00 1.399753429e+00 
1.292877983e+00 1.535466667e+00 1.708275543e+00 
1.205622017e+00 1.531200000e+00 1.665742025e+00 
1.025704989e+00 1.147200000e+00 1.201725998e+00 
1.364370933e+00 1.704000000e+00 1.772538141e+00 
1.433477766e+00 1.844266667e+00 1.863923563e+00 
1.859002169e+00 1.813866667e+00 1.928186161e+00 
1.053958785e+00 1.168533333e+00 1.259670211e+00 
1.023454447e+00 1.228266667e+00 1.211897057e+00 
1.025704989e+00 1.134933333e+00 1.129912159e+00 
1.404049349e+00 1.553600000e+00 1.772538141e+00 
1.015292842e+00 1.170133333e+00 1.207890276e+00 
1.000000000e+00 1.124266667e+00 1.071813839e+00 
1.174765184e+00 1.500266667e+00 1.605486207e+00 
1.039208243e+00 1.144000000e+00 1.133764833e+00 
1.588340564e+00 1.748800000e+00 1.920172600e+00 
1.201048265e+00 1.562133333e+00 1.611650485e+00 
1.071854664e+00 1.141333333e+00 1.269841270e+00 
1.061171367e+00 1.117333333e+00 1.263676992e+00 
1.091919740e+00 1.315200000e+00 1.525658807e+00 
1.052277657e+00 1.043733333e+00 1.133764833e+00 
1.057483731e+00 1.062400000e+00 1.136076437e+00 
1.137201735e+00 1.000000000e+00 1.000000000e+00 
1.095444685e+00 1.037866667e+00 1.129912159e+00 
1.052277657e+00 1.032000000e+00 1.000000000e+00 
1.095444685e+00 1.026666667e+00 1.000000000e+00 
1.137201735e+00 1.024533333e+00 1.125905378e+00 
1.000000000e+00 1.112000000e+00 1.000000000e+00 

1.495661605e+00 1.555733333e+00 1.741562644e+00 
1.547722343e+00 1.774400000e+00 1.790414548e+00 
1.359490239e+00 1.585600000e+00 1.726460163e+00 
1.813991323e+00 1.746133333e+00 1.920172600e+00 
1.272505423e+00 1.573866667e+00 1.673293266e+00 
1.174566161e+00 1.324266667e+00 1.471567268e+00 
1.201970174e+00 1.621866667e+00 1.636461704e+00 
1.387201735e+00 1.325333333e+00 1.506549545e+00 
1.225867679e+00 1.336000000e+00 1.502542765e+00 
1.290455531e+00 1.355200000e+00 1.525658807e+00 
1.185276573e+00 1.355200000e+00 1.475574048e+00 
1.153199566e+00 1.374933333e+00 1.539836647e+00 
1.103036876e+00 1.300800000e+00 1.461396209e+00 
1.424620390e+00 1.380800000e+00 1.568192325e+00 
1.626355748e+00 1.525866667e+00 1.668361843e+00 
1.475289046e+00 1.674666667e+00 1.741562644e+00 
1.193329718e+00 1.484266667e+00 1.611650485e+00 
1.328416486e+00 1.689066667e+00 1.704268763e+00 
1.546637744e+00 1.483200000e+00 1.646632763e+00 
1.323201193e+00 1.677333333e+00 1.677300046e+00 
1.512689805e+00 1.687466667e+00 1.772538141e+00 
1.368438178e+00 1.537600000e+00 1.658190784e+00 
1.513015184e+00 1.348800000e+00 1.529665588e+00 
1.351626898e+00 1.373333333e+00 1.539836647e+00 
1.898590022e+00 1.745600000e+00 1.924179380e+00 
1.167245119e+00 1.428266667e+00 1.576205887e+00 
1.268655098e+00 1.577066667e+00 1.646632763e+00 
1.454799349e+00 1.735466667e+00 1.745569425e+00 
1.455206074e+00 1.432000000e+00 1.605486207e+00 
1.413774403e+00 1.810666667e+00 1.759439051e+00 
1.398264642e+00 1.349333333e+00 1.529665588e+00 
1.472342733e+00 1.478933333e+00 1.619664047e+00 
1.296583514e+00 1.455466667e+00 1.586376946e+00 
1.118275488e+00 1.489066667e+00 1.597472646e+00 
1.167751085e+00 1.272533333e+00 1.409924488e+00 
1.060357918e+00 1.285866667e+00 1.399753429e+00 
1.740238612e+00 1.616000000e+00 1.745569425e+00 
1.701193059e+00 1.809066667e+00 1.924179380e+00 
1.187228850e+00 1.632533333e+00 1.611650485e+00 
1.370932755e+00 1.562133333e+00 1.691477886e+00 
1.419559111e+00 1.833600000e+00 1.790414548e+00 
1.258080260e+00 1.320533333e+00 1.479580829e+00 
1.065672451e+00 1.248533333e+00 1.269841270e+00 
1.427620933e+00 1.787200000e+00 1.794421328e+00 
1.246854664e+00 1.327466667e+00 1.481738326e+00 
1.333188720e+00 1.297066667e+00 1.502542765e+00 
1.242624729e+00 1.323733333e+00 1.467560487e+00 
1.615374187e+00 1.810666667e+00 1.893203883e+00 
1.218085683e+00 1.458133333e+00 1.611650485e+00 
1.456796638e+00 1.531200000e+00 1.654338111e+00 
1.206507592e+00 1.330666667e+00 1.475574048e+00 
1.606832972e+00 1.864533333e+00 1.863923563e+00 
1.115329176e+00 1.571733333e+00 1.537216828e+00 
1.647505423e+00 1.697066667e+00 1.790260441e+00 
1.312761931e+00 1.803733333e+00 1.708275543e+00 
1.481561822e+00 1.826666667e+00 1.813376483e+00 
1.069631236e+00 1.355733333e+00 1.525658807e+00 
1.115907267e+00 1.248533333e+00 1.403760210e+00 
1.268438178e+00 1.554666667e+00 1.615657266e+00 
1.879067245e+00 1.822933333e+00 1.928186161e+00 
1.080748373e+00 1.214933333e+00 1.399753429e+00 
1.192950108e+00 1.293333333e+00 1.463707813e+00 
1.072342733e+00 1.217600000e+00 1.389582370e+00 
1.741323210e+00 1.776000000e+00 1.866235167e+00 
1.275216920e+00 1.373333333e+00 1.535829866e+00 
1.507592191e+00 1.486933333e+00 1.665742025e+00 
1.048879067e+00 1.262933333e+00 1.269841270e+00 
1.638286334e+00 1.781866667e+00 1.813376483e+00 
1.091865510e+00 1.200533333e+00 1.335490831e+00 
1.048210412e+00 1.188266667e+00 1.263676992e+00 
1.377295553e+00 1.696000000e+00 1.741562644e+00 
1.774403471e+00 1.643733333e+00 1.798274002e+00 
1.650759219e+00 1.657600000e+00 1.844351980e+00 
1.140130152e+00 1.193066667e+00 1.337802435e+00 
1.722885033e+00 1.760533333e+00 1.852365542e+00 
1.039208243e+00 1.144000000e+00 1.133764833e+00 
1.324295011e+00 1.483733333e+00 1.636461704e+00 
1.176229393e+00 1.414400000e+00 1.576205887e+00 
1.061171367e+00 1.117333333e+00 1.263676992e+00 
1.056471258e+00 1.251200000e+00 1.335490831e+00 
1.025704989e+00 1.134933333e+00 1.129912159e+00 
1.107013557e+00 1.174933333e+00 1.273848051e+00 
1.015292842e+00 1.170133333e+00 1.207890276e+00 
1.599701735e+00 1.851733333e+00 1.852365542e+00 
1.053958785e+00 1.168533333e+00 1.259670211e+00 
1.025704989e+00 1.147200000e+00 1.201725998e+00 
1.071854664e+00 1.141333333e+00 1.269841270e+00 
1.023454447e+00 1.228266667e+00 1.211897057e+00 
1.000000000e+00 1.112000000e+00 1.000000000e+00 
1.000000000e+00 1.124266667e+00 1.071813839e+00 
1.137201735e+00 1.000000000e+00 1.000000000e+00 
1.015292842e+00 1.157866667e+00 1.136076437e+00 
1.095444685e+00 1.026666667e+00 1.000000000e+00 
1.057483731e+00 1.062400000e+00 1.136076437e+00 
1.052277657e+00 1.043733333e+00 1.133764833e+00 
1.137201735e+00 1.024533333e+00 1.125905378e+00 
1.052277657e+00 1.032000000e+00 1.000000000e+00 
1.095444685e+00 1.037866667e+00 1.129912159e+00 

1.974511931e+00 1.865600000e+00 1.928186161e+00 
1.546908894e+00 1.622400000e+00 1.772538141e+00 
1.460086768e+00 1.505066667e+00 1.642625982e+00 
1.133622560e+00 1.277333333e+00 1.403760210e+00 
1.091865510e+00 1.200533333e+00 1.335490831e+00 
1.134761388e+00 1.413333333e+00 1.529665588e+00 
1.144793926e+00 1.377600000e+00 1.529665588e+00 
1.342407809e+00 1.523200000e+00 1.704268763e+00 
1.267028200e+00 1.733866667e+00 1.704268763e+00 
1.172812907e+00 1.530666667e+00 1.665742025e+00 
1.359544469e+00 1.374933333e+00 1.539836647e+00 
1.546024946e+00 1.792533333e+00 1.844351980e+00 
1.100325380e+00 1.366400000e+00 1.496378487e+00 
1.595661605e+00 1.619733333e+00 1.784096163e+00 
1.724837310e+00 1.670933333e+00 1.852365542e+00 
1.367317245e+00 1.623466667e+00 1.741562644e+00 
1.579392625e+00 1.550933333e+00 1.718446602e+00 
1.384680043e+00 1.836800000e+00 1.794267221e+00 
1.503741866e+00 1.730666667e+00 1.794421328e+00 
1.333188720e+00 1.297066667e+00 1.502542765e+00 
1.456073753e+00 1.515733333e+00 1.665742025e+00 
1.131507592e+00 1.449600000e+00 1.632454924e+00 
1.284707158e+00 1.349333333e+00 1.529665588e+00 
1.725596529e+00 1.918400000e+00 1.928186161e+00 
1.397180043e+00 1.424533333e+00 1.555401449e+00 
1.756507592e+00 1.868266667e+00 1.928186161e+00 
1.594902386e+00 1.602133333e+00 1.780089382e+00 
1.128913774e+00 1.531200000e+00 1.632454924e+00 
1.076509219e+00 1.368533333e+00 1.395746648e+00 
1.684490239e+00 1.705066667e+00 1.802280783e+00 
1.622017354e+00 1.686400000e+00 1.790260441e+00 
1.372559653e+00 1.701866667e+00 1.772538141e+00 
1.518980477e+00 1.562666667e+00 1.718446602e+00 
1.051554772e+00 1.393600000e+00 1.335490831e+00 
1.272586768e+00 1.426666667e+00 1.611650485e+00 
1.065672451e+00 1.248000000e+00 1.265988596e+00 
1.303497831e+00 1.802666667e+00 1.714439821e+00 
1.335276573e+00 1.648000000e+00 1.712282324e+00 
1.170896421e+00 1.297066667e+00 1.471567268e+00 
1.312364425e+00 1.398933333e+00 1.539836647e+00 
1.111930586e+00 1.352000000e+00 1.496378487e+00 
1.427458243e+00 1.653333333e+00 1.753120666e+00 
1.316919740e+00 1.324800000e+00 1.506549545e+00 
1.542299349e+00 1.569600000e+00 1.722453383e+00 
1.584815618e+00 1.739200000e+00 1.817383264e+00 
1.582104121e+00 1.740266667e+00 1.920172600e+00 
1.105513557e+00 1.292266667e+00 1.403760210e+00 
1.056471258e+00 1.251200000e+00 1.335490831e+00 
1.533622560e+00 1.420800000e+00 1.605486207e+00 
1.541176790e+00 1.745600000e+00 1.821390045e+00 
1.518655098e+00 1.747200000e+00 1.821390045e+00 
1.204338395e+00 1.272533333e+00 1.471567268e+00 
1.246854664e+00 1.327466667e+00 1.481738326e+00 
1.511388286e+00 1.418666667e+00 1.574510710e+00 
1.595986985e+00 1.497600000e+00 1.642625982e+00 
1.080748373e+00 1.214933333e+00 1.399753429e+00 
1.140130152e+00 1.193066667e+00 1.337802435e+00 
1.203579176e+00 1.376533333e+00 1.502542765e+00 
1.169143167e+00 1.401066667e+00 1.539836647e+00 
1.513232104e+00 1.623466667e+00 1.784096163e+00 
1.210412148e+00 1.248533333e+00 1.403760210e+00 
1.104934924e+00 1.298133333e+00 1.471567268e+00 
1.072342733e+00 1.217600000e+00 1.389582370e+00 
1.275216920e+00 1.373333333e+00 1.535829866e+00 
1.406037419e+00 1.520533333e+00 1.716289105e+00 
1.469631236e+00 1.814400000e+00 1.798274002e+00 
1.048879067e+00 1.262933333e+00 1.269841270e+00 
1.167751085e+00 1.272533333e+00 1.409924488e+00 
1.192950108e+00 1.293333333e+00 1.463707813e+00 
1.048210412e+00 1.188266667e+00 1.263676992e+00 
1.255585683e+00 1.410133333e+00 1.543535213e+00 
1.015292842e+00 1.157866667e+00 1.136076437e+00 
1.025704989e+00 1.134933333e+00 1.129912159e+00 
1.053958785e+00 1.168533333e+00 1.259670211e+00 
1.023454447e+00 1.228266667e+00 1.211897057e+00 
1.039208243e+00 1.144000000e+00 1.133764833e+00 
1.025704989e+00 1.147200000e+00 1.201725998e+00 
1.071854664e+00 1.141333333e+00 1.269841270e+00 
1.061171367e+00 1.117333333e+00 1.263676992e+00 
1.107013557e+00 1.174933333e+00 1.273848051e+00 
1.463665944e+00 1.498133333e+00 1.636461704e+00 
1.015292842e+00 1.170133333e+00 1.207890276e+00 
1.000000000e+00 1.112000000e+00 1.000000000e+00 
1.095444685e+00 1.026666667e+00 1.000000000e+00 
1.052277657e+00 1.043733333e+00 1.133764833e+00 
1.057483731e+00 1.062400000e+00 1.136076437e+00 
1.095444685e+00 1.037866667e+00 1.129912159e+00 
1.000000000e+00 1.124266667e+00 1.071813839e+00 
1.052277657e+00 1.032000000e+00 1.000000000e+00 
1.137201735e+00 1.000000000e+00 1.000000000e+00 
1.137201735e+00 1.024533333e+00 1.125905378e+00 

1.178633406e+00 1.464000000e+00 1.597472646e+00 
1.069631236e+00 1.344000000e+00 1.391893974e+00 
1.296637744e+00 1.422933333e+00 1.578363384e+00 
1.336550976e+00 1.372266667e+00 1.597472646e+00 
1.497505423e+00 1.556266667e+00 1.712282324e+00 
1.193329718e+00 1.484266667e+00 1.611650485e+00 
1.225867679e+00 1.336000000e+00 1.502542765e+00 
1.476952278e+00 1.795733333e+00 1.852365542e+00 
1.416811280e+00 1.497066667e+00 1.704268763e+00 
1.316919740e+00 1.324800000e+00 1.506549545e+00 
1.127078633e+00 1.348800000e+00 1.529665588e+00 
1.451012473e+00 1.588800000e+00 1.708275543e+00 
1.056471258e+00 1.251200000e+00 1.335490831e+00 
1.524945770e+00 1.425600000e+00 1.632454924e+00 
1.572451193e+00 1.728533333e+00 1.852365542e+00 
1.072342733e+00 1.217600000e+00 1.389582370e+00 
1.268709328e+00 1.472000000e+00 1.636461704e+00 
1.140130152e+00 1.193066667e+00 1.337802435e+00 
1.517787419e+00 1.577600000e+00 1.780089382e+00 
1.475958243e+00 1.618133333e+00 1.772538141e+00 
1.419522777e+00 1.486933333e+00 1.665742025e+00 
1.069631236e+00 1.344533333e+00 1.395746648e+00 
1.139913232e+00 1.491733333e+00 1.543535213e+00 
1.327874187e+00 1.404800000e+00 1.601479427e+00 
1.115907267e+00 1.248533333e+00 1.403760210e+00 
1.353759761e+00 1.595733333e+00 1.708275543e+00 
1.442516269e+00 1.819733333e+00 1.924179380e+00 
1.866052061e+00 1.760533333e+00 1.893203883e+00 
1.847396963e+00 1.787200000e+00 1.893203883e+00 
1.080748373e+00 1.214933333e+00 1.399753429e+00 
1.836767896e+00 1.766400000e+00 1.874094622e+00 
1.051554772e+00 1.393600000e+00 1.335490831e+00 
1.113593818e+00 1.297600000e+00 1.496378487e+00 
1.091865510e+00 1.200533333e+00 1.335490831e+00 
1.069631236e+00 1.355733333e+00 1.525658807e+00 
1.473535792e+00 1.629333333e+00 1.726151949e+00 
1.220264100e+00 1.554666667e+00 1.615657266e+00 
1.152295553e+00 1.390933333e+00 1.539836647e+00 
1.551843818e+00 1.746666667e+00 1.813376483e+00 
1.629609544e+00 1.707200000e+00 1.794421328e+00 
1.158026030e+00 1.483733333e+00 1.568192325e+00 
1.306073753e+00 1.438933333e+00 1.601479427e+00 
1.376572668e+00 1.594666667e+00 1.712282324e+00 
1.065672451e+00 1.248533333e+00 1.269841270e+00 
1.315039588e+00 1.643200000e+00 1.780089382e+00 
1.227114967e+00 1.325333333e+00 1.506549545e+00 
1.374078091e+00 1.568000000e+00 1.665742025e+00 
1.682933839e+00 1.670400000e+00 1.798274002e+00 
1.812364425e+00 1.890133333e+00 1.928186161e+00 
1.192950108e+00 1.293333333e+00 1.463707813e+00 
1.295770065e+00 1.457600000e+00 1.568192325e+00 
1.048210412e+00 1.188266667e+00 1.263676992e+00 
1.244577007e+00 1.598933333e+00 1.716289105e+00 
1.048879067e+00 1.262933333e+00 1.269841270e+00 
1.301518438e+00 1.373333333e+00 1.539836647e+00 
1.448291757e+00 1.748266667e+00 1.848358761e+00 
1.015292842e+00 1.170133333e+00 1.207890276e+00 
1.107013557e+00 1.174933333e+00 1.273848051e+00 
1.025704989e+00 1.147200000e+00 1.201725998e+00 
1.392624729e+00 1.532266667e+00 1.665742025e+00 
1.061171367e+00 1.117333333e+00 1.263676992e+00 
1.389443059e+00 1.497066667e+00 1.648019726e+00 
1.025704989e+00 1.134933333e+00 1.129912159e+00 
1.015292842e+00 1.157866667e+00 1.136076437e+00 
1.167751085e+00 1.272533333e+00 1.409924488e+00 
1.542299349e+00 1.715200000e+00 1.784096163e+00 
1.023454447e+00 1.228266667e+00 1.211897057e+00 
1.095444685e+00 1.026666667e+00 1.000000000e+00 
1.000000000e+00 1.112000000e+00 1.000000000e+00 
1.039208243e+00 1.144000000e+00 1.133764833e+00 
1.071854664e+00 1.141333333e+00 1.269841270e+00 
1.053958785e+00 1.168533333e+00 1.259670211e+00 
1.434056399e+00 1.471466667e+00 1.605486207e+00 
1.052277657e+00 1.032000000e+00 1.000000000e+00 
1.137201735e+00 1.000000000e+00 1.000000000e+00 
1.095444685e+00 1.037866667e+00 1.129912159e+00 
1.000000000e+00 1.124266667e+00 1.071813839e+00 
1.052277657e+00 1.043733333e+00 1.133764833e+00 
1.455495119e+00 1.796800000e+00 1.852365542e+00 
1.514278742e+00 1.718400000e+00 1.794267221e+00 
1.057483731e+00 1.062400000e+00 1.136076437e+00 
1.137201735e+00 1.024533333e+00 1.125905378e+00 

1.210737527e+00 1.293333333e+00 1.463707813e+00 
1.729609544e+00 1.866666667e+00 1.920172600e+00 
1.783080260e+00 1.590933333e+00 1.730004623e+00 
1.221149675e+00 1.542400000e+00 1.665742025e+00 
1.226898048e+00 1.376000000e+00 1.502542765e+00 
1.169143167e+00 1.401066667e+00 1.539836647e+00 
1.153434382e+00 1.522666667e+00 1.601479427e+00 
1.365509761e+00 1.510400000e+00 1.636461704e+00 
1.602169197e+00 1.602666667e+00 1.738018185e+00 
1.203579176e+00 1.376533333e+00 1.502542765e+00 
1.398264642e+00 1.349333333e+00 1.529665588e+00 
1.198445228e+00 1.508266667e+00 1.609492988e+00 
1.401753254e+00 1.698133333e+00 1.716289105e+00 
1.562906725e+00 1.668266667e+00 1.788102943e+00 
1.296637744e+00 1.440000000e+00 1.632454924e+00 
1.133622560e+00 1.277333333e+00 1.403760210e+00 
1.540943601e+00 1.751466667e+00 1.863923563e+00 
1.144793926e+00 1.377600000e+00 1.529665588e+00 
1.197125813e+00 1.549866667e+00 1.646632763e+00 
1.469631236e+00 1.657066667e+00 1.745569425e+00 
1.544685466e+00 1.605866667e+00 1.745569425e+00 
1.209725054e+00 1.357866667e+00 1.475574048e+00 
1.060357918e+00 1.285866667e+00 1.399753429e+00 
1.465112256e+00 1.682666667e+00 1.786407767e+00 
1.493167028e+00 1.621866667e+00 1.737555864e+00 
1.248101952e+00 1.336000000e+00 1.502542765e+00 
1.303579176e+00 1.411200000e+00 1.547387887e+00 
1.177114967e+00 1.297066667e+00 1.471567268e+00 
1.576247289e+00 1.748266667e+00 1.813376483e+00 
1.618763557e+00 1.718400000e+00 1.848358761e+00 
1.091865510e+00 1.200533333e+00 1.335490831e+00 
1.048210412e+00 1.188266667e+00 1.263676992e+00 
1.235032538e+00 1.352000000e+00 1.496378487e+00 
1.072342733e+00 1.217600000e+00 1.389582370e+00 
1.118293384e+00 1.302400000e+00 1.465402990e+00 
1.418329718e+00 1.501333333e+00 1.665742025e+00 
1.196447939e+00 1.455466667e+00 1.601479427e+00 
1.090374187e+00 1.380266667e+00 1.525658807e+00 
1.554229935e+00 1.438933333e+00 1.601479427e+00 
1.595770065e+00 1.542933333e+00 1.681306827e+00 
1.497559653e+00 1.750933333e+00 1.848358761e+00 
1.806941432e+00 1.812266667e+00 1.874094622e+00 
1.384707158e+00 1.417600000e+00 1.568192325e+00 
1.625271150e+00 1.870400000e+00 1.866235167e+00 
1.663557484e+00 1.968533333e+00 1.924179380e+00 
1.307592191e+00 1.272533333e+00 1.471567268e+00 
1.359869848e+00 1.610133333e+00 1.712282324e+00 
1.723427332e+00 1.662400000e+00 1.784096163e+00 
1.209833514e+00 1.637866667e+00 1.704268763e+00 
1.189533623e+00 1.722666667e+00 1.665742025e+00 
1.100325380e+00 1.366400000e+00 1.496378487e+00 
1.080748373e+00 1.214933333e+00 1.399753429e+00 
1.140130152e+00 1.193066667e+00 1.337802435e+00 
1.312364425e+00 1.398933333e+00 1.539836647e+00 
1.720715835e+00 1.533866667e+00 1.679611650e+00 
1.256182213e+00 1.331733333e+00 1.475574048e+00 
1.270101410e+00 1.564266667e+00 1.708275543e+00 
1.015292842e+00 1.170133333e+00 1.207890276e+00 
1.210412148e+00 1.248533333e+00 1.403760210e+00 
1.240916486e+00 1.488000000e+00 1.603791031e+00 
1.048879067e+00 1.262933333e+00 1.269841270e+00 
1.167751085e+00 1.272533333e+00 1.409924488e+00 
1.459689262e+00 1.652800000e+00 1.716289105e+00 
1.671908894e+00 1.466133333e+00 1.650331330e+00 
1.398445228e+00 1.734933333e+00 1.788102943e+00 
1.025704989e+00 1.134933333e+00 1.129912159e+00 
1.071854664e+00 1.141333333e+00 1.269841270e+00 
1.107013557e+00 1.174933333e+00 1.273848051e+00 
1.023454447e+00 1.228266667e+00 1.211897057e+00 
1.056471258e+00 1.251200000e+00 1.335490831e+00 
1.265039588e+00 1.770133333e+00 1.784096163e+00 
1.039208243e+00 1.144000000e+00 1.133764833e+00 
1.015292842e+00 1.157866667e+00 1.136076437e+00 
1.602494577e+00 1.600000000e+00 1.772538141e+00 
1.025704989e+00 1.147200000e+00 1.201725998e+00 
1.287960954e+00 1.339200000e+00 1.506549545e+00 
1.061171367e+00 1.117333333e+00 1.263676992e+00 
1.463665944e+00 1.297600000e+00 1.496378487e+00 
1.052277657e+00 1.032000000e+00 1.000000000e+00 
1.137201735e+00 1.024533333e+00 1.125905378e+00 
1.095444685e+00 1.026666667e+00 1.000000000e+00 
1.137201735e+00 1.000000000e+00 1.000000000e+00 
1.057483731e+00 1.062400000e+00 1.136076437e+00 
1.095444685e+00 1.037866667e+00 1.129912159e+00 
1.053958785e+00 1.168533333e+00 1.259670211e+00 
1.000000000e+00 1.112000000e+00 1.000000000e+00 
1.000000000e+00 1.124266667e+00 1.071813839e+00 
1.052277657e+00 1.043733333e+00 1.133764833e+00 

1.585683297e+00 1.593066667e+00 1.726460163e+00 
1.176229393e+00 1.414400000e+00 1.576205887e+00 
1.328904555e+00 1.536000000e+00 1.646632763e+00 
1.144793926e+00 1.377600000e+00 1.529665588e+00 
1.396511388e+00 1.796266667e+00 1.794267221e+00 
1.582321041e+00 1.694400000e+00 1.788102943e+00 
1.245390456e+00 1.571200000e+00 1.619664047e+00 
1.113593818e+00 1.297600000e+00 1.496378487e+00 
1.111930586e+00 1.352000000e+00 1.496378487e+00 
1.501193059e+00 1.768000000e+00 1.790414548e+00 
1.391106291e+00 1.521600000e+00 1.704268763e+00 
1.661605206e+00 1.566933333e+00 1.772538141e+00 
1.624539046e+00 1.848533333e+00 1.893203883e+00 
1.535829718e+00 1.847466667e+00 1.863923563e+00 
1.284707158e+00 1.349333333e+00 1.529665588e+00 
1.457375271e+00 1.470933333e+00 1.615657266e+00 
1.422396963e+00 1.478400000e+00 1.632454924e+00 
1.476898048e+00 1.519466667e+00 1.646632763e+00 
1.561171367e+00 1.730133333e+00 1.784096163e+00 
1.467624729e+00 1.809600000e+00 1.844351980e+00 
1.389642082e+00 1.476266667e+00 1.615657266e+00 
1.248427332e+00 1.558933333e+00 1.704268763e+00 
1.606724512e+00 1.649600000e+00 1.790414548e+00 
1.060357918e+00 1.285866667e+00 1.399753429e+00 
1.301518438e+00 1.373333333e+00 1.539836647e+00 
1.125036334e+00 1.584000000e+00 1.570503930e+00 
1.163412690e+00 1.437866667e+00 1.535829866e+00 
1.721475054e+00 1.781866667e+00 1.928186161e+00 
1.048210412e+00 1.188266667e+00 1.263676992e+00 
1.408893709e+00 1.641066667e+00 1.753120666e+00 
1.065672451e+00 1.248533333e+00 1.269841270e+00 
1.217317245e+00 1.401066667e+00 1.539836647e+00 
1.181778742e+00 1.193066667e+00 1.337802435e+00 
1.518709328e+00 1.787200000e+00 1.813376483e+00 
1.210737527e+00 1.293333333e+00 1.463707813e+00 
1.569593275e+00 1.753066667e+00 1.844351980e+00 
1.069631236e+00 1.355733333e+00 1.525658807e+00 
1.170824295e+00 1.534400000e+00 1.601479427e+00 
1.533026030e+00 1.755200000e+00 1.817383264e+00 
1.688139913e+00 1.970666667e+00 1.928186161e+00 
1.212581345e+00 1.485866667e+00 1.605486207e+00 
1.165581887e+00 1.482666667e+00 1.576205887e+00 
1.473427332e+00 1.555733333e+00 1.722453383e+00 
1.338069414e+00 1.339200000e+00 1.506549545e+00 
1.248101952e+00 1.336000000e+00 1.502542765e+00 
1.115907267e+00 1.248533333e+00 1.403760210e+00 
1.266702820e+00 1.456000000e+00 1.611650485e+00 
1.531127983e+00 1.499733333e+00 1.718446602e+00 
1.672125813e+00 1.939200000e+00 1.924179380e+00 
1.048879067e+00 1.262933333e+00 1.269841270e+00 
1.500216920e+00 1.499733333e+00 1.665742025e+00 
1.333188720e+00 1.297066667e+00 1.502542765e+00 
1.080748373e+00 1.214933333e+00 1.399753429e+00 
1.620932755e+00 1.673600000e+00 1.844351980e+00 
1.508676790e+00 1.794133333e+00 1.844351980e+00 
1.051554772e+00 1.393600000e+00 1.335490831e+00 
1.306832972e+00 1.729066667e+00 1.737555864e+00 
1.064208243e+00 1.418133333e+00 1.461396209e+00 
1.684056399e+00 1.662400000e+00 1.924179380e+00 
1.390997831e+00 1.528533333e+00 1.638773309e+00 
1.232781996e+00 1.544533333e+00 1.607643705e+00 
1.470498915e+00 1.832000000e+00 1.848358761e+00 
1.072342733e+00 1.217600000e+00 1.389582370e+00 
1.355694143e+00 1.393600000e+00 1.555401449e+00 
1.565075922e+00 1.449600000e+00 1.632454924e+00 
1.291323210e+00 1.427733333e+00 1.607643705e+00 
1.387201735e+00 1.325333333e+00 1.506549545e+00 
1.324295011e+00 1.483733333e+00 1.636461704e+00 
1.039208243e+00 1.144000000e+00 1.133764833e+00 
1.446312364e+00 1.786666667e+00 1.794267221e+00 
1.222053688e+00 1.602133333e+00 1.708275543e+00 
1.071854664e+00 1.141333333e+00 1.269841270e+00 
1.167751085e+00 1.272533333e+00 1.409924488e+00 
1.572559653e+00 1.701333333e+00 1.852365542e+00 
1.091865510e+00 1.200533333e+00 1.335490831e+00 
1.492624729e+00 1.455466667e+00 1.642625982e+00 
1.015292842e+00 1.157866667e+00 1.136076437e+00 
1.023454447e+00 1.228266667e+00 1.211897057e+00 
1.061171367e+00 1.117333333e+00 1.263676992e+00 
1.107013557e+00 1.174933333e+00 1.273848051e+00 
1.025704989e+00 1.147200000e+00 1.201725998e+00 
1.635303688e+00 1.660266667e+00 1.792109724e+00 
1.509436009e+00 1.637866667e+00 1.737555864e+00 
1.015292842e+00 1.170133333e+00 1.207890276e+00 
1.588665944e+00 1.618133333e+00 1.745569425e+00 
1.025704989e+00 1.134933333e+00 1.129912159e+00 
1.053958785e+00 1.168533333e+00 1.259670211e+00 
1.052277657e+00 1.032000000e+00 1.000000000e+00 
1.056471258e+00 1.251200000e+00 1.335490831e+00 
1.000000000e+00 1.124266667e+00 1.071813839e+00 
1.496203905e+00 1.630933333e+00 1.726460163e+00 
1.057483731e+00 1.062400000e+00 1.136076437e+00 
1.000000000e+00 1.112000000e+00 1.000000000e+00 
1.095444685e+00 1.037866667e+00 1.129912159e+00 
1.052277657e+00 1.043733333e+00 1.133764833e+00 
1.137201735e+00 1.000000000e+00 1.000000000e+00 
1.137201735e+00 1.024533333e+00 1.125905378e+00 
1.095444685e+00 1.026666667e+00 1.000000000e+00 

1.863340564e+00 1.929066667e+00 1.928186161e+00 
1.380911063e+00 1.554133333e+00 1.646632763e+00 
1.222342733e+00 1.339733333e+00 1.506549545e+00 
1.609473970e+00 1.796266667e+00 1.852365542e+00 
1.408026030e+00 1.429866667e+00 1.597472646e+00 
1.724511931e+00 1.548266667e+00 1.726460163e+00 
1.145155640e+00 1.356266667e+00 1.498690091e+00 
1.496420824e+00 1.562133333e+00 1.722453383e+00 
1.301590564e+00 1.555733333e+00 1.704268763e+00 
1.602711497e+00 1.732266667e+00 1.794267221e+00 
1.320498915e+00 1.538666667e+00 1.636461704e+00 
1.248960412e+00 1.790400000e+00 1.627215287e+00 
1.134978308e+00 1.334400000e+00 1.469409770e+00 
1.476355748e+00 1.483200000e+00 1.646632763e+00 
1.716377440e+00 1.820266667e+00 1.870087841e+00 
1.452819957e+00 1.773866667e+00 1.780089382e+00 
1.195372560e+00 1.580800000e+00 1.615657266e+00 
1.203325922e+00 1.518933333e+00 1.609492988e+00 
1.855748373e+00 1.797333333e+00 1.859916782e+00 
1.919197397e+00 1.904533333e+00 1.928186161e+00 
1.711496746e+00 1.690133333e+00 1.802280783e+00 
1.458188720e+00 1.649066667e+00 1.784096163e+00 
1.555531453e+00 1.529066667e+00 1.677300046e+00 
1.463665944e+00 1.297600000e+00 1.496378487e+00 
1.595986985e+00 1.490133333e+00 1.662197565e+00 
1.405694143e+00 1.566933333e+00 1.772538141e+00 
1.140130152e+00 1.193066667e+00 1.337802435e+00 
1.246854664e+00 1.327466667e+00 1.481738326e+00 
1.192950108e+00 1.293333333e+00 1.463707813e+00 
1.115907267e+00 1.248533333e+00 1.403760210e+00 
1.276572668e+00 1.529066667e+00 1.632454924e+00 
1.316919740e+00 1.324800000e+00 1.506549545e+00 
1.601952278e+00 1.541333333e+00 1.687471105e+00 
1.204338395e+00 1.272533333e+00 1.471567268e+00 
1.051554772e+00 1.405866667e+00 1.389582370e+00 
1.131869306e+00 1.368533333e+00 1.475574048e+00 
1.417299349e+00 1.520000000e+00 1.636461704e+00 
1.183748915e+00 1.486400000e+00 1.605486207e+00 
1.177114967e+00 1.297066667e+00 1.471567268e+00 
1.162726139e+00 1.431466667e+00 1.568192325e+00 
1.048210412e+00 1.188266667e+00 1.263676992e+00 
1.076509219e+00 1.355200000e+00 1.399753429e+00 
1.786334056e+00 1.872000000e+00 1.874094622e+00 
1.242046095e+00 1.372800000e+00 1.535829866e+00 
1.399891540e+00 1.318933333e+00 1.479580829e+00 
1.048879067e+00 1.262933333e+00 1.269841270e+00 
1.079501085e+00 1.442666667e+00 1.461396209e+00 
1.448481562e+00 1.369066667e+00 1.516720604e+00 
1.167751085e+00 1.272533333e+00 1.409924488e+00 
1.056471258e+00 1.251200000e+00 1.335490831e+00 
1.351626898e+00 1.373333333e+00 1.539836647e+00 
1.383043926e+00 1.552533333e+00 1.665742025e+00 
1.918112798e+00 1.785066667e+00 1.852365542e+00 
1.824295011e+00 1.917333333e+00 1.893203883e+00 
1.615835141e+00 1.748800000e+00 1.848358761e+00 
1.125994035e+00 1.348266667e+00 1.469409770e+00 
1.518655098e+00 1.430400000e+00 1.611650485e+00 
1.258080260e+00 1.320533333e+00 1.479580829e+00 
1.638069414e+00 1.946666667e+00 1.920172600e+00 
1.558242950e+00 1.880533333e+00 1.866235167e+00 
1.779826464e+00 1.631466667e+00 1.798274002e+00 
1.376934382e+00 1.601600000e+00 1.772538141e+00 
1.240672451e+00 1.428266667e+00 1.539836647e+00 
1.080748373e+00 1.214933333e+00 1.399753429e+00 
1.487970174e+00 1.808000000e+00 1.863923563e+00 
1.119251627e+00 1.367466667e+00 1.465402990e+00 
1.452819957e+00 1.472000000e+00 1.636461704e+00 
1.150298265e+00 1.546666667e+00 1.601479427e+00 
1.134761388e+00 1.413333333e+00 1.529665588e+00 
1.099602495e+00 1.379733333e+00 1.525658807e+00 
1.107013557e+00 1.174933333e+00 1.273848051e+00 
1.072342733e+00 1.217600000e+00 1.389582370e+00 
1.091865510e+00 1.200533333e+00 1.335490831e+00 
1.185412148e+00 1.363733333e+00 1.506549545e+00 
1.527749458e+00 1.749866667e+00 1.817383264e+00 
1.662689805e+00 1.704533333e+00 1.794421328e+00 
1.071854664e+00 1.141333333e+00 1.269841270e+00 
1.061171367e+00 1.117333333e+00 1.263676992e+00 
1.015292842e+00 1.170133333e+00 1.207890276e+00 
1.296312364e+00 1.480000000e+00 1.632454924e+00 
1.053958785e+00 1.168533333e+00 1.259670211e+00 
1.025704989e+00 1.134933333e+00 1.129912159e+00 
1.151265184e+00 1.432000000e+00 1.601479427e+00 
1.023454447e+00 1.228266667e+00 1.211897057e+00 
1.607917570e+00 1.469333333e+00 1.636461704e+00 
1.095444685e+00 1.026666667e+00 1.000000000e+00 
1.095444685e+00 1.037866667e+00 1.129912159e+00 
1.052277657e+00 1.032000000e+00 1.000000000e+00 
1.015292842e+00 1.157866667e+00 1.136076437e+00 
1.137201735e+00 1.024533333e+00 1.125905378e+00 
1.025704989e+00 1.147200000e+00 1.201725998e+00 
1.057483731e+00 1.062400000e+00 1.136076437e+00 
1.000000000e+00 1.124266667e+00 1.071813839e+00 
1.000000000e+00 1.112000000e+00 1.000000000e+00 
1.137201735e+00 1.000000000e+00 1.000000000e+00 
1.052277657e+00 1.043733333e+00 1.133764833e+00 
1.039208243e+00 1.144000000e+00 1.133764833e+00 

1.363015184e+00 1.497066667e+00 1.605486207e+00 
1.306399132e+00 1.331733333e+00 1.498690091e+00 
1.288828633e+00 1.461866667e+00 1.597472646e+00 
1.204338395e+00 1.272533333e+00 1.471567268e+00 
1.695010846e+00 1.917866667e+00 1.920172600e+00 
1.076509219e+00 1.355200000e+00 1.399753429e+00 
1.221149675e+00 1.542400000e+00 1.665742025e+00 
1.551518438e+00 1.681066667e+00 1.772538141e+00 
1.290455531e+00 1.355200000e+00 1.525658807e+00 
1.287960954e+00 1.339200000e+00 1.506549545e+00 
1.595298265e+00 1.725333333e+00 1.780089382e+00 
1.601952278e+00 1.694400000e+00 1.786407767e+00 
1.274539046e+00 1.743466667e+00 1.714439821e+00 
1.104934924e+00 1.298133333e+00 1.471567268e+00 
1.627792842e+00 1.943466667e+00 1.893203883e+00 
1.080748373e+00 1.214933333e+00 1.399753429e+00 
1.384219089e+00 1.429333333e+00 1.611650485e+00 
1.766268980e+00 1.620266667e+00 1.772538141e+00 
1.766268980e+00 1.793066667e+00 1.874094622e+00 
1.256435466e+00 1.517333333e+00 1.704268763e+00 
1.507592191e+00 1.493866667e+00 1.642625982e+00 
1.514099783e+00 1.841066667e+00 1.844351980e+00 
1.378308026e+00 1.432000000e+00 1.601479427e+00 
1.167751085e+00 1.272533333e+00 1.409924488e+00 
1.069631236e+00 1.355733333e+00 1.525658807e+00 
1.568058568e+00 1.737066667e+00 1.852365542e+00 
1.530911063e+00 1.750400000e+00 1.852365542e+00 
1.469269523e+00 1.624533333e+00 1.722453383e+00 
1.337527115e+00 1.508800000e+00 1.611650485e+00 
1.265943601e+00 1.272000000e+00 1.471567268e+00 
1.254013015e+00 1.427733333e+00 1.570503930e+00 
1.153199566e+00 1.374933333e+00 1.539836647e+00 
1.499349241e+00 1.623466667e+00 1.712282324e+00 
1.143040672e+00 1.468800000e+00 1.601479427e+00 
1.511388286e+00 1.478400000e+00 1.619664047e+00 
1.737527115e+00 1.652266667e+00 1.794267221e+00 
1.429311280e+00 1.775466667e+00 1.780089382e+00 
1.747288503e+00 1.846400000e+00 1.924179380e+00 
1.742407809e+00 1.659200000e+00 1.821390045e+00 
1.113593818e+00 1.297600000e+00 1.496378487e+00 
1.592950108e+00 1.559466667e+00 1.722453383e+00 
1.457700651e+00 1.410666667e+00 1.547387887e+00 
1.422631779e+00 1.428266667e+00 1.582370165e+00 
1.588394794e+00 1.608000000e+00 1.712282324e+00 
1.427512473e+00 1.493866667e+00 1.636461704e+00 
1.356471258e+00 1.416533333e+00 1.574510710e+00 
1.757592191e+00 1.809066667e+00 1.924179380e+00 
1.325921909e+00 1.649600000e+00 1.737555864e+00 
1.763015184e+00 1.719466667e+00 1.848358761e+00 
1.598481562e+00 1.726400000e+00 1.852365542e+00 
1.679137744e+00 1.810666667e+00 1.893203883e+00 
1.140130152e+00 1.193066667e+00 1.337802435e+00 
1.508947939e+00 1.604800000e+00 1.708275543e+00 
1.159038503e+00 1.672533333e+00 1.708275543e+00 
1.377657267e+00 1.680533333e+00 1.753120666e+00 
1.700650759e+00 1.679466667e+00 1.794421328e+00 
1.072342733e+00 1.217600000e+00 1.389582370e+00 
1.545227766e+00 1.622400000e+00 1.722453383e+00 
1.048210412e+00 1.188266667e+00 1.263676992e+00 
1.793204989e+00 1.902933333e+00 1.928186161e+00 
1.410845987e+00 1.504533333e+00 1.632454924e+00 
1.048879067e+00 1.262933333e+00 1.269841270e+00 
1.617678959e+00 1.635200000e+00 1.784096163e+00 
1.091865510e+00 1.200533333e+00 1.335490831e+00 
1.331742408e+00 1.435200000e+00 1.590383726e+00 
1.115907267e+00 1.248533333e+00 1.403760210e+00 
1.051554772e+00 1.393600000e+00 1.335490831e+00 
1.056471258e+00 1.251200000e+00 1.335490831e+00 
1.520970716e+00 1.753066667e+00 1.863923563e+00 
1.139551518e+00 1.602666667e+00 1.597472646e+00 
1.418329718e+00 1.644800000e+00 1.708275543e+00 
1.025704989e+00 1.147200000e+00 1.201725998e+00 
1.489154013e+00 1.753600000e+00 1.817383264e+00 
1.039208243e+00 1.144000000e+00 1.133764833e+00 
1.107013557e+00 1.174933333e+00 1.273848051e+00 
1.015292842e+00 1.170133333e+00 1.207890276e+00 
1.071854664e+00 1.141333333e+00 1.269841270e+00 
1.015292842e+00 1.157866667e+00 1.136076437e+00 
1.053958785e+00 1.168533333e+00 1.259670211e+00 
1.312219631e+00 1.690666667e+00 1.772538141e+00 
1.137201735e+00 1.000000000e+00 1.000000000e+00 
1.137201735e+00 1.024533333e+00 1.125905378e+00 
1.025704989e+00 1.134933333e+00 1.129912159e+00 
1.513015184e+00 1.348800000e+00 1.529665588e+00 
1.023454447e+00 1.228266667e+00 1.211897057e+00 
1.061171367e+00 1.117333333e+00 1.263676992e+00 
1.052277657e+00 1.043733333e+00 1.133764833e+00 
1.057483731e+00 1.062400000e+00 1.136076437e+00 
1.000000000e+00 1.112000000e+00 1.000000000e+00 
1.052277657e+00 1.032000000e+00 1.000000000e+00 
1.095444685e+00 1.026666667e+00 1.000000000e+00 
1.095444685e+00 1.037866667e+00 1.129912159e+00 
1.000000000e+00 1.124266667e+00 1.071813839e+00 

1.558026030e+00 1.485866667e+00 1.636461704e+00 
1.336659436e+00 1.568533333e+00 1.710587147e+00 
1.559869848e+00 1.764266667e+00 1.848358761e+00 
1.465075922e+00 1.924266667e+00 1.863923563e+00 
1.558785249e+00 1.851200000e+00 1.893203883e+00 
1.178018980e+00 1.465066667e+00 1.632454924e+00 
1.639370933e+00 1.554133333e+00 1.718446602e+00 
1.134236985e+00 1.573866667e+00 1.601479427e+00 
1.327368221e+00 1.529066667e+00 1.638773309e+00 
1.284381779e+00 1.389333333e+00 1.529665588e+00 
1.117787419e+00 1.605866667e+00 1.568192325e+00 
1.254013015e+00 1.427733333e+00 1.570503930e+00 
1.757592191e+00 1.743466667e+00 1.821390045e+00 
1.113593818e+00 1.297600000e+00 1.496378487e+00 
1.214425163e+00 1.293333333e+00 1.463707813e+00 
1.079501085e+00 1.442666667e+00 1.461396209e+00 
1.165672451e+00 1.417600000e+00 1.541223609e+00 
1.090374187e+00 1.380266667e+00 1.525658807e+00 
1.134761388e+00 1.413333333e+00 1.529665588e+00 
1.265546095e+00 1.545066667e+00 1.650331330e+00 
1.449240781e+00 1.377066667e+00 1.586376946e+00 
1.288286334e+00 1.571733333e+00 1.665742025e+00 
1.226898048e+00 1.376000000e+00 1.502542765e+00 
1.199204447e+00 1.402666667e+00 1.551394668e+00 
1.529555315e+00 1.765333333e+00 1.817383264e+00 
1.329934924e+00 1.315200000e+00 1.525658807e+00 
1.665943601e+00 1.625600000e+00 1.722453383e+00 
1.637744035e+00 1.789333333e+00 1.859916782e+00 
1.312364425e+00 1.398933333e+00 1.539836647e+00 
1.460032538e+00 1.657066667e+00 1.813376483e+00 
1.048879067e+00 1.262933333e+00 1.269841270e+00 
1.738069414e+00 1.747733333e+00 1.848358761e+00 
1.700650759e+00 1.651733333e+00 1.788102943e+00 
1.204266269e+00 1.602666667e+00 1.704268763e+00 
1.071131779e+00 1.491200000e+00 1.471567268e+00 
1.060357918e+00 1.285866667e+00 1.399753429e+00 
1.615455531e+00 1.826666667e+00 1.928186161e+00 
1.334327549e+00 1.640533333e+00 1.714439821e+00 
1.528378525e+00 1.587200000e+00 1.714439821e+00 
1.140130152e+00 1.193066667e+00 1.337802435e+00 
1.608676790e+00 1.627200000e+00 1.741562644e+00 
1.617950108e+00 1.763733333e+00 1.844351980e+00 
1.104934924e+00 1.298133333e+00 1.471567268e+00 
1.427060738e+00 1.766933333e+00 1.813376483e+00 
1.051554772e+00 1.405866667e+00 1.389582370e+00 
1.111930586e+00 1.352000000e+00 1.496378487e+00 
1.618763557e+00 1.637866667e+00 1.745569425e+00 
1.682971800e+00 1.632533333e+00 1.745569425e+00 
1.142624729e+00 1.435200000e+00 1.568192325e+00 
1.419522777e+00 1.486400000e+00 1.665742025e+00 
1.072342733e+00 1.217600000e+00 1.389582370e+00 
1.499007592e+00 1.608533333e+00 1.712282324e+00 
1.091865510e+00 1.200533333e+00 1.335490831e+00 
1.354934924e+00 1.518933333e+00 1.665742025e+00 
1.295426790e+00 1.833066667e+00 1.714439821e+00 
1.341865510e+00 1.432533333e+00 1.611650485e+00 
1.431127983e+00 1.868266667e+00 1.848358761e+00 
1.145155640e+00 1.356266667e+00 1.498690091e+00 
1.780043384e+00 1.708266667e+00 1.821390045e+00 
1.413503254e+00 1.638400000e+00 1.726460163e+00 
1.167751085e+00 1.272533333e+00 1.409924488e+00 
1.056471258e+00 1.251200000e+00 1.335490831e+00 
1.513015184e+00 1.348800000e+00 1.529665588e+00 
1.106290672e+00 1.537066667e+00 1.529665588e+00 
1.703362256e+00 1.608000000e+00 1.734011404e+00 
1.048210412e+00 1.188266667e+00 1.263676992e+00 
1.450108460e+00 1.372800000e+00 1.535829866e+00 
1.422631779e+00 1.428266667e+00 1.582370165e+00 
1.115907267e+00 1.248533333e+00 1.403760210e+00 
1.351626898e+00 1.373333333e+00 1.539836647e+00 
1.015292842e+00 1.170133333e+00 1.207890276e+00 
1.335855206e+00 1.828266667e+00 1.844351980e+00 
1.080748373e+00 1.214933333e+00 1.399753429e+00 
1.331742408e+00 1.435200000e+00 1.590383726e+00 
1.025704989e+00 1.134933333e+00 1.129912159e+00 
1.227114967e+00 1.325333333e+00 1.506549545e+00 
1.403579176e+00 1.398933333e+00 1.543535213e+00 
1.107013557e+00 1.174933333e+00 1.273848051e+00 
1.039208243e+00 1.144000000e+00 1.133764833e+00 
1.217317245e+00 1.401066667e+00 1.539836647e+00 
1.061171367e+00 1.117333333e+00 1.263676992e+00 
1.015292842e+00 1.157866667e+00 1.136076437e+00 
1.071854664e+00 1.141333333e+00 1.269841270e+00 
1.025704989e+00 1.147200000e+00 1.201725998e+00 
1.023454447e+00 1.228266667e+00 1.211897057e+00 
1.052277657e+00 1.043733333e+00 1.133764833e+00 
1.381815076e+00 1.688533333e+00 1.784096163e+00 
1.000000000e+00 1.124266667e+00 1.071813839e+00 
1.052277657e+00 1.032000000e+00 1.000000000e+00 
1.095444685e+00 1.037866667e+00 1.129912159e+00 
1.053958785e+00 1.168533333e+00 1.259670211e+00 
1.095444685e+00 1.026666667e+00 1.000000000e+00 
1.000000000e+00 1.112000000e+00 1.000000000e+00 
1.137201735e+00 1.024533333e+00 1.125905378e+00 
1.137201735e+00 1.000000000e+00 1.000000000e+00 
1.057483731e+00 1.062400000e+00 1.136076437e+00 

1.065672451e+00 1.248533333e+00 1.269841270e+00 
1.524945770e+00 1.794666667e+00 1.813376483e+00 
1.056471258e+00 1.251200000e+00 1.335490831e+00 
1.115907267e+00 1.248533333e+00 1.403760210e+00 
1.207429501e+00 1.494400000e+00 1.609492988e+00 
1.258315076e+00 1.567466667e+00 1.665742025e+00 
1.454013015e+00 1.544000000e+00 1.704268763e+00 
1.284707158e+00 1.349333333e+00 1.529665588e+00 
1.275054230e+00 1.630933333e+00 1.683464324e+00 
1.601626898e+00 1.729066667e+00 1.790414548e+00 
1.051554772e+00 1.405866667e+00 1.389582370e+00 
1.214425163e+00 1.293333333e+00 1.463707813e+00 
1.530911063e+00 1.752533333e+00 1.790260441e+00 
1.653834056e+00 1.891200000e+00 1.866235167e+00 
1.659924078e+00 1.895466667e+00 1.920172600e+00 
1.450108460e+00 1.372800000e+00 1.535829866e+00 
1.177114967e+00 1.297066667e+00 1.471567268e+00 
1.186189262e+00 1.402133333e+00 1.529665588e+00 
1.535791757e+00 1.756266667e+00 1.813376483e+00 
1.461135033e+00 1.875733333e+00 1.784096163e+00 
1.301409978e+00 1.425600000e+00 1.632454924e+00 
1.752169197e+00 1.892266667e+00 1.920172600e+00 
1.284381779e+00 1.389333333e+00 1.529665588e+00 
1.339750542e+00 1.576000000e+00 1.718446602e+00 
1.528850325e+00 1.712000000e+00 1.784096163e+00 
1.451843818e+00 1.624000000e+00 1.737555864e+00 
1.650759219e+00 1.563733333e+00 1.712282324e+00 
1.184381779e+00 1.512000000e+00 1.636461704e+00 
1.071131779e+00 1.492266667e+00 1.395746648e+00 
1.711713666e+00 1.715733333e+00 1.844351980e+00 
1.505639913e+00 1.398400000e+00 1.601479427e+00 
1.080748373e+00 1.214933333e+00 1.399753429e+00 
1.346746204e+00 1.400000000e+00 1.535829866e+00 
1.105513557e+00 1.292266667e+00 1.403760210e+00 
1.504842733e+00 1.856000000e+00 1.794267221e+00 
1.780368764e+00 1.863466667e+00 1.893203883e+00 
1.752711497e+00 1.597866667e+00 1.794267221e+00 
1.333188720e+00 1.297066667e+00 1.502542765e+00 
1.085005423e+00 1.493333333e+00 1.502542765e+00 
1.314967462e+00 1.528533333e+00 1.665742025e+00 
1.091865510e+00 1.200533333e+00 1.335490831e+00 
1.448915401e+00 1.473066667e+00 1.652026506e+00 
1.072342733e+00 1.217600000e+00 1.389582370e+00 
1.317353579e+00 1.796800000e+00 1.691477886e+00 
1.629284165e+00 1.782933333e+00 1.852365542e+00 
1.334743492e+00 1.593600000e+00 1.708275543e+00 
1.173029826e+00 1.433600000e+00 1.605486207e+00 
1.140130152e+00 1.193066667e+00 1.337802435e+00 
1.103036876e+00 1.300800000e+00 1.461396209e+00 
1.600325380e+00 1.908266667e+00 1.866235167e+00 
1.425162690e+00 1.650133333e+00 1.772538141e+00 
1.146746204e+00 1.626133333e+00 1.632454924e+00 
1.332836226e+00 1.940266667e+00 1.844351980e+00 
1.240672451e+00 1.428266667e+00 1.539836647e+00 
1.574837310e+00 1.389333333e+00 1.576205887e+00 
1.545553145e+00 1.638933333e+00 1.788102943e+00 
1.323834056e+00 1.681600000e+00 1.708275543e+00 
1.640130152e+00 1.740266667e+00 1.863923563e+00 
1.919197397e+00 1.875200000e+00 1.928186161e+00 
1.167751085e+00 1.272533333e+00 1.409924488e+00 
1.076509219e+00 1.368000000e+00 1.391893974e+00 
1.091919740e+00 1.315200000e+00 1.525658807e+00 
1.048879067e+00 1.262933333e+00 1.269841270e+00 
1.359544469e+00 1.374933333e+00 1.539836647e+00 
1.322306399e+00 1.497600000e+00 1.642625982e+00 
1.118944143e+00 1.549333333e+00 1.601479427e+00 
1.107013557e+00 1.174933333e+00 1.273848051e+00 
1.739913232e+00 1.817066667e+00 1.870087841e+00 
1.061171367e+00 1.117333333e+00 1.263676992e+00 
1.048210412e+00 1.188266667e+00 1.263676992e+00 
1.071854664e+00 1.141333333e+00 1.269841270e+00 
1.053958785e+00 1.168533333e+00 1.259670211e+00 
1.282483731e+00 1.413866667e+00 1.582370165e+00 
1.023454447e+00 1.228266667e+00 1.211897057e+00 
1.083785249e+00 1.515733333e+00 1.597472646e+00 
1.025704989e+00 1.147200000e+00 1.201725998e+00 
1.015292842e+00 1.170133333e+00 1.207890276e+00 
1.000000000e+00 1.112000000e+00 1.000000000e+00 
1.039208243e+00 1.144000000e+00 1.133764833e+00 
1.015292842e+00 1.157866667e+00 1.136076437e+00 
1.137201735e+00 1.024533333e+00 1.125905378e+00 
1.025704989e+00 1.134933333e+00 1.129912159e+00 
1.000000000e+00 1.124266667e+00 1.071813839e+00 
1.052277657e+00 1.032000000e+00 1.000000000e+00 
1.052277657e+00 1.043733333e+00 1.133764833e+00 
1.095444685e+00 1.037866667e+00 1.129912159e+00 
1.095444685e+00 1.026666667e+00 1.000000000e+00 
1.057483731e+00 1.062400000e+00 1.136076437e+00 
1.137201735e+00 1.000000000e+00 1.000000000e+00 

1.451193059e+00 1.910933333e+00 1.813376483e+00 
1.298481562e+00 1.327466667e+00 1.481738326e+00 
1.105513557e+00 1.292266667e+00 1.403760210e+00 
1.192950108e+00 1.293333333e+00 1.463707813e+00 
1.242046095e+00 1.372800000e+00 1.535829866e+00 
1.235032538e+00 1.429866667e+00 1.539836647e+00 
1.089841106e+00 1.556800000e+00 1.442286947e+00 
1.374945770e+00 1.369066667e+00 1.510556326e+00 
1.448481562e+00 1.369066667e+00 1.516720604e+00 
1.413991323e+00 1.549866667e+00 1.658190784e+00 
1.526789588e+00 1.766933333e+00 1.784096163e+00 
1.311677332e+00 1.473600000e+00 1.615657266e+00 
1.291323210e+00 1.427733333e+00 1.607643705e+00 
1.382375271e+00 1.772266667e+00 1.780089382e+00 
1.258080260e+00 1.320533333e+00 1.479580829e+00 
1.343672993e+00 1.490133333e+00 1.619664047e+00 
1.362472885e+00 1.398933333e+00 1.539836647e+00 
1.421221800e+00 1.536000000e+00 1.673293266e+00 
1.618438178e+00 1.614400000e+00 1.788102943e+00 
1.413232104e+00 1.633600000e+00 1.772538141e+00 
1.346420824e+00 1.497600000e+00 1.646632763e+00 
1.491052061e+00 1.843733333e+00 1.848358761e+00 
1.111930586e+00 1.352000000e+00 1.496378487e+00 
1.184381779e+00 1.512000000e+00 1.636461704e+00 
1.072342733e+00 1.217600000e+00 1.389582370e+00 
1.515943601e+00 1.516266667e+00 1.662197565e+00 
1.431127983e+00 1.615466667e+00 1.716289105e+00 
1.140130152e+00 1.193066667e+00 1.337802435e+00 
1.545010846e+00 1.596800000e+00 1.737555864e+00 
1.764859002e+00 1.818133333e+00 1.924179380e+00 
1.460629067e+00 1.812800000e+00 1.784096163e+00 
1.112978850e+00 1.570133333e+00 1.597472646e+00 
1.115907267e+00 1.248533333e+00 1.403760210e+00 
1.819414317e+00 1.668800000e+00 1.844351980e+00 
1.334056399e+00 1.423466667e+00 1.597472646e+00 
1.466377440e+00 1.457066667e+00 1.611650485e+00 
1.287960954e+00 1.339200000e+00 1.506549545e+00 
1.137093275e+00 1.327466667e+00 1.461396209e+00 
1.146276030e+00 1.451200000e+00 1.572199106e+00 
1.170896421e+00 1.297066667e+00 1.471567268e+00 
1.374584056e+00 1.749333333e+00 1.722453383e+00 
1.069631236e+00 1.344533333e+00 1.395746648e+00 
1.204338395e+00 1.272533333e+00 1.471567268e+00 
1.143889913e+00 1.397333333e+00 1.510556326e+00 
1.140093818e+00 1.331733333e+00 1.475574048e+00 
1.080748373e+00 1.214933333e+00 1.399753429e+00 
1.268167028e+00 1.566400000e+00 1.665742025e+00 
1.065672451e+00 1.248000000e+00 1.265988596e+00 
1.573291757e+00 1.714666667e+00 1.874094622e+00 
1.048210412e+00 1.188266667e+00 1.263676992e+00 
1.527293926e+00 1.565866667e+00 1.677300046e+00 
1.428091106e+00 1.416533333e+00 1.586376946e+00 
1.330983189e+00 1.531200000e+00 1.642625982e+00 
1.654284165e+00 1.548266667e+00 1.681306827e+00 
1.137472885e+00 1.325333333e+00 1.461396209e+00 
1.387201735e+00 1.325333333e+00 1.506549545e+00 
1.095580260e+00 1.386133333e+00 1.463707813e+00 
1.091865510e+00 1.200533333e+00 1.335490831e+00 
1.718329718e+00 1.867733333e+00 1.928186161e+00 
1.551100868e+00 1.781333333e+00 1.788102943e+00 
1.425488069e+00 1.820266667e+00 1.794267221e+00 
1.522559653e+00 1.397333333e+00 1.543535213e+00 
1.473969631e+00 1.528533333e+00 1.658190784e+00 
1.333188720e+00 1.297066667e+00 1.502542765e+00 
1.056471258e+00 1.251200000e+00 1.335490831e+00 
1.187093275e+00 1.463466667e+00 1.605486207e+00 
1.015292842e+00 1.157866667e+00 1.136076437e+00 
1.948481562e+00 1.821866667e+00 1.928186161e+00 
1.121475054e+00 1.351466667e+00 1.461396209e+00 
1.407158351e+00 1.554666667e+00 1.665742025e+00 
1.229754338e+00 1.617600000e+00 1.673293266e+00 
1.015292842e+00 1.170133333e+00 1.207890276e+00 
1.485357918e+00 1.369600000e+00 1.525658807e+00 
1.463340564e+00 1.495466667e+00 1.642625982e+00 
1.023454447e+00 1.228266667e+00 1.211897057e+00 
1.039208243e+00 1.144000000e+00 1.133764833e+00 
1.625813449e+00 1.832000000e+00 1.924179380e+00 
1.305368764e+00 1.566400000e+00 1.712282324e+00 
1.148987527e+00 1.385600000e+00 1.537216828e+00 
1.048879067e+00 1.262933333e+00 1.269841270e+00 
1.107013557e+00 1.174933333e+00 1.273848051e+00 
1.167751085e+00 1.272533333e+00 1.409924488e+00 
1.025704989e+00 1.134933333e+00 1.129912159e+00 
1.071854664e+00 1.141333333e+00 1.269841270e+00 
1.061171367e+00 1.117333333e+00 1.263676992e+00 
1.025704989e+00 1.147200000e+00 1.201725998e+00 
1.053958785e+00 1.168533333e+00 1.259670211e+00 
1.000000000e+00 1.124266667e+00 1.071813839e+00 
1.095444685e+00 1.037866667e+00 1.129912159e+00 
1.052277657e+00 1.043733333e+00 1.133764833e+00 
1.000000000e+00 1.112000000e+00 1.000000000e+00 
1.095444685e+00 1.026666667e+00 1.000000000e+00 
1.052277657e+00 1.032000000e+00 1.000000000e+00 
1.137201735e+00 1.024533333e+00 1.125905378e+00 
1.137201735e+00 1.000000000e+00 1.000000000e+00 
1.057483731e+00 1.062400000e+00 1.136076437e+00 

1.391268980e+00 1.733866667e+00 1.753120666e+00 
1.139009219e+00 1.331200000e+00 1.415318231e+00 
1.434598698e+00 1.464000000e+00 1.632454924e+00 
1.359436009e+00 1.469866667e+00 1.636461704e+00 
1.204338395e+00 1.272533333e+00 1.471567268e+00 
1.562147505e+00 1.789333333e+00 1.817383264e+00 
1.491502169e+00 1.796800000e+00 1.844351980e+00 
1.255748373e+00 1.401066667e+00 1.611650485e+00 
1.169143167e+00 1.401066667e+00 1.539836647e+00 
1.072342733e+00 1.217600000e+00 1.389582370e+00 
1.300162690e+00 1.669866667e+00 1.632454924e+00 
1.497424078e+00 1.554133333e+00 1.687471105e+00 
1.603036876e+00 1.635733333e+00 1.772538141e+00 
1.120752169e+00 1.509333333e+00 1.601479427e+00 
1.507093275e+00 1.930133333e+00 1.874094622e+00 
1.631019523e+00 1.887466667e+00 1.893203883e+00 
1.609219089e+00 1.561066667e+00 1.726460163e+00 
1.744577007e+00 1.703466667e+00 1.848358761e+00 
1.604880694e+00 1.493866667e+00 1.681306827e+00 
1.860086768e+00 1.800000000e+00 1.920172600e+00 
1.582971800e+00 1.575466667e+00 1.718446602e+00 
1.586767896e+00 1.818666667e+00 1.852365542e+00 
1.143889913e+00 1.397333333e+00 1.510556326e+00 
1.244079718e+00 1.749333333e+00 1.615657266e+00 
1.366232646e+00 1.601600000e+00 1.745569425e+00 
1.670281996e+00 1.754133333e+00 1.863923563e+00 
1.076509219e+00 1.355200000e+00 1.399753429e+00 
1.331887202e+00 1.683733333e+00 1.714439821e+00 
1.417968004e+00 1.640533333e+00 1.813376483e+00 
1.397776573e+00 1.500800000e+00 1.648019726e+00 
1.524403471e+00 1.411200000e+00 1.632454924e+00 
1.346167570e+00 1.744000000e+00 1.722453383e+00 
1.449891540e+00 1.600533333e+00 1.710587147e+00 
1.178633406e+00 1.314666667e+00 1.409616274e+00 
1.300650759e+00 1.539733333e+00 1.665742025e+00 
1.351003254e+00 1.613866667e+00 1.714439821e+00 
1.121475054e+00 1.351466667e+00 1.461396209e+00 
1.221583514e+00 1.397333333e+00 1.597472646e+00 
1.329934924e+00 1.315200000e+00 1.525658807e+00 
1.056471258e+00 1.251200000e+00 1.335490831e+00 
1.236876356e+00 1.370133333e+00 1.525658807e+00 
1.726138829e+00 1.816533333e+00 1.920172600e+00 
1.419522777e+00 1.486400000e+00 1.665742025e+00 
1.134978308e+00 1.334400000e+00 1.469409770e+00 
1.669197397e+00 1.631466667e+00 1.786407767e+00 
1.466919740e+00 1.297066667e+00 1.502542765e+00 
1.048879067e+00 1.262933333e+00 1.269841270e+00 
1.196890998e+00 1.613866667e+00 1.603791031e+00 
1.200921909e+00 1.272533333e+00 1.409924488e+00 
1.227114967e+00 1.325333333e+00 1.506549545e+00 
1.317877983e+00 1.817066667e+00 1.710587147e+00 
1.239425163e+00 1.570666667e+00 1.607643705e+00 
1.064208243e+00 1.418133333e+00 1.461396209e+00 
1.673752711e+00 1.792533333e+00 1.874094622e+00 
1.531019523e+00 1.482666667e+00 1.673293266e+00 
1.402458243e+00 1.573333333e+00 1.673293266e+00 
1.336550976e+00 1.372266667e+00 1.597472646e+00 
1.328452820e+00 1.786133333e+00 1.687471105e+00 
1.100325380e+00 1.426666667e+00 1.525658807e+00 
1.242046095e+00 1.372800000e+00 1.535829866e+00 
1.110629067e+00 1.380800000e+00 1.496378487e+00 
1.140130152e+00 1.193066667e+00 1.337802435e+00 
1.053958785e+00 1.168533333e+00 1.259670211e+00 
1.023454447e+00 1.228266667e+00 1.211897057e+00 
1.080748373e+00 1.214933333e+00 1.399753429e+00 
1.071854664e+00 1.141333333e+00 1.269841270e+00 
1.115907267e+00 1.248533333e+00 1.403760210e+00 
1.107013557e+00 1.174933333e+00 1.273848051e+00 
1.587581345e+00 1.842133333e+00 1.870087841e+00 
1.508893709e+00 1.552533333e+00 1.712282324e+00 
1.706616052e+00 1.876800000e+00 1.928186161e+00 
1.111930586e+00 1.352000000e+00 1.496378487e+00 
1.061171367e+00 1.117333333e+00 1.263676992e+00 
1.025704989e+00 1.147200000e+00 1.201725998e+00 
1.025704989e+00 1.134933333e+00 1.129912159e+00 
1.015292842e+00 1.157866667e+00 1.136076437e+00 
1.051554772e+00 1.405866667e+00 1.389582370e+00 
1.091865510e+00 1.200533333e+00 1.335490831e+00 
1.048210412e+00 1.188266667e+00 1.263676992e+00 
1.039208243e+00 1.144000000e+00 1.133764833e+00 
1.015292842e+00 1.170133333e+00 1.207890276e+00 
1.052277657e+00 1.032000000e+00 1.000000000e+00 
1.095444685e+00 1.037866667e+00 1.129912159e+00 
1.095444685e+00 1.026666667e+00 1.000000000e+00 
1.057483731e+00 1.062400000e+00 1.136076437e+00 
1.052277657e+00 1.043733333e+00 1.133764833e+00 
1.000000000e+00 1.112000000e+00 1.000000000e+00 
1.137201735e+00 1.000000000e+00 1.000000000e+00 
1.000000000e+00 1.124266667e+00 1.071813839e+00 
1.137201735e+00 1.024533333e+00 1.125905378e+00 

1.217100325e+00 1.556800000e+00 1.665742025e+00 
1.085005423e+00 1.480533333e+00 1.525658807e+00 
1.346637744e+00 1.421333333e+00 1.578363384e+00 
1.868763557e+00 1.662400000e+00 1.821390045e+00 
1.386840022e+00 1.427733333e+00 1.582370165e+00 
1.657809111e+00 1.821333333e+00 1.863923563e+00 
1.276301518e+00 1.779733333e+00 1.772538141e+00 
1.479609544e+00 1.420266667e+00 1.578363384e+00 
1.524799349e+00 1.790400000e+00 1.792109724e+00 
1.144793926e+00 1.377600000e+00 1.529665588e+00 
1.115581887e+00 1.440533333e+00 1.601479427e+00 
1.296637744e+00 1.440000000e+00 1.632454924e+00 
1.605206074e+00 1.702400000e+00 1.794267221e+00 
1.290455531e+00 1.355200000e+00 1.525658807e+00 
1.310520607e+00 1.331733333e+00 1.498690091e+00 
1.103036876e+00 1.300800000e+00 1.461396209e+00 
1.351626898e+00 1.373333333e+00 1.539836647e+00 
1.593275488e+00 1.481066667e+00 1.636461704e+00 
1.646963124e+00 1.715733333e+00 1.802280783e+00 
1.350180586e+00 1.769600000e+00 1.767298505e+00 
1.129690889e+00 1.272000000e+00 1.471567268e+00 
1.418383948e+00 1.520000000e+00 1.642625982e+00 
1.625634490e+00 1.675200000e+00 1.784096163e+00 
1.069631236e+00 1.331200000e+00 1.399753429e+00 
1.404193601e+00 1.825600000e+00 1.798274002e+00 
1.590563991e+00 1.439466667e+00 1.632454924e+00 
1.210321584e+00 1.560000000e+00 1.741562644e+00 
1.604934924e+00 1.731733333e+00 1.821390045e+00 
1.490455531e+00 1.644800000e+00 1.745569425e+00 
1.283026030e+00 1.518933333e+00 1.607643705e+00 
1.115907267e+00 1.248533333e+00 1.403760210e+00 
1.444685466e+00 1.315200000e+00 1.525658807e+00 
1.048210412e+00 1.188266667e+00 1.263676992e+00 
1.333188720e+00 1.297066667e+00 1.502542765e+00 
1.372559653e+00 1.509866667e+00 1.636461704e+00 
1.155368764e+00 1.389866667e+00 1.539836647e+00 
1.287960954e+00 1.339200000e+00 1.506549545e+00 
1.048879067e+00 1.262933333e+00 1.269841270e+00 
1.242046095e+00 1.372800000e+00 1.535829866e+00 
1.176229393e+00 1.414400000e+00 1.576205887e+00 
1.278253796e+00 1.488533333e+00 1.603791031e+00 
1.507158351e+00 1.905066667e+00 1.813376483e+00 
1.104934924e+00 1.298133333e+00 1.471567268e+00 
1.064208243e+00 1.418133333e+00 1.461396209e+00 
1.446312364e+00 1.650133333e+00 1.772538141e+00 
1.713015184e+00 1.900266667e+00 1.924179380e+00 
1.309327549e+00 1.530133333e+00 1.665742025e+00 
1.072342733e+00 1.217600000e+00 1.389582370e+00 
1.398264642e+00 1.349333333e+00 1.529665588e+00 
1.111930586e+00 1.352000000e+00 1.496378487e+00 
1.091865510e+00 1.200533333e+00 1.335490831e+00 
1.222152928e+00 1.543466667e+00 1.704268763e+00 
1.525704989e+00 1.398933333e+00 1.559408229e+00 
1.541214751e+00 1.737600000e+00 1.859916782e+00 
1.099602495e+00 1.379733333e+00 1.525658807e+00 
1.071854664e+00 1.141333333e+00 1.269841270e+00 
1.145155640e+00 1.356266667e+00 1.498690091e+00 
1.134761388e+00 1.413333333e+00 1.529665588e+00 
1.140130152e+00 1.193066667e+00 1.337802435e+00 
1.814750542e+00 1.754666667e+00 1.893203883e+00 
1.462039046e+00 1.812266667e+00 1.784096163e+00 
1.056471258e+00 1.251200000e+00 1.335490831e+00 
1.288449024e+00 1.453866667e+00 1.607643705e+00 
1.015292842e+00 1.170133333e+00 1.207890276e+00 
1.597977223e+00 1.913600000e+00 1.924179380e+00 
1.080748373e+00 1.214933333e+00 1.399753429e+00 
1.185412148e+00 1.363733333e+00 1.506549545e+00 
1.061171367e+00 1.117333333e+00 1.263676992e+00 
1.107013557e+00 1.174933333e+00 1.273848051e+00 
1.025704989e+00 1.134933333e+00 1.129912159e+00 
1.039208243e+00 1.144000000e+00 1.133764833e+00 
1.023454447e+00 1.228266667e+00 1.211897057e+00 
1.053958785e+00 1.168533333e+00 1.259670211e+00 
1.015292842e+00 1.157866667e+00 1.136076437e+00 
1.000000000e+00 1.112000000e+00 1.000000000e+00 
1.052277657e+00 1.032000000e+00 1.000000000e+00 
1.095444685e+00 1.026666667e+00 1.000000000e+00 
1.052277657e+00 1.043733333e+00 1.133764833e+00 
1.025704989e+00 1.147200000e+00 1.201725998e+00 
1.057483731e+00 1.062400000e+00 1.136076437e+00 
1.137201735e+00 1.000000000e+00 1.000000000e+00 
1.095444685e+00 1.037866667e+00 1.129912159e+00 
1.137201735e+00 1.024533333e+00 1.125905378e+00 
1.000000000e+00 1.124266667e+00 1.071813839e+00 
