1.414174272e+00 1.346666667e+00 1.632093558e+00 
1.637360320e+00 1.574666667e+00 1.857361963e+00 
1.588687088e+00 1.458222222e+00 1.724693252e+00 
1.351194241e+00 1.415555556e+00 1.663726994e+00 
1.111472546e+00 1.377333333e+00 1.607553681e+00 
1.251227373e+00 1.553333333e+00 1.716449387e+00 
1.664467938e+00 1.592888889e+00 1.870015337e+00 
1.576518780e+00 1.318666667e+00 1.614455521e+00 
1.056203126e+00 1.356888889e+00 1.497315951e+00 
1.355641698e+00 1.379555556e+00 1.612346626e+00 
1.156350712e+00 1.481333333e+00 1.668519939e+00 
1.189964158e+00 1.327111111e+00 1.583780675e+00 
1.741574049e+00 1.485333333e+00 1.803297546e+00 
1.377850065e+00 1.412000000e+00 1.681365031e+00 
1.080991536e+00 1.377777778e+00 1.558282209e+00 
1.021565615e+00 1.287555556e+00 1.458780675e+00 
1.287140146e+00 1.394222222e+00 1.642829755e+00 
1.447506400e+00 1.566666667e+00 1.774731595e+00 
1.392909852e+00 1.345333333e+00 1.612346626e+00 
1.274529683e+00 1.463111111e+00 1.722584356e+00 
1.556157947e+00 1.344000000e+00 1.686157975e+00 
1.265684769e+00 1.450222222e+00 1.660276074e+00 
1.249119002e+00 1.304888889e+00 1.571127301e+00 
1.016987440e+00 1.239111111e+00 1.366372699e+00 
1.345301045e+00 1.416888889e+00 1.644746933e+00 
1.535476040e+00 1.412444444e+00 1.713765337e+00 
1.166591368e+00 1.465333333e+00 1.634777607e+00 
1.727116653e+00 1.572000000e+00 1.857361963e+00 
1.085991386e+00 1.319111111e+00 1.519746933e+00 
1.586922081e+00 1.726222222e+00 1.926188650e+00 
1.055851932e+00 1.337777778e+00 1.491180982e+00 
1.378934369e+00 1.478666667e+00 1.767829755e+00 
1.339578326e+00 1.433333333e+00 1.657592025e+00 
1.016013373e+00 1.225333333e+00 1.297354294e+00 
1.669889461e+00 1.534666667e+00 1.783550613e+00 
1.391584591e+00 1.572444444e+00 1.778757669e+00 
1.085087799e+00 1.338222222e+00 1.514953988e+00 
1.498930755e+00 1.338666667e+00 1.668519939e+00 
1.111452667e+00 1.263555556e+00 1.508819018e+00 
1.570494865e+00 1.334666667e+00 1.632093558e+00 
1.555435077e+00 1.380444444e+00 1.686157975e+00 
1.593686937e+00 1.654666667e+00 1.870015337e+00 
1.066935936e+00 1.272444444e+00 1.491372699e+00 
1.613114063e+00 1.599555556e+00 1.882860429e+00 
1.218246438e+00 1.456000000e+00 1.660276074e+00 
1.200024096e+00 1.302222222e+00 1.524539877e+00 
1.380711424e+00 1.330222222e+00 1.607553681e+00 
1.253034547e+00 1.146222222e+00 1.375958589e+00 
1.099183760e+00 1.281777778e+00 1.502300613e+00 
1.280322882e+00 1.239555556e+00 1.583780675e+00 
1.134001988e+00 1.218222222e+00 1.422354294e+00 
1.083581820e+00 1.300444444e+00 1.497315951e+00 
1.325803440e+00 1.365333333e+00 1.593558282e+00 
1.795036294e+00 1.713777778e+00 1.939033742e+00 
1.417607903e+00 1.427111111e+00 1.722584356e+00 
1.452606849e+00 1.399555556e+00 1.694018405e+00 
1.147616036e+00 1.204888889e+00 1.435007669e+00 
1.025611879e+00 1.230666667e+00 1.435007669e+00 
1.157555495e+00 1.182666667e+00 1.422354294e+00 
1.377127195e+00 1.618666667e+00 1.809049080e+00 
1.127636517e+00 1.431555556e+00 1.612346626e+00 
1.161169844e+00 1.176444444e+00 1.392062883e+00 
1.468028071e+00 1.547111111e+00 1.852569018e+00 
1.033432728e+00 1.231555556e+00 1.458780675e+00 
1.758441011e+00 1.720000000e+00 1.926188650e+00 
1.133158640e+00 1.185333333e+00 1.358320552e+00 
1.780729496e+00 1.786222222e+00 1.943826687e+00 
1.752820698e+00 1.662666667e+00 1.889762270e+00 
1.049948496e+00 1.204000000e+00 1.417561350e+00 
1.306044999e+00 1.161333333e+00 1.388803681e+00 
1.472907443e+00 1.321333333e+00 1.607553681e+00 
1.030902684e+00 1.359111111e+00 1.545245399e+00 
1.025611879e+00 1.210222222e+00 1.348542945e+00 
1.021033704e+00 1.182222222e+00 1.342599693e+00 
1.350260534e+00 1.567111111e+00 1.742331288e+00 
1.356013373e+00 1.381777778e+00 1.630176380e+00 
1.157836812e+00 1.242222222e+00 1.497315951e+00 
1.560977079e+00 1.534222222e+00 1.778757669e+00 
1.228035300e+00 1.293333333e+00 1.558282209e+00 
1.000000000e+00 1.138222222e+00 1.000000000e+00 
1.004046264e+00 1.081777778e+00 1.000000000e+00 
1.719285564e+00 1.524444444e+00 1.796395706e+00 
1.203939640e+00 1.181777778e+00 1.497315951e+00 
1.355561579e+00 1.227111111e+00 1.571127301e+00 
1.237171772e+00 1.173777778e+00 1.401457055e+00 
1.000000000e+00 1.149777778e+00 1.182323620e+00 
1.077738622e+00 1.192000000e+00 1.353527607e+00 
1.061775248e+00 1.184444444e+00 1.348542945e+00 
1.004046264e+00 1.113777778e+00 1.268788344e+00 
1.173398392e+00 1.329777778e+00 1.583780675e+00 
1.060962019e+00 1.314666667e+00 1.481403374e+00 
1.881328876e+00 1.711111111e+00 1.926188650e+00 
1.415680251e+00 1.585333333e+00 1.857361963e+00 
1.432828529e+00 1.353333333e+00 1.657592025e+00 
1.004046264e+00 1.093333333e+00 1.182323620e+00 
1.250022590e+00 1.124888889e+00 1.314992331e+00 
1.000000000e+00 1.170666667e+00 1.292561350e+00 
1.067136532e+00 1.101333333e+00 1.256134969e+00 
1.050149092e+00 1.032888889e+00 1.182323620e+00 
1.009337068e+00 1.242222222e+00 1.379026074e+00 
1.046213668e+00 1.048000000e+00 1.086464724e+00 
1.020511430e+00 1.009333333e+00 1.060966258e+00 
1.071714707e+00 1.149777778e+00 1.348542945e+00 
1.020511430e+00 1.000000000e+00 1.000000000e+00 
1.055450137e+00 1.026222222e+00 1.166219325e+00 

1.454915816e+00 1.540444444e+00 1.809049080e+00 
1.791452065e+00 1.677777778e+00 1.939033742e+00 
1.357971145e+00 1.436000000e+00 1.713765337e+00 
1.009276829e+00 1.192000000e+00 1.353527607e+00 
1.294800157e+00 1.466666667e+00 1.722584356e+00 
1.278666305e+00 1.377333333e+00 1.694018405e+00 
1.065540195e+00 1.363111111e+00 1.573811350e+00 
1.295201952e+00 1.287555556e+00 1.607553681e+00 
1.049446101e+00 1.286222222e+00 1.463573620e+00 
1.253034547e+00 1.146222222e+00 1.375958589e+00 
1.237171772e+00 1.173777778e+00 1.401457055e+00 
1.061775248e+00 1.184444444e+00 1.348542945e+00 
1.395078461e+00 1.479111111e+00 1.754984663e+00 
1.590976175e+00 1.492000000e+00 1.783550613e+00 
1.516761543e+00 1.502222222e+00 1.759777607e+00 
1.470799072e+00 1.517777778e+00 1.783550613e+00 
1.425780549e+00 1.557777778e+00 1.778757669e+00 
1.251227373e+00 1.239555556e+00 1.583780675e+00 
1.213758622e+00 1.418222222e+00 1.660276074e+00 
1.725429957e+00 1.554222222e+00 1.839723926e+00 
1.597283214e+00 1.465777778e+00 1.722584356e+00 
1.157836812e+00 1.262666667e+00 1.583780675e+00 
1.083581820e+00 1.300444444e+00 1.497315951e+00 
1.513749586e+00 1.572000000e+00 1.865222393e+00 
1.498207885e+00 1.682666667e+00 1.943826687e+00 
1.346084154e+00 1.350666667e+00 1.644746933e+00 
1.762657751e+00 1.568444444e+00 1.913535276e+00 
1.271708683e+00 1.483555556e+00 1.716449387e+00 
1.569302129e+00 1.679555556e+00 1.882860429e+00 
1.021565615e+00 1.287555556e+00 1.458780675e+00 
1.477124183e+00 1.338222222e+00 1.632093558e+00 
1.468660583e+00 1.590666667e+00 1.811157975e+00 
1.472425529e+00 1.616000000e+00 1.870015337e+00 
1.636878407e+00 1.652000000e+00 1.882860429e+00 
1.461401765e+00 1.708444444e+00 1.824003067e+00 
1.153790548e+00 1.319555556e+00 1.607553681e+00 
1.343593868e+00 1.312888889e+00 1.612346626e+00 
1.664347459e+00 1.608000000e+00 1.882860429e+00 
1.453630915e+00 1.289777778e+00 1.612346626e+00 
1.157555495e+00 1.182666667e+00 1.422354294e+00 
1.306044999e+00 1.161333333e+00 1.388803681e+00 
1.030842445e+00 1.308888889e+00 1.519746933e+00 
1.452546610e+00 1.535555556e+00 1.772622699e+00 
1.203939640e+00 1.181777778e+00 1.497315951e+00 
1.133158640e+00 1.185333333e+00 1.358320552e+00 
1.161169844e+00 1.176444444e+00 1.392062883e+00 
1.025611879e+00 1.230666667e+00 1.435007669e+00 
1.033432728e+00 1.231555556e+00 1.458780675e+00 
1.638565103e+00 1.517333333e+00 1.796395706e+00 
1.049948496e+00 1.183555556e+00 1.331096626e+00 
1.147616036e+00 1.204888889e+00 1.435007669e+00 
1.183940243e+00 1.234222222e+00 1.478527607e+00 
1.303755911e+00 1.357333333e+00 1.617331288e+00 
1.072136381e+00 1.307111111e+00 1.573811350e+00 
1.009337068e+00 1.242222222e+00 1.379026074e+00 
1.373392368e+00 1.353777778e+00 1.657592025e+00 
1.181470438e+00 1.246666667e+00 1.463573620e+00 
1.134001988e+00 1.218222222e+00 1.422354294e+00 
1.000000000e+00 1.170666667e+00 1.292561350e+00 
1.049948496e+00 1.204000000e+00 1.417561350e+00 
1.140086142e+00 1.443111111e+00 1.607553681e+00 
1.016987440e+00 1.239111111e+00 1.366372699e+00 
1.000000000e+00 1.138222222e+00 1.000000000e+00 
1.067136532e+00 1.101333333e+00 1.256134969e+00 
1.004046264e+00 1.081777778e+00 1.000000000e+00 
1.250022590e+00 1.124888889e+00 1.314992331e+00 
1.055450137e+00 1.026222222e+00 1.166219325e+00 
1.004046264e+00 1.113777778e+00 1.268788344e+00 
1.000000000e+00 1.149777778e+00 1.182323620e+00 
1.020511430e+00 1.009333333e+00 1.060966258e+00 
1.050149092e+00 1.032888889e+00 1.182323620e+00 
1.004046264e+00 1.093333333e+00 1.182323620e+00 
1.071714707e+00 1.149777778e+00 1.348542945e+00 
1.020511430e+00 1.000000000e+00 1.000000000e+00 
1.046213668e+00 1.048000000e+00 1.086464724e+00 

1.110809915e+00 1.408444444e+00 1.593558282e+00 
1.083581820e+00 1.300444444e+00 1.497315951e+00 
1.424836601e+00 1.351111111e+00 1.668519939e+00 
1.515797717e+00 1.534222222e+00 1.767829755e+00 
1.059184964e+00 1.317777778e+00 1.494056748e+00 
1.344598054e+00 1.403111111e+00 1.698811350e+00 
1.071714707e+00 1.356444444e+00 1.497315951e+00 
1.544471552e+00 1.642222222e+00 1.828796012e+00 
1.307249782e+00 1.485333333e+00 1.722584356e+00 
1.523749285e+00 1.588444444e+00 1.809049080e+00 
1.295322430e+00 1.367555556e+00 1.639953988e+00 
1.228035300e+00 1.293333333e+00 1.558282209e+00 
1.075288696e+00 1.304000000e+00 1.478527607e+00 
1.090188247e+00 1.346666667e+00 1.583780675e+00 
1.607361224e+00 1.683111111e+00 1.884969325e+00 
1.590253306e+00 1.560000000e+00 1.811157975e+00 
1.363754104e+00 1.448000000e+00 1.759777607e+00 
1.203939640e+00 1.181777778e+00 1.497315951e+00 
1.175326044e+00 1.267555556e+00 1.468558282e+00 
1.467365441e+00 1.534666667e+00 1.767829755e+00 
1.072136381e+00 1.307111111e+00 1.573811350e+00 
1.427366646e+00 1.586666667e+00 1.795053681e+00 
1.295201952e+00 1.287555556e+00 1.607553681e+00 
1.507785910e+00 1.686222222e+00 1.943826687e+00 
1.632992982e+00 1.496888889e+00 1.778757669e+00 
1.517484413e+00 1.617333333e+00 1.798504601e+00 
1.193518268e+00 1.295111111e+00 1.583780675e+00 
1.009276829e+00 1.192000000e+00 1.353527607e+00 
1.198216921e+00 1.234222222e+00 1.478527607e+00 
1.298213909e+00 1.347555556e+00 1.644746933e+00 
1.646396193e+00 1.490666667e+00 1.767829755e+00 
1.181470438e+00 1.246666667e+00 1.463573620e+00 
1.614620042e+00 1.677777778e+00 1.913535276e+00 
1.251227373e+00 1.239555556e+00 1.583780675e+00 
1.198819313e+00 1.282222222e+00 1.502300613e+00 
1.582663173e+00 1.625777778e+00 1.870015337e+00 
1.153790548e+00 1.298666667e+00 1.497315951e+00 
1.189964158e+00 1.327111111e+00 1.583780675e+00 
1.021033704e+00 1.182222222e+00 1.342599693e+00 
1.050179211e+00 1.342222222e+00 1.463573620e+00 
1.401554170e+00 1.424000000e+00 1.716449387e+00 
1.619692178e+00 1.515111111e+00 1.767829755e+00 
1.717478389e+00 1.577777778e+00 1.839723926e+00 
1.654347761e+00 1.610222222e+00 1.926188650e+00 
1.601499955e+00 1.548888889e+00 1.795053681e+00 
1.716996476e+00 1.627111111e+00 1.943826687e+00 
1.637239842e+00 1.586222222e+00 1.815950920e+00 
1.626800398e+00 1.539555556e+00 1.809049080e+00 
1.589169001e+00 1.389777778e+00 1.686157975e+00 
1.009337068e+00 1.242222222e+00 1.379026074e+00 
1.049948496e+00 1.204000000e+00 1.417561350e+00 
1.147616036e+00 1.204888889e+00 1.435007669e+00 
1.640974669e+00 1.431111111e+00 1.754984663e+00 
1.343593868e+00 1.312888889e+00 1.612346626e+00 
1.223818560e+00 1.368888889e+00 1.612346626e+00 
1.237171772e+00 1.173777778e+00 1.401457055e+00 
1.376042890e+00 1.289777778e+00 1.612346626e+00 
1.647450378e+00 1.600444444e+00 1.857361963e+00 
1.140327099e+00 1.389777778e+00 1.681365031e+00 
1.016987440e+00 1.239111111e+00 1.366372699e+00 
1.765067317e+00 1.575111111e+00 1.824003067e+00 
1.033432728e+00 1.231555556e+00 1.458780675e+00 
1.133158640e+00 1.185333333e+00 1.358320552e+00 
1.216469383e+00 1.553777778e+00 1.699003067e+00 
1.071714707e+00 1.149777778e+00 1.348542945e+00 
1.306044999e+00 1.161333333e+00 1.388803681e+00 
1.355561579e+00 1.227111111e+00 1.571127301e+00 
1.159362670e+00 1.272000000e+00 1.497315951e+00 
1.067136532e+00 1.101333333e+00 1.256134969e+00 
1.513117075e+00 1.646666667e+00 1.882860429e+00 
1.516279630e+00 1.432000000e+00 1.742331288e+00 
1.000000000e+00 1.170666667e+00 1.292561350e+00 
1.061775248e+00 1.184444444e+00 1.348542945e+00 
1.025611879e+00 1.230666667e+00 1.435007669e+00 
1.000000000e+00 1.149777778e+00 1.182323620e+00 
1.253034547e+00 1.146222222e+00 1.375958589e+00 
1.157555495e+00 1.182666667e+00 1.422354294e+00 
1.111472546e+00 1.377333333e+00 1.607553681e+00 
1.021565615e+00 1.287555556e+00 1.458780675e+00 
1.306767868e+00 1.438222222e+00 1.703796012e+00 
1.624149875e+00 1.547555556e+00 1.772622699e+00 
1.789765369e+00 1.518222222e+00 1.796395706e+00 
1.004046264e+00 1.113777778e+00 1.268788344e+00 
1.161169844e+00 1.176444444e+00 1.392062883e+00 
1.004046264e+00 1.081777778e+00 1.000000000e+00 
1.000000000e+00 1.138222222e+00 1.000000000e+00 
1.004046264e+00 1.093333333e+00 1.182323620e+00 
1.134001988e+00 1.218222222e+00 1.422354294e+00 
1.882172224e+00 1.576888889e+00 1.857361963e+00 
1.020511430e+00 1.000000000e+00 1.000000000e+00 
1.050149092e+00 1.032888889e+00 1.182323620e+00 
1.250022590e+00 1.124888889e+00 1.314992331e+00 
1.020511430e+00 1.009333333e+00 1.060966258e+00 
1.055450137e+00 1.026222222e+00 1.166219325e+00 
1.046213668e+00 1.048000000e+00 1.086464724e+00 

1.341465619e+00 1.521777778e+00 1.809049080e+00 
1.138881359e+00 1.456000000e+00 1.617331288e+00 
1.299719888e+00 1.538666667e+00 1.783550613e+00 
1.708605162e+00 1.722222222e+00 1.943826687e+00 
1.161169844e+00 1.176444444e+00 1.392062883e+00 
1.228035300e+00 1.293333333e+00 1.558282209e+00 
1.328423843e+00 1.490666667e+00 1.703796012e+00 
1.147616036e+00 1.204888889e+00 1.435007669e+00 
1.256166983e+00 1.408888889e+00 1.660276074e+00 
1.523166772e+00 1.735111111e+00 1.926188650e+00 
1.380902382e+00 1.327111111e+00 1.632093558e+00 
1.604831180e+00 1.359555556e+00 1.668519939e+00 
1.471100268e+00 1.375111111e+00 1.668519939e+00 
1.667359417e+00 1.762666667e+00 1.943826687e+00 
1.157555495e+00 1.182666667e+00 1.422354294e+00 
1.100328303e+00 1.432000000e+00 1.612346626e+00 
1.531339417e+00 1.362666667e+00 1.668519939e+00 
1.074726665e+00 1.343111111e+00 1.508819018e+00 
1.327851571e+00 1.272888889e+00 1.571127301e+00 
1.205445619e+00 1.426222222e+00 1.663726994e+00 
1.025611879e+00 1.230666667e+00 1.435007669e+00 
1.620824674e+00 1.718222222e+00 1.926188650e+00 
1.503910726e+00 1.540888889e+00 1.870015337e+00 
1.033432728e+00 1.231555556e+00 1.458780675e+00 
1.203939640e+00 1.181777778e+00 1.497315951e+00 
1.056203126e+00 1.356888889e+00 1.497315951e+00 
1.410379205e+00 1.386666667e+00 1.681365031e+00 
1.345079967e+00 1.262666667e+00 1.583780675e+00 
1.499412668e+00 1.507555556e+00 1.796395706e+00 
1.078973525e+00 1.312444444e+00 1.545245399e+00 
1.497083220e+00 1.612444444e+00 1.865222393e+00 
1.362970995e+00 1.342222222e+00 1.614455521e+00 
1.297310322e+00 1.312888889e+00 1.612346626e+00 
1.276045902e+00 1.357777778e+00 1.617331288e+00 
1.189964158e+00 1.327111111e+00 1.583780675e+00 
1.103842053e+00 1.376444444e+00 1.573811350e+00 
1.143238457e+00 1.412888889e+00 1.617331288e+00 
1.673383332e+00 1.524444444e+00 1.865222393e+00 
1.099183760e+00 1.281777778e+00 1.502300613e+00 
1.637962712e+00 1.642222222e+00 1.926188650e+00 
1.066433541e+00 1.354666667e+00 1.537384969e+00 
1.134001988e+00 1.218222222e+00 1.422354294e+00 
1.139202434e+00 1.424000000e+00 1.619056748e+00 
1.159362670e+00 1.272000000e+00 1.497315951e+00 
1.127435921e+00 1.460444444e+00 1.663726994e+00 
1.051685190e+00 1.364444444e+00 1.527799080e+00 
1.355561579e+00 1.227111111e+00 1.571127301e+00 
1.193518268e+00 1.295111111e+00 1.583780675e+00 
1.385078763e+00 1.450666667e+00 1.722584356e+00 
1.181470438e+00 1.246666667e+00 1.463573620e+00 
1.583265564e+00 1.571111111e+00 1.884969325e+00 
1.061775248e+00 1.184444444e+00 1.348542945e+00 
1.016987440e+00 1.239111111e+00 1.366372699e+00 
1.381946327e+00 1.352000000e+00 1.657592025e+00 
1.435679648e+00 1.309333333e+00 1.614455521e+00 
1.021565615e+00 1.287555556e+00 1.458780675e+00 
1.237171772e+00 1.173777778e+00 1.401457055e+00 
1.083581820e+00 1.300444444e+00 1.497315951e+00 
1.467535918e+00 1.622666667e+00 1.882860429e+00 
1.049948496e+00 1.204000000e+00 1.417561350e+00 
1.254962200e+00 1.380888889e+00 1.634777607e+00 
1.387488329e+00 1.404444444e+00 1.783550613e+00 
1.133158640e+00 1.185333333e+00 1.358320552e+00 
1.253034547e+00 1.146222222e+00 1.375958589e+00 
1.004046264e+00 1.081777778e+00 1.000000000e+00 
1.071714707e+00 1.149777778e+00 1.348542945e+00 
1.004046264e+00 1.093333333e+00 1.182323620e+00 
1.250022590e+00 1.124888889e+00 1.314992331e+00 
1.321677058e+00 1.400888889e+00 1.694018405e+00 
1.000000000e+00 1.170666667e+00 1.292561350e+00 
1.047980483e+00 1.267555556e+00 1.468558282e+00 
1.021033704e+00 1.182222222e+00 1.342599693e+00 
1.306044999e+00 1.161333333e+00 1.388803681e+00 
1.009276829e+00 1.192000000e+00 1.353527607e+00 
1.004046264e+00 1.113777778e+00 1.268788344e+00 
1.067136532e+00 1.101333333e+00 1.256134969e+00 
1.020511430e+00 1.009333333e+00 1.060966258e+00 
1.381946327e+00 1.454222222e+00 1.754984663e+00 
1.055450137e+00 1.026222222e+00 1.166219325e+00 
1.020511430e+00 1.000000000e+00 1.000000000e+00 
1.050149092e+00 1.032888889e+00 1.182323620e+00 
1.046213668e+00 1.048000000e+00 1.086464724e+00 
1.000000000e+00 1.149777778e+00 1.182323620e+00 
1.000000000e+00 1.138222222e+00 1.000000000e+00 

1.787958194e+00 1.559111111e+00 1.857361963e+00 
1.723080630e+00 1.563555556e+00 1.882860429e+00 
1.123339658e+00 1.321333333e+00 1.607553681e+00 
1.424113732e+00 1.530222222e+00 1.742331288e+00 
1.107677480e+00 1.274666667e+00 1.497315951e+00 
1.453630915e+00 1.289777778e+00 1.612346626e+00 
1.295021234e+00 1.546222222e+00 1.767829755e+00 
1.107075088e+00 1.380000000e+00 1.619056748e+00 
1.377408512e+00 1.350666667e+00 1.644746933e+00 
1.495477245e+00 1.462222222e+00 1.718558282e+00 
1.050179211e+00 1.342222222e+00 1.463573620e+00 
1.395018222e+00 1.469777778e+00 1.724693252e+00 
1.305442607e+00 1.295111111e+00 1.583780675e+00 
1.371946628e+00 1.569777778e+00 1.772814417e+00 
1.598656667e+00 1.533777778e+00 1.852569018e+00 
1.520496371e+00 1.536888889e+00 1.767829755e+00 
1.161169844e+00 1.176444444e+00 1.392062883e+00 
1.506440770e+00 1.565777778e+00 1.809049080e+00 
1.380259631e+00 1.543555556e+00 1.759969325e+00 
1.072136381e+00 1.307111111e+00 1.573811350e+00 
1.573506822e+00 1.482222222e+00 1.767829755e+00 
1.789566579e+00 1.649777778e+00 1.939033742e+00 
1.253034547e+00 1.146222222e+00 1.375958589e+00 
1.401524050e+00 1.561777778e+00 1.796395706e+00 
1.522905937e+00 1.528444444e+00 1.759969325e+00 
1.553808620e+00 1.499555556e+00 1.772622699e+00 
1.484352881e+00 1.518222222e+00 1.754984663e+00 
1.205746815e+00 1.458222222e+00 1.694018405e+00 
1.118098852e+00 1.450666667e+00 1.634777607e+00 
1.050420168e+00 1.300000000e+00 1.532592025e+00 
1.304358302e+00 1.295555556e+00 1.519746933e+00 
1.181470438e+00 1.246666667e+00 1.463573620e+00 
1.134001988e+00 1.218222222e+00 1.422354294e+00 
1.164603476e+00 1.273333333e+00 1.508819018e+00 
1.159362670e+00 1.272000000e+00 1.497315951e+00 
1.669889461e+00 1.470222222e+00 1.783550613e+00 
1.611156290e+00 1.644888889e+00 1.913535276e+00 
1.280593958e+00 1.482222222e+00 1.703796012e+00 
1.386012470e+00 1.473777778e+00 1.722584356e+00 
1.237171772e+00 1.173777778e+00 1.401457055e+00 
1.344116141e+00 1.288888889e+00 1.553489264e+00 
1.297310322e+00 1.312888889e+00 1.612346626e+00 
1.183940243e+00 1.234222222e+00 1.478527607e+00 
1.021565615e+00 1.287555556e+00 1.458780675e+00 
1.543387247e+00 1.440888889e+00 1.759777607e+00 
1.368693714e+00 1.505777778e+00 1.737538344e+00 
1.025611879e+00 1.230666667e+00 1.435007669e+00 
1.147616036e+00 1.204888889e+00 1.435007669e+00 
1.157555495e+00 1.182666667e+00 1.422354294e+00 
1.535526038e+00 1.437777778e+00 1.722584356e+00 
1.295282070e+00 1.370666667e+00 1.698811350e+00 
1.075780850e+00 1.353777778e+00 1.607553681e+00 
1.049948496e+00 1.204000000e+00 1.417561350e+00 
1.033432728e+00 1.231555556e+00 1.458780675e+00 
1.009337068e+00 1.242222222e+00 1.379026074e+00 
1.061775248e+00 1.184444444e+00 1.348542945e+00 
1.520496371e+00 1.452888889e+00 1.722584356e+00 
1.252311677e+00 1.263555556e+00 1.508819018e+00 
1.843378211e+00 1.773777778e+00 1.943826687e+00 
1.306044999e+00 1.161333333e+00 1.388803681e+00 
1.025611879e+00 1.210222222e+00 1.348542945e+00 
1.203939640e+00 1.181777778e+00 1.497315951e+00 
1.565073341e+00 1.429333333e+00 1.722584356e+00 
1.016013373e+00 1.225333333e+00 1.297354294e+00 
1.004046264e+00 1.113777778e+00 1.268788344e+00 
1.077738622e+00 1.192000000e+00 1.353527607e+00 
1.258606668e+00 1.427555556e+00 1.668519939e+00 
1.016987440e+00 1.239111111e+00 1.366372699e+00 
1.067136532e+00 1.101333333e+00 1.256134969e+00 
1.133158640e+00 1.185333333e+00 1.358320552e+00 
1.000000000e+00 1.138222222e+00 1.000000000e+00 
1.004046264e+00 1.081777778e+00 1.000000000e+00 
1.423029427e+00 1.322222222e+00 1.673312883e+00 
1.021033704e+00 1.182222222e+00 1.342599693e+00 
1.071714707e+00 1.149777778e+00 1.348542945e+00 
1.454032710e+00 1.622222222e+00 1.870015337e+00 
1.345079967e+00 1.262666667e+00 1.583780675e+00 
1.046213668e+00 1.048000000e+00 1.086464724e+00 
1.250022590e+00 1.124888889e+00 1.314992331e+00 
1.000000000e+00 1.149777778e+00 1.182323620e+00 
1.004046264e+00 1.093333333e+00 1.182323620e+00 
1.020511430e+00 1.009333333e+00 1.060966258e+00 
1.596638655e+00 1.715111111e+00 1.939033742e+00 
1.000000000e+00 1.170666667e+00 1.292561350e+00 
1.882533659e+00 1.620888889e+00 1.913535276e+00 
1.050149092e+00 1.032888889e+00 1.182323620e+00 
1.020511430e+00 1.000000000e+00 1.000000000e+00 
1.055450137e+00 1.026222222e+00 1.166219325e+00 

1.517604891e+00 1.661777778e+00 1.870015337e+00 
1.683340863e+00 1.735555556e+00 1.939033742e+00 
1.025611879e+00 1.230666667e+00 1.435007669e+00 
1.546200416e+00 1.548444444e+00 1.833588957e+00 
1.485075751e+00 1.448888889e+00 1.742331288e+00 
1.355561579e+00 1.227111111e+00 1.571127301e+00 
1.249119002e+00 1.304888889e+00 1.571127301e+00 
1.297310322e+00 1.312888889e+00 1.612346626e+00 
1.417668143e+00 1.347111111e+00 1.644746933e+00 
1.084244450e+00 1.327111111e+00 1.494056748e+00 
1.307370260e+00 1.499111111e+00 1.809049080e+00 
1.037578989e+00 1.342222222e+00 1.463573620e+00 
1.611276769e+00 1.637777778e+00 1.870015337e+00 
1.447607000e+00 1.436000000e+00 1.724693252e+00 
1.139202434e+00 1.424000000e+00 1.619056748e+00 
1.596879612e+00 1.651111111e+00 1.884969325e+00 
1.258636788e+00 1.348444444e+00 1.644746933e+00 
1.065540195e+00 1.363111111e+00 1.573811350e+00 
1.307340140e+00 1.356000000e+00 1.681365031e+00 
1.077487425e+00 1.341777778e+00 1.463573620e+00 
1.151692419e+00 1.420000000e+00 1.632093558e+00 
1.695238095e+00 1.805777778e+00 1.943826687e+00 
1.088682269e+00 1.322222222e+00 1.473734663e+00 
1.693382729e+00 1.545333333e+00 1.852569018e+00 
1.134001988e+00 1.218222222e+00 1.422354294e+00 
1.448992500e+00 1.717777778e+00 1.882860429e+00 
1.009276829e+00 1.192000000e+00 1.353527607e+00 
1.433671877e+00 1.346222222e+00 1.639953988e+00 
1.295201952e+00 1.287555556e+00 1.607553681e+00 
1.168880455e+00 1.402222222e+00 1.694018405e+00 
1.456040481e+00 1.652444444e+00 1.857361963e+00 
1.911448450e+00 1.608444444e+00 1.913535276e+00 
1.637962712e+00 1.420888889e+00 1.722584356e+00 
1.021033704e+00 1.182222222e+00 1.342599693e+00 
1.237171772e+00 1.173777778e+00 1.401457055e+00 
1.021565615e+00 1.287555556e+00 1.458780675e+00 
1.253034547e+00 1.146222222e+00 1.375958589e+00 
1.418692208e+00 1.652888889e+00 1.811157975e+00 
1.743260745e+00 1.644444444e+00 1.889762270e+00 
1.061775248e+00 1.184444444e+00 1.348542945e+00 
1.069315382e+00 1.346222222e+00 1.468558282e+00 
1.133158640e+00 1.185333333e+00 1.358320552e+00 
1.161169844e+00 1.176444444e+00 1.392062883e+00 
1.157836812e+00 1.242222222e+00 1.497315951e+00 
1.090087648e+00 1.311555556e+00 1.545245399e+00 
1.071714707e+00 1.356444444e+00 1.497315951e+00 
1.100328303e+00 1.432000000e+00 1.612346626e+00 
1.519412066e+00 1.471111111e+00 1.796395706e+00 
1.522002349e+00 1.746666667e+00 1.926188650e+00 
1.251227373e+00 1.239555556e+00 1.583780675e+00 
1.157555495e+00 1.182666667e+00 1.422354294e+00 
1.306044999e+00 1.161333333e+00 1.388803681e+00 
1.033432728e+00 1.231555556e+00 1.458780675e+00 
1.016987440e+00 1.239111111e+00 1.366372699e+00 
1.724707087e+00 1.585333333e+00 1.882860429e+00 
1.030902684e+00 1.359111111e+00 1.545245399e+00 
1.364597452e+00 1.429333333e+00 1.722584356e+00 
1.343724587e+00 1.473777778e+00 1.754984663e+00 
1.203939640e+00 1.181777778e+00 1.497315951e+00 
1.123339658e+00 1.321333333e+00 1.607553681e+00 
1.659769284e+00 1.710666667e+00 1.926188650e+00 
1.786753411e+00 1.690666667e+00 1.926188650e+00 
1.787958194e+00 1.524888889e+00 1.857361963e+00 
1.004046264e+00 1.093333333e+00 1.182323620e+00 
1.004046264e+00 1.113777778e+00 1.268788344e+00 
1.149724406e+00 1.389777778e+00 1.617331288e+00 
1.049948496e+00 1.204000000e+00 1.417561350e+00 
1.000000000e+00 1.170666667e+00 1.292561350e+00 
1.000000000e+00 1.138222222e+00 1.000000000e+00 
1.009337068e+00 1.242222222e+00 1.379026074e+00 
1.250022590e+00 1.124888889e+00 1.314992331e+00 
1.147616036e+00 1.204888889e+00 1.435007669e+00 
1.000000000e+00 1.149777778e+00 1.182323620e+00 
1.067136532e+00 1.101333333e+00 1.256134969e+00 
1.020511430e+00 1.009333333e+00 1.060966258e+00 
1.071714707e+00 1.149777778e+00 1.348542945e+00 
1.050149092e+00 1.032888889e+00 1.182323620e+00 
1.004046264e+00 1.081777778e+00 1.000000000e+00 
1.020511430e+00 1.000000000e+00 1.000000000e+00 
1.046213668e+00 1.048000000e+00 1.086464724e+00 
1.055450137e+00 1.026222222e+00 1.166219325e+00 

1.268094335e+00 1.293333333e+00 1.558282209e+00 
1.674588115e+00 1.697333333e+00 1.943826687e+00 
1.343593868e+00 1.312888889e+00 1.612346626e+00 
1.253034547e+00 1.146222222e+00 1.375958589e+00 
1.157555495e+00 1.182666667e+00 1.422354294e+00 
1.345079967e+00 1.262666667e+00 1.583780675e+00 
1.130046083e+00 1.450222222e+00 1.634777607e+00 
1.049948496e+00 1.204000000e+00 1.417561350e+00 
1.183940243e+00 1.234222222e+00 1.478527607e+00 
1.547122075e+00 1.530222222e+00 1.783550613e+00 
1.021033704e+00 1.182222222e+00 1.342599693e+00 
1.146611849e+00 1.472000000e+00 1.642829755e+00 
1.513067076e+00 1.716444444e+00 1.939033742e+00 
1.376725400e+00 1.564000000e+00 1.796395706e+00 
1.286969067e+00 1.473777778e+00 1.673312883e+00 
1.160868649e+00 1.318222222e+00 1.527799080e+00 
1.313153218e+00 1.547555556e+00 1.767829755e+00 
1.351626156e+00 1.402666667e+00 1.694018405e+00 
1.075780850e+00 1.353777778e+00 1.607553681e+00 
1.689165989e+00 1.501333333e+00 1.778757669e+00 
1.033432728e+00 1.231555556e+00 1.458780675e+00 
1.342007771e+00 1.394222222e+00 1.663726994e+00 
1.364677570e+00 1.484888889e+00 1.722584356e+00 
1.320833710e+00 1.508888889e+00 1.734087423e+00 
1.513147194e+00 1.434666667e+00 1.698811350e+00 
1.355561579e+00 1.227111111e+00 1.571127301e+00 
1.287471462e+00 1.582222222e+00 1.698811350e+00 
1.453630915e+00 1.289777778e+00 1.612346626e+00 
1.009337068e+00 1.242222222e+00 1.379026074e+00 
1.203939640e+00 1.181777778e+00 1.497315951e+00 
1.050179211e+00 1.342222222e+00 1.463573620e+00 
1.206951598e+00 1.375111111e+00 1.657592025e+00 
1.547856992e+00 1.512000000e+00 1.767829755e+00 
1.344116141e+00 1.288888889e+00 1.553489264e+00 
1.719406042e+00 1.645777778e+00 1.939033742e+00 
1.133158640e+00 1.185333333e+00 1.358320552e+00 
1.455618807e+00 1.534666667e+00 1.777415644e+00 
1.389476221e+00 1.566222222e+00 1.870015337e+00 
1.051685190e+00 1.364444444e+00 1.527799080e+00 
1.392156863e+00 1.378222222e+00 1.681365031e+00 
1.628246137e+00 1.551555556e+00 1.815950920e+00 
1.557724165e+00 1.654666667e+00 1.882860429e+00 
1.540796964e+00 1.542222222e+00 1.809049080e+00 
1.464473962e+00 1.340444444e+00 1.657592025e+00 
1.395530255e+00 1.485333333e+00 1.754984663e+00 
1.434354387e+00 1.447111111e+00 1.747124233e+00 
1.061775248e+00 1.184444444e+00 1.348542945e+00 
1.016987440e+00 1.239111111e+00 1.366372699e+00 
1.134001988e+00 1.218222222e+00 1.422354294e+00 
1.710249691e+00 1.507111111e+00 1.803297546e+00 
1.652540586e+00 1.371555556e+00 1.673312883e+00 
1.009276829e+00 1.192000000e+00 1.353527607e+00 
1.250825578e+00 1.313777778e+00 1.537384969e+00 
1.181470438e+00 1.246666667e+00 1.463573620e+00 
1.147616036e+00 1.204888889e+00 1.435007669e+00 
1.071514111e+00 1.320888889e+00 1.583780675e+00 
1.730008132e+00 1.639111111e+00 1.882860429e+00 
1.021565615e+00 1.287555556e+00 1.458780675e+00 
1.292912864e+00 1.443111111e+00 1.694018405e+00 
1.237171772e+00 1.173777778e+00 1.401457055e+00 
1.051624951e+00 1.314222222e+00 1.502300613e+00 
1.161169844e+00 1.176444444e+00 1.392062883e+00 
1.115067016e+00 1.257333333e+00 1.478527607e+00 
1.200024096e+00 1.302222222e+00 1.524539877e+00 
1.730731002e+00 1.519555556e+00 1.839723926e+00 
1.734947743e+00 1.516444444e+00 1.815950920e+00 
1.123339658e+00 1.321333333e+00 1.607553681e+00 
1.000000000e+00 1.170666667e+00 1.292561350e+00 
1.025611879e+00 1.230666667e+00 1.435007669e+00 
1.107677480e+00 1.274666667e+00 1.497315951e+00 
1.071714707e+00 1.149777778e+00 1.348542945e+00 
1.067136532e+00 1.101333333e+00 1.256134969e+00 
1.000000000e+00 1.138222222e+00 1.000000000e+00 
1.111452667e+00 1.263555556e+00 1.508819018e+00 
1.004046264e+00 1.081777778e+00 1.000000000e+00 
1.004046264e+00 1.113777778e+00 1.268788344e+00 
1.353332731e+00 1.590666667e+00 1.783550613e+00 
1.250022590e+00 1.124888889e+00 1.314992331e+00 
1.004046264e+00 1.093333333e+00 1.182323620e+00 
1.046213668e+00 1.048000000e+00 1.086464724e+00 
1.020511430e+00 1.009333333e+00 1.060966258e+00 
1.050149092e+00 1.032888889e+00 1.182323620e+00 
1.306044999e+00 1.161333333e+00 1.388803681e+00 
1.055450137e+00 1.026222222e+00 1.166219325e+00 
1.000000000e+00 1.149777778e+00 1.182323620e+00 
1.020511430e+00 1.000000000e+00 1.000000000e+00 

1.666275112e+00 1.375555556e+00 1.686157975e+00 
1.535526038e+00 1.437777778e+00 1.722584356e+00 
1.369537062e+00 1.512000000e+00 1.686349693e+00 
1.442366194e+00 1.434666667e+00 1.716449387e+00 
1.157836812e+00 1.262666667e+00 1.583780675e+00 
1.085991386e+00 1.319111111e+00 1.519746933e+00 
1.415860968e+00 1.618666667e+00 1.824003067e+00 
1.357659709e+00 1.456444444e+00 1.681365031e+00 
1.356043493e+00 1.415555556e+00 1.663726994e+00 
1.471220746e+00 1.496444444e+00 1.796395706e+00 
1.516882022e+00 1.450222222e+00 1.729486196e+00 
1.555435077e+00 1.432888889e+00 1.722584356e+00 
1.085087799e+00 1.338222222e+00 1.514953988e+00 
1.206349206e+00 1.464000000e+00 1.668519939e+00 
1.695310382e+00 1.576444444e+00 1.815950920e+00 
1.276166381e+00 1.554666667e+00 1.759777607e+00 
1.445197434e+00 1.523111111e+00 1.767829755e+00 
1.447185326e+00 1.592000000e+00 1.811157975e+00 
1.550615945e+00 1.640888889e+00 1.865222393e+00 
1.553627903e+00 1.619555556e+00 1.828796012e+00 
1.581940303e+00 1.463111111e+00 1.734087423e+00 
1.320622873e+00 1.353777778e+00 1.607553681e+00 
1.545314900e+00 1.493333333e+00 1.737538344e+00 
1.053331526e+00 1.323111111e+00 1.468558282e+00 
1.643384235e+00 1.602666667e+00 1.870015337e+00 
1.519291588e+00 1.387555556e+00 1.668519939e+00 
1.405138399e+00 1.417777778e+00 1.675038344e+00 
1.336164573e+00 1.468000000e+00 1.681365031e+00 
1.376896479e+00 1.440000000e+00 1.716641104e+00 
1.256648896e+00 1.498666667e+00 1.673312883e+00 
1.090087648e+00 1.311555556e+00 1.545245399e+00 
1.453510436e+00 1.399555556e+00 1.694018405e+00 
1.456642872e+00 1.497333333e+00 1.729486196e+00 
1.072166501e+00 1.349777778e+00 1.514953988e+00 
1.880124093e+00 1.532888889e+00 1.852569018e+00 
1.490497274e+00 1.333777778e+00 1.627300613e+00 
1.083581820e+00 1.300444444e+00 1.497315951e+00 
1.037578989e+00 1.342222222e+00 1.463573620e+00 
1.373392368e+00 1.353777778e+00 1.657592025e+00 
1.074726665e+00 1.343111111e+00 1.508819018e+00 
1.030902684e+00 1.359111111e+00 1.545245399e+00 
1.009276829e+00 1.192000000e+00 1.353527607e+00 
1.016987440e+00 1.239111111e+00 1.366372699e+00 
1.349658143e+00 1.329333333e+00 1.593558282e+00 
1.086322701e+00 1.368444444e+00 1.556365031e+00 
1.021033704e+00 1.182222222e+00 1.342599693e+00 
1.412115900e+00 1.498666667e+00 1.722584356e+00 
1.157555495e+00 1.182666667e+00 1.422354294e+00 
1.386203428e+00 1.582666667e+00 1.759969325e+00 
1.134001988e+00 1.218222222e+00 1.422354294e+00 
1.021565615e+00 1.287555556e+00 1.458780675e+00 
1.033432728e+00 1.231555556e+00 1.458780675e+00 
1.161169844e+00 1.176444444e+00 1.392062883e+00 
1.667118460e+00 1.587111111e+00 1.828796012e+00 
1.067136532e+00 1.101333333e+00 1.256134969e+00 
1.004046264e+00 1.113777778e+00 1.268788344e+00 
1.453630915e+00 1.289777778e+00 1.612346626e+00 
1.237171772e+00 1.173777778e+00 1.401457055e+00 
1.203939640e+00 1.181777778e+00 1.497315951e+00 
1.582060781e+00 1.626222222e+00 1.943826687e+00 
1.133158640e+00 1.185333333e+00 1.358320552e+00 
1.458972320e+00 1.533777778e+00 1.809049080e+00 
1.025611879e+00 1.230666667e+00 1.435007669e+00 
1.685955242e+00 1.511111111e+00 1.803297546e+00 
1.378813891e+00 1.484444444e+00 1.721242331e+00 
1.747597964e+00 1.542666667e+00 1.839723926e+00 
1.000000000e+00 1.138222222e+00 1.000000000e+00 
1.117677178e+00 1.388000000e+00 1.660276074e+00 
1.061775248e+00 1.184444444e+00 1.348542945e+00 
1.147616036e+00 1.204888889e+00 1.435007669e+00 
1.009337068e+00 1.242222222e+00 1.379026074e+00 
1.181470438e+00 1.246666667e+00 1.463573620e+00 
1.589367790e+00 1.624444444e+00 1.852569018e+00 
1.004046264e+00 1.081777778e+00 1.000000000e+00 
1.306044999e+00 1.161333333e+00 1.388803681e+00 
1.614650161e+00 1.443555556e+00 1.754984663e+00 
1.049948496e+00 1.204000000e+00 1.417561350e+00 
1.071714707e+00 1.149777778e+00 1.348542945e+00 
1.250022590e+00 1.124888889e+00 1.314992331e+00 
1.253034547e+00 1.146222222e+00 1.375958589e+00 
1.004046264e+00 1.093333333e+00 1.182323620e+00 
1.055450137e+00 1.026222222e+00 1.166219325e+00 
1.075288696e+00 1.304000000e+00 1.478527607e+00 
1.020511430e+00 1.000000000e+00 1.000000000e+00 
1.050149092e+00 1.032888889e+00 1.182323620e+00 
1.020511430e+00 1.009333333e+00 1.060966258e+00 
1.000000000e+00 1.170666667e+00 1.292561350e+00 
1.046213668e+00 1.048000000e+00 1.086464724e+00 
1.000000000e+00 1.149777778e+00 1.182323620e+00 

1.548206379e+00 1.375111111e+00 1.668519939e+00 
1.311707479e+00 1.477333333e+00 1.681365031e+00 
1.540676486e+00 1.650222222e+00 1.870015337e+00 
1.252311677e+00 1.263555556e+00 1.508819018e+00 
1.786753411e+00 1.439111111e+00 1.729486196e+00 
1.376042890e+00 1.289777778e+00 1.612346626e+00 
1.275824825e+00 1.521333333e+00 1.694018405e+00 
1.915062799e+00 1.599111111e+00 1.913535276e+00 
1.030842445e+00 1.308888889e+00 1.519746933e+00 
1.432828529e+00 1.572444444e+00 1.778757669e+00 
1.343593868e+00 1.312888889e+00 1.612346626e+00 
1.435559170e+00 1.647111111e+00 1.857361963e+00 
1.050420168e+00 1.300000000e+00 1.532592025e+00 
1.133881510e+00 1.336000000e+00 1.556365031e+00 
1.161169844e+00 1.176444444e+00 1.392062883e+00 
1.496400711e+00 1.564000000e+00 1.796395706e+00 
1.370350291e+00 1.499555556e+00 1.694018405e+00 
1.507745550e+00 1.681333333e+00 1.865222393e+00 
1.268034095e+00 1.441333333e+00 1.668519939e+00 
1.637360320e+00 1.600000000e+00 1.889762270e+00 
1.298213909e+00 1.347555556e+00 1.644746933e+00 
1.219300623e+00 1.359555556e+00 1.588765337e+00 
1.342188488e+00 1.395555556e+00 1.668519939e+00 
1.255243517e+00 1.408888889e+00 1.644746933e+00 
1.569741875e+00 1.580888889e+00 1.865222393e+00 
1.225926930e+00 1.476888889e+00 1.639953988e+00 
1.508328062e+00 1.553333333e+00 1.828796012e+00 
1.193518268e+00 1.295111111e+00 1.583780675e+00 
1.388492515e+00 1.522666667e+00 1.734087423e+00 
1.525014307e+00 1.667555556e+00 1.870015337e+00 
1.383723382e+00 1.451111111e+00 1.722584356e+00 
1.107677480e+00 1.274666667e+00 1.497315951e+00 
1.716273606e+00 1.641333333e+00 1.943826687e+00 
1.610734616e+00 1.524444444e+00 1.777415644e+00 
1.253034547e+00 1.146222222e+00 1.375958589e+00 
1.438059095e+00 1.440444444e+00 1.742331288e+00 
1.337610313e+00 1.422222222e+00 1.681365031e+00 
1.177223578e+00 1.363111111e+00 1.588765337e+00 
1.049948496e+00 1.204000000e+00 1.417561350e+00 
1.505838378e+00 1.524888889e+00 1.809049080e+00 
1.160266257e+00 1.472888889e+00 1.606211656e+00 
1.268094335e+00 1.293333333e+00 1.558282209e+00 
1.656486250e+00 1.533777778e+00 1.852569018e+00 
1.454353785e+00 1.557333333e+00 1.778757669e+00 
1.418571730e+00 1.592888889e+00 1.750191718e+00 
1.209963555e+00 1.455555556e+00 1.606211656e+00 
1.349597904e+00 1.551111111e+00 1.721242331e+00 
1.488147947e+00 1.539111111e+00 1.778757669e+00 
1.261799343e+00 1.386222222e+00 1.606211656e+00 
1.438571127e+00 1.552444444e+00 1.754984663e+00 
1.341134303e+00 1.504888889e+00 1.716449387e+00 
1.453470076e+00 1.479555556e+00 1.774731595e+00 
1.090087648e+00 1.311555556e+00 1.545245399e+00 
1.280322882e+00 1.239555556e+00 1.583780675e+00 
1.009337068e+00 1.242222222e+00 1.379026074e+00 
1.157555495e+00 1.182666667e+00 1.422354294e+00 
1.237171772e+00 1.173777778e+00 1.401457055e+00 
1.503027017e+00 1.395111111e+00 1.668519939e+00 
1.009276829e+00 1.192000000e+00 1.353527607e+00 
1.470678594e+00 1.433777778e+00 1.684815951e+00 
1.181470438e+00 1.246666667e+00 1.463573620e+00 
1.203939640e+00 1.181777778e+00 1.497315951e+00 
1.450739436e+00 1.457777778e+00 1.747124233e+00 
1.601397548e+00 1.696888889e+00 1.882860429e+00 
1.016987440e+00 1.239111111e+00 1.366372699e+00 
1.159362670e+00 1.272000000e+00 1.497315951e+00 
1.778319930e+00 1.524000000e+00 1.857361963e+00 
1.910846059e+00 1.600000000e+00 1.913535276e+00 
1.525917894e+00 1.342222222e+00 1.614455521e+00 
1.000000000e+00 1.149777778e+00 1.182323620e+00 
1.021033704e+00 1.182222222e+00 1.342599693e+00 
1.021565615e+00 1.287555556e+00 1.458780675e+00 
1.000000000e+00 1.170666667e+00 1.292561350e+00 
1.306044999e+00 1.161333333e+00 1.388803681e+00 
1.061775248e+00 1.184444444e+00 1.348542945e+00 
1.134001988e+00 1.218222222e+00 1.422354294e+00 
1.477124183e+00 1.416444444e+00 1.686157975e+00 
1.067136532e+00 1.101333333e+00 1.256134969e+00 
1.004046264e+00 1.093333333e+00 1.182323620e+00 
1.033432728e+00 1.231555556e+00 1.458780675e+00 
1.432045420e+00 1.648000000e+00 1.811157975e+00 
1.147616036e+00 1.204888889e+00 1.435007669e+00 
1.250022590e+00 1.124888889e+00 1.314992331e+00 
1.071714707e+00 1.149777778e+00 1.348542945e+00 
1.025611879e+00 1.230666667e+00 1.435007669e+00 
1.004046264e+00 1.113777778e+00 1.268788344e+00 
1.372639378e+00 1.453333333e+00 1.694018405e+00 
1.000000000e+00 1.138222222e+00 1.000000000e+00 
1.004046264e+00 1.081777778e+00 1.000000000e+00 
1.427246167e+00 1.420888889e+00 1.681365031e+00 
1.020511430e+00 1.000000000e+00 1.000000000e+00 
1.046213668e+00 1.048000000e+00 1.086464724e+00 
1.050149092e+00 1.032888889e+00 1.182323620e+00 
1.055450137e+00 1.026222222e+00 1.166219325e+00 
1.020511430e+00 1.009333333e+00 1.060966258e+00 

1.644468540e+00 1.636888889e+00 1.833588957e+00 
1.544110117e+00 1.359555556e+00 1.668519939e+00 
1.396173007e+00 1.470222222e+00 1.767829755e+00 
1.280322882e+00 1.239555556e+00 1.583780675e+00 
1.077487425e+00 1.362666667e+00 1.573811350e+00 
1.059184964e+00 1.317777778e+00 1.494056748e+00 
1.127636517e+00 1.431555556e+00 1.612346626e+00 
1.025611879e+00 1.230666667e+00 1.435007669e+00 
1.773500798e+00 1.648444444e+00 1.865222393e+00 
1.386765459e+00 1.411555556e+00 1.657592025e+00 
1.600493961e+00 1.639111111e+00 1.824003067e+00 
1.654227282e+00 1.494666667e+00 1.857361963e+00 
1.546881118e+00 1.458222222e+00 1.759777607e+00 
1.324116743e+00 1.396444444e+00 1.632093558e+00 
1.602752929e+00 1.649333333e+00 1.884969325e+00 
1.327429897e+00 1.441333333e+00 1.668519939e+00 
1.309177434e+00 1.381333333e+00 1.630176380e+00 
1.550013554e+00 1.483111111e+00 1.783550613e+00 
1.055851932e+00 1.337777778e+00 1.491180982e+00 
1.074726665e+00 1.343111111e+00 1.508819018e+00 
1.263074606e+00 1.385777778e+00 1.612346626e+00 
1.222342701e+00 1.424888889e+00 1.619056748e+00 
1.129142496e+00 1.469333333e+00 1.629984663e+00 
1.151732177e+00 1.405777778e+00 1.612346626e+00 
1.055691094e+00 1.314666667e+00 1.481403374e+00 
1.382046926e+00 1.636888889e+00 1.767829755e+00 
1.054817626e+00 1.272888889e+00 1.439992331e+00 
1.613264661e+00 1.685777778e+00 1.926188650e+00 
1.297310322e+00 1.312888889e+00 1.612346626e+00 
1.009337068e+00 1.242222222e+00 1.379026074e+00 
1.818680160e+00 1.627555556e+00 1.865222393e+00 
1.302671606e+00 1.436888889e+00 1.630176380e+00 
1.066935936e+00 1.272444444e+00 1.491372699e+00 
1.606969670e+00 1.598222222e+00 1.824003067e+00 
1.634547152e+00 1.632000000e+00 1.828796012e+00 
1.404355291e+00 1.380888889e+00 1.686157975e+00 
1.107707599e+00 1.382222222e+00 1.607553681e+00 
1.559169905e+00 1.652888889e+00 1.870015337e+00 
1.157836812e+00 1.262666667e+00 1.583780675e+00 
1.453630915e+00 1.289777778e+00 1.612346626e+00 
1.432828529e+00 1.362222222e+00 1.657592025e+00 
1.346555827e+00 1.426666667e+00 1.663726994e+00 
1.513388151e+00 1.377333333e+00 1.673312883e+00 
1.803017981e+00 1.720000000e+00 1.943826687e+00 
1.056203126e+00 1.356888889e+00 1.497315951e+00 
1.237171772e+00 1.173777778e+00 1.401457055e+00 
1.385450438e+00 1.448444444e+00 1.681365031e+00 
1.030902684e+00 1.359111111e+00 1.545245399e+00 
1.605029969e+00 1.481777778e+00 1.796395706e+00 
1.071514111e+00 1.300444444e+00 1.497315951e+00 
1.715038704e+00 1.771555556e+00 1.943826687e+00 
1.295201952e+00 1.287555556e+00 1.607553681e+00 
1.670371374e+00 1.653777778e+00 1.926188650e+00 
1.161169844e+00 1.176444444e+00 1.392062883e+00 
1.625914882e+00 1.446222222e+00 1.698811350e+00 
1.089906931e+00 1.260444444e+00 1.441334356e+00 
1.021565615e+00 1.287555556e+00 1.458780675e+00 
1.065931749e+00 1.272000000e+00 1.439992331e+00 
1.167394356e+00 1.452444444e+00 1.722584356e+00 
1.308454565e+00 1.417333333e+00 1.647622699e+00 
1.519412066e+00 1.484000000e+00 1.796395706e+00 
1.021033704e+00 1.182222222e+00 1.342599693e+00 
1.511952652e+00 1.591111111e+00 1.796395706e+00 
1.147616036e+00 1.204888889e+00 1.435007669e+00 
1.306044999e+00 1.161333333e+00 1.388803681e+00 
1.111452667e+00 1.263555556e+00 1.508819018e+00 
1.016987440e+00 1.239111111e+00 1.366372699e+00 
1.134001988e+00 1.218222222e+00 1.422354294e+00 
1.181470438e+00 1.246666667e+00 1.463573620e+00 
1.133158640e+00 1.185333333e+00 1.358320552e+00 
1.090087648e+00 1.311555556e+00 1.545245399e+00 
1.004046264e+00 1.113777778e+00 1.268788344e+00 
1.061775248e+00 1.184444444e+00 1.348542945e+00 
1.085991386e+00 1.319111111e+00 1.519746933e+00 
1.648203367e+00 1.420888889e+00 1.688266871e+00 
1.203939640e+00 1.181777778e+00 1.497315951e+00 
1.049948496e+00 1.204000000e+00 1.417561350e+00 
1.234842324e+00 1.365333333e+00 1.593558282e+00 
1.071714707e+00 1.149777778e+00 1.348542945e+00 
1.004046264e+00 1.093333333e+00 1.182323620e+00 
1.253034547e+00 1.146222222e+00 1.375958589e+00 
1.004046264e+00 1.081777778e+00 1.000000000e+00 
1.067136532e+00 1.101333333e+00 1.256134969e+00 
1.446101021e+00 1.664888889e+00 1.824003067e+00 
1.009276829e+00 1.192000000e+00 1.353527607e+00 
1.000000000e+00 1.138222222e+00 1.000000000e+00 
1.157555495e+00 1.182666667e+00 1.422354294e+00 
1.250022590e+00 1.124888889e+00 1.314992331e+00 
1.000000000e+00 1.170666667e+00 1.292561350e+00 
1.046213668e+00 1.048000000e+00 1.086464724e+00 
1.020511430e+00 1.009333333e+00 1.060966258e+00 
1.000000000e+00 1.149777778e+00 1.182323620e+00 
1.020511430e+00 1.000000000e+00 1.000000000e+00 
1.055450137e+00 1.026222222e+00 1.166219325e+00 
1.050149092e+00 1.032888889e+00 1.182323620e+00 

1.750609921e+00 1.732444444e+00 1.943826687e+00 
1.307069064e+00 1.480888889e+00 1.716449387e+00 
1.276045902e+00 1.357777778e+00 1.617331288e+00 
1.664317340e+00 1.677333333e+00 1.926188650e+00 
2.000000000e+00 1.607555556e+00 1.889762270e+00 
1.053331526e+00 1.323111111e+00 1.468558282e+00 
1.365862474e+00 1.442222222e+00 1.734087423e+00 
1.075780850e+00 1.353777778e+00 1.607553681e+00 
1.527303394e+00 1.614222222e+00 1.851226994e+00 
1.485135990e+00 1.507555556e+00 1.809049080e+00 
1.275242914e+00 1.426666667e+00 1.703796012e+00 
1.288876841e+00 1.250222222e+00 1.571127301e+00 
1.090188247e+00 1.346666667e+00 1.583780675e+00 
1.367860607e+00 1.379111111e+00 1.694018405e+00 
1.818481371e+00 1.684000000e+00 1.939033742e+00 
1.372036987e+00 1.544444444e+00 1.742331288e+00 
1.021565615e+00 1.287555556e+00 1.458780675e+00 
1.193518268e+00 1.295111111e+00 1.583780675e+00 
1.506761845e+00 1.354666667e+00 1.627300613e+00 
1.253436342e+00 1.428000000e+00 1.639953988e+00 
1.051685190e+00 1.364444444e+00 1.527799080e+00 
1.724556489e+00 1.773777778e+00 1.943826687e+00 
1.311315924e+00 1.412444444e+00 1.629984663e+00 
1.716273606e+00 1.499111111e+00 1.778757669e+00 
1.134001988e+00 1.218222222e+00 1.422354294e+00 
1.009276829e+00 1.192000000e+00 1.353527607e+00 
1.323514352e+00 1.378666667e+00 1.681365031e+00 
1.497786211e+00 1.390666667e+00 1.698811350e+00 
1.315442306e+00 1.352000000e+00 1.593558282e+00 
1.515677239e+00 1.423111111e+00 1.759777607e+00 
1.203939640e+00 1.181777778e+00 1.497315951e+00 
1.578928346e+00 1.637333333e+00 1.852569018e+00 
1.060269269e+00 1.363111111e+00 1.573811350e+00 
1.049948496e+00 1.204000000e+00 1.417561350e+00 
1.472104455e+00 1.548000000e+00 1.772622699e+00 
1.243546881e+00 1.447111111e+00 1.629984663e+00 
1.345079967e+00 1.262666667e+00 1.583780675e+00 
1.409013584e+00 1.512000000e+00 1.767829755e+00 
1.306868468e+00 1.420000000e+00 1.642829755e+00 
1.078973525e+00 1.312444444e+00 1.545245399e+00 
1.521660793e+00 1.673333333e+00 1.865222393e+00 
1.557043463e+00 1.552000000e+00 1.833588957e+00 
1.181470438e+00 1.246666667e+00 1.463573620e+00 
1.578928346e+00 1.377333333e+00 1.673312883e+00 
1.455920002e+00 1.467555556e+00 1.767829755e+00 
1.075780850e+00 1.332888889e+00 1.497315951e+00 
1.009337068e+00 1.242222222e+00 1.379026074e+00 
1.147616036e+00 1.204888889e+00 1.435007669e+00 
1.503027017e+00 1.641777778e+00 1.824003067e+00 
1.116743472e+00 1.392000000e+00 1.619056748e+00 
1.183940243e+00 1.234222222e+00 1.478527607e+00 
1.517484413e+00 1.365777778e+00 1.657592025e+00 
1.376042890e+00 1.345333333e+00 1.612346626e+00 
1.145507665e+00 1.462666667e+00 1.647622699e+00 
1.033432728e+00 1.231555556e+00 1.458780675e+00 
1.237171772e+00 1.173777778e+00 1.401457055e+00 
1.025611879e+00 1.230666667e+00 1.435007669e+00 
1.075288696e+00 1.304000000e+00 1.478527607e+00 
1.021033704e+00 1.182222222e+00 1.342599693e+00 
1.380711424e+00 1.330222222e+00 1.607553681e+00 
1.104123370e+00 1.306666667e+00 1.497315951e+00 
1.365681757e+00 1.643555556e+00 1.809049080e+00 
1.157555495e+00 1.182666667e+00 1.422354294e+00 
1.703322189e+00 1.715111111e+00 1.939033742e+00 
1.600915635e+00 1.631555556e+00 1.913535276e+00 
1.447727478e+00 1.360444444e+00 1.632093558e+00 
1.016987440e+00 1.239111111e+00 1.366372699e+00 
1.468811180e+00 1.567111111e+00 1.772814417e+00 
1.253034547e+00 1.146222222e+00 1.375958589e+00 
1.306044999e+00 1.161333333e+00 1.388803681e+00 
1.061775248e+00 1.184444444e+00 1.348542945e+00 
1.396604319e+00 1.581777778e+00 1.778757669e+00 
1.453630915e+00 1.289777778e+00 1.612346626e+00 
1.594168850e+00 1.640000000e+00 1.865222393e+00 
1.133158640e+00 1.185333333e+00 1.358320552e+00 
1.675913376e+00 1.375111111e+00 1.688266871e+00 
1.090087648e+00 1.311555556e+00 1.545245399e+00 
1.673503810e+00 1.589777778e+00 1.839723926e+00 
1.004046264e+00 1.081777778e+00 1.000000000e+00 
1.004046264e+00 1.093333333e+00 1.182323620e+00 
1.111452667e+00 1.263555556e+00 1.508819018e+00 
1.161169844e+00 1.176444444e+00 1.392062883e+00 
1.000000000e+00 1.170666667e+00 1.292561350e+00 
1.071714707e+00 1.149777778e+00 1.348542945e+00 
1.004046264e+00 1.113777778e+00 1.268788344e+00 
1.250022590e+00 1.124888889e+00 1.314992331e+00 
1.067136532e+00 1.101333333e+00 1.256134969e+00 
1.000000000e+00 1.138222222e+00 1.000000000e+00 
1.000000000e+00 1.149777778e+00 1.182323620e+00 
1.020511430e+00 1.009333333e+00 1.060966258e+00 
1.055450137e+00 1.026222222e+00 1.166219325e+00 
1.046213668e+00 1.048000000e+00 1.086464724e+00 
1.050149092e+00 1.032888889e+00 1.182323620e+00 
1.020511430e+00 1.000000000e+00 1.000000000e+00 

1.153790548e+00 1.319555556e+00 1.607553681e+00 
1.492906840e+00 1.318666667e+00 1.614455521e+00 
1.378572935e+00 1.447555556e+00 1.724693252e+00 
1.320201199e+00 1.520888889e+00 1.737538344e+00 
1.663986025e+00 1.463111111e+00 1.729486196e+00 
1.424113732e+00 1.401333333e+00 1.673312883e+00 
1.274720641e+00 1.425333333e+00 1.634777607e+00 
1.253034547e+00 1.146222222e+00 1.375958589e+00 
1.545796813e+00 1.652888889e+00 1.809049080e+00 
1.051624951e+00 1.314222222e+00 1.502300613e+00 
1.586638957e+00 1.486666667e+00 1.754984663e+00 
1.075780850e+00 1.353777778e+00 1.607553681e+00 
1.346706425e+00 1.417777778e+00 1.668519939e+00 
1.597783199e+00 1.659111111e+00 1.870015337e+00 
1.411343032e+00 1.517777778e+00 1.783550613e+00 
1.516882022e+00 1.389777778e+00 1.673312883e+00 
1.348784675e+00 1.328888889e+00 1.668519939e+00 
1.226228126e+00 1.608444444e+00 1.663726994e+00 
1.663835427e+00 1.535111111e+00 1.798504601e+00 
1.133158640e+00 1.185333333e+00 1.358320552e+00 
1.558567513e+00 1.618222222e+00 1.833588957e+00 
1.295201952e+00 1.287555556e+00 1.607553681e+00 
1.454112828e+00 1.432888889e+00 1.694018405e+00 
1.203939640e+00 1.181777778e+00 1.497315951e+00 
1.355561579e+00 1.227111111e+00 1.571127301e+00 
1.009337068e+00 1.242222222e+00 1.379026074e+00 
1.618939189e+00 1.624444444e+00 1.926188650e+00 
1.247161230e+00 1.451111111e+00 1.722584356e+00 
1.049948496e+00 1.204000000e+00 1.417561350e+00 
1.393692961e+00 1.554666667e+00 1.754984663e+00 
1.438872323e+00 1.685777778e+00 1.870015337e+00 
1.506942562e+00 1.684444444e+00 1.809049080e+00 
1.142977621e+00 1.448444444e+00 1.642829755e+00 
1.291768320e+00 1.417777778e+00 1.657592025e+00 
1.540977681e+00 1.489777778e+00 1.759777607e+00 
1.461462004e+00 1.445333333e+00 1.724693252e+00 
1.499412668e+00 1.466222222e+00 1.742331288e+00 
1.061775248e+00 1.184444444e+00 1.348542945e+00 
1.704677570e+00 1.610666667e+00 1.839723926e+00 
1.223818560e+00 1.368888889e+00 1.612346626e+00 
1.544230595e+00 1.419111111e+00 1.686157975e+00 
1.093521279e+00 1.348444444e+00 1.555023006e+00 
1.483951086e+00 1.508000000e+00 1.729486196e+00 
1.212071926e+00 1.302222222e+00 1.524539877e+00 
1.228035300e+00 1.293333333e+00 1.558282209e+00 
1.547603988e+00 1.377333333e+00 1.673312883e+00 
1.078973525e+00 1.312444444e+00 1.545245399e+00 
1.021565615e+00 1.287555556e+00 1.458780675e+00 
1.147616036e+00 1.204888889e+00 1.435007669e+00 
1.592982139e+00 1.564444444e+00 1.803297546e+00 
1.577723563e+00 1.431555556e+00 1.694018405e+00 
1.173097196e+00 1.454666667e+00 1.660276074e+00 
1.695792295e+00 1.661777778e+00 1.943826687e+00 
1.276568176e+00 1.339555556e+00 1.644746933e+00 
1.025611879e+00 1.230666667e+00 1.435007669e+00 
1.585675130e+00 1.436444444e+00 1.718558282e+00 
1.033432728e+00 1.231555556e+00 1.458780675e+00 
1.594590524e+00 1.495555556e+00 1.796395706e+00 
1.134001988e+00 1.218222222e+00 1.422354294e+00 
1.016987440e+00 1.239111111e+00 1.366372699e+00 
1.709647300e+00 1.559555556e+00 1.857361963e+00 
1.251227373e+00 1.239555556e+00 1.583780675e+00 
1.181470438e+00 1.246666667e+00 1.463573620e+00 
1.306044999e+00 1.161333333e+00 1.388803681e+00 
1.067136532e+00 1.101333333e+00 1.256134969e+00 
1.004046264e+00 1.081777778e+00 1.000000000e+00 
1.071714707e+00 1.149777778e+00 1.348542945e+00 
1.157555495e+00 1.182666667e+00 1.422354294e+00 
1.021033704e+00 1.182222222e+00 1.342599693e+00 
1.000000000e+00 1.170666667e+00 1.292561350e+00 
1.237171772e+00 1.173777778e+00 1.401457055e+00 
1.161169844e+00 1.176444444e+00 1.392062883e+00 
1.159362670e+00 1.272000000e+00 1.497315951e+00 
1.009276829e+00 1.192000000e+00 1.353527607e+00 
1.546881118e+00 1.565333333e+00 1.809049080e+00 
1.004046264e+00 1.093333333e+00 1.182323620e+00 
1.000000000e+00 1.149777778e+00 1.182323620e+00 
1.250022590e+00 1.124888889e+00 1.314992331e+00 
1.004046264e+00 1.113777778e+00 1.268788344e+00 
1.000000000e+00 1.138222222e+00 1.000000000e+00 
1.020511430e+00 1.000000000e+00 1.000000000e+00 
1.503508930e+00 1.436000000e+00 1.713765337e+00 
1.050149092e+00 1.032888889e+00 1.182323620e+00 
1.020511430e+00 1.009333333e+00 1.060966258e+00 
1.046213668e+00 1.048000000e+00 1.086464724e+00 
1.055450137e+00 1.026222222e+00 1.166219325e+00 

1.535526038e+00 1.437777778e+00 1.722584356e+00 
1.021565615e+00 1.287555556e+00 1.458780675e+00 
1.516400108e+00 1.362222222e+00 1.668519939e+00 
1.153790548e+00 1.319555556e+00 1.607553681e+00 
1.465799223e+00 1.316000000e+00 1.612346626e+00 
1.308635282e+00 1.330666667e+00 1.657592025e+00 
1.565073341e+00 1.427111111e+00 1.722584356e+00 
1.455598928e+00 1.744444444e+00 1.884969325e+00 
1.491581579e+00 1.588444444e+00 1.824003067e+00 
1.047980483e+00 1.267555556e+00 1.468558282e+00 
1.111472546e+00 1.377333333e+00 1.607553681e+00 
1.307370260e+00 1.499111111e+00 1.809049080e+00 
1.409897292e+00 1.413777778e+00 1.686157975e+00 
1.410379205e+00 1.386666667e+00 1.681365031e+00 
1.392036384e+00 1.416000000e+00 1.668519939e+00 
1.131953857e+00 1.448888889e+00 1.694018405e+00 
1.298213909e+00 1.380000000e+00 1.612346626e+00 
1.508569019e+00 1.642222222e+00 1.943826687e+00 
1.104123370e+00 1.306666667e+00 1.497315951e+00 
1.082497515e+00 1.415555556e+00 1.575920245e+00 
1.557826571e+00 1.564444444e+00 1.857361963e+00 
1.078220536e+00 1.367555556e+00 1.545245399e+00 
1.203939640e+00 1.181777778e+00 1.497315951e+00 
1.558567513e+00 1.497777778e+00 1.747124233e+00 
1.009337068e+00 1.242222222e+00 1.379026074e+00 
1.133881510e+00 1.336000000e+00 1.556365031e+00 
1.435840487e+00 1.383555556e+00 1.718558282e+00 
1.133158640e+00 1.185333333e+00 1.358320552e+00 
1.033432728e+00 1.231555556e+00 1.458780675e+00 
1.500617451e+00 1.312888889e+00 1.612346626e+00 
1.074726665e+00 1.343111111e+00 1.508819018e+00 
1.244119153e+00 1.442222222e+00 1.624041411e+00 
1.701213819e+00 1.563555556e+00 1.870015337e+00 
1.159222313e+00 1.436000000e+00 1.617331288e+00 
1.081051776e+00 1.368444444e+00 1.556365031e+00 
1.066433541e+00 1.365777778e+00 1.532592025e+00 
1.049948496e+00 1.204000000e+00 1.417561350e+00 
1.078973525e+00 1.312444444e+00 1.545245399e+00 
1.066935936e+00 1.272444444e+00 1.491372699e+00 
1.698484985e+00 1.639111111e+00 1.884969325e+00 
1.155447125e+00 1.452888889e+00 1.722584356e+00 
1.295201952e+00 1.287555556e+00 1.607553681e+00 
1.258606668e+00 1.427555556e+00 1.668519939e+00 
1.253034547e+00 1.146222222e+00 1.375958589e+00 
1.511099063e+00 1.641777778e+00 1.828796012e+00 
1.181470438e+00 1.246666667e+00 1.463573620e+00 
1.198216921e+00 1.234222222e+00 1.478527607e+00 
1.608445529e+00 1.454666667e+00 1.809049080e+00 
1.159362670e+00 1.272000000e+00 1.497315951e+00 
1.051624951e+00 1.314222222e+00 1.502300613e+00 
1.021033704e+00 1.182222222e+00 1.342599693e+00 
1.255293515e+00 1.432888889e+00 1.694018405e+00 
1.251227373e+00 1.239555556e+00 1.583780675e+00 
1.157555495e+00 1.182666667e+00 1.422354294e+00 
1.025611879e+00 1.230666667e+00 1.435007669e+00 
1.388572633e+00 1.324888889e+00 1.644746933e+00 
1.009276829e+00 1.192000000e+00 1.353527607e+00 
1.147616036e+00 1.204888889e+00 1.435007669e+00 
1.134001988e+00 1.218222222e+00 1.422354294e+00 
1.164603476e+00 1.273333333e+00 1.508819018e+00 
1.237171772e+00 1.173777778e+00 1.401457055e+00 
1.306044999e+00 1.161333333e+00 1.388803681e+00 
1.051685190e+00 1.364444444e+00 1.527799080e+00 
1.016987440e+00 1.239111111e+00 1.366372699e+00 
1.257371766e+00 1.416444444e+00 1.634777607e+00 
1.000000000e+00 1.149777778e+00 1.182323620e+00 
1.061775248e+00 1.184444444e+00 1.348542945e+00 
1.250022590e+00 1.124888889e+00 1.314992331e+00 
1.067136532e+00 1.101333333e+00 1.256134969e+00 
1.161169844e+00 1.176444444e+00 1.392062883e+00 
1.071714707e+00 1.149777778e+00 1.348542945e+00 
1.000000000e+00 1.170666667e+00 1.292561350e+00 
1.004046264e+00 1.093333333e+00 1.182323620e+00 
1.000000000e+00 1.138222222e+00 1.000000000e+00 
1.055450137e+00 1.026222222e+00 1.166219325e+00 
1.004046264e+00 1.081777778e+00 1.000000000e+00 
1.004046264e+00 1.113777778e+00 1.268788344e+00 
1.050149092e+00 1.032888889e+00 1.182323620e+00 
1.020511430e+00 1.009333333e+00 1.060966258e+00 
1.020511430e+00 1.000000000e+00 1.000000000e+00 
1.046213668e+00 1.048000000e+00 1.086464724e+00 

1.021565615e+00 1.287555556e+00 1.458780675e+00 
1.459052438e+00 1.480888889e+00 1.767829755e+00 
1.474353182e+00 1.578666667e+00 1.833588957e+00 
1.235414596e+00 1.384444444e+00 1.634777607e+00 
1.173398392e+00 1.329777778e+00 1.583780675e+00 
1.251227373e+00 1.239555556e+00 1.583780675e+00 
1.051624951e+00 1.314222222e+00 1.502300613e+00 
1.358573537e+00 1.436000000e+00 1.713765337e+00 
1.188779254e+00 1.515555556e+00 1.628834356e+00 
1.253034547e+00 1.146222222e+00 1.375958589e+00 
1.080750580e+00 1.414222222e+00 1.573811350e+00 
1.237171772e+00 1.173777778e+00 1.401457055e+00 
1.451703262e+00 1.435111111e+00 1.698811350e+00 
1.295201952e+00 1.287555556e+00 1.607553681e+00 
1.245022740e+00 1.371555556e+00 1.634777607e+00 
1.515918195e+00 1.462666667e+00 1.742331288e+00 
1.323032439e+00 1.516888889e+00 1.754984663e+00 
1.021033704e+00 1.182222222e+00 1.342599693e+00 
1.134001988e+00 1.218222222e+00 1.422354294e+00 
1.768681666e+00 1.451111111e+00 1.742331288e+00 
1.016987440e+00 1.239111111e+00 1.366372699e+00 
1.431282190e+00 1.627555556e+00 1.811157975e+00 
1.386765459e+00 1.494222222e+00 1.783550613e+00 
1.177856089e+00 1.386666667e+00 1.601610429e+00 
1.409937652e+00 1.368444444e+00 1.694018405e+00 
1.204813108e+00 1.328888889e+00 1.573811350e+00 
1.078973525e+00 1.312444444e+00 1.545245399e+00 
1.147616036e+00 1.204888889e+00 1.435007669e+00 
1.203939640e+00 1.181777778e+00 1.497315951e+00 
1.083581820e+00 1.300444444e+00 1.497315951e+00 
1.393030330e+00 1.358222222e+00 1.686157975e+00 
1.622902925e+00 1.437777778e+00 1.722584356e+00 
1.049948496e+00 1.204000000e+00 1.417561350e+00 
1.514623054e+00 1.539111111e+00 1.857361963e+00 
1.219029547e+00 1.418222222e+00 1.660276074e+00 
1.111452667e+00 1.263555556e+00 1.508819018e+00 
1.714315834e+00 1.665333333e+00 1.882860429e+00 
1.107677480e+00 1.274666667e+00 1.497315951e+00 
1.157555495e+00 1.182666667e+00 1.422354294e+00 
1.521701154e+00 1.352000000e+00 1.657592025e+00 
1.453630915e+00 1.289777778e+00 1.612346626e+00 
1.177223578e+00 1.363111111e+00 1.588765337e+00 
1.450137044e+00 1.519555556e+00 1.809049080e+00 
1.133158640e+00 1.185333333e+00 1.358320552e+00 
1.526098611e+00 1.411111111e+00 1.698811350e+00 
1.159965061e+00 1.370222222e+00 1.583780675e+00 
1.051685190e+00 1.364444444e+00 1.527799080e+00 
1.377408512e+00 1.350666667e+00 1.644746933e+00 
1.576928406e+00 1.709777778e+00 1.943826687e+00 
1.181470438e+00 1.246666667e+00 1.463573620e+00 
1.306044999e+00 1.161333333e+00 1.388803681e+00 
1.198216921e+00 1.234222222e+00 1.478527607e+00 
1.323514352e+00 1.378666667e+00 1.681365031e+00 
1.634348363e+00 1.498222222e+00 1.796395706e+00 
1.565073341e+00 1.750222222e+00 1.882860429e+00 
1.009337068e+00 1.242222222e+00 1.379026074e+00 
1.580615042e+00 1.540444444e+00 1.870015337e+00 
1.483268576e+00 1.434666667e+00 1.700920245e+00 
1.161169844e+00 1.176444444e+00 1.392062883e+00 
1.004046264e+00 1.081777778e+00 1.000000000e+00 
1.373814042e+00 1.652888889e+00 1.809049080e+00 
1.009276829e+00 1.192000000e+00 1.353527607e+00 
1.522303545e+00 1.330222222e+00 1.657592025e+00 
1.000000000e+00 1.138222222e+00 1.000000000e+00 
1.033432728e+00 1.231555556e+00 1.458780675e+00 
1.000000000e+00 1.170666667e+00 1.292561350e+00 
1.251227373e+00 1.453333333e+00 1.722584356e+00 
1.061775248e+00 1.184444444e+00 1.348542945e+00 
1.353935122e+00 1.326222222e+00 1.632093558e+00 
1.212523719e+00 1.377777778e+00 1.607553681e+00 
1.617963314e+00 1.687555556e+00 1.943826687e+00 
1.004046264e+00 1.093333333e+00 1.182323620e+00 
1.250022590e+00 1.124888889e+00 1.314992331e+00 
1.067136532e+00 1.101333333e+00 1.256134969e+00 
1.025611879e+00 1.230666667e+00 1.435007669e+00 
1.004046264e+00 1.113777778e+00 1.268788344e+00 
1.000000000e+00 1.149777778e+00 1.182323620e+00 
1.071714707e+00 1.149777778e+00 1.348542945e+00 
1.046213668e+00 1.048000000e+00 1.086464724e+00 
1.422427035e+00 1.600888889e+00 1.796395706e+00 
1.050149092e+00 1.032888889e+00 1.182323620e+00 
1.020511430e+00 1.000000000e+00 1.000000000e+00 
1.020511430e+00 1.009333333e+00 1.060966258e+00 
1.055450137e+00 1.026222222e+00 1.166219325e+00 

1.075780850e+00 1.353777778e+00 1.607553681e+00 
1.287250384e+00 1.638666667e+00 1.865222393e+00 
1.468690702e+00 1.390666667e+00 1.698811350e+00 
1.189964158e+00 1.327111111e+00 1.583780675e+00 
1.267190747e+00 1.281777778e+00 1.558282209e+00 
1.343593868e+00 1.312888889e+00 1.612346626e+00 
1.280322882e+00 1.239555556e+00 1.583780675e+00 
1.206349206e+00 1.407111111e+00 1.668519939e+00 
1.324869733e+00 1.410666667e+00 1.681365031e+00 
1.407969639e+00 1.390666667e+00 1.630176380e+00 
1.107677480e+00 1.274666667e+00 1.497315951e+00 
1.161169844e+00 1.176444444e+00 1.392062883e+00 
1.223818560e+00 1.368888889e+00 1.612346626e+00 
1.617933195e+00 1.564888889e+00 1.828796012e+00 
1.476080239e+00 1.598222222e+00 1.809049080e+00 
1.268546128e+00 1.414222222e+00 1.681365031e+00 
1.021565615e+00 1.287555556e+00 1.458780675e+00 
1.046855818e+00 1.363555556e+00 1.524539877e+00 
1.099183760e+00 1.281777778e+00 1.502300613e+00 
1.021033704e+00 1.182222222e+00 1.342599693e+00 
1.544170356e+00 1.454666667e+00 1.759777607e+00 
1.616276618e+00 1.428444444e+00 1.742331288e+00 
1.702418602e+00 1.686666667e+00 1.943826687e+00 
1.433751995e+00 1.498222222e+00 1.796395706e+00 
1.535556158e+00 1.483555556e+00 1.783550613e+00 
1.134001988e+00 1.218222222e+00 1.422354294e+00 
1.173398392e+00 1.329777778e+00 1.583780675e+00 
1.431221951e+00 1.378666667e+00 1.639953988e+00 
1.181470438e+00 1.246666667e+00 1.463573620e+00 
1.620372880e+00 1.563555556e+00 1.815950920e+00 
1.377729586e+00 1.461777778e+00 1.722584356e+00 
1.050179211e+00 1.342222222e+00 1.463573620e+00 
1.009276829e+00 1.192000000e+00 1.353527607e+00 
1.323112557e+00 1.528888889e+00 1.772622699e+00 
1.381464414e+00 1.516000000e+00 1.750191718e+00 
1.033432728e+00 1.231555556e+00 1.458780675e+00 
1.203939640e+00 1.181777778e+00 1.497315951e+00 
1.159362670e+00 1.272000000e+00 1.497315951e+00 
1.530997862e+00 1.709777778e+00 1.884969325e+00 
1.606035963e+00 1.389777778e+00 1.686157975e+00 
1.586759435e+00 1.603555556e+00 1.870015337e+00 
1.009337068e+00 1.242222222e+00 1.379026074e+00 
1.016987440e+00 1.239111111e+00 1.366372699e+00 
1.249420198e+00 1.295555556e+00 1.508819018e+00 
1.464473962e+00 1.340444444e+00 1.657592025e+00 
1.376042890e+00 1.289777778e+00 1.612346626e+00 
1.049948496e+00 1.204000000e+00 1.417561350e+00 
1.666154634e+00 1.471111111e+00 1.772622699e+00 
1.133158640e+00 1.185333333e+00 1.358320552e+00 
1.147616036e+00 1.204888889e+00 1.435007669e+00 
1.488770218e+00 1.490666667e+00 1.742331288e+00 
1.764946839e+00 1.598666667e+00 1.926188650e+00 
1.683142074e+00 1.359111111e+00 1.668519939e+00 
1.433631517e+00 1.439555556e+00 1.721242331e+00 
1.060269269e+00 1.363111111e+00 1.573811350e+00 
1.295201952e+00 1.287555556e+00 1.607553681e+00 
1.306044999e+00 1.161333333e+00 1.388803681e+00 
1.198216921e+00 1.234222222e+00 1.478527607e+00 
1.025611879e+00 1.230666667e+00 1.435007669e+00 
1.067136532e+00 1.101333333e+00 1.256134969e+00 
1.061775248e+00 1.184444444e+00 1.348542945e+00 
1.157555495e+00 1.182666667e+00 1.422354294e+00 
1.265202855e+00 1.305777778e+00 1.515145706e+00 
1.071714707e+00 1.149777778e+00 1.348542945e+00 
1.000000000e+00 1.138222222e+00 1.000000000e+00 
1.000000000e+00 1.170666667e+00 1.292561350e+00 
1.004046264e+00 1.093333333e+00 1.182323620e+00 
1.237171772e+00 1.173777778e+00 1.401457055e+00 
1.072136381e+00 1.307111111e+00 1.573811350e+00 
1.691455077e+00 1.676000000e+00 1.926188650e+00 
1.253034547e+00 1.146222222e+00 1.375958589e+00 
1.000000000e+00 1.149777778e+00 1.182323620e+00 
1.250022590e+00 1.124888889e+00 1.314992331e+00 
1.046213668e+00 1.048000000e+00 1.086464724e+00 
1.004046264e+00 1.113777778e+00 1.268788344e+00 
1.004046264e+00 1.081777778e+00 1.000000000e+00 
1.020511430e+00 1.009333333e+00 1.060966258e+00 
1.050149092e+00 1.032888889e+00 1.182323620e+00 
1.055450137e+00 1.026222222e+00 1.166219325e+00 
1.020511430e+00 1.000000000e+00 1.000000000e+00 

1.300101202e+00 1.377333333e+00 1.694018405e+00 
1.392909852e+00 1.345333333e+00 1.612346626e+00 
1.153790548e+00 1.319555556e+00 1.607553681e+00 
1.099183760e+00 1.281777778e+00 1.502300613e+00 
1.223818560e+00 1.368888889e+00 1.612346626e+00 
1.210445469e+00 1.399555556e+00 1.694018405e+00 
1.469473811e+00 1.531111111e+00 1.809049080e+00 
1.295201952e+00 1.287555556e+00 1.607553681e+00 
1.231549050e+00 1.547555556e+00 1.767829755e+00 
1.526369688e+00 1.456444444e+00 1.724693252e+00 
1.542965573e+00 1.516888889e+00 1.759777607e+00 
1.373000813e+00 1.411555556e+00 1.703796012e+00 
1.203939640e+00 1.181777778e+00 1.497315951e+00 
1.469935845e+00 1.527111111e+00 1.754984663e+00 
1.828920816e+00 1.596000000e+00 1.882860429e+00 
1.304127587e+00 1.462666667e+00 1.716641104e+00 
1.619137978e+00 1.602222222e+00 1.926188650e+00 
1.025611879e+00 1.230666667e+00 1.435007669e+00 
1.123339658e+00 1.321333333e+00 1.607553681e+00 
1.050420168e+00 1.300000000e+00 1.532592025e+00 
1.423029427e+00 1.312888889e+00 1.612346626e+00 
1.115067016e+00 1.257333333e+00 1.478527607e+00 
1.183940243e+00 1.234222222e+00 1.478527607e+00 
1.392829734e+00 1.582222222e+00 1.790260736e+00 
1.404234812e+00 1.427555556e+00 1.722584356e+00 
1.504723954e+00 1.640000000e+00 1.824003067e+00 
1.061775248e+00 1.184444444e+00 1.348542945e+00 
1.111452667e+00 1.263555556e+00 1.508819018e+00 
1.075780850e+00 1.353777778e+00 1.607553681e+00 
1.543387247e+00 1.514222222e+00 1.767829755e+00 
1.064967923e+00 1.336000000e+00 1.542369632e+00 
1.181470438e+00 1.246666667e+00 1.463573620e+00 
1.276768772e+00 1.531555556e+00 1.721242331e+00 
1.332670703e+00 1.260888889e+00 1.519746933e+00 
1.228035300e+00 1.293333333e+00 1.558282209e+00 
1.333453812e+00 1.536888889e+00 1.778757669e+00 
1.345079967e+00 1.262666667e+00 1.583780675e+00 
1.390459926e+00 1.505333333e+00 1.750191718e+00 
1.066935936e+00 1.272444444e+00 1.491372699e+00 
1.928917804e+00 1.737333333e+00 1.939033742e+00 
1.581940303e+00 1.405777778e+00 1.722584356e+00 
1.089123822e+00 1.375555556e+00 1.647622699e+00 
1.687961206e+00 1.471111111e+00 1.737538344e+00 
1.009276829e+00 1.192000000e+00 1.353527607e+00 
1.660251197e+00 1.523555556e+00 1.828796012e+00 
1.449594892e+00 1.472888889e+00 1.750191718e+00 
1.414324870e+00 1.575111111e+00 1.809049080e+00 
1.147616036e+00 1.204888889e+00 1.435007669e+00 
1.009337068e+00 1.242222222e+00 1.379026074e+00 
1.049948496e+00 1.204000000e+00 1.417561350e+00 
1.060269269e+00 1.363111111e+00 1.573811350e+00 
1.161169844e+00 1.176444444e+00 1.392062883e+00 
1.355561579e+00 1.227111111e+00 1.571127301e+00 
1.157555495e+00 1.182666667e+00 1.422354294e+00 
1.307340140e+00 1.356000000e+00 1.681365031e+00 
1.538206681e+00 1.674222222e+00 1.882860429e+00 
1.237171772e+00 1.173777778e+00 1.401457055e+00 
1.295322430e+00 1.367555556e+00 1.639953988e+00 
1.509492485e+00 1.725777778e+00 1.851226994e+00 
1.306044999e+00 1.161333333e+00 1.388803681e+00 
1.133158640e+00 1.185333333e+00 1.358320552e+00 
1.134001988e+00 1.218222222e+00 1.422354294e+00 
1.021033704e+00 1.182222222e+00 1.342599693e+00 
1.193518268e+00 1.295111111e+00 1.583780675e+00 
1.324879973e+00 1.281777778e+00 1.558282209e+00 
1.004046264e+00 1.093333333e+00 1.182323620e+00 
1.277431403e+00 1.517333333e+00 1.722584356e+00 
1.637962712e+00 1.499555556e+00 1.778757669e+00 
1.033432728e+00 1.231555556e+00 1.458780675e+00 
1.000000000e+00 1.149777778e+00 1.182323620e+00 
1.016987440e+00 1.239111111e+00 1.366372699e+00 
1.593566459e+00 1.640888889e+00 1.865222393e+00 
1.021565615e+00 1.287555556e+00 1.458780675e+00 
1.253034547e+00 1.146222222e+00 1.375958589e+00 
1.004046264e+00 1.113777778e+00 1.268788344e+00 
1.634197765e+00 1.513333333e+00 1.798504601e+00 
1.004046264e+00 1.081777778e+00 1.000000000e+00 
1.067136532e+00 1.101333333e+00 1.256134969e+00 
1.046213668e+00 1.048000000e+00 1.086464724e+00 
1.020511430e+00 1.009333333e+00 1.060966258e+00 
1.000000000e+00 1.138222222e+00 1.000000000e+00 
1.250022590e+00 1.124888889e+00 1.314992331e+00 
1.020511430e+00 1.000000000e+00 1.000000000e+00 
1.071714707e+00 1.149777778e+00 1.348542945e+00 
1.000000000e+00 1.170666667e+00 1.292561350e+00 
1.050149092e+00 1.032888889e+00 1.182323620e+00 
1.055450137e+00 1.026222222e+00 1.166219325e+00 

1.533748983e+00 1.672000000e+00 1.857361963e+00 
1.251187012e+00 1.380888889e+00 1.612346626e+00 
1.803421584e+00 1.619555556e+00 1.889762270e+00 
1.051685190e+00 1.364444444e+00 1.527799080e+00 
1.456201319e+00 1.548888889e+00 1.767829755e+00 
1.492786362e+00 1.744000000e+00 1.884969325e+00 
1.348965393e+00 1.518666667e+00 1.750191718e+00 
1.090880998e+00 1.331111111e+00 1.502300613e+00 
1.257371766e+00 1.416444444e+00 1.634777607e+00 
1.542905334e+00 1.503111111e+00 1.772622699e+00 
1.058773531e+00 1.331555556e+00 1.519746933e+00 
1.433149604e+00 1.227111111e+00 1.571127301e+00 
1.178107286e+00 1.309777778e+00 1.527799080e+00 
1.669811150e+00 1.592444444e+00 1.839723926e+00 
1.609650312e+00 1.611555556e+00 1.851226994e+00 
1.303063161e+00 1.539555556e+00 1.750191718e+00 
1.695189904e+00 1.560444444e+00 1.833588957e+00 
1.526520286e+00 1.358222222e+00 1.686157975e+00 
1.077487425e+00 1.362666667e+00 1.573811350e+00 
1.585554652e+00 1.525777778e+00 1.783550613e+00 
1.410830999e+00 1.459111111e+00 1.703796012e+00 
1.237171772e+00 1.173777778e+00 1.401457055e+00 
1.147616036e+00 1.204888889e+00 1.435007669e+00 
1.102557152e+00 1.340888889e+00 1.527799080e+00 
1.788078672e+00 1.656444444e+00 1.913535276e+00 
1.409937652e+00 1.368444444e+00 1.694018405e+00 
1.016987440e+00 1.239111111e+00 1.366372699e+00 
1.053331526e+00 1.323111111e+00 1.468558282e+00 
1.160868649e+00 1.318222222e+00 1.527799080e+00 
1.252311677e+00 1.263555556e+00 1.508819018e+00 
1.060269269e+00 1.363111111e+00 1.573811350e+00 
1.401383693e+00 1.389777778e+00 1.673312883e+00 
1.540272883e+00 1.794222222e+00 1.943826687e+00 
1.328213006e+00 1.437333333e+00 1.698811350e+00 
1.049948496e+00 1.204000000e+00 1.417561350e+00 
1.164603476e+00 1.273333333e+00 1.508819018e+00 
1.587512424e+00 1.731555556e+00 1.882860429e+00 
1.037578989e+00 1.342222222e+00 1.463573620e+00 
1.464775157e+00 1.683111111e+00 1.851226994e+00 
1.021565615e+00 1.287555556e+00 1.458780675e+00 
1.422186079e+00 1.370666667e+00 1.698811350e+00 
1.469172615e+00 1.392000000e+00 1.759777607e+00 
1.602421614e+00 1.572000000e+00 1.833588957e+00 
1.343593868e+00 1.312888889e+00 1.612346626e+00 
1.218246438e+00 1.456000000e+00 1.660276074e+00 
1.123339658e+00 1.321333333e+00 1.607553681e+00 
1.688364808e+00 1.598666667e+00 1.882860429e+00 
1.115067016e+00 1.257333333e+00 1.478527607e+00 
1.301948736e+00 1.391555556e+00 1.644746933e+00 
1.193518268e+00 1.295111111e+00 1.583780675e+00 
1.419174121e+00 1.552444444e+00 1.795053681e+00 
1.420077709e+00 1.550666667e+00 1.783550613e+00 
1.292491190e+00 1.477333333e+00 1.681365031e+00 
1.327490136e+00 1.366222222e+00 1.617331288e+00 
1.329799102e+00 1.586222222e+00 1.778757669e+00 
1.344869130e+00 1.464888889e+00 1.722584356e+00 
1.288876841e+00 1.250222222e+00 1.571127301e+00 
1.009276829e+00 1.192000000e+00 1.353527607e+00 
1.104123370e+00 1.306666667e+00 1.497315951e+00 
1.324839613e+00 1.428000000e+00 1.647622699e+00 
1.353031535e+00 1.330222222e+00 1.657592025e+00 
1.009337068e+00 1.242222222e+00 1.379026074e+00 
1.678202464e+00 1.710666667e+00 1.943826687e+00 
1.268094335e+00 1.293333333e+00 1.558282209e+00 
1.157555495e+00 1.182666667e+00 1.422354294e+00 
1.061775248e+00 1.184444444e+00 1.348542945e+00 
1.153790548e+00 1.298666667e+00 1.497315951e+00 
1.025611879e+00 1.230666667e+00 1.435007669e+00 
1.033432728e+00 1.231555556e+00 1.458780675e+00 
1.203939640e+00 1.181777778e+00 1.497315951e+00 
1.159362670e+00 1.272000000e+00 1.497315951e+00 
1.181470438e+00 1.246666667e+00 1.463573620e+00 
1.328423843e+00 1.490666667e+00 1.703796012e+00 
1.133158640e+00 1.185333333e+00 1.358320552e+00 
1.134001988e+00 1.218222222e+00 1.422354294e+00 
1.021033704e+00 1.182222222e+00 1.342599693e+00 
1.352730339e+00 1.500444444e+00 1.734087423e+00 
1.577000693e+00 1.680000000e+00 1.870015337e+00 
1.110870155e+00 1.425333333e+00 1.629984663e+00 
1.400951779e+00 1.553777778e+00 1.828796012e+00 
1.589891871e+00 1.495555556e+00 1.796395706e+00 
1.696515165e+00 1.483555556e+00 1.803297546e+00 
1.253034547e+00 1.146222222e+00 1.375958589e+00 
1.004046264e+00 1.081777778e+00 1.000000000e+00 
1.004046264e+00 1.113777778e+00 1.268788344e+00 
1.682118008e+00 1.652444444e+00 1.870015337e+00 
1.071714707e+00 1.149777778e+00 1.348542945e+00 
1.161169844e+00 1.176444444e+00 1.392062883e+00 
1.306044999e+00 1.161333333e+00 1.388803681e+00 
1.067136532e+00 1.101333333e+00 1.256134969e+00 
1.107075088e+00 1.360444444e+00 1.545245399e+00 
1.000000000e+00 1.138222222e+00 1.000000000e+00 
1.438541008e+00 1.495555556e+00 1.742331288e+00 
1.000000000e+00 1.170666667e+00 1.292561350e+00 
1.250022590e+00 1.124888889e+00 1.314992331e+00 
1.055450137e+00 1.026222222e+00 1.166219325e+00 
1.664347459e+00 1.507555556e+00 1.815950920e+00 
1.004046264e+00 1.093333333e+00 1.182323620e+00 
1.046213668e+00 1.048000000e+00 1.086464724e+00 
1.050149092e+00 1.032888889e+00 1.182323620e+00 
1.020511430e+00 1.009333333e+00 1.060966258e+00 
1.020511430e+00 1.000000000e+00 1.000000000e+00 
1.000000000e+00 1.149777778e+00 1.182323620e+00 

1.321988494e+00 1.379555556e+00 1.611004601e+00 
1.426252221e+00 1.411111111e+00 1.694018405e+00 
1.053331526e+00 1.323111111e+00 1.468558282e+00 
1.605554050e+00 1.359111111e+00 1.668519939e+00 
1.130046083e+00 1.450222222e+00 1.634777607e+00 
1.117195265e+00 1.469777778e+00 1.629984663e+00 
1.396403723e+00 1.387555556e+00 1.681365031e+00 
1.178107286e+00 1.309777778e+00 1.527799080e+00 
1.400710822e+00 1.519555556e+00 1.796395706e+00 
1.620674076e+00 1.536444444e+00 1.809049080e+00 
1.333483931e+00 1.403111111e+00 1.619056748e+00 
1.342188488e+00 1.303555556e+00 1.583780675e+00 
1.576518780e+00 1.453777778e+00 1.796395706e+00 
1.332349628e+00 1.417333333e+00 1.642829755e+00 
1.074415228e+00 1.322222222e+00 1.519746933e+00 
1.518568718e+00 1.488000000e+00 1.783550613e+00 
1.157836812e+00 1.242222222e+00 1.497315951e+00 
1.200024096e+00 1.302222222e+00 1.524539877e+00 
1.602421614e+00 1.375111111e+00 1.681365031e+00 
1.501501160e+00 1.458222222e+00 1.759777607e+00 
1.514392338e+00 1.399555556e+00 1.698811350e+00 
1.645390199e+00 1.778222222e+00 1.926188650e+00 
1.203939640e+00 1.181777778e+00 1.497315951e+00 
1.071514111e+00 1.300444444e+00 1.497315951e+00 
1.419656034e+00 1.503111111e+00 1.724693252e+00 
1.077487425e+00 1.362666667e+00 1.573811350e+00 
1.393030330e+00 1.338666667e+00 1.612346626e+00 
1.345079967e+00 1.262666667e+00 1.583780675e+00 
1.527122677e+00 1.346666667e+00 1.632093558e+00 
1.847594952e+00 1.575111111e+00 1.889762270e+00 
1.090087648e+00 1.311555556e+00 1.545245399e+00 
1.085991386e+00 1.319111111e+00 1.519746933e+00 
1.009337068e+00 1.242222222e+00 1.379026074e+00 
1.693864643e+00 1.617777778e+00 1.943826687e+00 
1.251829764e+00 1.297333333e+00 1.515145706e+00 
1.134001988e+00 1.218222222e+00 1.422354294e+00 
1.115067016e+00 1.257333333e+00 1.478527607e+00 
1.207754586e+00 1.553333333e+00 1.642829755e+00 
1.049948496e+00 1.204000000e+00 1.417561350e+00 
1.593385741e+00 1.361777778e+00 1.668519939e+00 
1.438250053e+00 1.459555556e+00 1.767829755e+00 
1.646396193e+00 1.675111111e+00 1.889762270e+00 
1.237171772e+00 1.173777778e+00 1.401457055e+00 
1.133158640e+00 1.185333333e+00 1.358320552e+00 
1.410820758e+00 1.357333333e+00 1.627300613e+00 
1.025611879e+00 1.230666667e+00 1.435007669e+00 
1.355692298e+00 1.543555556e+00 1.870015337e+00 
1.213758622e+00 1.418222222e+00 1.660276074e+00 
1.431221951e+00 1.363555556e+00 1.657592025e+00 
1.294720039e+00 1.418666667e+00 1.722584356e+00 
1.009276829e+00 1.192000000e+00 1.353527607e+00 
1.091794223e+00 1.408444444e+00 1.612346626e+00 
1.367529291e+00 1.403555556e+00 1.644746933e+00 
1.016987440e+00 1.239111111e+00 1.366372699e+00 
1.061775248e+00 1.184444444e+00 1.348542945e+00 
1.021565615e+00 1.287555556e+00 1.458780675e+00 
1.525315503e+00 1.485333333e+00 1.772622699e+00 
1.147616036e+00 1.204888889e+00 1.435007669e+00 
1.065540195e+00 1.363111111e+00 1.573811350e+00 
1.335120629e+00 1.537777778e+00 1.774731595e+00 
1.620493359e+00 1.617777778e+00 1.884969325e+00 
1.433149604e+00 1.227111111e+00 1.571127301e+00 
1.129122617e+00 1.381333333e+00 1.583780675e+00 
1.375018825e+00 1.374222222e+00 1.612346626e+00 
1.161169844e+00 1.176444444e+00 1.392062883e+00 
1.498810277e+00 1.404000000e+00 1.686157975e+00 
1.153790548e+00 1.319555556e+00 1.607553681e+00 
1.392909852e+00 1.345333333e+00 1.612346626e+00 
1.157555495e+00 1.182666667e+00 1.422354294e+00 
1.164603476e+00 1.273333333e+00 1.508819018e+00 
1.253034547e+00 1.146222222e+00 1.375958589e+00 
1.021033704e+00 1.182222222e+00 1.342599693e+00 
1.252311677e+00 1.263555556e+00 1.508819018e+00 
1.306044999e+00 1.161333333e+00 1.388803681e+00 
1.699087377e+00 1.521333333e+00 1.809049080e+00 
1.071714707e+00 1.149777778e+00 1.348542945e+00 
1.250022590e+00 1.124888889e+00 1.314992331e+00 
1.004046264e+00 1.093333333e+00 1.182323620e+00 
1.004046264e+00 1.081777778e+00 1.000000000e+00 
1.033432728e+00 1.231555556e+00 1.458780675e+00 
1.671696636e+00 1.451555556e+00 1.796395706e+00 
1.067136532e+00 1.101333333e+00 1.256134969e+00 
1.004046264e+00 1.113777778e+00 1.268788344e+00 
1.000000000e+00 1.149777778e+00 1.182323620e+00 
1.604831180e+00 1.359555556e+00 1.668519939e+00 
1.020511430e+00 1.009333333e+00 1.060966258e+00 
1.288876841e+00 1.250222222e+00 1.571127301e+00 
1.000000000e+00 1.170666667e+00 1.292561350e+00 
1.000000000e+00 1.138222222e+00 1.000000000e+00 
1.046213668e+00 1.048000000e+00 1.086464724e+00 
1.050149092e+00 1.032888889e+00 1.182323620e+00 
1.055450137e+00 1.026222222e+00 1.166219325e+00 
1.020511430e+00 1.000000000e+00 1.000000000e+00 

1.430740038e+00 1.475555556e+00 1.754984663e+00 
1.434535104e+00 1.399555556e+00 1.694018405e+00 
1.608897322e+00 1.699555556e+00 1.882860429e+00 
1.320622873e+00 1.353777778e+00 1.607553681e+00 
1.458419927e+00 1.464888889e+00 1.754984663e+00 
1.164061323e+00 1.400444444e+00 1.619056748e+00 
1.326526309e+00 1.400888889e+00 1.694018405e+00 
1.641215626e+00 1.622222222e+00 1.913535276e+00 
1.025611879e+00 1.230666667e+00 1.435007669e+00 
1.415830848e+00 1.461333333e+00 1.722584356e+00 
1.302731845e+00 1.495555556e+00 1.722584356e+00 
1.046855818e+00 1.363555556e+00 1.524539877e+00 
1.551489413e+00 1.628888889e+00 1.865222393e+00 
1.587211229e+00 1.560888889e+00 1.857361963e+00 
1.726797386e+00 1.530666667e+00 1.828796012e+00 
1.587964218e+00 1.402666667e+00 1.698811350e+00 
1.520496371e+00 1.451111111e+00 1.722584356e+00 
1.301175868e+00 1.487555556e+00 1.694018405e+00 
1.487063643e+00 1.748000000e+00 1.870015337e+00 
1.280322882e+00 1.239555556e+00 1.583780675e+00 
1.524713111e+00 1.555555556e+00 1.828796012e+00 
1.111452667e+00 1.263555556e+00 1.508819018e+00 
1.253034547e+00 1.146222222e+00 1.375958589e+00 
1.021033704e+00 1.182222222e+00 1.342599693e+00 
1.442988464e+00 1.460888889e+00 1.722584356e+00 
1.237171772e+00 1.173777778e+00 1.401457055e+00 
1.624589621e+00 1.662666667e+00 1.943826687e+00 
1.157555495e+00 1.182666667e+00 1.422354294e+00 
1.645914280e+00 1.450222222e+00 1.742331288e+00 
1.115388091e+00 1.452000000e+00 1.588765337e+00 
1.071514111e+00 1.320888889e+00 1.583780675e+00 
1.377288033e+00 1.567111111e+00 1.754984663e+00 
1.647329900e+00 1.542222222e+00 1.811157975e+00 
1.269901509e+00 1.402666667e+00 1.642829755e+00 
1.546399205e+00 1.461333333e+00 1.729486196e+00 
1.610252703e+00 1.668000000e+00 1.870015337e+00 
1.345381163e+00 1.336000000e+00 1.644746933e+00 
1.513267673e+00 1.416000000e+00 1.718558282e+00 
1.296105539e+00 1.495111111e+00 1.716449387e+00 
1.467365441e+00 1.534666667e+00 1.767829755e+00 
1.207654589e+00 1.461777778e+00 1.673312883e+00 
1.212523719e+00 1.377777778e+00 1.607553681e+00 
1.133158640e+00 1.185333333e+00 1.358320552e+00 
1.061775248e+00 1.184444444e+00 1.348542945e+00 
1.115067016e+00 1.257333333e+00 1.478527607e+00 
1.246980513e+00 1.297333333e+00 1.515145706e+00 
1.433671877e+00 1.340000000e+00 1.657592025e+00 
1.072136381e+00 1.307111111e+00 1.573811350e+00 
1.161169844e+00 1.176444444e+00 1.392062883e+00 
1.256166983e+00 1.408888889e+00 1.660276074e+00 
1.451703262e+00 1.435111111e+00 1.698811350e+00 
1.454996536e+00 1.538222222e+00 1.783550613e+00 
1.535556158e+00 1.366222222e+00 1.673312883e+00 
1.548013614e+00 1.649333333e+00 1.839723926e+00 
1.327048583e+00 1.388444444e+00 1.657592025e+00 
1.780609018e+00 1.605333333e+00 1.884969325e+00 
1.314478480e+00 1.393333333e+00 1.634777607e+00 
1.413280925e+00 1.556444444e+00 1.777415644e+00 
1.143901087e+00 1.457777778e+00 1.619056748e+00 
1.285684166e+00 1.372888889e+00 1.630176380e+00 
1.415680251e+00 1.496000000e+00 1.750191718e+00 
1.589891871e+00 1.389333333e+00 1.686157975e+00 
1.147616036e+00 1.204888889e+00 1.435007669e+00 
1.339778922e+00 1.461777778e+00 1.722584356e+00 
1.684226379e+00 1.553777778e+00 1.833588957e+00 
1.435679648e+00 1.309333333e+00 1.614455521e+00 
1.033432728e+00 1.231555556e+00 1.458780675e+00 
1.049948496e+00 1.204000000e+00 1.417561350e+00 
1.134001988e+00 1.218222222e+00 1.422354294e+00 
1.009276829e+00 1.192000000e+00 1.353527607e+00 
1.203939640e+00 1.181777778e+00 1.497315951e+00 
1.210565947e+00 1.396444444e+00 1.606211656e+00 
1.181470438e+00 1.246666667e+00 1.463573620e+00 
1.494774254e+00 1.501333333e+00 1.767829755e+00 
1.784747447e+00 1.522666667e+00 1.772622699e+00 
1.306044999e+00 1.161333333e+00 1.388803681e+00 
1.009337068e+00 1.242222222e+00 1.379026074e+00 
1.000000000e+00 1.170666667e+00 1.292561350e+00 
1.004046264e+00 1.093333333e+00 1.182323620e+00 
1.071714707e+00 1.149777778e+00 1.348542945e+00 
1.250022590e+00 1.124888889e+00 1.314992331e+00 
1.000000000e+00 1.138222222e+00 1.000000000e+00 
1.050420168e+00 1.300000000e+00 1.532592025e+00 
1.004046264e+00 1.081777778e+00 1.000000000e+00 
1.000000000e+00 1.149777778e+00 1.182323620e+00 
1.067136532e+00 1.101333333e+00 1.256134969e+00 
1.021565615e+00 1.287555556e+00 1.458780675e+00 
1.020511430e+00 1.009333333e+00 1.060966258e+00 
1.004046264e+00 1.113777778e+00 1.268788344e+00 
1.046213668e+00 1.048000000e+00 1.086464724e+00 
1.055450137e+00 1.026222222e+00 1.166219325e+00 
1.050149092e+00 1.032888889e+00 1.182323620e+00 
1.020511430e+00 1.000000000e+00 1.000000000e+00 

1.368994910e+00 1.524444444e+00 1.767829755e+00 
1.276568176e+00 1.339555556e+00 1.644746933e+00 
1.077487425e+00 1.362666667e+00 1.573811350e+00 
1.107677480e+00 1.274666667e+00 1.497315951e+00 
1.484352881e+00 1.464444444e+00 1.754984663e+00 
1.060269269e+00 1.363111111e+00 1.573811350e+00 
1.494874853e+00 1.505333333e+00 1.767829755e+00 
1.672979730e+00 1.608000000e+00 1.889762270e+00 
1.061775248e+00 1.184444444e+00 1.348542945e+00 
1.635071233e+00 1.579111111e+00 1.839723926e+00 
1.389958134e+00 1.413777778e+00 1.698811350e+00 
1.316526611e+00 1.250222222e+00 1.571127301e+00 
1.545495618e+00 1.588444444e+00 1.828796012e+00 
1.363272191e+00 1.499555556e+00 1.734087423e+00 
1.157555495e+00 1.182666667e+00 1.422354294e+00 
1.064967923e+00 1.336000000e+00 1.542369632e+00 
1.345079967e+00 1.262666667e+00 1.583780675e+00 
1.551097858e+00 1.415555556e+00 1.718558282e+00 
1.297310322e+00 1.312888889e+00 1.612346626e+00 
1.576518780e+00 1.338666667e+00 1.668519939e+00 
1.549411162e+00 1.429333333e+00 1.722584356e+00 
1.348393121e+00 1.615555556e+00 1.926188650e+00 
1.581940303e+00 1.405777778e+00 1.722584356e+00 
1.728321436e+00 1.547111111e+00 1.833588957e+00 
1.468028071e+00 1.527555556e+00 1.778757669e+00 
1.527122677e+00 1.318666667e+00 1.614455521e+00 
1.033432728e+00 1.231555556e+00 1.458780675e+00 
1.300101202e+00 1.377333333e+00 1.694018405e+00 
1.558730159e+00 1.510666667e+00 1.828796012e+00 
1.376042890e+00 1.289777778e+00 1.612346626e+00 
1.143098099e+00 1.544000000e+00 1.639953988e+00 
1.222794494e+00 1.454666667e+00 1.722584356e+00 
1.284961296e+00 1.320888889e+00 1.583780675e+00 
1.147616036e+00 1.204888889e+00 1.435007669e+00 
1.030842445e+00 1.308888889e+00 1.519746933e+00 
1.212071926e+00 1.302222222e+00 1.524539877e+00 
1.410740640e+00 1.578222222e+00 1.796395706e+00 
1.168880455e+00 1.402222222e+00 1.694018405e+00 
1.646998584e+00 1.426666667e+00 1.783550613e+00 
1.298635583e+00 1.366666667e+00 1.681365031e+00 
1.781934279e+00 1.643555556e+00 1.943826687e+00 
1.123339658e+00 1.321333333e+00 1.607553681e+00 
1.175326044e+00 1.267555556e+00 1.468558282e+00 
1.075288696e+00 1.304000000e+00 1.478527607e+00 
1.049948496e+00 1.204000000e+00 1.417561350e+00 
1.181470438e+00 1.246666667e+00 1.463573620e+00 
1.016987440e+00 1.239111111e+00 1.366372699e+00 
1.237171772e+00 1.173777778e+00 1.401457055e+00 
1.629529231e+00 1.576888889e+00 1.833588957e+00 
1.198216921e+00 1.234222222e+00 1.478527607e+00 
1.021565615e+00 1.287555556e+00 1.458780675e+00 
1.560254209e+00 1.583555556e+00 1.870015337e+00 
1.556519382e+00 1.544000000e+00 1.828796012e+00 
1.203939640e+00 1.181777778e+00 1.497315951e+00 
1.025611879e+00 1.230666667e+00 1.435007669e+00 
1.279539773e+00 1.301777778e+00 1.511694785e+00 
1.134001988e+00 1.218222222e+00 1.422354294e+00 
1.277732598e+00 1.308444444e+00 1.571127301e+00 
1.253034547e+00 1.146222222e+00 1.375958589e+00 
1.198819313e+00 1.282222222e+00 1.502300613e+00 
1.161169844e+00 1.176444444e+00 1.392062883e+00 
1.239179543e+00 1.309777778e+00 1.527799080e+00 
1.158940996e+00 1.412000000e+00 1.619056748e+00 
1.067136532e+00 1.101333333e+00 1.256134969e+00 
1.133158640e+00 1.185333333e+00 1.358320552e+00 
1.000000000e+00 1.138222222e+00 1.000000000e+00 
1.021033704e+00 1.182222222e+00 1.342599693e+00 
1.159362670e+00 1.272000000e+00 1.497315951e+00 
1.473208638e+00 1.600444444e+00 1.828796012e+00 
1.004046264e+00 1.093333333e+00 1.182323620e+00 
1.004046264e+00 1.113777778e+00 1.268788344e+00 
1.111472546e+00 1.377333333e+00 1.607553681e+00 
1.090087648e+00 1.311555556e+00 1.545245399e+00 
1.386885937e+00 1.340444444e+00 1.657592025e+00 
1.071714707e+00 1.149777778e+00 1.348542945e+00 
1.000000000e+00 1.170666667e+00 1.292561350e+00 
1.009337068e+00 1.242222222e+00 1.379026074e+00 
1.250022590e+00 1.124888889e+00 1.314992331e+00 
1.004046264e+00 1.081777778e+00 1.000000000e+00 
1.758724135e+00 1.675555556e+00 1.943826687e+00 
1.518970513e+00 1.452888889e+00 1.809049080e+00 
1.009276829e+00 1.192000000e+00 1.353527607e+00 
1.000000000e+00 1.149777778e+00 1.182323620e+00 
1.020511430e+00 1.000000000e+00 1.000000000e+00 
1.055450137e+00 1.026222222e+00 1.166219325e+00 
1.435137496e+00 1.402666667e+00 1.698811350e+00 
1.306044999e+00 1.161333333e+00 1.388803681e+00 
1.020511430e+00 1.009333333e+00 1.060966258e+00 
1.046213668e+00 1.048000000e+00 1.086464724e+00 
1.050149092e+00 1.032888889e+00 1.182323620e+00 
