1.329985270e+00 1.425916091e+00 1.581213633e+00 
1.182010713e+00 1.463621880e+00 1.575561097e+00 
1.202097757e+00 1.361656930e+00 1.555943475e+00 
1.715433545e+00 1.578332448e+00 1.763258520e+00 
1.560093740e+00 1.551779076e+00 1.734164589e+00 
1.528847004e+00 1.570366437e+00 1.749293433e+00 
1.491128222e+00 1.713754647e+00 1.866334165e+00 
1.253654503e+00 1.319702602e+00 1.526849543e+00 
1.432875795e+00 1.447158789e+00 1.679634248e+00 
1.257002343e+00 1.557620818e+00 1.683956775e+00 
1.244504185e+00 1.465746150e+00 1.635245220e+00 
1.235576163e+00 1.346255975e+00 1.502078138e+00 
1.695346502e+00 1.761019649e+00 1.920698254e+00 
1.588215601e+00 1.531067446e+00 1.713549460e+00 
1.225979243e+00 1.365374403e+00 1.561596010e+00 
1.085146970e+00 1.353159851e+00 1.541978387e+00 
1.083361232e+00 1.267657993e+00 1.418453865e+00 
1.245061935e+00 1.413170473e+00 1.575561097e+00 
1.102555742e+00 1.293680297e+00 1.447547797e+00 
1.425175762e+00 1.691449814e+00 1.778553616e+00 
1.690210914e+00 1.834838024e+00 1.886949293e+00 
1.326191496e+00 1.714816782e+00 1.757938487e+00 
1.582859056e+00 1.611258630e+00 1.767913549e+00 
1.538218949e+00 1.873605948e+00 1.920698254e+00 
1.571027787e+00 1.638343070e+00 1.807647548e+00 
1.332440576e+00 1.552310143e+00 1.713549460e+00 
1.190492133e+00 1.204460967e+00 1.340482128e+00 
1.140944091e+00 1.264471588e+00 1.433582710e+00 
1.174422497e+00 1.467870420e+00 1.635245220e+00 
1.777703381e+00 1.656930430e+00 1.813300083e+00 
1.058364245e+00 1.220392990e+00 1.374064838e+00 
1.086932039e+00 1.366967605e+00 1.571238570e+00 
1.354536324e+00 1.387148168e+00 1.575561097e+00 
1.427072648e+00 1.734466277e+00 1.807980050e+00 
1.134695012e+00 1.306425916e+00 1.497755611e+00 
1.276419819e+00 1.554965481e+00 1.654862843e+00 
1.194286575e+00 1.348911312e+00 1.502078138e+00 
1.378863743e+00 1.656399363e+00 1.734164589e+00 
1.413011717e+00 1.642060542e+00 1.734164589e+00 
1.109139605e+00 1.284652151e+00 1.447547797e+00 
1.309675259e+00 1.732873075e+00 1.807647548e+00 
1.463006361e+00 1.483802443e+00 1.699251870e+00 
1.501841312e+00 1.593733404e+00 1.749293433e+00 
1.557415467e+00 1.669144981e+00 1.817622610e+00 
1.613438232e+00 1.795007966e+00 1.876309227e+00 
1.422720455e+00 1.528412108e+00 1.679634248e+00 
1.494476063e+00 1.415294742e+00 1.640897756e+00 
1.664767325e+00 1.847583643e+00 1.941313383e+00 
1.336457985e+00 1.443441317e+00 1.669991687e+00 
1.053118848e+00 1.259691981e+00 1.309891937e+00 
1.308336123e+00 1.270313330e+00 1.447547797e+00 
1.495145631e+00 1.679766330e+00 1.753615960e+00 
1.191161701e+00 1.196494955e+00 1.319866999e+00 
1.017296953e+00 1.157727031e+00 1.157107232e+00 
1.088271175e+00 1.310143388e+00 1.422776392e+00 
1.053453632e+00 1.248539565e+00 1.309891937e+00 
1.223300971e+00 1.108868826e+00 1.211471322e+00 
1.256779377e+00 1.127456187e+00 1.232086451e+00 
1.180448611e+00 1.280934679e+00 1.437905237e+00 
1.064613324e+00 1.178438662e+00 1.309891937e+00 
1.042740542e+00 1.279341476e+00 1.418453865e+00 
1.083807834e+00 1.317047265e+00 1.497755611e+00 
1.017296953e+00 1.182687201e+00 1.294763092e+00 
1.013726147e+00 1.012745619e+00 1.152784705e+00 
1.597589555e+00 1.596919809e+00 1.778553616e+00 
1.057025109e+00 1.145512480e+00 1.216957606e+00 
1.096752595e+00 1.176845459e+00 1.280798005e+00 
1.020421828e+00 1.090812533e+00 1.157107232e+00 
1.401406093e+00 1.708443972e+00 1.738320865e+00 
1.013726147e+00 1.000000000e+00 1.000000000e+00 

1.554067626e+00 1.394052045e+00 1.585536160e+00 
1.217274858e+00 1.396176314e+00 1.546467165e+00 
1.680836960e+00 1.662241105e+00 1.821945137e+00 
1.144961500e+00 1.369622942e+00 1.546300914e+00 
1.083807834e+00 1.317047265e+00 1.497755611e+00 
1.609641781e+00 1.599044079e+00 1.778553616e+00 
1.224974891e+00 1.387148168e+00 1.575561097e+00 
1.414797456e+00 1.483271375e+00 1.699251870e+00 
1.166387680e+00 1.406797663e+00 1.546467165e+00 
1.513223971e+00 1.681359533e+00 1.886949293e+00 
1.175315032e+00 1.204460967e+00 1.340482128e+00 
1.631737529e+00 1.756240042e+00 1.945635910e+00 
1.724807499e+00 1.679766330e+00 1.945635910e+00 
1.176654168e+00 1.398831652e+00 1.575561097e+00 
1.419037831e+00 1.729686670e+00 1.886949293e+00 
1.475058587e+00 1.440785980e+00 1.620282627e+00 
1.328646133e+00 1.511417950e+00 1.669991687e+00 
1.742885839e+00 1.576739246e+00 1.788528678e+00 
1.337462337e+00 1.561338290e+00 1.699251870e+00 
1.312688316e+00 1.656399363e+00 1.758935993e+00 
1.205222631e+00 1.489644185e+00 1.635245220e+00 
1.473049883e+00 1.698884758e+00 1.763591022e+00 
1.438901908e+00 1.456718003e+00 1.669991687e+00 
1.252092400e+00 1.552841211e+00 1.679634248e+00 
1.217944426e+00 1.383961763e+00 1.546467165e+00 
1.140944091e+00 1.264471588e+00 1.433582710e+00 
1.591342484e+00 1.824747743e+00 1.945635910e+00 
1.268831604e+00 1.551248008e+00 1.654862843e+00 
1.083361232e+00 1.267657993e+00 1.418453865e+00 
1.363128892e+00 1.527349973e+00 1.679634248e+00 
1.191161701e+00 1.196494955e+00 1.319866999e+00 
1.224193505e+00 1.366967605e+00 1.571238570e+00 
1.232228323e+00 1.474774296e+00 1.625602660e+00 
1.360785403e+00 1.560807223e+00 1.742643392e+00 
1.302310010e+00 1.561869357e+00 1.699251870e+00 
1.215712755e+00 1.484864578e+00 1.650540316e+00 
1.102555742e+00 1.308019118e+00 1.526849543e+00 
1.492467359e+00 1.436537440e+00 1.654862843e+00 
1.386228992e+00 1.527881041e+00 1.763258520e+00 
1.134695012e+00 1.306425916e+00 1.497755611e+00 
1.053453632e+00 1.248539565e+00 1.309891937e+00 
1.523267492e+00 1.406266596e+00 1.625768911e+00 
1.360562437e+00 1.635156665e+00 1.713549460e+00 
1.186251758e+00 1.459904408e+00 1.596342477e+00 
1.516794777e+00 1.634625597e+00 1.778553616e+00 
1.225979243e+00 1.365374403e+00 1.561596010e+00 
1.257002343e+00 1.557620818e+00 1.683956775e+00 
1.042740542e+00 1.279341476e+00 1.418453865e+00 
1.058364245e+00 1.220392990e+00 1.374064838e+00 
1.443588885e+00 1.451407329e+00 1.620282627e+00 
1.053453632e+00 1.269782262e+00 1.418287614e+00 
1.293382658e+00 1.533722783e+00 1.683956775e+00 
1.064613324e+00 1.178438662e+00 1.309891937e+00 
1.061488450e+00 1.270313330e+00 1.447547797e+00 
1.017296953e+00 1.157727031e+00 1.157107232e+00 
1.057025109e+00 1.145512480e+00 1.216957606e+00 
1.256779377e+00 1.127456187e+00 1.232086451e+00 
1.053118848e+00 1.259691981e+00 1.309891937e+00 
1.321280884e+00 1.424322889e+00 1.600665004e+00 
1.223300971e+00 1.108868826e+00 1.211471322e+00 
1.017296953e+00 1.182687201e+00 1.294763092e+00 
1.096752595e+00 1.176845459e+00 1.280798005e+00 
1.013726147e+00 1.012745619e+00 1.152784705e+00 
1.020421828e+00 1.090812533e+00 1.157107232e+00 
1.013726147e+00 1.000000000e+00 1.000000000e+00 

1.291596920e+00 1.569304302e+00 1.683956775e+00 
1.095413458e+00 1.421667552e+00 1.541978387e+00 
1.598480080e+00 1.878385555e+00 1.945635910e+00 
1.497042518e+00 1.847583643e+00 1.871986700e+00 
1.616337462e+00 1.645778014e+00 1.837240233e+00 
1.506528289e+00 1.439192777e+00 1.629925187e+00 
1.235576163e+00 1.346255975e+00 1.502078138e+00 
1.418145296e+00 1.329261816e+00 1.517206983e+00 
1.230219618e+00 1.536909187e+00 1.679634248e+00 
1.619015735e+00 1.513542220e+00 1.709226933e+00 
1.707398728e+00 1.866171004e+00 1.945635910e+00 
1.365918982e+00 1.378120021e+00 1.585536160e+00 
1.734851021e+00 1.599575146e+00 1.713549460e+00 
1.193170405e+00 1.467870420e+00 1.610307564e+00 
1.219730164e+00 1.407328731e+00 1.625768911e+00 
1.276866421e+00 1.366967605e+00 1.571238570e+00 
1.848898560e+00 1.772703133e+00 1.945635910e+00 
1.592233010e+00 1.576739246e+00 1.709226933e+00 
1.352527620e+00 1.354753054e+00 1.561596010e+00 
1.375292936e+00 1.457780138e+00 1.650540316e+00 
1.468362906e+00 1.317578332e+00 1.517206983e+00 
1.086932039e+00 1.346787042e+00 1.447547797e+00 
1.132462672e+00 1.410515135e+00 1.541978387e+00 
1.233679277e+00 1.517790759e+00 1.664837905e+00 
1.497823904e+00 1.651619756e+00 1.886949293e+00 
1.073429528e+00 1.388210303e+00 1.437905237e+00 
1.325856712e+00 1.760488582e+00 1.807647548e+00 
1.318602611e+00 1.496548062e+00 1.699251870e+00 
1.270170740e+00 1.366436537e+00 1.561596010e+00 
1.276419819e+00 1.535847053e+00 1.669991687e+00 
1.194286575e+00 1.348911312e+00 1.502078138e+00 
1.462671577e+00 1.738183749e+00 1.866334165e+00 
1.355205892e+00 1.397769517e+00 1.575561097e+00 
1.426626716e+00 1.406797663e+00 1.601828761e+00 
1.228880482e+00 1.361125863e+00 1.555943475e+00 
1.157795112e+00 1.535315985e+00 1.555943475e+00 
1.053453632e+00 1.248539565e+00 1.309891937e+00 
1.210132574e+00 1.359001593e+00 1.546467165e+00 
1.465684633e+00 1.405204461e+00 1.625768911e+00 
1.134695012e+00 1.306425916e+00 1.497755611e+00 
1.196741212e+00 1.448220924e+00 1.625602660e+00 
1.379979913e+00 1.602761551e+00 1.807647548e+00 
1.374400402e+00 1.477960701e+00 1.654862843e+00 
1.505858721e+00 1.601168348e+00 1.738320865e+00 
1.409663877e+00 1.748274031e+00 1.862011638e+00 
1.398058252e+00 1.489113117e+00 1.683956775e+00 
1.058364245e+00 1.220392990e+00 1.374064838e+00 
1.088271175e+00 1.310143388e+00 1.422776392e+00 
1.140944091e+00 1.264471588e+00 1.433582710e+00 
1.190492133e+00 1.204460967e+00 1.340482128e+00 
1.053453632e+00 1.269782262e+00 1.418287614e+00 
1.126883160e+00 1.370154010e+00 1.497589360e+00 
1.423724807e+00 1.601168348e+00 1.709226933e+00 
1.109139605e+00 1.284652151e+00 1.447547797e+00 
1.053118848e+00 1.259691981e+00 1.309891937e+00 
1.155227988e+00 1.438130643e+00 1.546300914e+00 
1.162593237e+00 1.430695698e+00 1.556275977e+00 
1.057025109e+00 1.145512480e+00 1.216957606e+00 
1.064613324e+00 1.178438662e+00 1.309891937e+00 
1.099653833e+00 1.352097716e+00 1.482460515e+00 
1.191161701e+00 1.196494955e+00 1.319866999e+00 
1.275527285e+00 1.280934679e+00 1.437905237e+00 
1.017296953e+00 1.157727031e+00 1.157107232e+00 
1.296283897e+00 1.489644185e+00 1.635245220e+00 
1.308336123e+00 1.270313330e+00 1.447547797e+00 
1.224640107e+00 1.281996814e+00 1.437905237e+00 
1.083361232e+00 1.267657993e+00 1.418453865e+00 
1.256779377e+00 1.127456187e+00 1.232086451e+00 
1.223300971e+00 1.108868826e+00 1.211471322e+00 
1.096752595e+00 1.176845459e+00 1.280798005e+00 
1.202097757e+00 1.361656930e+00 1.555943475e+00 
1.042740542e+00 1.279341476e+00 1.418453865e+00 
1.020421828e+00 1.090812533e+00 1.157107232e+00 
1.013726147e+00 1.000000000e+00 1.000000000e+00 
1.017296953e+00 1.182687201e+00 1.294763092e+00 
1.013726147e+00 1.012745619e+00 1.152784705e+00 

1.601606964e+00 1.582049920e+00 1.749293433e+00 
1.178662872e+00 1.369622942e+00 1.546467165e+00 
1.544693673e+00 1.421667552e+00 1.600665004e+00 
1.649146301e+00 1.474243229e+00 1.709226933e+00 
1.634636759e+00 1.782262347e+00 1.941313383e+00 
1.373061265e+00 1.554965481e+00 1.683956775e+00 
1.623254101e+00 1.629845990e+00 1.807980050e+00 
1.166387680e+00 1.406797663e+00 1.546467165e+00 
1.818767995e+00 1.743494424e+00 1.945635910e+00 
1.457649816e+00 1.736590547e+00 1.807647548e+00 
1.468362906e+00 1.855549655e+00 1.817622610e+00 
1.571925008e+00 1.802973978e+00 1.886949293e+00 
1.379310345e+00 1.442910250e+00 1.585536160e+00 
1.155227988e+00 1.438130643e+00 1.546300914e+00 
1.212699699e+00 1.506638343e+00 1.571238570e+00 
1.494476063e+00 1.637812002e+00 1.749293433e+00 
1.531637094e+00 1.530005311e+00 1.738320865e+00 
1.498046870e+00 1.674986723e+00 1.807647548e+00 
1.505858721e+00 1.588953797e+00 1.753615960e+00 
1.224193505e+00 1.366967605e+00 1.571238570e+00 
1.228880482e+00 1.361125863e+00 1.555943475e+00 
1.270170740e+00 1.366436537e+00 1.561596010e+00 
1.206115166e+00 1.522039299e+00 1.679634248e+00 
1.181006361e+00 1.444503452e+00 1.555943475e+00 
1.277982591e+00 1.649495486e+00 1.683956775e+00 
1.760964178e+00 1.745618694e+00 1.886949293e+00 
1.083807834e+00 1.317047265e+00 1.497755611e+00 
1.236022765e+00 1.264471588e+00 1.433582710e+00 
1.321280884e+00 1.613382900e+00 1.713549460e+00 
1.134695012e+00 1.306425916e+00 1.497755611e+00 
1.323959156e+00 1.420605417e+00 1.575561097e+00 
1.431536659e+00 1.494423792e+00 1.699251870e+00 
1.414127888e+00 1.550716941e+00 1.738320865e+00 
1.688650820e+00 1.668082847e+00 1.862344140e+00 
1.373507198e+00 1.575677111e+00 1.699251870e+00 
1.418145296e+00 1.329261816e+00 1.517206983e+00 
1.593351188e+00 1.871481678e+00 1.941313383e+00 
1.519919652e+00 1.424853956e+00 1.581213633e+00 
1.431536659e+00 1.308019118e+00 1.526849543e+00 
1.503850017e+00 1.670207116e+00 1.817622610e+00 
1.586541681e+00 1.621879979e+00 1.758935993e+00 
1.485994643e+00 1.659585767e+00 1.742643392e+00 
1.588215601e+00 1.612320765e+00 1.778553616e+00 
1.042740542e+00 1.279341476e+00 1.418453865e+00 
1.161031135e+00 1.266595858e+00 1.384871155e+00 
1.083361232e+00 1.267657993e+00 1.418453865e+00 
1.214819551e+00 1.456718003e+00 1.669991687e+00 
1.202097757e+00 1.361656930e+00 1.555943475e+00 
1.175315032e+00 1.204460967e+00 1.340482128e+00 
1.061488450e+00 1.270313330e+00 1.447547797e+00 
1.400959491e+00 1.442910250e+00 1.614630091e+00 
1.191161701e+00 1.196494955e+00 1.319866999e+00 
1.281106796e+00 1.346787042e+00 1.502078138e+00 
1.713645798e+00 1.710037175e+00 1.866334165e+00 
1.322843656e+00 1.671269251e+00 1.763258520e+00 
1.017296953e+00 1.182687201e+00 1.294763092e+00 
1.053118848e+00 1.259691981e+00 1.309891937e+00 
1.057025109e+00 1.145512480e+00 1.216957606e+00 
1.515679277e+00 1.744556559e+00 1.866334165e+00 
1.325967861e+00 1.321826872e+00 1.502078138e+00 
1.311014396e+00 1.443972384e+00 1.679634248e+00 
1.053453632e+00 1.248539565e+00 1.309891937e+00 
1.058364245e+00 1.220392990e+00 1.374064838e+00 
1.217497824e+00 1.417419012e+00 1.556275977e+00 
1.085146970e+00 1.353159851e+00 1.541978387e+00 
1.017296953e+00 1.157727031e+00 1.157107232e+00 
1.213257449e+00 1.267126925e+00 1.408811305e+00 
1.223300971e+00 1.108868826e+00 1.211471322e+00 
1.256779377e+00 1.127456187e+00 1.232086451e+00 
1.013726147e+00 1.000000000e+00 1.000000000e+00 
1.013726147e+00 1.012745619e+00 1.152784705e+00 
1.096752595e+00 1.176845459e+00 1.280798005e+00 
1.020421828e+00 1.090812533e+00 1.157107232e+00 
1.064613324e+00 1.178438662e+00 1.309891937e+00 

1.461890191e+00 1.599044079e+00 1.778553616e+00 
1.468362906e+00 1.317578332e+00 1.517206983e+00 
1.613880147e+00 1.686670207e+00 1.817622610e+00 
1.435554068e+00 1.567180032e+00 1.699584372e+00 
1.097645129e+00 1.363781200e+00 1.472651704e+00 
1.368262471e+00 1.562931492e+00 1.699251870e+00 
1.436893204e+00 1.571428571e+00 1.742643392e+00 
1.354536324e+00 1.387148168e+00 1.575561097e+00 
1.105234014e+00 1.348380244e+00 1.497589360e+00 
1.235799799e+00 1.331386086e+00 1.468661679e+00 
1.286240375e+00 1.355284121e+00 1.506234414e+00 
1.206561768e+00 1.466277217e+00 1.606151288e+00 
1.285570807e+00 1.449283059e+00 1.606151288e+00 
1.514116505e+00 1.542750929e+00 1.684455528e+00 
1.422609307e+00 1.611258630e+00 1.713549460e+00 
1.061488450e+00 1.270313330e+00 1.447547797e+00 
1.053453632e+00 1.269782262e+00 1.418287614e+00 
1.710297958e+00 1.660647902e+00 1.886949293e+00 
1.373284232e+00 1.373871482e+00 1.575561097e+00 
1.352527620e+00 1.354753054e+00 1.561596010e+00 
1.637094074e+00 1.684545937e+00 1.886949293e+00 
1.312576498e+00 1.651619756e+00 1.807647548e+00 
1.346501507e+00 1.459373340e+00 1.629925187e+00 
1.233344493e+00 1.427509294e+00 1.600665004e+00 
1.302310010e+00 1.366436537e+00 1.561596010e+00 
1.086932039e+00 1.366967605e+00 1.571238570e+00 
1.518133914e+00 1.757302177e+00 1.941313383e+00 
1.558305993e+00 1.867233139e+00 1.945635910e+00 
1.129784399e+00 1.355815189e+00 1.541978387e+00 
1.242718447e+00 1.472650027e+00 1.625602660e+00 
1.235576163e+00 1.346255975e+00 1.502078138e+00 
1.442026783e+00 1.475836431e+00 1.650872818e+00 
1.175315032e+00 1.204460967e+00 1.340482128e+00 
1.171074657e+00 1.501858736e+00 1.679634248e+00 
1.346054905e+00 1.431757833e+00 1.625768911e+00 
1.351858052e+00 1.406266596e+00 1.625602660e+00 
1.324628724e+00 1.481678173e+00 1.650540316e+00 
1.453409441e+00 1.724907063e+00 1.817622610e+00 
1.140944091e+00 1.264471588e+00 1.433582710e+00 
1.332440576e+00 1.406797663e+00 1.601828761e+00 
1.411449615e+00 1.354221986e+00 1.506234414e+00 
1.083361232e+00 1.267657993e+00 1.418453865e+00 
1.238701038e+00 1.321826872e+00 1.478137988e+00 
1.275527285e+00 1.462028678e+00 1.635245220e+00 
1.471487780e+00 1.770578864e+00 1.862011638e+00 
1.676149983e+00 1.682952735e+00 1.837240233e+00 
1.751811182e+00 1.644715879e+00 1.866334165e+00 
1.437562772e+00 1.451938396e+00 1.629925187e+00 
1.053453632e+00 1.248539565e+00 1.309891937e+00 
1.058364245e+00 1.220392990e+00 1.374064838e+00 
1.374623368e+00 1.314391928e+00 1.488113051e+00 
1.057025109e+00 1.145512480e+00 1.216957606e+00 
1.017296953e+00 1.182687201e+00 1.294763092e+00 
1.053118848e+00 1.259691981e+00 1.309891937e+00 
1.223300971e+00 1.108868826e+00 1.211471322e+00 
1.342484098e+00 1.575677111e+00 1.699251870e+00 
1.096752595e+00 1.176845459e+00 1.280798005e+00 
1.191161701e+00 1.196494955e+00 1.319866999e+00 
1.042740542e+00 1.279341476e+00 1.418453865e+00 
1.256779377e+00 1.127456187e+00 1.232086451e+00 
1.785289588e+00 1.827934148e+00 1.945635910e+00 
1.017296953e+00 1.157727031e+00 1.157107232e+00 
1.013726147e+00 1.012745619e+00 1.152784705e+00 
1.064613324e+00 1.178438662e+00 1.309891937e+00 
1.020421828e+00 1.090812533e+00 1.157107232e+00 
1.013726147e+00 1.000000000e+00 1.000000000e+00 

1.483762973e+00 1.430695698e+00 1.621446384e+00 
1.326637429e+00 1.528412108e+00 1.728678304e+00 
1.463006361e+00 1.574083909e+00 1.807647548e+00 
1.835955809e+00 1.781200212e+00 1.876309227e+00 
1.700703047e+00 1.830589485e+00 1.866334165e+00 
1.140944091e+00 1.264471588e+00 1.433582710e+00 
1.545811851e+00 1.750929368e+00 1.807980050e+00 
1.199419484e+00 1.521508232e+00 1.581213633e+00 
1.278428524e+00 1.458311206e+00 1.679634248e+00 
1.613438232e+00 1.874137015e+00 1.886949293e+00 
1.270170740e+00 1.366436537e+00 1.561596010e+00 
1.134583194e+00 1.381306426e+00 1.571238570e+00 
1.311014396e+00 1.443972384e+00 1.679634248e+00 
1.402075661e+00 1.355284121e+00 1.571238570e+00 
1.834168062e+00 1.795539033e+00 1.941313383e+00 
1.092065618e+00 1.361125863e+00 1.555943475e+00 
1.613438232e+00 1.856611790e+00 1.847215295e+00 
1.250976230e+00 1.518321827e+00 1.654862843e+00 
1.785068631e+00 1.836962294e+00 1.941313383e+00 
1.637094074e+00 1.696229421e+00 1.837240233e+00 
1.567458989e+00 1.635687732e+00 1.821945137e+00 
1.259680616e+00 1.548061604e+00 1.699251870e+00 
1.058364245e+00 1.220392990e+00 1.374064838e+00 
1.599598259e+00 1.858736059e+00 1.876309227e+00 
1.279098092e+00 1.356346256e+00 1.506234414e+00 
1.775915634e+00 1.822623473e+00 1.886949293e+00 
1.349849347e+00 1.424853956e+00 1.581213633e+00 
1.575159022e+00 1.823154541e+00 1.832917706e+00 
1.438232340e+00 1.650026553e+00 1.763258520e+00 
1.243610981e+00 1.575146044e+00 1.585536160e+00 
1.418145296e+00 1.329261816e+00 1.517206983e+00 
1.403080013e+00 1.414763675e+00 1.581213633e+00 
1.722350184e+00 1.887944769e+00 1.941313383e+00 
1.175315032e+00 1.204460967e+00 1.340482128e+00 
1.485102109e+00 1.396707382e+00 1.625768911e+00 
1.083361232e+00 1.267657993e+00 1.418453865e+00 
1.083807834e+00 1.317047265e+00 1.497755611e+00 
1.585202544e+00 1.898566118e+00 1.837240233e+00 
1.685972548e+00 1.753584705e+00 1.862011638e+00 
1.911168396e+00 1.731279873e+00 1.945635910e+00 
1.477736860e+00 1.321826872e+00 1.502078138e+00 
1.182680281e+00 1.368029740e+00 1.571238570e+00 
1.174199531e+00 1.322889007e+00 1.502078138e+00 
1.638654168e+00 1.673393521e+00 1.837240233e+00 
1.053453632e+00 1.269782262e+00 1.418287614e+00 
1.191161701e+00 1.196494955e+00 1.319866999e+00 
1.064613324e+00 1.178438662e+00 1.309891937e+00 
1.053453632e+00 1.248539565e+00 1.309891937e+00 
1.096752595e+00 1.176845459e+00 1.280798005e+00 
1.017296953e+00 1.157727031e+00 1.157107232e+00 
1.053118848e+00 1.259691981e+00 1.309891937e+00 
1.042740542e+00 1.279341476e+00 1.418453865e+00 
1.361232005e+00 1.457249071e+00 1.699251870e+00 
1.751141614e+00 1.884227297e+00 1.920698254e+00 
1.061488450e+00 1.270313330e+00 1.447547797e+00 
1.223300971e+00 1.108868826e+00 1.211471322e+00 
1.221515233e+00 1.373871482e+00 1.575561097e+00 
1.256779377e+00 1.127456187e+00 1.232086451e+00 
1.793103448e+00 1.784917685e+00 1.866334165e+00 
1.374623368e+00 1.314391928e+00 1.488113051e+00 
1.017296953e+00 1.182687201e+00 1.294763092e+00 
1.013726147e+00 1.000000000e+00 1.000000000e+00 
1.057025109e+00 1.145512480e+00 1.216957606e+00 
1.013726147e+00 1.012745619e+00 1.152784705e+00 
1.020421828e+00 1.090812533e+00 1.157107232e+00 

1.283115501e+00 1.624004249e+00 1.684289277e+00 
1.361232005e+00 1.457249071e+00 1.699251870e+00 
1.221515233e+00 1.373871482e+00 1.575561097e+00 
1.362571142e+00 1.441317047e+00 1.629925187e+00 
1.605845330e+00 1.753584705e+00 1.886949293e+00 
1.097645129e+00 1.363781200e+00 1.472651704e+00 
1.341367928e+00 1.511417950e+00 1.669991687e+00 
1.371498493e+00 1.406266596e+00 1.625768911e+00 
1.817428858e+00 1.824216676e+00 1.945635910e+00 
1.647137596e+00 1.510355815e+00 1.704904406e+00 
1.324182792e+00 1.555496548e+00 1.683956775e+00 
1.301193840e+00 1.558682953e+00 1.683956775e+00 
1.092735186e+00 1.344131705e+00 1.468495428e+00 
1.604285236e+00 1.541157727e+00 1.757938487e+00 
1.413235353e+00 1.553903346e+00 1.734164589e+00 
1.127552728e+00 1.355284121e+00 1.571238570e+00 
1.616116505e+00 1.853425385e+00 1.945635910e+00 
1.058364245e+00 1.220392990e+00 1.374064838e+00 
1.197410780e+00 1.398831652e+00 1.575561097e+00 
1.389130901e+00 1.708975040e+00 1.866334165e+00 
1.560984265e+00 1.670738184e+00 1.837240233e+00 
1.724807499e+00 1.626128518e+00 1.821945137e+00 
1.616337462e+00 1.594264472e+00 1.758935993e+00 
1.766990291e+00 1.744556559e+00 1.886949293e+00 
1.042740542e+00 1.279341476e+00 1.418453865e+00 
1.491797790e+00 1.646840149e+00 1.817622610e+00 
1.342930700e+00 1.658523633e+00 1.733998337e+00 
1.053453632e+00 1.248539565e+00 1.309891937e+00 
1.140944091e+00 1.264471588e+00 1.433582710e+00 
1.354089722e+00 1.640467339e+00 1.778553616e+00 
1.157683294e+00 1.450876261e+00 1.629925187e+00 
1.444593237e+00 1.541688794e+00 1.709226933e+00 
1.215489120e+00 1.606479023e+00 1.679634248e+00 
1.780830264e+00 1.796070101e+00 1.941313383e+00 
1.437562772e+00 1.574614976e+00 1.742643392e+00 
1.053118848e+00 1.259691981e+00 1.309891937e+00 
1.175315032e+00 1.204460967e+00 1.340482128e+00 
1.495592233e+00 1.895910781e+00 1.945635910e+00 
1.191161701e+00 1.196494955e+00 1.319866999e+00 
1.102555742e+00 1.308019118e+00 1.526849543e+00 
1.236245732e+00 1.541157727e+00 1.654862843e+00 
1.256779377e+00 1.127456187e+00 1.232086451e+00 
1.269278206e+00 1.526287839e+00 1.669991687e+00 
1.057025109e+00 1.145512480e+00 1.216957606e+00 
1.083361232e+00 1.267657993e+00 1.418453865e+00 
1.061488450e+00 1.270313330e+00 1.447547797e+00 
1.013726147e+00 1.012745619e+00 1.152784705e+00 
1.053453632e+00 1.269782262e+00 1.418287614e+00 
1.096752595e+00 1.176845459e+00 1.280798005e+00 
1.064613324e+00 1.178438662e+00 1.309891937e+00 
1.017296953e+00 1.182687201e+00 1.294763092e+00 
1.223300971e+00 1.108868826e+00 1.211471322e+00 
1.017296953e+00 1.157727031e+00 1.157107232e+00 
1.671463006e+00 1.826872013e+00 1.891604323e+00 
1.013726147e+00 1.000000000e+00 1.000000000e+00 
1.020421828e+00 1.090812533e+00 1.157107232e+00 

1.402075661e+00 1.355284121e+00 1.571238570e+00 
1.245619685e+00 1.542219862e+00 1.635245220e+00 
1.389019083e+00 1.454593733e+00 1.635245220e+00 
1.317263475e+00 1.475305364e+00 1.600831255e+00 
1.535768329e+00 1.867233139e+00 1.866334165e+00 
1.325075326e+00 1.604354753e+00 1.758935993e+00 
1.544693673e+00 1.484864578e+00 1.650540316e+00 
1.593123535e+00 1.598513011e+00 1.763258520e+00 
1.241379310e+00 1.580987785e+00 1.683956775e+00 
1.102555742e+00 1.308019118e+00 1.526849543e+00 
1.555855373e+00 1.762612852e+00 1.821945137e+00 
1.274634751e+00 1.555496548e+00 1.654862843e+00 
1.454301975e+00 1.505045141e+00 1.699251870e+00 
1.227987948e+00 1.520977164e+00 1.581213633e+00 
1.521928356e+00 1.542219862e+00 1.757938487e+00 
1.626380984e+00 1.642591609e+00 1.778553616e+00 
1.158575829e+00 1.381837493e+00 1.546467165e+00 
1.309228658e+00 1.562400425e+00 1.699251870e+00 
1.267045865e+00 1.529474243e+00 1.629925187e+00 
1.888182123e+00 1.761019649e+00 1.945635910e+00 
1.231335788e+00 1.446627722e+00 1.589858687e+00 
1.552614664e+00 1.822092406e+00 1.886949293e+00 
1.326637429e+00 1.442910250e+00 1.585536160e+00 
1.257448945e+00 1.354753054e+00 1.561596010e+00 
1.433768329e+00 1.434944238e+00 1.606151288e+00 
1.204664881e+00 1.662772172e+00 1.683956775e+00 
1.349402745e+00 1.607541158e+00 1.763258520e+00 
1.575493806e+00 1.659054700e+00 1.821945137e+00 
1.406539672e+00 1.553372278e+00 1.734164589e+00 
1.569246736e+00 1.785979819e+00 1.832917706e+00 
1.483762973e+00 1.430695698e+00 1.621446384e+00 
1.224974891e+00 1.387148168e+00 1.575561097e+00 
1.495480415e+00 1.656399363e+00 1.807647548e+00 
1.053453632e+00 1.269782262e+00 1.418287614e+00 
1.380649481e+00 1.452469464e+00 1.604987531e+00 
1.672132574e+00 1.740839087e+00 1.832917706e+00 
1.477736860e+00 1.387679235e+00 1.575893599e+00 
1.315478406e+00 1.537440255e+00 1.650540316e+00 
1.426849682e+00 1.513011152e+00 1.654862843e+00 
1.724137931e+00 1.731810940e+00 1.832917706e+00 
1.382881152e+00 1.480084971e+00 1.610473815e+00 
1.140944091e+00 1.264471588e+00 1.433582710e+00 
1.092735186e+00 1.344131705e+00 1.468495428e+00 
1.368597255e+00 1.306425916e+00 1.497755611e+00 
1.102332106e+00 1.429633563e+00 1.555943475e+00 
1.058364245e+00 1.220392990e+00 1.374064838e+00 
1.185470372e+00 1.370685077e+00 1.571238570e+00 
1.393929026e+00 1.739245884e+00 1.813300083e+00 
1.042740542e+00 1.279341476e+00 1.418453865e+00 
1.215935721e+00 1.614976102e+00 1.669991687e+00 
1.527954469e+00 1.523632501e+00 1.704904406e+00 
1.424394376e+00 1.551779076e+00 1.699251870e+00 
1.053118848e+00 1.259691981e+00 1.309891937e+00 
1.350965517e+00 1.526818906e+00 1.679634248e+00 
1.061488450e+00 1.270313330e+00 1.447547797e+00 
1.337574155e+00 1.516728625e+00 1.654862843e+00 
1.315924339e+00 1.494423792e+00 1.610307564e+00 
1.851355875e+00 1.721720659e+00 1.886949293e+00 
1.494476063e+00 1.415294742e+00 1.640897756e+00 
1.339805825e+00 1.485395645e+00 1.650540316e+00 
1.602611316e+00 1.745087626e+00 1.866334165e+00 
1.191161701e+00 1.196494955e+00 1.319866999e+00 
1.523937061e+00 1.539564525e+00 1.709226933e+00 
1.176654168e+00 1.398831652e+00 1.575561097e+00 
1.057025109e+00 1.145512480e+00 1.216957606e+00 
1.017296953e+00 1.157727031e+00 1.157107232e+00 
1.572145966e+00 1.763674987e+00 1.945635910e+00 
1.064613324e+00 1.178438662e+00 1.309891937e+00 
1.096752595e+00 1.176845459e+00 1.280798005e+00 
1.053453632e+00 1.248539565e+00 1.309891937e+00 
1.223300971e+00 1.108868826e+00 1.211471322e+00 
1.175315032e+00 1.204460967e+00 1.340482128e+00 
1.017296953e+00 1.182687201e+00 1.294763092e+00 
1.013726147e+00 1.000000000e+00 1.000000000e+00 
1.013726147e+00 1.012745619e+00 1.152784705e+00 
1.083361232e+00 1.267657993e+00 1.418453865e+00 
1.020421828e+00 1.090812533e+00 1.157107232e+00 
1.743106796e+00 1.738183749e+00 1.847215295e+00 
1.256779377e+00 1.127456187e+00 1.232086451e+00 

1.685972548e+00 1.801380775e+00 1.862344140e+00 
1.664767325e+00 1.655337228e+00 1.788528678e+00 
1.233791095e+00 1.445034519e+00 1.679634248e+00 
1.102555742e+00 1.308019118e+00 1.526849543e+00 
1.226425845e+00 1.446096654e+00 1.621280133e+00 
1.375739538e+00 1.608603293e+00 1.738320865e+00 
1.497489120e+00 1.715347849e+00 1.807647548e+00 
1.635085370e+00 1.692511949e+00 1.832917706e+00 
1.480638098e+00 1.444503452e+00 1.585536160e+00 
1.140944091e+00 1.264471588e+00 1.433582710e+00 
1.868095079e+00 1.671800319e+00 1.817622610e+00 
1.097645129e+00 1.363781200e+00 1.472651704e+00 
1.567679946e+00 1.823685608e+00 1.886949293e+00 
1.354536324e+00 1.387148168e+00 1.575561097e+00 
1.642229662e+00 1.802442910e+00 1.866334165e+00 
1.053118848e+00 1.259691981e+00 1.309891937e+00 
1.086932039e+00 1.366967605e+00 1.571238570e+00 
1.716103113e+00 1.772703133e+00 1.891604323e+00 
1.380649481e+00 1.484864578e+00 1.699251870e+00 
1.416359558e+00 1.535847053e+00 1.734164589e+00 
1.051221962e+00 1.334041423e+00 1.389193682e+00 
1.175315032e+00 1.204460967e+00 1.340482128e+00 
1.308559089e+00 1.437068508e+00 1.575561097e+00 
1.515455641e+00 1.600106213e+00 1.778553616e+00 
1.061488450e+00 1.270313330e+00 1.447547797e+00 
1.582189488e+00 1.423791822e+00 1.600665004e+00 
1.890860395e+00 1.576739246e+00 1.749293433e+00 
1.083361232e+00 1.267657993e+00 1.418453865e+00 
1.053453632e+00 1.269782262e+00 1.418287614e+00 
1.204664881e+00 1.641529474e+00 1.575561097e+00 
1.657402076e+00 1.673393521e+00 1.788528678e+00 
1.329315701e+00 1.544344132e+00 1.683956775e+00 
1.459658520e+00 1.636749867e+00 1.778553616e+00 
1.053453632e+00 1.248539565e+00 1.309891937e+00 
1.281330432e+00 1.555496548e+00 1.683956775e+00 
1.352527620e+00 1.354753054e+00 1.561596010e+00 
1.285124205e+00 1.719596389e+00 1.807647548e+00 
1.628610646e+00 1.838555497e+00 1.945635910e+00 
1.559424171e+00 1.426447159e+00 1.575893599e+00 
1.270728490e+00 1.701540096e+00 1.733998337e+00 
1.339359223e+00 1.575146044e+00 1.693931837e+00 
1.750251088e+00 1.744025491e+00 1.866334165e+00 
1.058364245e+00 1.220392990e+00 1.374064838e+00 
1.191161701e+00 1.196494955e+00 1.319866999e+00 
1.562216271e+00 1.821561338e+00 1.817622610e+00 
1.225979243e+00 1.365374403e+00 1.561596010e+00 
1.615446937e+00 1.790759426e+00 1.837240233e+00 
1.064613324e+00 1.178438662e+00 1.309891937e+00 
1.057025109e+00 1.145512480e+00 1.216957606e+00 
1.134695012e+00 1.306425916e+00 1.497755611e+00 
1.017296953e+00 1.157727031e+00 1.157107232e+00 
1.372614664e+00 1.353159851e+00 1.541978387e+00 
1.655393371e+00 1.814126394e+00 1.886949293e+00 
1.017296953e+00 1.182687201e+00 1.294763092e+00 
1.096752595e+00 1.176845459e+00 1.280798005e+00 
1.256779377e+00 1.127456187e+00 1.232086451e+00 
1.020421828e+00 1.090812533e+00 1.157107232e+00 
1.013726147e+00 1.000000000e+00 1.000000000e+00 
1.223300971e+00 1.108868826e+00 1.211471322e+00 
1.013726147e+00 1.012745619e+00 1.152784705e+00 

1.310344828e+00 1.621348911e+00 1.733998337e+00 
1.418145296e+00 1.329261816e+00 1.517206983e+00 
1.302756612e+00 1.677642061e+00 1.693931837e+00 
1.257448945e+00 1.354753054e+00 1.561596010e+00 
1.492690325e+00 1.858204992e+00 1.817622610e+00 
1.620020087e+00 1.762612852e+00 1.871986700e+00 
1.221515233e+00 1.373871482e+00 1.575561097e+00 
1.275080683e+00 1.558151885e+00 1.683956775e+00 
1.224193505e+00 1.366967605e+00 1.571238570e+00 
1.319272179e+00 1.452469464e+00 1.605153782e+00 
1.210132574e+00 1.359001593e+00 1.546467165e+00 
1.708737864e+00 1.772172066e+00 1.945635910e+00 
1.259680616e+00 1.537440255e+00 1.621280133e+00 
1.384220288e+00 1.516197557e+00 1.654862843e+00 
1.337015735e+00 1.520977164e+00 1.684289277e+00 
1.222408437e+00 1.447689857e+00 1.596508728e+00 
1.556745899e+00 1.738183749e+00 1.862011638e+00 
1.418814864e+00 1.560807223e+00 1.724355777e+00 
1.611764312e+00 1.621348911e+00 1.778553616e+00 
1.053453632e+00 1.269782262e+00 1.418287614e+00 
1.042740542e+00 1.279341476e+00 1.418453865e+00 
1.233567459e+00 1.355284121e+00 1.506234414e+00 
1.083807834e+00 1.317047265e+00 1.497755611e+00 
1.053453632e+00 1.248539565e+00 1.309891937e+00 
1.392701707e+00 1.469463622e+00 1.699251870e+00 
1.312130566e+00 1.404142326e+00 1.585536160e+00 
1.626601942e+00 1.813595327e+00 1.891604323e+00 
1.463898895e+00 1.551248008e+00 1.734164589e+00 
1.402075661e+00 1.355284121e+00 1.571238570e+00 
1.365249414e+00 1.469994689e+00 1.650540316e+00 
1.385559424e+00 1.462028678e+00 1.635245220e+00 
1.134695012e+00 1.306425916e+00 1.497755611e+00 
1.289141614e+00 1.472650027e+00 1.625602660e+00 
1.465684633e+00 1.405204461e+00 1.625768911e+00 
1.308559089e+00 1.551779076e+00 1.699251870e+00 
1.140944091e+00 1.264471588e+00 1.433582710e+00 
1.169288919e+00 1.372278279e+00 1.546300914e+00 
1.083361232e+00 1.267657993e+00 1.418453865e+00 
1.289811182e+00 1.543813064e+00 1.654862843e+00 
1.061488450e+00 1.270313330e+00 1.447547797e+00 
1.304541681e+00 1.453000531e+00 1.629925187e+00 
1.302979578e+00 1.528943176e+00 1.683956775e+00 
1.276196853e+00 1.536378120e+00 1.606151288e+00 
1.174199531e+00 1.322889007e+00 1.502078138e+00 
1.528624037e+00 1.684014870e+00 1.817622610e+00 
1.182010713e+00 1.463621880e+00 1.575561097e+00 
1.267939069e+00 1.535847053e+00 1.600665004e+00 
1.129784399e+00 1.355815189e+00 1.541978387e+00 
1.472380315e+00 1.463621880e+00 1.683956775e+00 
1.175315032e+00 1.204460967e+00 1.340482128e+00 
1.491128222e+00 1.404142326e+00 1.592186201e+00 
1.157906260e+00 1.450876261e+00 1.555943475e+00 
1.178662872e+00 1.369622942e+00 1.546467165e+00 
1.225979243e+00 1.365374403e+00 1.561596010e+00 
1.058364245e+00 1.220392990e+00 1.374064838e+00 
1.182680281e+00 1.368029740e+00 1.571238570e+00 
1.531302310e+00 1.655868295e+00 1.807647548e+00 
1.185135588e+00 1.397769517e+00 1.575561097e+00 
1.411449615e+00 1.354221986e+00 1.506234414e+00 
1.291373954e+00 1.440785980e+00 1.581213633e+00 
1.507086040e+00 1.671800319e+00 1.813300083e+00 
1.326191496e+00 1.573552841e+00 1.758935993e+00 
1.463675929e+00 1.413701540e+00 1.640897756e+00 
1.017296953e+00 1.182687201e+00 1.294763092e+00 
1.064613324e+00 1.178438662e+00 1.309891937e+00 
1.096752595e+00 1.176845459e+00 1.280798005e+00 
1.017296953e+00 1.157727031e+00 1.157107232e+00 
1.191161701e+00 1.196494955e+00 1.319866999e+00 
1.053118848e+00 1.259691981e+00 1.309891937e+00 
1.057025109e+00 1.145512480e+00 1.216957606e+00 
1.612989622e+00 1.654275093e+00 1.813300083e+00 
1.365249414e+00 1.420074349e+00 1.625768911e+00 
1.256779377e+00 1.127456187e+00 1.232086451e+00 
1.013726147e+00 1.012745619e+00 1.152784705e+00 
1.013726147e+00 1.000000000e+00 1.000000000e+00 
1.223300971e+00 1.108868826e+00 1.211471322e+00 
1.020421828e+00 1.090812533e+00 1.157107232e+00 

1.058364245e+00 1.220392990e+00 1.374064838e+00 
1.449614998e+00 1.470525757e+00 1.699251870e+00 
1.602946100e+00 1.540095592e+00 1.724355777e+00 
1.191161701e+00 1.196494955e+00 1.319866999e+00 
1.538667559e+00 1.599044079e+00 1.778553616e+00 
1.259234684e+00 1.524163569e+00 1.679634248e+00 
1.261689320e+00 1.446096654e+00 1.621280133e+00 
1.287132909e+00 1.554965481e+00 1.683956775e+00 
1.224974891e+00 1.387148168e+00 1.575561097e+00 
1.416583194e+00 1.735528412e+00 1.807647548e+00 
1.519919652e+00 1.709506107e+00 1.778553616e+00 
1.599598259e+00 1.645778014e+00 1.792851205e+00 
1.700703047e+00 1.702071163e+00 1.832917706e+00 
1.264367593e+00 1.618693574e+00 1.683956775e+00 
1.537328423e+00 1.670738184e+00 1.788528678e+00 
1.408324741e+00 1.517259692e+00 1.679634248e+00 
1.468362906e+00 1.424853956e+00 1.629925187e+00 
1.683515233e+00 1.750398301e+00 1.847215295e+00 
1.517910947e+00 1.725969198e+00 1.817622610e+00 
1.683963843e+00 1.779075943e+00 1.862011638e+00 
1.327306997e+00 1.499203399e+00 1.625768911e+00 
1.296172079e+00 1.573021774e+00 1.758935993e+00 
1.334449280e+00 1.431226766e+00 1.585536160e+00 
1.245619685e+00 1.542219862e+00 1.635245220e+00 
1.388907265e+00 1.502389804e+00 1.654862843e+00 
1.053453632e+00 1.248539565e+00 1.309891937e+00 
1.517910947e+00 1.826340945e+00 1.862011638e+00 
1.573485102e+00 1.808815720e+00 1.891604323e+00 
1.426849682e+00 1.496548062e+00 1.650540316e+00 
1.429527954e+00 1.434944238e+00 1.625768911e+00 
1.735741547e+00 1.758895380e+00 1.945635910e+00 
1.303426180e+00 1.437599575e+00 1.606151288e+00 
1.102555742e+00 1.308019118e+00 1.526849543e+00 
1.175315032e+00 1.204460967e+00 1.340482128e+00 
1.677268162e+00 1.537440255e+00 1.734164589e+00 
1.276866421e+00 1.459904408e+00 1.625602660e+00 
1.127552728e+00 1.355284121e+00 1.571238570e+00 
1.083361232e+00 1.267657993e+00 1.418453865e+00 
1.669233344e+00 1.594264472e+00 1.821945137e+00 
1.337127553e+00 1.451407329e+00 1.629925187e+00 
1.058140609e+00 1.342007435e+00 1.403158770e+00 
1.517241379e+00 1.463090813e+00 1.650540316e+00 
1.631958487e+00 1.728093468e+00 1.821945137e+00 
1.140944091e+00 1.264471588e+00 1.433582710e+00 
1.720455306e+00 1.868826341e+00 1.945635910e+00 
1.232228323e+00 1.474774296e+00 1.625602660e+00 
1.185135588e+00 1.397769517e+00 1.575561097e+00 
1.057025109e+00 1.145512480e+00 1.216957606e+00 
1.335788416e+00 1.515135422e+00 1.654862843e+00 
1.341367928e+00 1.511417950e+00 1.669991687e+00 
1.064613324e+00 1.178438662e+00 1.309891937e+00 
1.017296953e+00 1.182687201e+00 1.294763092e+00 
1.092065618e+00 1.361125863e+00 1.555943475e+00 
1.247852025e+00 1.415825810e+00 1.581213633e+00 
1.096752595e+00 1.176845459e+00 1.280798005e+00 
1.850016739e+00 1.737652682e+00 1.871986700e+00 
1.053118848e+00 1.259691981e+00 1.309891937e+00 
1.017296953e+00 1.157727031e+00 1.157107232e+00 
1.061488450e+00 1.270313330e+00 1.447547797e+00 
1.013726147e+00 1.000000000e+00 1.000000000e+00 
1.013726147e+00 1.012745619e+00 1.152784705e+00 
1.256779377e+00 1.127456187e+00 1.232086451e+00 
1.223300971e+00 1.108868826e+00 1.211471322e+00 
1.020421828e+00 1.090812533e+00 1.157107232e+00 

1.083807834e+00 1.317047265e+00 1.497755611e+00 
1.402075661e+00 1.355284121e+00 1.571238570e+00 
1.306662203e+00 1.551779076e+00 1.699251870e+00 
1.566789421e+00 1.421136484e+00 1.654862843e+00 
1.496931369e+00 1.612320765e+00 1.886949293e+00 
1.302979578e+00 1.528943176e+00 1.683956775e+00 
1.486106461e+00 1.875199150e+00 1.813300083e+00 
1.088048209e+00 1.266595858e+00 1.353449709e+00 
1.437562772e+00 1.441317047e+00 1.629925187e+00 
1.381542015e+00 1.670738184e+00 1.763258520e+00 
1.467693338e+00 1.469463622e+00 1.699251870e+00 
1.225979243e+00 1.365374403e+00 1.561596010e+00 
1.061042518e+00 1.260754116e+00 1.344804655e+00 
1.459211918e+00 1.767392459e+00 1.807980050e+00 
1.276866421e+00 1.366967605e+00 1.571238570e+00 
1.083361232e+00 1.267657993e+00 1.418453865e+00 
1.042740542e+00 1.279341476e+00 1.418453865e+00 
1.374623368e+00 1.314391928e+00 1.488113051e+00 
1.150764647e+00 1.230483271e+00 1.340648379e+00 
1.053453632e+00 1.248539565e+00 1.309891937e+00 
1.076888517e+00 1.252788104e+00 1.324189526e+00 
1.354536324e+00 1.387148168e+00 1.575561097e+00 
1.164601942e+00 1.220392990e+00 1.374064838e+00 
1.140944091e+00 1.264471588e+00 1.433582710e+00 
1.191161701e+00 1.196494955e+00 1.319866999e+00 
1.497154335e+00 1.422198619e+00 1.654862843e+00 
1.461332441e+00 1.818374934e+00 1.812302577e+00 
1.358776699e+00 1.443441317e+00 1.585536160e+00 
1.281106796e+00 1.346787042e+00 1.502078138e+00 
1.288249079e+00 1.346255975e+00 1.502078138e+00 
1.053118848e+00 1.259691981e+00 1.309891937e+00 
1.311014396e+00 1.443972384e+00 1.679634248e+00 
1.241379310e+00 1.580987785e+00 1.683956775e+00 
1.212699699e+00 1.527881041e+00 1.679634248e+00 
1.460551055e+00 1.505576208e+00 1.778553616e+00 
1.085146970e+00 1.353159851e+00 1.541978387e+00 
1.126660194e+00 1.247477430e+00 1.369742311e+00 
1.175315032e+00 1.204460967e+00 1.340482128e+00 
1.203213927e+00 1.456186936e+00 1.621280133e+00 
1.456533646e+00 1.523101434e+00 1.763258520e+00 
1.092065618e+00 1.361125863e+00 1.555943475e+00 
1.405311684e+00 1.655868295e+00 1.807647548e+00 
1.061488450e+00 1.270313330e+00 1.447547797e+00 
1.244504185e+00 1.465746150e+00 1.635245220e+00 
1.061488450e+00 1.245353160e+00 1.309891937e+00 
1.325967861e+00 1.321826872e+00 1.502078138e+00 
1.176654168e+00 1.398831652e+00 1.575561097e+00 
1.017296953e+00 1.182687201e+00 1.294763092e+00 
1.443811851e+00 1.500265534e+00 1.679966750e+00 
1.392032139e+00 1.406797663e+00 1.625768911e+00 
1.057025109e+00 1.145512480e+00 1.216957606e+00 
1.256779377e+00 1.127456187e+00 1.232086451e+00 
1.260573820e+00 1.621879979e+00 1.738320865e+00 
1.096752595e+00 1.176845459e+00 1.280798005e+00 
1.064613324e+00 1.178438662e+00 1.309891937e+00 
1.223300971e+00 1.108868826e+00 1.211471322e+00 
1.017296953e+00 1.157727031e+00 1.157107232e+00 
1.599819217e+00 1.851832183e+00 1.945635910e+00 
1.013726147e+00 1.000000000e+00 1.000000000e+00 
1.633076666e+00 1.760488582e+00 1.891604323e+00 
1.013726147e+00 1.012745619e+00 1.152784705e+00 
1.053453632e+00 1.269782262e+00 1.418287614e+00 
1.020421828e+00 1.090812533e+00 1.157107232e+00 

1.099653833e+00 1.352097716e+00 1.482460515e+00 
1.453855373e+00 1.597450876e+00 1.713549460e+00 
1.473942417e+00 1.564524695e+00 1.734164589e+00 
1.340698360e+00 1.614445035e+00 1.758935993e+00 
1.518133914e+00 1.580456718e+00 1.763258520e+00 
1.477736860e+00 1.692511949e+00 1.886949293e+00 
1.707619685e+00 1.864577801e+00 1.920698254e+00 
1.590893873e+00 1.403611259e+00 1.575893599e+00 
1.158575829e+00 1.381837493e+00 1.546467165e+00 
1.306327419e+00 1.319702602e+00 1.526849543e+00 
1.292266488e+00 1.457780138e+00 1.634247714e+00 
1.185135588e+00 1.397769517e+00 1.575561097e+00 
1.204664881e+00 1.662772172e+00 1.683956775e+00 
1.558754603e+00 1.689325544e+00 1.862011638e+00 
1.596471376e+00 1.652150823e+00 1.778553616e+00 
1.276866421e+00 1.366967605e+00 1.571238570e+00 
1.174199531e+00 1.322889007e+00 1.502078138e+00 
1.121080013e+00 1.340414233e+00 1.476974231e+00 
1.415020422e+00 1.421136484e+00 1.654862843e+00 
1.785289588e+00 1.642060542e+00 1.778553616e+00 
1.641111483e+00 1.404142326e+00 1.585536160e+00 
1.432094409e+00 1.717472119e+00 1.792851205e+00 
1.463229327e+00 1.576208178e+00 1.729842062e+00 
1.350072313e+00 1.496548062e+00 1.650540316e+00 
1.185470372e+00 1.370685077e+00 1.571238570e+00 
1.616558420e+00 1.893786511e+00 1.945635910e+00 
1.257448945e+00 1.354753054e+00 1.561596010e+00 
1.085146970e+00 1.353159851e+00 1.541978387e+00 
1.140944091e+00 1.264471588e+00 1.433582710e+00 
1.429081353e+00 1.548061604e+00 1.699251870e+00 
1.399174422e+00 1.607010090e+00 1.704904406e+00 
1.226425845e+00 1.446096654e+00 1.621280133e+00 
1.053118848e+00 1.259691981e+00 1.309891937e+00 
1.262358889e+00 1.533191715e+00 1.683956775e+00 
1.523267492e+00 1.406266596e+00 1.625768911e+00 
1.256109809e+00 1.594795539e+00 1.683956775e+00 
1.440464011e+00 1.663303240e+00 1.807647548e+00 
1.191161701e+00 1.196494955e+00 1.319866999e+00 
1.083361232e+00 1.267657993e+00 1.418453865e+00 
1.053453632e+00 1.248539565e+00 1.309891937e+00 
1.481084700e+00 1.655868295e+00 1.807647548e+00 
1.042740542e+00 1.279341476e+00 1.418453865e+00 
1.682845665e+00 1.674986723e+00 1.886949293e+00 
1.102332106e+00 1.429633563e+00 1.555943475e+00 
1.232228323e+00 1.474774296e+00 1.625602660e+00 
1.311014396e+00 1.523632501e+00 1.679634248e+00 
1.053453632e+00 1.269782262e+00 1.418287614e+00 
1.175315032e+00 1.204460967e+00 1.340482128e+00 
1.061488450e+00 1.270313330e+00 1.447547797e+00 
1.017296953e+00 1.157727031e+00 1.157107232e+00 
1.017296953e+00 1.182687201e+00 1.294763092e+00 
1.064613324e+00 1.178438662e+00 1.309891937e+00 
1.058364245e+00 1.220392990e+00 1.374064838e+00 
1.372168062e+00 1.443972384e+00 1.585536160e+00 
1.223300971e+00 1.108868826e+00 1.211471322e+00 
1.256779377e+00 1.127456187e+00 1.232086451e+00 
1.096752595e+00 1.176845459e+00 1.280798005e+00 
1.057025109e+00 1.145512480e+00 1.216957606e+00 
1.013726147e+00 1.000000000e+00 1.000000000e+00 
1.013726147e+00 1.012745619e+00 1.152784705e+00 
1.020421828e+00 1.090812533e+00 1.157107232e+00 

1.239817208e+00 1.329792884e+00 1.493433084e+00 
1.610311349e+00 1.561338290e+00 1.778553616e+00 
1.121080013e+00 1.340414233e+00 1.476974231e+00 
1.406650820e+00 1.604885820e+00 1.763258520e+00 
1.235799799e+00 1.331386086e+00 1.468661679e+00 
1.329985270e+00 1.481678173e+00 1.650540316e+00 
1.849568129e+00 1.698884758e+00 1.886949293e+00 
1.550940743e+00 1.894317578e+00 1.866334165e+00 
1.651824573e+00 1.544344132e+00 1.713549460e+00 
1.086932039e+00 1.366967605e+00 1.571238570e+00 
1.225979243e+00 1.365374403e+00 1.561596010e+00 
1.325967861e+00 1.321826872e+00 1.502078138e+00 
1.573933713e+00 1.730217738e+00 1.886949293e+00 
1.370159357e+00 1.446096654e+00 1.654862843e+00 
1.517910947e+00 1.814657461e+00 1.813300083e+00 
1.679946435e+00 1.523632501e+00 1.680133001e+00 
1.815868765e+00 1.795539033e+00 1.945635910e+00 
1.110813525e+00 1.352097716e+00 1.476974231e+00 
1.599598259e+00 1.685608072e+00 1.821945137e+00 
1.176654168e+00 1.398831652e+00 1.575561097e+00 
1.383774356e+00 1.617631439e+00 1.778553616e+00 
1.468362906e+00 1.317578332e+00 1.517206983e+00 
1.647137596e+00 1.659054700e+00 1.817622610e+00 
1.472826917e+00 1.670207116e+00 1.788528678e+00 
1.690880482e+00 1.631439193e+00 1.817622610e+00 
1.265930365e+00 1.602230483e+00 1.704904406e+00 
1.191161701e+00 1.196494955e+00 1.319866999e+00 
1.713424841e+00 1.769516729e+00 1.941313383e+00 
1.372614664e+00 1.353159851e+00 1.541978387e+00 
1.665215936e+00 1.519383962e+00 1.655195345e+00 
1.575493806e+00 1.574083909e+00 1.778553616e+00 
1.092065618e+00 1.361125863e+00 1.555943475e+00 
1.058364245e+00 1.220392990e+00 1.374064838e+00 
1.334002678e+00 1.451938396e+00 1.635245220e+00 
1.479298962e+00 1.847583643e+00 1.797007481e+00 
1.140944091e+00 1.264471588e+00 1.433582710e+00 
1.053453632e+00 1.248539565e+00 1.309891937e+00 
1.053118848e+00 1.259691981e+00 1.309891937e+00 
1.199643120e+00 1.419543282e+00 1.625768911e+00 
1.483428189e+00 1.600637281e+00 1.778553616e+00 
1.468362906e+00 1.424853956e+00 1.629925187e+00 
1.042740542e+00 1.279341476e+00 1.418453865e+00 
1.175315032e+00 1.204460967e+00 1.340482128e+00 
1.457649816e+00 1.813595327e+00 1.792851205e+00 
1.526168731e+00 1.899097185e+00 1.817622610e+00 
1.523937061e+00 1.569835369e+00 1.719201995e+00 
1.129784399e+00 1.355815189e+00 1.541978387e+00 
1.083361232e+00 1.267657993e+00 1.418453865e+00 
1.418145296e+00 1.329261816e+00 1.517206983e+00 
1.250753264e+00 1.323951142e+00 1.478137988e+00 
1.302979578e+00 1.528943176e+00 1.683956775e+00 
1.338466689e+00 1.404142326e+00 1.592186201e+00 
1.641332441e+00 1.717472119e+00 1.832917706e+00 
1.513446937e+00 1.612851832e+00 1.807647548e+00 
1.571255440e+00 1.805098247e+00 1.817622610e+00 
1.235576163e+00 1.346255975e+00 1.502078138e+00 
1.677937730e+00 1.852894318e+00 1.920698254e+00 
1.256779377e+00 1.127456187e+00 1.232086451e+00 
1.017296953e+00 1.182687201e+00 1.294763092e+00 
1.284901239e+00 1.524694636e+00 1.654862843e+00 
1.115500502e+00 1.344131705e+00 1.461845387e+00 
1.064613324e+00 1.178438662e+00 1.309891937e+00 
1.096752595e+00 1.176845459e+00 1.280798005e+00 
1.053453632e+00 1.269782262e+00 1.418287614e+00 
1.061488450e+00 1.270313330e+00 1.447547797e+00 
1.380872447e+00 1.526287839e+00 1.699251870e+00 
1.057025109e+00 1.145512480e+00 1.216957606e+00 
1.017296953e+00 1.157727031e+00 1.157107232e+00 
1.665436893e+00 1.670738184e+00 1.866334165e+00 
1.013726147e+00 1.000000000e+00 1.000000000e+00 
1.223300971e+00 1.108868826e+00 1.211471322e+00 
1.013726147e+00 1.012745619e+00 1.152784705e+00 
1.020421828e+00 1.090812533e+00 1.157107232e+00 

1.676819551e+00 1.799787573e+00 1.945635910e+00 
1.061488450e+00 1.270313330e+00 1.447547797e+00 
1.326414463e+00 1.518321827e+00 1.629925187e+00 
1.754938065e+00 1.618693574e+00 1.807980050e+00 
1.653384667e+00 1.596919809e+00 1.778553616e+00 
1.639772347e+00 1.747742963e+00 1.862011638e+00 
1.342037496e+00 1.537971322e+00 1.679634248e+00 
1.583414797e+00 1.767392459e+00 1.866334165e+00 
1.271063274e+00 1.638874137e+00 1.758935993e+00 
1.182680281e+00 1.368029740e+00 1.571238570e+00 
1.306327419e+00 1.319702602e+00 1.526849543e+00 
1.368597255e+00 1.306425916e+00 1.497755611e+00 
1.129784399e+00 1.355815189e+00 1.541978387e+00 
1.144961500e+00 1.369622942e+00 1.546300914e+00 
1.294275193e+00 1.329792884e+00 1.493433084e+00 
1.288249079e+00 1.346255975e+00 1.502078138e+00 
1.281106796e+00 1.346787042e+00 1.502078138e+00 
1.158575829e+00 1.381837493e+00 1.546467165e+00 
1.904251758e+00 1.740839087e+00 1.871986700e+00 
1.289811182e+00 1.575677111e+00 1.699251870e+00 
1.042740542e+00 1.279341476e+00 1.418453865e+00 
1.159691999e+00 1.431757833e+00 1.614630091e+00 
1.083361232e+00 1.267657993e+00 1.418453865e+00 
1.053453632e+00 1.248539565e+00 1.309891937e+00 
1.276866421e+00 1.366967605e+00 1.571238570e+00 
1.140944091e+00 1.264471588e+00 1.433582710e+00 
1.642785403e+00 1.621879979e+00 1.778553616e+00 
1.416806160e+00 1.499203399e+00 1.763258520e+00 
1.374400402e+00 1.477960701e+00 1.654862843e+00 
1.372614664e+00 1.353159851e+00 1.541978387e+00 
1.058364245e+00 1.220392990e+00 1.374064838e+00 
1.354536324e+00 1.526818906e+00 1.654862843e+00 
1.511996652e+00 1.635156665e+00 1.837240233e+00 
1.373284232e+00 1.373871482e+00 1.575561097e+00 
1.373284232e+00 1.317578332e+00 1.517206983e+00 
1.712534315e+00 1.754115773e+00 1.866334165e+00 
1.328646133e+00 1.504514073e+00 1.629925187e+00 
1.257448945e+00 1.354753054e+00 1.561596010e+00 
1.432875795e+00 1.386617100e+00 1.575893599e+00 
1.191161701e+00 1.196494955e+00 1.319866999e+00 
1.053453632e+00 1.269782262e+00 1.418287614e+00 
1.664546368e+00 1.810408922e+00 1.891604323e+00 
1.317933043e+00 1.531598513e+00 1.669991687e+00 
1.251199866e+00 1.396707382e+00 1.625768911e+00 
1.053118848e+00 1.259691981e+00 1.309891937e+00 
1.064613324e+00 1.178438662e+00 1.309891937e+00 
1.612541011e+00 1.805098247e+00 1.871986700e+00 
1.137373284e+00 1.346787042e+00 1.468495428e+00 
1.126883160e+00 1.414232608e+00 1.526849543e+00 
1.185135588e+00 1.397769517e+00 1.575561097e+00 
1.121080013e+00 1.420605417e+00 1.476974231e+00 
1.175315032e+00 1.204460967e+00 1.340482128e+00 
1.244504185e+00 1.323951142e+00 1.478137988e+00 
1.057025109e+00 1.145512480e+00 1.216957606e+00 
1.096752595e+00 1.176845459e+00 1.280798005e+00 
1.194286575e+00 1.348911312e+00 1.502078138e+00 
1.017296953e+00 1.182687201e+00 1.294763092e+00 
1.017296953e+00 1.157727031e+00 1.157107232e+00 
1.223300971e+00 1.108868826e+00 1.211471322e+00 
1.020421828e+00 1.090812533e+00 1.157107232e+00 
1.256779377e+00 1.127456187e+00 1.232086451e+00 
1.013726147e+00 1.012745619e+00 1.152784705e+00 
1.013726147e+00 1.000000000e+00 1.000000000e+00 

1.529628390e+00 1.523632501e+00 1.693931837e+00 
1.591563442e+00 1.404142326e+00 1.592186201e+00 
1.356545028e+00 1.574083909e+00 1.699251870e+00 
1.732172749e+00 1.558151885e+00 1.749293433e+00 
1.490458654e+00 1.597981944e+00 1.713549460e+00 
1.340028791e+00 1.487519915e+00 1.635245220e+00 
1.432875795e+00 1.406797663e+00 1.601828761e+00 
1.189822564e+00 1.492830589e+00 1.600665004e+00 
1.446936726e+00 1.595326606e+00 1.699584372e+00 
1.443365919e+00 1.644715879e+00 1.763258520e+00 
1.415020422e+00 1.484864578e+00 1.634247714e+00 
1.165271510e+00 1.383961763e+00 1.546467165e+00 
1.319272179e+00 1.429633563e+00 1.585536160e+00 
1.169288919e+00 1.372278279e+00 1.546300914e+00 
1.479075996e+00 1.404673394e+00 1.585536160e+00 
1.232005357e+00 1.461497610e+00 1.606151288e+00 
1.210132574e+00 1.359001593e+00 1.546467165e+00 
1.274411115e+00 1.361656930e+00 1.555943475e+00 
1.368597255e+00 1.306425916e+00 1.497755611e+00 
1.530855708e+00 1.721720659e+00 1.866334165e+00 
1.483651155e+00 1.720658524e+00 1.807647548e+00 
1.083807834e+00 1.317047265e+00 1.497755611e+00 
1.376185470e+00 1.444503452e+00 1.621446384e+00 
1.219953130e+00 1.560807223e+00 1.610307564e+00 
1.206561768e+00 1.466277217e+00 1.606151288e+00 
1.427519250e+00 1.484333510e+00 1.650540316e+00 
1.729045865e+00 1.685077005e+00 1.821945137e+00 
1.351635085e+00 1.747211896e+00 1.709226933e+00 
1.772125879e+00 1.685077005e+00 1.871986700e+00 
1.501171744e+00 1.569304302e+00 1.684455528e+00 
1.484655507e+00 1.613913967e+00 1.749293433e+00 
1.516571811e+00 1.579394583e+00 1.757938487e+00 
1.248967526e+00 1.489113117e+00 1.683956775e+00 
1.058364245e+00 1.220392990e+00 1.374064838e+00 
1.567679946e+00 1.706319703e+00 1.886949293e+00 
1.093627720e+00 1.268720127e+00 1.418453865e+00 
1.185135588e+00 1.397769517e+00 1.575561097e+00 
1.053453632e+00 1.269782262e+00 1.418287614e+00 
1.140944091e+00 1.264471588e+00 1.433582710e+00 
1.102332106e+00 1.429633563e+00 1.555943475e+00 
1.580401741e+00 1.616569304e+00 1.758935993e+00 
1.441133579e+00 1.771109931e+00 1.862011638e+00 
1.393817877e+00 1.697822623e+00 1.713549460e+00 
1.270170740e+00 1.366436537e+00 1.561596010e+00 
1.384666890e+00 1.366967605e+00 1.571238570e+00 
1.053453632e+00 1.248539565e+00 1.309891937e+00 
1.549715434e+00 1.567711099e+00 1.709226933e+00 
1.102555742e+00 1.308019118e+00 1.526849543e+00 
1.175315032e+00 1.204460967e+00 1.340482128e+00 
1.476620690e+00 1.429633563e+00 1.621446384e+00 
1.629728825e+00 1.674986723e+00 1.817622610e+00 
1.061488450e+00 1.270313330e+00 1.447547797e+00 
1.606293940e+00 1.697822623e+00 1.891604323e+00 
1.017296953e+00 1.157727031e+00 1.157107232e+00 
1.497712086e+00 1.761019649e+00 1.941313383e+00 
1.911617007e+00 1.660647902e+00 1.821945137e+00 
1.395714764e+00 1.657461498e+00 1.757938487e+00 
1.064613324e+00 1.178438662e+00 1.309891937e+00 
1.017296953e+00 1.182687201e+00 1.294763092e+00 
1.191161701e+00 1.196494955e+00 1.319866999e+00 
1.592233010e+00 1.501858736e+00 1.709226933e+00 
1.053118848e+00 1.259691981e+00 1.309891937e+00 
1.057025109e+00 1.145512480e+00 1.216957606e+00 
1.256779377e+00 1.127456187e+00 1.232086451e+00 
1.096752595e+00 1.176845459e+00 1.280798005e+00 
1.135140944e+00 1.267657993e+00 1.418453865e+00 
1.339359223e+00 1.486457780e+00 1.625768911e+00 
1.020421828e+00 1.090812533e+00 1.157107232e+00 
1.013726147e+00 1.000000000e+00 1.000000000e+00 
1.223300971e+00 1.108868826e+00 1.211471322e+00 
1.013726147e+00 1.012745619e+00 1.152784705e+00 

1.474054235e+00 1.636749867e+00 1.778553616e+00 
1.373284232e+00 1.373871482e+00 1.575561097e+00 
1.275080683e+00 1.558151885e+00 1.683956775e+00 
1.586541681e+00 1.852894318e+00 1.941313383e+00 
1.176654168e+00 1.398831652e+00 1.575561097e+00 
1.053453632e+00 1.269782262e+00 1.418287614e+00 
1.175315032e+00 1.204460967e+00 1.340482128e+00 
1.552058922e+00 1.412108338e+00 1.581213633e+00 
1.329985270e+00 1.425916091e+00 1.581213633e+00 
1.535989287e+00 1.528412108e+00 1.699584372e+00 
1.053118848e+00 1.259691981e+00 1.309891937e+00 
1.704720455e+00 1.539033457e+00 1.709226933e+00 
1.585758286e+00 1.677110993e+00 1.821945137e+00 
1.332440576e+00 1.433882103e+00 1.654862843e+00 
1.907599598e+00 1.799256506e+00 1.945635910e+00 
1.515232675e+00 1.551248008e+00 1.699584372e+00 
1.143845330e+00 1.439723845e+00 1.635245220e+00 
1.224974891e+00 1.387148168e+00 1.575561097e+00 
1.446490124e+00 1.552310143e+00 1.709226933e+00 
1.487110814e+00 1.456186936e+00 1.699251870e+00 
1.439571476e+00 1.630377058e+00 1.734164589e+00 
1.784620020e+00 1.997344663e+00 1.945635910e+00 
1.455529294e+00 1.633032395e+00 1.758935993e+00 
1.721680616e+00 1.651088688e+00 1.821945137e+00 
1.471041178e+00 1.432288901e+00 1.625768911e+00 
1.093627720e+00 1.268720127e+00 1.418453865e+00 
1.252984935e+00 1.603823686e+00 1.669991687e+00 
1.476397723e+00 1.575146044e+00 1.807647548e+00 
1.086932039e+00 1.366967605e+00 1.571238570e+00 
1.635085370e+00 1.663834307e+00 1.886949293e+00 
1.524383663e+00 1.753584705e+00 1.886949293e+00 
1.439571476e+00 1.635687732e+00 1.749293433e+00 
1.102555742e+00 1.308019118e+00 1.526849543e+00 
1.042740542e+00 1.279341476e+00 1.418453865e+00 
1.427742216e+00 1.721720659e+00 1.817622610e+00 
1.053453632e+00 1.248539565e+00 1.309891937e+00 
1.329650485e+00 1.691449814e+00 1.738320865e+00 
1.017296953e+00 1.182687201e+00 1.294763092e+00 
1.058364245e+00 1.220392990e+00 1.374064838e+00 
1.441133579e+00 1.716409984e+00 1.821945137e+00 
1.064613324e+00 1.178438662e+00 1.309891937e+00 
1.135140944e+00 1.267657993e+00 1.418453865e+00 
1.191161701e+00 1.196494955e+00 1.319866999e+00 
1.306996987e+00 1.483271375e+00 1.699251870e+00 
1.127552728e+00 1.355284121e+00 1.571238570e+00 
1.140944091e+00 1.264471588e+00 1.433582710e+00 
1.061488450e+00 1.270313330e+00 1.447547797e+00 
1.289811182e+00 1.575677111e+00 1.699251870e+00 
1.057025109e+00 1.145512480e+00 1.216957606e+00 
1.017296953e+00 1.157727031e+00 1.157107232e+00 
1.096752595e+00 1.176845459e+00 1.280798005e+00 
1.256779377e+00 1.127456187e+00 1.232086451e+00 
1.223300971e+00 1.108868826e+00 1.211471322e+00 
1.013726147e+00 1.012745619e+00 1.152784705e+00 
1.020421828e+00 1.090812533e+00 1.157107232e+00 
1.013726147e+00 1.000000000e+00 1.000000000e+00 

1.723468363e+00 1.829527350e+00 1.866334165e+00 
1.346948108e+00 1.573021774e+00 1.713549460e+00 
1.102332106e+00 1.429633563e+00 1.555943475e+00 
1.134695012e+00 1.306425916e+00 1.497755611e+00 
1.714763977e+00 1.867764206e+00 1.920698254e+00 
1.152773351e+00 1.423791822e+00 1.600665004e+00 
1.497823904e+00 1.553372278e+00 1.757938487e+00 
1.268385002e+00 1.563993627e+00 1.654862843e+00 
1.221515233e+00 1.373871482e+00 1.575561097e+00 
1.058364245e+00 1.220392990e+00 1.374064838e+00 
1.210132574e+00 1.359001593e+00 1.546467165e+00 
1.083807834e+00 1.317047265e+00 1.497755611e+00 
1.409887513e+00 1.658523633e+00 1.763258520e+00 
1.418814864e+00 1.557620818e+00 1.713549460e+00 
1.650264479e+00 1.668613914e+00 1.807980050e+00 
1.819216605e+00 1.736059480e+00 1.837240233e+00 
1.085146970e+00 1.353159851e+00 1.541978387e+00 
1.624593237e+00 1.608603293e+00 1.792851205e+00 
1.941078005e+00 1.730217738e+00 1.812302577e+00 
1.140944091e+00 1.264471588e+00 1.433582710e+00 
1.134583194e+00 1.381306426e+00 1.571238570e+00 
1.480861734e+00 1.607010090e+00 1.738320865e+00 
1.175984600e+00 1.438130643e+00 1.606151288e+00 
1.564780716e+00 1.768985661e+00 1.847215295e+00 
1.491797790e+00 1.883696229e+00 1.920698254e+00 
1.061488450e+00 1.270313330e+00 1.447547797e+00 
1.225979243e+00 1.365374403e+00 1.561596010e+00 
1.519027118e+00 1.733404142e+00 1.807647548e+00 
1.421716103e+00 1.461497610e+00 1.683956775e+00 
1.458096418e+00 1.619755709e+00 1.728678304e+00 
1.197410780e+00 1.398831652e+00 1.575561097e+00 
1.202097757e+00 1.361656930e+00 1.555943475e+00 
1.572145966e+00 1.528412108e+00 1.734164589e+00 
1.340028791e+00 1.396707382e+00 1.635245220e+00 
1.497154335e+00 1.422198619e+00 1.654862843e+00 
1.289923000e+00 1.541157727e+00 1.679634248e+00 
1.546923334e+00 1.722251726e+00 1.807647548e+00 
1.431536659e+00 1.308019118e+00 1.526849543e+00 
1.405535320e+00 1.630908125e+00 1.758935993e+00 
1.781272179e+00 1.750398301e+00 1.837240233e+00 
1.598928691e+00 1.719596389e+00 1.778553616e+00 
1.727706729e+00 1.757302177e+00 1.945635910e+00 
1.418145296e+00 1.329261816e+00 1.517206983e+00 
1.281888182e+00 1.588953797e+00 1.699251870e+00 
1.678607298e+00 1.852363250e+00 1.886949293e+00 
1.191161701e+00 1.196494955e+00 1.319866999e+00 
1.651824573e+00 1.827934148e+00 1.862011638e+00 
1.169288919e+00 1.372278279e+00 1.546300914e+00 
1.242495480e+00 1.489644185e+00 1.635245220e+00 
1.318602611e+00 1.496548062e+00 1.699251870e+00 
1.383215936e+00 1.822623473e+00 1.742643392e+00 
1.494476063e+00 1.415294742e+00 1.640897756e+00 
1.053118848e+00 1.259691981e+00 1.309891937e+00 
1.178662872e+00 1.369622942e+00 1.546467165e+00 
1.182680281e+00 1.368029740e+00 1.571238570e+00 
1.053453632e+00 1.269782262e+00 1.418287614e+00 
1.053453632e+00 1.248539565e+00 1.309891937e+00 
1.219730164e+00 1.407328731e+00 1.625768911e+00 
1.042740542e+00 1.279341476e+00 1.418453865e+00 
1.476620690e+00 1.616038237e+00 1.734164589e+00 
1.175315032e+00 1.204460967e+00 1.340482128e+00 
1.223300971e+00 1.108868826e+00 1.211471322e+00 
1.390023435e+00 1.636749867e+00 1.749293433e+00 
1.728824908e+00 1.731279873e+00 1.817622610e+00 
1.064613324e+00 1.178438662e+00 1.309891937e+00 
1.057025109e+00 1.145512480e+00 1.216957606e+00 
1.096752595e+00 1.176845459e+00 1.280798005e+00 
1.083361232e+00 1.267657993e+00 1.418453865e+00 
1.256779377e+00 1.127456187e+00 1.232086451e+00 
1.017296953e+00 1.182687201e+00 1.294763092e+00 
1.013726147e+00 1.012745619e+00 1.152784705e+00 
1.017296953e+00 1.157727031e+00 1.157107232e+00 
1.013726147e+00 1.000000000e+00 1.000000000e+00 
1.020421828e+00 1.090812533e+00 1.157107232e+00 

1.134583194e+00 1.381306426e+00 1.571238570e+00 
1.243610981e+00 1.597981944e+00 1.679634248e+00 
1.373284232e+00 1.373871482e+00 1.575561097e+00 
1.334449280e+00 1.368029740e+00 1.571238570e+00 
1.740207566e+00 1.862984599e+00 1.941313383e+00 
1.505189153e+00 1.852363250e+00 1.886949293e+00 
1.797790425e+00 1.789166224e+00 1.891604323e+00 
1.197410780e+00 1.398831652e+00 1.575561097e+00 
1.803816538e+00 1.762612852e+00 1.920698254e+00 
1.253878139e+00 1.623473181e+00 1.683956775e+00 
1.351858052e+00 1.406266596e+00 1.625602660e+00 
1.318044861e+00 1.707381837e+00 1.807647548e+00 
1.765872112e+00 1.827934148e+00 1.920698254e+00 
1.140944091e+00 1.264471588e+00 1.433582710e+00 
1.223078005e+00 1.501327669e+00 1.654862843e+00 
1.133355875e+00 1.430164631e+00 1.555943475e+00 
1.892869099e+00 1.720658524e+00 1.862344140e+00 
1.413235353e+00 1.613913967e+00 1.807647548e+00 
1.590893873e+00 1.403611259e+00 1.575893599e+00 
1.547592903e+00 1.767923526e+00 1.886949293e+00 
1.187144292e+00 1.438130643e+00 1.600665004e+00 
1.053453632e+00 1.269782262e+00 1.418287614e+00 
1.566119853e+00 1.612851832e+00 1.807647548e+00 
1.199196518e+00 1.370154010e+00 1.546467165e+00 
1.175315032e+00 1.204460967e+00 1.340482128e+00 
1.225979243e+00 1.365374403e+00 1.561596010e+00 
1.053118848e+00 1.259691981e+00 1.309891937e+00 
1.053453632e+00 1.248539565e+00 1.309891937e+00 
1.085146970e+00 1.353159851e+00 1.541978387e+00 
1.210132574e+00 1.359001593e+00 1.546467165e+00 
1.465684633e+00 1.722251726e+00 1.817622610e+00 
1.263475059e+00 1.483802443e+00 1.699251870e+00 
1.543133579e+00 1.779075943e+00 1.886949293e+00 
1.061488450e+00 1.270313330e+00 1.447547797e+00 
1.274411115e+00 1.361656930e+00 1.555943475e+00 
1.362124540e+00 1.633032395e+00 1.733998337e+00 
1.457649816e+00 1.405735528e+00 1.650540316e+00 
1.525722799e+00 1.753053638e+00 1.866334165e+00 
1.658968865e+00 1.975570898e+00 1.945635910e+00 
1.058364245e+00 1.220392990e+00 1.374064838e+00 
1.102555742e+00 1.308019118e+00 1.526849543e+00 
1.385559424e+00 1.528943176e+00 1.709226933e+00 
1.449614998e+00 1.470525757e+00 1.699251870e+00 
1.548711081e+00 1.737121614e+00 1.837240233e+00 
1.698694342e+00 1.853956452e+00 1.891604323e+00 
1.042740542e+00 1.279341476e+00 1.418453865e+00 
1.431536659e+00 1.471587892e+00 1.699251870e+00 
1.284901239e+00 1.464152947e+00 1.635245220e+00 
1.191161701e+00 1.196494955e+00 1.319866999e+00 
1.017296953e+00 1.157727031e+00 1.157107232e+00 
1.465684633e+00 1.405204461e+00 1.625768911e+00 
1.402075661e+00 1.531598513e+00 1.778553616e+00 
1.017296953e+00 1.182687201e+00 1.294763092e+00 
1.096752595e+00 1.176845459e+00 1.280798005e+00 
1.013726147e+00 1.012745619e+00 1.152784705e+00 
1.013726147e+00 1.000000000e+00 1.000000000e+00 
1.223300971e+00 1.108868826e+00 1.211471322e+00 
1.256779377e+00 1.127456187e+00 1.232086451e+00 
1.064613324e+00 1.178438662e+00 1.309891937e+00 
1.083361232e+00 1.267657993e+00 1.418453865e+00 
1.057025109e+00 1.145512480e+00 1.216957606e+00 
1.020421828e+00 1.090812533e+00 1.157107232e+00 

1.785068631e+00 1.809877854e+00 1.891604323e+00 
1.242941413e+00 1.483271375e+00 1.699251870e+00 
1.397388684e+00 1.490706320e+00 1.749293433e+00 
1.246958822e+00 1.470525757e+00 1.699251870e+00 
1.354536324e+00 1.387148168e+00 1.575561097e+00 
1.447159692e+00 1.852894318e+00 1.817622610e+00 
1.092065618e+00 1.361125863e+00 1.555943475e+00 
1.053118848e+00 1.259691981e+00 1.309891937e+00 
1.115500502e+00 1.344131705e+00 1.461845387e+00 
1.624372280e+00 1.531067446e+00 1.778553616e+00 
1.370159357e+00 1.446096654e+00 1.654862843e+00 
1.105234014e+00 1.348380244e+00 1.497589360e+00 
1.203213927e+00 1.456186936e+00 1.621280133e+00 
1.655841982e+00 1.813064259e+00 1.941313383e+00 
1.630619351e+00 1.756240042e+00 1.866334165e+00 
1.516571811e+00 1.434944238e+00 1.654862843e+00 
1.597140944e+00 1.682952735e+00 1.821945137e+00 
1.299854704e+00 1.458311206e+00 1.679634248e+00 
1.270170740e+00 1.366436537e+00 1.561596010e+00 
1.775025109e+00 1.728624535e+00 1.832917706e+00 
1.042740542e+00 1.279341476e+00 1.418453865e+00 
1.085146970e+00 1.353159851e+00 1.541978387e+00 
1.321057918e+00 1.365374403e+00 1.561596010e+00 
1.646019417e+00 1.821561338e+00 1.941313383e+00 
1.431536659e+00 1.308019118e+00 1.526849543e+00 
1.175315032e+00 1.204460967e+00 1.340482128e+00 
1.463675929e+00 1.413701540e+00 1.640897756e+00 
1.374623368e+00 1.314391928e+00 1.488113051e+00 
1.253654503e+00 1.319702602e+00 1.526849543e+00 
1.748242384e+00 1.747211896e+00 1.837240233e+00 
1.455194510e+00 1.767392459e+00 1.886949293e+00 
1.392701707e+00 1.607541158e+00 1.709226933e+00 
1.589219953e+00 1.731810940e+00 1.832917706e+00 
1.185470372e+00 1.370685077e+00 1.571238570e+00 
1.345831938e+00 1.732873075e+00 1.733998337e+00 
1.140944091e+00 1.264471588e+00 1.433582710e+00 
1.235799799e+00 1.331386086e+00 1.468661679e+00 
1.431536659e+00 1.460966543e+00 1.699251870e+00 
1.326191496e+00 1.407328731e+00 1.625768911e+00 
1.427072648e+00 1.664896442e+00 1.807647548e+00 
1.061488450e+00 1.270313330e+00 1.447547797e+00 
1.053453632e+00 1.269782262e+00 1.418287614e+00 
1.058364245e+00 1.220392990e+00 1.374064838e+00 
1.099653833e+00 1.352097716e+00 1.482460515e+00 
1.083361232e+00 1.267657993e+00 1.418453865e+00 
1.229327084e+00 1.398831652e+00 1.575561097e+00 
1.057025109e+00 1.145512480e+00 1.216957606e+00 
1.053453632e+00 1.248539565e+00 1.309891937e+00 
1.256779377e+00 1.127456187e+00 1.232086451e+00 
1.394598594e+00 1.742963356e+00 1.738320865e+00 
1.223300971e+00 1.108868826e+00 1.211471322e+00 
1.096752595e+00 1.176845459e+00 1.280798005e+00 
1.017296953e+00 1.182687201e+00 1.294763092e+00 
1.373284232e+00 1.373871482e+00 1.575561097e+00 
1.191161701e+00 1.196494955e+00 1.319866999e+00 
1.064613324e+00 1.178438662e+00 1.309891937e+00 
1.013726147e+00 1.000000000e+00 1.000000000e+00 
1.017296953e+00 1.157727031e+00 1.157107232e+00 
1.020421828e+00 1.090812533e+00 1.157107232e+00 
1.013726147e+00 1.012745619e+00 1.152784705e+00 
