1.389717177e+00 1.635111111e+00 2.000000000e+00 
1.460678895e+00 1.613777778e+00 2.000000000e+00 
1.546760640e+00 1.588888889e+00 2.000000000e+00 
1.387267251e+00 1.772000000e+00 2.000000000e+00 
1.354959188e+00 1.565333333e+00 1.943826687e+00 
1.367308214e+00 1.564444444e+00 1.943826687e+00 
1.337851270e+00 1.630222222e+00 1.943826687e+00 
1.326426915e+00 1.644000000e+00 1.943826687e+00 
1.484593838e+00 1.552888889e+00 1.943826687e+00 
1.510877986e+00 1.550666667e+00 1.943826687e+00 
1.323454113e+00 1.593333333e+00 1.939033742e+00 
1.574832083e+00 1.528444444e+00 1.943826687e+00 
1.303876389e+00 1.602222222e+00 1.926188650e+00 
1.390199090e+00 1.544000000e+00 1.926188650e+00 
1.292491190e+00 1.659555556e+00 1.926188650e+00 
1.517604891e+00 1.523111111e+00 1.926188650e+00 
1.526540164e+00 1.520444444e+00 1.926188650e+00 
1.621939098e+00 1.510666667e+00 1.913535276e+00 
1.630872564e+00 1.508000000e+00 1.913535276e+00 
1.307430499e+00 1.523555556e+00 1.882860429e+00 
1.253938134e+00 1.566222222e+00 1.882860429e+00 
1.559772296e+00 1.518222222e+00 1.889762270e+00 
1.376765760e+00 1.512000000e+00 1.882860429e+00 
1.389857534e+00 1.509333333e+00 1.882860429e+00 
1.621216228e+00 1.506666667e+00 1.889762270e+00 
1.699286166e+00 1.495555556e+00 1.889762270e+00 
1.507143158e+00 1.497777778e+00 1.882860429e+00 
1.254420048e+00 1.508444444e+00 1.870015337e+00 
1.326646788e+00 1.474222222e+00 1.870015337e+00 
1.218999428e+00 1.554222222e+00 1.870015337e+00 
1.404475769e+00 1.472888889e+00 1.857361963e+00 
1.430980995e+00 1.461777778e+00 1.857361963e+00 
1.632438782e+00 1.458666667e+00 1.857361963e+00 
1.392729135e+00 1.465333333e+00 1.839723926e+00 
1.536507937e+00 1.453777778e+00 1.839723926e+00 
1.575211590e+00 1.453333333e+00 1.839723926e+00 
1.219240384e+00 1.512000000e+00 1.828796012e+00 
1.269720792e+00 1.488888889e+00 1.828796012e+00 
1.605915484e+00 1.446222222e+00 1.833588957e+00 
1.204893226e+00 1.466666667e+00 1.809049080e+00 
1.191249059e+00 1.541333333e+00 1.811157975e+00 
1.168097346e+00 1.533333333e+00 1.809049080e+00 
1.519171109e+00 1.441333333e+00 1.815950920e+00 
1.180044577e+00 1.532888889e+00 1.809049080e+00 
