2.000000000e+00 1.724175230e+00 2.000000000e+00 
1.984020520e+00 1.726338561e+00 2.000000000e+00 
1.915367939e+00 1.740941049e+00 2.000000000e+00 
1.803908107e+00 1.744186047e+00 2.000000000e+00 
1.717104021e+00 1.760411033e+00 1.913458203e+00 
1.701124541e+00 1.785830178e+00 1.913458203e+00 
1.794634091e+00 1.839913467e+00 2.000000000e+00 
1.783389271e+00 1.841535965e+00 2.000000000e+00 
1.767409791e+00 1.866955111e+00 2.000000000e+00 
1.741960990e+00 1.882639264e+00 2.000000000e+00 
1.725981510e+00 1.908058410e+00 2.000000000e+00 
1.710002030e+00 1.953488372e+00 2.000000000e+00 
