1.743600868e+00 1.675733333e+00 1.662197565e+00 
1.959869848e+00 1.720533333e+00 1.866235167e+00 
1.918655098e+00 1.746133333e+00 2.000000000e+00 
1.688394794e+00 1.694400000e+00 1.712282324e+00 
1.914316703e+00 1.758400000e+00 2.000000000e+00 
1.878524946e+00 1.783466667e+00 2.000000000e+00 
1.852494577e+00 1.773866667e+00 1.928186161e+00 
1.726898048e+00 1.797866667e+00 2.000000000e+00 
1.704989154e+00 1.944000000e+00 2.000000000e+00 
1.695227766e+00 1.946133333e+00 2.000000000e+00 
1.690889371e+00 1.960000000e+00 2.000000000e+00 
1.624457701e+00 1.998933333e+00 2.000000000e+00 
