1.353028504e+00 1.311065783e+00 1.589326736e+00 
1.527137767e+00 1.729729730e+00 1.842021559e+00 
1.680522565e+00 1.877613463e+00 1.915179360e+00 
1.331205463e+00 1.324324324e+00 1.589326736e+00 
1.607084323e+00 1.735339113e+00 1.872945750e+00 
1.168843824e+00 1.278429373e+00 1.451669906e+00 
1.502375297e+00 1.601733809e+00 1.820109560e+00 
1.187747625e+00 1.431412545e+00 1.531896095e+00 
1.526722090e+00 1.554309026e+00 1.749955823e+00 
1.175969715e+00 1.261091280e+00 1.404488426e+00 
1.126633017e+00 1.344722081e+00 1.458384874e+00 
1.377672209e+00 1.683834778e+00 1.754550274e+00 
1.451900238e+00 1.487506374e+00 1.690404665e+00 
1.547505938e+00 1.484956655e+00 1.712316664e+00 
1.409045724e+00 1.606833248e+00 1.797137303e+00 
1.395486936e+00 1.546659867e+00 1.678741827e+00 
1.150039786e+00 1.381947986e+00 1.527478353e+00 
1.417013064e+00 1.563488016e+00 1.788125110e+00 
1.205760095e+00 1.366649669e+00 1.605584025e+00 
1.206353919e+00 1.301886792e+00 1.484714614e+00 
1.520682898e+00 1.896481387e+00 1.842021559e+00 
1.091646675e+00 1.269760326e+00 1.368969783e+00 
1.485154394e+00 1.270780214e+00 1.508570419e+00 
1.721496437e+00 1.449260581e+00 1.707368793e+00 
1.704869359e+00 1.530851606e+00 1.714437180e+00 
1.577790974e+00 1.671596124e+00 1.870295105e+00 
1.247921615e+00 1.359510454e+00 1.553808093e+00 
1.601543943e+00 1.469658338e+00 1.712316664e+00 
1.378266033e+00 1.605813361e+00 1.785474465e+00 
1.163747031e+00 1.211626721e+00 1.352712493e+00 
1.265736342e+00 1.496685365e+00 1.659480474e+00 
1.144645487e+00 1.563997960e+00 1.475702421e+00 
1.949524941e+00 1.738398776e+00 1.926842198e+00 
1.128562945e+00 1.338602754e+00 1.399893974e+00 
1.323634204e+00 1.437531871e+00 1.631560346e+00 
1.285480998e+00 1.310045895e+00 1.506626612e+00 
1.378859857e+00 1.310555839e+00 1.589326736e+00 
1.311757720e+00 1.474757777e+00 1.612298993e+00 
1.733966746e+00 1.778684345e+00 1.926842198e+00 
1.711995249e+00 1.526772055e+00 1.797137303e+00 
1.651425178e+00 1.553799082e+00 1.785474465e+00 
1.292755344e+00 1.326874044e+00 1.558402545e+00 
1.733966746e+00 1.600713921e+00 1.801201626e+00 
1.802256532e+00 1.508414074e+00 1.728043824e+00 
1.890142518e+00 1.814380418e+00 1.946103552e+00 
1.372921615e+00 1.372768995e+00 1.643223184e+00 
1.230403800e+00 1.200917899e+00 1.352712493e+00 
1.981591449e+00 1.673635900e+00 1.872945750e+00 
1.402315914e+00 1.497705252e+00 1.688107439e+00 
1.352137767e+00 1.299337073e+00 1.506626612e+00 
1.176563539e+00 1.597144314e+00 1.558402545e+00 
1.403404394e+00 1.490056094e+00 1.662484538e+00 
1.461401425e+00 1.413564508e+00 1.662484538e+00 
1.771971496e+00 1.658337583e+00 1.870295105e+00 
1.319477435e+00 1.365629781e+00 1.589326736e+00 
1.152019002e+00 1.252932177e+00 1.377981976e+00 
1.645190024e+00 1.619581846e+00 1.823113624e+00 
1.156571853e+00 1.330953595e+00 1.451669906e+00 
1.014370546e+00 1.108618052e+00 1.224067857e+00 
1.999406176e+00 1.729729730e+00 1.926842198e+00 
1.184976247e+00 1.212646609e+00 1.377981976e+00 
1.512074228e+00 1.496685365e+00 1.712316664e+00 
1.135095012e+00 1.306986232e+00 1.447075455e+00 
1.173396675e+00 1.325344212e+00 1.527478353e+00 
1.290973872e+00 1.319224885e+00 1.527478353e+00 
1.708432304e+00 1.658337583e+00 1.842021559e+00 
1.297109857e+00 1.309026007e+00 1.520233257e+00 
1.927553444e+00 1.720550739e+00 1.872945750e+00 
1.938242280e+00 1.762876084e+00 1.924191553e+00 
1.218378860e+00 1.201427843e+00 1.430818166e+00 
1.309976247e+00 1.207037226e+00 1.435412617e+00 
1.706057007e+00 1.663946966e+00 1.870295105e+00 
1.144348575e+00 1.281489036e+00 1.399893974e+00 
1.151622922e+00 1.266190719e+00 1.377981976e+00 
1.652315914e+00 1.862315145e+00 1.893267362e+00 
1.232779097e+00 1.197858236e+00 1.350061848e+00 
1.466152019e+00 1.417644059e+00 1.681392472e+00 
1.106710214e+00 1.171341152e+00 1.330800495e+00 
1.205908551e+00 1.209586945e+00 1.435412617e+00 
1.179928741e+00 1.274349822e+00 1.451669906e+00 
1.472090261e+00 1.283018868e+00 1.489309065e+00 
1.160629454e+00 1.252932177e+00 1.399893974e+00 
1.283847981e+00 1.209077002e+00 1.435412617e+00 
1.278701306e+00 1.366139725e+00 1.589326736e+00 
1.238717340e+00 1.196838348e+00 1.361724686e+00 
1.182304038e+00 1.250382458e+00 1.482594098e+00 
1.043052257e+00 1.138704742e+00 1.324085527e+00 
1.389054038e+00 1.595104539e+00 1.694468987e+00 
1.457046912e+00 1.537990821e+00 1.747305178e+00 
1.058392518e+00 1.146863845e+00 1.328679979e+00 
1.235748219e+00 1.356450790e+00 1.531896095e+00 
1.138954869e+00 1.000000000e+00 1.000000000e+00 
1.046169834e+00 1.097399286e+00 1.276904047e+00 
1.000000000e+00 1.034676186e+00 1.170171408e+00 
1.182897862e+00 1.230494646e+00 1.382576427e+00 
1.000000000e+00 1.023457420e+00 1.000000000e+00 
1.138954869e+00 1.022437532e+00 1.106732638e+00 

1.694376485e+00 1.852626211e+00 1.946103552e+00 
1.182323634e+00 1.561448241e+00 1.735288920e+00 
1.416567696e+00 1.484956655e+00 1.712316664e+00 
1.216448931e+00 1.406425293e+00 1.527478353e+00 
1.279097387e+00 1.423253442e+00 1.681392472e+00 
1.469883017e+00 1.872514023e+00 1.820109560e+00 
1.307007126e+00 1.378888322e+00 1.589326736e+00 
1.470011876e+00 1.440591535e+00 1.712316664e+00 
1.566508314e+00 1.476287608e+00 1.719031631e+00 
1.384204276e+00 1.308516063e+00 1.520233257e+00 
1.168497625e+00 1.283018868e+00 1.406608942e+00 
1.891330166e+00 1.802141764e+00 1.926842198e+00 
1.292755344e+00 1.326874044e+00 1.558402545e+00 
1.506928147e+00 1.603773585e+00 1.749955823e+00 
1.254453682e+00 1.552779194e+00 1.678741827e+00 
1.451009501e+00 1.772055074e+00 1.788125110e+00 
1.550475059e+00 1.413564508e+00 1.662484538e+00 
1.319279691e+00 1.556348802e+00 1.690404665e+00 
1.139697150e+00 1.558388577e+00 1.489309065e+00 
1.849168646e+00 1.850076492e+00 1.924191553e+00 
1.558788599e+00 1.540540541e+00 1.785474465e+00 
1.479661520e+00 1.511983682e+00 1.716380986e+00 
1.688836105e+00 1.867924528e+00 1.915179360e+00 
1.393705463e+00 1.298317185e+00 1.515638805e+00 
1.182304038e+00 1.250382458e+00 1.482594098e+00 
1.206353919e+00 1.301886792e+00 1.484714614e+00 
1.218131235e+00 1.335033146e+00 1.489309065e+00 
1.193388955e+00 1.450790413e+00 1.526948224e+00 
1.156571853e+00 1.330953595e+00 1.451669906e+00 
1.352137767e+00 1.299337073e+00 1.506626612e+00 
1.159738717e+00 1.551759306e+00 1.482594098e+00 
1.285480998e+00 1.310045895e+00 1.506626612e+00 
1.526722090e+00 1.383987761e+00 1.643223184e+00 
1.238717340e+00 1.196838348e+00 1.361724686e+00 
1.223772565e+00 1.371749108e+00 1.527478353e+00 
1.260985748e+00 1.439061703e+00 1.678741827e+00 
1.182897862e+00 1.230494646e+00 1.382576427e+00 
1.179928741e+00 1.274349822e+00 1.451669906e+00 
1.274544537e+00 1.484956655e+00 1.681392472e+00 
1.200316508e+00 1.220805711e+00 1.382576427e+00 
1.687648456e+00 1.537480877e+00 1.749955823e+00 
1.152019002e+00 1.252932177e+00 1.377981976e+00 
1.546318290e+00 1.560428353e+00 1.738292985e+00 
1.643705463e+00 1.546659867e+00 1.788125110e+00 
1.705166271e+00 1.567057624e+00 1.801201626e+00 
1.283847981e+00 1.209077002e+00 1.435412617e+00 
1.482679929e+00 1.634880163e+00 1.872945750e+00 
1.208432304e+00 1.363590005e+00 1.522883902e+00 
1.402612827e+00 1.321774605e+00 1.536490546e+00 
1.184976247e+00 1.212646609e+00 1.377981976e+00 
1.202790974e+00 1.326874044e+00 1.484714614e+00 
1.098297506e+00 1.335543090e+00 1.422866231e+00 
1.137816508e+00 1.332483427e+00 1.475702421e+00 
1.151622922e+00 1.266190719e+00 1.377981976e+00 
1.168843824e+00 1.278429373e+00 1.451669906e+00 
1.232779097e+00 1.197858236e+00 1.350061848e+00 
1.205908551e+00 1.209586945e+00 1.435412617e+00 
1.681116390e+00 1.536970933e+00 1.747305178e+00 
1.649643705e+00 1.602753697e+00 1.792189433e+00 
1.091646675e+00 1.269760326e+00 1.368969783e+00 
1.232581354e+00 1.398776135e+00 1.536490546e+00 
1.362232779e+00 1.505354411e+00 1.692525181e+00 
1.439133017e+00 1.674145844e+00 1.754550274e+00 
1.236045131e+00 1.319224885e+00 1.527478353e+00 
1.128562945e+00 1.344212137e+00 1.447075455e+00 
1.209026128e+00 1.432942376e+00 1.527478353e+00 
1.277612827e+00 1.375828659e+00 1.536490546e+00 
1.230007720e+00 1.437531871e+00 1.553808093e+00 
1.309976247e+00 1.207037226e+00 1.435412617e+00 
1.218378860e+00 1.201427843e+00 1.430818166e+00 
1.163747031e+00 1.211626721e+00 1.352712493e+00 
1.309580166e+00 1.372768995e+00 1.567414738e+00 
1.160629454e+00 1.252932177e+00 1.399893974e+00 
1.135095012e+00 1.306986232e+00 1.447075455e+00 
1.330166271e+00 1.366649669e+00 1.605584025e+00 
1.175969715e+00 1.261091280e+00 1.404488426e+00 
1.246337886e+00 1.381438042e+00 1.558402545e+00 
1.230403800e+00 1.200917899e+00 1.352712493e+00 
1.472090261e+00 1.283018868e+00 1.489309065e+00 
1.205660926e+00 1.387557369e+00 1.524827708e+00 
1.249406176e+00 1.405915349e+00 1.638628733e+00 
1.144348575e+00 1.281489036e+00 1.399893974e+00 
1.106710214e+00 1.171341152e+00 1.330800495e+00 
1.455463183e+00 1.323814380e+00 1.589326736e+00 
1.014370546e+00 1.108618052e+00 1.224067857e+00 
1.181215558e+00 1.482406935e+00 1.607704541e+00 
1.043052257e+00 1.138704742e+00 1.324085527e+00 
1.485154394e+00 1.270780214e+00 1.508570419e+00 
1.793942993e+00 1.627740948e+00 1.803852271e+00 
1.411223278e+00 1.488016318e+00 1.690404665e+00 
1.138954869e+00 1.022437532e+00 1.106732638e+00 
1.000000000e+00 1.023457420e+00 1.000000000e+00 
1.058392518e+00 1.146863845e+00 1.328679979e+00 
1.046169834e+00 1.097399286e+00 1.276904047e+00 
1.000000000e+00 1.034676186e+00 1.170171408e+00 
1.138954869e+00 1.000000000e+00 1.000000000e+00 

1.170397862e+00 1.277409485e+00 1.406608942e+00 
1.205760095e+00 1.366649669e+00 1.605584025e+00 
1.418220309e+00 1.621621622e+00 1.788125110e+00 
1.182897862e+00 1.230494646e+00 1.382576427e+00 
1.198188836e+00 1.315655278e+00 1.484714614e+00 
1.259026128e+00 1.639469658e+00 1.719031631e+00 
1.437054632e+00 1.586435492e+00 1.714437180e+00 
1.281918052e+00 1.419173891e+00 1.638628733e+00 
1.311064727e+00 1.633860275e+00 1.666195441e+00 
1.226643112e+00 1.364609893e+00 1.558402545e+00 
1.741092637e+00 1.485976543e+00 1.738292985e+00 
1.846051069e+00 1.653748088e+00 1.893267362e+00 
1.286638955e+00 1.597654258e+00 1.649938152e+00 
1.544833729e+00 1.767975523e+00 1.946103552e+00 
1.668646081e+00 1.527281999e+00 1.738292985e+00 
1.540973872e+00 1.446200918e+00 1.665135183e+00 
1.267023159e+00 1.426823049e+00 1.612298993e+00 
1.182304038e+00 1.250382458e+00 1.482594098e+00 
1.278701306e+00 1.366139725e+00 1.589326736e+00 
1.187747625e+00 1.431412545e+00 1.531896095e+00 
1.179928741e+00 1.274349822e+00 1.451669906e+00 
1.128562945e+00 1.357980622e+00 1.522883902e+00 
1.188539192e+00 1.354411015e+00 1.531896095e+00 
1.412905582e+00 1.537990821e+00 1.712316664e+00 
1.331947743e+00 1.309535951e+00 1.508570419e+00 
1.220951900e+00 1.352371239e+00 1.505566354e+00 
1.332541568e+00 1.310555839e+00 1.589326736e+00 
1.404394299e+00 1.268230495e+00 1.508570419e+00 
1.152019002e+00 1.252932177e+00 1.377981976e+00 
1.151622922e+00 1.266190719e+00 1.377981976e+00 
1.309976247e+00 1.207037226e+00 1.435412617e+00 
1.559085511e+00 1.523202448e+00 1.714437180e+00 
1.347980998e+00 1.722080571e+00 1.820109560e+00 
1.098297506e+00 1.335543090e+00 1.422866231e+00 
1.963776722e+00 1.760326364e+00 1.924191553e+00 
1.144348575e+00 1.281489036e+00 1.399893974e+00 
1.724067696e+00 1.765425803e+00 1.915179360e+00 
1.372921615e+00 1.372768995e+00 1.643223184e+00 
1.275831354e+00 1.301886792e+00 1.503975967e+00 
1.416567696e+00 1.484956655e+00 1.712316664e+00 
1.232779097e+00 1.197858236e+00 1.350061848e+00 
1.135095012e+00 1.306986232e+00 1.447075455e+00 
1.199228029e+00 1.474757777e+00 1.558402545e+00 
1.629453682e+00 1.544620092e+00 1.788125110e+00 
1.188687648e+00 1.221825599e+00 1.361724686e+00 
1.205908551e+00 1.209586945e+00 1.435412617e+00 
1.298990499e+00 1.313105558e+00 1.506626612e+00 
1.168843824e+00 1.278429373e+00 1.451669906e+00 
1.576009501e+00 1.531871494e+00 1.749955823e+00 
1.429780285e+00 1.600713921e+00 1.870295105e+00 
1.406324228e+00 1.753187149e+00 1.846085881e+00 
1.652315914e+00 1.755226925e+00 1.872945750e+00 
1.242577197e+00 1.341152473e+00 1.505566354e+00 
1.286074822e+00 1.353901071e+00 1.511221064e+00 
1.334520784e+00 1.481387047e+00 1.690404665e+00 
1.238717340e+00 1.196838348e+00 1.361724686e+00 
1.530700713e+00 1.590005099e+00 1.842021559e+00 
1.156571853e+00 1.330953595e+00 1.451669906e+00 
1.160629454e+00 1.252932177e+00 1.399893974e+00 
1.492082542e+00 1.540030597e+00 1.747305178e+00 
1.206353919e+00 1.301886792e+00 1.484714614e+00 
1.386995249e+00 1.704232534e+00 1.772928079e+00 
1.292755344e+00 1.326874044e+00 1.558402545e+00 
1.329176366e+00 1.549209587e+00 1.712316664e+00 
1.218378860e+00 1.201427843e+00 1.430818166e+00 
1.175969715e+00 1.261091280e+00 1.404488426e+00 
1.657957245e+00 1.656807751e+00 1.872945750e+00 
1.091646675e+00 1.269760326e+00 1.368969783e+00 
1.014370546e+00 1.108618052e+00 1.224067857e+00 
1.163747031e+00 1.211626721e+00 1.352712493e+00 
1.371585511e+00 1.439571647e+00 1.643223184e+00 
1.407363420e+00 1.478327384e+00 1.674147376e+00 
1.106710214e+00 1.171341152e+00 1.330800495e+00 
1.046169834e+00 1.097399286e+00 1.276904047e+00 
1.043052257e+00 1.138704742e+00 1.324085527e+00 
1.216152019e+00 1.440081591e+00 1.612298993e+00 
1.283847981e+00 1.209077002e+00 1.435412617e+00 
1.058392518e+00 1.146863845e+00 1.328679979e+00 
1.000000000e+00 1.034676186e+00 1.170171408e+00 
1.138954869e+00 1.022437532e+00 1.106732638e+00 
1.000000000e+00 1.023457420e+00 1.000000000e+00 
1.138954869e+00 1.000000000e+00 1.000000000e+00 

1.557125891e+00 1.674655788e+00 1.820109560e+00 
1.194675178e+00 1.370219276e+00 1.531896095e+00 
1.331947743e+00 1.309535951e+00 1.508570419e+00 
1.411569477e+00 1.576746558e+00 1.744301113e+00 
1.412262470e+00 1.806731260e+00 1.839370914e+00 
1.144467340e+00 1.384497705e+00 1.453790422e+00 
1.295130641e+00 1.537990821e+00 1.681392472e+00 
1.419833729e+00 1.491585926e+00 1.678741827e+00 
1.727553444e+00 1.600713921e+00 1.820109560e+00 
1.435866983e+00 1.328913819e+00 1.558402545e+00 
1.152315914e+00 1.568587455e+00 1.529598869e+00 
1.893111639e+00 1.785823559e+00 1.924191553e+00 
1.166023159e+00 1.547679755e+00 1.496024033e+00 
1.229067696e+00 1.293217746e+00 1.489309065e+00 
1.356146081e+00 1.446200918e+00 1.665135183e+00 
1.628663895e+00 1.795002550e+00 1.946103552e+00 
1.263657957e+00 1.377868434e+00 1.605584025e+00 
1.211896081e+00 1.382457930e+00 1.605584025e+00 
1.270883017e+00 1.623661397e+00 1.609648348e+00 
1.467339667e+00 1.412544620e+00 1.674147376e+00 
1.234956651e+00 1.374808771e+00 1.567414738e+00 
1.103473872e+00 1.337072922e+00 1.406608942e+00 
1.230403800e+00 1.200917899e+00 1.352712493e+00 
1.652612827e+00 1.750637430e+00 1.870295105e+00 
1.592042755e+00 1.486996430e+00 1.716380986e+00 
1.145486936e+00 1.303926568e+00 1.453790422e+00 
1.732779097e+00 1.618561958e+00 1.823113624e+00 
1.365795724e+00 1.594084651e+00 1.697119632e+00 
1.366191805e+00 1.592554819e+00 1.685456794e+00 
1.507690024e+00 1.719020908e+00 1.842021559e+00 
1.106710214e+00 1.171341152e+00 1.330800495e+00 
1.407561164e+00 1.644059153e+00 1.797137303e+00 
1.170397862e+00 1.277409485e+00 1.406608942e+00 
1.163747031e+00 1.211626721e+00 1.352712493e+00 
1.232779097e+00 1.197858236e+00 1.350061848e+00 
1.218378860e+00 1.201427843e+00 1.430818166e+00 
1.664489311e+00 1.661907190e+00 1.872945750e+00 
1.455463183e+00 1.323814380e+00 1.589326736e+00 
1.330166271e+00 1.366649669e+00 1.605584025e+00 
1.433758907e+00 1.732279449e+00 1.803852271e+00 
1.662309976e+00 1.770525242e+00 1.872945750e+00 
1.288796318e+00 1.313105558e+00 1.511221064e+00 
1.372921615e+00 1.372768995e+00 1.643223184e+00 
1.135095012e+00 1.306986232e+00 1.447075455e+00 
1.459144893e+00 1.478327384e+00 1.666195441e+00 
1.423396675e+00 1.494135645e+00 1.681392472e+00 
1.422802850e+00 1.317695054e+00 1.520233257e+00 
1.537410926e+00 1.616522183e+00 1.808446722e+00 
1.335906770e+00 1.494135645e+00 1.643223184e+00 
1.278701306e+00 1.366139725e+00 1.589326736e+00 
1.387470309e+00 1.290668027e+00 1.489309065e+00 
1.309976247e+00 1.207037226e+00 1.435412617e+00 
1.144348575e+00 1.281489036e+00 1.399893974e+00 
1.226098575e+00 1.337072922e+00 1.558402545e+00 
1.187747625e+00 1.431412545e+00 1.531896095e+00 
1.442201306e+00 1.638449771e+00 1.754550274e+00 
1.452345606e+00 1.488016318e+00 1.797137303e+00 
1.200316508e+00 1.220805711e+00 1.382576427e+00 
1.347387173e+00 1.298317185e+00 1.515638805e+00 
1.233372922e+00 1.321774605e+00 1.536490546e+00 
1.168843824e+00 1.278429373e+00 1.451669906e+00 
1.116686461e+00 1.447730750e+00 1.475702421e+00 
1.211371734e+00 1.399286079e+00 1.565117512e+00 
1.182304038e+00 1.250382458e+00 1.482594098e+00 
1.382274347e+00 1.508414074e+00 1.719031631e+00 
1.318289786e+00 1.407445181e+00 1.607704541e+00 
1.473772565e+00 1.795512494e+00 1.915179360e+00 
1.766033254e+00 1.585415604e+00 1.823113624e+00 
1.283847981e+00 1.209077002e+00 1.435412617e+00 
1.238717340e+00 1.196838348e+00 1.361724686e+00 
1.323634204e+00 1.467618562e+00 1.640572539e+00 
1.205908551e+00 1.209586945e+00 1.435412617e+00 
1.420427553e+00 1.491075982e+00 1.678741827e+00 
1.046169834e+00 1.097399286e+00 1.276904047e+00 
1.197792755e+00 1.328913819e+00 1.484714614e+00 
1.151622922e+00 1.266190719e+00 1.377981976e+00 
1.160629454e+00 1.252932177e+00 1.399893974e+00 
1.488717340e+00 1.483426823e+00 1.678741827e+00 
1.610451306e+00 1.385517593e+00 1.662484538e+00 
1.175969715e+00 1.261091280e+00 1.404488426e+00 
1.193487530e+00 1.419173891e+00 1.605584025e+00 
1.179928741e+00 1.274349822e+00 1.451669906e+00 
1.182897862e+00 1.230494646e+00 1.382576427e+00 
1.379057601e+00 1.653238144e+00 1.712316664e+00 
1.043052257e+00 1.138704742e+00 1.324085527e+00 
1.091646675e+00 1.269760326e+00 1.368969783e+00 
1.014370546e+00 1.108618052e+00 1.224067857e+00 
1.184976247e+00 1.212646609e+00 1.377981976e+00 
1.138954869e+00 1.000000000e+00 1.000000000e+00 
1.138954869e+00 1.022437532e+00 1.106732638e+00 
1.000000000e+00 1.023457420e+00 1.000000000e+00 
1.000000000e+00 1.034676186e+00 1.170171408e+00 
1.058392518e+00 1.146863845e+00 1.328679979e+00 

1.205760095e+00 1.366649669e+00 1.605584025e+00 
1.549780285e+00 1.855685875e+00 1.841491430e+00 
1.714964371e+00 1.673125956e+00 1.872945750e+00 
1.468527316e+00 1.449260581e+00 1.643223184e+00 
1.576603325e+00 1.826109128e+00 1.861282912e+00 
1.549881235e+00 1.643549210e+00 1.797137303e+00 
1.295724466e+00 1.589495156e+00 1.744301113e+00 
1.378859857e+00 1.310555839e+00 1.589326736e+00 
1.215013658e+00 1.341152473e+00 1.558402545e+00 
1.793200713e+00 1.661907190e+00 1.839370914e+00 
1.188687648e+00 1.221825599e+00 1.361724686e+00 
1.680522565e+00 1.569607343e+00 1.728043824e+00 
1.407066508e+00 1.457419684e+00 1.665135183e+00 
1.225950119e+00 1.334523202e+00 1.536490546e+00 
1.327019002e+00 1.480877104e+00 1.614419509e+00 
1.395783848e+00 1.507394187e+00 1.649938152e+00 
1.611935867e+00 1.715451300e+00 1.870295105e+00 
1.491686461e+00 1.427332993e+00 1.662484538e+00 
1.446555819e+00 1.493625701e+00 1.712316664e+00 
1.744061758e+00 1.811320755e+00 1.946103552e+00 
1.156868765e+00 1.463539011e+00 1.496024033e+00 
1.733372922e+00 1.542580316e+00 1.763562467e+00 
1.145486936e+00 1.303926568e+00 1.453790422e+00 
1.126633017e+00 1.330953595e+00 1.382576427e+00 
1.790380048e+00 1.761856196e+00 1.946103552e+00 
1.162311758e+00 1.405915349e+00 1.527478353e+00 
1.288796318e+00 1.313105558e+00 1.511221064e+00 
1.197792755e+00 1.328913819e+00 1.484714614e+00 
1.230403800e+00 1.200917899e+00 1.352712493e+00 
1.318289786e+00 1.407445181e+00 1.607704541e+00 
1.448634204e+00 1.600203978e+00 1.754550274e+00 
1.834323040e+00 1.716471188e+00 1.926842198e+00 
1.597090261e+00 1.786843447e+00 1.915179360e+00 
1.439033848e+00 1.811830699e+00 1.785474465e+00 
1.403107482e+00 1.534931158e+00 1.719031631e+00 
1.163895487e+00 1.562978072e+00 1.538611062e+00 
1.505344418e+00 1.444671086e+00 1.674147376e+00 
1.754352732e+00 1.808771035e+00 1.924191553e+00 
1.653325416e+00 1.679245283e+00 1.808446722e+00 
1.198188836e+00 1.315655278e+00 1.484714614e+00 
1.218378860e+00 1.201427843e+00 1.430818166e+00 
1.404394299e+00 1.268230495e+00 1.508570419e+00 
1.354116983e+00 1.528301887e+00 1.716380986e+00 
1.394299287e+00 1.476287608e+00 1.629616540e+00 
1.291171615e+00 1.310045895e+00 1.508570419e+00 
1.632719715e+00 1.719020908e+00 1.872945750e+00 
1.737975059e+00 1.654767976e+00 1.801201626e+00 
1.091646675e+00 1.269760326e+00 1.368969783e+00 
1.640439430e+00 1.693523712e+00 1.870295105e+00 
1.646971496e+00 1.686894442e+00 1.817458915e+00 
1.182897862e+00 1.230494646e+00 1.382576427e+00 
1.205908551e+00 1.209586945e+00 1.435412617e+00 
1.449524941e+00 1.449770525e+00 1.643223184e+00 
1.182304038e+00 1.250382458e+00 1.482594098e+00 
1.168497625e+00 1.283018868e+00 1.406608942e+00 
1.365795724e+00 1.365629781e+00 1.589326736e+00 
1.645486936e+00 1.594084651e+00 1.788125110e+00 
1.795724466e+00 1.749107598e+00 1.924191553e+00 
1.160629454e+00 1.252932177e+00 1.399893974e+00 
1.236045131e+00 1.319224885e+00 1.527478353e+00 
1.297209026e+00 1.312085671e+00 1.555751900e+00 
1.151622922e+00 1.266190719e+00 1.377981976e+00 
1.313064133e+00 1.481896991e+00 1.612298993e+00 
1.384204276e+00 1.308516063e+00 1.520233257e+00 
1.238717340e+00 1.196838348e+00 1.361724686e+00 
1.344863420e+00 1.400815910e+00 1.612298993e+00 
1.300326603e+00 1.270780214e+00 1.508570419e+00 
1.496733967e+00 1.486486486e+00 1.681392472e+00 
1.232779097e+00 1.197858236e+00 1.350061848e+00 
1.669833729e+00 1.573176951e+00 1.738292985e+00 
1.309976247e+00 1.207037226e+00 1.435412617e+00 
1.305126485e+00 1.488016318e+00 1.643223184e+00 
1.461817102e+00 1.609382968e+00 1.788125110e+00 
1.808194774e+00 1.582865885e+00 1.823113624e+00 
1.480997625e+00 1.493115757e+00 1.712316664e+00 
1.630047506e+00 1.705252422e+00 1.861282912e+00 
1.587292162e+00 1.384497705e+00 1.643223184e+00 
1.200316508e+00 1.220805711e+00 1.382576427e+00 
1.144348575e+00 1.281489036e+00 1.399893974e+00 
1.628266033e+00 1.633350331e+00 1.797137303e+00 
1.814133017e+00 1.637429883e+00 1.839370914e+00 
1.195071259e+00 1.356960734e+00 1.531896095e+00 
1.287707838e+00 1.594594595e+00 1.612298993e+00 
1.179928741e+00 1.274349822e+00 1.451669906e+00 
1.159738717e+00 1.222845487e+00 1.330800495e+00 
1.144299287e+00 1.394186639e+00 1.453790422e+00 
1.678741093e+00 1.625191229e+00 1.797137303e+00 
1.168843824e+00 1.278429373e+00 1.451669906e+00 
1.258610451e+00 1.328913819e+00 1.558402545e+00 
1.279345012e+00 1.755736869e+00 1.674147376e+00 
1.439726841e+00 1.436511984e+00 1.640572539e+00 
1.188093824e+00 1.171341152e+00 1.330800495e+00 
1.043052257e+00 1.138704742e+00 1.324085527e+00 
1.046169834e+00 1.097399286e+00 1.276904047e+00 
1.058392518e+00 1.146863845e+00 1.328679979e+00 
1.135095012e+00 1.306986232e+00 1.447075455e+00 
1.175969715e+00 1.261091280e+00 1.404488426e+00 
1.163747031e+00 1.211626721e+00 1.352712493e+00 
1.542013064e+00 1.514023457e+00 1.719031631e+00 
1.000000000e+00 1.023457420e+00 1.000000000e+00 
1.120368171e+00 1.440081591e+00 1.384696943e+00 
1.828384798e+00 1.730239674e+00 1.924191553e+00 
1.014370546e+00 1.108618052e+00 1.224067857e+00 
1.138954869e+00 1.022437532e+00 1.106732638e+00 
1.000000000e+00 1.034676186e+00 1.170171408e+00 
1.138954869e+00 1.000000000e+00 1.000000000e+00 

1.106710214e+00 1.171341152e+00 1.330800495e+00 
1.632422803e+00 1.618052014e+00 1.870295105e+00 
1.173396675e+00 1.325344212e+00 1.527478353e+00 
1.450712589e+00 1.268230495e+00 1.508570419e+00 
1.522268409e+00 1.718510964e+00 1.926842198e+00 
1.323238124e+00 1.417644059e+00 1.643223184e+00 
1.291171615e+00 1.310045895e+00 1.508570419e+00 
1.220457245e+00 1.738908720e+00 1.591447252e+00 
1.591894299e+00 1.626211117e+00 1.797137303e+00 
1.273456057e+00 1.304946456e+00 1.506626612e+00 
1.621140143e+00 1.497195309e+00 1.716380986e+00 
1.571454869e+00 1.672106068e+00 1.797137303e+00 
1.137816508e+00 1.332483427e+00 1.475702421e+00 
1.188539192e+00 1.354411015e+00 1.531896095e+00 
1.240301069e+00 1.367159612e+00 1.555751900e+00 
1.134698931e+00 1.360020398e+00 1.447075455e+00 
1.181413302e+00 1.320244773e+00 1.475702421e+00 
1.239805819e+00 1.432432432e+00 1.634210991e+00 
1.200316508e+00 1.220805711e+00 1.382576427e+00 
1.184976247e+00 1.212646609e+00 1.377981976e+00 
1.210411520e+00 1.365119837e+00 1.536490546e+00 
1.283847981e+00 1.209077002e+00 1.435412617e+00 
1.578236342e+00 1.678735339e+00 1.808446722e+00 
1.385688836e+00 1.670066293e+00 1.716380986e+00 
1.222980998e+00 1.378378378e+00 1.605584025e+00 
1.416270784e+00 1.632330444e+00 1.754550274e+00 
1.321258907e+00 1.416114227e+00 1.629616540e+00 
1.168843824e+00 1.278429373e+00 1.451669906e+00 
1.520486936e+00 1.523202448e+00 1.714437180e+00 
1.464964371e+00 1.422233554e+00 1.665135183e+00 
1.247921615e+00 1.359510454e+00 1.553808093e+00 
1.218378860e+00 1.201427843e+00 1.430818166e+00 
1.234956651e+00 1.374808771e+00 1.567414738e+00 
1.152019002e+00 1.252932177e+00 1.377981976e+00 
1.298693587e+00 1.354411015e+00 1.536490546e+00 
1.144348575e+00 1.281489036e+00 1.399893974e+00 
1.467339667e+00 1.412544620e+00 1.674147376e+00 
1.507026722e+00 1.791432942e+00 1.872945750e+00 
1.098871734e+00 1.346761856e+00 1.422866231e+00 
1.247822447e+00 1.303926568e+00 1.484714614e+00 
1.238717340e+00 1.196838348e+00 1.361724686e+00 
1.116112233e+00 1.449770525e+00 1.529598869e+00 
1.205908551e+00 1.209586945e+00 1.435412617e+00 
1.319477435e+00 1.365629781e+00 1.589326736e+00 
1.424287411e+00 1.422743498e+00 1.665135183e+00 
1.135095012e+00 1.306986232e+00 1.447075455e+00 
1.163747031e+00 1.211626721e+00 1.352712493e+00 
1.151622922e+00 1.266190719e+00 1.377981976e+00 
1.397862233e+00 1.616522183e+00 1.719031631e+00 
1.484857482e+00 1.530341662e+00 1.788125110e+00 
1.170397862e+00 1.277409485e+00 1.406608942e+00 
1.773752969e+00 1.724120347e+00 1.946103552e+00 
1.574821853e+00 1.425803162e+00 1.690404665e+00 
1.156571853e+00 1.330953595e+00 1.451669906e+00 
1.347387173e+00 1.298317185e+00 1.515638805e+00 
1.175969715e+00 1.261091280e+00 1.404488426e+00 
1.182897862e+00 1.230494646e+00 1.382576427e+00 
1.230403800e+00 1.200917899e+00 1.352712493e+00 
1.288796318e+00 1.313105558e+00 1.511221064e+00 
1.214766627e+00 1.519122896e+00 1.558402545e+00 
1.232779097e+00 1.197858236e+00 1.350061848e+00 
1.046169834e+00 1.097399286e+00 1.276904047e+00 
1.332541568e+00 1.310555839e+00 1.589326736e+00 
1.179928741e+00 1.274349822e+00 1.451669906e+00 
1.251929929e+00 1.429372769e+00 1.712316664e+00 
1.167280285e+00 1.318714941e+00 1.453790422e+00 
1.043052257e+00 1.138704742e+00 1.324085527e+00 
1.160629454e+00 1.252932177e+00 1.399893974e+00 
1.091646675e+00 1.269760326e+00 1.368969783e+00 
1.182304038e+00 1.250382458e+00 1.482594098e+00 
1.014370546e+00 1.108618052e+00 1.224067857e+00 
1.309976247e+00 1.207037226e+00 1.435412617e+00 
1.058392518e+00 1.146863845e+00 1.328679979e+00 
1.138954869e+00 1.000000000e+00 1.000000000e+00 
1.000000000e+00 1.023457420e+00 1.000000000e+00 
1.000000000e+00 1.034676186e+00 1.170171408e+00 
1.138954869e+00 1.022437532e+00 1.106732638e+00 

1.489311164e+00 1.492095869e+00 1.681392472e+00 
1.135095012e+00 1.306986232e+00 1.447075455e+00 
1.197792755e+00 1.328913819e+00 1.484714614e+00 
1.617280285e+00 1.570117287e+00 1.766213112e+00 
1.204127078e+00 1.445181030e+00 1.529598869e+00 
1.165201900e+00 1.336562978e+00 1.458384874e+00 
1.264845606e+00 1.305456400e+00 1.484714614e+00 
1.205908551e+00 1.209586945e+00 1.435412617e+00 
1.485154394e+00 1.270780214e+00 1.508570419e+00 
1.480997625e+00 1.439061703e+00 1.678741827e+00 
1.103473872e+00 1.337072922e+00 1.406608942e+00 
1.274792162e+00 1.533911270e+00 1.631560346e+00 
1.091646675e+00 1.269760326e+00 1.368969783e+00 
1.466152019e+00 1.491075982e+00 1.678741827e+00 
1.788598575e+00 1.564507904e+00 1.797137303e+00 
1.270011876e+00 1.555838858e+00 1.629616540e+00 
1.226643112e+00 1.364609893e+00 1.558402545e+00 
1.434085511e+00 1.423253442e+00 1.674147376e+00 
1.303147268e+00 1.431922489e+00 1.626965895e+00 
1.220308789e+00 1.361550229e+00 1.505566354e+00 
1.341300475e+00 1.561958185e+00 1.712316664e+00 
1.402909739e+00 1.416114227e+00 1.631560346e+00 
1.228473872e+00 1.313105558e+00 1.589326736e+00 
1.281769596e+00 1.300866905e+00 1.515638805e+00 
1.223772565e+00 1.371749108e+00 1.527478353e+00 
1.221644893e+00 1.456909740e+00 1.607704541e+00 
1.551365796e+00 1.640999490e+00 1.872945750e+00 
1.418448337e+00 1.585925548e+00 1.797137303e+00 
1.218378860e+00 1.201427843e+00 1.430818166e+00 
1.163747031e+00 1.211626721e+00 1.352712493e+00 
1.508214371e+00 1.683324834e+00 1.851033752e+00 
1.225950119e+00 1.334523202e+00 1.536490546e+00 
1.645486936e+00 1.440591535e+00 1.712316664e+00 
1.578384798e+00 1.490566038e+00 1.707368793e+00 
1.200316508e+00 1.220805711e+00 1.382576427e+00 
1.386431116e+00 1.785313616e+00 1.808446722e+00 
1.309976247e+00 1.207037226e+00 1.435412617e+00 
1.743764846e+00 1.764915859e+00 1.946103552e+00 
1.211896081e+00 1.382457930e+00 1.605584025e+00 
1.263657957e+00 1.377868434e+00 1.605584025e+00 
1.179928741e+00 1.274349822e+00 1.451669906e+00 
1.162311758e+00 1.405915349e+00 1.527478353e+00 
1.313440024e+00 1.576746558e+00 1.744301113e+00 
1.175969715e+00 1.261091280e+00 1.404488426e+00 
1.559501188e+00 1.748087710e+00 1.893267362e+00 
1.156571853e+00 1.330953595e+00 1.451669906e+00 
1.262618765e+00 1.578786334e+00 1.766213112e+00 
1.269002375e+00 1.811320755e+00 1.788125110e+00 
1.520783848e+00 1.384497705e+00 1.643223184e+00 
1.182897862e+00 1.230494646e+00 1.382576427e+00 
1.385194181e+00 1.434982152e+00 1.674147376e+00 
1.275831354e+00 1.301886792e+00 1.503975967e+00 
1.230403800e+00 1.200917899e+00 1.352712493e+00 
1.395190024e+00 1.541560428e+00 1.680862343e+00 
1.483669834e+00 1.394696583e+00 1.643223184e+00 
1.144348575e+00 1.281489036e+00 1.399893974e+00 
1.283847981e+00 1.209077002e+00 1.435412617e+00 
1.134698931e+00 1.373788883e+00 1.522883902e+00 
1.401722090e+00 1.522182560e+00 1.690404665e+00 
1.106710214e+00 1.171341152e+00 1.330800495e+00 
1.496437055e+00 1.506374299e+00 1.712316664e+00 
1.168843824e+00 1.278429373e+00 1.451669906e+00 
1.238717340e+00 1.196838348e+00 1.361724686e+00 
1.126633017e+00 1.344722081e+00 1.458384874e+00 
1.184976247e+00 1.212646609e+00 1.377981976e+00 
1.528800475e+00 1.592044875e+00 1.808446722e+00 
1.578384798e+00 1.531871494e+00 1.754550274e+00 
1.315766033e+00 1.451810301e+00 1.659480474e+00 
1.151622922e+00 1.266190719e+00 1.377981976e+00 
1.868171021e+00 1.597144314e+00 1.823113624e+00 
1.046169834e+00 1.097399286e+00 1.276904047e+00 
1.353028504e+00 1.311065783e+00 1.589326736e+00 
1.198188836e+00 1.315655278e+00 1.484714614e+00 
1.160629454e+00 1.252932177e+00 1.399893974e+00 
1.182304038e+00 1.250382458e+00 1.482594098e+00 
1.043052257e+00 1.138704742e+00 1.324085527e+00 
1.058392518e+00 1.146863845e+00 1.328679979e+00 
1.463004751e+00 1.543090260e+00 1.735288920e+00 
1.152019002e+00 1.252932177e+00 1.377981976e+00 
1.014370546e+00 1.108618052e+00 1.224067857e+00 
1.668764846e+00 1.711371749e+00 1.877010072e+00 
1.232779097e+00 1.197858236e+00 1.350061848e+00 
1.138954869e+00 1.000000000e+00 1.000000000e+00 
1.138954869e+00 1.022437532e+00 1.106732638e+00 
1.000000000e+00 1.023457420e+00 1.000000000e+00 
1.000000000e+00 1.034676186e+00 1.170171408e+00 

1.240301069e+00 1.367159612e+00 1.555751900e+00 
1.551068884e+00 1.538500765e+00 1.738292985e+00 
1.405878860e+00 1.608873024e+00 1.785474465e+00 
1.304334917e+00 1.469658338e+00 1.621311186e+00 
1.189529097e+00 1.576746558e+00 1.590386994e+00 
1.528503563e+00 1.311065783e+00 1.589326736e+00 
1.145486936e+00 1.303926568e+00 1.453790422e+00 
1.116894299e+00 1.543600204e+00 1.415621134e+00 
1.558194774e+00 1.411524732e+00 1.665135183e+00 
1.490350356e+00 1.780724120e+00 1.823113624e+00 
1.263657957e+00 1.377868434e+00 1.605584025e+00 
1.234956651e+00 1.374808771e+00 1.567414738e+00 
1.273456057e+00 1.304946456e+00 1.506626612e+00 
1.538747031e+00 1.649668536e+00 1.803852271e+00 
1.472684086e+00 1.312085671e+00 1.555751900e+00 
1.167577197e+00 1.533911270e+00 1.585792543e+00 
1.789192399e+00 1.789903111e+00 1.946103552e+00 
1.170397862e+00 1.277409485e+00 1.406608942e+00 
1.615647268e+00 1.646098929e+00 1.797137303e+00 
1.220951900e+00 1.352371239e+00 1.505566354e+00 
1.378909145e+00 1.654767976e+00 1.735288920e+00 
1.732381235e+00 1.923508414e+00 1.946103552e+00 
1.202790974e+00 1.326874044e+00 1.484714614e+00 
1.223099762e+00 1.633350331e+00 1.697119632e+00 
1.275831354e+00 1.301886792e+00 1.503975967e+00 
1.163747031e+00 1.211626721e+00 1.352712493e+00 
1.584174584e+00 1.725140235e+00 1.842021559e+00 
1.175969715e+00 1.261091280e+00 1.404488426e+00 
1.506532067e+00 1.558388577e+00 1.766213112e+00 
1.557600950e+00 1.508414074e+00 1.728043824e+00 
1.832541568e+00 1.610912800e+00 1.839370914e+00 
1.289390143e+00 1.491075982e+00 1.678741827e+00 
1.548515439e+00 1.729729730e+00 1.926842198e+00 
1.347387173e+00 1.298317185e+00 1.515638805e+00 
1.530089074e+00 1.756756757e+00 1.803852271e+00 
1.283847981e+00 1.209077002e+00 1.435412617e+00 
1.168843824e+00 1.278429373e+00 1.451669906e+00 
1.319477435e+00 1.365629781e+00 1.589326736e+00 
1.326900238e+00 1.313105558e+00 1.589326736e+00 
1.134946556e+00 1.348801632e+00 1.406608942e+00 
1.091646675e+00 1.269760326e+00 1.368969783e+00 
1.300326603e+00 1.270780214e+00 1.508570419e+00 
1.174782067e+00 1.496685365e+00 1.527478353e+00 
1.475375891e+00 1.792962774e+00 1.839370914e+00 
1.620249406e+00 1.556858746e+00 1.797137303e+00 
1.131057007e+00 1.420193779e+00 1.453790422e+00 
1.247921615e+00 1.359510454e+00 1.553808093e+00 
1.309976247e+00 1.207037226e+00 1.435412617e+00 
1.200316508e+00 1.220805711e+00 1.382576427e+00 
1.184976247e+00 1.212646609e+00 1.377981976e+00 
1.194675178e+00 1.370219276e+00 1.531896095e+00 
1.137816508e+00 1.332483427e+00 1.475702421e+00 
1.230403800e+00 1.200917899e+00 1.352712493e+00 
1.355997625e+00 1.426823049e+00 1.712316664e+00 
1.434085511e+00 1.423253442e+00 1.674147376e+00 
1.384798100e+00 1.781744008e+00 1.744301113e+00 
1.151622922e+00 1.266190719e+00 1.377981976e+00 
1.767220903e+00 1.635900051e+00 1.851033752e+00 
1.192002969e+00 1.433962264e+00 1.605584025e+00 
1.417260689e+00 1.486996430e+00 1.719031631e+00 
1.218378860e+00 1.201427843e+00 1.430818166e+00 
1.106710214e+00 1.171341152e+00 1.330800495e+00 
1.238717340e+00 1.196838348e+00 1.361724686e+00 
1.218131235e+00 1.335033146e+00 1.489309065e+00 
1.222684086e+00 1.312595614e+00 1.536490546e+00 
1.152019002e+00 1.252932177e+00 1.377981976e+00 
1.134698931e+00 1.373788883e+00 1.522883902e+00 
1.516775534e+00 1.712901581e+00 1.797137303e+00 
1.344418052e+00 1.446200918e+00 1.612298993e+00 
1.179928741e+00 1.274349822e+00 1.451669906e+00 
1.337885986e+00 1.308516063e+00 1.520233257e+00 
1.043052257e+00 1.138704742e+00 1.324085527e+00 
1.232779097e+00 1.197858236e+00 1.350061848e+00 
1.874703088e+00 1.746557879e+00 1.946103552e+00 
1.752375297e+00 1.676185620e+00 1.861282912e+00 
1.297109857e+00 1.309026007e+00 1.520233257e+00 
1.182304038e+00 1.250382458e+00 1.482594098e+00 
1.160629454e+00 1.252932177e+00 1.399893974e+00 
1.182897862e+00 1.230494646e+00 1.382576427e+00 
1.058392518e+00 1.146863845e+00 1.328679979e+00 
1.144348575e+00 1.281489036e+00 1.399893974e+00 
1.135095012e+00 1.306986232e+00 1.447075455e+00 
1.482779097e+00 1.379398266e+00 1.634210991e+00 
1.205908551e+00 1.209586945e+00 1.435412617e+00 
1.014370546e+00 1.108618052e+00 1.224067857e+00 
1.643230404e+00 1.632840388e+00 1.803852271e+00 
1.351543943e+00 1.458439572e+00 1.643223184e+00 
1.760095012e+00 1.676695563e+00 1.870295105e+00 
1.046169834e+00 1.097399286e+00 1.276904047e+00 
1.138954869e+00 1.022437532e+00 1.106732638e+00 
1.000000000e+00 1.034676186e+00 1.170171408e+00 
1.130314727e+00 1.379908210e+00 1.403958297e+00 
1.000000000e+00 1.023457420e+00 1.000000000e+00 
1.138954869e+00 1.000000000e+00 1.000000000e+00 

1.331205463e+00 1.324324324e+00 1.589326736e+00 
1.377375297e+00 1.423763386e+00 1.634210991e+00 
1.406472684e+00 1.674145844e+00 1.766213112e+00 
1.667458432e+00 1.542070372e+00 1.744301113e+00 
1.413301663e+00 1.313105558e+00 1.589326736e+00 
1.558640143e+00 1.697603264e+00 1.842021559e+00 
1.321555819e+00 1.619581846e+00 1.735288920e+00 
1.476247031e+00 1.432432432e+00 1.665135183e+00 
1.447446556e+00 1.372259052e+00 1.662484538e+00 
1.686757720e+00 1.694543600e+00 1.870295105e+00 
1.510589667e+00 1.820499745e+00 1.926842198e+00 
1.159164489e+00 1.540540541e+00 1.629616540e+00 
1.315023753e+00 1.344722081e+00 1.560523061e+00 
1.725059382e+00 1.676695563e+00 1.851033752e+00 
1.479809976e+00 1.423763386e+00 1.674147376e+00 
1.162311758e+00 1.405915349e+00 1.527478353e+00 
1.188539192e+00 1.354411015e+00 1.531896095e+00 
1.298693587e+00 1.354411015e+00 1.536490546e+00 
1.218378860e+00 1.201427843e+00 1.430818166e+00 
1.134698931e+00 1.373788883e+00 1.522883902e+00 
1.103473872e+00 1.337072922e+00 1.406608942e+00 
1.586104513e+00 1.699643039e+00 1.870295105e+00 
1.200316508e+00 1.220805711e+00 1.382576427e+00 
1.546437055e+00 1.632840388e+00 1.756670790e+00 
1.222584917e+00 1.531871494e+00 1.659480474e+00 
1.506977435e+00 1.640999490e+00 1.839370914e+00 
1.912114014e+00 1.778684345e+00 1.946103552e+00 
1.258580760e+00 1.563997960e+00 1.697119632e+00 
1.335956057e+00 1.283018868e+00 1.489309065e+00 
1.255938242e+00 1.607853136e+00 1.681392472e+00 
1.504651425e+00 1.887812341e+00 1.870295105e+00 
1.126633017e+00 1.344722081e+00 1.458384874e+00 
1.540676960e+00 1.496685365e+00 1.728043824e+00 
1.502177553e+00 1.744518103e+00 1.842021559e+00 
1.528503563e+00 1.311065783e+00 1.589326736e+00 
1.181413302e+00 1.320244773e+00 1.475702421e+00 
1.321753563e+00 1.613972463e+00 1.735288920e+00 
1.682897862e+00 1.574706782e+00 1.797137303e+00 
1.098871734e+00 1.346761856e+00 1.422866231e+00 
1.472684086e+00 1.312085671e+00 1.555751900e+00 
1.382719715e+00 1.548699643e+00 1.749955823e+00 
1.559679335e+00 1.583375829e+00 1.766213112e+00 
1.329572447e+00 1.312595614e+00 1.511221064e+00 
1.728622328e+00 1.544620092e+00 1.785474465e+00 
1.202790974e+00 1.326874044e+00 1.484714614e+00 
1.404394299e+00 1.268230495e+00 1.508570419e+00 
1.232779097e+00 1.197858236e+00 1.350061848e+00 
1.236045131e+00 1.319224885e+00 1.527478353e+00 
1.135095012e+00 1.306986232e+00 1.447075455e+00 
1.283847981e+00 1.209077002e+00 1.435412617e+00 
1.827790974e+00 1.645079041e+00 1.872945750e+00 
1.278701306e+00 1.366139725e+00 1.589326736e+00 
1.184976247e+00 1.212646609e+00 1.377981976e+00 
1.415676960e+00 1.826109128e+00 1.851033752e+00 
1.494210214e+00 1.638959714e+00 1.766213112e+00 
1.160629454e+00 1.252932177e+00 1.399893974e+00 
1.151622922e+00 1.266190719e+00 1.377981976e+00 
1.611490499e+00 1.634880163e+00 1.817458915e+00 
1.580213777e+00 1.738398776e+00 1.870295105e+00 
1.106710214e+00 1.171341152e+00 1.330800495e+00 
1.205908551e+00 1.209586945e+00 1.435412617e+00 
1.409144893e+00 1.323814380e+00 1.589326736e+00 
1.186015439e+00 1.504334523e+00 1.558402545e+00 
1.850950119e+00 1.805711372e+00 1.926842198e+00 
1.163747031e+00 1.211626721e+00 1.352712493e+00 
1.273456057e+00 1.304946456e+00 1.506626612e+00 
1.205760095e+00 1.366649669e+00 1.605584025e+00 
1.182304038e+00 1.250382458e+00 1.482594098e+00 
1.192002969e+00 1.433962264e+00 1.605584025e+00 
1.182897862e+00 1.230494646e+00 1.382576427e+00 
1.014370546e+00 1.108618052e+00 1.224067857e+00 
1.347387173e+00 1.298317185e+00 1.515638805e+00 
1.168843824e+00 1.278429373e+00 1.451669906e+00 
1.600059382e+00 1.728709842e+00 1.924191553e+00 
1.058392518e+00 1.146863845e+00 1.328679979e+00 
1.175969715e+00 1.261091280e+00 1.404488426e+00 
1.309976247e+00 1.207037226e+00 1.435412617e+00 
1.156571853e+00 1.330953595e+00 1.451669906e+00 
1.287608670e+00 1.520652728e+00 1.681392472e+00 
1.046169834e+00 1.097399286e+00 1.276904047e+00 
1.152019002e+00 1.252932177e+00 1.377981976e+00 
1.238717340e+00 1.196838348e+00 1.361724686e+00 
1.306314133e+00 1.471698113e+00 1.712316664e+00 
1.144348575e+00 1.281489036e+00 1.399893974e+00 
1.091646675e+00 1.269760326e+00 1.368969783e+00 
1.230403800e+00 1.200917899e+00 1.352712493e+00 
1.043052257e+00 1.138704742e+00 1.324085527e+00 
1.138954869e+00 1.000000000e+00 1.000000000e+00 
1.000000000e+00 1.023457420e+00 1.000000000e+00 
1.138954869e+00 1.022437532e+00 1.106732638e+00 
1.000000000e+00 1.034676186e+00 1.170171408e+00 

1.303147268e+00 1.375828659e+00 1.600636155e+00 
1.724465558e+00 1.658337583e+00 1.839370914e+00 
1.670130641e+00 1.605303417e+00 1.808446722e+00 
1.297109857e+00 1.309026007e+00 1.520233257e+00 
1.405779691e+00 1.410504844e+00 1.674147376e+00 
1.400435273e+00 1.609382968e+00 1.735288920e+00 
1.384204276e+00 1.308516063e+00 1.520233257e+00 
1.675475059e+00 1.685364610e+00 1.842021559e+00 
1.742874109e+00 1.546149924e+00 1.749955823e+00 
1.152019002e+00 1.252932177e+00 1.377981976e+00 
1.168843824e+00 1.278429373e+00 1.451669906e+00 
1.490944181e+00 1.708312086e+00 1.803852271e+00 
1.672404988e+00 1.675165732e+00 1.839370914e+00 
1.765439430e+00 1.709331973e+00 1.946103552e+00 
1.701009501e+00 1.800101989e+00 1.926842198e+00 
1.246140143e+00 1.584905660e+00 1.681392472e+00 
1.355997625e+00 1.426823049e+00 1.712316664e+00 
1.378859857e+00 1.425293218e+00 1.690404665e+00 
1.514103325e+00 1.518103009e+00 1.714437180e+00 
1.300178147e+00 1.480367160e+00 1.678741827e+00 
1.144299287e+00 1.394186639e+00 1.453790422e+00 
1.640736342e+00 1.682304946e+00 1.788125110e+00 
1.222684086e+00 1.312595614e+00 1.536490546e+00 
1.330166271e+00 1.366649669e+00 1.605584025e+00 
1.283847981e+00 1.209077002e+00 1.435412617e+00 
1.627672209e+00 1.719530852e+00 1.872945750e+00 
1.208432304e+00 1.363590005e+00 1.522883902e+00 
1.184976247e+00 1.212646609e+00 1.377981976e+00 
1.179928741e+00 1.274349822e+00 1.451669906e+00 
1.744257720e+00 1.742988271e+00 1.926842198e+00 
1.192002969e+00 1.433962264e+00 1.605584025e+00 
1.402019002e+00 1.301886792e+00 1.484714614e+00 
1.238717340e+00 1.196838348e+00 1.361724686e+00 
1.404394299e+00 1.268230495e+00 1.508570419e+00 
1.134698931e+00 1.360020398e+00 1.447075455e+00 
1.434728622e+00 1.569607343e+00 1.785474465e+00 
1.821852732e+00 1.596124426e+00 1.823113624e+00 
1.205908551e+00 1.209586945e+00 1.435412617e+00 
1.412707838e+00 1.417644059e+00 1.681392472e+00 
1.175969715e+00 1.261091280e+00 1.404488426e+00 
1.556413302e+00 1.388067313e+00 1.631560346e+00 
1.534340855e+00 1.724120347e+00 1.846085881e+00 
1.106710214e+00 1.171341152e+00 1.330800495e+00 
1.202790974e+00 1.326874044e+00 1.484714614e+00 
1.343428147e+00 1.566037736e+00 1.690404665e+00 
1.376484561e+00 1.303926568e+00 1.484714614e+00 
1.554631829e+00 1.482406935e+00 1.747305178e+00 
1.212885986e+00 1.533911270e+00 1.666195441e+00 
1.160629454e+00 1.252932177e+00 1.399893974e+00 
1.181264846e+00 1.369709332e+00 1.553808093e+00 
1.226643112e+00 1.364609893e+00 1.558402545e+00 
1.217933492e+00 1.335033146e+00 1.524827708e+00 
1.560570071e+00 1.688424273e+00 1.817458915e+00 
1.144348575e+00 1.281489036e+00 1.399893974e+00 
1.135095012e+00 1.306986232e+00 1.447075455e+00 
1.309976247e+00 1.207037226e+00 1.435412617e+00 
1.151622922e+00 1.266190719e+00 1.377981976e+00 
1.533800475e+00 1.812850586e+00 1.915179360e+00 
1.218378860e+00 1.201427843e+00 1.430818166e+00 
1.769002375e+00 1.559918409e+00 1.797137303e+00 
1.288697743e+00 1.443651198e+00 1.612298993e+00 
1.182304038e+00 1.250382458e+00 1.482594098e+00 
1.232779097e+00 1.197858236e+00 1.350061848e+00 
1.165201900e+00 1.336562978e+00 1.458384874e+00 
1.131057007e+00 1.420193779e+00 1.453790422e+00 
1.156571853e+00 1.330953595e+00 1.451669906e+00 
1.406472684e+00 1.566037736e+00 1.719031631e+00 
1.156690618e+00 1.434472208e+00 1.527478353e+00 
1.382769002e+00 1.693013768e+00 1.788125110e+00 
1.200316508e+00 1.220805711e+00 1.382576427e+00 
1.043052257e+00 1.138704742e+00 1.324085527e+00 
1.163747031e+00 1.211626721e+00 1.352712493e+00 
1.446555819e+00 1.520652728e+00 1.716380986e+00 
1.273456057e+00 1.304946456e+00 1.506626612e+00 
1.046169834e+00 1.097399286e+00 1.276904047e+00 
1.230403800e+00 1.200917899e+00 1.352712493e+00 
1.091646675e+00 1.269760326e+00 1.368969783e+00 
1.228473872e+00 1.313105558e+00 1.589326736e+00 
1.014370546e+00 1.108618052e+00 1.224067857e+00 
1.138954869e+00 1.000000000e+00 1.000000000e+00 
1.000000000e+00 1.023457420e+00 1.000000000e+00 
1.000000000e+00 1.034676186e+00 1.170171408e+00 
1.138954869e+00 1.022437532e+00 1.106732638e+00 
1.058392518e+00 1.146863845e+00 1.328679979e+00 

1.433788599e+00 1.543090260e+00 1.754550274e+00 
1.116112233e+00 1.436511984e+00 1.475702421e+00 
1.188539192e+00 1.354411015e+00 1.531896095e+00 
1.384204276e+00 1.308516063e+00 1.520233257e+00 
1.222980998e+00 1.378378378e+00 1.605584025e+00 
1.543052257e+00 1.519632840e+00 1.714437180e+00 
1.226098575e+00 1.337072922e+00 1.558402545e+00 
1.666983373e+00 1.508924018e+00 1.719031631e+00 
1.197862233e+00 1.491585926e+00 1.612298993e+00 
1.550475059e+00 1.413564508e+00 1.662484538e+00 
1.457244656e+00 1.300866905e+00 1.515638805e+00 
1.203879454e+00 1.416114227e+00 1.612298993e+00 
1.291171615e+00 1.310045895e+00 1.508570419e+00 
1.378859857e+00 1.310555839e+00 1.589326736e+00 
1.128562945e+00 1.357980622e+00 1.522883902e+00 
1.236045131e+00 1.319224885e+00 1.527478353e+00 
1.603224466e+00 1.790413055e+00 1.872945750e+00 
1.355997625e+00 1.426823049e+00 1.712316664e+00 
1.485154394e+00 1.270780214e+00 1.508570419e+00 
1.144348575e+00 1.281489036e+00 1.399893974e+00 
1.210411520e+00 1.365119837e+00 1.536490546e+00 
1.319477435e+00 1.365629781e+00 1.589326736e+00 
1.641448931e+00 1.776134625e+00 1.926842198e+00 
1.616983373e+00 1.587965324e+00 1.872945750e+00 
1.182304038e+00 1.250382458e+00 1.482594098e+00 
1.271080760e+00 1.476287608e+00 1.690404665e+00 
1.325415677e+00 1.377868434e+00 1.605584025e+00 
1.335956057e+00 1.283018868e+00 1.489309065e+00 
1.414192399e+00 1.420193779e+00 1.638628733e+00 
1.181413302e+00 1.320244773e+00 1.475702421e+00 
1.520486936e+00 1.628250892e+00 1.797137303e+00 
1.205908551e+00 1.209586945e+00 1.435412617e+00 
1.238717340e+00 1.196838348e+00 1.361724686e+00 
1.352137767e+00 1.299337073e+00 1.506626612e+00 
1.309580166e+00 1.372768995e+00 1.567414738e+00 
1.760884798e+00 1.780214176e+00 1.946103552e+00 
1.184976247e+00 1.212646609e+00 1.377981976e+00 
1.604513064e+00 1.551249363e+00 1.785474465e+00 
1.245397862e+00 1.556858746e+00 1.788125110e+00 
1.197842637e+00 1.585415604e+00 1.654532603e+00 
1.292755344e+00 1.326874044e+00 1.558402545e+00 
1.257868171e+00 1.440591535e+00 1.659480474e+00 
1.378266033e+00 1.309535951e+00 1.508570419e+00 
1.850356295e+00 1.731769505e+00 1.893267362e+00 
1.145486936e+00 1.303926568e+00 1.453790422e+00 
1.200316508e+00 1.220805711e+00 1.382576427e+00 
1.182897862e+00 1.230494646e+00 1.382576427e+00 
1.218378860e+00 1.201427843e+00 1.430818166e+00 
1.163747031e+00 1.211626721e+00 1.352712493e+00 
1.414311164e+00 1.417644059e+00 1.634210991e+00 
1.597387173e+00 1.643039266e+00 1.851033752e+00 
1.098297506e+00 1.335543090e+00 1.422866231e+00 
1.151622922e+00 1.266190719e+00 1.377981976e+00 
1.584441805e+00 1.608363080e+00 1.803852271e+00 
1.217933492e+00 1.335033146e+00 1.524827708e+00 
1.091646675e+00 1.269760326e+00 1.368969783e+00 
1.232779097e+00 1.197858236e+00 1.350061848e+00 
1.152019002e+00 1.252932177e+00 1.377981976e+00 
1.168843824e+00 1.278429373e+00 1.451669906e+00 
1.463182898e+00 1.423253442e+00 1.674147376e+00 
1.106710214e+00 1.171341152e+00 1.330800495e+00 
1.489954276e+00 1.668026517e+00 1.861282912e+00 
1.569477435e+00 1.556348802e+00 1.797137303e+00 
1.309976247e+00 1.207037226e+00 1.435412617e+00 
1.179928741e+00 1.274349822e+00 1.451669906e+00 
1.297209026e+00 1.312085671e+00 1.555751900e+00 
1.043052257e+00 1.138704742e+00 1.324085527e+00 
1.160629454e+00 1.252932177e+00 1.399893974e+00 
1.175969715e+00 1.261091280e+00 1.404488426e+00 
1.014370546e+00 1.108618052e+00 1.224067857e+00 
1.692399050e+00 1.757266701e+00 1.924191553e+00 
1.046169834e+00 1.097399286e+00 1.276904047e+00 
1.135095012e+00 1.306986232e+00 1.447075455e+00 
1.000000000e+00 1.023457420e+00 1.000000000e+00 
1.000000000e+00 1.034676186e+00 1.170171408e+00 
1.058392518e+00 1.146863845e+00 1.328679979e+00 
1.138954869e+00 1.022437532e+00 1.106732638e+00 
1.138954869e+00 1.000000000e+00 1.000000000e+00 

1.652909739e+00 1.663437022e+00 1.801201626e+00 
1.236045131e+00 1.319224885e+00 1.527478353e+00 
1.371585511e+00 1.440591535e+00 1.712316664e+00 
1.168497625e+00 1.283018868e+00 1.406608942e+00 
1.379453682e+00 1.704742478e+00 1.719031631e+00 
1.596496437e+00 1.681795003e+00 1.803852271e+00 
1.362084323e+00 1.280979092e+00 1.489309065e+00 
1.283748812e+00 1.540540541e+00 1.629616540e+00 
1.325415677e+00 1.377868434e+00 1.605584025e+00 
1.598574822e+00 1.467618562e+00 1.719031631e+00 
1.126633017e+00 1.330953595e+00 1.382576427e+00 
1.753266033e+00 1.727689954e+00 1.872945750e+00 
1.126633017e+00 1.344722081e+00 1.458384874e+00 
1.520041568e+00 1.530851606e+00 1.714437180e+00 
1.332541568e+00 1.310555839e+00 1.589326736e+00 
1.347387173e+00 1.298317185e+00 1.515638805e+00 
1.278701306e+00 1.366139725e+00 1.589326736e+00 
1.383758907e+00 1.576236614e+00 1.772928079e+00 
1.546615202e+00 1.536460989e+00 1.719031631e+00 
1.194675178e+00 1.370219276e+00 1.531896095e+00 
1.829097387e+00 1.791432942e+00 1.893267362e+00 
1.700712589e+00 1.680265171e+00 1.870295105e+00 
1.285629454e+00 1.445181030e+00 1.659480474e+00 
1.225950119e+00 1.334523202e+00 1.536490546e+00 
1.391745843e+00 1.703212647e+00 1.842021559e+00 
1.533551069e+00 1.555838858e+00 1.766213112e+00 
1.319081354e+00 1.338602754e+00 1.558402545e+00 
1.294239905e+00 1.312085671e+00 1.515638805e+00 
1.281175772e+00 1.566547680e+00 1.712316664e+00 
1.230403800e+00 1.200917899e+00 1.352712493e+00 
1.680124703e+00 1.804691484e+00 1.846085881e+00 
1.444774347e+00 1.309026007e+00 1.520233257e+00 
1.210411520e+00 1.365119837e+00 1.536490546e+00 
1.778503563e+00 1.654258032e+00 1.839370914e+00 
1.222980998e+00 1.378378378e+00 1.605584025e+00 
1.319477435e+00 1.365629781e+00 1.589326736e+00 
1.834323040e+00 1.629780724e+00 1.823113624e+00 
1.229067696e+00 1.293217746e+00 1.489309065e+00 
1.919833729e+00 1.647628761e+00 1.839370914e+00 
1.151622922e+00 1.266190719e+00 1.377981976e+00 
1.514845606e+00 1.614992351e+00 1.797137303e+00 
1.335956057e+00 1.283018868e+00 1.489309065e+00 
1.205908551e+00 1.209586945e+00 1.435412617e+00 
1.168843824e+00 1.278429373e+00 1.451669906e+00 
1.200316508e+00 1.220805711e+00 1.382576427e+00 
1.233372922e+00 1.321774605e+00 1.536490546e+00 
1.679631829e+00 1.813870474e+00 1.861282912e+00 
1.543990499e+00 1.857215706e+00 1.861282912e+00 
1.654394299e+00 1.647118817e+00 1.823113624e+00 
1.232779097e+00 1.197858236e+00 1.350061848e+00 
1.128562945e+00 1.357980622e+00 1.522883902e+00 
1.249010095e+00 1.585415604e+00 1.607704541e+00 
1.175969715e+00 1.261091280e+00 1.404488426e+00 
1.215013658e+00 1.341152473e+00 1.558402545e+00 
1.583729216e+00 1.542070372e+00 1.763562467e+00 
1.218378860e+00 1.201427843e+00 1.430818166e+00 
1.361638955e+00 1.515043345e+00 1.665135183e+00 
1.144348575e+00 1.281489036e+00 1.399893974e+00 
1.425178147e+00 1.425293218e+00 1.690404665e+00 
1.288796318e+00 1.313105558e+00 1.511221064e+00 
1.163747031e+00 1.211626721e+00 1.352712493e+00 
1.046169834e+00 1.097399286e+00 1.276904047e+00 
1.091646675e+00 1.269760326e+00 1.368969783e+00 
1.160629454e+00 1.252932177e+00 1.399893974e+00 
1.597980998e+00 1.485976543e+00 1.728043824e+00 
1.574228029e+00 1.405915349e+00 1.638628733e+00 
1.179928741e+00 1.274349822e+00 1.451669906e+00 
1.182897862e+00 1.230494646e+00 1.382576427e+00 
1.106710214e+00 1.171341152e+00 1.330800495e+00 
1.238717340e+00 1.196838348e+00 1.361724686e+00 
1.103473872e+00 1.337072922e+00 1.406608942e+00 
1.309976247e+00 1.207037226e+00 1.435412617e+00 
1.686460808e+00 1.795002550e+00 1.946103552e+00 
1.559382423e+00 1.407445181e+00 1.607704541e+00 
1.145486936e+00 1.303926568e+00 1.453790422e+00 
1.182304038e+00 1.250382458e+00 1.482594098e+00 
1.014370546e+00 1.108618052e+00 1.224067857e+00 
1.273456057e+00 1.304946456e+00 1.506626612e+00 
1.331947743e+00 1.309535951e+00 1.508570419e+00 
1.404394299e+00 1.268230495e+00 1.508570419e+00 
1.043052257e+00 1.138704742e+00 1.324085527e+00 
1.446555819e+00 1.409994901e+00 1.674147376e+00 
1.135095012e+00 1.306986232e+00 1.447075455e+00 
1.283847981e+00 1.209077002e+00 1.435412617e+00 
1.184976247e+00 1.212646609e+00 1.377981976e+00 
1.557600950e+00 1.508414074e+00 1.728043824e+00 
1.058392518e+00 1.146863845e+00 1.328679979e+00 
1.000000000e+00 1.034676186e+00 1.170171408e+00 
1.222802850e+00 1.599694034e+00 1.661600990e+00 
1.138954869e+00 1.022437532e+00 1.106732638e+00 
1.000000000e+00 1.023457420e+00 1.000000000e+00 
1.573384798e+00 1.943906170e+00 1.915179360e+00 
1.377078385e+00 1.772055074e+00 1.808446722e+00 
1.138954869e+00 1.000000000e+00 1.000000000e+00 

1.551068884e+00 1.675675676e+00 1.817458915e+00 
1.827790974e+00 1.781234064e+00 1.946103552e+00 
1.333105701e+00 1.497705252e+00 1.719031631e+00 
1.167280285e+00 1.318714941e+00 1.453790422e+00 
1.116112233e+00 1.436511984e+00 1.475702421e+00 
1.521377672e+00 1.378378378e+00 1.605584025e+00 
1.292755344e+00 1.326874044e+00 1.558402545e+00 
1.487054632e+00 1.486996430e+00 1.685456794e+00 
1.595059382e+00 1.875063743e+00 1.870295105e+00 
1.182897862e+00 1.572667007e+00 1.735288920e+00 
1.233372922e+00 1.321774605e+00 1.536490546e+00 
1.228127672e+00 1.518612953e+00 1.585792543e+00 
1.168497625e+00 1.283018868e+00 1.406608942e+00 
1.487232779e+00 1.482916879e+00 1.712316664e+00 
1.478473872e+00 1.639979602e+00 1.788125110e+00 
1.310718527e+00 1.402855686e+00 1.612298993e+00 
1.765736342e+00 1.691483937e+00 1.877010072e+00 
1.157264252e+00 1.458949516e+00 1.581374801e+00 
1.217933492e+00 1.335033146e+00 1.524827708e+00 
1.336599169e+00 1.424273330e+00 1.634210991e+00 
1.429978029e+00 1.740438552e+00 1.797137303e+00 
1.200316508e+00 1.220805711e+00 1.382576427e+00 
1.151622922e+00 1.266190719e+00 1.377981976e+00 
1.234956651e+00 1.374808771e+00 1.567414738e+00 
1.175475059e+00 1.394186639e+00 1.500971903e+00 
1.691609264e+00 1.797042325e+00 1.870295105e+00 
1.760688836e+00 1.800611933e+00 1.946103552e+00 
1.568687648e+00 1.900560938e+00 1.870295105e+00 
1.738420428e+00 1.691483937e+00 1.870295105e+00 
1.331947743e+00 1.309535951e+00 1.508570419e+00 
1.251929929e+00 1.406935237e+00 1.605584025e+00 
1.631235154e+00 1.531361550e+00 1.738292985e+00 
1.719121140e+00 1.751147374e+00 1.924191553e+00 
1.135095012e+00 1.306986232e+00 1.447075455e+00 
1.277216746e+00 1.419173891e+00 1.612298993e+00 
1.205908551e+00 1.209586945e+00 1.435412617e+00 
1.319477435e+00 1.365629781e+00 1.589326736e+00 
1.232779097e+00 1.197858236e+00 1.350061848e+00 
1.408551069e+00 1.495155533e+00 1.712316664e+00 
1.152019002e+00 1.252932177e+00 1.377981976e+00 
1.278701306e+00 1.366139725e+00 1.589326736e+00 
1.181264846e+00 1.369709332e+00 1.553808093e+00 
1.288747031e+00 1.403875574e+00 1.612298993e+00 
1.337885986e+00 1.308516063e+00 1.520233257e+00 
1.510095012e+00 1.564507904e+00 1.749955823e+00 
1.332541568e+00 1.310555839e+00 1.589326736e+00 
1.184976247e+00 1.212646609e+00 1.377981976e+00 
1.291171615e+00 1.310045895e+00 1.508570419e+00 
1.404888955e+00 1.835288118e+00 1.842021559e+00 
1.555225653e+00 1.541560428e+00 1.766213112e+00 
1.226643112e+00 1.364609893e+00 1.558402545e+00 
1.156571853e+00 1.330953595e+00 1.451669906e+00 
1.601858670e+00 1.711881693e+00 1.861282912e+00 
1.103473872e+00 1.337072922e+00 1.406608942e+00 
1.685866983e+00 1.581845997e+00 1.861282912e+00 
1.091646675e+00 1.269760326e+00 1.368969783e+00 
1.218378860e+00 1.201427843e+00 1.430818166e+00 
1.238717340e+00 1.196838348e+00 1.361724686e+00 
1.347387173e+00 1.298317185e+00 1.515638805e+00 
1.411223278e+00 1.488016318e+00 1.690404665e+00 
1.144348575e+00 1.281489036e+00 1.399893974e+00 
1.371585511e+00 1.439571647e+00 1.643223184e+00 
1.274346793e+00 1.551759306e+00 1.629616540e+00 
1.375000000e+00 1.413564508e+00 1.662484538e+00 
1.309976247e+00 1.207037226e+00 1.435412617e+00 
1.168843824e+00 1.278429373e+00 1.451669906e+00 
1.441656770e+00 1.654258032e+00 1.768333628e+00 
1.441211401e+00 1.379398266e+00 1.634210991e+00 
1.175969715e+00 1.261091280e+00 1.404488426e+00 
1.046169834e+00 1.097399286e+00 1.276904047e+00 
1.043052257e+00 1.138704742e+00 1.324085527e+00 
1.106710214e+00 1.171341152e+00 1.330800495e+00 
1.058392518e+00 1.146863845e+00 1.328679979e+00 
1.309580166e+00 1.320244773e+00 1.520233257e+00 
1.122970903e+00 1.466598674e+00 1.496024033e+00 
1.884204276e+00 1.612442631e+00 1.870295105e+00 
1.702612827e+00 1.716981132e+00 1.872945750e+00 
1.014370546e+00 1.108618052e+00 1.224067857e+00 
1.283847981e+00 1.209077002e+00 1.435412617e+00 
1.160629454e+00 1.252932177e+00 1.399893974e+00 
1.162311758e+00 1.405915349e+00 1.527478353e+00 
1.463380641e+00 1.590515043e+00 1.749955823e+00 
1.230403800e+00 1.200917899e+00 1.352712493e+00 
1.288796318e+00 1.313105558e+00 1.511221064e+00 
1.570368171e+00 1.588475268e+00 1.851033752e+00 
1.484956651e+00 1.607343192e+00 1.763562467e+00 
1.421615202e+00 1.446710862e+00 1.665135183e+00 
1.182304038e+00 1.250382458e+00 1.482594098e+00 
1.450712589e+00 1.268230495e+00 1.508570419e+00 
1.182897862e+00 1.230494646e+00 1.382576427e+00 
1.000000000e+00 1.023457420e+00 1.000000000e+00 
1.138954869e+00 1.000000000e+00 1.000000000e+00 
1.138954869e+00 1.022437532e+00 1.106732638e+00 
1.000000000e+00 1.034676186e+00 1.170171408e+00 

1.691805226e+00 1.758286588e+00 1.872945750e+00 
1.141923990e+00 1.450790413e+00 1.576780350e+00 
1.179928741e+00 1.274349822e+00 1.451669906e+00 
1.128562945e+00 1.357980622e+00 1.522883902e+00 
1.728622328e+00 1.492095869e+00 1.785474465e+00 
1.567102138e+00 1.517593065e+00 1.738292985e+00 
1.463282067e+00 1.781234064e+00 1.785474465e+00 
1.239805819e+00 1.432432432e+00 1.634210991e+00 
1.508511283e+00 1.647628761e+00 1.785474465e+00 
1.297209026e+00 1.312085671e+00 1.555751900e+00 
1.514647862e+00 1.626721061e+00 1.817458915e+00 
1.344863420e+00 1.417134115e+00 1.643223184e+00 
1.842042755e+00 1.737378888e+00 1.893267362e+00 
1.194675178e+00 1.370219276e+00 1.531896095e+00 
1.216448931e+00 1.516063233e+00 1.659480474e+00 
1.495744062e+00 1.719020908e+00 1.785474465e+00 
1.874703088e+00 1.885772565e+00 1.924191553e+00 
1.170397862e+00 1.277409485e+00 1.406608942e+00 
1.247822447e+00 1.303926568e+00 1.484714614e+00 
1.480403800e+00 1.383987761e+00 1.643223184e+00 
1.832541568e+00 1.696583376e+00 1.870295105e+00 
1.386975653e+00 1.613972463e+00 1.766213112e+00 
1.556413302e+00 1.657317695e+00 1.861282912e+00 
1.404394299e+00 1.268230495e+00 1.508570419e+00 
1.283847981e+00 1.209077002e+00 1.435412617e+00 
1.451306413e+00 1.411014788e+00 1.665135183e+00 
1.516627078e+00 1.557878633e+00 1.788125110e+00 
1.135095012e+00 1.306986232e+00 1.447075455e+00 
1.200316508e+00 1.220805711e+00 1.382576427e+00 
1.258610451e+00 1.328913819e+00 1.558402545e+00 
1.175969715e+00 1.261091280e+00 1.404488426e+00 
1.152019002e+00 1.252932177e+00 1.377981976e+00 
1.342240499e+00 1.508414074e+00 1.712316664e+00 
1.385708432e+00 1.718001020e+00 1.735288920e+00 
1.182897862e+00 1.230494646e+00 1.382576427e+00 
1.230403800e+00 1.200917899e+00 1.352712493e+00 
1.116686461e+00 1.447730750e+00 1.475702421e+00 
1.421021378e+00 1.555838858e+00 1.744301113e+00 
1.489459620e+00 1.726160122e+00 1.785474465e+00 
1.757125891e+00 1.799592045e+00 1.915179360e+00 
1.276425178e+00 1.425803162e+00 1.690404665e+00 
1.163747031e+00 1.211626721e+00 1.352712493e+00 
1.371852732e+00 1.748087710e+00 1.719031631e+00 
1.309976247e+00 1.207037226e+00 1.435412617e+00 
1.588004751e+00 1.769505354e+00 1.872945750e+00 
1.106710214e+00 1.171341152e+00 1.330800495e+00 
1.281769596e+00 1.300866905e+00 1.515638805e+00 
1.217933492e+00 1.335033146e+00 1.524827708e+00 
1.222684086e+00 1.312595614e+00 1.536490546e+00 
1.756134204e+00 1.752677206e+00 1.872945750e+00 
1.160629454e+00 1.252932177e+00 1.399893974e+00 
1.467339667e+00 1.412544620e+00 1.674147376e+00 
1.156571853e+00 1.330953595e+00 1.451669906e+00 
1.365795724e+00 1.365629781e+00 1.589326736e+00 
1.681710214e+00 1.816930138e+00 1.893267362e+00 
1.238717340e+00 1.196838348e+00 1.361724686e+00 
1.184976247e+00 1.212646609e+00 1.377981976e+00 
1.205760095e+00 1.366649669e+00 1.605584025e+00 
1.144348575e+00 1.281489036e+00 1.399893974e+00 
1.603325416e+00 1.524732279e+00 1.766213112e+00 
1.151622922e+00 1.266190719e+00 1.377981976e+00 
1.098297506e+00 1.335543090e+00 1.422866231e+00 
1.182304038e+00 1.250382458e+00 1.482594098e+00 
1.232779097e+00 1.197858236e+00 1.350061848e+00 
1.502375297e+00 1.313105558e+00 1.589326736e+00 
1.168843824e+00 1.278429373e+00 1.451669906e+00 
1.402909739e+00 1.416114227e+00 1.631560346e+00 
1.218378860e+00 1.201427843e+00 1.430818166e+00 
1.347387173e+00 1.298317185e+00 1.515638805e+00 
1.058392518e+00 1.146863845e+00 1.328679979e+00 
1.014370546e+00 1.108618052e+00 1.224067857e+00 
1.205908551e+00 1.209586945e+00 1.435412617e+00 
1.046169834e+00 1.097399286e+00 1.276904047e+00 
1.043052257e+00 1.138704742e+00 1.324085527e+00 
1.091646675e+00 1.269760326e+00 1.368969783e+00 
1.138954869e+00 1.022437532e+00 1.106732638e+00 
1.378859857e+00 1.425293218e+00 1.690404665e+00 
1.000000000e+00 1.023457420e+00 1.000000000e+00 
1.138954869e+00 1.000000000e+00 1.000000000e+00 
1.000000000e+00 1.034676186e+00 1.170171408e+00 

1.621538005e+00 1.664966854e+00 1.872945750e+00 
1.676068884e+00 1.772055074e+00 1.915179360e+00 
1.384204276e+00 1.308516063e+00 1.520233257e+00 
1.404394299e+00 1.268230495e+00 1.508570419e+00 
1.851662708e+00 1.735339113e+00 1.926842198e+00 
1.139845606e+00 1.468638450e+00 1.581374801e+00 
1.620694774e+00 1.763895971e+00 1.801201626e+00 
1.229067696e+00 1.293217746e+00 1.489309065e+00 
1.442320071e+00 1.781234064e+00 1.851033752e+00 
1.187747625e+00 1.431412545e+00 1.531896095e+00 
1.145486936e+00 1.303926568e+00 1.453790422e+00 
1.135095012e+00 1.306986232e+00 1.447075455e+00 
1.205760095e+00 1.366649669e+00 1.605584025e+00 
1.281769596e+00 1.300866905e+00 1.515638805e+00 
1.635985748e+00 1.561958185e+00 1.797137303e+00 
1.217933492e+00 1.335033146e+00 1.524827708e+00 
1.165201900e+00 1.336562978e+00 1.458384874e+00 
1.355997625e+00 1.426823049e+00 1.712316664e+00 
1.134698931e+00 1.373788883e+00 1.522883902e+00 
1.301662708e+00 1.432942376e+00 1.712316664e+00 
1.292755344e+00 1.326874044e+00 1.558402545e+00 
1.739904988e+00 1.866904640e+00 1.926842198e+00 
1.258610451e+00 1.328913819e+00 1.558402545e+00 
1.182304038e+00 1.250382458e+00 1.482594098e+00 
1.200316508e+00 1.220805711e+00 1.382576427e+00 
2.000000000e+00 1.667516573e+00 1.926842198e+00 
1.134698931e+00 1.360020398e+00 1.447075455e+00 
1.523010689e+00 1.572667007e+00 1.797137303e+00 
1.098297506e+00 1.335543090e+00 1.422866231e+00 
1.770190024e+00 1.652218256e+00 1.801201626e+00 
1.210411520e+00 1.365119837e+00 1.536490546e+00 
1.719714964e+00 1.659867415e+00 1.808446722e+00 
1.283847981e+00 1.209077002e+00 1.435412617e+00 
1.168843824e+00 1.278429373e+00 1.451669906e+00 
1.160629454e+00 1.252932177e+00 1.399893974e+00 
1.446555819e+00 1.409994901e+00 1.674147376e+00 
1.257868171e+00 1.440591535e+00 1.659480474e+00 
1.601543943e+00 1.483426823e+00 1.788125110e+00 
1.175969715e+00 1.261091280e+00 1.404488426e+00 
1.144348575e+00 1.281489036e+00 1.399893974e+00 
1.352137767e+00 1.299337073e+00 1.506626612e+00 
1.205908551e+00 1.209586945e+00 1.435412617e+00 
1.387470309e+00 1.290668027e+00 1.489309065e+00 
1.603521378e+00 1.768485467e+00 1.808446722e+00 
1.091646675e+00 1.269760326e+00 1.368969783e+00 
1.179928741e+00 1.274349822e+00 1.451669906e+00 
1.232779097e+00 1.197858236e+00 1.350061848e+00 
1.106710214e+00 1.171341152e+00 1.330800495e+00 
1.332541568e+00 1.310555839e+00 1.589326736e+00 
1.163747031e+00 1.211626721e+00 1.352712493e+00 
1.309976247e+00 1.207037226e+00 1.435412617e+00 
1.184976247e+00 1.212646609e+00 1.377981976e+00 
1.152019002e+00 1.252932177e+00 1.377981976e+00 
1.499406176e+00 1.478837328e+00 1.719031631e+00 
1.058392518e+00 1.146863845e+00 1.328679979e+00 
1.193487530e+00 1.419173891e+00 1.605584025e+00 
1.218378860e+00 1.201427843e+00 1.430818166e+00 
1.297109857e+00 1.309026007e+00 1.520233257e+00 
1.392369359e+00 1.491585926e+00 1.788125110e+00 
1.226098575e+00 1.337072922e+00 1.558402545e+00 
1.279542755e+00 1.384497705e+00 1.643223184e+00 
1.676169834e+00 1.901070882e+00 1.924191553e+00 
1.014370546e+00 1.108618052e+00 1.224067857e+00 
1.046169834e+00 1.097399286e+00 1.276904047e+00 
1.238717340e+00 1.196838348e+00 1.361724686e+00 
1.230403800e+00 1.200917899e+00 1.352712493e+00 
1.182897862e+00 1.230494646e+00 1.382576427e+00 
1.452494062e+00 1.485466599e+00 1.735288920e+00 
1.043052257e+00 1.138704742e+00 1.324085527e+00 
1.138954869e+00 1.000000000e+00 1.000000000e+00 
1.000000000e+00 1.034676186e+00 1.170171408e+00 
1.000000000e+00 1.023457420e+00 1.000000000e+00 
1.138954869e+00 1.022437532e+00 1.106732638e+00 

1.414637767e+00 1.548189699e+00 1.792189433e+00 
1.373713183e+00 1.724120347e+00 1.766213112e+00 
1.263657957e+00 1.377868434e+00 1.605584025e+00 
1.503562945e+00 1.523202448e+00 1.712316664e+00 
1.264994062e+00 1.369709332e+00 1.560523061e+00 
1.513064133e+00 1.482406935e+00 1.712316664e+00 
1.230403800e+00 1.200917899e+00 1.352712493e+00 
1.526128266e+00 1.526772055e+00 1.749955823e+00 
1.780136580e+00 1.741968383e+00 1.877010072e+00 
1.909738717e+00 1.771545130e+00 1.926842198e+00 
1.516132423e+00 1.699643039e+00 1.851033752e+00 
1.229067696e+00 1.293217746e+00 1.489309065e+00 
1.315815321e+00 1.525752167e+00 1.690404665e+00 
1.404394299e+00 1.268230495e+00 1.508570419e+00 
1.206353919e+00 1.301886792e+00 1.484714614e+00 
1.555671021e+00 1.627740948e+00 1.851033752e+00 
1.583135392e+00 1.607343192e+00 1.797137303e+00 
1.182304038e+00 1.250382458e+00 1.482594098e+00 
1.379453682e+00 1.477307496e+00 1.690404665e+00 
1.276622922e+00 1.652218256e+00 1.629616540e+00 
1.332541568e+00 1.310555839e+00 1.589326736e+00 
1.236045131e+00 1.319224885e+00 1.527478353e+00 
1.777909739e+00 1.592044875e+00 1.797137303e+00 
1.423693587e+00 1.483426823e+00 1.707368793e+00 
1.270981591e+00 1.541050484e+00 1.612298993e+00 
1.631235154e+00 1.747067823e+00 1.872945750e+00 
1.970308789e+00 1.721570627e+00 1.877010072e+00 
1.168843824e+00 1.278429373e+00 1.451669906e+00 
1.484560570e+00 1.424783274e+00 1.665135183e+00 
1.211896081e+00 1.382457930e+00 1.605584025e+00 
1.306215558e+00 1.416114227e+00 1.643223184e+00 
1.289538599e+00 1.751147374e+00 1.712316664e+00 
1.384204276e+00 1.308516063e+00 1.520233257e+00 
1.175969715e+00 1.261091280e+00 1.404488426e+00 
1.602137767e+00 1.535441101e+00 1.788125110e+00 
1.751187648e+00 1.683834778e+00 1.872945750e+00 
1.181413302e+00 1.320244773e+00 1.475702421e+00 
1.645682898e+00 1.667516573e+00 1.861282912e+00 
1.232779097e+00 1.197858236e+00 1.350061848e+00 
1.535629454e+00 1.496175421e+00 1.719031631e+00 
1.238717340e+00 1.196838348e+00 1.361724686e+00 
1.291171615e+00 1.310045895e+00 1.508570419e+00 
1.297703682e+00 1.359510454e+00 1.558402545e+00 
1.128562945e+00 1.344212137e+00 1.447075455e+00 
1.740896675e+00 1.781744008e+00 1.946103552e+00 
1.393705463e+00 1.298317185e+00 1.515638805e+00 
1.106710214e+00 1.171341152e+00 1.330800495e+00 
1.144348575e+00 1.281489036e+00 1.399893974e+00 
1.582838480e+00 1.859255482e+00 1.926842198e+00 
1.611045131e+00 1.523712392e+00 1.749955823e+00 
1.327612827e+00 1.640489546e+00 1.735288920e+00 
1.297109857e+00 1.309026007e+00 1.520233257e+00 
1.342458432e+00 1.497195309e+00 1.685456794e+00 
1.184976247e+00 1.212646609e+00 1.377981976e+00 
1.499802257e+00 1.674145844e+00 1.823113624e+00 
1.179928741e+00 1.274349822e+00 1.451669906e+00 
1.137816508e+00 1.332483427e+00 1.475702421e+00 
1.134698931e+00 1.373788883e+00 1.522883902e+00 
1.160629454e+00 1.252932177e+00 1.399893974e+00 
1.200316508e+00 1.220805711e+00 1.382576427e+00 
1.481591449e+00 1.410504844e+00 1.631560346e+00 
1.156571853e+00 1.330953595e+00 1.451669906e+00 
1.152019002e+00 1.252932177e+00 1.377981976e+00 
1.218378860e+00 1.201427843e+00 1.430818166e+00 
1.677404988e+00 1.821009689e+00 1.877010072e+00 
1.230997625e+00 1.373278939e+00 1.553808093e+00 
1.475059382e+00 1.443651198e+00 1.674147376e+00 
1.225950119e+00 1.334523202e+00 1.536490546e+00 
1.409936461e+00 1.613972463e+00 1.716380986e+00 
1.578384798e+00 1.409484957e+00 1.638628733e+00 
1.243071853e+00 1.209586945e+00 1.435412617e+00 
1.309976247e+00 1.207037226e+00 1.435412617e+00 
1.294239905e+00 1.312085671e+00 1.515638805e+00 
1.200415677e+00 1.517083121e+00 1.538611062e+00 
1.014370546e+00 1.108618052e+00 1.224067857e+00 
1.913301663e+00 1.725650178e+00 1.946103552e+00 
1.319081354e+00 1.592554819e+00 1.697119632e+00 
1.769792162e+00 1.752167262e+00 1.915179360e+00 
1.151622922e+00 1.266190719e+00 1.377981976e+00 
1.091646675e+00 1.269760326e+00 1.368969783e+00 
1.709026128e+00 1.698113208e+00 1.870295105e+00 
1.188539192e+00 1.354411015e+00 1.531896095e+00 
1.283847981e+00 1.209077002e+00 1.435412617e+00 
1.046169834e+00 1.097399286e+00 1.276904047e+00 
1.135095012e+00 1.306986232e+00 1.447075455e+00 
1.300326603e+00 1.270780214e+00 1.508570419e+00 
1.182897862e+00 1.230494646e+00 1.382576427e+00 
1.649839667e+00 1.733299337e+00 1.872945750e+00 
1.043052257e+00 1.138704742e+00 1.324085527e+00 
1.202790974e+00 1.326874044e+00 1.484714614e+00 
1.163747031e+00 1.211626721e+00 1.352712493e+00 
1.298990499e+00 1.507904131e+00 1.681392472e+00 
1.058392518e+00 1.146863845e+00 1.328679979e+00 
1.000000000e+00 1.023457420e+00 1.000000000e+00 
1.000000000e+00 1.034676186e+00 1.170171408e+00 
1.138954869e+00 1.000000000e+00 1.000000000e+00 
1.138954869e+00 1.022437532e+00 1.106732638e+00 

1.582440618e+00 1.660377358e+00 1.851033752e+00 
1.225950119e+00 1.334523202e+00 1.536490546e+00 
1.168843824e+00 1.278429373e+00 1.451669906e+00 
1.141923990e+00 1.450790413e+00 1.576780350e+00 
1.563539192e+00 1.814380418e+00 1.870295105e+00 
1.401425178e+00 1.618561958e+00 1.754550274e+00 
1.236045131e+00 1.319224885e+00 1.527478353e+00 
1.275831354e+00 1.301886792e+00 1.503975967e+00 
1.205908551e+00 1.209586945e+00 1.435412617e+00 
1.329572447e+00 1.312595614e+00 1.511221064e+00 
1.695071259e+00 1.767465579e+00 1.872945750e+00 
1.126633017e+00 1.344722081e+00 1.458384874e+00 
1.478226247e+00 1.627740948e+00 1.766213112e+00 
1.450712589e+00 1.268230495e+00 1.508570419e+00 
1.181413302e+00 1.320244773e+00 1.475702421e+00 
1.556413302e+00 1.440591535e+00 1.712316664e+00 
1.292755344e+00 1.326874044e+00 1.558402545e+00 
1.404443587e+00 1.811830699e+00 1.797137303e+00 
1.291171615e+00 1.310045895e+00 1.508570419e+00 
1.241686461e+00 1.504334523e+00 1.602756671e+00 
1.461846793e+00 1.407955125e+00 1.643223184e+00 
1.245843230e+00 1.468128506e+00 1.690404665e+00 
1.241389549e+00 1.316675166e+00 1.484714614e+00 
1.230403800e+00 1.200917899e+00 1.352712493e+00 
1.598176960e+00 1.668026517e+00 1.861282912e+00 
1.371733967e+00 1.377868434e+00 1.605584025e+00 
1.264845606e+00 1.305456400e+00 1.484714614e+00 
1.621258907e+00 1.848036716e+00 1.872945750e+00 
1.333135392e+00 1.376848547e+00 1.589326736e+00 
1.232779097e+00 1.197858236e+00 1.350061848e+00 
1.103473872e+00 1.337072922e+00 1.406608942e+00 
1.705463183e+00 1.767465579e+00 1.946103552e+00 
1.636579572e+00 1.776134625e+00 1.946103552e+00 
1.378859857e+00 1.425293218e+00 1.690404665e+00 
1.194675178e+00 1.370219276e+00 1.531896095e+00 
1.179434086e+00 1.421213666e+00 1.522883902e+00 
1.218131235e+00 1.335033146e+00 1.489309065e+00 
1.783847981e+00 1.711881693e+00 1.946103552e+00 
1.457244656e+00 1.372768995e+00 1.567414738e+00 
1.362084323e+00 1.280979092e+00 1.489309065e+00 
1.163747031e+00 1.211626721e+00 1.352712493e+00 
1.428760689e+00 1.756756757e+00 1.763562467e+00 
1.238717340e+00 1.196838348e+00 1.361724686e+00 
1.208432304e+00 1.363590005e+00 1.522883902e+00 
1.841448931e+00 1.703212647e+00 1.877010072e+00 
1.331947743e+00 1.309535951e+00 1.508570419e+00 
1.375000000e+00 1.413564508e+00 1.662484538e+00 
1.128562945e+00 1.344212137e+00 1.447075455e+00 
1.573337292e+00 1.713921469e+00 1.785474465e+00 
1.126633017e+00 1.330953595e+00 1.382576427e+00 
1.184976247e+00 1.212646609e+00 1.377981976e+00 
1.355997625e+00 1.404385518e+00 1.605584025e+00 
1.200435273e+00 1.441101479e+00 1.565117512e+00 
1.233372922e+00 1.321774605e+00 1.536490546e+00 
1.226098575e+00 1.337072922e+00 1.558402545e+00 
1.609560570e+00 1.539010709e+00 1.788125110e+00 
1.218378860e+00 1.201427843e+00 1.430818166e+00 
1.788004751e+00 1.642019378e+00 1.823113624e+00 
1.187203088e+00 1.380928098e+00 1.500971903e+00 
1.200316508e+00 1.220805711e+00 1.382576427e+00 
1.197792755e+00 1.328913819e+00 1.484714614e+00 
1.364014252e+00 1.312595614e+00 1.536490546e+00 
1.756532067e+00 1.654767976e+00 1.823113624e+00 
1.735451306e+00 1.763895971e+00 1.926842198e+00 
1.179928741e+00 1.274349822e+00 1.451669906e+00 
1.182897862e+00 1.230494646e+00 1.382576427e+00 
1.576306413e+00 1.521162672e+00 1.716380986e+00 
1.151622922e+00 1.266190719e+00 1.377981976e+00 
1.526573634e+00 1.766445691e+00 1.861282912e+00 
1.106710214e+00 1.171341152e+00 1.330800495e+00 
1.337885986e+00 1.308516063e+00 1.520233257e+00 
1.806413302e+00 1.627231005e+00 1.851033752e+00 
1.310866983e+00 1.418663947e+00 1.605584025e+00 
1.472535629e+00 1.562978072e+00 1.716380986e+00 
1.144348575e+00 1.281489036e+00 1.399893974e+00 
1.709026128e+00 1.655787863e+00 1.870295105e+00 
1.091646675e+00 1.269760326e+00 1.368969783e+00 
1.175475059e+00 1.394186639e+00 1.500971903e+00 
1.283847981e+00 1.209077002e+00 1.435412617e+00 
1.135095012e+00 1.306986232e+00 1.447075455e+00 
1.160629454e+00 1.252932177e+00 1.399893974e+00 
1.058392518e+00 1.146863845e+00 1.328679979e+00 
1.043052257e+00 1.138704742e+00 1.324085527e+00 
1.215013658e+00 1.341152473e+00 1.558402545e+00 
1.347387173e+00 1.298317185e+00 1.515638805e+00 
1.488420428e+00 1.726670066e+00 1.817458915e+00 
1.404988124e+00 1.496685365e+00 1.712316664e+00 
1.370249406e+00 1.678225395e+00 1.735288920e+00 
1.590855107e+00 1.374808771e+00 1.584378866e+00 
1.309976247e+00 1.207037226e+00 1.435412617e+00 
1.156571853e+00 1.330953595e+00 1.451669906e+00 
1.152019002e+00 1.252932177e+00 1.377981976e+00 
1.182304038e+00 1.250382458e+00 1.482594098e+00 
1.234956651e+00 1.374808771e+00 1.567414738e+00 
1.014370546e+00 1.108618052e+00 1.224067857e+00 
1.046169834e+00 1.097399286e+00 1.276904047e+00 
1.000000000e+00 1.034676186e+00 1.170171408e+00 
1.138954869e+00 1.022437532e+00 1.106732638e+00 
1.138954869e+00 1.000000000e+00 1.000000000e+00 
1.000000000e+00 1.023457420e+00 1.000000000e+00 

1.570071259e+00 1.423763386e+00 1.674147376e+00 
1.321407363e+00 1.580826109e+00 1.712316664e+00 
1.398852138e+00 1.708822030e+00 1.820109560e+00 
1.393606295e+00 1.766955635e+00 1.797137303e+00 
1.145486936e+00 1.303926568e+00 1.453790422e+00 
1.365795724e+00 1.365629781e+00 1.589326736e+00 
1.481146081e+00 1.613972463e+00 1.788125110e+00 
1.234956651e+00 1.374808771e+00 1.567414738e+00 
1.144348575e+00 1.281489036e+00 1.399893974e+00 
1.514568290e+00 1.640489546e+00 1.792189433e+00 
1.273456057e+00 1.304946456e+00 1.506626612e+00 
1.641330166e+00 1.646098929e+00 1.797137303e+00 
1.758907363e+00 1.622641509e+00 1.801201626e+00 
1.126633017e+00 1.330953595e+00 1.382576427e+00 
1.684085511e+00 1.651198368e+00 1.870295105e+00 
1.150039786e+00 1.381947986e+00 1.527478353e+00 
1.318289786e+00 1.407445181e+00 1.607704541e+00 
1.423792755e+00 1.437021928e+00 1.631560346e+00 
1.337885986e+00 1.308516063e+00 1.520233257e+00 
1.407066508e+00 1.457419684e+00 1.665135183e+00 
1.221496437e+00 1.402855686e+00 1.536490546e+00 
1.205908551e+00 1.209586945e+00 1.435412617e+00 
1.571407363e+00 1.742478327e+00 1.851033752e+00 
1.182304038e+00 1.250382458e+00 1.482594098e+00 
1.681235154e+00 1.629780724e+00 1.808446722e+00 
1.474910926e+00 1.705762366e+00 1.766213112e+00 
1.379453682e+00 1.322794493e+00 1.555751900e+00 
1.316607482e+00 1.445690974e+00 1.631560346e+00 
1.355106888e+00 1.479347272e+00 1.662484538e+00 
1.492082542e+00 1.540030597e+00 1.747305178e+00 
1.206353919e+00 1.301886792e+00 1.484714614e+00 
1.212737530e+00 1.503824579e+00 1.548860223e+00 
1.126633017e+00 1.344722081e+00 1.458384874e+00 
1.662114014e+00 1.740438552e+00 1.946103552e+00 
1.361045131e+00 1.478327384e+00 1.674147376e+00 
1.534263658e+00 1.781234064e+00 1.839370914e+00 
1.263657957e+00 1.377868434e+00 1.605584025e+00 
1.228077791e+00 1.385007649e+00 1.553808093e+00 
1.222684086e+00 1.312595614e+00 1.536490546e+00 
1.358076010e+00 1.431922489e+00 1.629616540e+00 
1.229067696e+00 1.293217746e+00 1.489309065e+00 
1.184976247e+00 1.212646609e+00 1.377981976e+00 
1.404394299e+00 1.268230495e+00 1.508570419e+00 
1.240301069e+00 1.434472208e+00 1.605584025e+00 
1.756532067e+00 1.598164202e+00 1.797137303e+00 
1.602880048e+00 1.781744008e+00 1.924191553e+00 
1.181413302e+00 1.320244773e+00 1.475702421e+00 
1.307007126e+00 1.374298827e+00 1.555751900e+00 
1.151622922e+00 1.266190719e+00 1.377981976e+00 
1.179928741e+00 1.274349822e+00 1.451669906e+00 
1.521971496e+00 1.447220806e+00 1.640572539e+00 
1.595011876e+00 1.545639980e+00 1.749955823e+00 
1.232779097e+00 1.197858236e+00 1.350061848e+00 
1.331947743e+00 1.309535951e+00 1.508570419e+00 
1.279097387e+00 1.494135645e+00 1.626965895e+00 
1.595457245e+00 1.703212647e+00 1.808446722e+00 
1.566110451e+00 1.584395716e+00 1.754550274e+00 
1.173396675e+00 1.325344212e+00 1.527478353e+00 
1.163747031e+00 1.211626721e+00 1.352712493e+00 
1.135095012e+00 1.306986232e+00 1.447075455e+00 
1.353325416e+00 1.539010709e+00 1.643223184e+00 
1.230403800e+00 1.200917899e+00 1.352712493e+00 
1.298990499e+00 1.546659867e+00 1.634210991e+00 
1.194675178e+00 1.370219276e+00 1.531896095e+00 
1.214964371e+00 1.530341662e+00 1.612298993e+00 
1.409144893e+00 1.323814380e+00 1.589326736e+00 
1.610154394e+00 1.702192759e+00 1.842021559e+00 
1.495546318e+00 1.433962264e+00 1.634210991e+00 
1.370249406e+00 1.474757777e+00 1.735288920e+00 
1.168843824e+00 1.278429373e+00 1.451669906e+00 
1.182897862e+00 1.230494646e+00 1.382576427e+00 
1.667458432e+00 1.552269250e+00 1.772928079e+00 
1.098871734e+00 1.346761856e+00 1.422866231e+00 
1.160629454e+00 1.252932177e+00 1.399893974e+00 
1.309976247e+00 1.207037226e+00 1.435412617e+00 
1.595605701e+00 1.421213666e+00 1.674147376e+00 
1.218378860e+00 1.201427843e+00 1.430818166e+00 
1.716152019e+00 1.626721061e+00 1.797137303e+00 
1.137816508e+00 1.332483427e+00 1.475702421e+00 
1.200316508e+00 1.220805711e+00 1.382576427e+00 
1.271674584e+00 1.372768995e+00 1.553808093e+00 
1.682897862e+00 1.671086181e+00 1.823113624e+00 
1.880641330e+00 1.734829169e+00 1.915179360e+00 
1.369358670e+00 1.616012239e+00 1.714437180e+00 
1.238717340e+00 1.196838348e+00 1.361724686e+00 
1.046169834e+00 1.097399286e+00 1.276904047e+00 
1.058392518e+00 1.146863845e+00 1.328679979e+00 
1.128562945e+00 1.338602754e+00 1.399893974e+00 
1.606146081e+00 1.655787863e+00 1.797137303e+00 
1.106710214e+00 1.171341152e+00 1.330800495e+00 
1.014370546e+00 1.108618052e+00 1.224067857e+00 
1.091646675e+00 1.269760326e+00 1.368969783e+00 
1.175969715e+00 1.261091280e+00 1.404488426e+00 
1.519002375e+00 1.427332993e+00 1.612298993e+00 
1.152019002e+00 1.252932177e+00 1.377981976e+00 
1.138954869e+00 1.022437532e+00 1.106732638e+00 
1.283847981e+00 1.209077002e+00 1.435412617e+00 
1.043052257e+00 1.138704742e+00 1.324085527e+00 
1.238044537e+00 1.494135645e+00 1.578724156e+00 
1.000000000e+00 1.034676186e+00 1.170171408e+00 
1.650237530e+00 1.568587455e+00 1.766213112e+00 
1.138954869e+00 1.000000000e+00 1.000000000e+00 
1.000000000e+00 1.023457420e+00 1.000000000e+00 

1.532066508e+00 1.609892912e+00 1.785474465e+00 
1.312549287e+00 1.466088730e+00 1.634210991e+00 
1.283254157e+00 1.444671086e+00 1.609648348e+00 
1.387470309e+00 1.290668027e+00 1.489309065e+00 
1.453384798e+00 1.422233554e+00 1.631560346e+00 
1.515043349e+00 1.649668536e+00 1.788125110e+00 
1.165973872e+00 1.403365630e+00 1.496024033e+00 
1.201504157e+00 1.653238144e+00 1.687577310e+00 
1.535035629e+00 1.492095869e+00 1.690404665e+00 
1.098297506e+00 1.335543090e+00 1.422866231e+00 
1.967339667e+00 1.797552269e+00 1.946103552e+00 
1.364014252e+00 1.312595614e+00 1.536490546e+00 
1.722684086e+00 1.526772055e+00 1.732638275e+00 
1.595605701e+00 1.585415604e+00 1.785474465e+00 
1.644002375e+00 1.635900051e+00 1.808446722e+00 
1.800671021e+00 1.754716981e+00 1.915179360e+00 
1.430819477e+00 1.632840388e+00 1.785474465e+00 
1.614014252e+00 1.535441101e+00 1.788125110e+00 
1.205908551e+00 1.209586945e+00 1.435412617e+00 
1.378266033e+00 1.309535951e+00 1.508570419e+00 
1.316112233e+00 1.558388577e+00 1.678741827e+00 
1.173396675e+00 1.325344212e+00 1.527478353e+00 
1.565124703e+00 1.686384498e+00 1.839370914e+00 
1.152019002e+00 1.252932177e+00 1.377981976e+00 
1.675771971e+00 1.810300867e+00 1.893267362e+00 
1.228473872e+00 1.313105558e+00 1.589326736e+00 
1.511134204e+00 1.518612953e+00 1.728043824e+00 
1.732185273e+00 1.554818970e+00 1.792189433e+00 
1.156571853e+00 1.330953595e+00 1.451669906e+00 
1.371733967e+00 1.377868434e+00 1.605584025e+00 
1.222980998e+00 1.378378378e+00 1.605584025e+00 
1.268606295e+00 1.553289138e+00 1.643223184e+00 
1.150039786e+00 1.368179500e+00 1.451669906e+00 
1.756532067e+00 1.605813361e+00 1.842021559e+00 
1.155730404e+00 1.551249363e+00 1.526948224e+00 
1.208432304e+00 1.436511984e+00 1.576780350e+00 
1.903800475e+00 1.785313616e+00 1.924191553e+00 
1.475653207e+00 1.498215196e+00 1.712316664e+00 
1.444774347e+00 1.309026007e+00 1.520233257e+00 
1.593230404e+00 1.663946966e+00 1.817458915e+00 
1.389370546e+00 1.472208057e+00 1.681392472e+00 
1.295576010e+00 1.453850076e+00 1.631560346e+00 
1.456254751e+00 1.876593575e+00 1.839370914e+00 
1.404394299e+00 1.268230495e+00 1.508570419e+00 
1.381235154e+00 1.429882713e+00 1.609648348e+00 
1.144348575e+00 1.281489036e+00 1.399893974e+00 
1.238123515e+00 1.475777664e+00 1.612298993e+00 
1.162311758e+00 1.405915349e+00 1.527478353e+00 
1.210016033e+00 1.378378378e+00 1.536490546e+00 
1.370348575e+00 1.544110148e+00 1.681392472e+00 
1.459026128e+00 1.416624171e+00 1.665135183e+00 
1.453879454e+00 1.440591535e+00 1.643223184e+00 
1.446555819e+00 1.665986741e+00 1.803852271e+00 
1.135095012e+00 1.306986232e+00 1.447075455e+00 
1.745249406e+00 1.629780724e+00 1.823113624e+00 
1.091646675e+00 1.269760326e+00 1.368969783e+00 
1.376484561e+00 1.303926568e+00 1.484714614e+00 
1.548295724e+00 1.477307496e+00 1.716380986e+00 
1.179928741e+00 1.274349822e+00 1.451669906e+00 
1.390736342e+00 1.611932687e+00 1.683512988e+00 
1.300029691e+00 1.433452320e+00 1.607704541e+00 
1.343230404e+00 1.449770525e+00 1.678741827e+00 
1.403206651e+00 1.675675676e+00 1.763562467e+00 
1.583729216e+00 1.602753697e+00 1.785474465e+00 
1.402909739e+00 1.447730750e+00 1.621311186e+00 
1.607482185e+00 1.455889852e+00 1.712316664e+00 
1.175969715e+00 1.261091280e+00 1.404488426e+00 
1.226643112e+00 1.364609893e+00 1.558402545e+00 
1.273456057e+00 1.304946456e+00 1.506626612e+00 
1.160629454e+00 1.252932177e+00 1.399893974e+00 
1.184976247e+00 1.212646609e+00 1.377981976e+00 
1.562749406e+00 1.703212647e+00 1.872945750e+00 
1.393705463e+00 1.298317185e+00 1.515638805e+00 
1.793942993e+00 1.600713921e+00 1.870295105e+00 
1.874703088e+00 1.822539521e+00 1.924191553e+00 
1.283847981e+00 1.209077002e+00 1.435412617e+00 
1.200316508e+00 1.220805711e+00 1.382576427e+00 
1.199425772e+00 1.524222336e+00 1.607704541e+00 
1.309976247e+00 1.207037226e+00 1.435412617e+00 
1.580362233e+00 1.823559408e+00 1.946103552e+00 
1.238717340e+00 1.196838348e+00 1.361724686e+00 
1.328285629e+00 1.486486486e+00 1.659480474e+00 
1.856888361e+00 1.726160122e+00 1.893267362e+00 
1.043052257e+00 1.138704742e+00 1.324085527e+00 
1.691805226e+00 1.643039266e+00 1.870295105e+00 
1.014370546e+00 1.108618052e+00 1.224067857e+00 
1.607482185e+00 1.412544620e+00 1.626965895e+00 
1.230403800e+00 1.200917899e+00 1.352712493e+00 
1.163747031e+00 1.211626721e+00 1.352712493e+00 
1.510807601e+00 1.865374809e+00 1.893267362e+00 
1.182897862e+00 1.230494646e+00 1.382576427e+00 
1.168843824e+00 1.278429373e+00 1.451669906e+00 
1.046169834e+00 1.097399286e+00 1.276904047e+00 
1.106710214e+00 1.171341152e+00 1.330800495e+00 
1.151622922e+00 1.266190719e+00 1.377981976e+00 
1.466152019e+00 1.417644059e+00 1.681392472e+00 
1.635985748e+00 1.614992351e+00 1.797137303e+00 
1.182304038e+00 1.250382458e+00 1.482594098e+00 
1.058392518e+00 1.146863845e+00 1.328679979e+00 
1.218378860e+00 1.201427843e+00 1.430818166e+00 
1.407066508e+00 1.536460989e+00 1.766213112e+00 
1.232779097e+00 1.197858236e+00 1.350061848e+00 
1.138954869e+00 1.022437532e+00 1.106732638e+00 
1.138954869e+00 1.000000000e+00 1.000000000e+00 
1.000000000e+00 1.023457420e+00 1.000000000e+00 
1.000000000e+00 1.034676186e+00 1.170171408e+00 

1.555195962e+00 1.760836308e+00 1.839370914e+00 
1.279542755e+00 1.384497705e+00 1.643223184e+00 
1.459026128e+00 1.444671086e+00 1.674147376e+00 
1.760540380e+00 1.732789393e+00 1.872945750e+00 
1.506086698e+00 1.781234064e+00 1.792189433e+00 
1.478721496e+00 1.581845997e+00 1.716380986e+00 
1.162311758e+00 1.405915349e+00 1.527478353e+00 
1.420427553e+00 1.491075982e+00 1.678741827e+00 
1.480403800e+00 1.423253442e+00 1.674147376e+00 
1.785629454e+00 1.672106068e+00 1.842021559e+00 
1.336401425e+00 1.519122896e+00 1.712316664e+00 
1.579691211e+00 1.503824579e+00 1.719031631e+00 
1.540498812e+00 1.767465579e+00 1.820109560e+00 
1.415973872e+00 1.755226925e+00 1.763562467e+00 
1.156690618e+00 1.433962264e+00 1.505566354e+00 
1.865795724e+00 1.759306476e+00 1.893267362e+00 
1.697743468e+00 1.615502295e+00 1.820109560e+00 
1.622921615e+00 1.878123406e+00 1.926842198e+00 
1.461203682e+00 1.614992351e+00 1.763562467e+00 
1.173396675e+00 1.325344212e+00 1.527478353e+00 
1.168497625e+00 1.283018868e+00 1.406608942e+00 
1.309976247e+00 1.207037226e+00 1.435412617e+00 
1.222684086e+00 1.312595614e+00 1.536490546e+00 
1.141230998e+00 1.322794493e+00 1.447075455e+00 
1.179928741e+00 1.274349822e+00 1.451669906e+00 
1.440617577e+00 1.290668027e+00 1.489309065e+00 
1.453483967e+00 1.438041815e+00 1.665135183e+00 
1.514697150e+00 1.540030597e+00 1.797137303e+00 
1.200316508e+00 1.220805711e+00 1.382576427e+00 
1.676959620e+00 1.496175421e+00 1.747305178e+00 
1.337885986e+00 1.308516063e+00 1.520233257e+00 
1.758907363e+00 1.684854666e+00 1.823113624e+00 
1.790380048e+00 1.801631820e+00 1.946103552e+00 
1.232779097e+00 1.197858236e+00 1.350061848e+00 
1.130660926e+00 1.445690974e+00 1.431878424e+00 
1.595801663e+00 1.786333503e+00 1.861282912e+00 
1.091646675e+00 1.269760326e+00 1.368969783e+00 
1.256086698e+00 1.612442631e+00 1.659480474e+00 
1.152019002e+00 1.252932177e+00 1.377981976e+00 
1.568408551e+00 1.732789393e+00 1.808446722e+00 
1.264746437e+00 1.414074452e+00 1.643223184e+00 
1.126633017e+00 1.330953595e+00 1.382576427e+00 
1.156571853e+00 1.330953595e+00 1.451669906e+00 
1.752078385e+00 1.697093320e+00 1.851033752e+00 
1.700712589e+00 1.495155533e+00 1.719031631e+00 
1.182897862e+00 1.230494646e+00 1.382576427e+00 
1.109016033e+00 1.456399796e+00 1.475702421e+00 
1.292755344e+00 1.326874044e+00 1.558402545e+00 
1.176563539e+00 1.596634370e+00 1.536490546e+00 
1.414786223e+00 1.603773585e+00 1.735288920e+00 
1.690219715e+00 1.912289648e+00 1.946103552e+00 
1.416864608e+00 1.719020908e+00 1.766213112e+00 
1.587191211e+00 1.655277919e+00 1.820109560e+00 
1.168843824e+00 1.278429373e+00 1.451669906e+00 
1.218378860e+00 1.201427843e+00 1.430818166e+00 
1.205908551e+00 1.209586945e+00 1.435412617e+00 
1.409144893e+00 1.323814380e+00 1.589326736e+00 
1.342240499e+00 1.508414074e+00 1.712316664e+00 
1.248763064e+00 1.642019378e+00 1.761265241e+00 
1.413301663e+00 1.313105558e+00 1.589326736e+00 
1.770190024e+00 1.679755227e+00 1.823113624e+00 
1.144348575e+00 1.281489036e+00 1.399893974e+00 
1.175969715e+00 1.261091280e+00 1.404488426e+00 
1.137816508e+00 1.332483427e+00 1.475702421e+00 
1.205760095e+00 1.366649669e+00 1.605584025e+00 
1.098871734e+00 1.346761856e+00 1.422866231e+00 
1.163747031e+00 1.211626721e+00 1.352712493e+00 
1.735451306e+00 1.741458440e+00 1.877010072e+00 
1.283847981e+00 1.209077002e+00 1.435412617e+00 
1.151622922e+00 1.266190719e+00 1.377981976e+00 
1.046169834e+00 1.097399286e+00 1.276904047e+00 
1.106710214e+00 1.171341152e+00 1.330800495e+00 
1.014370546e+00 1.108618052e+00 1.224067857e+00 
1.717933492e+00 1.853646099e+00 1.946103552e+00 
1.532066508e+00 1.471698113e+00 1.712316664e+00 
1.281769596e+00 1.300866905e+00 1.515638805e+00 
1.364311164e+00 1.862315145e+00 1.846085881e+00 
1.058392518e+00 1.146863845e+00 1.328679979e+00 
1.238717340e+00 1.196838348e+00 1.361724686e+00 
1.182304038e+00 1.250382458e+00 1.482594098e+00 
1.184976247e+00 1.212646609e+00 1.377981976e+00 
1.181264846e+00 1.369709332e+00 1.553808093e+00 
1.569596200e+00 1.762366140e+00 1.842021559e+00 
1.138954869e+00 1.022437532e+00 1.106732638e+00 
1.000000000e+00 1.023457420e+00 1.000000000e+00 
1.000000000e+00 1.034676186e+00 1.170171408e+00 
1.043052257e+00 1.138704742e+00 1.324085527e+00 
1.138954869e+00 1.000000000e+00 1.000000000e+00 
