1.936979412e+00 1.621628249e+00 1.699089253e+00 
1.922520824e+00 1.676802354e+00 2.000000000e+00 
1.907119283e+00 1.678518882e+00 2.000000000e+00 
1.890460475e+00 1.596861206e+00 1.409981785e+00 
1.875058934e+00 1.685630211e+00 2.000000000e+00 
1.874430300e+00 1.687101520e+00 2.000000000e+00 
1.865629420e+00 1.640755272e+00 1.710455373e+00 
1.865000786e+00 1.691760667e+00 2.000000000e+00 
1.858400126e+00 1.615252575e+00 1.477741348e+00 
1.544529310e+00 1.636096126e+00 1.693697632e+00 
1.710931950e+00 1.678764100e+00 1.934207650e+00 
1.700377181e+00 1.682687592e+00 1.953661202e+00 
1.828854314e+00 1.633398725e+00 1.615154827e+00 
1.812824140e+00 1.657430113e+00 1.717814208e+00 
1.802451674e+00 1.667484061e+00 1.710455373e+00 
1.473204463e+00 1.651054438e+00 1.570418944e+00 
1.782021059e+00 1.722658166e+00 2.000000000e+00 
1.686729530e+00 1.717999019e+00 1.936466302e+00 
1.639085337e+00 1.724129475e+00 1.936466302e+00 
1.615511551e+00 1.735164296e+00 1.936466302e+00 
1.698727016e+00 1.750613046e+00 2.000000000e+00 
1.589187490e+00 1.767533104e+00 2.000000000e+00 
1.583897533e+00 1.719960765e+00 1.699599271e+00 
1.568810310e+00 1.731976459e+00 1.699599271e+00 
1.515847871e+00 1.805296714e+00 2.000000000e+00 
1.515112368e+00 1.764100049e+00 1.687431694e+00 
1.450862801e+00 1.804561059e+00 1.784845173e+00 
