1.932411766e+00 1.643703167e+00 1.953504457e+00 
1.790878287e+00 1.656030940e+00 2.000000000e+00 
1.785930613e+00 1.609137056e+00 1.596603136e+00 
1.857447000e+00 1.611312545e+00 1.607516139e+00 
1.701895109e+00 1.615663524e+00 1.596603136e+00 
1.635302408e+00 1.620497945e+00 1.596603136e+00 
1.716138415e+00 1.672467972e+00 2.000000000e+00 
1.692023749e+00 1.671501088e+00 1.878804181e+00 
1.814267294e+00 1.607928451e+00 1.424838611e+00 
1.515187862e+00 1.646603819e+00 1.607516139e+00 
1.609343609e+00 1.696640077e+00 1.927221027e+00 
1.608444031e+00 1.696881798e+00 1.927221027e+00 
1.602146991e+00 1.699057288e+00 1.927221027e+00 
1.450817116e+00 1.671259367e+00 1.688748847e+00 
1.630033884e+00 1.763113367e+00 2.000000000e+00 
1.562265735e+00 1.772540488e+00 2.000000000e+00 
1.545473627e+00 1.777374909e+00 2.000000000e+00 
1.565729107e+00 1.769881557e+00 1.868198586e+00 
1.520435395e+00 1.811457578e+00 2.000000000e+00 
1.512609074e+00 1.790186125e+00 1.755072241e+00 
1.507211611e+00 1.810007252e+00 1.755072241e+00 
1.508060212e+00 1.849891226e+00 2.000000000e+00 
1.504213020e+00 1.924341310e+00 1.785889948e+00 
