2.000000000e+00 1.641031941e+00 1.736333478e+00 
1.834468353e+00 1.649140049e+00 1.744122314e+00 
1.858360993e+00 1.631695332e+00 1.509086975e+00 
1.884256610e+00 1.604176904e+00 1.482403000e+00 
1.669772233e+00 1.689680590e+00 1.934443964e+00 
1.842480256e+00 1.672972973e+00 1.778378768e+00 
1.667935218e+00 1.650859951e+00 1.714697822e+00 
1.590297013e+00 1.657493857e+00 1.633419876e+00 
1.801991530e+00 1.719656020e+00 2.000000000e+00 
1.665883598e+00 1.602457002e+00 1.227823453e+00 
1.375434932e+00 1.710073710e+00 1.836939276e+00 
1.750200298e+00 1.737837838e+00 2.000000000e+00 
1.570790889e+00 1.671498771e+00 1.533823742e+00 
1.622962687e+00 1.601474201e+00 1.092744844e+00 
1.564925031e+00 1.690663391e+00 1.741742391e+00 
1.372447636e+00 1.684275184e+00 1.537213328e+00 
1.509127847e+00 1.682800983e+00 1.590364921e+00 
1.555862996e+00 1.699508600e+00 1.591518823e+00 
1.507582694e+00 1.762162162e+00 1.972306361e+00 
1.353439396e+00 1.716216216e+00 1.710514929e+00 
1.477861394e+00 1.776167076e+00 2.000000000e+00 
1.514887833e+00 1.662162162e+00 1.214192990e+00 
1.324616573e+00 1.699754300e+00 1.402567431e+00 
1.311625844e+00 1.695577396e+00 1.312923698e+00 
1.273111480e+00 1.691646192e+00 1.275061301e+00 
1.429438022e+00 1.664127764e+00 1.192485216e+00 
1.290565984e+00 1.720147420e+00 1.390523583e+00 
1.337859105e+00 1.745208845e+00 1.505769508e+00 
