1.867195848e+00 1.695456815e+00 2.000000000e+00 
1.865898336e+00 1.700449326e+00 2.000000000e+00 
1.831833308e+00 1.702695956e+00 2.000000000e+00 
1.811631812e+00 1.707938093e+00 2.000000000e+00 
1.784460388e+00 1.709935097e+00 2.000000000e+00 
1.726606625e+00 1.719920120e+00 2.000000000e+00 
1.616342543e+00 1.735147279e+00 2.000000000e+00 
1.571897420e+00 1.740389416e+00 2.000000000e+00 
1.549076477e+00 1.760359461e+00 2.000000000e+00 
1.486515036e+00 1.810284573e+00 2.000000000e+00 
1.468502519e+00 1.855716425e+00 2.000000000e+00 
