1.867195848e+00 1.658512232e+00 1.765231134e+00 
1.865898336e+00 1.700449326e+00 2.000000000e+00 
1.840329721e+00 1.657264104e+00 1.748715923e+00 
1.662799573e+00 1.644782826e+00 1.638403793e+00 
1.811631812e+00 1.707938093e+00 2.000000000e+00 
1.756473821e+00 1.691213180e+00 1.859897274e+00 
1.857426347e+00 1.619570644e+00 1.454998024e+00 
1.654962601e+00 1.678232651e+00 1.767048597e+00 
1.833918486e+00 1.673739391e+00 1.737890162e+00 
1.815295375e+00 1.676235647e+00 1.698617147e+00 
1.777896504e+00 1.733150275e+00 2.000000000e+00 
1.602350786e+00 1.716425362e+00 1.859897274e+00 
1.543910853e+00 1.718671992e+00 1.894824180e+00 
1.751030377e+00 1.743135297e+00 2.000000000e+00 
1.549076477e+00 1.760359461e+00 2.000000000e+00 
1.547549992e+00 1.693959061e+00 1.560252864e+00 
1.470615173e+00 1.789565652e+00 1.883761359e+00 
1.458632270e+00 1.758612082e+00 1.645199526e+00 
1.468502519e+00 1.855716425e+00 2.000000000e+00 
