1.395857868e+00 1.562230576e+00 1.313724706e+00 
1.349503545e+00 1.643558897e+00 1.786956209e+00 
1.348956451e+00 1.569624060e+00 1.324198465e+00 
1.359847425e+00 1.611203008e+00 1.585946439e+00 
1.361149252e+00 1.603784461e+00 1.558917898e+00 
1.346869863e+00 1.634786967e+00 1.728186335e+00 
1.363952914e+00 1.589548872e+00 1.470006961e+00 
1.358918638e+00 1.660300752e+00 1.864521240e+00 
1.431927855e+00 1.585814536e+00 1.420198593e+00 
1.365373321e+00 1.611854637e+00 1.598412533e+00 
1.355008575e+00 1.560426065e+00 1.284239752e+00 
1.360555847e+00 1.630375940e+00 1.700541691e+00 
1.366090395e+00 1.593684211e+00 1.490034326e+00 
1.346178744e+00 1.574411028e+00 1.382992343e+00 
1.352595258e+00 1.649248120e+00 1.810528169e+00 
1.402465737e+00 1.611177945e+00 1.586442522e+00 
1.338633946e+00 1.598872180e+00 1.545755687e+00 
1.345148173e+00 1.643684211e+00 1.764248394e+00 
1.358282483e+00 1.594486216e+00 1.471775258e+00 
1.347311100e+00 1.550250627e+00 1.215924275e+00 
1.364113734e+00 1.551754386e+00 1.254218709e+00 
