1.366477873e+00 1.569272873e+00 1.349720563e+00 
1.363102250e+00 1.596515015e+00 1.513411373e+00 
1.411746715e+00 1.558049613e+00 1.282591638e+00 
1.390971908e+00 1.595811992e+00 1.512418531e+00 
1.353660323e+00 1.558777744e+00 1.288740852e+00 
1.355371545e+00 1.577006126e+00 1.396720419e+00 
1.369466093e+00 1.602264738e+00 1.520225151e+00 
1.380413080e+00 1.582580094e+00 1.444376832e+00 
1.426125208e+00 1.561740484e+00 1.303809631e+00 
1.412447515e+00 1.591543638e+00 1.465698913e+00 
1.339950914e+00 1.606909712e+00 1.562717184e+00 
1.376215828e+00 1.573968063e+00 1.372964274e+00 
1.339573327e+00 1.591744501e+00 1.478509776e+00 
1.408732065e+00 1.537787486e+00 1.156476692e+00 
1.366562453e+00 1.591041478e+00 1.447755697e+00 
1.366460504e+00 1.520990258e+00 1.062276811e+00 
1.385101948e+00 1.574871949e+00 1.373700898e+00 
1.353245733e+00 1.641433163e+00 1.757578427e+00 
1.346508836e+00 1.543160591e+00 1.192491233e+00 
1.356779943e+00 1.558802852e+00 1.299133665e+00 
1.351338922e+00 1.578738576e+00 1.380923023e+00 
1.348693551e+00 1.566988049e+00 1.341745800e+00 
1.373068268e+00 1.610751230e+00 1.576152577e+00 
1.351432563e+00 1.538440293e+00 1.141872308e+00 
1.369043196e+00 1.594832781e+00 1.499215335e+00 
1.391419725e+00 1.541026414e+00 1.186077794e+00 
1.360974173e+00 1.554936226e+00 1.261365638e+00 
1.347313850e+00 1.545093904e+00 1.196054254e+00 
1.350568645e+00 1.551195139e+00 1.241973193e+00 
1.364903338e+00 1.571909210e+00 1.351385975e+00 
1.370812566e+00 1.547981320e+00 1.225407145e+00 
1.355805014e+00 1.617957216e+00 1.627956507e+00 
1.345512007e+00 1.590087376e+00 1.446842923e+00 
1.367061622e+00 1.562142212e+00 1.304914568e+00 
1.346464280e+00 1.540599578e+00 1.175372716e+00 
