Fo(cost)	Fo(time)	Fo(bonus)

1593.5	1552	7042
tour: 0 6 2 7 4 8 3 1 9 5 0 
bonus: 6 2 7 4 8 3 1 9 5 
passengers: 2 1 0 3 8 6 10 14 12 9 13 

  1431	1572	7042
tour: 0 6 2 1 3 7 4 8 9 5 0 
bonus: 6 2 1 3 7 4 8 9 5 
passengers: 2 1 0 3 10 14 12 9 13 17 21 22 16 20 

  1245	1581	7042
tour: 0 3 1 2 7 4 8 9 6 5 0 
bonus: 3 1 2 7 4 8 9 6 5 
passengers: 10 14 12 9 13 17 21 22 16 20 

  1131	1771	7042
tour: 0 6 5 7 4 8 9 2 1 3 0 
bonus: 6 5 7 4 8 9 2 1 3 
passengers: 2 1 0 3 10 14 12 9 13 17 21 22 16 20 

