Fo(cost)	Fo(time)	Fo(bonus)

4100.58	13804	61861
tour: 0 42 71 46 40 28 26 32 96 61 5 13 93 19 89 90 77 34 4 73 35 39 43 37 21 18 81 83 95 50 74 49 54 62 14 87 85 82 57 55 17 24 1 75 22 44 63 3 30 12 59 7 8 88 58 47 48 94 33 78 6 36 98 70 38 60 2 79 84 76 86 25 29 9 31 27 72 69 66 92 11 51 91 56 20 64 65 97 67 23 41 68 15 53 80 99 10 16 52 45 0 
bonus: 42 71 46 40 28 26 32 96 61 5 13 93 19 89 90 77 34 4 73 35 39 43 37 21 18 81 83 95 50 74 49 54 62 14 87 85 82 57 55 17 24 1 75 22 44 63 3 30 12 59 7 8 88 58 47 48 94 33 78 6 36 98 70 38 60 2 79 84 76 86 25 29 9 31 27 72 69 66 92 11 51 91 56 20 64 65 97 67 23 41 68 15 53 80 99 10 16 52 45 
passengers: 63 64 61 20 228 102 94 54 50 33 197 114 175 27 219 152 57 58 68 113 5 9 87 176 213 211 216 66 

3981.82	13814	61861
tour: 0 42 71 23 29 9 31 79 84 76 86 25 83 95 50 74 49 6 36 98 70 38 60 2 69 66 33 78 35 39 54 62 14 87 85 82 57 55 17 24 1 75 22 44 11 51 91 56 20 64 65 97 67 43 37 21 18 81 28 26 32 96 61 5 13 93 19 89 90 27 72 92 46 40 63 3 30 12 59 7 8 88 58 47 48 94 73 77 34 4 41 68 15 53 80 99 10 16 52 45 0 
bonus: 42 71 23 29 9 31 79 84 76 86 25 83 95 50 74 49 6 36 98 70 38 60 2 69 66 33 78 35 39 54 62 14 87 85 82 57 55 17 24 1 75 22 44 11 51 91 56 20 64 65 97 67 43 37 21 18 81 28 26 32 96 61 5 13 93 19 89 90 27 72 92 46 40 63 3 30 12 59 7 8 88 58 47 48 94 73 77 34 4 41 68 15 53 80 99 10 16 52 45 
passengers: 184 203 204 205 202 114 2 8 70 71 73 101 208 139 32 55 130 148 95 19 21 18 229 105 226 78 79 1 

3861.9	13820	61861
tour: 0 9 31 79 84 76 86 36 98 70 38 60 2 69 66 92 46 40 63 3 30 12 59 7 8 88 58 47 48 94 33 78 35 39 43 37 21 18 81 28 26 32 96 61 5 13 93 19 89 90 27 72 6 42 71 95 50 74 49 54 62 34 4 73 77 14 87 85 82 57 55 17 24 1 75 22 44 11 51 91 56 20 64 65 97 67 23 29 25 83 41 68 15 53 80 99 10 16 52 45 0 
bonus: 9 31 79 84 76 86 36 98 70 38 60 2 69 66 92 46 40 63 3 30 12 59 7 8 88 58 47 48 94 33 78 35 39 43 37 21 18 81 28 26 32 96 61 5 13 93 19 89 90 27 72 6 42 71 95 50 74 49 54 62 34 4 73 77 14 87 85 82 57 55 17 24 1 75 22 44 11 51 91 56 20 64 65 97 67 23 29 25 83 41 68 15 53 80 99 10 16 52 45 
passengers: 186 203 201 202 182 90 162 221 77 73 93 19 20 231 168 81 27 24 208 151 32 57 107 

3560.35	13831	61861
tour: 0 33 78 35 39 43 37 21 18 81 28 26 32 96 61 5 13 93 19 89 90 27 72 6 42 71 46 9 31 79 84 76 86 36 98 70 38 60 2 69 66 92 11 51 91 56 20 64 65 97 67 23 29 25 83 95 50 74 49 54 62 14 87 85 82 57 55 17 24 1 75 22 44 40 63 3 30 12 59 7 8 88 58 47 48 94 73 77 34 4 41 68 15 53 80 99 10 16 52 45 0 
bonus: 33 78 35 39 43 37 21 18 81 28 26 32 96 61 5 13 93 19 89 90 27 72 6 42 71 46 9 31 79 84 76 86 36 98 70 38 60 2 69 66 92 11 51 91 56 20 64 65 97 67 23 29 25 83 95 50 74 49 54 62 14 87 85 82 57 55 17 24 1 75 22 44 40 63 3 30 12 59 7 8 88 58 47 48 94 73 77 34 4 41 68 15 53 80 99 10 16 52 45 
passengers: 73 104 53 59 19 230 169 5 182 217 216 87 164 146 197 114 120 175 219 208 30 105 226 78 79 1 

3193.72	13840	61861
tour: 0 9 31 79 84 76 86 36 98 70 38 60 2 69 66 33 78 6 42 71 95 50 74 49 65 97 67 23 29 25 83 41 68 15 53 80 99 10 16 52 45 54 62 14 87 85 82 57 55 17 24 32 96 61 5 13 93 19 89 90 77 34 4 73 35 39 43 37 21 18 92 46 40 63 3 30 12 59 7 8 88 58 47 48 94 1 75 22 44 11 51 91 56 20 64 27 72 81 28 26 0 
bonus: 9 31 79 84 76 86 36 98 70 38 60 2 69 66 33 78 6 42 71 95 50 74 49 65 97 67 23 29 25 83 41 68 15 53 80 99 10 16 52 45 54 62 14 87 85 82 57 55 17 24 32 96 61 5 13 93 19 89 90 77 34 4 73 35 39 43 37 21 18 92 46 40 63 3 30 12 59 7 8 88 58 47 48 94 1 75 22 44 11 51 91 56 20 64 27 72 81 28 26 
passengers: 184 203 204 205 202 72 114 121 117 187 135 136 26 208 142 30 20 39 81 103 34 105 15 222 223 224 130 132 166 

2918.87	13854	61861
tour: 0 9 19 89 90 27 72 92 46 51 91 56 20 64 65 97 67 23 29 25 83 95 50 74 49 6 42 71 40 63 3 30 12 59 7 8 88 58 47 48 94 73 77 34 4 41 68 15 53 80 99 10 16 52 45 54 62 14 87 85 82 57 55 17 24 1 75 22 44 11 31 79 84 76 86 36 98 70 38 60 2 69 66 33 78 35 39 43 26 32 96 61 5 13 93 37 21 18 81 28 0 
bonus: 9 19 89 90 27 72 92 46 51 91 56 20 64 65 97 67 23 29 25 83 95 50 74 49 6 42 71 40 63 3 30 12 59 7 8 88 58 47 48 94 73 77 34 4 41 68 15 53 80 99 10 16 52 45 54 62 14 87 85 82 57 55 17 24 1 75 22 44 11 31 79 84 76 86 36 98 70 38 60 2 69 66 33 78 35 39 43 26 32 96 61 5 13 93 37 21 18 81 28 
passengers: 43 38 169 172 145 47 48 198 199 4 226 223 81 78 83 1 109 108 207 155 203 201 214 162 73 61 233 

2874.63	14122	61861
tour: 0 23 29 9 65 97 43 26 32 33 78 35 58 47 48 80 99 10 96 61 64 27 18 81 28 86 36 98 70 38 82 57 55 17 24 1 79 84 76 5 13 93 37 21 46 25 83 95 50 62 34 4 41 68 74 49 54 19 89 90 72 6 42 8 88 14 87 20 75 39 16 94 73 77 2 69 66 92 11 51 91 56 31 15 53 71 40 63 3 30 12 59 7 67 60 22 44 85 52 45 0 
bonus: 23 29 9 65 97 43 26 32 33 78 35 58 47 48 80 99 10 96 61 64 27 18 81 28 86 36 98 70 38 82 57 55 17 24 1 79 84 76 5 13 93 37 21 46 25 83 95 50 62 34 4 41 68 74 49 54 19 89 90 72 6 42 8 88 14 87 20 75 39 16 94 73 77 2 69 66 92 11 51 91 56 31 15 53 71 40 63 3 30 12 59 7 67 60 22 44 85 52 45 
passengers: 66 59 70 73 159 33 64 217 142 56 184 98 116 114 118 0 175 169 172 222 225 46 103 164 131 144 105 106 107 

2850.47	14127	61861
tour: 0 23 29 9 65 97 43 86 36 98 70 38 82 57 55 17 24 1 79 84 76 64 27 18 81 28 26 32 33 78 35 58 47 48 80 99 10 96 61 5 13 93 37 21 46 25 83 95 50 62 34 4 41 68 74 49 54 19 89 90 72 6 42 8 88 14 87 20 75 39 16 94 73 77 2 69 66 92 11 51 91 56 31 15 53 71 40 63 3 30 12 59 7 67 60 22 44 85 52 45 0 
bonus: 23 29 9 65 97 43 86 36 98 70 38 82 57 55 17 24 1 79 84 76 64 27 18 81 28 26 32 33 78 35 58 47 48 80 99 10 96 61 5 13 93 37 21 46 25 83 95 50 62 34 4 41 68 74 49 54 19 89 90 72 6 42 8 88 14 87 20 75 39 16 94 73 77 2 69 66 92 11 51 91 56 31 15 53 71 40 63 3 30 12 59 7 67 60 22 44 85 52 45 
passengers: 66 210 215 216 90 99 203 35 196 191 61 75 13 19 98 93 0 175 42 169 8 222 225 46 103 164 131 144 105 106 107 

  2668	14277	61861
tour: 0 23 29 9 65 88 14 64 27 18 92 11 31 15 53 71 40 63 3 30 12 59 7 8 82 57 55 17 24 86 36 98 87 20 75 39 16 43 74 96 61 5 13 93 37 21 46 51 91 56 68 32 70 38 94 1 79 84 76 81 28 49 54 19 89 90 72 26 6 42 25 83 95 50 62 34 4 41 97 73 77 2 69 66 33 78 35 58 47 48 80 99 10 67 60 22 44 85 52 45 0 
bonus: 23 29 9 65 88 14 64 27 18 92 11 31 15 53 71 40 63 3 30 12 59 7 8 82 57 55 17 24 86 36 98 87 20 75 39 16 43 74 96 61 5 13 93 37 21 46 51 91 56 68 32 70 38 94 1 79 84 76 81 28 49 54 19 89 90 72 26 6 42 25 83 95 50 62 34 4 41 97 73 77 2 69 66 33 78 35 58 47 48 80 99 10 67 60 22 44 85 52 45 
passengers: 66 225 27 24 29 159 68 16 157 214 212 220 19 233 92 93 99 204 194 4 2 198 121 81 1 107 

2630.22	14338	61861
tour: 0 9 65 83 95 50 62 34 4 41 97 73 77 54 19 89 90 72 26 12 59 7 8 88 14 87 31 15 53 71 40 63 3 30 23 29 33 78 35 58 47 48 94 1 79 84 76 5 13 93 37 21 46 51 91 56 68 32 70 38 82 57 55 17 24 86 36 98 20 75 39 16 43 74 80 99 10 67 60 22 44 85 28 49 6 42 25 52 2 69 66 92 11 96 61 64 27 18 81 45 0 
bonus: 9 65 83 95 50 62 34 4 41 97 73 77 54 19 89 90 72 26 12 59 7 8 88 14 87 31 15 53 71 40 63 3 30 23 29 33 78 35 58 47 48 94 1 79 84 76 5 13 93 37 21 46 51 91 56 68 32 70 38 82 57 55 17 24 86 36 98 20 75 39 16 43 74 80 99 10 67 60 22 44 85 28 49 6 42 25 52 2 69 66 92 11 96 61 64 27 18 81 45 
passengers: 198 199 116 114 119 0 59 28 24 29 218 70 185 182 179 21 149 157 140 88 174 13 107 63 136 36 

2594.13	14467	61861
tour: 0 9 65 83 32 70 38 94 73 77 34 4 41 97 16 43 74 86 36 98 31 15 53 45 88 58 47 48 80 99 10 67 60 22 44 85 52 2 69 66 33 78 35 72 26 12 59 7 90 95 50 62 14 87 20 75 39 71 40 63 3 30 23 29 51 91 56 68 54 19 89 64 27 18 92 11 96 61 5 13 93 37 21 46 25 49 6 42 8 82 57 55 17 24 1 79 84 76 81 28 0 
bonus: 9 65 83 32 70 38 94 73 77 34 4 41 97 16 43 74 86 36 98 31 15 53 45 88 58 47 48 80 99 10 67 60 22 44 85 52 2 69 66 33 78 35 72 26 12 59 7 90 95 50 62 14 87 20 75 39 71 40 63 3 30 23 29 51 91 56 68 54 19 89 64 27 18 92 11 96 61 5 13 93 37 21 46 25 49 6 42 8 82 57 55 17 24 1 79 84 76 81 28 
passengers: 198 200 197 81 0 1 175 213 225 223 206 137 133 162 60 158 114 26 28 103 66 127 148 37 33 231 94 92 140 31 55 201 181 

2571.2	14550	61861
tour: 0 9 65 83 32 70 38 94 73 52 2 66 33 78 35 72 26 12 59 7 90 95 50 62 14 87 31 15 53 56 68 74 11 96 61 5 13 93 37 21 46 25 49 6 42 8 82 57 55 17 24 1 79 84 76 81 45 88 58 47 48 54 19 89 64 27 18 92 69 77 34 4 41 97 16 43 86 36 98 20 75 39 71 40 63 3 30 23 29 51 91 80 99 10 67 60 22 44 85 28 0 
bonus: 9 65 83 32 70 38 94 73 52 2 66 33 78 35 72 26 12 59 7 90 95 50 62 14 87 31 15 53 56 68 74 11 96 61 5 13 93 37 21 46 25 49 6 42 8 82 57 55 17 24 1 79 84 76 81 45 88 58 47 48 54 19 89 64 27 18 92 69 77 34 4 41 97 16 43 86 36 98 20 75 39 71 40 63 3 30 23 29 51 91 80 99 10 67 60 22 44 85 28 
passengers: 199 197 99 173 137 74 61 158 114 117 22 220 231 233 94 96 142 30 182 191 221 43 159 213 211 89 101 103 130 131 132 

2570.3	14556	61861
tour: 0 9 65 88 27 18 92 11 70 38 94 73 52 2 69 77 34 4 41 97 16 43 74 66 12 59 96 61 5 13 93 37 21 46 25 83 95 50 62 14 87 31 15 53 82 57 55 17 24 86 36 98 20 75 39 71 40 63 3 30 23 29 51 91 56 68 32 33 78 35 58 47 48 80 99 10 67 60 22 44 85 28 49 54 19 89 64 7 90 72 26 6 42 8 1 79 84 76 81 45 0 
bonus: 9 65 88 27 18 92 11 70 38 94 73 52 2 69 77 34 4 41 97 16 43 74 66 12 59 96 61 5 13 93 37 21 46 25 83 95 50 62 14 87 31 15 53 82 57 55 17 24 86 36 98 20 75 39 71 40 63 3 30 23 29 51 91 56 68 32 33 78 35 58 47 48 80 99 10 67 60 22 44 85 28 49 54 19 89 64 7 90 72 26 6 42 8 1 79 84 76 81 45 
passengers: 225 226 34 137 135 80 17 14 158 231 54 200 114 122 32 57 213 211 212 130 145 146 13 107 206 39 170 166 59 9 

2523.65	14584	61861
tour: 0 9 65 88 27 18 92 69 77 34 4 41 97 16 43 74 11 70 38 94 73 52 2 66 12 59 96 61 5 13 93 37 21 46 25 83 95 50 62 14 87 31 15 53 82 57 55 17 24 86 36 98 20 75 39 71 40 63 3 30 23 29 51 91 56 68 32 33 78 35 58 47 48 80 99 10 67 60 22 44 85 28 49 54 19 89 64 7 90 72 26 6 42 8 1 79 84 76 81 45 0 
bonus: 9 65 88 27 18 92 69 77 34 4 41 97 16 43 74 11 70 38 94 73 52 2 66 12 59 96 61 5 13 93 37 21 46 25 83 95 50 62 14 87 31 15 53 82 57 55 17 24 86 36 98 20 75 39 71 40 63 3 30 23 29 51 91 56 68 32 33 78 35 58 47 48 80 99 10 67 60 22 44 85 28 49 54 19 89 64 7 90 72 26 6 42 8 1 79 84 76 81 45 
passengers: 225 226 34 78 79 137 135 163 17 14 158 231 54 50 200 114 122 27 32 57 213 211 212 130 145 146 13 107 206 39 170 166 59 9 

2516.7	14619	61861
tour: 0 9 65 83 95 50 62 14 87 31 15 53 82 57 55 17 24 86 36 98 20 75 39 71 40 63 3 30 23 18 92 69 77 34 4 41 97 16 43 74 11 70 38 94 73 52 2 66 12 59 96 61 5 13 93 37 21 46 25 49 54 19 89 64 7 90 72 26 6 42 8 1 79 84 76 81 45 88 27 29 51 91 56 68 32 33 78 35 58 47 48 80 99 10 67 60 22 44 85 28 0 
bonus: 9 65 83 95 50 62 14 87 31 15 53 82 57 55 17 24 86 36 98 20 75 39 71 40 63 3 30 23 18 92 69 77 34 4 41 97 16 43 74 11 70 38 94 73 52 2 66 12 59 96 61 5 13 93 37 21 46 25 49 54 19 89 64 7 90 72 26 6 42 8 1 79 84 76 81 45 88 27 29 51 91 56 68 32 33 78 35 58 47 48 80 99 10 67 60 22 44 85 28 
passengers: 200 114 122 117 27 153 142 58 215 88 34 78 79 137 135 162 163 17 19 234 53 43 170 166 59 4 203 201 196 130 73 

2507.98	14771	61861
tour: 0 9 65 83 32 33 78 35 72 29 51 91 56 31 15 53 82 57 97 4 41 68 74 11 70 26 12 59 96 61 5 13 93 37 21 46 25 49 6 42 8 1 79 98 20 75 39 16 43 71 40 63 3 30 23 58 47 48 80 99 10 67 60 22 38 94 73 52 2 66 84 76 81 45 88 27 18 92 69 77 54 19 89 64 7 90 95 50 62 14 87 17 24 86 36 55 34 44 85 28 0 
bonus: 9 65 83 32 33 78 35 72 29 51 91 56 31 15 53 82 57 97 4 41 68 74 11 70 26 12 59 96 61 5 13 93 37 21 46 25 49 6 42 8 1 79 98 20 75 39 16 43 71 40 63 3 30 23 58 47 48 80 99 10 67 60 22 38 94 73 52 2 66 84 76 81 45 88 27 18 92 69 77 54 19 89 64 7 90 95 50 62 14 87 17 24 86 36 55 34 44 85 28 
passengers: 198 197 74 75 72 61 59 60 17 21 97 53 4 46 48 49 100 136 165 201 177 223 33 159 24 31 55 85 

2500.58	14811	61861
tour: 0 9 65 83 32 33 53 71 40 63 37 21 46 25 49 54 19 89 64 27 3 30 12 59 96 61 5 13 93 7 90 95 50 62 14 87 23 18 92 69 77 34 4 78 35 72 29 51 91 56 31 15 41 68 74 11 70 26 6 42 8 82 57 73 52 2 66 38 94 1 79 98 20 75 39 16 43 86 36 55 17 24 97 84 76 81 45 88 58 47 48 80 99 10 67 60 22 44 85 28 0 
bonus: 9 65 83 32 33 53 71 40 63 37 21 46 25 49 54 19 89 64 27 3 30 12 59 96 61 5 13 93 7 90 95 50 62 14 87 23 18 92 69 77 34 4 78 35 72 29 51 91 56 31 15 41 68 74 11 70 26 6 42 8 82 57 73 52 2 66 38 94 1 79 98 20 75 39 16 43 86 36 55 17 24 97 84 76 81 45 88 58 47 48 80 99 10 67 60 22 44 85 28 
passengers: 199 74 76 95 93 16 158 19 234 116 114 119 80 1 168 128 59 156 133 138 160 161 48 49 104 213 210 55 201 181 223 

2456.2	14824	61861
tour: 0 9 65 83 32 33 53 82 31 15 7 90 95 50 62 14 87 17 24 86 36 55 34 4 41 68 74 11 70 26 6 42 8 1 79 98 20 75 39 16 43 71 40 63 3 30 23 18 92 69 77 57 97 84 76 81 45 88 58 47 48 80 99 10 67 60 22 44 85 38 94 73 52 2 66 12 59 96 61 5 13 93 37 21 46 25 49 54 19 89 64 27 78 35 72 29 51 91 56 28 0 
bonus: 9 65 83 32 33 53 82 31 15 7 90 95 50 62 14 87 17 24 86 36 55 34 4 41 68 74 11 70 26 6 42 8 1 79 98 20 75 39 16 43 71 40 63 3 30 23 18 92 69 77 57 97 84 76 81 45 88 58 47 48 80 99 10 67 60 22 44 85 38 94 73 52 2 66 12 59 96 61 5 13 93 37 21 46 25 49 54 19 89 64 27 78 35 72 29 51 91 56 28 
passengers: 198 200 197 70 75 88 139 174 59 60 8 7 185 48 103 106 36 34 156 109 225 137 135 163 17 15 19 235 43 38 130 132 

2439.43	15279	61861
tour: 0 9 36 55 34 4 41 97 16 43 71 40 74 83 98 20 75 78 84 76 81 45 88 27 3 30 23 58 47 48 80 99 10 67 60 22 38 94 24 86 44 85 61 5 13 93 7 90 95 50 62 14 87 17 35 72 29 51 59 96 69 77 54 19 89 64 21 63 37 18 92 11 39 68 32 33 31 15 53 82 57 73 52 2 66 12 70 26 6 42 8 1 79 46 25 91 56 28 49 65 0 
bonus: 9 36 55 34 4 41 97 16 43 71 40 74 83 98 20 75 78 84 76 81 45 88 27 3 30 23 58 47 48 80 99 10 67 60 22 38 94 24 86 44 85 61 5 13 93 7 90 95 50 62 14 87 17 35 72 29 51 59 96 69 77 54 19 89 64 21 63 37 18 92 11 39 68 32 33 31 15 53 82 57 73 52 2 66 12 70 26 6 42 8 1 79 46 25 91 56 28 49 65 
passengers: 88 89 86 142 82 0 175 48 183 223 68 69 67 187 217 208 116 114 118 26 220 167 168 66 40 51 95 34 73 156 149 134 15 59 9 

