Fo(cost)	Fo(time)	Fo(bonus)

4417.17	13739	60783
tour: 0 74 53 44 42 54 27 23 38 87 29 22 79 9 24 75 7 67 91 4 97 56 94 77 68 51 15 12 1 25 28 39 17 31 50 65 5 90 62 55 95 83 45 33 69 96 81 86 2 93 49 92 10 6 43 48 36 59 85 46 80 57 47 21 13 26 82 58 61 52 71 98 84 73 99 40 11 60 70 16 37 30 88 78 72 20 18 32 3 76 66 34 64 63 19 89 8 41 35 14 0 
bonus: 74 53 44 42 54 27 23 38 87 29 22 79 9 24 75 7 67 91 4 97 56 94 77 68 51 15 12 1 25 28 39 17 31 50 65 5 90 62 55 95 83 45 33 69 96 81 86 2 93 49 92 10 6 43 48 36 59 85 46 80 57 47 21 13 26 82 58 61 52 71 98 84 73 99 40 11 60 70 16 37 30 88 78 72 20 18 32 3 76 66 34 64 63 19 89 8 41 35 14 
passengers: 142 141 89 3 128 21 124 182 181 94 193 56 156 176 211 60 63 43 

4365.92	13765	60783
tour: 0 74 39 17 31 50 33 69 96 70 16 37 30 88 78 53 44 48 6 43 36 59 85 71 84 73 68 51 15 12 72 20 42 54 27 23 38 87 29 22 79 9 24 75 1 25 34 64 81 86 2 93 49 92 10 77 99 40 11 60 46 80 57 47 21 13 26 82 58 61 52 18 32 3 76 66 63 19 89 8 41 5 90 62 55 95 83 45 98 65 28 7 67 91 4 97 56 94 35 14 0 
bonus: 74 39 17 31 50 33 69 96 70 16 37 30 88 78 53 44 48 6 43 36 59 85 71 84 73 68 51 15 12 72 20 42 54 27 23 38 87 29 22 79 9 24 75 1 25 34 64 81 86 2 93 49 92 10 77 99 40 11 60 46 80 57 47 21 13 26 82 58 61 52 18 32 3 76 66 63 19 89 8 41 5 90 62 55 95 83 45 98 65 28 7 67 91 4 97 56 94 35 14 
passengers: 40 41 122 64 53 207 147 149 69 120 9 13 168 108 131 132 93 155 

4299.33	13776	60783
tour: 0 74 39 17 31 50 33 69 85 46 80 57 47 21 13 88 78 72 20 18 32 3 76 66 63 19 89 8 41 35 55 95 83 45 98 65 28 7 67 91 4 97 56 94 24 75 92 10 77 96 81 86 2 70 16 37 30 49 62 5 90 93 68 51 15 12 1 25 34 64 52 71 84 73 99 40 11 60 26 82 58 61 23 38 87 29 22 79 9 42 54 27 53 44 48 6 43 36 59 14 0 
bonus: 74 39 17 31 50 33 69 85 46 80 57 47 21 13 88 78 72 20 18 32 3 76 66 63 19 89 8 41 35 55 95 83 45 98 65 28 7 67 91 4 97 56 94 24 75 92 10 77 96 81 86 2 70 16 37 30 49 62 5 90 93 68 51 15 12 1 25 34 64 52 71 84 73 99 40 11 60 26 82 58 61 23 38 87 29 22 79 9 42 54 27 53 44 48 6 43 36 59 14 
passengers: 74 124 106 32 79 98 154 58 184 44 211 169 160 83 39 117 57 

4205.33	13785	60783
tour: 0 74 39 17 49 62 5 90 93 68 51 15 12 1 98 73 99 26 82 58 61 23 38 87 29 22 79 40 11 60 70 16 37 30 25 34 64 52 18 32 3 76 66 63 19 89 8 41 35 55 10 77 96 81 86 2 46 80 57 47 9 95 83 45 33 69 85 71 84 31 50 65 28 7 67 91 4 97 56 94 24 75 92 21 13 88 78 72 20 42 54 27 53 44 48 6 43 36 59 14 0 
bonus: 74 39 17 49 62 5 90 93 68 51 15 12 1 98 73 99 26 82 58 61 23 38 87 29 22 79 40 11 60 70 16 37 30 25 34 64 52 18 32 3 76 66 63 19 89 8 41 35 55 10 77 96 81 86 2 46 80 57 47 9 95 83 45 33 69 85 71 84 31 50 65 28 7 67 91 4 97 56 94 24 75 92 21 13 88 78 72 20 42 54 27 53 44 48 6 43 36 59 14 
passengers: 120 118 184 211 66 77 168 60 43 133 185 47 102 100 115 121 187 190 15 83 39 117 57 

4171.08	13800	60783
tour: 0 6 43 48 36 59 85 46 80 57 47 21 13 88 78 53 44 42 34 64 81 86 2 93 49 92 10 54 27 23 38 87 29 22 79 9 24 75 1 98 65 5 90 62 55 95 83 45 74 39 17 31 50 33 69 96 70 16 37 30 25 28 7 67 91 4 97 56 94 77 99 40 11 60 26 82 58 61 52 71 84 73 68 51 15 12 72 20 18 32 3 76 66 63 19 89 8 41 35 14 0 
bonus: 6 43 48 36 59 85 46 80 57 47 21 13 88 78 53 44 42 34 64 81 86 2 93 49 92 10 54 27 23 38 87 29 22 79 9 24 75 1 98 65 5 90 62 55 95 83 45 74 39 17 31 50 33 69 96 70 16 37 30 25 28 7 67 91 4 97 56 94 77 99 40 11 60 26 82 58 61 52 71 84 73 68 51 15 12 72 20 18 32 3 76 66 63 19 89 8 41 35 14 
passengers: 85 87 86 117 52 99 114 139 119 66 181 40 196 58 59 167 168 176 192 22 

4044.58	13861	60783
tour: 0 6 43 48 36 59 85 71 78 53 44 42 74 39 17 49 92 10 54 27 23 38 87 29 22 79 9 24 75 1 98 84 73 99 40 11 60 26 88 52 82 58 61 46 80 57 47 21 13 31 50 65 28 7 67 91 4 97 56 94 77 5 90 62 55 95 83 45 33 69 96 70 16 37 30 25 34 64 81 86 2 93 68 51 15 12 72 20 18 32 3 76 66 63 19 89 8 41 35 14 0 
bonus: 6 43 48 36 59 85 71 78 53 44 42 74 39 17 49 92 10 54 27 23 38 87 29 22 79 9 24 75 1 98 84 73 99 40 11 60 26 88 52 82 58 61 46 80 57 47 21 13 31 50 65 28 7 67 91 4 97 56 94 77 5 90 62 55 95 83 45 33 69 96 70 16 37 30 25 34 64 81 86 2 93 68 51 15 12 72 20 18 32 3 76 66 63 19 89 8 41 35 14 
passengers: 87 117 53 52 57 162 136 92 146 68 211 208 166 171 124 154 177 60 43 192 

3958.92	13893	60783
tour: 0 6 43 48 36 59 85 71 78 53 44 42 74 39 17 49 92 7 2 93 79 9 95 83 45 33 99 40 11 60 26 88 52 82 58 61 46 80 57 47 21 13 31 50 65 28 69 96 70 16 37 30 25 34 64 81 86 77 5 90 62 55 10 54 27 23 38 87 29 22 67 91 4 97 56 94 24 75 1 98 84 73 68 51 15 12 72 20 18 32 3 76 66 63 19 89 8 41 35 14 0 
bonus: 6 43 48 36 59 85 71 78 53 44 42 74 39 17 49 92 7 2 93 79 9 95 83 45 33 99 40 11 60 26 88 52 82 58 61 46 80 57 47 21 13 31 50 65 28 69 96 70 16 37 30 25 34 64 81 86 77 5 90 62 55 10 54 27 23 38 87 29 22 67 91 4 97 56 94 24 75 1 98 84 73 68 51 15 12 72 20 18 32 3 76 66 63 19 89 8 41 35 14 
passengers: 84 87 117 52 56 136 96 166 175 172 156 194 61 184 179 67 155 192 

3877.75	13974	60783
tour: 0 6 43 48 36 77 5 90 62 40 82 58 76 66 63 19 89 8 41 35 55 10 54 47 21 13 31 50 33 99 15 12 72 20 18 32 3 64 81 86 2 93 79 9 95 83 45 74 39 17 49 92 7 37 30 25 16 96 70 38 87 29 22 67 91 4 97 56 94 24 75 1 98 84 73 68 51 27 23 61 46 80 57 65 28 69 85 71 78 53 44 42 34 11 60 26 88 52 59 14 0 
bonus: 6 43 48 36 77 5 90 62 40 82 58 76 66 63 19 89 8 41 35 55 10 54 47 21 13 31 50 33 99 15 12 72 20 18 32 3 64 81 86 2 93 79 9 95 83 45 74 39 17 49 92 7 37 30 25 16 96 70 38 87 29 22 67 91 4 97 56 94 24 75 1 98 84 73 68 51 27 23 61 46 80 57 65 28 69 85 71 78 53 44 42 34 11 60 26 88 52 59 14 
passengers: 87 116 117 53 56 159 49 48 151 115 41 186 118 64 68 70 154 211 191 168 135 

3721.5	14228	60783
tour: 0 18 61 46 80 57 65 28 69 85 71 78 53 44 42 32 3 94 24 75 1 87 51 27 74 59 67 11 60 70 16 96 50 33 9 20 45 98 29 22 79 15 12 72 43 48 6 84 73 99 26 19 89 8 88 52 41 35 55 95 83 56 10 54 47 21 13 31 91 4 97 23 38 36 77 5 90 62 40 82 58 76 66 63 37 30 25 34 64 81 86 2 93 68 39 17 49 92 7 14 0 
bonus: 18 61 46 80 57 65 28 69 85 71 78 53 44 42 32 3 94 24 75 1 87 51 27 74 59 67 11 60 70 16 96 50 33 9 20 45 98 29 22 79 15 12 72 43 48 6 84 73 99 26 19 89 8 88 52 41 35 55 95 83 56 10 54 47 21 13 31 91 4 97 23 38 36 77 5 90 62 40 82 58 76 66 63 37 30 25 34 64 81 86 2 93 68 39 17 49 92 7 14 
passengers: 173 172 104 199 88 165 198 122 87 116 117 208 48 9 115 107 40 56 185 61 186 

  3713	14312	60783
tour: 0 18 61 46 68 39 17 49 92 7 2 70 16 96 50 33 87 51 27 62 40 82 58 43 48 6 84 73 99 15 12 72 80 57 78 53 44 42 32 3 76 66 63 37 30 25 34 64 81 86 65 28 69 85 71 95 83 45 56 94 24 75 1 98 29 22 67 11 60 26 19 89 8 88 52 41 35 55 10 54 47 21 13 31 91 4 97 23 38 36 77 5 90 93 79 9 20 74 59 14 0 
bonus: 18 61 46 68 39 17 49 92 7 2 70 16 96 50 33 87 51 27 62 40 82 58 43 48 6 84 73 99 15 12 72 80 57 78 53 44 42 32 3 76 66 63 37 30 25 34 64 81 86 65 28 69 85 71 95 83 45 56 94 24 75 1 98 29 22 67 11 60 26 19 89 8 88 52 41 35 55 10 54 47 21 13 31 91 4 97 23 38 36 77 5 90 93 79 9 20 74 59 14 
passengers: 175 104 103 75 197 38 184 208 61 46 96 93 155 168 170 135 48 9 115 108 41 2 57 

3686.92	14470	60783
tour: 0 6 84 73 68 39 17 49 92 64 81 86 65 28 69 85 71 95 83 45 98 29 22 67 11 60 26 19 89 8 88 52 41 35 55 10 57 78 53 44 42 32 3 94 24 75 1 87 7 2 93 79 15 12 72 43 48 5 90 62 40 82 58 76 66 63 37 30 25 34 70 16 96 50 33 9 20 18 61 46 80 99 51 56 4 97 23 38 36 77 47 21 13 31 91 54 27 74 59 14 0 
bonus: 6 84 73 68 39 17 49 92 64 81 86 65 28 69 85 71 95 83 45 98 29 22 67 11 60 26 19 89 8 88 52 41 35 55 10 57 78 53 44 42 32 3 94 24 75 1 87 7 2 93 79 15 12 72 43 48 5 90 62 40 82 58 76 66 63 37 30 25 34 70 16 96 50 33 9 20 18 61 46 80 99 51 56 4 97 23 38 36 77 47 21 13 31 91 54 27 74 59 14 
passengers: 211 192 74 169 33 10 138 140 117 59 173 171 2 72 53 15 

3395.33	14495	60783
tour: 0 18 73 68 39 17 49 92 7 2 70 16 96 50 33 9 61 46 80 99 26 19 89 8 88 52 6 84 48 5 90 93 79 15 12 72 43 44 42 32 3 94 24 75 1 87 51 56 4 97 23 38 36 77 47 21 13 31 91 54 27 62 40 82 58 76 66 63 37 30 25 34 64 81 86 65 28 69 85 71 95 83 45 98 29 22 67 11 60 20 74 59 14 41 35 55 10 57 78 53 0 
bonus: 18 73 68 39 17 49 92 7 2 70 16 96 50 33 9 61 46 80 99 26 19 89 8 88 52 6 84 48 5 90 93 79 15 12 72 43 44 42 32 3 94 24 75 1 87 51 56 4 97 23 38 36 77 47 21 13 31 91 54 27 62 40 82 58 76 66 63 37 30 25 34 64 81 86 65 28 69 85 71 95 83 45 98 29 22 67 11 60 20 74 59 14 41 35 55 10 57 78 53 
passengers: 212 74 7 106 29 207 204 89 125 154 114 144 38 43 46 96 94 169 

3373.75	14689	60783
tour: 0 18 73 99 51 56 4 97 23 38 89 61 49 92 64 81 86 65 34 70 33 9 20 39 17 8 88 52 6 84 48 5 90 93 79 15 12 72 80 43 44 42 32 3 94 24 75 1 87 7 14 41 35 55 10 57 28 69 27 62 40 82 58 76 66 63 37 30 25 16 96 50 74 59 85 71 95 83 45 98 29 22 67 11 60 26 19 2 46 68 54 36 77 47 21 13 31 91 78 53 0 
bonus: 18 73 99 51 56 4 97 23 38 89 61 49 92 64 81 86 65 34 70 33 9 20 39 17 8 88 52 6 84 48 5 90 93 79 15 12 72 80 43 44 42 32 3 94 24 75 1 87 7 14 41 35 55 10 57 28 69 27 62 40 82 58 76 66 63 37 30 25 16 96 50 74 59 85 71 95 83 45 98 29 22 67 11 60 26 19 2 46 68 54 36 77 47 21 13 31 91 78 53 
passengers: 208 212 129 154 119 197 133 131 81 153 156 178 58 64 124 96 169 34 150 14 

3292.83	14737	60783
tour: 0 18 73 99 51 56 4 97 23 61 49 92 39 17 8 88 52 41 35 55 10 57 28 69 27 62 40 82 58 76 66 63 37 30 25 16 96 70 33 9 20 74 59 85 71 95 83 45 98 29 22 67 11 60 26 19 2 46 68 54 36 77 47 21 13 31 91 78 53 6 84 48 5 90 93 79 15 12 72 80 43 44 42 32 3 94 24 75 1 38 89 50 65 34 64 81 86 87 7 14 0 
bonus: 18 73 99 51 56 4 97 23 61 49 92 39 17 8 88 52 41 35 55 10 57 28 69 27 62 40 82 58 76 66 63 37 30 25 16 96 70 33 9 20 74 59 85 71 95 83 45 98 29 22 67 11 60 26 19 2 46 68 54 36 77 47 21 13 31 91 78 53 6 84 48 5 90 93 79 15 12 72 80 43 44 42 32 3 94 24 75 1 38 89 50 65 34 64 81 86 87 7 14 
passengers: 213 208 209 155 153 156 178 182 58 64 201 169 151 115 41 139 23 71 186 

3254.67	14903	60783
tour: 0 18 73 99 51 56 4 97 23 61 49 92 64 81 55 10 57 28 69 27 62 40 82 58 43 44 48 5 90 93 79 1 38 89 50 33 9 20 42 32 3 94 35 87 7 14 41 76 66 63 37 24 75 15 12 72 80 74 59 85 71 95 83 45 98 29 22 67 11 60 26 19 2 39 17 8 88 52 6 84 30 25 16 96 70 86 65 34 46 68 54 36 77 47 21 13 31 91 78 53 0 
bonus: 18 73 99 51 56 4 97 23 61 49 92 64 81 55 10 57 28 69 27 62 40 82 58 43 44 48 5 90 93 79 1 38 89 50 33 9 20 42 32 3 94 35 87 7 14 41 76 66 63 37 24 75 15 12 72 80 74 59 85 71 95 83 45 98 29 22 67 11 60 26 19 2 39 17 8 88 52 6 84 30 25 16 96 70 86 65 34 46 68 54 36 77 47 21 13 31 91 78 53 
passengers: 213 208 209 4 157 159 160 71 82 8 79 188 58 25 96 168 27 34 130 187 14 

3069.17	15352	60783
tour: 0 50 2 6 84 30 25 16 96 70 86 65 34 11 60 26 19 46 68 54 42 32 3 76 71 95 83 45 62 40 82 58 43 44 48 5 90 93 79 1 94 66 63 37 24 75 15 12 72 80 99 69 7 14 41 35 87 51 27 74 59 85 33 9 20 39 17 8 88 52 18 73 36 77 47 21 98 29 22 67 56 4 97 23 38 89 61 49 92 64 81 55 10 57 28 13 31 91 78 53 0 
bonus: 50 2 6 84 30 25 16 96 70 86 65 34 11 60 26 19 46 68 54 42 32 3 76 71 95 83 45 62 40 82 58 43 44 48 5 90 93 79 1 94 66 63 37 24 75 15 12 72 80 99 69 7 14 41 35 87 51 27 74 59 85 33 9 20 39 17 8 88 52 18 73 36 77 47 21 98 29 22 67 56 4 97 23 38 89 61 49 92 64 81 55 10 57 28 13 31 91 78 53 
passengers: 121 124 0 44 83 81 98 178 159 87 188 205 204 78 129 130 133 52 14 

  2973	16577	60783
tour: 0 50 2 77 61 33 47 21 13 31 91 78 3 18 49 90 11 60 20 39 62 83 45 98 41 29 22 79 1 9 73 36 40 82 48 76 85 5 17 8 88 52 71 95 94 24 75 15 12 72 80 99 58 43 44 93 6 84 30 25 16 96 70 66 63 37 53 26 19 46 68 54 42 32 35 87 74 59 67 56 4 97 23 38 89 92 64 81 55 10 57 28 69 7 14 51 27 86 65 34 0 
bonus: 50 2 77 61 33 47 21 13 31 91 78 3 18 49 90 11 60 20 39 62 83 45 98 41 29 22 79 1 9 73 36 40 82 48 76 85 5 17 8 88 52 71 95 94 24 75 15 12 72 80 99 58 43 44 93 6 84 30 25 16 96 70 66 63 37 53 26 19 46 68 54 42 32 35 87 74 59 67 56 4 97 23 38 89 92 64 81 55 10 57 28 69 7 14 51 27 86 65 34 
passengers: 124 174 175 184 182 78 210 56 199 160 161 85 91 142 102 192 51 190 154 38 

2952.25	18104	60783
tour: 0 39 62 18 43 44 93 6 11 60 20 95 52 71 42 32 35 87 74 9 73 13 98 41 29 22 21 48 76 85 5 17 31 50 2 77 83 45 54 36 40 82 59 67 92 64 81 86 65 90 91 78 3 30 25 16 79 1 53 26 19 99 58 55 10 57 28 69 7 14 51 27 4 97 23 61 33 47 94 66 63 37 24 75 15 12 84 49 72 38 89 8 88 80 46 68 96 70 56 34 0 
bonus: 39 62 18 43 44 93 6 11 60 20 95 52 71 42 32 35 87 74 9 73 13 98 41 29 22 21 48 76 85 5 17 31 50 2 77 83 45 54 36 40 82 59 67 92 64 81 86 65 90 91 78 3 30 25 16 79 1 53 26 19 99 58 55 10 57 28 69 7 14 51 27 4 97 23 61 33 47 94 66 63 37 24 75 15 12 84 49 72 38 89 8 88 80 46 68 96 70 56 34 
passengers: 184 182 90 202 82 15 78 117 52 56 54 136 153 9 2 176 188 64 26 66 191 154 

