Fo(cost)	Fo(time)	Fo(bonus)

3201.82	13792	61645
tour: 0 61 47 3 65 15 36 25 89 68 35 51 8 19 57 9 67 81 70 96 69 41 86 38 71 93 72 90 18 17 28 55 13 99 88 52 37 42 56 78 48 82 24 60 39 32 83 40 10 30 6 84 50 22 29 11 2 20 14 16 64 23 77 75 63 26 45 21 62 34 12 73 31 54 94 27 7 76 46 92 74 59 44 4 49 91 58 80 98 95 66 97 43 79 53 85 5 1 33 87 0 
bonus: 61 47 3 65 15 36 25 89 68 35 51 8 19 57 9 67 81 70 96 69 41 86 38 71 93 72 90 18 17 28 55 13 99 88 52 37 42 56 78 48 82 24 60 39 32 83 40 10 30 6 84 50 22 29 11 2 20 14 16 64 23 77 75 63 26 45 21 62 34 12 73 31 54 94 27 7 76 46 92 74 59 44 4 49 91 58 80 98 95 66 97 43 79 53 85 5 1 33 87 
passengers: 164 165 166 167 100 137 39 177 239 111 179 55 122 135 71 105 22 6 113 90 83 132 27 232 151 203 204 206 220 219 

3189.18	13893	61645
tour: 0 55 2 20 33 30 6 84 14 10 16 64 12 73 75 63 26 34 29 28 91 58 80 98 95 66 97 43 79 53 23 21 62 85 5 1 65 15 36 25 89 45 49 24 60 39 32 83 40 72 90 18 17 68 35 51 8 19 57 9 56 78 48 82 67 81 70 96 69 41 86 38 71 93 4 61 47 3 11 13 99 88 52 37 42 31 54 94 27 7 76 77 50 22 46 92 74 59 44 87 0 
bonus: 55 2 20 33 30 6 84 14 10 16 64 12 73 75 63 26 34 29 28 91 58 80 98 95 66 97 43 79 53 23 21 62 85 5 1 65 15 36 25 89 45 49 24 60 39 32 83 40 72 90 18 17 68 35 51 8 19 57 9 56 78 48 82 67 81 70 96 69 41 86 38 71 93 4 61 47 3 11 13 99 88 52 37 42 31 54 94 27 7 76 77 50 22 46 92 74 59 44 87 
passengers: 6 7 22 24 188 189 191 190 201 126 152 2 164 114 112 181 137 136 212 111 106 178 46 49 90 83 26 193 196 

3060.33	13901	61645
tour: 0 55 2 20 33 30 6 84 14 10 16 64 23 21 62 34 12 41 86 38 71 93 4 61 47 3 11 98 95 66 97 43 79 53 85 5 1 65 15 36 25 89 68 35 51 8 19 57 9 67 81 70 96 69 29 28 91 58 80 75 63 26 45 49 24 60 39 32 83 40 72 90 18 17 78 48 82 13 99 88 52 37 42 56 73 31 54 94 27 7 76 77 50 22 46 92 74 59 44 87 0 
bonus: 55 2 20 33 30 6 84 14 10 16 64 23 21 62 34 12 41 86 38 71 93 4 61 47 3 11 98 95 66 97 43 79 53 85 5 1 65 15 36 25 89 68 35 51 8 19 57 9 67 81 70 96 69 29 28 91 58 80 75 63 26 45 49 24 60 39 32 83 40 72 90 18 17 78 48 82 13 99 88 52 37 42 56 73 31 54 94 27 7 76 77 50 22 46 92 74 59 44 87 
passengers: 6 7 22 24 153 96 52 51 225 103 45 201 172 67 66 239 79 119 72 71 105 59 125 90 26 193 196 

3050.32	13920	61645
tour: 0 66 36 25 89 45 49 91 58 80 98 95 72 90 18 17 68 35 51 8 19 57 9 67 81 70 96 69 41 86 38 71 93 4 61 47 3 11 13 56 78 48 82 24 60 39 32 83 40 10 16 64 12 73 75 63 26 34 29 28 55 2 20 33 30 6 84 14 76 77 50 22 46 92 74 59 97 43 79 53 23 21 62 85 5 1 65 15 99 88 52 37 42 31 54 94 27 7 44 87 0 
bonus: 66 36 25 89 45 49 91 58 80 98 95 72 90 18 17 68 35 51 8 19 57 9 67 81 70 96 69 41 86 38 71 93 4 61 47 3 11 13 56 78 48 82 24 60 39 32 83 40 10 16 64 12 73 75 63 26 34 29 28 55 2 20 33 30 6 84 14 76 77 50 22 46 92 74 59 97 43 79 53 23 21 62 85 5 1 65 15 99 88 52 37 42 31 54 94 27 7 44 87 
passengers: 100 97 98 99 113 112 202 181 60 177 111 107 179 11 12 8 70 105 189 190 91 78 193 234 232 148 220 221 2 0 163 90 

2650.93	13993	61645
tour: 0 66 36 44 87 27 68 35 51 8 19 57 9 67 69 41 86 38 71 93 4 18 17 78 48 82 13 99 88 52 37 42 31 54 94 45 49 24 60 39 32 83 40 10 16 81 70 96 26 34 29 28 55 2 20 33 30 6 84 14 76 77 61 47 3 11 98 95 72 90 91 58 80 75 63 7 64 12 73 50 22 46 92 74 59 97 43 79 53 23 21 62 85 5 1 65 15 25 89 56 0 
bonus: 66 36 44 87 27 68 35 51 8 19 57 9 67 69 41 86 38 71 93 4 18 17 78 48 82 13 99 88 52 37 42 31 54 94 45 49 24 60 39 32 83 40 10 16 81 70 96 26 34 29 28 55 2 20 33 30 6 84 14 76 77 61 47 3 11 98 95 72 90 91 58 80 75 63 7 64 12 73 50 22 46 92 74 59 97 43 79 53 23 21 62 85 5 1 65 15 25 89 56 
passengers: 100 99 170 172 67 66 111 103 11 55 57 86 120 215 240 91 78 7 22 193 196 237 187 233 232 144 151 152 220 2 

2593.48	14259	61645
tour: 0 66 94 45 63 7 49 24 60 39 79 53 15 36 25 89 5 1 51 8 19 57 82 13 99 91 58 80 75 74 59 97 48 31 54 88 83 40 10 16 81 70 96 34 12 41 86 38 71 26 9 67 44 87 64 23 21 62 85 52 17 78 6 84 14 76 77 61 47 3 11 98 95 72 90 18 20 33 30 73 50 22 46 92 43 93 4 29 28 55 2 68 35 69 32 27 65 37 42 56 0 
bonus: 66 94 45 63 7 49 24 60 39 79 53 15 36 25 89 5 1 51 8 19 57 82 13 99 91 58 80 75 74 59 97 48 31 54 88 83 40 10 16 81 70 96 34 12 41 86 38 71 26 9 67 44 87 64 23 21 62 85 52 17 78 6 84 14 76 77 61 47 3 11 98 95 72 90 18 20 33 30 73 50 22 46 92 43 93 4 29 28 55 2 68 35 69 32 27 65 37 42 56 
passengers: 113 116 117 32 119 72 250 202 149 89 129 175 96 111 229 40 38 42 221 218 125 121 45 62 187 235 10 

2532.98	15061	61645
tour: 0 95 94 27 65 15 36 25 92 43 31 54 88 83 40 46 38 71 93 4 37 42 58 99 91 24 60 8 19 57 9 67 5 1 6 84 66 64 23 21 72 90 18 34 29 80 75 44 26 51 39 79 53 45 63 7 49 20 14 76 77 61 28 68 35 69 32 41 86 12 73 50 74 59 10 16 81 70 96 85 52 17 78 87 33 30 22 62 47 3 11 98 55 2 97 48 82 13 89 56 0 
bonus: 95 94 27 65 15 36 25 92 43 31 54 88 83 40 46 38 71 93 4 37 42 58 99 91 24 60 8 19 57 9 67 5 1 6 84 66 64 23 21 72 90 18 34 29 80 75 44 26 51 39 79 53 45 63 7 49 20 14 76 77 61 28 68 35 69 32 41 86 12 73 50 74 59 10 16 81 70 96 85 52 17 78 87 33 30 22 62 47 3 11 98 55 2 97 48 82 13 89 56 
passengers: 238 164 234 82 87 90 88 132 104 13 8 101 68 38 15 5 180 91 92 126 116 112 28 195 111 109 224 229 227 147 175 174 221 55 152 157 

2375.48	15090	61645
tour: 0 95 94 45 63 7 49 20 14 76 77 61 28 55 2 97 48 31 54 88 83 40 27 65 15 36 25 92 43 79 53 26 51 39 68 35 69 32 41 86 12 73 1 6 84 66 64 23 21 50 74 59 10 16 81 70 96 85 52 17 78 87 33 62 47 3 11 98 58 99 91 24 60 8 19 57 9 67 5 30 22 46 38 71 93 4 37 42 72 90 18 34 29 80 75 44 82 13 89 56 0 
bonus: 95 94 45 63 7 49 20 14 76 77 61 28 55 2 97 48 31 54 88 83 40 27 65 15 36 25 92 43 79 53 26 51 39 68 35 69 32 41 86 12 73 1 6 84 66 64 23 21 50 74 59 10 16 81 70 96 85 52 17 78 87 33 62 47 3 11 98 58 99 91 24 60 8 19 57 9 67 5 30 22 46 38 71 93 4 37 42 72 90 18 34 29 80 75 44 82 13 89 56 
passengers: 238 115 117 29 33 32 82 87 90 83 127 105 160 99 236 170 111 224 227 3 5 24 145 53 212 213 175 220 248 63 66 64 38 19 179 

2241.23	18395	61645
tour: 0 95 94 86 36 44 20 14 76 18 34 29 74 59 10 16 49 43 31 81 53 39 68 45 28 90 64 77 26 51 63 30 7 5 60 8 19 57 9 67 23 85 52 25 92 75 13 46 71 22 79 96 80 58 99 91 17 72 61 47 3 11 98 55 2 93 97 48 12 41 54 15 73 1 6 66 21 50 82 70 38 24 88 83 40 35 69 32 87 33 62 4 37 42 84 78 27 65 56 89 0 
bonus: 95 94 86 36 44 20 14 76 18 34 29 74 59 10 16 49 43 31 81 53 39 68 45 28 90 64 77 26 51 63 30 7 5 60 8 19 57 9 67 23 85 52 25 92 75 13 46 71 22 79 96 80 58 99 91 17 72 61 47 3 11 98 55 2 93 97 48 12 41 54 15 73 1 6 66 21 50 82 70 38 24 88 83 40 35 69 32 87 33 62 4 37 42 84 78 27 65 56 89 
passengers: 238 224 225 194 61 148 126 117 78 76 19 18 14 39 34 231 192 207 249 55 58 56 6 52 106 127 128 132 2 174 74 152 157 10 

