Fo(cost)	Fo(time)	Fo(bonus)

6440.75	13710	62840
tour: 0 68 82 3 96 41 15 39 38 55 26 32 11 75 23 78 24 37 93 85 76 29 19 94 52 88 74 10 21 20 6 63 34 2 73 48 97 44 70 18 91 51 87 79 69 46 47 33 49 50 83 61 25 77 62 81 43 66 45 12 16 54 84 36 72 4 14 98 67 28 31 64 17 13 60 86 7 27 95 90 22 8 53 71 42 1 59 30 58 35 89 5 92 80 99 40 56 9 57 65 0 
bonus: 68 82 3 96 41 15 39 38 55 26 32 11 75 23 78 24 37 93 85 76 29 19 94 52 88 74 10 21 20 6 63 34 2 73 48 97 44 70 18 91 51 87 79 69 46 47 33 49 50 83 61 25 77 62 81 43 66 45 12 16 54 84 36 72 4 14 98 67 28 31 64 17 13 60 86 7 27 95 90 22 8 53 71 42 1 59 30 58 35 89 5 92 80 99 40 56 9 57 65 
passengers: 47 125 31 163 71 70 105 107 90 103 102 67 78 25 177 142 64 

4609.42	13716	62840
tour: 0 68 82 3 96 41 15 39 38 55 26 32 22 8 95 12 16 54 84 36 72 4 14 98 67 28 31 64 17 13 60 86 7 27 90 53 71 42 1 59 30 58 35 89 5 92 80 93 85 76 29 19 94 52 46 47 33 49 50 83 61 25 77 62 81 43 66 45 88 74 10 21 20 6 63 34 2 73 48 97 44 70 18 91 51 87 79 69 11 75 23 78 24 37 99 40 56 9 57 65 0 
bonus: 68 82 3 96 41 15 39 38 55 26 32 22 8 95 12 16 54 84 36 72 4 14 98 67 28 31 64 17 13 60 86 7 27 90 53 71 42 1 59 30 58 35 89 5 92 80 93 85 76 29 19 94 52 46 47 33 49 50 83 61 25 77 62 81 43 66 45 88 74 10 21 20 6 63 34 2 73 48 97 44 70 18 91 51 87 79 69 11 75 23 78 24 37 99 40 56 9 57 65 
passengers: 190 61 56 39 177 17 137 132 134 80 103 67 75 163 200 71 

4450.58	13753	62840
tour: 0 68 82 3 99 71 42 1 90 53 17 13 60 86 7 27 95 96 41 15 39 38 55 26 32 22 8 59 30 58 35 89 5 92 80 93 85 76 29 19 94 52 46 47 33 49 50 83 61 25 77 62 81 43 66 45 12 16 54 84 36 72 4 14 98 67 28 31 64 88 74 10 21 20 6 63 34 2 73 48 97 44 70 18 91 51 87 79 69 11 75 23 78 24 37 40 56 9 57 65 0 
bonus: 68 82 3 99 71 42 1 90 53 17 13 60 86 7 27 95 96 41 15 39 38 55 26 32 22 8 59 30 58 35 89 5 92 80 93 85 76 29 19 94 52 46 47 33 49 50 83 61 25 77 62 81 43 66 45 12 16 54 84 36 72 4 14 98 67 28 31 64 88 74 10 21 20 6 63 34 2 73 48 97 44 70 18 91 51 87 79 69 11 75 23 78 24 37 40 56 9 57 65 
passengers: 189 191 195 123 5 8 45 31 28 83 103 172 26 182 166 163 200 

  4304	13773	62840
tour: 0 18 91 51 87 79 69 11 75 23 78 24 37 93 85 76 29 19 94 63 34 2 73 48 97 44 70 71 42 1 90 53 17 13 60 86 7 27 95 96 41 15 39 38 55 26 32 22 8 59 30 58 35 89 5 92 80 52 46 47 83 61 25 77 62 81 43 66 45 12 16 54 84 36 72 4 14 98 67 28 31 64 88 74 10 21 20 6 33 49 50 68 82 3 99 40 56 9 57 65 0 
bonus: 18 91 51 87 79 69 11 75 23 78 24 37 93 85 76 29 19 94 63 34 2 73 48 97 44 70 71 42 1 90 53 17 13 60 86 7 27 95 96 41 15 39 38 55 26 32 22 8 59 30 58 35 89 5 92 80 52 46 47 83 61 25 77 62 81 43 66 45 12 16 54 84 36 72 4 14 98 67 28 31 64 88 74 10 21 20 6 33 49 50 68 82 3 99 40 56 9 57 65 
passengers: 106 192 29 195 15 5 57 139 132 115 154 67 75 26 4 183 

3997.42	13911	62840
tour: 0 18 91 26 32 63 23 78 24 4 14 86 7 27 95 96 41 15 16 54 84 36 72 45 12 34 2 73 98 67 43 66 60 1 90 22 8 59 30 28 31 64 88 74 51 87 79 69 11 93 10 21 20 6 33 49 50 68 82 3 99 71 42 44 70 53 17 13 19 94 58 35 89 5 39 38 55 85 76 29 75 52 46 47 83 61 25 77 62 81 48 97 92 80 37 40 56 9 57 65 0 
bonus: 18 91 26 32 63 23 78 24 4 14 86 7 27 95 96 41 15 16 54 84 36 72 45 12 34 2 73 98 67 43 66 60 1 90 22 8 59 30 28 31 64 88 74 51 87 79 69 11 93 10 21 20 6 33 49 50 68 82 3 99 71 42 44 70 53 17 13 19 94 58 35 89 5 39 38 55 85 76 29 75 52 46 47 83 61 25 77 62 81 48 97 92 80 37 40 56 9 57 65 
passengers: 32 163 164 29 6 40 178 172 145 137 138 107 192 98 101 63 15 55 47 112 115 158 

3779.58	13951	62840
tour: 0 50 68 82 34 2 72 45 12 16 54 84 36 15 39 38 55 85 76 88 74 51 87 79 69 94 58 35 89 97 14 63 23 78 30 28 31 64 46 47 83 61 25 77 71 42 1 90 22 8 59 18 91 62 81 48 73 98 67 43 66 60 86 7 27 95 96 41 44 70 53 17 13 19 3 24 4 11 93 10 21 20 6 33 49 26 32 99 29 75 52 5 92 80 37 40 56 9 57 65 0 
bonus: 50 68 82 34 2 72 45 12 16 54 84 36 15 39 38 55 85 76 88 74 51 87 79 69 94 58 35 89 97 14 63 23 78 30 28 31 64 46 47 83 61 25 77 71 42 1 90 22 8 59 18 91 62 81 48 73 98 67 43 66 60 86 7 27 95 96 41 44 70 53 17 13 19 3 24 4 11 93 10 21 20 6 33 49 26 32 99 29 75 52 5 92 80 37 40 56 9 57 65 
passengers: 103 187 185 197 76 132 134 83 84 179 66 174 5 72 193 122 28 2 4 112 

3599.75	14034	62840
tour: 0 50 68 82 34 2 72 45 12 22 8 59 71 42 44 70 89 97 14 86 7 27 95 96 41 3 24 4 11 75 52 5 92 80 37 93 10 39 38 55 85 76 88 74 51 87 79 69 94 58 35 33 49 26 32 99 31 64 46 47 83 61 25 77 29 84 36 15 16 18 91 62 81 48 73 98 67 43 66 60 1 90 53 17 13 19 21 20 6 63 23 78 30 28 54 40 56 9 57 65 0 
bonus: 50 68 82 34 2 72 45 12 22 8 59 71 42 44 70 89 97 14 86 7 27 95 96 41 3 24 4 11 75 52 5 92 80 37 93 10 39 38 55 85 76 88 74 51 87 79 69 94 58 35 33 49 26 32 99 31 64 46 47 83 61 25 77 29 84 36 15 16 18 91 62 81 48 73 98 67 43 66 60 1 90 53 17 13 19 21 20 6 63 23 78 30 28 54 40 56 9 57 65 
passengers: 103 101 186 77 138 62 5 2 43 46 105 106 89 93 27 200 179 142 116 

  3551	14070	62840
tour: 0 50 68 82 34 2 72 45 12 22 8 59 71 42 44 70 89 5 92 80 37 93 10 39 38 55 85 76 88 94 58 35 15 16 18 91 62 81 48 73 98 67 43 66 60 1 90 53 17 13 19 21 20 6 63 23 78 30 28 54 40 74 51 87 79 69 11 75 52 61 25 77 29 84 36 33 49 26 32 99 31 64 46 47 83 97 14 86 7 27 95 96 41 3 24 4 56 9 57 65 0 
bonus: 50 68 82 34 2 72 45 12 22 8 59 71 42 44 70 89 5 92 80 37 93 10 39 38 55 85 76 88 94 58 35 15 16 18 91 62 81 48 73 98 67 43 66 60 1 90 53 17 13 19 21 20 6 63 23 78 30 28 54 40 74 51 87 79 69 11 75 52 61 25 77 29 84 36 33 49 26 32 99 31 64 46 47 83 97 14 86 7 27 95 96 41 3 24 4 56 9 57 65 
passengers: 103 101 186 76 63 44 52 132 200 179 173 146 59 111 148 167 82 

3489.08	14152	62840
tour: 0 50 68 82 3 24 85 76 88 94 63 10 29 84 36 87 79 66 60 1 90 22 8 59 71 42 44 70 53 17 77 35 89 5 39 38 55 97 14 86 7 27 95 96 58 47 83 92 80 37 69 11 93 41 15 16 18 91 62 81 48 73 98 67 43 13 19 21 20 6 33 49 26 32 99 31 64 46 12 34 2 72 45 23 78 30 28 54 40 74 51 75 52 61 25 4 56 9 57 65 0 
bonus: 50 68 82 3 24 85 76 88 94 63 10 29 84 36 87 79 66 60 1 90 22 8 59 71 42 44 70 53 17 77 35 89 5 39 38 55 97 14 86 7 27 95 96 58 47 83 92 80 37 69 11 93 41 15 16 18 91 62 81 48 73 98 67 43 13 19 21 20 6 33 49 26 32 99 31 64 46 12 34 2 72 45 23 78 30 28 54 40 74 51 75 52 61 25 4 56 9 57 65 
passengers: 101 189 164 39 140 63 119 123 57 6 192 26 67 14 75 79 108 112 149 

  3486	14225	62840
tour: 0 50 68 82 3 24 85 76 88 94 63 23 78 30 28 31 71 42 44 70 89 5 92 80 37 10 29 84 36 39 38 55 4 56 9 57 65 64 46 47 83 97 14 95 96 58 35 86 7 27 75 52 61 25 77 62 81 48 73 98 67 43 66 60 1 90 22 8 59 18 91 51 87 79 69 11 93 41 15 16 54 40 74 12 34 2 72 45 53 17 13 19 21 20 6 33 49 26 32 99 0 
bonus: 50 68 82 3 24 85 76 88 94 63 23 78 30 28 31 71 42 44 70 89 5 92 80 37 10 29 84 36 39 38 55 4 56 9 57 65 64 46 47 83 97 14 95 96 58 35 86 7 27 75 52 61 25 77 62 81 48 73 98 67 43 66 60 1 90 22 8 59 18 91 51 87 79 69 11 93 41 15 16 54 40 74 12 34 2 72 45 53 17 13 19 21 20 6 33 49 26 32 99 
passengers: 101 186 190 63 42 54 9 170 83 95 89 115 155 200 172 0 109 59 33 

3475.33	14837	62840
tour: 0 18 23 78 30 63 64 46 38 55 4 79 66 14 95 67 43 13 37 10 29 7 21 20 6 33 49 26 32 99 31 84 36 39 59 71 42 47 83 97 86 91 51 87 22 75 52 61 25 77 35 15 16 56 9 57 65 82 3 24 85 73 98 89 5 92 80 60 1 90 28 54 40 74 12 34 2 72 45 53 17 50 68 96 58 62 81 48 76 88 19 94 27 69 11 93 41 44 70 8 0 
bonus: 18 23 78 30 63 64 46 38 55 4 79 66 14 95 67 43 13 37 10 29 7 21 20 6 33 49 26 32 99 31 84 36 39 59 71 42 47 83 97 86 91 51 87 22 75 52 61 25 77 35 15 16 56 9 57 65 82 3 24 85 73 98 89 5 92 80 60 1 90 28 54 40 74 12 34 2 72 45 53 17 50 68 96 58 62 81 48 76 88 19 94 27 69 11 93 41 44 70 8 
passengers: 29 165 83 2 178 43 99 51 138 92 93 108 112 26 11 130 76 119 186 133 

3449.17	14975	62840
tour: 0 10 29 7 35 15 16 18 23 78 30 63 34 2 72 45 12 28 89 5 92 80 60 1 90 64 46 44 70 8 41 21 20 6 33 49 26 32 99 31 84 36 39 59 83 97 86 91 51 87 22 75 52 61 25 77 50 68 96 58 62 81 48 76 88 19 94 27 69 11 93 56 9 57 65 82 3 24 85 73 71 42 47 53 17 38 55 4 79 66 14 95 67 43 13 37 40 74 54 98 0 
bonus: 10 29 7 35 15 16 18 23 78 30 63 34 2 72 45 12 28 89 5 92 80 60 1 90 64 46 44 70 8 41 21 20 6 33 49 26 32 99 31 84 36 39 59 83 97 86 91 51 87 22 75 52 61 25 77 50 68 96 58 62 81 48 76 88 19 94 27 69 11 93 56 9 57 65 82 3 24 85 73 71 42 47 53 17 38 55 4 79 66 14 95 67 43 13 37 40 74 54 98 
passengers: 7 8 26 78 1 86 61 99 50 55 136 190 28 9 90 2 4 175 

3409.58	15277	62840
tour: 0 10 64 46 3 55 4 79 66 14 95 98 89 5 92 80 37 93 56 9 57 65 82 45 53 17 50 68 96 58 62 81 48 76 88 94 6 33 49 47 83 97 86 91 51 87 22 75 52 61 25 77 2 72 59 18 23 78 30 63 34 20 35 15 16 29 7 27 69 11 38 67 43 13 19 44 70 8 41 21 60 1 90 28 54 40 74 12 73 71 42 24 85 31 84 36 39 26 32 99 0 
bonus: 10 64 46 3 55 4 79 66 14 95 98 89 5 92 80 37 93 56 9 57 65 82 45 53 17 50 68 96 58 62 81 48 76 88 94 6 33 49 47 83 97 86 91 51 87 22 75 52 61 25 77 2 72 59 18 23 78 30 63 34 20 35 15 16 29 7 27 69 11 38 67 43 13 19 44 70 8 41 21 60 1 90 28 54 40 74 12 73 71 42 24 85 31 84 36 39 26 32 99 
passengers: 82 83 2 174 44 169 76 118 135 154 88 108 113 197 199 29 36 6 48 179 66 73 1 59 202 63 

3255.67	15805	62840
tour: 0 10 29 7 76 88 19 94 6 33 49 47 83 37 78 30 63 64 46 44 70 8 41 21 62 81 48 24 34 20 67 43 93 75 52 61 25 77 2 72 45 12 85 73 71 53 17 50 68 96 58 15 16 56 9 57 65 82 3 55 4 79 66 14 95 98 89 5 92 80 86 91 51 87 22 60 1 90 28 54 40 74 13 97 59 18 23 42 35 27 69 11 38 31 84 36 39 26 32 99 0 
bonus: 10 29 7 76 88 19 94 6 33 49 47 83 37 78 30 63 64 46 44 70 8 41 21 62 81 48 24 34 20 67 43 93 75 52 61 25 77 2 72 45 12 85 73 71 53 17 50 68 96 58 15 16 56 9 57 65 82 3 55 4 79 66 14 95 98 89 5 92 80 86 91 51 87 22 60 1 90 28 54 40 74 13 97 59 18 23 42 35 27 69 11 38 31 84 36 39 26 32 99 
passengers: 5 7 8 84 72 60 177 180 112 152 190 22 130 4 172 145 58 59 63 36 

3244.92	16064	62840
tour: 0 10 29 7 88 19 94 6 33 49 47 83 37 78 30 63 64 46 44 70 8 41 21 62 81 48 76 58 27 69 11 38 55 4 79 66 14 95 67 43 13 97 86 91 51 87 22 60 1 90 28 77 2 72 65 82 3 45 12 85 93 75 52 61 25 40 80 74 54 98 89 5 92 53 17 50 68 96 73 71 59 18 23 42 24 34 20 35 15 16 56 9 57 31 84 36 39 26 32 99 0 
bonus: 10 29 7 88 19 94 6 33 49 47 83 37 78 30 63 64 46 44 70 8 41 21 62 81 48 76 58 27 69 11 38 55 4 79 66 14 95 67 43 13 97 86 91 51 87 22 60 1 90 28 77 2 72 65 82 3 45 12 85 93 75 52 61 25 40 80 74 54 98 89 5 92 53 17 50 68 96 73 71 59 18 23 42 24 34 20 35 15 16 56 9 57 31 84 36 39 26 32 99 
passengers: 5 7 8 83 69 159 132 172 67 18 108 146 79 113 152 58 188 202 63 33 34 35 

3241.17	16588	62840
tour: 0 10 35 66 14 27 69 11 38 55 4 79 36 39 26 41 21 62 81 48 76 58 15 16 56 60 1 90 28 77 2 72 65 82 3 45 85 73 71 12 32 99 31 84 80 86 91 51 87 22 75 52 61 25 40 74 13 97 59 18 23 42 24 34 20 67 43 93 95 98 89 5 92 53 17 50 68 96 9 57 7 88 19 94 6 33 49 47 83 37 78 30 63 64 46 44 70 8 29 54 0 
bonus: 10 35 66 14 27 69 11 38 55 4 79 36 39 26 41 21 62 81 48 76 58 15 16 56 60 1 90 28 77 2 72 65 82 3 45 85 73 71 12 32 99 31 84 80 86 91 51 87 22 75 52 61 25 40 74 13 97 59 18 23 42 24 34 20 67 43 93 95 98 89 5 92 53 17 50 68 96 9 57 7 88 19 94 6 33 49 47 83 37 78 30 63 64 46 44 70 8 29 54 
passengers: 36 35 37 3 53 57 154 25 169 79 202 195 32 152 29 118 191 9 7 8 41 86 73 

3207.17	16921	62840
tour: 0 10 35 66 14 15 16 56 48 76 69 11 38 55 4 79 36 81 92 53 58 27 95 98 89 5 9 57 31 84 80 74 13 97 59 18 23 42 24 34 20 67 43 17 50 68 96 73 71 12 32 99 86 91 51 87 22 60 1 90 28 77 2 72 65 82 3 45 85 93 75 52 61 25 40 39 26 41 21 62 7 88 19 94 6 33 49 47 83 37 78 30 63 64 46 44 70 8 29 54 0 
bonus: 10 35 66 14 15 16 56 48 76 69 11 38 55 4 79 36 81 92 53 58 27 95 98 89 5 9 57 31 84 80 74 13 97 59 18 23 42 24 34 20 67 43 17 50 68 96 73 71 12 32 99 86 91 51 87 22 60 1 90 28 77 2 72 65 82 3 45 85 93 75 52 61 25 40 39 26 41 21 62 7 88 19 94 6 33 49 47 83 37 78 30 63 64 46 44 70 8 29 54 
passengers: 36 35 174 126 39 132 30 18 33 188 195 108 146 169 79 115 147 148 157 7 8 86 73 

3162.17	17277	62840
tour: 0 10 35 66 14 27 69 11 91 51 87 22 75 52 84 47 94 81 92 53 17 50 68 96 73 71 12 32 99 86 60 1 90 28 77 2 72 65 82 3 45 85 93 95 98 89 5 9 70 44 61 25 40 39 26 41 21 62 7 88 19 76 58 57 31 15 16 56 18 23 42 6 33 49 80 74 13 97 59 83 37 78 30 63 64 46 38 55 4 79 36 48 24 34 20 67 43 8 29 54 0 
bonus: 10 35 66 14 27 69 11 91 51 87 22 75 52 84 47 94 81 92 53 17 50 68 96 73 71 12 32 99 86 60 1 90 28 77 2 72 65 82 3 45 85 93 95 98 89 5 9 70 44 61 25 40 39 26 41 21 62 7 88 19 76 58 57 31 15 16 56 18 23 42 6 33 49 80 74 13 97 59 83 37 78 30 63 64 46 38 55 4 79 36 48 24 34 20 67 43 8 29 54 
passengers: 173 174 172 105 89 87 118 187 195 146 169 168 76 147 58 159 134 62 14 44 84 96 

3132.08	19045	62840
tour: 0 4 79 36 48 76 69 11 91 51 87 22 71 12 85 93 95 98 25 40 39 26 41 21 62 19 88 94 92 89 5 9 52 32 99 75 10 35 66 14 15 16 56 18 46 50 68 96 73 7 47 53 70 81 59 83 31 84 72 65 13 58 27 3 55 77 44 82 45 97 28 24 34 2 42 6 33 49 80 86 60 1 90 23 61 37 78 30 74 57 63 64 17 20 67 38 43 8 29 54 0 
bonus: 4 79 36 48 76 69 11 91 51 87 22 71 12 85 93 95 98 25 40 39 26 41 21 62 19 88 94 92 89 5 9 52 32 99 75 10 35 66 14 15 16 56 18 46 50 68 96 73 7 47 53 70 81 59 83 31 84 72 65 13 58 27 3 55 77 44 82 45 97 28 24 34 2 42 6 33 49 80 86 60 1 90 23 61 37 78 30 74 57 63 64 17 20 67 38 43 8 29 54 
passengers: 4 3 38 59 57 55 11 174 26 186 116 169 168 171 78 62 146 143 148 129 165 48 

