Fo(cost)	Fo(time)	Fo(bonus)

6045.42	13690	62087
tour: 0 77 32 86 83 58 40 17 85 6 88 19 67 3 54 31 15 30 23 64 22 43 28 29 51 95 2 74 12 78 87 25 27 9 34 42 94 33 79 65 92 11 99 55 1 56 52 26 38 44 63 93 8 36 35 53 47 70 81 76 84 14 71 69 89 90 10 18 96 62 21 20 37 24 16 13 49 7 66 59 45 4 48 82 72 75 46 41 57 98 39 97 60 91 80 50 61 5 68 73 0 
bonus: 77 32 86 83 58 40 17 85 6 88 19 67 3 54 31 15 30 23 64 22 43 28 29 51 95 2 74 12 78 87 25 27 9 34 42 94 33 79 65 92 11 99 55 1 56 52 26 38 44 63 93 8 36 35 53 47 70 81 76 84 14 71 69 89 90 10 18 96 62 21 20 37 24 16 13 49 7 66 59 45 4 48 82 72 75 46 41 57 98 39 97 60 91 80 50 61 5 68 73 
passengers: 133 172 173 78 19 89 129 52 109 30 135 50 155 148 92 162 164 

4553.25	13693	62087
tour: 0 77 32 86 83 58 40 17 85 6 88 19 67 3 54 31 15 30 23 64 52 26 38 44 63 93 8 36 35 53 78 87 25 27 9 47 11 99 55 42 94 33 79 34 70 81 76 1 56 92 22 13 49 7 66 59 45 69 89 90 10 18 4 48 82 72 75 46 41 57 98 39 97 60 91 80 50 84 14 71 43 28 29 51 95 2 74 12 96 62 21 20 37 24 16 65 61 5 68 73 0 
bonus: 77 32 86 83 58 40 17 85 6 88 19 67 3 54 31 15 30 23 64 52 26 38 44 63 93 8 36 35 53 78 87 25 27 9 47 11 99 55 42 94 33 79 34 70 81 76 1 56 92 22 13 49 7 66 59 45 69 89 90 10 18 4 48 82 72 75 46 41 57 98 39 97 60 91 80 50 84 14 71 43 28 29 51 95 2 74 12 96 62 21 20 37 24 16 65 61 5 68 73 
passengers: 133 172 173 77 19 89 11 193 25 30 31 199 137 8 181 96 84 177 9 

4354.58	13731	62087
tour: 0 77 6 88 19 8 36 35 53 47 70 81 76 84 14 83 58 40 17 85 26 38 44 63 71 69 89 90 93 39 97 60 91 49 7 66 33 79 65 72 75 46 41 57 98 59 2 74 12 96 62 21 20 37 24 22 43 28 29 51 95 10 18 16 13 67 3 54 31 15 30 23 64 52 45 4 48 82 78 87 25 27 9 34 42 94 55 1 56 92 11 99 86 32 80 50 61 5 68 73 0 
bonus: 77 6 88 19 8 36 35 53 47 70 81 76 84 14 83 58 40 17 85 26 38 44 63 71 69 89 90 93 39 97 60 91 49 7 66 33 79 65 72 75 46 41 57 98 59 2 74 12 96 62 21 20 37 24 22 43 28 29 51 95 10 18 16 13 67 3 54 31 15 30 23 64 52 45 4 48 82 78 87 25 27 9 34 42 94 55 1 56 92 11 99 86 32 80 50 61 5 68 73 
passengers: 19 24 153 150 172 73 115 191 189 171 207 176 53 66 55 61 127 101 13 108 29 202 

4350.83	13735	62087
tour: 0 77 6 88 81 20 37 24 16 13 67 3 54 31 15 30 23 64 52 45 69 89 90 93 19 8 36 35 53 47 70 92 22 43 28 41 57 98 39 97 72 75 46 55 76 1 56 11 99 86 32 80 50 84 14 83 58 40 17 85 26 38 44 63 71 60 91 49 7 66 59 2 74 12 96 62 21 29 51 95 10 18 4 48 82 78 87 25 27 9 34 42 94 33 79 65 61 5 68 73 0 
bonus: 77 6 88 81 20 37 24 16 13 67 3 54 31 15 30 23 64 52 45 69 89 90 93 19 8 36 35 53 47 70 92 22 43 28 41 57 98 39 97 72 75 46 55 76 1 56 11 99 86 32 80 50 84 14 83 58 40 17 85 26 38 44 63 71 60 91 49 7 66 59 2 74 12 96 62 21 29 51 95 10 18 4 48 82 78 87 25 27 9 34 42 94 33 79 65 61 5 68 73 
passengers: 19 17 161 66 11 99 26 152 184 179 211 133 78 117 118 205 39 86 108 30 202 

4234.83	13772	62087
tour: 0 77 6 88 81 20 37 24 16 13 67 3 54 31 15 30 23 64 52 45 4 48 82 78 98 39 97 60 91 49 7 66 59 14 83 58 40 17 85 26 38 44 63 71 69 89 90 93 19 8 36 35 53 47 70 87 25 27 9 34 42 94 33 79 65 92 22 43 28 41 57 86 32 80 50 61 11 99 55 76 1 56 5 68 72 73 75 46 2 74 12 96 62 21 29 51 95 10 18 84 0 
bonus: 77 6 88 81 20 37 24 16 13 67 3 54 31 15 30 23 64 52 45 4 48 82 78 98 39 97 60 91 49 7 66 59 14 83 58 40 17 85 26 38 44 63 71 69 89 90 93 19 8 36 35 53 47 70 87 25 27 9 34 42 94 33 79 65 92 22 43 28 41 57 86 32 80 50 61 11 99 55 76 1 56 5 68 72 73 75 46 2 74 12 96 62 21 29 51 95 10 18 84 
passengers: 17 162 161 66 10 102 211 60 77 115 193 187 154 202 199 98 14 206 

  3933	13779	62087
tour: 0 77 6 88 81 20 37 24 16 13 67 3 54 31 15 30 23 64 52 45 4 48 82 78 98 39 97 60 91 49 7 66 59 14 83 58 40 17 85 26 38 44 63 71 69 89 90 93 19 8 36 35 53 47 70 87 25 27 9 34 42 94 33 79 65 61 11 99 55 76 1 56 92 22 43 28 41 57 86 32 80 50 5 68 72 73 75 46 2 74 12 96 62 21 29 51 95 10 18 84 0 
bonus: 77 6 88 81 20 37 24 16 13 67 3 54 31 15 30 23 64 52 45 4 48 82 78 98 39 97 60 91 49 7 66 59 14 83 58 40 17 85 26 38 44 63 71 69 89 90 93 19 8 36 35 53 47 70 87 25 27 9 34 42 94 33 79 65 61 11 99 55 76 1 56 92 22 43 28 41 57 86 32 80 50 5 68 72 73 75 46 2 74 12 96 62 21 29 51 95 10 18 84 
passengers: 17 162 161 66 10 102 211 58 77 115 193 187 89 154 29 202 199 181 134 14 206 

3819.25	14317	62087
tour: 0 80 77 75 63 93 19 8 51 40 17 10 18 16 46 83 58 9 34 42 94 64 38 32 86 57 98 39 97 72 73 60 91 96 5 68 21 29 2 74 12 84 6 36 50 61 11 99 55 7 95 52 45 69 89 76 1 62 71 43 28 90 70 81 41 88 67 3 54 31 15 30 44 85 26 56 92 22 13 49 23 20 59 14 37 24 4 48 82 78 87 25 27 66 33 79 65 35 53 47 0 
bonus: 80 77 75 63 93 19 8 51 40 17 10 18 16 46 83 58 9 34 42 94 64 38 32 86 57 98 39 97 72 73 60 91 96 5 68 21 29 2 74 12 84 6 36 50 61 11 99 55 7 95 52 45 69 89 76 1 62 71 43 28 90 70 81 41 88 67 3 54 31 15 30 44 85 26 56 92 22 13 49 23 20 59 14 37 24 4 48 82 78 87 25 27 66 33 79 65 35 53 47 
passengers: 193 188 189 202 168 207 14 52 151 49 46 22 179 130 186 54 101 162 109 

3644.58	14445	62087
tour: 0 80 55 7 83 63 93 19 8 51 40 17 4 48 82 72 73 18 78 87 25 27 66 59 14 37 24 16 34 42 94 64 52 95 10 33 79 45 69 89 76 1 62 71 43 28 90 70 81 41 88 67 3 54 31 15 30 44 85 26 56 92 84 6 36 50 61 11 99 86 57 98 39 97 60 91 96 5 68 21 29 2 74 12 46 77 75 38 32 58 9 22 13 49 23 20 65 35 53 47 0 
bonus: 80 55 7 83 63 93 19 8 51 40 17 4 48 82 72 73 18 78 87 25 27 66 59 14 37 24 16 34 42 94 64 52 95 10 33 79 45 69 89 76 1 62 71 43 28 90 70 81 41 88 67 3 54 31 15 30 44 85 26 56 92 84 6 36 50 61 11 99 86 57 98 39 97 60 91 96 5 68 21 29 2 74 12 46 77 75 38 32 58 9 22 13 49 23 20 65 35 53 47 
passengers: 23 193 190 172 78 103 194 37 36 179 63 118 120 181 216 205 53 32 

3634.25	15000	62087
tour: 0 80 66 59 14 37 24 23 20 65 68 21 17 72 73 75 38 32 79 16 46 77 45 69 89 76 1 62 71 43 11 99 86 57 98 39 60 91 96 5 9 22 13 49 7 83 63 93 52 95 10 33 48 82 78 87 58 3 19 8 51 40 92 55 4 28 90 34 42 94 64 18 25 27 54 31 15 30 44 85 26 56 70 81 41 88 67 12 84 6 36 50 61 97 29 2 74 35 53 47 0 
bonus: 80 66 59 14 37 24 23 20 65 68 21 17 72 73 75 38 32 79 16 46 77 45 69 89 76 1 62 71 43 11 99 86 57 98 39 60 91 96 5 9 22 13 49 7 83 63 93 52 95 10 33 48 82 78 87 58 3 19 8 51 40 92 55 4 28 90 34 42 94 64 18 25 27 54 31 15 30 44 85 26 56 70 81 41 88 67 12 84 6 36 50 61 97 29 2 74 35 53 47 
passengers: 59 158 159 73 49 215 169 97 193 192 24 185 139 200 109 156 

3632.33	15029	62087
tour: 0 80 55 4 28 90 23 20 65 68 21 17 72 73 75 38 32 24 19 8 51 40 92 2 74 35 53 83 63 93 52 95 10 33 79 16 46 77 45 69 89 76 1 62 71 43 11 34 42 94 64 18 25 27 54 31 15 30 44 85 26 56 70 81 41 88 67 12 84 6 36 50 61 97 29 48 82 78 87 58 3 99 86 57 98 39 60 91 96 5 9 22 13 49 7 66 59 14 37 47 0 
bonus: 80 55 4 28 90 23 20 65 68 21 17 72 73 75 38 32 24 19 8 51 40 92 2 74 35 53 83 63 93 52 95 10 33 79 16 46 77 45 69 89 76 1 62 71 43 11 34 42 94 64 18 25 27 54 31 15 30 44 85 26 56 70 81 41 88 67 12 84 6 36 50 61 97 29 48 82 78 87 58 3 99 86 57 98 39 60 91 96 5 9 22 13 49 7 66 59 14 37 47 
passengers: 100 76 77 185 186 146 193 139 140 87 110 120 155 156 208 215 205 33 54 

3581.75	15175	62087
tour: 0 80 55 4 28 90 23 20 65 46 77 75 38 32 24 5 9 22 13 49 7 83 63 93 52 95 10 45 69 89 76 1 62 71 43 11 99 86 57 33 79 16 34 42 94 64 18 25 27 66 59 14 37 47 91 96 56 70 87 58 3 19 8 51 40 92 2 74 35 53 6 36 50 61 97 29 48 82 78 98 39 60 54 31 15 30 44 85 26 68 21 17 72 73 81 41 88 67 12 84 0 
bonus: 80 55 4 28 90 23 20 65 46 77 75 38 32 24 5 9 22 13 49 7 83 63 93 52 95 10 45 69 89 76 1 62 71 43 11 99 86 57 33 79 16 34 42 94 64 18 25 27 66 59 14 37 47 91 96 56 70 87 58 3 19 8 51 40 92 2 74 35 53 6 36 50 61 97 29 48 82 78 98 39 60 54 31 15 30 44 85 26 68 21 17 72 73 81 41 88 67 12 84 
passengers: 12 99 100 30 96 39 139 195 84 109 11 27 147 144 156 211 129 63 75 

3545.5	16128	62087
tour: 0 80 55 4 28 90 70 87 11 46 77 5 9 22 13 49 7 48 82 78 89 76 30 44 85 47 91 96 56 16 34 42 94 64 18 25 27 66 59 14 20 88 67 12 84 6 36 50 98 39 60 54 1 62 71 43 31 15 63 93 52 95 10 45 69 61 97 29 2 74 37 24 17 72 73 81 41 23 65 35 53 83 58 3 99 86 57 33 79 68 75 38 32 19 8 51 40 92 26 21 0 
bonus: 80 55 4 28 90 70 87 11 46 77 5 9 22 13 49 7 48 82 78 89 76 30 44 85 47 91 96 56 16 34 42 94 64 18 25 27 66 59 14 20 88 67 12 84 6 36 50 98 39 60 54 1 62 71 43 31 15 63 93 52 95 10 45 69 61 97 29 2 74 37 24 17 72 73 81 41 23 65 35 53 83 58 3 99 86 57 33 79 68 75 38 32 19 8 51 40 92 26 21 
passengers: 13 49 51 31 96 71 139 83 110 153 157 61 191 36 179 176 102 145 24 

3531.5	16267	62087
tour: 0 80 55 4 28 90 70 87 11 46 77 83 9 22 13 49 7 48 82 78 89 76 30 44 85 47 91 96 5 41 17 72 73 81 95 10 45 69 61 97 29 2 74 37 24 23 65 35 53 43 31 15 63 93 52 75 38 32 19 8 51 40 92 26 56 16 34 42 94 64 18 25 27 66 59 14 20 88 67 12 84 6 36 50 98 39 60 54 1 62 71 58 3 99 86 57 33 79 68 21 0 
bonus: 80 55 4 28 90 70 87 11 46 77 83 9 22 13 49 7 48 82 78 89 76 30 44 85 47 91 96 5 41 17 72 73 81 95 10 45 69 61 97 29 2 74 37 24 23 65 35 53 43 31 15 63 93 52 75 38 32 19 8 51 40 92 26 56 16 34 42 94 64 18 25 27 66 59 14 20 88 67 12 84 6 36 50 98 39 60 54 1 62 71 58 3 99 86 57 33 79 68 21 
passengers: 13 49 51 95 56 128 78 72 35 37 106 131 174 185 139 110 59 157 214 136 

3404.25	18250	62087
tour: 0 42 74 37 78 43 82 35 53 6 36 50 89 76 30 44 14 20 59 3 99 4 80 38 32 19 8 10 45 69 61 97 29 2 98 51 40 63 55 16 46 77 54 31 15 86 39 60 85 47 91 96 56 70 87 73 81 95 65 57 33 79 68 75 52 13 90 28 7 48 11 93 88 67 12 84 49 18 25 27 66 23 24 5 41 17 72 1 62 71 58 83 9 34 22 94 64 92 26 21 0 
bonus: 42 74 37 78 43 82 35 53 6 36 50 89 76 30 44 14 20 59 3 99 4 80 38 32 19 8 10 45 69 61 97 29 2 98 51 40 63 55 16 46 77 54 31 15 86 39 60 85 47 91 96 56 70 87 73 81 95 65 57 33 79 68 75 52 13 90 28 7 48 11 93 88 67 12 84 49 18 25 27 66 23 24 5 41 17 72 1 62 71 58 83 9 34 22 94 64 92 26 21 
passengers: 162 161 163 19 11 12 27 42 35 210 67 130 65 56 22 23 99 179 76 98 

3289.08	18832	62087
tour: 0 42 19 97 70 87 11 93 82 78 43 31 15 63 55 16 46 77 73 81 95 86 39 60 54 14 20 59 3 99 4 80 38 32 62 71 58 83 9 34 22 94 64 30 44 85 47 8 10 45 91 96 5 41 17 72 1 74 37 67 12 84 69 61 57 33 56 90 28 7 48 65 35 53 6 36 50 89 76 88 79 68 75 52 13 49 18 25 27 66 23 24 29 2 98 51 40 92 26 21 0 
bonus: 42 19 97 70 87 11 93 82 78 43 31 15 63 55 16 46 77 73 81 95 86 39 60 54 14 20 59 3 99 4 80 38 32 62 71 58 83 9 34 22 94 64 30 44 85 47 8 10 45 91 96 5 41 17 72 1 74 37 67 12 84 69 61 57 33 56 90 28 7 48 65 35 53 6 36 50 89 76 88 79 68 75 52 13 49 18 25 27 66 23 24 29 2 98 51 40 92 26 21 
passengers: 209 46 189 170 60 215 12 95 202 40 14 72 163 164 22 23 18 84 102 104 175 

