Fo(cost)	Fo(time)	Fo(bonus)

3272.83	13700	61372
tour: 0 63 47 29 91 85 79 31 80 71 65 7 69 70 82 48 97 50 37 22 76 42 54 60 89 32 84 75 26 4 98 34 78 44 68 83 77 40 52 88 27 64 9 36 99 45 57 92 28 93 12 66 11 13 49 73 67 62 38 56 43 8 95 59 94 41 14 23 17 18 33 20 46 87 30 39 55 58 3 10 90 5 72 15 61 51 53 24 16 86 74 96 21 35 81 2 19 6 1 25 0 
bonus: 63 47 29 91 85 79 31 80 71 65 7 69 70 82 48 97 50 37 22 76 42 54 60 89 32 84 75 26 4 98 34 78 44 68 83 77 40 52 88 27 64 9 36 99 45 57 92 28 93 12 66 11 13 49 73 67 62 38 56 43 8 95 59 94 41 14 23 17 18 33 20 46 87 30 39 55 58 3 10 90 5 72 15 61 51 53 24 16 86 74 96 21 35 81 2 19 6 1 25 
passengers: 299 301 143 147 317 329 94 256 377 370 183 186 187 265 231 357 205 287 40 45 213 259 6 248 48 97 178 162 156 154 53 348 363 89 199 

2997.65	13735	61372
tour: 0 10 90 16 86 74 96 21 71 65 91 85 79 31 80 46 87 30 19 6 1 25 20 35 39 55 58 3 22 76 42 54 60 89 32 84 75 26 4 98 34 78 33 81 2 7 69 70 57 5 72 15 92 28 93 12 66 11 13 49 73 67 62 38 56 43 8 63 47 29 24 41 14 23 17 18 95 59 94 61 51 53 44 68 97 50 37 52 88 27 64 9 36 99 45 40 83 77 82 48 0 
bonus: 10 90 16 86 74 96 21 71 65 91 85 79 31 80 46 87 30 19 6 1 25 20 35 39 55 58 3 22 76 42 54 60 89 32 84 75 26 4 98 34 78 33 81 2 7 69 70 57 5 72 15 92 28 93 12 66 11 13 49 73 67 62 38 56 43 8 63 47 29 24 41 14 23 17 18 95 59 94 61 51 53 44 68 97 50 37 52 88 27 64 9 36 99 45 40 83 77 82 48 
passengers: 18 17 65 89 169 290 157 118 117 220 256 374 126 187 189 56 57 136 325 258 143 146 145 246 237 48 367 364 233 

2788.18	13742	61372
tour: 0 10 90 16 86 74 96 21 35 81 2 19 6 1 25 20 4 98 34 78 44 68 97 50 37 52 88 27 64 9 36 99 45 57 5 72 15 92 28 93 12 66 11 13 49 73 67 62 38 56 43 8 63 47 29 91 85 79 31 80 46 87 30 39 55 58 3 22 76 42 54 60 89 32 84 75 26 23 17 18 95 59 94 61 51 53 24 41 14 33 40 83 77 71 65 7 69 70 82 48 0 
bonus: 10 90 16 86 74 96 21 35 81 2 19 6 1 25 20 4 98 34 78 44 68 97 50 37 52 88 27 64 9 36 99 45 57 5 72 15 92 28 93 12 66 11 13 49 73 67 62 38 56 43 8 63 47 29 91 85 79 31 80 46 87 30 39 55 58 3 22 76 42 54 60 89 32 84 75 26 23 17 18 95 59 94 61 51 53 24 41 14 33 40 83 77 71 65 7 69 70 82 48 
passengers: 21 15 61 63 89 81 183 184 357 358 205 207 287 56 136 138 327 212 150 144 168 290 220 94 91 254 172 127 99 75 77 72 346 341 367 233 

2735.97	13816	61372
tour: 0 10 90 16 86 74 96 21 88 27 19 6 84 4 98 34 78 75 26 23 17 18 95 59 94 61 62 38 56 43 8 63 47 29 24 41 14 33 51 53 44 68 83 77 71 65 91 85 79 31 80 46 87 30 39 55 58 3 45 40 52 1 25 20 35 81 2 7 69 70 57 5 72 15 92 28 93 12 66 64 9 36 99 82 48 97 50 37 22 76 42 54 60 89 32 11 13 49 73 67 0 
bonus: 10 90 16 86 74 96 21 88 27 19 6 84 4 98 34 78 75 26 23 17 18 95 59 94 61 62 38 56 43 8 63 47 29 24 41 14 33 51 53 44 68 83 77 71 65 91 85 79 31 80 46 87 30 39 55 58 3 45 40 52 1 25 20 35 81 2 7 69 70 57 5 72 15 92 28 93 12 66 64 9 36 99 82 48 97 50 37 22 76 42 54 60 89 32 11 13 49 73 67 
passengers: 21 15 61 64 87 132 187 189 96 75 214 258 150 146 110 246 237 178 340 367 292 297 155 284 233 355 357 113 200 3 1 139 44 11 335 329 374 

2670.72	13879	61372
tour: 0 10 90 47 29 24 41 25 20 9 36 99 82 48 97 50 14 33 51 39 55 38 56 43 8 63 84 4 98 34 78 75 26 23 17 18 95 59 94 61 62 49 73 67 37 22 76 53 44 68 83 77 71 65 91 85 79 31 80 46 87 30 19 6 1 42 54 40 52 88 27 58 3 45 16 86 74 96 21 35 81 2 7 69 70 57 5 72 15 92 28 93 12 66 11 13 60 89 32 64 0 
bonus: 10 90 47 29 24 41 25 20 9 36 99 82 48 97 50 14 33 51 39 55 38 56 43 8 63 84 4 98 34 78 75 26 23 17 18 95 59 94 61 62 49 73 67 37 22 76 53 44 68 83 77 71 65 91 85 79 31 80 46 87 30 19 6 1 42 54 40 52 88 27 58 3 45 16 86 74 96 21 35 81 2 7 69 70 57 5 72 15 92 28 93 12 66 11 13 60 89 32 64 
passengers: 20 312 302 303 307 85 206 48 52 181 353 7 184 98 69 320 210 367 267 167 155 252 231 357 130 284 59 200 199 204 0 3 4 139 44 

2668.37	13891	61372
tour: 0 10 90 47 29 24 41 87 30 19 6 36 99 68 83 77 82 48 97 50 14 33 51 39 55 38 56 43 8 63 84 4 98 34 78 44 37 22 76 53 13 60 89 32 64 9 75 26 23 12 66 11 7 69 70 57 5 72 15 92 28 93 1 42 54 40 52 88 27 58 3 45 16 86 74 96 21 35 81 2 25 20 46 31 80 71 65 91 85 79 17 18 95 59 94 61 62 49 73 67 0 
bonus: 10 90 47 29 24 41 87 30 19 6 36 99 68 83 77 82 48 97 50 14 33 51 39 55 38 56 43 8 63 84 4 98 34 78 44 37 22 76 53 13 60 89 32 64 9 75 26 23 12 66 11 7 69 70 57 5 72 15 92 28 93 1 42 54 40 52 88 27 58 3 45 16 86 74 96 21 35 81 2 25 20 46 31 80 71 65 91 85 79 17 18 95 59 94 61 62 49 73 67 
passengers: 20 17 311 307 148 160 206 51 181 353 262 184 188 190 264 94 91 367 360 172 126 95 43 25 53 135 252 231 234 130 284 87 88 199 112 295 73 

2586.18	13897	61372
tour: 0 10 90 47 29 24 41 87 30 19 6 1 25 20 9 63 84 4 98 34 78 75 26 23 17 18 95 59 94 61 62 49 73 67 37 22 76 53 44 68 83 77 71 65 91 85 79 31 80 46 42 54 40 52 88 27 58 3 45 16 86 74 96 21 35 81 2 7 69 70 57 5 72 15 92 39 55 38 56 43 8 28 93 12 66 11 13 60 36 99 82 48 97 50 14 33 51 89 32 64 0 
bonus: 10 90 47 29 24 41 87 30 19 6 1 25 20 9 63 84 4 98 34 78 75 26 23 17 18 95 59 94 61 62 49 73 67 37 22 76 53 44 68 83 77 71 65 91 85 79 31 80 46 42 54 40 52 88 27 58 3 45 16 86 74 96 21 35 81 2 7 69 70 57 5 72 15 92 39 55 38 56 43 8 28 93 12 66 11 13 60 36 99 82 48 97 50 14 33 51 89 32 64 
passengers: 21 17 311 312 303 161 81 14 11 184 188 190 127 69 90 367 270 267 252 231 226 284 287 200 201 199 0 3 5 220 217 139 44 33 45 336 180 

2581.85	13902	61372
tour: 0 10 90 47 29 24 41 87 30 19 6 1 25 20 9 63 84 4 98 34 78 75 26 23 17 18 95 59 94 61 62 49 73 67 37 22 76 53 44 68 83 77 71 65 80 46 31 91 85 79 42 54 40 52 88 27 58 3 45 16 86 74 96 21 35 81 2 7 69 70 57 5 72 15 92 39 55 38 56 43 8 28 93 12 66 11 13 60 36 99 82 48 97 50 14 33 51 89 32 64 0 
bonus: 10 90 47 29 24 41 87 30 19 6 1 25 20 9 63 84 4 98 34 78 75 26 23 17 18 95 59 94 61 62 49 73 67 37 22 76 53 44 68 83 77 71 65 80 46 31 91 85 79 42 54 40 52 88 27 58 3 45 16 86 74 96 21 35 81 2 7 69 70 57 5 72 15 92 39 55 38 56 43 8 28 93 12 66 11 13 60 36 99 82 48 97 50 14 33 51 89 32 64 
passengers: 21 17 311 312 303 161 81 14 11 184 188 190 127 69 90 367 270 267 252 231 226 284 287 200 201 199 0 3 5 220 217 139 44 33 45 336 180 

2561.12	13934	61372
tour: 0 10 90 47 29 24 41 87 30 19 6 1 25 20 9 63 84 4 98 34 23 17 18 95 59 94 61 62 38 56 43 8 28 93 12 66 11 78 75 26 46 31 80 77 71 65 91 85 79 42 54 40 52 88 27 58 3 45 16 86 74 96 49 73 67 37 22 76 53 44 68 83 21 35 81 2 7 69 70 57 5 72 15 92 39 55 13 60 36 99 82 48 97 50 14 33 51 89 32 64 0 
bonus: 10 90 47 29 24 41 87 30 19 6 1 25 20 9 63 84 4 98 34 23 17 18 95 59 94 61 62 38 56 43 8 28 93 12 66 11 78 75 26 46 31 80 77 71 65 91 85 79 42 54 40 52 88 27 58 3 45 16 86 74 96 49 73 67 37 22 76 53 44 68 83 21 35 81 2 7 69 70 57 5 72 15 92 39 55 13 60 36 99 82 48 97 50 14 33 51 89 32 64 
passengers: 21 17 311 312 303 160 81 83 191 188 189 257 6 138 43 25 292 167 252 230 284 65 63 90 266 200 199 194 0 4 5 220 221 45 336 180 

2538.28	13959	61372
tour: 0 10 90 47 29 24 41 87 30 19 6 1 42 40 52 88 27 58 3 45 16 86 74 96 21 35 81 2 25 20 9 75 26 23 79 17 18 95 65 91 54 60 36 99 82 48 97 61 62 49 73 67 37 22 76 53 13 80 46 31 85 59 94 4 98 34 78 44 68 83 77 71 28 93 12 66 11 7 69 70 57 5 72 15 92 39 55 38 56 43 8 63 84 50 14 33 51 89 32 64 0 
bonus: 10 90 47 29 24 41 87 30 19 6 1 42 40 52 88 27 58 3 45 16 86 74 96 21 35 81 2 25 20 9 75 26 23 79 17 18 95 65 91 54 60 36 99 82 48 97 61 62 49 73 67 37 22 76 53 13 80 46 31 85 59 94 4 98 34 78 44 68 83 77 71 28 93 12 66 11 7 69 70 57 5 72 15 92 39 55 38 56 43 8 63 84 50 14 33 51 89 32 64 
passengers: 15 17 309 311 313 161 81 132 63 87 14 11 127 98 71 72 318 362 366 166 185 189 139 220 221 225 261 336 180 

2514.48	14103	61372
tour: 0 10 90 47 76 53 24 41 87 30 55 13 23 12 66 11 78 75 26 46 31 71 65 91 54 60 36 99 82 48 97 50 14 33 51 89 80 77 40 52 42 96 38 56 43 8 63 84 35 61 62 49 73 67 37 22 44 68 83 21 88 27 19 6 1 25 20 9 81 2 7 69 70 57 5 72 15 92 39 29 85 79 17 18 95 59 94 4 98 34 58 3 45 16 86 74 28 93 32 64 0 
bonus: 10 90 47 76 53 24 41 87 30 55 13 23 12 66 11 78 75 26 46 31 71 65 91 54 60 36 99 82 48 97 50 14 33 51 89 80 77 40 52 42 96 38 56 43 8 63 84 35 61 62 49 73 67 37 22 44 68 83 21 88 27 19 6 1 25 20 9 81 2 7 69 70 57 5 72 15 92 39 29 85 79 17 18 95 59 94 4 98 34 58 3 45 16 86 74 28 93 32 64 
passengers: 18 17 299 306 305 152 45 33 377 375 335 329 328 175 230 252 255 327 266 87 134 121 118 0 56 57 220 222 149 70 59 139 

2484.22	14113	61372
tour: 0 10 90 47 76 53 13 80 46 31 71 28 98 34 58 3 45 40 52 88 27 19 6 1 42 54 60 36 99 68 83 21 35 61 62 38 56 20 9 81 2 25 93 12 66 11 78 75 26 23 79 17 18 95 65 91 85 59 94 4 16 86 74 96 49 73 67 37 22 44 43 8 63 84 92 39 29 24 41 87 30 55 7 69 70 57 5 72 15 77 82 48 97 50 14 33 51 89 32 64 0 
bonus: 10 90 47 76 53 13 80 46 31 71 28 98 34 58 3 45 40 52 88 27 19 6 1 42 54 60 36 99 68 83 21 35 61 62 38 56 20 9 81 2 25 93 12 66 11 78 75 26 23 79 17 18 95 65 91 85 59 94 4 16 86 74 96 49 73 67 37 22 44 43 8 63 84 92 39 29 24 41 87 30 55 7 69 70 57 5 72 15 77 82 48 97 50 14 33 51 89 32 64 
passengers: 16 18 21 15 299 169 135 182 130 134 81 87 88 199 13 112 123 43 28 29 73 80 327 320 266 258 220 221 218 146 106 246 240 152 336 180 

2393.37	14142	61372
tour: 0 10 90 47 76 53 13 23 12 66 11 78 75 26 46 31 85 59 94 4 98 34 55 7 69 70 32 64 57 5 72 15 92 39 29 24 41 87 30 61 62 38 56 79 17 18 95 65 91 54 60 36 99 82 48 97 50 14 33 51 89 80 77 71 28 93 43 8 63 22 44 37 52 1 42 40 58 3 45 16 86 74 96 49 73 67 68 83 21 88 27 19 6 84 35 81 2 25 20 9 0 
bonus: 10 90 47 76 53 13 23 12 66 11 78 75 26 46 31 85 59 94 4 98 34 55 7 69 70 32 64 57 5 72 15 92 39 29 24 41 87 30 61 62 38 56 79 17 18 95 65 91 54 60 36 99 82 48 97 50 14 33 51 89 80 77 71 28 93 43 8 63 22 44 37 52 1 42 40 58 3 45 16 86 74 96 49 73 67 68 83 21 88 27 19 6 84 35 81 2 25 20 9 
passengers: 18 301 306 305 308 96 43 30 289 166 173 57 58 142 146 103 246 249 152 74 75 206 318 335 51 176 353 263 6 93 90 324 89 134 81 199 202 121 

2312.22	14379	61372
tour: 0 47 76 94 4 16 86 74 3 10 90 38 56 20 9 53 13 23 12 66 11 78 75 26 46 31 71 28 17 18 95 65 91 85 79 62 49 73 67 37 22 44 43 8 59 54 60 36 99 68 55 7 69 70 57 5 98 34 58 45 40 52 88 27 19 6 1 42 96 63 84 92 39 29 24 41 87 30 72 15 83 21 35 61 51 89 80 77 82 48 97 50 14 33 81 2 25 93 32 64 0 
bonus: 47 76 94 4 16 86 74 3 10 90 38 56 20 9 53 13 23 12 66 11 78 75 26 46 31 71 28 17 18 95 65 91 85 79 62 49 73 67 37 22 44 43 8 59 54 60 36 99 68 55 7 69 70 57 5 98 34 58 45 40 52 88 27 19 6 1 42 96 63 84 92 39 29 24 41 87 30 72 15 83 21 35 61 51 89 80 77 82 48 97 50 14 33 81 2 25 93 32 64 
passengers: 309 312 303 306 304 64 16 213 83 14 47 95 40 127 140 68 69 70 269 262 377 371 182 185 284 275 354 220 106 246 199 194 195 339 180 

2307.93	14568	61372
tour: 0 47 53 13 23 12 66 64 11 81 2 25 93 43 8 18 95 65 91 85 79 31 71 28 17 57 5 69 70 32 55 7 3 22 44 37 52 88 27 19 6 1 42 40 58 45 16 86 74 96 63 84 35 61 62 49 73 67 48 97 50 14 33 51 89 80 77 82 59 54 60 36 99 68 83 21 76 94 4 98 34 78 75 26 46 72 15 92 39 29 24 41 87 30 10 90 38 56 20 9 0 
bonus: 47 53 13 23 12 66 64 11 81 2 25 93 43 8 18 95 65 91 85 79 31 71 28 17 57 5 69 70 32 55 7 3 22 44 37 52 88 27 19 6 1 42 40 58 45 16 86 74 96 63 84 35 61 62 49 73 67 48 97 50 14 33 51 89 80 77 82 59 54 60 36 99 68 83 21 76 94 4 98 34 78 75 26 46 72 15 92 39 29 24 41 87 30 10 90 38 56 20 9 
passengers: 302 306 305 310 47 98 40 7 8 135 139 76 79 69 171 5 264 270 210 231 233 235 284 275 198 317 333 50 368 191 185 126 289 57 58 225 146 251 243 242 161 

2274.5	14739	61372
tour: 0 47 53 24 44 48 97 50 26 46 31 71 28 17 57 5 69 70 32 55 7 3 10 90 83 21 88 27 19 6 84 35 61 98 34 58 45 40 49 73 67 37 52 1 42 96 63 22 76 94 4 16 86 74 14 33 51 89 80 77 82 59 54 60 36 99 68 41 87 30 78 75 91 85 72 15 92 39 29 43 8 18 95 65 13 23 12 66 64 11 81 2 25 93 79 62 38 56 20 9 0 
bonus: 47 53 24 44 48 97 50 26 46 31 71 28 17 57 5 69 70 32 55 7 3 10 90 83 21 88 27 19 6 84 35 61 98 34 58 45 40 49 73 67 37 52 1 42 96 63 22 76 94 4 16 86 74 14 33 51 89 80 77 82 59 54 60 36 99 68 41 87 30 78 75 91 85 72 15 92 39 29 43 8 18 95 65 13 23 12 66 64 11 81 2 25 93 79 62 38 56 20 9 
passengers: 300 301 310 360 363 79 2 171 21 15 89 131 196 193 184 320 359 253 60 62 65 178 207 160 163 164 53 218 148 8 9 41 43 24 121 

2249.78	14746	61372
tour: 0 47 53 24 41 87 30 78 75 91 85 72 15 92 39 29 93 43 8 18 95 65 13 23 12 66 64 11 81 2 44 48 97 50 26 46 31 71 28 17 57 5 69 70 32 55 7 3 10 90 38 56 79 62 49 73 16 86 74 14 33 67 37 22 76 94 4 98 34 58 45 40 52 42 96 63 84 35 61 51 89 80 77 82 59 54 60 36 99 68 83 21 88 27 19 6 1 25 20 9 0 
bonus: 47 53 24 41 87 30 78 75 91 85 72 15 92 39 29 93 43 8 18 95 65 13 23 12 66 64 11 81 2 44 48 97 50 26 46 31 71 28 17 57 5 69 70 32 55 7 3 10 90 38 56 79 62 49 73 16 86 74 14 33 67 37 22 76 94 4 98 34 58 45 40 52 42 96 63 84 35 61 51 89 80 77 82 59 54 60 36 99 68 83 21 88 27 19 6 1 25 20 9 
passengers: 302 305 308 366 108 54 218 148 257 7 8 47 33 335 127 140 79 73 2 171 20 322 323 181 90 182 183 186 188 228 252 255 198 89 134 81 121 

2248.02	15176	61372
tour: 0 47 53 24 41 87 30 78 75 91 85 86 74 14 33 67 37 52 42 40 49 73 16 39 29 48 97 50 26 96 63 84 35 61 62 4 10 90 38 56 79 31 71 28 17 51 89 80 46 72 60 36 99 68 83 21 88 27 19 6 92 15 77 82 59 54 25 93 1 66 64 11 81 2 44 34 58 45 57 69 70 32 55 7 3 22 76 94 43 8 18 95 65 13 5 98 23 12 20 9 0 
bonus: 47 53 24 41 87 30 78 75 91 85 86 74 14 33 67 37 52 42 40 49 73 16 39 29 48 97 50 26 96 63 84 35 61 62 4 10 90 38 56 79 31 71 28 17 51 89 80 46 72 60 36 99 68 83 21 88 27 19 6 92 15 77 82 59 54 25 93 1 66 64 11 81 2 44 34 58 45 57 69 70 32 55 7 3 22 76 94 43 8 18 95 65 13 5 98 23 12 20 9 
passengers: 309 307 367 361 365 177 356 357 233 65 223 317 318 127 195 203 16 135 75 71 347 352 350 207 89 131 53 370 371 123 118 28 269 172 91 8 9 1 41 

2238.13	15202	61372
tour: 0 47 53 24 41 87 30 78 75 91 85 86 74 14 33 51 89 80 46 72 60 36 99 68 83 21 88 27 19 6 92 15 77 82 59 54 25 93 43 8 18 95 65 13 5 98 23 12 66 64 11 81 2 44 34 58 45 16 39 29 48 97 50 26 96 63 84 35 61 62 79 31 71 28 17 57 69 70 32 55 7 3 52 1 42 40 49 73 67 37 22 76 94 4 10 90 38 56 20 9 0 
bonus: 47 53 24 41 87 30 78 75 91 85 86 74 14 33 51 89 80 46 72 60 36 99 68 83 21 88 27 19 6 92 15 77 82 59 54 25 93 43 8 18 95 65 13 5 98 23 12 66 64 11 81 2 44 34 58 45 16 39 29 48 97 50 26 96 63 84 35 61 62 79 31 71 28 17 57 69 70 32 55 7 3 52 1 42 40 49 73 67 37 22 76 94 4 10 90 38 56 20 9 
passengers: 307 361 110 102 106 246 49 50 175 291 207 88 132 53 57 123 258 46 101 29 266 59 220 143 147 196 170 171 253 234 326 211 

2190.1	15250	61372
tour: 0 47 53 24 41 87 30 78 75 91 85 86 74 14 33 51 89 80 46 72 60 36 99 68 83 21 88 27 19 6 92 15 77 82 59 54 25 93 1 66 64 11 81 2 44 34 58 45 16 39 29 48 97 50 26 96 63 84 35 61 62 4 10 90 38 56 79 31 71 28 17 57 69 70 32 55 7 3 52 42 40 49 73 67 37 22 76 94 43 8 18 95 65 13 5 98 23 12 20 9 0 
bonus: 47 53 24 41 87 30 78 75 91 85 86 74 14 33 51 89 80 46 72 60 36 99 68 83 21 88 27 19 6 92 15 77 82 59 54 25 93 1 66 64 11 81 2 44 34 58 45 16 39 29 48 97 50 26 96 63 84 35 61 62 4 10 90 38 56 79 31 71 28 17 57 69 70 32 55 7 3 52 42 40 49 73 67 37 22 76 94 43 8 18 95 65 13 5 98 23 12 20 9 
passengers: 307 361 110 102 106 246 49 50 175 207 89 86 134 53 54 57 113 123 24 59 317 337 127 196 212 76 172 254 253 229 91 8 9 1 41 

2114.3	15269	61372
tour: 0 47 53 24 41 87 30 78 75 91 85 72 60 36 99 68 83 21 88 27 19 6 92 15 77 82 59 54 25 93 1 66 64 11 81 2 44 34 58 45 16 39 29 48 97 50 26 96 63 84 35 61 51 89 80 46 31 71 28 17 57 69 86 74 14 33 62 4 10 90 38 56 79 70 32 55 7 3 52 42 40 49 73 67 37 22 76 94 43 8 18 95 65 13 5 98 23 12 20 9 0 
bonus: 47 53 24 41 87 30 78 75 91 85 72 60 36 99 68 83 21 88 27 19 6 92 15 77 82 59 54 25 93 1 66 64 11 81 2 44 34 58 45 16 39 29 48 97 50 26 96 63 84 35 61 51 89 80 46 31 71 28 17 57 69 86 74 14 33 62 4 10 90 38 56 79 70 32 55 7 3 52 42 40 49 73 67 37 22 76 94 43 8 18 95 65 13 5 98 23 12 20 9 
passengers: 311 313 308 364 102 207 89 86 53 54 57 375 113 65 223 150 333 336 127 195 343 346 290 297 73 180 19 172 170 254 253 209 91 1 41 

