Fo(cost)	Fo(time)	Fo(bonus)

2746.83	2834	10683
tour: 0 16 12 1 8 4 13 19 11 6 3 15 9 14 17 10 5 7 18 2 0 
bonus: 16 12 1 8 4 13 19 11 6 3 15 9 14 17 10 5 7 18 2 
passengers: 3 2 30 

2606.83	2863	10683
tour: 0 16 12 1 8 4 13 19 11 15 9 14 17 10 5 7 18 2 6 3 0 
bonus: 16 12 1 8 4 13 19 11 15 9 14 17 10 5 7 18 2 6 3 
passengers: 3 2 30 

2332.25	2931	10683
tour: 0 10 5 7 18 2 6 9 8 4 13 19 12 1 11 15 14 17 16 3 0 
bonus: 10 5 7 18 2 6 9 8 4 13 19 12 1 11 15 14 17 16 3 
passengers: 30 11 10 12 

1943.33	3100	10683
tour: 0 15 11 5 7 18 13 4 2 6 9 14 17 10 19 12 1 8 16 3 0 
bonus: 15 11 5 7 18 13 4 2 6 9 14 17 10 19 12 1 8 16 3 
passengers: 5 6 23 22 

1909.25	3382	10683
tour: 0 18 13 4 2 6 9 14 15 11 19 10 5 7 12 1 8 17 16 3 0 
bonus: 18 13 4 2 6 9 14 15 11 19 10 5 7 12 1 8 17 16 3 
passengers: 5 6 9 7 8 

  1870	3741	10683
tour: 0 15 17 11 19 10 5 2 6 7 18 13 4 16 14 12 1 9 8 3 0 
bonus: 15 17 11 19 10 5 2 6 7 18 13 4 16 14 12 1 9 8 3 
passengers: 23 22 5 6 

1690.17	4028	10683
tour: 0 18 2 6 7 12 10 19 15 17 11 13 4 5 16 14 1 9 8 3 0 
bonus: 18 2 6 7 12 10 19 15 17 11 13 4 5 16 14 1 9 8 3 
passengers: 0 30 5 

