Fo(cost)	Fo(time)	Fo(bonus)

  3306	2921	12523
tour: 0 11 14 15 16 1 13 4 8 10 3 9 2 17 7 12 6 19 18 5 0 
bonus: 11 14 15 16 1 13 4 8 10 3 9 2 17 7 12 6 19 18 5 
passengers: 

  3228	2940	12523
tour: 0 17 7 12 6 19 18 5 3 16 14 15 10 9 2 11 1 13 4 8 0 
bonus: 17 7 12 6 19 18 5 3 16 14 15 10 9 2 11 1 13 4 8 
passengers: 2 1 0 20 21 

  3147	2960	12523
tour: 0 11 1 13 4 8 10 3 16 14 15 9 2 17 7 12 6 19 18 5 0 
bonus: 11 1 13 4 8 10 3 16 14 15 9 2 17 7 12 6 19 18 5 
passengers: 

  3079	2979	12523
tour: 0 11 1 13 4 8 10 3 16 14 15 12 9 2 17 7 6 19 18 5 0 
bonus: 11 1 13 4 8 10 3 16 14 15 12 9 2 17 7 6 19 18 5 
passengers: 

  3049	2993	12523
tour: 0 17 7 8 10 3 9 2 11 1 13 4 16 14 15 12 6 19 18 5 0 
bonus: 17 7 8 10 3 9 2 11 1 13 4 16 14 15 12 6 19 18 5 
passengers: 2 1 0 

  3030	2999	12523
tour: 0 17 7 6 13 4 8 10 3 16 14 15 12 9 2 11 1 19 18 5 0 
bonus: 17 7 6 13 4 8 10 3 16 14 15 12 9 2 11 1 19 18 5 
passengers: 2 1 0 8 6 10 

  3011	3012	12523
tour: 0 17 7 2 11 1 10 3 9 8 4 16 14 15 12 6 13 19 18 5 0 
bonus: 17 7 2 11 1 10 3 9 8 4 16 14 15 12 6 13 19 18 5 
passengers: 2 1 0 17 

  2929	3041	12523
tour: 0 17 7 8 4 2 11 1 10 9 3 16 14 15 12 6 13 19 18 5 0 
bonus: 17 7 8 4 2 11 1 10 9 3 16 14 15 12 6 13 19 18 5 
passengers: 2 1 0 17 

  2920	3042	12523
tour: 0 17 7 18 13 4 8 10 3 16 14 15 12 6 19 2 11 1 9 5 0 
bonus: 17 7 18 13 4 8 10 3 16 14 15 12 6 19 2 11 1 9 5 
passengers: 2 1 0 15 

  2900	3060	12523
tour: 0 17 7 2 11 1 13 4 8 10 9 3 16 14 15 12 6 19 18 5 0 
bonus: 17 7 2 11 1 13 4 8 10 9 3 16 14 15 12 6 19 18 5 
passengers: 2 1 0 17 

  2858	3082	12523
tour: 0 11 1 9 8 10 3 16 4 2 17 7 14 15 12 6 13 19 18 5 0 
bonus: 11 1 9 8 10 3 16 4 2 17 7 14 15 12 6 13 19 18 5 
passengers: 

  2829	3102	12523
tour: 0 11 1 9 2 17 7 14 15 12 6 13 10 3 16 4 8 19 18 5 0 
bonus: 11 1 9 2 17 7 14 15 12 6 13 10 3 16 4 8 19 18 5 
passengers: 2 1 

  2827	3111	12523
tour: 0 17 7 14 15 12 6 13 4 8 10 3 16 1 9 2 11 19 18 5 0 
bonus: 17 7 14 15 12 6 13 4 8 10 3 16 1 9 2 11 19 18 5 
passengers: 2 1 0 8 10 9 

  2809	3130	12523
tour: 0 14 11 1 9 8 10 15 3 16 4 2 17 7 12 6 13 19 18 5 0 
bonus: 14 11 1 9 8 10 15 3 16 4 2 17 7 12 6 13 19 18 5 
passengers: 

  2422	3131	12523
tour: 0 14 15 12 6 13 10 3 16 4 8 19 2 11 1 9 17 7 18 5 0 
bonus: 14 15 12 6 13 10 3 16 4 8 19 2 11 1 9 17 7 18 5 
passengers: 6 5 

  2345	3342	12523
tour: 0 3 16 10 15 12 6 13 4 8 19 2 17 7 14 11 1 9 18 5 0 
bonus: 3 16 10 15 12 6 13 4 8 19 2 17 7 14 11 1 9 18 5 
passengers: 6 5 

  2340	3531	12523
tour: 0 17 7 2 8 19 14 6 13 16 4 3 10 15 12 11 1 9 18 5 0 
bonus: 17 7 2 8 19 14 6 13 16 4 3 10 15 12 11 1 9 18 5 
passengers: 2 1 0 17 6 5 

  2338	3565	12523
tour: 0 17 7 14 6 13 4 3 16 10 15 12 19 2 8 11 1 9 18 5 0 
bonus: 17 7 14 6 13 4 3 16 10 15 12 19 2 8 11 1 9 18 5 
passengers: 2 1 0 6 5 

  2312	3573	12523
tour: 0 17 7 16 4 3 10 15 12 11 1 9 18 5 14 6 13 19 2 8 0 
bonus: 17 7 16 4 3 10 15 12 11 1 9 18 5 14 6 13 19 2 8 
passengers: 2 1 0 6 5 

2000.5	3621	12523
tour: 0 3 16 10 15 12 11 1 9 18 5 14 17 7 19 2 6 13 4 8 0 
bonus: 3 16 10 15 12 11 1 9 18 5 14 17 7 19 2 6 13 4 8 
passengers: 6 5 17 

1981.5	3670	12523
tour: 0 3 10 15 12 11 1 9 18 5 14 17 7 19 2 6 13 16 4 8 0 
bonus: 3 10 15 12 11 1 9 18 5 14 17 7 19 2 6 13 16 4 8 
passengers: 6 5 17 

