Fo(cost)	Fo(time)	Fo(bonus)

2364.33	2767	11885
tour: 0 3 19 12 7 2 14 8 15 13 4 16 6 18 11 5 17 10 1 9 0 
bonus: 3 19 12 7 2 14 8 15 13 4 16 6 18 11 5 17 10 1 9 
passengers: 29 30 6 7 10 26 

  1989	2959	11885
tour: 0 3 18 11 5 8 19 16 13 12 7 2 6 1 4 15 17 14 9 10 0 
bonus: 3 18 11 5 8 19 16 13 12 7 2 6 1 4 15 17 14 9 10 
passengers: 30 6 7 5 

1870.17	3009	11885
tour: 0 3 15 8 19 16 5 17 18 11 13 7 2 6 1 4 12 14 9 10 0 
bonus: 3 15 8 19 16 5 17 18 11 13 7 2 6 1 4 12 14 9 10 
passengers: 20 19 28 3 4 

1833.42	3028	11885
tour: 0 3 15 17 18 11 5 8 19 7 2 6 1 4 16 13 12 14 9 10 0 
bonus: 3 15 17 18 11 5 8 19 7 2 6 1 4 16 13 12 14 9 10 
passengers: 29 30 9 3 4 

1619.83	3157	11885
tour: 0 3 15 8 19 2 6 1 4 16 13 12 7 17 18 11 5 14 9 10 0 
bonus: 3 15 8 19 2 6 1 4 16 13 12 7 17 18 11 5 14 9 10 
passengers: 20 19 29 30 9 13 12 11 

