Fo(cost)	Fo(time)	Fo(bonus)

  2986	2924	12289
tour: 0 12 16 18 7 11 1 14 15 19 5 2 9 17 10 3 4 13 8 6 0 
bonus: 12 16 18 7 11 1 14 15 19 5 2 9 17 10 3 4 13 8 6 
passengers: 5 3 4 2 

1792.77	2942	12289
tour: 0 12 4 13 7 11 5 2 9 17 10 3 1 14 15 16 18 19 8 6 0 
bonus: 12 4 13 7 11 5 2 9 17 10 3 1 14 15 16 18 19 8 6 
passengers: 27 26 24 11 12 49 51 48 50 

1629.77	3148	12289
tour: 0 12 18 13 19 11 1 14 5 2 9 17 7 10 3 4 16 15 8 6 0 
bonus: 12 18 13 19 11 1 14 5 2 9 17 7 10 3 4 16 15 8 6 
passengers: 49 51 48 50 7 40 36 37 

1361.1	3372	12289
tour: 0 12 4 14 5 2 15 8 6 18 13 19 11 1 9 17 7 10 3 16 0 
bonus: 12 4 14 5 2 15 8 6 18 13 19 11 1 9 17 7 10 3 16 
passengers: 28 27 26 49 51 48 50 6 9 7 8 41 42 40 43 

