Fo(cost)	Fo(time)	Fo(bonus)

2757.42	2854	12049
tour: 0 4 8 11 12 14 9 18 17 10 2 13 7 5 1 3 15 19 6 16 0 
bonus: 4 8 11 12 14 9 18 17 10 2 13 7 5 1 3 15 19 6 16 
passengers: 2 29 6 5 9 19 

1505.25	2921	12049
tour: 0 13 10 2 12 14 9 18 17 11 8 19 6 7 5 1 3 15 16 4 0 
bonus: 13 10 2 12 14 9 18 17 11 8 19 6 7 5 1 3 15 16 4 
passengers: 13 16 14 48 47 46 49 55 6 5 8 9 

1379.25	3126	12049
tour: 0 4 3 19 5 1 7 13 2 16 12 18 17 11 8 6 15 10 14 9 0 
bonus: 4 3 19 5 1 7 13 2 16 12 18 17 11 8 6 15 10 14 9 
passengers: 23 19 26 25 24 6 9 13 12 16 40 39 35 34 33 

