Fo(cost)	Fo(time)	Fo(bonus)

2062.67	2898	11297
tour: 0 16 10 1 5 2 4 3 8 17 6 19 18 11 9 15 12 7 14 13 0 
bonus: 16 10 1 5 2 4 3 8 17 6 19 18 11 9 15 12 7 14 13 
passengers: 31 30 36 35 33 34 1 2 5 3 

1984.08	3029	11297
tour: 0 16 10 1 5 7 14 3 8 17 2 6 4 19 18 11 9 15 12 13 0 
bonus: 16 10 1 5 7 14 3 8 17 2 6 4 19 18 11 9 15 12 13 
passengers: 31 30 36 35 33 34 1 2 5 3 4 

1631.17	3077	11297
tour: 0 16 10 1 5 4 19 18 11 9 15 12 7 14 3 8 17 2 6 13 0 
bonus: 16 10 1 5 4 19 18 11 9 15 12 7 14 3 8 17 2 6 13 
passengers: 27 31 30 28 26 36 35 33 34 1 2 

1554.97	3319	11297
tour: 0 16 10 1 5 4 7 14 3 8 9 15 12 13 18 11 17 2 6 19 0 
bonus: 16 10 1 5 4 7 14 3 8 9 15 12 13 18 11 17 2 6 19 
passengers: 31 30 12 10 11 13 22 5 3 4 33 34 

1543.07	3598	11297
tour: 0 16 10 1 5 4 7 14 3 9 15 13 18 11 17 8 12 2 6 19 0 
bonus: 16 10 1 5 4 7 14 3 9 15 13 18 11 17 8 12 2 6 19 
passengers: 31 30 12 10 11 13 22 33 34 2 

1384.22	3947	11297
tour: 0 16 10 13 18 14 3 9 15 7 17 11 5 4 1 8 12 2 6 19 0 
bonus: 16 10 13 18 14 3 9 15 7 17 11 5 4 1 8 12 2 6 19 
passengers: 31 23 25 30 24 8 6 12 10 11 13 20 18 19 21 

1298.75	4127	11297
tour: 0 16 19 6 2 18 9 4 1 8 12 14 3 15 7 17 11 5 10 13 0 
bonus: 16 19 6 2 18 9 4 1 8 12 14 3 15 7 17 11 5 10 13 
passengers: 27 29 23 25 24 12 10 11 13 20 18 19 21 32 

