Fo(cost)	Fo(time)	Fo(bonus)

  4845	27250	122267
tour: 0 153 118 120 129 3 46 116 196 164 178 117 9 181 75 80 84 107 52 133 28 163 131 136 132 140 87 128 99 97 154 111 61 83 122 86 114 12 174 115 32 158 106 141 197 95 172 96 48 124 192 135 100 157 70 71 20 169 92 4 188 26 17 109 74 49 22 168 6 89 69 24 191 30 58 142 150 112 35 11 113 193 33 56 102 166 177 13 182 104 101 180 144 103 53 19 194 7 14 88 78 184 189 1 167 149 79 170 29 127 146 156 82 147 40 23 130 31 10 68 98 41 126 57 8 77 43 47 76 108 187 54 171 190 143 44 161 25 165 160 94 159 5 162 18 16 198 2 72 36 105 119 60 145 45 186 199 50 38 179 151 185 173 139 59 195 123 175 176 183 65 90 21 137 93 91 55 81 110 155 64 15 63 85 27 34 37 121 39 125 152 134 62 73 67 138 148 66 51 42 0 
bonus: 153 118 120 129 3 46 116 196 164 178 117 9 181 75 80 84 107 52 133 28 163 131 136 132 140 87 128 99 97 154 111 61 83 122 86 114 12 174 115 32 158 106 141 197 95 172 96 48 124 192 135 100 157 70 71 20 169 92 4 188 26 17 109 74 49 22 168 6 89 69 24 191 30 58 142 150 112 35 11 113 193 33 56 102 166 177 13 182 104 101 180 144 103 53 19 194 7 14 88 78 184 189 1 167 149 79 170 29 127 146 156 82 147 40 23 130 31 10 68 98 41 126 57 8 77 43 47 76 108 187 54 171 190 143 44 161 25 165 160 94 159 5 162 18 16 198 2 72 36 105 119 60 145 45 186 199 50 38 179 151 185 173 139 59 195 123 175 176 183 65 90 21 137 93 91 55 81 110 155 64 15 63 85 27 34 37 121 39 125 152 134 62 73 67 138 148 66 51 42 
passengers: 718 719 715 717 589 591 605 564 371 675 690 683 673 529 733 482 437 325 791 28 696 454 472 697 93 63 356 701 204 116 36 349 352 498 501 185 863 195 199 810 269 364 291 172 310 

  4504	27279	122267
tour: 0 153 118 120 184 189 20 169 92 119 60 145 45 197 95 161 25 165 129 3 46 116 196 10 68 98 41 126 57 8 77 43 47 76 108 187 172 96 4 188 26 17 109 74 49 22 168 6 89 69 24 180 144 103 53 19 194 13 182 104 101 148 66 51 72 36 105 18 16 198 2 160 94 159 5 162 48 124 192 135 100 157 70 71 86 114 12 174 191 30 58 142 150 112 35 11 113 193 33 56 102 166 177 186 199 50 38 179 151 185 173 139 59 195 123 175 176 183 65 90 21 137 93 91 55 81 110 155 64 15 63 85 27 34 37 121 39 125 152 134 62 73 67 138 88 78 115 32 158 7 14 1 167 149 79 170 29 127 146 156 82 147 40 23 130 31 54 171 190 143 44 106 141 164 178 117 9 181 75 80 84 107 52 133 28 163 131 136 132 140 87 128 99 97 154 111 61 83 122 42 0 
bonus: 153 118 120 184 189 20 169 92 119 60 145 45 197 95 161 25 165 129 3 46 116 196 10 68 98 41 126 57 8 77 43 47 76 108 187 172 96 4 188 26 17 109 74 49 22 168 6 89 69 24 180 144 103 53 19 194 13 182 104 101 148 66 51 72 36 105 18 16 198 2 160 94 159 5 162 48 124 192 135 100 157 70 71 86 114 12 174 191 30 58 142 150 112 35 11 113 193 33 56 102 166 177 186 199 50 38 179 151 185 173 139 59 195 123 175 176 183 65 90 21 137 93 91 55 81 110 155 64 15 63 85 27 34 37 121 39 125 152 134 62 73 67 138 88 78 115 32 158 7 14 1 167 149 79 170 29 127 146 156 82 147 40 23 130 31 54 171 190 143 44 106 141 164 178 117 9 181 75 80 84 107 52 133 28 163 131 136 132 140 87 128 99 97 154 111 61 83 122 42 
passengers: 718 719 712 714 717 592 603 571 636 507 794 136 512 398 466 94 472 755 388 157 538 197 199 707 403 364 519 77 562 556 480 483 584 371 491 154 683 288 

4459.07	27318	122267
tour: 0 153 118 120 129 3 46 116 47 76 108 187 172 96 4 188 26 17 109 74 49 22 168 38 179 151 185 173 139 59 195 191 30 123 175 176 183 65 196 10 68 13 103 72 36 105 18 16 198 2 182 104 101 180 144 6 89 69 24 177 197 95 161 25 165 160 94 159 5 162 48 124 192 135 100 157 70 71 20 169 92 119 60 145 45 186 166 34 37 121 39 53 19 194 190 143 44 106 141 164 178 117 9 181 75 80 84 107 52 133 28 163 131 136 132 140 87 128 99 97 154 111 61 83 122 86 114 12 174 115 32 199 50 14 88 78 184 189 1 167 149 79 170 29 127 146 156 82 147 40 158 7 125 23 130 31 54 171 90 21 137 93 91 55 81 110 155 64 15 63 85 27 58 142 150 112 35 11 113 193 33 56 102 98 41 126 57 8 77 43 152 134 62 73 67 138 148 66 51 42 0 
bonus: 153 118 120 129 3 46 116 47 76 108 187 172 96 4 188 26 17 109 74 49 22 168 38 179 151 185 173 139 59 195 191 30 123 175 176 183 65 196 10 68 13 103 72 36 105 18 16 198 2 182 104 101 180 144 6 89 69 24 177 197 95 161 25 165 160 94 159 5 162 48 124 192 135 100 157 70 71 20 169 92 119 60 145 45 186 166 34 37 121 39 53 19 194 190 143 44 106 141 164 178 117 9 181 75 80 84 107 52 133 28 163 131 136 132 140 87 128 99 97 154 111 61 83 122 86 114 12 174 115 32 199 50 14 88 78 184 189 1 167 149 79 170 29 127 146 156 82 147 40 158 7 125 23 130 31 54 171 90 21 137 93 91 55 81 110 155 64 15 63 85 27 58 142 150 112 35 11 113 193 33 56 102 98 41 126 57 8 77 43 152 134 62 73 67 138 148 66 51 42 
passengers: 718 719 712 714 717 590 608 571 342 507 794 134 514 711 706 320 466 770 437 438 324 827 90 480 644 433 529 390 357 206 743 667 263 364 365 518 291 544 548 452 310 

4398.73	27343	122267
tour: 0 153 118 120 129 3 46 116 196 10 68 13 182 104 101 180 144 6 89 69 24 47 76 108 187 172 96 4 188 177 197 16 198 2 22 168 38 179 126 57 8 77 43 152 134 62 73 67 138 148 66 51 72 36 105 18 158 7 125 86 103 53 19 194 110 155 64 15 63 85 27 34 37 121 39 114 12 174 191 30 58 142 95 161 25 165 160 94 159 5 162 48 124 192 135 100 157 70 71 20 169 92 119 60 145 45 186 166 26 17 109 74 49 151 185 173 139 59 195 123 175 176 183 65 90 21 137 93 91 55 81 150 112 35 11 113 193 33 56 102 98 41 115 32 199 50 14 88 78 184 189 1 167 149 79 170 29 127 146 156 82 147 40 23 130 31 54 171 190 143 44 106 141 164 178 117 9 181 75 80 84 107 52 133 28 163 131 136 132 140 87 128 99 97 154 111 61 83 122 42 0 
bonus: 153 118 120 129 3 46 116 196 10 68 13 182 104 101 180 144 6 89 69 24 47 76 108 187 172 96 4 188 177 197 16 198 2 22 168 38 179 126 57 8 77 43 152 134 62 73 67 138 148 66 51 72 36 105 18 158 7 125 86 103 53 19 194 110 155 64 15 63 85 27 34 37 121 39 114 12 174 191 30 58 142 95 161 25 165 160 94 159 5 162 48 124 192 135 100 157 70 71 20 169 92 119 60 145 45 186 166 26 17 109 74 49 151 185 173 139 59 195 123 175 176 183 65 90 21 137 93 91 55 81 150 112 35 11 113 193 33 56 102 98 41 115 32 199 50 14 88 78 184 189 1 167 149 79 170 29 127 146 156 82 147 40 23 130 31 54 171 190 143 44 106 141 164 178 117 9 181 75 80 84 107 52 133 28 163 131 136 132 140 87 128 99 97 154 111 61 83 122 42 
passengers: 718 719 712 714 717 592 603 565 398 509 640 300 388 466 94 849 75 169 552 157 633 326 710 403 401 366 447 428 562 556 480 483 584 491 154 683 288 

4377.4	27443	122267
tour: 0 153 118 57 38 179 107 52 133 28 163 131 136 132 8 77 22 43 102 98 113 193 33 56 183 65 196 10 68 140 87 128 1 167 149 79 170 159 134 62 73 67 138 148 66 51 72 115 32 199 50 14 88 78 184 189 20 169 92 119 5 162 48 154 111 90 21 137 93 91 55 81 110 155 64 15 11 124 192 135 100 157 70 71 86 114 150 112 35 103 53 19 194 13 182 104 120 129 101 180 168 6 89 69 24 177 197 16 198 2 41 126 109 74 49 151 185 173 36 105 18 158 7 125 152 27 34 37 121 39 29 12 174 191 30 58 142 95 161 25 165 160 94 127 146 156 82 147 40 23 130 31 54 171 190 143 99 97 3 46 116 47 76 108 187 172 63 85 44 106 141 164 178 117 9 181 75 80 84 60 145 45 186 166 144 17 139 59 195 123 175 176 96 4 188 26 61 83 122 42 0 
bonus: 153 118 57 38 179 107 52 133 28 163 131 136 132 8 77 22 43 102 98 113 193 33 56 183 65 196 10 68 140 87 128 1 167 149 79 170 159 134 62 73 67 138 148 66 51 72 115 32 199 50 14 88 78 184 189 20 169 92 119 5 162 48 154 111 90 21 137 93 91 55 81 110 155 64 15 11 124 192 135 100 157 70 71 86 114 150 112 35 103 53 19 194 13 182 104 120 129 101 180 168 6 89 69 24 177 197 16 198 2 41 126 109 74 49 151 185 173 36 105 18 158 7 125 152 27 34 37 121 39 29 12 174 191 30 58 142 95 161 25 165 160 94 127 146 156 82 147 40 23 130 31 54 171 190 143 99 97 3 46 116 47 76 108 187 172 63 85 44 106 141 164 178 117 9 181 75 80 84 60 145 45 186 166 144 17 139 59 195 123 175 176 96 4 188 26 61 83 122 42 
passengers: 716 718 593 272 195 197 425 546 304 242 355 267 75 80 328 321 466 94 607 608 444 122 511 189 184 741 173 59 701 203 231 228 584 373 279 27 288 

4362.07	27483	122267
tour: 0 153 118 120 129 101 180 67 138 148 66 51 72 115 32 199 50 14 88 78 184 189 20 169 92 119 5 106 141 164 178 48 154 111 90 21 137 93 91 55 81 110 155 64 15 11 124 192 135 100 157 70 71 86 114 150 112 35 103 53 19 194 13 182 104 2 41 126 57 38 47 76 108 187 54 171 190 143 99 97 3 46 116 109 74 49 22 168 6 89 69 24 177 197 16 198 162 179 107 52 133 28 163 131 136 132 8 77 43 102 98 113 193 33 56 183 65 196 10 68 140 87 128 1 167 149 79 170 159 134 62 73 130 31 151 185 173 36 105 18 158 7 125 152 27 34 37 121 39 29 12 174 191 30 58 142 95 172 63 85 44 161 25 165 160 94 127 146 156 82 147 40 23 117 9 181 75 80 84 60 145 45 186 166 144 17 139 59 195 123 175 176 96 4 188 26 61 83 122 42 0 
bonus: 153 118 120 129 101 180 67 138 148 66 51 72 115 32 199 50 14 88 78 184 189 20 169 92 119 5 106 141 164 178 48 154 111 90 21 137 93 91 55 81 110 155 64 15 11 124 192 135 100 157 70 71 86 114 150 112 35 103 53 19 194 13 182 104 2 41 126 57 38 47 76 108 187 54 171 190 143 99 97 3 46 116 109 74 49 22 168 6 89 69 24 177 197 16 198 162 179 107 52 133 28 163 131 136 132 8 77 43 102 98 113 193 33 56 183 65 196 10 68 140 87 128 1 167 149 79 170 159 134 62 73 130 31 151 185 173 36 105 18 158 7 125 152 27 34 37 121 39 29 12 174 191 30 58 142 95 172 63 85 44 161 25 165 160 94 127 146 156 82 147 40 23 117 9 181 75 80 84 60 145 45 186 166 144 17 139 59 195 123 175 176 96 4 188 26 61 83 122 42 
passengers: 718 719 713 712 715 589 609 482 102 722 321 466 90 641 635 564 396 678 683 672 674 450 454 424 42 315 644 705 332 335 667 478 741 293 298 227 228 701 119 584 373 279 27 288 

4358.62	27517	122267
tour: 0 153 179 107 52 133 28 163 131 136 132 8 77 43 102 98 113 193 33 56 183 65 196 10 68 53 197 16 198 162 48 154 111 90 21 137 19 194 110 155 64 15 11 124 192 135 100 157 70 71 86 114 118 120 129 101 180 67 138 148 66 51 72 36 105 18 158 7 125 152 27 34 37 121 39 29 12 174 191 30 58 142 95 172 63 85 93 91 55 81 150 112 35 103 126 57 38 47 76 108 187 54 171 190 143 44 161 25 165 160 94 127 146 156 82 1 167 149 79 170 159 134 62 73 130 31 151 185 173 140 87 128 99 97 3 46 116 109 74 49 22 168 6 89 69 24 177 13 182 104 2 41 115 32 199 50 14 88 78 184 189 20 169 92 119 5 106 141 164 178 147 40 23 117 9 181 75 80 84 60 145 45 186 166 144 17 139 59 195 123 175 176 96 4 188 26 61 83 122 42 0 
bonus: 153 179 107 52 133 28 163 131 136 132 8 77 43 102 98 113 193 33 56 183 65 196 10 68 53 197 16 198 162 48 154 111 90 21 137 19 194 110 155 64 15 11 124 192 135 100 157 70 71 86 114 118 120 129 101 180 67 138 148 66 51 72 36 105 18 158 7 125 152 27 34 37 121 39 29 12 174 191 30 58 142 95 172 63 85 93 91 55 81 150 112 35 103 126 57 38 47 76 108 187 54 171 190 143 44 161 25 165 160 94 127 146 156 82 1 167 149 79 170 159 134 62 73 130 31 151 185 173 140 87 128 99 97 3 46 116 109 74 49 22 168 6 89 69 24 177 13 182 104 2 41 115 32 199 50 14 88 78 184 189 20 169 92 119 5 106 141 164 178 147 40 23 117 9 181 75 80 84 60 145 45 186 166 144 17 139 59 195 123 175 176 96 4 188 26 61 83 122 42 
passengers: 716 718 719 715 488 545 236 529 327 590 603 606 313 743 799 257 641 271 341 0 774 702 432 572 573 512 815 243 62 73 822 119 584 373 279 27 288 

4323.75	27520	122267
tour: 0 153 118 120 129 101 180 67 138 148 66 51 72 36 105 18 158 7 125 152 27 34 37 121 39 53 197 16 198 162 48 154 111 90 21 137 19 194 110 155 64 15 11 124 192 135 100 157 70 71 86 114 12 174 191 30 58 142 95 172 63 85 93 91 55 81 150 112 35 103 9 181 75 80 84 107 52 133 28 163 131 136 132 8 77 43 102 98 113 193 33 56 183 65 196 10 68 140 87 128 99 97 3 46 116 109 74 49 22 168 6 89 69 24 177 13 182 104 2 41 115 32 199 50 14 88 78 184 189 20 5 106 141 164 178 179 126 57 38 47 76 108 187 54 171 190 143 44 161 25 165 160 94 159 134 62 73 130 31 151 185 173 170 29 127 146 156 82 147 40 23 117 169 92 1 167 149 79 119 60 145 45 186 166 144 17 139 59 195 123 175 176 96 4 188 26 61 83 122 42 0 
bonus: 153 118 120 129 101 180 67 138 148 66 51 72 36 105 18 158 7 125 152 27 34 37 121 39 53 197 16 198 162 48 154 111 90 21 137 19 194 110 155 64 15 11 124 192 135 100 157 70 71 86 114 12 174 191 30 58 142 95 172 63 85 93 91 55 81 150 112 35 103 9 181 75 80 84 107 52 133 28 163 131 136 132 8 77 43 102 98 113 193 33 56 183 65 196 10 68 140 87 128 99 97 3 46 116 109 74 49 22 168 6 89 69 24 177 13 182 104 2 41 115 32 199 50 14 88 78 184 189 20 5 106 141 164 178 179 126 57 38 47 76 108 187 54 171 190 143 44 161 25 165 160 94 159 134 62 73 130 31 151 185 173 170 29 127 146 156 82 147 40 23 117 169 92 1 167 149 79 119 60 145 45 186 166 144 17 139 59 195 123 175 176 96 4 188 26 61 83 122 42 
passengers: 718 719 715 589 609 610 606 755 525 730 325 797 536 818 675 683 672 424 46 43 33 557 642 341 346 507 510 119 584 784 279 27 288 

4271.87	27525	122267
tour: 0 153 179 126 57 38 47 76 108 187 54 171 190 143 44 161 25 165 160 94 127 146 156 82 1 167 149 79 170 159 134 62 73 130 31 151 185 173 55 81 150 112 35 103 53 197 16 198 162 78 184 189 20 169 92 119 5 106 141 164 178 48 154 111 90 21 137 19 194 110 155 64 15 11 124 192 135 100 157 70 71 86 114 118 120 129 101 180 67 138 148 66 51 72 36 105 18 158 7 125 152 27 34 37 121 39 29 12 174 191 30 58 142 95 172 63 85 93 91 147 40 23 117 9 181 75 80 84 107 52 133 28 163 131 136 132 8 77 43 102 98 113 193 33 56 183 65 196 10 68 140 87 128 99 97 3 46 116 109 74 49 22 168 6 89 69 24 177 13 182 104 2 41 115 32 199 50 14 88 60 145 45 186 166 144 17 139 59 195 123 175 176 96 4 188 26 61 83 122 42 0 
bonus: 153 179 126 57 38 47 76 108 187 54 171 190 143 44 161 25 165 160 94 127 146 156 82 1 167 149 79 170 159 134 62 73 130 31 151 185 173 55 81 150 112 35 103 53 197 16 198 162 78 184 189 20 169 92 119 5 106 141 164 178 48 154 111 90 21 137 19 194 110 155 64 15 11 124 192 135 100 157 70 71 86 114 118 120 129 101 180 67 138 148 66 51 72 36 105 18 158 7 125 152 27 34 37 121 39 29 12 174 191 30 58 142 95 172 63 85 93 91 147 40 23 117 9 181 75 80 84 107 52 133 28 163 131 136 132 8 77 43 102 98 113 193 33 56 183 65 196 10 68 140 87 128 99 97 3 46 116 109 74 49 22 168 6 89 69 24 177 13 182 104 2 41 115 32 199 50 14 88 60 145 45 186 166 144 17 139 59 195 123 175 176 96 4 188 26 61 83 122 42 
passengers: 712 714 639 642 273 497 776 266 539 466 602 100 105 92 95 849 852 75 327 591 605 731 843 160 797 816 371 683 691 672 671 424 46 434 231 126 472 562 62 73 279 27 288 

