Fo(cost)	Fo(time)	Fo(bonus)

5258.23	27275	120968
tour: 0 173 91 152 67 28 65 126 186 97 52 179 143 146 11 3 129 183 82 86 197 69 192 7 195 162 119 27 93 32 171 48 83 168 59 85 104 160 165 38 175 51 137 133 159 161 17 182 130 112 163 84 174 56 147 176 13 155 177 110 79 64 132 76 124 19 100 77 170 57 88 167 30 55 23 22 29 198 101 107 172 14 109 49 111 36 12 194 125 136 75 31 178 138 139 135 9 122 164 35 70 184 41 141 50 90 190 193 117 42 120 26 68 89 54 157 18 116 151 15 40 106 74 72 114 180 25 44 66 187 73 24 185 144 63 98 99 131 16 78 188 92 34 108 153 142 127 61 20 6 199 148 62 156 8 121 33 196 95 128 43 81 37 140 1 150 145 80 123 189 158 5 87 10 113 21 169 4 58 181 96 47 166 115 103 53 45 60 102 46 191 94 71 39 134 2 105 149 154 118 0 
bonus: 173 91 152 67 28 65 126 186 97 52 179 143 146 11 3 129 183 82 86 197 69 192 7 195 162 119 27 93 32 171 48 83 168 59 85 104 160 165 38 175 51 137 133 159 161 17 182 130 112 163 84 174 56 147 176 13 155 177 110 79 64 132 76 124 19 100 77 170 57 88 167 30 55 23 22 29 198 101 107 172 14 109 49 111 36 12 194 125 136 75 31 178 138 139 135 9 122 164 35 70 184 41 141 50 90 190 193 117 42 120 26 68 89 54 157 18 116 151 15 40 106 74 72 114 180 25 44 66 187 73 24 185 144 63 98 99 131 16 78 188 92 34 108 153 142 127 61 20 6 199 148 62 156 8 121 33 196 95 128 43 81 37 140 1 150 145 80 123 189 158 5 87 10 113 21 169 4 58 181 96 47 166 115 103 53 45 60 102 46 191 94 71 39 134 2 105 149 154 118 
passengers: 364 700 711 701 713 136 763 166 736 799 686 470 108 439 455 649 319 294 296 669 671 127 116 119 274 389 625 81 812 0 4 335 484 265 375 14 

5166.52	27285	120968
tour: 0 173 91 152 67 28 65 126 120 26 68 89 54 157 18 116 151 15 40 106 74 72 114 180 25 44 66 187 73 24 185 144 63 98 99 131 16 78 188 92 34 108 153 142 127 61 20 6 199 148 62 156 8 121 33 196 95 128 43 81 37 85 104 160 165 38 175 51 137 133 159 161 17 182 130 112 163 84 174 56 147 176 13 155 177 110 79 64 132 76 124 19 100 77 170 57 88 167 30 55 23 22 29 198 101 107 172 14 186 97 52 179 143 146 11 3 129 183 82 86 197 69 192 7 195 162 119 27 93 32 171 48 83 168 59 140 1 150 145 80 123 189 158 5 87 10 113 21 169 4 58 181 96 109 49 111 36 12 194 125 136 75 31 178 138 139 135 9 122 164 35 70 184 41 141 50 90 190 193 117 42 47 166 115 103 53 45 60 102 46 191 94 71 39 134 2 105 149 154 118 0 
bonus: 173 91 152 67 28 65 126 120 26 68 89 54 157 18 116 151 15 40 106 74 72 114 180 25 44 66 187 73 24 185 144 63 98 99 131 16 78 188 92 34 108 153 142 127 61 20 6 199 148 62 156 8 121 33 196 95 128 43 81 37 85 104 160 165 38 175 51 137 133 159 161 17 182 130 112 163 84 174 56 147 176 13 155 177 110 79 64 132 76 124 19 100 77 170 57 88 167 30 55 23 22 29 198 101 107 172 14 186 97 52 179 143 146 11 3 129 183 82 86 197 69 192 7 195 162 119 27 93 32 171 48 83 168 59 140 1 150 145 80 123 189 158 5 87 10 113 21 169 4 58 181 96 109 49 111 36 12 194 125 136 75 31 178 138 139 135 9 122 164 35 70 184 41 141 50 90 190 193 117 42 47 166 115 103 53 45 60 102 46 191 94 71 39 134 2 105 149 154 118 
passengers: 365 366 369 709 708 89 517 75 434 274 389 79 714 561 200 410 166 732 470 328 361 101 805 532 345 0 580 487 600 644 645 319 745 296 523 375 14 

4737.83	27287	120968
tour: 0 173 91 152 67 28 65 126 120 26 68 89 54 168 59 85 104 160 165 38 175 51 137 133 159 161 17 182 130 112 163 84 174 56 177 110 79 64 132 76 124 147 176 13 155 157 18 116 151 15 40 106 74 72 114 180 25 44 66 187 73 111 36 12 194 125 136 75 31 178 138 139 135 9 122 164 35 70 184 41 141 50 90 190 193 117 42 47 166 115 103 53 45 60 102 46 19 100 77 170 57 88 167 30 55 23 22 29 198 101 107 172 14 186 97 52 179 143 146 11 3 129 183 82 86 197 69 192 7 195 162 119 27 93 32 171 48 83 24 185 144 63 98 99 131 16 78 188 92 34 108 153 142 127 61 20 6 199 148 62 156 8 121 33 196 95 128 43 81 37 140 1 150 145 80 123 189 158 5 87 10 113 21 169 4 58 181 96 109 49 191 94 71 39 134 2 105 149 154 118 0 
bonus: 173 91 152 67 28 65 126 120 26 68 89 54 168 59 85 104 160 165 38 175 51 137 133 159 161 17 182 130 112 163 84 174 56 177 110 79 64 132 76 124 147 176 13 155 157 18 116 151 15 40 106 74 72 114 180 25 44 66 187 73 111 36 12 194 125 136 75 31 178 138 139 135 9 122 164 35 70 184 41 141 50 90 190 193 117 42 47 166 115 103 53 45 60 102 46 19 100 77 170 57 88 167 30 55 23 22 29 198 101 107 172 14 186 97 52 179 143 146 11 3 129 183 82 86 197 69 192 7 195 162 119 27 93 32 171 48 83 24 185 144 63 98 99 131 16 78 188 92 34 108 153 142 127 61 20 6 199 148 62 156 8 121 33 196 95 128 43 81 37 140 1 150 145 80 123 189 158 5 87 10 113 21 169 4 58 181 96 109 49 191 94 71 39 134 2 105 149 154 118 
passengers: 364 369 367 709 708 415 83 73 172 600 602 644 320 401 326 361 441 235 214 345 116 119 274 625 445 4 6 335 338 255 14 

4733.93	27365	120968
tour: 0 173 91 152 67 28 65 126 120 26 68 89 54 179 143 146 158 5 180 25 44 66 187 73 174 56 147 176 162 119 190 193 117 42 47 166 115 103 53 45 60 102 13 155 157 18 116 151 15 153 142 127 61 20 6 199 148 62 156 8 121 33 196 95 128 43 81 37 140 132 76 124 19 100 77 170 57 88 167 30 55 23 22 29 111 36 12 194 125 136 75 31 178 138 139 135 9 122 164 35 70 184 63 11 3 129 183 82 86 197 112 163 84 41 141 50 90 27 93 32 171 48 83 168 59 85 104 160 165 38 175 51 137 133 159 161 17 87 10 113 21 169 4 58 181 96 109 49 177 110 182 130 24 185 144 69 192 7 195 40 106 74 72 114 98 99 131 16 78 188 92 34 108 1 150 145 80 123 189 198 101 107 172 14 186 97 52 79 64 46 191 94 71 39 134 2 105 149 154 118 0 
bonus: 173 91 152 67 28 65 126 120 26 68 89 54 179 143 146 158 5 180 25 44 66 187 73 174 56 147 176 162 119 190 193 117 42 47 166 115 103 53 45 60 102 13 155 157 18 116 151 15 153 142 127 61 20 6 199 148 62 156 8 121 33 196 95 128 43 81 37 140 132 76 124 19 100 77 170 57 88 167 30 55 23 22 29 111 36 12 194 125 136 75 31 178 138 139 135 9 122 164 35 70 184 63 11 3 129 183 82 86 197 112 163 84 41 141 50 90 27 93 32 171 48 83 168 59 85 104 160 165 38 175 51 137 133 159 161 17 87 10 113 21 169 4 58 181 96 109 49 177 110 182 130 24 185 144 69 192 7 195 40 106 74 72 114 98 99 131 16 78 188 92 34 108 1 150 145 80 123 189 198 101 107 172 14 186 97 52 79 64 46 191 94 71 39 134 2 105 149 154 118 
passengers: 369 709 708 711 706 136 684 409 89 75 714 93 36 561 200 360 321 319 654 296 275 614 672 224 152 344 357 165 252 45 39 389 625 812 445 6 396 375 14 

4661.68	27378	120968
tour: 0 173 91 152 67 28 65 126 120 26 166 115 103 53 45 60 102 13 155 157 18 116 151 15 153 142 127 61 20 6 199 148 62 156 8 121 33 196 95 128 43 81 37 85 104 160 165 38 175 51 137 133 159 161 17 87 10 113 21 169 4 58 181 96 66 187 73 174 56 147 176 162 119 190 193 117 42 47 109 49 177 110 182 130 68 89 54 168 59 140 132 76 124 19 100 77 170 57 88 167 30 55 23 22 29 111 36 12 194 125 136 75 31 178 138 139 135 9 122 164 35 70 184 63 11 3 129 183 82 86 197 112 163 84 185 144 69 192 7 195 40 106 74 72 114 98 99 131 16 78 188 92 34 108 1 150 145 80 123 189 198 101 107 172 14 186 97 52 179 143 146 158 5 180 25 44 41 141 50 90 27 93 32 171 48 83 24 79 64 46 191 94 71 39 134 2 105 149 154 118 0 
bonus: 173 91 152 67 28 65 126 120 26 166 115 103 53 45 60 102 13 155 157 18 116 151 15 153 142 127 61 20 6 199 148 62 156 8 121 33 196 95 128 43 81 37 85 104 160 165 38 175 51 137 133 159 161 17 87 10 113 21 169 4 58 181 96 66 187 73 174 56 147 176 162 119 190 193 117 42 47 109 49 177 110 182 130 68 89 54 168 59 140 132 76 124 19 100 77 170 57 88 167 30 55 23 22 29 111 36 12 194 125 136 75 31 178 138 139 135 9 122 164 35 70 184 63 11 3 129 183 82 86 197 112 163 84 185 144 69 192 7 195 40 106 74 72 114 98 99 131 16 78 188 92 34 108 1 150 145 80 123 189 198 101 107 172 14 186 97 52 179 143 146 158 5 180 25 44 41 141 50 90 27 93 32 171 48 83 24 79 64 46 191 94 71 39 134 2 105 149 154 118 
passengers: 364 369 709 708 700 88 516 74 410 756 257 250 688 532 535 519 240 325 360 598 319 654 294 66 617 479 436 316 625 78 6 681 234 235 195 215 218 375 14 

4637.32	27382	120968
tour: 0 173 91 152 67 28 65 126 120 26 166 115 103 53 45 60 102 13 155 157 18 116 151 15 153 142 127 61 20 6 199 148 62 156 8 121 33 196 95 128 43 81 37 140 132 76 124 19 100 77 170 57 88 167 30 55 23 22 29 198 101 107 172 14 186 97 52 179 143 146 16 78 188 92 34 108 1 150 145 80 123 189 158 5 180 25 44 41 141 50 90 177 110 182 130 68 89 54 168 59 85 104 160 165 38 175 51 137 133 159 161 17 87 10 113 21 169 4 58 181 96 66 187 73 174 56 147 176 162 119 190 193 117 42 47 109 49 111 36 12 194 125 136 75 31 178 138 139 135 9 122 164 35 70 184 63 11 3 129 183 82 86 197 112 163 84 185 144 69 192 7 195 40 106 74 72 114 98 99 131 27 93 32 171 48 83 24 79 64 46 191 94 71 39 134 2 105 149 154 118 0 
bonus: 173 91 152 67 28 65 126 120 26 166 115 103 53 45 60 102 13 155 157 18 116 151 15 153 142 127 61 20 6 199 148 62 156 8 121 33 196 95 128 43 81 37 140 132 76 124 19 100 77 170 57 88 167 30 55 23 22 29 198 101 107 172 14 186 97 52 179 143 146 16 78 188 92 34 108 1 150 145 80 123 189 158 5 180 25 44 41 141 50 90 177 110 182 130 68 89 54 168 59 85 104 160 165 38 175 51 137 133 159 161 17 87 10 113 21 169 4 58 181 96 66 187 73 174 56 147 176 162 119 190 193 117 42 47 109 49 111 36 12 194 125 136 75 31 178 138 139 135 9 122 164 35 70 184 63 11 3 129 183 82 86 197 112 163 84 185 144 69 192 7 195 40 106 74 72 114 98 99 131 27 93 32 171 48 83 24 79 64 46 191 94 71 39 134 2 105 149 154 118 
passengers: 369 709 708 711 703 129 547 89 83 515 73 561 804 234 236 237 448 196 241 357 415 410 485 257 250 685 532 533 598 645 64 45 435 381 215 218 210 14 

4628.32	27383	120968
tour: 0 173 91 152 67 28 65 126 120 26 68 89 54 168 59 140 132 76 124 19 100 77 170 57 88 167 30 55 23 56 147 176 162 119 190 193 117 42 47 166 115 103 53 45 60 102 13 155 157 18 116 151 15 153 142 127 61 20 6 199 148 62 156 8 121 33 196 95 128 43 81 37 85 104 160 165 22 29 198 101 107 172 14 186 97 52 179 143 146 11 3 129 183 93 32 171 48 83 24 79 64 46 191 94 71 39 84 185 144 69 192 7 195 40 106 74 72 114 98 99 131 27 38 175 51 137 133 159 161 17 87 10 113 21 169 4 58 181 96 109 49 111 36 12 194 125 136 75 31 178 138 139 135 9 122 164 35 70 184 63 41 141 50 90 177 110 182 130 112 163 82 86 197 16 78 188 92 34 108 1 150 145 80 123 189 158 5 180 25 44 66 187 73 174 134 2 105 149 154 118 0 
bonus: 173 91 152 67 28 65 126 120 26 68 89 54 168 59 140 132 76 124 19 100 77 170 57 88 167 30 55 23 56 147 176 162 119 190 193 117 42 47 166 115 103 53 45 60 102 13 155 157 18 116 151 15 153 142 127 61 20 6 199 148 62 156 8 121 33 196 95 128 43 81 37 85 104 160 165 22 29 198 101 107 172 14 186 97 52 179 143 146 11 3 129 183 93 32 171 48 83 24 79 64 46 191 94 71 39 84 185 144 69 192 7 195 40 106 74 72 114 98 99 131 27 38 175 51 137 133 159 161 17 87 10 113 21 169 4 58 181 96 109 49 111 36 12 194 125 136 75 31 178 138 139 135 9 122 164 35 70 184 63 41 141 50 90 177 110 182 130 112 163 82 86 197 16 78 188 92 34 108 1 150 145 80 123 189 158 5 180 25 44 66 187 73 174 134 2 105 149 154 118 
passengers: 369 709 708 711 706 136 684 404 89 514 73 38 559 356 414 235 237 214 344 45 313 495 623 626 171 32 259 645 570 222 785 800 335 14 

4618.23	27396	120968
tour: 0 173 91 152 67 28 65 126 120 26 68 89 54 168 59 140 132 76 56 147 176 162 119 190 193 117 42 47 166 115 103 53 45 60 102 13 155 157 18 116 25 44 66 187 73 174 151 15 153 142 127 61 20 6 199 148 62 156 8 121 33 196 95 128 43 81 37 85 104 160 165 38 175 51 137 133 159 161 17 87 10 124 19 100 77 170 57 88 167 30 55 23 22 29 198 101 107 172 14 186 97 52 179 143 146 11 3 129 183 82 86 197 16 78 188 92 34 108 1 150 145 80 123 189 158 5 180 113 21 169 4 58 181 96 109 49 111 36 12 194 125 136 75 31 178 138 139 135 9 122 164 35 70 184 63 41 141 50 90 177 110 182 130 112 163 84 185 144 69 192 7 195 40 106 74 72 114 98 99 131 27 93 32 171 48 83 24 79 64 46 191 94 71 39 134 2 105 149 154 118 0 
bonus: 173 91 152 67 28 65 126 120 26 68 89 54 168 59 140 132 76 56 147 176 162 119 190 193 117 42 47 166 115 103 53 45 60 102 13 155 157 18 116 25 44 66 187 73 174 151 15 153 142 127 61 20 6 199 148 62 156 8 121 33 196 95 128 43 81 37 85 104 160 165 38 175 51 137 133 159 161 17 87 10 124 19 100 77 170 57 88 167 30 55 23 22 29 198 101 107 172 14 186 97 52 179 143 146 11 3 129 183 82 86 197 16 78 188 92 34 108 1 150 145 80 123 189 158 5 180 113 21 169 4 58 181 96 109 49 111 36 12 194 125 136 75 31 178 138 139 135 9 122 164 35 70 184 63 41 141 50 90 177 110 182 130 112 163 84 185 144 69 192 7 195 40 106 74 72 114 98 99 131 27 93 32 171 48 83 24 79 64 46 191 94 71 39 134 2 105 149 154 118 
passengers: 369 709 708 711 706 136 684 404 89 779 73 37 721 561 356 412 417 237 797 678 336 580 255 256 745 275 672 662 224 781 45 381 215 218 210 14 

4593.83	27400	120968
tour: 0 173 91 152 67 47 166 115 103 53 45 60 102 13 155 157 18 116 151 15 153 142 10 124 19 100 77 83 24 79 64 46 191 94 71 28 65 126 120 26 68 89 54 168 59 85 104 160 16 78 188 92 34 108 1 32 171 48 39 84 185 144 6 199 127 61 20 184 63 41 141 50 90 177 110 182 130 112 163 43 81 37 140 132 76 56 147 176 162 119 190 193 117 42 164 35 70 165 38 175 51 137 133 159 161 17 87 172 14 186 97 52 179 143 146 11 3 129 183 82 86 197 69 192 148 62 156 8 121 33 196 95 128 7 195 40 106 74 72 114 98 99 131 27 93 170 57 88 167 30 55 23 22 29 198 101 107 150 145 80 123 189 158 5 180 113 21 169 4 58 181 96 109 49 111 36 12 194 125 136 75 31 178 138 139 135 9 122 25 44 66 187 73 174 134 2 105 149 154 118 0 
bonus: 173 91 152 67 47 166 115 103 53 45 60 102 13 155 157 18 116 151 15 153 142 10 124 19 100 77 83 24 79 64 46 191 94 71 28 65 126 120 26 68 89 54 168 59 85 104 160 16 78 188 92 34 108 1 32 171 48 39 84 185 144 6 199 127 61 20 184 63 41 141 50 90 177 110 182 130 112 163 43 81 37 140 132 76 56 147 176 162 119 190 193 117 42 164 35 70 165 38 175 51 137 133 159 161 17 87 172 14 186 97 52 179 143 146 11 3 129 183 82 86 197 69 192 148 62 156 8 121 33 196 95 128 7 195 40 106 74 72 114 98 99 131 27 93 170 57 88 167 30 55 23 22 29 198 101 107 150 145 80 123 189 158 5 180 113 21 169 4 58 181 96 109 49 111 36 12 194 125 136 75 31 178 138 139 135 9 122 25 44 66 187 73 174 134 2 105 149 154 118 
passengers: 364 369 709 708 710 514 72 75 116 416 216 34 274 275 193 660 662 224 787 199 742 167 797 56 719 310 495 102 680 728 487 23 255 600 645 650 658 570 14 

4588.15	27482	120968
tour: 0 173 91 152 67 47 166 115 103 53 45 60 102 13 155 157 18 116 96 90 177 110 182 130 112 163 43 81 37 85 104 160 165 38 175 51 137 133 159 161 17 87 40 106 74 72 114 98 99 131 27 93 170 84 185 144 50 183 82 86 197 69 192 148 62 156 8 121 33 196 95 128 7 195 16 78 188 92 34 108 1 32 193 117 42 164 35 70 184 63 54 168 59 140 132 76 56 147 176 162 119 190 199 127 61 20 6 66 187 73 174 151 15 153 142 10 124 19 100 77 83 24 79 64 46 191 94 71 28 65 126 120 26 68 89 171 48 39 134 2 105 149 154 57 88 167 30 55 23 22 29 198 101 107 172 14 186 97 52 179 143 146 11 3 129 150 145 36 12 194 125 136 75 31 178 138 139 135 9 122 25 44 41 141 80 123 189 158 5 180 113 21 169 4 58 181 109 49 111 118 0 
bonus: 173 91 152 67 47 166 115 103 53 45 60 102 13 155 157 18 116 96 90 177 110 182 130 112 163 43 81 37 85 104 160 165 38 175 51 137 133 159 161 17 87 40 106 74 72 114 98 99 131 27 93 170 84 185 144 50 183 82 86 197 69 192 148 62 156 8 121 33 196 95 128 7 195 16 78 188 92 34 108 1 32 193 117 42 164 35 70 184 63 54 168 59 140 132 76 56 147 176 162 119 190 199 127 61 20 6 66 187 73 174 151 15 153 142 10 124 19 100 77 83 24 79 64 46 191 94 71 28 65 126 120 26 68 89 171 48 39 134 2 105 149 154 57 88 167 30 55 23 22 29 198 101 107 172 14 186 97 52 179 143 146 11 3 129 150 145 36 12 194 125 136 75 31 178 138 139 135 9 122 25 44 41 141 80 123 189 158 5 180 113 21 169 4 58 181 109 49 111 118 
passengers: 364 365 369 709 700 84 793 460 414 756 165 169 304 625 718 519 520 518 297 240 685 323 350 351 605 124 423 427 101 396 809 805 811 234 617 680 656 53 566 197 666 332 728 487 

4481.65	27532	120968
tour: 0 173 91 152 67 47 176 162 119 190 199 127 61 20 6 66 187 73 174 134 2 105 78 188 92 34 108 1 32 193 117 42 164 35 70 184 63 11 3 129 150 145 80 123 189 158 5 180 113 21 169 4 58 181 96 109 49 111 36 12 194 125 136 75 31 178 191 94 71 132 76 56 28 65 126 120 26 166 115 103 53 45 60 102 100 77 83 24 79 64 46 19 154 57 88 167 30 55 23 22 29 198 101 107 172 14 186 97 52 179 143 146 16 149 131 27 93 170 84 185 144 69 192 148 62 156 8 121 33 196 95 128 7 195 82 86 197 112 163 43 81 37 85 104 160 165 38 175 51 137 133 159 161 17 87 40 106 74 72 114 98 99 171 48 39 90 177 110 13 155 157 18 116 151 15 153 142 10 124 147 182 130 68 89 54 168 59 140 138 139 135 9 122 25 44 41 141 50 183 118 0 
bonus: 173 91 152 67 47 176 162 119 190 199 127 61 20 6 66 187 73 174 134 2 105 78 188 92 34 108 1 32 193 117 42 164 35 70 184 63 11 3 129 150 145 80 123 189 158 5 180 113 21 169 4 58 181 96 109 49 111 36 12 194 125 136 75 31 178 191 94 71 132 76 56 28 65 126 120 26 166 115 103 53 45 60 102 100 77 83 24 79 64 46 19 154 57 88 167 30 55 23 22 29 198 101 107 172 14 186 97 52 179 143 146 16 149 131 27 93 170 84 185 144 69 192 148 62 156 8 121 33 196 95 128 7 195 82 86 197 112 163 43 81 37 85 104 160 165 38 175 51 137 133 159 161 17 87 40 106 74 72 114 98 99 171 48 39 90 177 110 13 155 157 18 116 151 15 153 142 10 124 147 182 130 68 89 54 168 59 140 138 139 135 9 122 25 44 41 141 50 183 118 
passengers: 366 367 712 705 706 34 13 444 523 56 682 724 600 320 270 260 401 323 344 120 149 101 396 806 794 824 199 355 755 308 496 216 210 71 716 656 

4474.18	27536	120968
tour: 0 173 91 152 67 28 65 126 186 97 52 179 143 146 158 5 180 113 21 169 4 58 181 96 109 49 111 36 12 194 125 136 42 47 166 115 103 53 45 60 102 13 155 157 18 116 25 44 41 141 50 90 27 93 170 84 185 144 69 192 148 62 156 8 121 33 196 95 128 7 195 82 86 197 16 177 110 182 130 112 163 43 81 124 19 100 77 83 24 79 64 46 191 94 71 132 76 56 147 176 162 119 190 199 127 61 20 6 66 187 73 174 151 15 153 142 10 75 31 178 32 193 117 149 154 57 88 167 30 55 23 22 29 198 101 107 172 14 37 85 104 160 165 38 175 51 137 133 159 161 17 87 40 106 74 72 114 98 99 131 120 26 68 89 171 48 39 134 2 105 78 188 92 34 108 1 150 145 80 123 189 54 168 59 140 138 139 135 9 122 164 35 70 184 63 11 3 129 183 118 0 
bonus: 173 91 152 67 28 65 126 186 97 52 179 143 146 158 5 180 113 21 169 4 58 181 96 109 49 111 36 12 194 125 136 42 47 166 115 103 53 45 60 102 13 155 157 18 116 25 44 41 141 50 90 27 93 170 84 185 144 69 192 148 62 156 8 121 33 196 95 128 7 195 82 86 197 16 177 110 182 130 112 163 43 81 124 19 100 77 83 24 79 64 46 191 94 71 132 76 56 147 176 162 119 190 199 127 61 20 6 66 187 73 174 151 15 153 142 10 75 31 178 32 193 117 149 154 57 88 167 30 55 23 22 29 198 101 107 172 14 37 85 104 160 165 38 175 51 137 133 159 161 17 87 40 106 74 72 114 98 99 131 120 26 68 89 171 48 39 134 2 105 78 188 92 34 108 1 150 145 80 123 189 54 168 59 140 138 139 135 9 122 164 35 70 184 63 11 3 129 183 118 
passengers: 368 369 367 709 711 134 489 474 644 401 89 192 188 560 39 77 200 350 352 118 120 370 537 152 522 691 102 395 355 170 387 556 550 766 215 217 639 6 678 654 570 

4466.05	27540	120968
tour: 0 173 91 152 67 28 65 126 186 97 52 179 143 146 16 177 110 164 35 70 184 63 11 3 129 150 145 80 123 189 158 5 180 113 21 169 4 58 181 109 49 111 36 12 194 125 136 42 47 176 162 119 106 34 108 74 72 114 98 99 171 48 39 134 2 105 78 188 92 26 166 115 103 53 45 60 102 13 155 157 18 116 96 90 27 93 170 84 185 144 69 192 148 62 156 8 121 33 196 95 128 7 195 82 86 197 112 163 43 81 124 19 100 77 83 24 79 64 46 191 94 71 132 76 56 147 182 130 68 89 54 168 59 140 1 32 193 117 149 131 120 154 57 88 167 30 55 23 22 29 198 101 107 172 14 37 85 104 160 165 38 175 51 137 133 159 161 17 87 40 190 199 127 61 20 6 66 187 73 174 151 15 153 142 10 75 31 178 138 139 135 9 122 25 44 41 141 50 183 118 0 
bonus: 173 91 152 67 28 65 126 186 97 52 179 143 146 16 177 110 164 35 70 184 63 11 3 129 150 145 80 123 189 158 5 180 113 21 169 4 58 181 109 49 111 36 12 194 125 136 42 47 176 162 119 106 34 108 74 72 114 98 99 171 48 39 134 2 105 78 188 92 26 166 115 103 53 45 60 102 13 155 157 18 116 96 90 27 93 170 84 185 144 69 192 148 62 156 8 121 33 196 95 128 7 195 82 86 197 112 163 43 81 124 19 100 77 83 24 79 64 46 191 94 71 132 76 56 147 182 130 68 89 54 168 59 140 1 32 193 117 149 131 120 154 57 88 167 30 55 23 22 29 198 101 107 172 14 37 85 104 160 165 38 175 51 137 133 159 161 17 87 40 190 199 127 61 20 6 66 187 73 174 151 15 153 142 10 75 31 178 138 139 135 9 122 25 44 41 141 50 183 118 
passengers: 368 367 711 702 705 134 787 56 725 488 475 644 435 492 215 219 424 429 401 89 721 720 561 585 343 345 803 7 152 549 106 354 416 171 736 674 570 

4450.08	27541	120968
tour: 0 173 91 152 67 47 166 115 103 53 45 60 102 13 155 157 18 116 96 90 27 93 170 84 185 144 69 192 148 62 156 8 121 33 196 95 128 7 195 82 86 197 16 28 65 126 186 97 52 179 143 146 158 5 180 113 21 169 4 58 181 109 49 177 110 182 130 112 163 43 81 124 19 100 77 83 24 79 64 46 191 94 71 132 76 56 147 176 162 119 106 34 108 74 72 114 98 99 171 48 39 134 2 105 78 188 92 26 68 89 54 168 59 140 1 32 193 117 149 131 120 154 57 88 167 30 55 23 22 29 111 36 12 194 125 136 42 164 35 70 184 63 11 3 129 150 145 80 123 189 198 101 107 172 14 37 85 104 160 165 38 175 51 137 133 159 161 17 87 40 190 199 127 61 20 6 66 187 73 174 151 15 153 142 10 75 31 178 138 139 135 9 122 25 44 41 141 50 183 118 0 
bonus: 173 91 152 67 47 166 115 103 53 45 60 102 13 155 157 18 116 96 90 27 93 170 84 185 144 69 192 148 62 156 8 121 33 196 95 128 7 195 82 86 197 16 28 65 126 186 97 52 179 143 146 158 5 180 113 21 169 4 58 181 109 49 177 110 182 130 112 163 43 81 124 19 100 77 83 24 79 64 46 191 94 71 132 76 56 147 176 162 119 106 34 108 74 72 114 98 99 171 48 39 134 2 105 78 188 92 26 68 89 54 168 59 140 1 32 193 117 149 131 120 154 57 88 167 30 55 23 22 29 111 36 12 194 125 136 42 164 35 70 184 63 11 3 129 150 145 80 123 189 198 101 107 172 14 37 85 104 160 165 38 175 51 137 133 159 161 17 87 40 190 199 127 61 20 6 66 187 73 174 151 15 153 142 10 75 31 178 138 139 135 9 122 25 44 41 141 50 183 118 
passengers: 369 709 711 704 703 89 516 718 559 136 279 804 257 685 683 445 307 305 390 13 432 433 152 106 160 617 680 336 354 171 674 656 570 

4328.33	27543	120968
tour: 0 30 55 23 22 29 111 36 12 194 125 136 75 31 178 32 193 117 42 47 166 115 103 53 45 60 102 13 155 157 18 116 25 44 41 141 80 123 189 198 101 107 172 14 186 97 52 179 143 146 158 5 180 113 21 169 4 58 181 96 109 49 177 110 182 130 112 163 82 86 197 16 149 154 57 88 167 50 90 27 93 170 84 185 144 69 192 148 62 156 8 121 33 196 95 128 7 195 40 106 74 72 114 98 99 131 120 26 68 89 54 168 59 85 104 160 165 38 175 51 137 133 159 161 17 87 10 124 19 100 77 83 24 79 64 46 191 94 71 132 76 56 147 176 162 119 190 199 127 61 20 6 66 187 73 174 151 15 153 142 171 48 39 134 2 105 78 188 92 34 108 1 150 145 173 91 152 67 28 65 126 43 81 37 140 138 139 135 9 122 164 35 70 184 63 11 3 129 183 118 0 
bonus: 30 55 23 22 29 111 36 12 194 125 136 75 31 178 32 193 117 42 47 166 115 103 53 45 60 102 13 155 157 18 116 25 44 41 141 80 123 189 198 101 107 172 14 186 97 52 179 143 146 158 5 180 113 21 169 4 58 181 96 109 49 177 110 182 130 112 163 82 86 197 16 149 154 57 88 167 50 90 27 93 170 84 185 144 69 192 148 62 156 8 121 33 196 95 128 7 195 40 106 74 72 114 98 99 131 120 26 68 89 54 168 59 85 104 160 165 38 175 51 137 133 159 161 17 87 10 124 19 100 77 83 24 79 64 46 191 94 71 132 76 56 147 176 162 119 190 199 127 61 20 6 66 187 73 174 151 15 153 142 171 48 39 134 2 105 78 188 92 34 108 1 150 145 173 91 152 67 28 65 126 43 81 37 140 138 139 135 9 122 164 35 70 184 63 11 3 129 183 118 
passengers: 149 148 101 112 102 110 523 402 84 197 396 806 236 251 473 224 719 559 317 306 494 240 164 326 637 246 685 35 433 427 6 678 290 570 

4284.52	27587	120968
tour: 0 30 55 23 22 29 198 101 107 172 14 37 140 138 139 135 9 122 25 44 41 141 80 123 189 54 168 59 85 104 160 165 38 175 51 137 133 159 161 17 87 40 190 199 127 61 20 6 66 187 73 174 151 15 153 142 10 75 31 178 191 94 71 132 76 56 28 65 126 186 97 52 179 143 146 158 5 180 113 21 169 4 58 181 109 49 111 36 12 194 125 136 42 164 35 70 171 48 39 134 2 105 78 188 92 34 108 1 32 193 117 149 131 120 26 166 115 103 53 45 60 102 100 77 83 24 79 64 46 19 154 57 88 167 50 183 82 86 197 112 163 43 81 124 147 182 130 68 89 195 16 177 110 13 155 157 18 116 96 90 27 93 170 84 185 144 69 192 148 62 156 8 121 33 196 95 128 7 184 63 11 3 129 150 145 173 91 152 67 47 176 162 119 106 74 72 114 98 99 118 0 
bonus: 30 55 23 22 29 198 101 107 172 14 37 140 138 139 135 9 122 25 44 41 141 80 123 189 54 168 59 85 104 160 165 38 175 51 137 133 159 161 17 87 40 190 199 127 61 20 6 66 187 73 174 151 15 153 142 10 75 31 178 191 94 71 132 76 56 28 65 126 186 97 52 179 143 146 158 5 180 113 21 169 4 58 181 109 49 111 36 12 194 125 136 42 164 35 70 171 48 39 134 2 105 78 188 92 34 108 1 32 193 117 149 131 120 26 166 115 103 53 45 60 102 100 77 83 24 79 64 46 19 154 57 88 167 50 183 82 86 197 112 163 43 81 124 147 182 130 68 89 195 16 177 110 13 155 157 18 116 96 90 27 93 170 84 185 144 69 192 148 62 156 8 121 33 196 95 128 7 184 63 11 3 129 150 145 173 91 152 67 47 176 162 119 106 74 72 114 98 99 118 
passengers: 149 146 138 139 147 106 53 661 413 757 733 73 74 605 607 235 254 255 455 644 214 642 432 153 623 629 401 344 362 202 801 80 719 365 290 285 

4269.58	27614	120968
tour: 0 30 55 23 22 29 111 36 12 194 125 136 42 164 35 56 147 182 130 112 163 82 86 197 16 28 65 126 43 81 37 140 138 139 135 9 122 25 44 41 141 80 123 189 198 101 107 172 14 186 97 52 179 143 146 158 5 180 113 21 169 4 58 181 109 49 177 110 13 155 157 18 116 96 90 27 93 170 84 185 144 69 192 148 62 156 8 121 33 196 95 128 7 195 40 190 199 127 61 20 6 66 187 73 174 151 15 153 142 70 184 63 11 3 129 68 89 54 168 59 85 104 160 165 38 175 51 137 133 159 161 17 87 10 75 31 178 32 193 117 149 131 120 26 166 115 103 53 45 60 102 100 77 83 24 79 64 46 191 94 71 132 76 124 19 154 134 2 105 78 188 92 34 108 1 150 145 173 91 152 67 47 176 162 119 106 74 72 114 98 99 171 48 39 57 88 167 50 183 118 0 
bonus: 30 55 23 22 29 111 36 12 194 125 136 42 164 35 56 147 182 130 112 163 82 86 197 16 28 65 126 43 81 37 140 138 139 135 9 122 25 44 41 141 80 123 189 198 101 107 172 14 186 97 52 179 143 146 158 5 180 113 21 169 4 58 181 109 49 177 110 13 155 157 18 116 96 90 27 93 170 84 185 144 69 192 148 62 156 8 121 33 196 95 128 7 195 40 190 199 127 61 20 6 66 187 73 174 151 15 153 142 70 184 63 11 3 129 68 89 54 168 59 85 104 160 165 38 175 51 137 133 159 161 17 87 10 75 31 178 32 193 117 149 131 120 26 166 115 103 53 45 60 102 100 77 83 24 79 64 46 191 94 71 132 76 124 19 154 134 2 105 78 188 92 34 108 1 150 145 173 91 152 67 47 176 162 119 106 74 72 114 98 99 171 48 39 57 88 167 50 183 118 
passengers: 149 150 146 101 109 112 130 606 53 566 197 668 811 237 258 251 451 69 561 560 716 615 240 414 523 625 401 326 325 345 642 6 1 682 435 315 210 

