Fo(cost)	Fo(time)	Fo(bonus)

7723.92	27290	126648
tour: 0 159 50 187 112 188 37 18 122 124 82 22 118 6 175 70 24 143 127 4 190 174 94 60 148 132 137 40 182 79 167 77 111 193 13 76 26 128 106 78 176 89 119 189 61 107 91 186 80 21 33 98 144 153 136 133 145 71 166 68 191 129 139 87 102 170 141 62 14 110 5 9 149 30 47 67 177 101 53 45 10 114 49 154 96 130 99 158 142 11 199 1 147 43 178 39 173 83 28 57 35 27 100 180 34 86 15 69 2 48 138 192 44 32 92 134 65 72 126 150 95 51 41 123 81 52 12 55 104 7 73 117 121 105 151 108 179 31 84 93 125 63 198 42 183 36 103 155 169 196 8 115 64 113 116 168 66 54 156 109 120 74 23 160 38 75 97 195 165 3 181 135 131 197 29 185 157 172 46 194 161 85 90 140 16 163 152 25 58 59 184 146 171 20 19 17 164 88 162 56 0 
bonus: 159 50 187 112 188 37 18 122 124 82 22 118 6 175 70 24 143 127 4 190 174 94 60 148 132 137 40 182 79 167 77 111 193 13 76 26 128 106 78 176 89 119 189 61 107 91 186 80 21 33 98 144 153 136 133 145 71 166 68 191 129 139 87 102 170 141 62 14 110 5 9 149 30 47 67 177 101 53 45 10 114 49 154 96 130 99 158 142 11 199 1 147 43 178 39 173 83 28 57 35 27 100 180 34 86 15 69 2 48 138 192 44 32 92 134 65 72 126 150 95 51 41 123 81 52 12 55 104 7 73 117 121 105 151 108 179 31 84 93 125 63 198 42 183 36 103 155 169 196 8 115 64 113 116 168 66 54 156 109 120 74 23 160 38 75 97 195 165 3 181 135 131 197 29 185 157 172 46 194 161 85 90 140 16 163 152 25 58 59 184 146 171 20 19 17 164 88 162 56 
passengers: 290 288 287 21 417 434 412 422 217 340 76 229 191 214 155 255 198 244 23 394 37 184 368 

7125.17	27294	126648
tour: 0 159 50 187 112 188 37 18 122 124 82 22 118 6 175 102 170 163 152 25 58 59 184 146 171 20 19 194 161 85 48 174 94 60 63 111 193 13 76 26 128 106 78 176 89 119 189 61 107 91 186 80 21 33 98 149 30 47 67 177 101 53 45 10 114 49 154 96 130 99 158 142 11 199 1 147 43 178 39 173 83 28 57 35 27 100 180 34 86 15 69 2 190 132 137 40 182 79 167 77 7 73 117 181 135 131 70 24 143 127 4 197 29 185 157 172 46 140 16 151 108 179 31 84 93 125 126 150 95 51 41 123 81 52 12 55 104 144 153 136 133 145 71 166 68 191 129 139 87 198 42 183 36 103 155 169 196 8 115 64 113 116 168 66 54 156 109 120 74 23 160 38 75 97 195 165 3 141 62 14 110 5 9 138 192 44 32 92 134 65 72 148 90 121 105 17 164 88 162 56 0 
bonus: 159 50 187 112 188 37 18 122 124 82 22 118 6 175 102 170 163 152 25 58 59 184 146 171 20 19 194 161 85 48 174 94 60 63 111 193 13 76 26 128 106 78 176 89 119 189 61 107 91 186 80 21 33 98 149 30 47 67 177 101 53 45 10 114 49 154 96 130 99 158 142 11 199 1 147 43 178 39 173 83 28 57 35 27 100 180 34 86 15 69 2 190 132 137 40 182 79 167 77 7 73 117 181 135 131 70 24 143 127 4 197 29 185 157 172 46 140 16 151 108 179 31 84 93 125 126 150 95 51 41 123 81 52 12 55 104 144 153 136 133 145 71 166 68 191 129 139 87 198 42 183 36 103 155 169 196 8 115 64 113 116 168 66 54 156 109 120 74 23 160 38 75 97 195 165 3 141 62 14 110 5 9 138 192 44 32 92 134 65 72 148 90 121 105 17 164 88 162 56 
passengers: 290 288 293 17 33 434 118 267 422 217 339 76 49 229 416 144 142 200 323 73 399 37 

7011.25	27308	126648
tour: 0 159 50 187 112 188 37 18 122 124 82 22 118 6 175 70 24 143 127 4 190 174 94 60 148 132 137 40 182 79 167 77 111 193 13 76 26 128 106 78 176 89 119 189 177 101 53 45 10 114 49 154 96 130 99 158 142 11 199 1 147 43 178 39 173 83 28 57 35 27 100 180 34 86 15 69 2 48 138 192 44 32 92 134 65 72 126 150 95 51 41 123 81 52 12 55 104 7 73 117 181 135 131 197 29 185 157 172 46 140 16 151 108 179 31 84 93 125 63 198 42 183 36 61 107 91 186 80 21 33 98 144 153 136 133 145 71 166 68 191 129 139 87 102 170 163 152 25 58 59 184 103 155 169 196 8 115 64 113 116 168 66 54 156 109 120 74 23 160 38 75 97 195 165 3 141 62 14 110 5 9 149 30 47 67 146 171 20 19 194 161 85 90 121 105 17 164 88 162 56 0 
bonus: 159 50 187 112 188 37 18 122 124 82 22 118 6 175 70 24 143 127 4 190 174 94 60 148 132 137 40 182 79 167 77 111 193 13 76 26 128 106 78 176 89 119 189 177 101 53 45 10 114 49 154 96 130 99 158 142 11 199 1 147 43 178 39 173 83 28 57 35 27 100 180 34 86 15 69 2 48 138 192 44 32 92 134 65 72 126 150 95 51 41 123 81 52 12 55 104 7 73 117 181 135 131 197 29 185 157 172 46 140 16 151 108 179 31 84 93 125 63 198 42 183 36 61 107 91 186 80 21 33 98 144 153 136 133 145 71 166 68 191 129 139 87 102 170 163 152 25 58 59 184 103 155 169 196 8 115 64 113 116 168 66 54 156 109 120 74 23 160 38 75 97 195 165 3 141 62 14 110 5 9 149 30 47 67 146 171 20 19 194 161 85 90 121 105 17 164 88 162 56 
passengers: 290 288 291 17 434 296 340 339 64 71 153 145 222 165 114 387 

6931.92	27329	126648
tour: 0 159 50 187 112 188 26 128 106 78 176 89 119 189 166 103 155 169 196 39 173 83 67 177 101 53 45 10 114 49 154 96 130 99 158 142 11 41 123 81 52 12 55 104 7 73 117 181 135 131 8 115 64 113 116 168 66 54 156 109 120 74 23 160 38 75 77 111 193 13 76 68 191 129 139 87 102 170 163 152 25 58 59 184 146 171 20 19 194 161 6 175 70 24 143 127 4 197 29 185 157 172 46 140 16 151 108 179 31 84 93 85 90 121 105 37 18 122 124 82 22 118 97 195 165 3 141 62 14 110 5 9 149 30 47 199 1 147 43 178 190 174 94 60 148 132 137 40 182 79 167 28 57 35 27 100 180 34 86 15 69 2 48 138 192 44 32 92 134 65 72 126 150 95 51 125 63 198 42 183 36 61 107 91 186 80 21 33 98 144 153 136 133 145 71 17 164 88 162 56 0 
bonus: 159 50 187 112 188 26 128 106 78 176 89 119 189 166 103 155 169 196 39 173 83 67 177 101 53 45 10 114 49 154 96 130 99 158 142 11 41 123 81 52 12 55 104 7 73 117 181 135 131 8 115 64 113 116 168 66 54 156 109 120 74 23 160 38 75 77 111 193 13 76 68 191 129 139 87 102 170 163 152 25 58 59 184 146 171 20 19 194 161 6 175 70 24 143 127 4 197 29 185 157 172 46 140 16 151 108 179 31 84 93 85 90 121 105 37 18 122 124 82 22 118 97 195 165 3 141 62 14 110 5 9 149 30 47 199 1 147 43 178 190 174 94 60 148 132 137 40 182 79 167 28 57 35 27 100 180 34 86 15 69 2 48 138 192 44 32 92 134 65 72 126 150 95 51 125 63 198 42 183 36 61 107 91 186 80 21 33 98 144 153 136 133 145 71 17 164 88 162 56 
passengers: 288 291 262 24 396 137 429 349 28 269 199 308 301 220 392 76 227 322 126 341 

  6830	27387	126648
tour: 0 159 50 187 112 188 26 128 106 78 176 89 119 189 61 107 91 186 80 21 33 98 144 153 136 15 69 2 48 174 94 60 148 132 137 40 182 79 167 28 57 35 27 100 180 34 86 150 95 51 41 36 92 134 65 72 126 125 63 111 193 13 76 196 39 173 83 67 177 101 53 45 10 114 49 154 96 130 99 158 142 11 199 1 147 43 178 190 24 143 127 4 197 29 185 102 170 163 152 25 58 59 184 146 171 20 19 194 161 6 175 70 16 151 108 179 31 84 93 85 90 121 105 37 18 122 124 82 22 118 97 195 165 3 141 62 14 110 5 9 149 30 47 103 155 169 7 73 117 181 123 81 52 12 55 104 138 192 44 32 157 172 46 140 133 145 71 166 68 191 129 139 87 198 42 183 109 120 74 23 160 38 75 77 135 131 8 115 64 113 116 168 66 54 156 17 164 88 162 56 0 
bonus: 159 50 187 112 188 26 128 106 78 176 89 119 189 61 107 91 186 80 21 33 98 144 153 136 15 69 2 48 174 94 60 148 132 137 40 182 79 167 28 57 35 27 100 180 34 86 150 95 51 41 36 92 134 65 72 126 125 63 111 193 13 76 196 39 173 83 67 177 101 53 45 10 114 49 154 96 130 99 158 142 11 199 1 147 43 178 190 24 143 127 4 197 29 185 102 170 163 152 25 58 59 184 146 171 20 19 194 161 6 175 70 16 151 108 179 31 84 93 85 90 121 105 37 18 122 124 82 22 118 97 195 165 3 141 62 14 110 5 9 149 30 47 103 155 169 7 73 117 181 123 81 52 12 55 104 138 192 44 32 157 172 46 140 133 145 71 166 68 191 129 139 87 198 42 183 109 120 74 23 160 38 75 77 135 131 8 115 64 113 116 168 66 54 156 17 164 88 162 56 
passengers: 288 287 264 422 151 321 431 218 339 327 199 308 390 8 144 37 300 

6824.08	27392	126648
tour: 0 159 50 187 112 188 37 18 122 124 82 22 118 97 195 165 3 141 62 14 110 5 9 138 192 55 104 7 73 117 181 123 81 52 12 160 38 75 66 54 156 17 144 153 136 15 69 2 190 24 143 127 4 197 185 102 170 163 152 25 58 59 184 146 171 20 19 194 161 6 175 70 16 151 108 29 44 32 157 172 46 140 133 145 71 166 68 191 129 139 87 198 42 183 109 120 74 23 95 51 41 36 103 155 169 196 39 173 83 28 57 35 27 111 193 13 76 26 128 106 78 176 89 119 189 61 107 91 186 80 21 33 98 149 30 47 67 177 101 53 45 10 114 49 154 96 130 99 158 142 11 199 1 147 43 92 134 65 72 126 125 63 100 180 34 86 150 179 31 84 93 85 90 121 105 48 174 94 60 148 132 137 40 182 79 167 77 135 131 8 115 64 113 116 168 178 164 88 162 56 0 
bonus: 159 50 187 112 188 37 18 122 124 82 22 118 97 195 165 3 141 62 14 110 5 9 138 192 55 104 7 73 117 181 123 81 52 12 160 38 75 66 54 156 17 144 153 136 15 69 2 190 24 143 127 4 197 185 102 170 163 152 25 58 59 184 146 171 20 19 194 161 6 175 70 16 151 108 29 44 32 157 172 46 140 133 145 71 166 68 191 129 139 87 198 42 183 109 120 74 23 95 51 41 36 103 155 169 196 39 173 83 28 57 35 27 111 193 13 76 26 128 106 78 176 89 119 189 61 107 91 186 80 21 33 98 149 30 47 67 177 101 53 45 10 114 49 154 96 130 99 158 142 11 199 1 147 43 92 134 65 72 126 125 63 100 180 34 86 150 179 31 84 93 85 90 121 105 48 174 94 60 148 132 137 40 182 79 167 77 135 131 8 115 64 113 116 168 178 164 88 162 56 
passengers: 292 289 66 6 26 251 106 349 16 142 363 273 73 267 421 422 218 190 198 159 163 300 399 414 

6803.75	27405	126648
tour: 0 159 50 187 112 188 37 18 122 124 82 22 118 97 195 165 3 141 62 14 67 177 101 53 45 10 114 49 154 96 130 110 5 9 138 192 55 104 7 73 117 181 123 81 52 12 160 38 75 66 54 156 17 144 153 136 15 69 2 190 24 143 127 4 197 185 102 170 163 152 25 58 59 184 146 171 20 19 194 161 6 175 70 16 151 108 29 44 32 157 172 46 140 133 145 71 166 68 191 129 139 87 198 42 183 109 120 74 23 95 51 41 36 103 155 169 196 39 173 83 28 57 35 27 100 180 34 86 150 179 31 84 93 85 90 121 105 48 174 94 60 148 132 137 40 182 79 167 77 135 131 8 115 64 113 116 168 178 164 99 158 142 11 199 1 147 43 92 134 65 72 126 125 63 111 193 13 76 26 128 106 78 176 89 119 189 61 107 91 186 80 21 33 98 149 30 47 88 162 56 0 
bonus: 159 50 187 112 188 37 18 122 124 82 22 118 97 195 165 3 141 62 14 67 177 101 53 45 10 114 49 154 96 130 110 5 9 138 192 55 104 7 73 117 181 123 81 52 12 160 38 75 66 54 156 17 144 153 136 15 69 2 190 24 143 127 4 197 185 102 170 163 152 25 58 59 184 146 171 20 19 194 161 6 175 70 16 151 108 29 44 32 157 172 46 140 133 145 71 166 68 191 129 139 87 198 42 183 109 120 74 23 95 51 41 36 103 155 169 196 39 173 83 28 57 35 27 100 180 34 86 150 179 31 84 93 85 90 121 105 48 174 94 60 148 132 137 40 182 79 167 77 135 131 8 115 64 113 116 168 178 164 99 158 142 11 199 1 147 43 92 134 65 72 126 125 63 111 193 13 76 26 128 106 78 176 89 119 189 61 107 91 186 80 21 33 98 149 30 47 88 162 56 
passengers: 291 292 289 6 26 96 251 16 142 28 56 436 73 70 200 151 192 324 322 182 222 90 

6766.25	27408	126648
tour: 0 159 50 187 112 188 37 18 122 124 82 22 118 97 195 165 94 60 148 132 137 146 171 20 19 194 161 6 175 70 16 151 108 29 44 32 157 172 46 140 133 145 71 166 68 191 129 139 87 198 42 183 109 120 74 23 95 51 125 63 111 193 13 76 26 128 106 78 176 89 119 189 61 107 91 186 80 21 33 98 149 30 47 5 9 138 192 55 104 7 73 117 181 123 81 52 12 160 38 75 66 54 156 17 144 153 136 15 69 2 190 24 143 127 4 197 185 102 170 163 152 25 58 59 184 3 141 62 14 67 177 101 53 45 10 114 49 154 96 130 99 158 142 11 199 1 147 43 92 134 65 72 126 41 36 103 155 169 196 39 173 83 28 57 35 27 100 180 34 86 150 179 31 84 93 85 90 121 105 48 174 40 182 110 79 167 77 135 131 8 115 64 113 116 168 178 164 88 162 56 0 
bonus: 159 50 187 112 188 37 18 122 124 82 22 118 97 195 165 94 60 148 132 137 146 171 20 19 194 161 6 175 70 16 151 108 29 44 32 157 172 46 140 133 145 71 166 68 191 129 139 87 198 42 183 109 120 74 23 95 51 125 63 111 193 13 76 26 128 106 78 176 89 119 189 61 107 91 186 80 21 33 98 149 30 47 5 9 138 192 55 104 7 73 117 181 123 81 52 12 160 38 75 66 54 156 17 144 153 136 15 69 2 190 24 143 127 4 197 185 102 170 163 152 25 58 59 184 3 141 62 14 67 177 101 53 45 10 114 49 154 96 130 99 158 142 11 199 1 147 43 92 134 65 72 126 41 36 103 155 169 196 39 173 83 28 57 35 27 100 180 34 86 150 179 31 84 93 85 90 121 105 48 174 40 182 110 79 167 77 135 131 8 115 64 113 116 168 178 164 88 162 56 
passengers: 290 288 293 16 22 363 147 262 423 221 145 134 112 4 102 0 190 229 198 159 300 399 

6717.92	27447	126648
tour: 0 159 50 187 112 188 37 18 122 124 82 22 118 97 195 165 94 60 148 132 137 15 69 2 190 24 143 127 4 197 185 102 170 163 152 25 58 59 184 146 171 20 19 194 161 6 175 70 16 151 108 179 31 84 93 85 90 121 105 48 174 40 182 79 167 28 57 66 54 156 17 91 186 80 21 33 98 144 153 136 133 145 71 166 68 191 129 139 87 198 42 183 109 120 74 23 160 38 75 77 7 73 117 181 123 81 52 12 55 104 138 192 29 44 32 157 172 46 140 35 27 111 193 13 76 26 128 106 78 176 89 119 189 196 39 173 83 67 177 101 53 45 10 114 49 154 96 130 99 158 142 11 199 1 147 43 92 134 65 72 126 125 63 100 180 34 86 150 95 51 41 36 61 107 3 141 62 14 110 5 9 149 30 47 103 155 169 135 131 8 115 64 113 116 168 178 164 88 162 56 0 
bonus: 159 50 187 112 188 37 18 122 124 82 22 118 97 195 165 94 60 148 132 137 15 69 2 190 24 143 127 4 197 185 102 170 163 152 25 58 59 184 146 171 20 19 194 161 6 175 70 16 151 108 179 31 84 93 85 90 121 105 48 174 40 182 79 167 28 57 66 54 156 17 91 186 80 21 33 98 144 153 136 133 145 71 166 68 191 129 139 87 198 42 183 109 120 74 23 160 38 75 77 7 73 117 181 123 81 52 12 55 104 138 192 29 44 32 157 172 46 140 35 27 111 193 13 76 26 128 106 78 176 89 119 189 196 39 173 83 67 177 101 53 45 10 114 49 154 96 130 99 158 142 11 199 1 147 43 92 134 65 72 126 125 63 100 180 34 86 150 95 51 41 36 61 107 3 141 62 14 110 5 9 149 30 47 103 155 169 135 131 8 115 64 113 116 168 178 164 88 162 56 
passengers: 290 293 67 349 32 16 363 60 105 186 423 221 154 104 81 95 227 90 300 

6715.75	27480	126648
tour: 0 159 101 53 45 10 114 49 154 96 79 167 28 57 150 95 136 133 145 71 166 68 50 187 112 188 37 80 21 33 98 149 30 47 5 9 138 192 55 104 18 122 124 82 22 118 97 195 165 94 60 148 132 137 40 182 110 175 70 16 151 108 29 44 32 157 172 46 140 35 89 130 99 158 142 105 48 174 179 31 84 93 85 90 121 51 125 63 100 180 34 86 15 69 2 190 24 143 127 4 197 185 102 170 163 152 25 58 59 184 146 171 20 19 194 161 6 11 199 1 147 43 92 134 65 72 126 41 36 103 155 144 153 27 111 119 189 61 107 3 141 62 14 67 177 169 196 39 173 83 135 131 8 115 64 113 116 168 66 54 156 17 91 186 193 13 76 26 128 106 78 176 191 129 139 87 198 42 183 109 120 74 23 160 38 75 77 7 73 117 181 123 81 52 12 178 164 88 162 56 0 
bonus: 159 101 53 45 10 114 49 154 96 79 167 28 57 150 95 136 133 145 71 166 68 50 187 112 188 37 80 21 33 98 149 30 47 5 9 138 192 55 104 18 122 124 82 22 118 97 195 165 94 60 148 132 137 40 182 110 175 70 16 151 108 29 44 32 157 172 46 140 35 89 130 99 158 142 105 48 174 179 31 84 93 85 90 121 51 125 63 100 180 34 86 15 69 2 190 24 143 127 4 197 185 102 170 163 152 25 58 59 184 146 171 20 19 194 161 6 11 199 1 147 43 92 134 65 72 126 41 36 103 155 144 153 27 111 119 189 61 107 3 141 62 14 67 177 169 196 39 173 83 135 131 8 115 64 113 116 168 66 54 156 17 91 186 193 13 76 26 128 106 78 176 191 129 139 87 198 42 183 109 120 74 23 160 38 75 77 7 73 117 181 123 81 52 12 178 164 88 162 56 
passengers: 233 80 296 295 257 58 181 376 19 71 118 267 399 186 437 378 414 

6621.75	27517	126648
tour: 0 159 50 187 112 188 26 128 106 78 176 89 130 99 158 142 105 37 80 21 33 98 28 57 35 47 5 9 149 30 69 2 48 174 40 162 171 20 146 160 38 75 66 54 156 17 91 186 193 13 76 182 110 175 70 16 151 108 18 122 124 82 22 118 97 195 165 94 60 148 132 137 15 39 173 83 135 131 197 185 102 170 163 152 25 58 59 184 103 155 144 153 27 100 180 34 86 150 179 31 84 93 85 90 121 51 41 36 134 65 72 126 125 63 111 119 189 61 107 3 141 62 14 67 177 101 53 45 10 114 49 154 96 79 167 77 7 73 117 181 169 196 8 115 64 113 116 168 178 164 88 19 194 161 6 11 199 1 147 43 92 123 81 52 12 55 104 138 192 29 44 32 157 172 46 140 133 145 71 166 68 191 129 139 87 198 42 183 109 120 74 23 95 136 4 190 24 143 127 56 0 
bonus: 159 50 187 112 188 26 128 106 78 176 89 130 99 158 142 105 37 80 21 33 98 28 57 35 47 5 9 149 30 69 2 48 174 40 162 171 20 146 160 38 75 66 54 156 17 91 186 193 13 76 182 110 175 70 16 151 108 18 122 124 82 22 118 97 195 165 94 60 148 132 137 15 39 173 83 135 131 197 185 102 170 163 152 25 58 59 184 103 155 144 153 27 100 180 34 86 150 179 31 84 93 85 90 121 51 41 36 134 65 72 126 125 63 111 119 189 61 107 3 141 62 14 67 177 101 53 45 10 114 49 154 96 79 167 77 7 73 117 181 169 196 8 115 64 113 116 168 178 164 88 19 194 161 6 11 199 1 147 43 92 123 81 52 12 55 104 138 192 29 44 32 157 172 46 140 133 145 71 166 68 191 129 139 87 198 42 183 109 120 74 23 95 136 4 190 24 143 127 56 
passengers: 288 287 262 132 421 429 430 314 301 219 409 47 200 323 285 424 233 413 414 255 256 56 443 40 12 

6490.5	27566	126648
tour: 0 159 101 53 45 10 114 49 154 96 79 26 128 84 93 85 90 121 51 125 63 111 119 23 95 136 4 197 185 102 170 163 152 25 58 59 184 3 141 62 14 67 177 189 61 107 91 186 193 13 76 171 20 146 160 38 75 139 87 198 42 183 109 120 74 77 7 73 117 181 169 196 39 173 83 135 131 8 182 110 5 9 138 192 55 104 18 122 124 82 22 118 97 195 165 94 60 148 132 137 15 69 2 190 24 143 127 31 179 115 64 113 116 168 66 54 156 17 175 70 16 151 108 29 44 32 157 172 46 140 133 145 71 166 68 50 187 112 188 37 80 52 12 178 164 88 19 194 161 6 11 199 1 147 43 92 134 65 72 126 41 36 123 81 106 78 176 191 129 21 33 98 149 30 47 103 155 144 153 27 100 180 34 86 150 167 28 57 35 89 130 99 158 142 105 48 174 40 162 56 0 
bonus: 159 101 53 45 10 114 49 154 96 79 26 128 84 93 85 90 121 51 125 63 111 119 23 95 136 4 197 185 102 170 163 152 25 58 59 184 3 141 62 14 67 177 189 61 107 91 186 193 13 76 171 20 146 160 38 75 139 87 198 42 183 109 120 74 77 7 73 117 181 169 196 39 173 83 135 131 8 182 110 5 9 138 192 55 104 18 122 124 82 22 118 97 195 165 94 60 148 132 137 15 69 2 190 24 143 127 31 179 115 64 113 116 168 66 54 156 17 175 70 16 151 108 29 44 32 157 172 46 140 133 145 71 166 68 50 187 112 188 37 80 52 12 178 164 88 19 194 161 6 11 199 1 147 43 92 134 65 72 126 41 36 123 81 106 78 176 191 129 21 33 98 149 30 47 103 155 144 153 27 100 180 34 86 150 167 28 57 35 89 130 99 158 142 105 48 174 40 162 56 
passengers: 234 232 82 304 238 267 186 168 144 314 302 388 105 141 54 65 103 153 222 86 89 

