Fo(cost)	Fo(time)	Fo(bonus)

5303.92	27199	126523
tour: 0 46 94 126 133 41 137 82 6 88 69 27 44 92 35 115 8 73 193 33 26 29 81 23 42 54 109 87 74 179 163 188 2 103 91 190 105 107 112 62 140 32 56 49 102 13 175 195 71 48 67 197 106 122 61 184 141 192 128 199 79 37 154 65 171 22 136 53 130 152 4 132 17 59 43 183 96 25 142 15 51 55 135 34 114 110 174 70 7 47 97 143 28 58 129 10 66 9 98 144 176 5 159 111 189 121 177 119 64 123 180 173 169 24 68 16 12 181 14 167 191 150 118 178 3 89 90 116 139 30 155 147 117 187 172 158 194 162 149 182 168 76 19 120 100 50 31 11 124 160 113 1 148 86 95 127 93 80 131 166 151 185 198 138 39 134 161 125 108 52 101 85 145 164 57 21 38 45 83 170 156 77 165 40 63 186 157 75 84 196 146 104 20 99 72 153 18 60 78 36 0 
bonus: 46 94 126 133 41 137 82 6 88 69 27 44 92 35 115 8 73 193 33 26 29 81 23 42 54 109 87 74 179 163 188 2 103 91 190 105 107 112 62 140 32 56 49 102 13 175 195 71 48 67 197 106 122 61 184 141 192 128 199 79 37 154 65 171 22 136 53 130 152 4 132 17 59 43 183 96 25 142 15 51 55 135 34 114 110 174 70 7 47 97 143 28 58 129 10 66 9 98 144 176 5 159 111 189 121 177 119 64 123 180 173 169 24 68 16 12 181 14 167 191 150 118 178 3 89 90 116 139 30 155 147 117 187 172 158 194 162 149 182 168 76 19 120 100 50 31 11 124 160 113 1 148 86 95 127 93 80 131 166 151 185 198 138 39 134 161 125 108 52 101 85 145 164 57 21 38 45 83 170 156 77 165 40 63 186 157 75 84 196 146 104 20 99 72 153 18 60 78 36 
passengers: 365 519 329 327 357 177 179 133 37 192 445 442 407 266 216 653 532 369 182 542 15 648 241 568 10 451 454 452 466 189 337 554 144 630 157 219 286 411 83 

5159.67	27204	126523
tour: 0 46 94 126 133 41 137 82 6 88 69 27 44 92 35 115 8 73 193 33 26 29 81 23 42 54 109 87 74 179 163 188 2 103 91 190 105 107 112 62 140 32 56 49 102 13 175 195 71 48 67 197 106 122 61 184 141 192 128 199 79 37 154 65 171 22 136 53 130 152 4 132 17 59 43 183 96 25 142 15 51 55 135 34 114 110 174 70 7 47 97 143 28 58 129 10 66 9 98 144 176 5 159 111 189 121 177 119 64 123 180 173 169 24 68 16 12 181 14 167 191 11 124 160 113 1 148 86 95 127 93 80 131 166 151 185 198 138 39 134 161 125 108 52 101 85 145 164 57 21 38 45 83 139 30 155 147 117 187 172 158 194 162 149 182 168 76 19 120 100 50 31 150 118 178 3 89 90 116 170 156 77 165 40 63 186 157 75 84 196 146 104 20 99 72 153 18 60 78 36 0 
bonus: 46 94 126 133 41 137 82 6 88 69 27 44 92 35 115 8 73 193 33 26 29 81 23 42 54 109 87 74 179 163 188 2 103 91 190 105 107 112 62 140 32 56 49 102 13 175 195 71 48 67 197 106 122 61 184 141 192 128 199 79 37 154 65 171 22 136 53 130 152 4 132 17 59 43 183 96 25 142 15 51 55 135 34 114 110 174 70 7 47 97 143 28 58 129 10 66 9 98 144 176 5 159 111 189 121 177 119 64 123 180 173 169 24 68 16 12 181 14 167 191 11 124 160 113 1 148 86 95 127 93 80 131 166 151 185 198 138 39 134 161 125 108 52 101 85 145 164 57 21 38 45 83 139 30 155 147 117 187 172 158 194 162 149 182 168 76 19 120 100 50 31 150 118 178 3 89 90 116 170 156 77 165 40 63 186 157 75 84 196 146 104 20 99 72 153 18 60 78 36 
passengers: 365 519 329 327 357 177 179 133 37 192 445 442 407 266 653 656 532 369 182 538 640 598 645 240 241 508 307 611 458 116 457 630 157 219 411 83 

5155.15	27239	126523
tour: 0 46 94 126 133 41 137 82 6 88 69 27 44 92 35 115 8 73 193 33 26 29 81 23 42 107 112 62 140 170 184 141 192 54 109 87 74 179 163 188 2 103 91 190 105 32 56 49 102 13 175 195 71 48 67 197 106 122 61 98 144 176 5 159 111 83 139 30 155 147 117 187 172 158 194 162 149 182 168 76 19 120 100 50 148 86 95 127 93 80 131 166 151 185 198 138 39 189 121 177 119 64 123 180 173 169 24 68 16 12 181 14 167 191 11 124 160 113 1 134 161 125 108 52 101 85 145 164 57 21 38 45 114 110 174 70 7 47 97 143 17 59 43 183 96 25 142 15 51 55 135 34 156 77 165 128 199 79 37 154 65 171 22 136 53 130 152 4 132 28 58 129 10 66 9 31 150 118 178 3 89 90 116 40 63 186 157 75 84 196 146 104 20 99 72 153 18 60 78 36 0 
bonus: 46 94 126 133 41 137 82 6 88 69 27 44 92 35 115 8 73 193 33 26 29 81 23 42 107 112 62 140 170 184 141 192 54 109 87 74 179 163 188 2 103 91 190 105 32 56 49 102 13 175 195 71 48 67 197 106 122 61 98 144 176 5 159 111 83 139 30 155 147 117 187 172 158 194 162 149 182 168 76 19 120 100 50 148 86 95 127 93 80 131 166 151 185 198 138 39 189 121 177 119 64 123 180 173 169 24 68 16 12 181 14 167 191 11 124 160 113 1 134 161 125 108 52 101 85 145 164 57 21 38 45 114 110 174 70 7 47 97 143 17 59 43 183 96 25 142 15 51 55 135 34 156 77 165 128 199 79 37 154 65 171 22 136 53 130 152 4 132 28 58 129 10 66 9 31 150 118 178 3 89 90 116 40 63 186 157 75 84 196 146 104 20 99 72 153 18 60 78 36 
passengers: 365 519 329 327 357 177 175 139 654 192 407 405 271 640 15 559 461 186 308 469 471 475 647 247 51 610 446 32 35 542 55 56 515 573 511 116 568 563 6 361 457 286 83 

5146.2	27247	126523
tour: 0 46 94 126 133 41 137 82 185 111 83 170 6 88 69 27 44 92 35 115 8 73 193 33 57 21 38 45 114 110 174 70 7 47 97 143 17 59 43 183 96 25 142 15 51 55 135 34 156 77 165 128 199 79 37 154 65 171 22 198 138 39 189 121 177 119 64 123 180 173 169 24 68 16 12 181 14 167 191 11 124 160 113 1 134 161 125 108 52 101 85 145 164 151 131 166 80 28 58 129 10 66 9 31 150 2 103 91 53 130 152 4 132 3 139 30 155 147 117 187 172 158 194 162 149 182 168 98 144 176 5 159 62 140 32 56 49 102 13 175 195 71 48 26 29 81 23 42 107 112 190 105 118 178 76 19 120 100 50 148 86 95 127 93 136 67 197 106 122 61 184 141 192 54 109 87 74 179 163 188 89 90 116 40 63 186 157 75 84 196 146 104 20 99 72 153 18 60 78 36 0 
bonus: 46 94 126 133 41 137 82 185 111 83 170 6 88 69 27 44 92 35 115 8 73 193 33 57 21 38 45 114 110 174 70 7 47 97 143 17 59 43 183 96 25 142 15 51 55 135 34 156 77 165 128 199 79 37 154 65 171 22 198 138 39 189 121 177 119 64 123 180 173 169 24 68 16 12 181 14 167 191 11 124 160 113 1 134 161 125 108 52 101 85 145 164 151 131 166 80 28 58 129 10 66 9 31 150 2 103 91 53 130 152 4 132 3 139 30 155 147 117 187 172 158 194 162 149 182 168 98 144 176 5 159 62 140 32 56 49 102 13 175 195 71 48 26 29 81 23 42 107 112 190 105 118 178 76 19 120 100 50 148 86 95 127 93 136 67 197 106 122 61 184 141 192 54 109 87 74 179 163 188 89 90 116 40 63 186 157 75 84 196 146 104 20 99 72 153 18 60 78 36 
passengers: 365 329 327 629 631 179 180 363 129 132 36 127 203 258 35 182 515 482 246 240 621 190 611 228 225 118 459 14 407 269 433 429 395 385 389 490 527 195 340 361 286 83 

5112.95	27253	126523
tour: 0 46 52 101 85 145 164 151 131 166 80 28 58 129 10 66 9 31 150 118 178 76 19 120 100 50 148 86 95 127 93 136 67 197 106 122 61 184 141 192 54 109 87 74 179 163 188 2 103 91 190 105 32 56 49 102 13 175 195 71 48 26 29 81 23 53 130 152 4 132 3 89 90 116 40 63 186 157 176 5 159 111 83 139 30 155 147 117 187 172 158 194 162 149 182 168 98 144 47 97 143 17 59 43 183 96 25 142 15 51 55 135 34 156 77 165 128 199 79 37 154 65 171 22 94 126 133 41 137 82 185 198 138 39 189 121 177 119 64 123 180 173 169 24 68 125 108 181 14 167 191 11 124 160 113 1 134 161 42 107 112 62 140 170 6 88 69 27 44 92 35 115 8 73 193 33 57 21 38 45 114 110 174 70 7 16 12 75 84 196 146 104 20 99 72 153 18 60 78 36 0 
bonus: 46 52 101 85 145 164 151 131 166 80 28 58 129 10 66 9 31 150 118 178 76 19 120 100 50 148 86 95 127 93 136 67 197 106 122 61 184 141 192 54 109 87 74 179 163 188 2 103 91 190 105 32 56 49 102 13 175 195 71 48 26 29 81 23 53 130 152 4 132 3 89 90 116 40 63 186 157 176 5 159 111 83 139 30 155 147 117 187 172 158 194 162 149 182 168 98 144 47 97 143 17 59 43 183 96 25 142 15 51 55 135 34 156 77 165 128 199 79 37 154 65 171 22 94 126 133 41 137 82 185 198 138 39 189 121 177 119 64 123 180 173 169 24 68 125 108 181 14 167 191 11 124 160 113 1 134 161 42 107 112 62 140 170 6 88 69 27 44 92 35 115 8 73 193 33 57 21 38 45 114 110 174 70 7 16 12 75 84 196 146 104 20 99 72 153 18 60 78 36 
passengers: 188 187 190 336 556 228 500 487 216 192 408 265 321 315 11 360 593 15 581 464 374 182 368 62 516 289 251 620 162 217 629 36 124 127 203 144 262 30 83 

4882.2	27259	126523
tour: 0 46 52 101 85 145 164 151 131 166 80 28 58 129 10 66 9 31 150 118 178 76 19 120 100 50 148 86 95 127 93 136 67 197 106 122 61 184 141 192 54 109 87 74 179 163 188 2 103 91 53 130 152 4 132 3 89 90 116 40 63 186 29 81 23 157 176 5 159 111 83 139 30 155 147 117 187 172 158 194 162 149 182 168 98 144 47 97 143 17 59 43 183 96 25 142 15 51 55 135 34 156 77 165 128 199 79 37 154 65 171 22 94 126 133 41 137 82 185 198 138 39 189 121 177 119 64 123 180 173 169 24 68 125 108 181 14 167 191 11 124 160 113 1 134 161 42 107 112 190 105 32 56 49 102 13 175 195 71 48 26 73 193 33 57 21 38 45 114 110 174 70 7 16 12 75 62 140 170 6 88 69 27 44 92 35 115 8 84 196 146 104 20 99 72 153 18 60 78 36 0 
bonus: 46 52 101 85 145 164 151 131 166 80 28 58 129 10 66 9 31 150 118 178 76 19 120 100 50 148 86 95 127 93 136 67 197 106 122 61 184 141 192 54 109 87 74 179 163 188 2 103 91 53 130 152 4 132 3 89 90 116 40 63 186 29 81 23 157 176 5 159 111 83 139 30 155 147 117 187 172 158 194 162 149 182 168 98 144 47 97 143 17 59 43 183 96 25 142 15 51 55 135 34 156 77 165 128 199 79 37 154 65 171 22 94 126 133 41 137 82 185 198 138 39 189 121 177 119 64 123 180 173 169 24 68 125 108 181 14 167 191 11 124 160 113 1 134 161 42 107 112 190 105 32 56 49 102 13 175 195 71 48 26 73 193 33 57 21 38 45 114 110 174 70 7 16 12 75 62 140 170 6 88 69 27 44 92 35 115 8 84 196 146 104 20 99 72 153 18 60 78 36 
passengers: 188 187 190 336 556 117 186 216 340 578 573 7 360 451 321 15 464 182 535 62 517 289 107 620 165 164 436 444 445 108 124 198 46 217 629 255 181 411 413 83 

4831.15	27289	126523
tour: 0 46 94 126 133 41 56 49 102 13 175 66 9 31 150 118 178 76 19 120 100 50 148 86 95 127 37 154 65 171 22 198 138 39 189 15 51 55 135 34 156 77 165 128 199 79 130 152 4 132 3 89 90 116 40 63 186 157 176 5 159 62 140 170 6 88 69 27 44 92 35 115 8 73 193 137 82 185 111 83 139 30 33 57 75 84 196 146 104 20 99 72 21 38 45 114 110 174 70 7 16 12 181 153 18 60 78 25 142 161 155 147 117 187 172 158 194 162 149 182 168 98 144 47 97 143 17 59 43 121 177 119 64 123 93 136 67 197 106 122 61 184 141 192 54 109 87 74 179 163 188 2 103 91 53 36 183 96 14 167 191 11 124 160 113 1 134 32 195 71 48 26 29 81 23 42 107 112 190 105 180 173 169 24 68 125 108 52 101 85 145 164 151 131 166 80 28 58 129 10 0 
bonus: 46 94 126 133 41 56 49 102 13 175 66 9 31 150 118 178 76 19 120 100 50 148 86 95 127 37 154 65 171 22 198 138 39 189 15 51 55 135 34 156 77 165 128 199 79 130 152 4 132 3 89 90 116 40 63 186 157 176 5 159 62 140 170 6 88 69 27 44 92 35 115 8 73 193 137 82 185 111 83 139 30 33 57 75 84 196 146 104 20 99 72 21 38 45 114 110 174 70 7 16 12 181 153 18 60 78 25 142 161 155 147 117 187 172 158 194 162 149 182 168 98 144 47 97 143 17 59 43 121 177 119 64 123 93 136 67 197 106 122 61 184 141 192 54 109 87 74 179 163 188 2 103 91 53 36 183 96 14 167 191 11 124 160 113 1 134 32 195 71 48 26 29 81 23 42 107 112 190 105 180 173 169 24 68 125 108 52 101 85 145 164 151 131 166 80 28 58 129 10 
passengers: 364 366 405 402 409 229 118 386 508 505 509 573 457 160 637 629 359 36 520 203 382 153 262 35 205 294 183 477 230 233 423 487 492 264 325 103 94 427 246 310 

4796.92	27379	126523
tour: 0 194 162 149 56 49 102 174 135 34 156 77 70 7 16 12 181 153 18 60 141 192 54 109 87 74 179 21 38 45 114 110 185 111 5 159 62 140 32 195 71 78 25 142 88 69 27 44 92 35 115 8 73 193 33 57 75 84 196 177 119 64 123 180 3 139 30 155 147 13 163 188 2 103 91 9 31 150 118 178 76 19 120 100 50 148 86 95 127 93 136 53 36 11 124 160 113 130 152 4 132 17 59 43 183 96 14 167 191 22 83 170 6 99 72 89 65 171 175 66 187 172 158 137 15 51 55 146 104 20 165 128 199 79 37 154 117 198 138 39 189 121 46 94 126 133 41 82 1 134 161 42 107 112 190 105 26 48 67 197 106 122 61 184 182 168 98 144 47 97 143 90 116 40 63 186 29 81 23 157 176 173 169 24 68 125 108 52 101 85 145 164 151 131 166 80 28 58 129 10 0 
bonus: 194 162 149 56 49 102 174 135 34 156 77 70 7 16 12 181 153 18 60 141 192 54 109 87 74 179 21 38 45 114 110 185 111 5 159 62 140 32 195 71 78 25 142 88 69 27 44 92 35 115 8 73 193 33 57 75 84 196 177 119 64 123 180 3 139 30 155 147 13 163 188 2 103 91 9 31 150 118 178 76 19 120 100 50 148 86 95 127 93 136 53 36 11 124 160 113 130 152 4 132 17 59 43 183 96 14 167 191 22 83 170 6 99 72 89 65 171 175 66 187 172 158 137 15 51 55 146 104 20 165 128 199 79 37 154 117 198 138 39 189 121 46 94 126 133 41 82 1 134 161 42 107 112 190 105 26 48 67 197 106 122 61 184 182 168 98 144 47 97 143 90 116 40 63 186 29 81 23 157 176 173 169 24 68 125 108 52 101 85 145 164 151 131 166 80 28 58 129 10 
passengers: 399 403 397 402 406 29 76 53 210 192 271 130 470 471 645 562 116 394 508 382 282 274 634 633 514 234 423 491 653 543 325 94 102 640 246 240 310 

4782.22	27452	126523
tour: 0 194 162 149 56 49 102 135 34 114 110 174 70 7 16 12 181 153 24 68 125 108 52 101 85 145 164 57 75 84 196 177 119 64 123 93 80 28 58 124 160 113 1 134 116 40 63 186 29 81 23 157 176 44 92 35 115 8 73 193 33 26 48 67 197 106 122 61 184 141 192 54 109 87 74 179 21 71 78 25 142 161 42 107 112 190 38 45 83 170 6 88 69 27 105 180 3 139 30 155 131 14 167 191 156 77 165 128 39 189 121 46 94 126 133 41 82 166 151 185 111 5 159 62 140 32 195 163 188 2 103 91 147 13 175 66 9 31 150 118 178 76 19 120 100 50 148 86 199 79 130 96 182 168 98 144 47 97 143 90 136 53 36 11 18 60 152 4 132 17 59 43 183 158 137 15 51 55 146 104 20 99 72 89 65 171 22 198 138 187 172 95 127 37 154 117 173 169 129 10 0 
bonus: 194 162 149 56 49 102 135 34 114 110 174 70 7 16 12 181 153 24 68 125 108 52 101 85 145 164 57 75 84 196 177 119 64 123 93 80 28 58 124 160 113 1 134 116 40 63 186 29 81 23 157 176 44 92 35 115 8 73 193 33 26 48 67 197 106 122 61 184 141 192 54 109 87 74 179 21 71 78 25 142 161 42 107 112 190 38 45 83 170 6 88 69 27 105 180 3 139 30 155 131 14 167 191 156 77 165 128 39 189 121 46 94 126 133 41 82 166 151 185 111 5 159 62 140 32 195 163 188 2 103 91 147 13 175 66 9 31 150 118 178 76 19 120 100 50 148 86 199 79 130 96 182 168 98 144 47 97 143 90 136 53 36 11 18 60 152 4 132 17 59 43 183 158 137 15 51 55 146 104 20 99 72 89 65 171 22 198 138 187 172 95 127 37 154 117 173 169 129 10 
passengers: 399 403 408 397 396 22 73 2 160 112 594 131 230 216 192 269 432 433 141 350 643 11 522 616 366 21 116 568 186 367 538 536 360 206 63 273 501 463 

4739.27	27477	126523
tour: 0 194 162 149 56 49 102 135 34 114 110 174 70 7 16 153 18 60 78 25 142 161 42 107 112 190 38 45 83 170 6 88 69 27 105 180 3 139 30 155 131 166 151 185 111 5 159 133 41 82 1 134 116 40 63 186 29 81 23 157 176 44 14 167 191 156 77 165 128 39 189 121 46 94 126 12 181 31 150 118 178 76 19 120 100 50 148 75 84 196 177 119 64 123 93 80 28 58 124 160 113 130 152 4 132 17 59 43 183 96 182 168 115 8 73 193 33 26 48 67 86 199 79 62 140 32 195 163 188 2 103 91 147 13 175 66 9 98 144 47 97 143 90 136 53 36 11 197 106 122 61 184 141 192 54 109 87 74 179 21 71 24 68 125 108 52 101 85 145 164 57 92 35 158 137 15 51 55 146 104 20 99 72 89 65 171 22 198 138 187 172 95 127 37 154 117 173 169 129 10 0 
bonus: 194 162 149 56 49 102 135 34 114 110 174 70 7 16 153 18 60 78 25 142 161 42 107 112 190 38 45 83 170 6 88 69 27 105 180 3 139 30 155 131 166 151 185 111 5 159 133 41 82 1 134 116 40 63 186 29 81 23 157 176 44 14 167 191 156 77 165 128 39 189 121 46 94 126 12 181 31 150 118 178 76 19 120 100 50 148 75 84 196 177 119 64 123 93 80 28 58 124 160 113 130 152 4 132 17 59 43 183 96 182 168 115 8 73 193 33 26 48 67 86 199 79 62 140 32 195 163 188 2 103 91 147 13 175 66 9 98 144 47 97 143 90 136 53 36 11 197 106 122 61 184 141 192 54 109 87 74 179 21 71 24 68 125 108 52 101 85 145 164 57 92 35 158 137 15 51 55 146 104 20 99 72 89 65 171 22 198 138 187 172 95 127 37 154 117 173 169 129 10 
passengers: 399 404 397 396 410 34 76 215 165 164 432 146 140 643 648 456 451 452 113 290 366 53 186 472 474 221 305 37 121 663 182 424 650 246 335 63 273 501 463 

4733.77	27492	126523
tour: 0 194 162 149 56 49 102 135 34 125 63 11 197 106 122 61 184 141 192 54 109 87 74 108 52 101 85 145 164 57 92 35 115 8 73 193 33 26 48 67 86 95 127 37 154 117 198 138 39 189 121 46 94 126 77 165 128 199 79 62 140 32 195 163 188 2 103 91 147 13 175 66 9 31 150 118 178 76 19 120 100 50 148 75 84 196 177 119 64 123 93 80 28 58 124 160 113 130 152 4 132 17 59 43 183 96 182 168 98 144 47 97 143 90 136 53 36 146 104 20 99 72 89 65 171 22 83 170 6 88 69 116 40 105 180 3 139 187 172 158 137 15 51 55 30 155 131 166 151 185 111 5 159 133 41 82 1 134 161 42 107 112 190 38 45 114 110 174 70 7 27 44 14 167 191 156 179 21 71 24 68 16 12 181 153 18 60 78 25 142 186 29 81 23 157 176 173 169 129 10 0 
bonus: 194 162 149 56 49 102 135 34 125 63 11 197 106 122 61 184 141 192 54 109 87 74 108 52 101 85 145 164 57 92 35 115 8 73 193 33 26 48 67 86 95 127 37 154 117 198 138 39 189 121 46 94 126 77 165 128 199 79 62 140 32 195 163 188 2 103 91 147 13 175 66 9 31 150 118 178 76 19 120 100 50 148 75 84 196 177 119 64 123 93 80 28 58 124 160 113 130 152 4 132 17 59 43 183 96 182 168 98 144 47 97 143 90 136 53 36 146 104 20 99 72 89 65 171 22 83 170 6 88 69 116 40 105 180 3 139 187 172 158 137 15 51 55 30 155 131 166 151 185 111 5 159 133 41 82 1 134 161 42 107 112 190 38 45 114 110 174 70 7 27 44 14 167 191 156 179 21 71 24 68 16 12 181 153 18 60 78 25 142 186 29 81 23 157 176 173 169 129 10 
passengers: 403 407 408 401 402 424 654 129 232 507 366 559 116 186 473 307 604 535 282 630 453 158 14 329 145 142 146 173 106 83 325 94 102 105 

4731.9	27558	126523
tour: 0 194 162 149 56 49 102 18 60 78 25 142 186 29 81 23 157 111 5 159 133 41 82 1 165 128 39 134 116 40 105 180 3 139 176 44 14 167 191 156 179 21 71 67 86 199 79 62 140 32 195 163 188 2 103 91 147 13 175 77 70 7 16 12 181 153 24 68 125 63 11 197 106 122 110 174 135 161 42 107 112 190 38 45 83 170 6 88 69 27 158 137 15 51 55 30 155 131 166 151 185 189 34 114 48 61 184 141 192 54 109 87 74 108 52 101 85 145 164 57 92 35 115 8 73 193 33 26 121 46 94 126 66 9 31 150 118 178 76 19 120 100 50 148 75 84 196 177 119 64 123 93 80 28 58 124 160 113 130 152 4 132 17 59 43 183 96 182 168 98 144 47 97 143 90 136 53 36 146 104 20 99 72 89 65 171 22 198 138 187 172 95 127 37 154 117 173 169 129 10 0 
bonus: 194 162 149 56 49 102 18 60 78 25 142 186 29 81 23 157 111 5 159 133 41 82 1 165 128 39 134 116 40 105 180 3 139 176 44 14 167 191 156 179 21 71 67 86 199 79 62 140 32 195 163 188 2 103 91 147 13 175 77 70 7 16 12 181 153 24 68 125 63 11 197 106 122 110 174 135 161 42 107 112 190 38 45 83 170 6 88 69 27 158 137 15 51 55 30 155 131 166 151 185 189 34 114 48 61 184 141 192 54 109 87 74 108 52 101 85 145 164 57 92 35 115 8 73 193 33 26 121 46 94 126 66 9 31 150 118 178 76 19 120 100 50 148 75 84 196 177 119 64 123 93 80 28 58 124 160 113 130 152 4 132 17 59 43 183 96 182 168 98 144 47 97 143 90 136 53 36 146 104 20 99 72 89 65 171 22 198 138 187 172 95 127 37 154 117 173 169 129 10 
passengers: 396 83 80 84 213 295 321 18 329 0 177 620 269 663 258 247 427 662 629 60 590 591 556 129 135 38 366 116 186 286 310 578 538 536 92 273 501 463 

4685.57	27560	126523
tour: 0 194 162 149 56 49 102 18 60 141 192 54 109 87 74 179 21 71 48 67 86 199 79 62 140 32 195 163 188 2 103 91 147 13 175 66 9 31 150 118 178 76 19 120 100 50 148 75 84 196 177 119 64 123 93 80 28 58 124 160 113 130 96 182 168 98 144 47 97 143 90 136 53 36 146 104 20 165 128 39 134 116 40 63 11 197 106 78 25 142 186 29 111 5 159 133 41 82 1 122 61 184 152 88 69 27 105 180 3 139 176 44 14 167 191 156 77 70 7 16 12 181 153 24 68 125 108 52 101 85 145 164 57 81 23 157 92 35 115 8 73 193 33 26 121 46 94 126 4 132 17 59 43 183 158 137 15 51 55 30 155 131 166 151 185 189 34 114 110 174 135 161 42 107 112 190 38 45 83 170 6 99 72 89 65 171 22 198 138 187 172 95 127 37 154 117 173 169 129 10 0 
bonus: 194 162 149 56 49 102 18 60 141 192 54 109 87 74 179 21 71 48 67 86 199 79 62 140 32 195 163 188 2 103 91 147 13 175 66 9 31 150 118 178 76 19 120 100 50 148 75 84 196 177 119 64 123 93 80 28 58 124 160 113 130 96 182 168 98 144 47 97 143 90 136 53 36 146 104 20 165 128 39 134 116 40 63 11 197 106 78 25 142 186 29 111 5 159 133 41 82 1 122 61 184 152 88 69 27 105 180 3 139 176 44 14 167 191 156 77 70 7 16 12 181 153 24 68 125 108 52 101 85 145 164 57 81 23 157 92 35 115 8 73 193 33 26 121 46 94 126 4 132 17 59 43 183 158 137 15 51 55 30 155 131 166 151 185 189 34 114 110 174 135 161 42 107 112 190 38 45 83 170 6 99 72 89 65 171 22 198 138 187 172 95 127 37 154 117 173 169 129 10 
passengers: 405 402 409 406 80 192 271 232 118 568 287 186 468 473 183 416 112 18 19 599 514 216 359 7 258 34 107 247 322 124 109 60 63 581 168 142 273 501 463 

