Fo(cost)	Fo(time)	Fo(bonus)

 25254	27199	121061
tour: 0 138 123 149 46 163 154 196 135 116 160 142 146 49 128 172 67 18 13 21 99 61 75 121 6 32 167 113 152 74 65 141 16 81 195 72 129 34 48 82 24 44 107 41 197 8 125 56 2 30 131 117 77 28 102 52 194 71 9 182 68 62 133 130 166 148 55 174 70 115 114 38 80 136 193 57 51 37 109 139 63 12 93 144 176 184 127 31 90 165 190 164 168 25 95 79 161 42 103 187 189 88 1 69 87 94 58 22 15 7 110 3 159 66 126 27 158 122 29 173 145 162 134 157 17 23 177 181 108 73 4 191 20 53 5 89 120 183 188 106 101 83 39 50 153 186 35 40 171 112 192 85 14 132 170 169 45 96 118 36 54 60 104 180 19 47 78 151 199 100 64 26 111 178 43 97 33 76 155 147 84 105 86 137 175 98 59 92 150 156 198 140 143 119 124 11 91 179 10 185 0 
bonus: 138 123 149 46 163 154 196 135 116 160 142 146 49 128 172 67 18 13 21 99 61 75 121 6 32 167 113 152 74 65 141 16 81 195 72 129 34 48 82 24 44 107 41 197 8 125 56 2 30 131 117 77 28 102 52 194 71 9 182 68 62 133 130 166 148 55 174 70 115 114 38 80 136 193 57 51 37 109 139 63 12 93 144 176 184 127 31 90 165 190 164 168 25 95 79 161 42 103 187 189 88 1 69 87 94 58 22 15 7 110 3 159 66 126 27 158 122 29 173 145 162 134 157 17 23 177 181 108 73 4 191 20 53 5 89 120 183 188 106 101 83 39 50 153 186 35 40 171 112 192 85 14 132 170 169 45 96 118 36 54 60 104 180 19 47 78 151 199 100 64 26 111 178 43 97 33 76 155 147 84 105 86 137 175 98 59 92 150 156 198 140 143 119 124 11 91 179 10 185 
passengers: 6 7 0 194 42 14 198 123 187 140 90 332 49 12 167 73 333 273 248 60 61 150 289 

  9742	27200	121061
tour: 0 138 123 149 46 163 154 196 135 116 160 142 146 49 128 172 67 18 13 21 99 61 75 121 112 192 85 14 132 170 169 45 96 118 36 54 60 104 180 19 47 78 151 199 100 64 26 111 178 43 97 33 76 155 147 84 105 86 137 175 98 59 92 150 156 198 140 143 119 124 11 91 179 10 185 73 4 191 20 53 5 89 120 183 188 106 101 83 39 50 153 186 35 40 182 68 62 133 130 166 148 55 174 70 115 114 38 80 136 193 57 51 37 109 139 63 12 93 144 176 184 127 31 90 165 190 164 168 25 95 79 161 42 103 187 189 88 1 69 87 94 58 22 15 7 110 3 159 66 126 27 158 122 29 173 145 162 134 157 17 23 177 181 108 6 32 167 113 152 74 65 141 16 81 195 72 129 34 48 82 24 44 107 41 197 8 125 56 2 30 131 117 77 28 102 52 194 71 9 171 0 
bonus: 138 123 149 46 163 154 196 135 116 160 142 146 49 128 172 67 18 13 21 99 61 75 121 112 192 85 14 132 170 169 45 96 118 36 54 60 104 180 19 47 78 151 199 100 64 26 111 178 43 97 33 76 155 147 84 105 86 137 175 98 59 92 150 156 198 140 143 119 124 11 91 179 10 185 73 4 191 20 53 5 89 120 183 188 106 101 83 39 50 153 186 35 40 182 68 62 133 130 166 148 55 174 70 115 114 38 80 136 193 57 51 37 109 139 63 12 93 144 176 184 127 31 90 165 190 164 168 25 95 79 161 42 103 187 189 88 1 69 87 94 58 22 15 7 110 3 159 66 126 27 158 122 29 173 145 162 134 157 17 23 177 181 108 6 32 167 113 152 74 65 141 16 81 195 72 129 34 48 82 24 44 107 41 197 8 125 56 2 30 131 117 77 28 102 52 194 71 9 171 
passengers: 0 324 327 387 300 335 129 127 202 389 238 233 370 379 140 90 332 177 51 163 44 42 117 52 198 

7278.17	27205	121061
tour: 0 77 28 102 52 194 71 9 171 112 192 96 20 104 180 19 47 78 151 199 100 64 26 111 178 43 97 33 76 155 147 84 48 124 11 16 81 195 72 129 34 98 59 92 150 156 198 140 143 74 65 141 113 152 85 14 132 130 166 148 55 174 70 115 114 38 91 82 24 44 107 41 197 8 125 56 2 30 131 117 15 7 110 3 159 66 126 27 158 122 29 173 145 162 134 157 17 23 80 136 193 57 51 37 109 139 63 12 93 144 176 184 127 31 90 165 53 5 89 120 183 188 106 101 83 39 50 153 186 35 40 182 99 61 75 121 6 32 167 21 119 62 133 68 170 169 45 138 123 149 46 163 154 196 135 116 160 142 146 49 128 172 67 18 13 105 86 137 175 118 36 54 60 177 181 108 73 190 164 168 25 95 79 161 42 103 187 189 88 1 69 87 94 58 22 4 191 179 10 185 0 
bonus: 77 28 102 52 194 71 9 171 112 192 96 20 104 180 19 47 78 151 199 100 64 26 111 178 43 97 33 76 155 147 84 48 124 11 16 81 195 72 129 34 98 59 92 150 156 198 140 143 74 65 141 113 152 85 14 132 130 166 148 55 174 70 115 114 38 91 82 24 44 107 41 197 8 125 56 2 30 131 117 15 7 110 3 159 66 126 27 158 122 29 173 145 162 134 157 17 23 80 136 193 57 51 37 109 139 63 12 93 144 176 184 127 31 90 165 53 5 89 120 183 188 106 101 83 39 50 153 186 35 40 182 99 61 75 121 6 32 167 21 119 62 133 68 170 169 45 138 123 149 46 163 154 196 135 116 160 142 146 49 128 172 67 18 13 105 86 137 175 118 36 54 60 177 181 108 73 190 164 168 25 95 79 161 42 103 187 189 88 1 69 87 94 58 22 4 191 179 10 185 
passengers: 198 65 67 333 60 82 227 235 164 73 74 205 381 223 155 193 337 27 360 179 

  7045	27208	121061
tour: 0 77 28 102 52 194 71 127 31 90 165 190 164 168 25 95 79 161 42 103 187 189 169 45 138 123 149 46 152 74 65 141 113 85 14 132 15 7 110 3 170 30 131 117 88 1 69 87 94 58 22 163 154 196 135 116 160 142 146 49 128 172 67 18 13 105 86 137 175 118 36 54 60 104 180 19 47 78 151 59 92 150 156 198 140 143 119 191 179 10 185 73 4 130 177 181 108 6 32 167 21 99 61 75 121 112 9 182 68 62 133 166 148 55 174 70 115 114 38 91 82 24 44 107 41 197 8 125 56 2 199 100 64 26 111 178 43 97 33 76 155 147 84 48 124 11 16 192 96 20 53 5 89 120 183 81 195 159 66 126 27 158 122 29 173 145 162 134 157 17 23 80 136 193 57 51 37 109 139 63 12 93 144 176 184 72 129 34 98 188 106 101 83 39 50 153 186 35 40 171 0 
bonus: 77 28 102 52 194 71 127 31 90 165 190 164 168 25 95 79 161 42 103 187 189 169 45 138 123 149 46 152 74 65 141 113 85 14 132 15 7 110 3 170 30 131 117 88 1 69 87 94 58 22 163 154 196 135 116 160 142 146 49 128 172 67 18 13 105 86 137 175 118 36 54 60 104 180 19 47 78 151 59 92 150 156 198 140 143 119 191 179 10 185 73 4 130 177 181 108 6 32 167 21 99 61 75 121 112 9 182 68 62 133 166 148 55 174 70 115 114 38 91 82 24 44 107 41 197 8 125 56 2 199 100 64 26 111 178 43 97 33 76 155 147 84 48 124 11 16 192 96 20 53 5 89 120 183 81 195 159 66 126 27 158 122 29 173 145 162 134 157 17 23 80 136 193 57 51 37 109 139 63 12 93 144 176 184 72 129 34 98 188 106 101 83 39 50 153 186 35 40 171 
passengers: 198 69 66 187 331 387 300 304 84 129 204 258 235 95 20 233 164 73 205 139 

7034.33	27367	121061
tour: 0 138 123 149 26 111 178 43 97 33 76 155 147 84 48 124 11 16 192 96 20 104 180 19 58 22 4 99 13 105 86 73 190 36 117 88 1 32 167 21 119 62 133 68 170 30 131 69 87 94 75 121 61 118 109 139 158 122 15 7 194 71 173 145 162 134 157 17 23 80 153 186 35 40 151 59 92 150 156 198 140 143 74 65 141 113 152 85 14 132 130 166 148 55 174 70 115 114 38 91 82 102 52 77 28 46 163 154 196 135 116 160 142 146 49 128 172 67 29 193 57 51 37 176 184 189 169 45 127 31 90 165 53 5 89 47 78 171 112 9 182 110 3 159 66 126 27 164 168 25 95 54 60 177 181 108 6 79 161 42 103 187 195 72 129 34 12 93 144 120 183 81 136 137 175 98 188 106 101 83 39 50 24 44 107 41 197 8 125 56 2 199 100 64 63 18 191 179 10 185 0 
bonus: 138 123 149 26 111 178 43 97 33 76 155 147 84 48 124 11 16 192 96 20 104 180 19 58 22 4 99 13 105 86 73 190 36 117 88 1 32 167 21 119 62 133 68 170 30 131 69 87 94 75 121 61 118 109 139 158 122 15 7 194 71 173 145 162 134 157 17 23 80 153 186 35 40 151 59 92 150 156 198 140 143 74 65 141 113 152 85 14 132 130 166 148 55 174 70 115 114 38 91 82 102 52 77 28 46 163 154 196 135 116 160 142 146 49 128 172 67 29 193 57 51 37 176 184 189 169 45 127 31 90 165 53 5 89 47 78 171 112 9 182 110 3 159 66 126 27 164 168 25 95 54 60 177 181 108 6 79 161 42 103 187 195 72 129 34 12 93 144 120 183 81 136 137 175 98 188 106 101 83 39 50 24 44 107 41 197 8 125 56 2 199 100 64 63 18 191 179 10 185 
passengers: 326 324 80 45 24 190 376 287 170 339 227 237 123 66 74 382 140 128 367 349 256 222 114 8 

6903.5	27380	121061
tour: 0 138 123 149 26 111 178 43 97 33 76 155 147 84 48 124 11 91 82 102 52 194 71 127 31 90 165 190 36 117 88 1 32 167 21 119 62 133 68 170 30 131 69 87 94 75 121 61 118 109 139 158 122 15 7 183 81 136 193 57 51 37 196 135 116 160 142 146 49 128 172 67 29 173 145 162 134 157 17 23 177 181 108 6 79 161 42 103 187 195 159 66 126 113 152 35 40 171 112 9 182 110 3 114 38 80 153 186 77 28 46 163 154 120 72 129 34 12 93 144 176 184 189 169 45 96 20 53 5 89 47 78 151 59 92 150 156 198 140 143 74 65 141 16 192 85 14 132 130 166 148 55 174 70 115 27 164 168 25 95 54 60 104 180 19 58 22 4 99 13 105 86 73 137 175 98 188 106 101 83 39 50 24 44 107 41 197 8 125 56 2 199 100 64 63 18 191 179 10 185 0 
bonus: 138 123 149 26 111 178 43 97 33 76 155 147 84 48 124 11 91 82 102 52 194 71 127 31 90 165 190 36 117 88 1 32 167 21 119 62 133 68 170 30 131 69 87 94 75 121 61 118 109 139 158 122 15 7 183 81 136 193 57 51 37 196 135 116 160 142 146 49 128 172 67 29 173 145 162 134 157 17 23 177 181 108 6 79 161 42 103 187 195 159 66 126 113 152 35 40 171 112 9 182 110 3 114 38 80 153 186 77 28 46 163 154 120 72 129 34 12 93 144 176 184 189 169 45 96 20 53 5 89 47 78 151 59 92 150 156 198 140 143 74 65 141 16 192 85 14 132 130 166 148 55 174 70 115 27 164 168 25 95 54 60 104 180 19 58 22 4 99 13 105 86 73 137 175 98 188 106 101 83 39 50 24 44 107 41 197 8 125 56 2 199 100 64 63 18 191 179 10 185 
passengers: 326 327 60 236 186 374 143 383 361 265 103 366 209 297 313 42 49 26 256 114 8 

