Fo(cost)	Fo(time)	Fo(bonus)

7149.83	27296	124018
tour: 0 20 168 101 127 37 56 194 183 5 41 62 29 25 107 17 144 155 66 75 180 85 164 36 79 74 49 126 156 124 112 116 195 67 83 51 58 40 48 199 32 34 135 191 128 160 175 103 6 106 96 71 84 53 174 189 117 54 133 150 181 7 42 21 89 185 162 105 43 46 65 177 171 109 45 8 110 159 129 35 198 100 138 132 154 23 14 118 2 197 151 140 146 1 182 15 64 120 148 157 70 19 113 76 153 31 92 158 170 149 104 82 30 80 44 87 10 4 188 137 196 123 88 97 102 178 27 179 145 95 131 108 18 134 78 39 77 69 122 161 166 72 130 61 59 11 73 187 99 136 22 111 91 60 152 93 13 55 125 90 16 141 190 147 186 167 139 50 12 119 115 86 143 121 169 114 57 98 28 47 142 52 165 26 63 192 38 173 81 163 9 184 94 172 24 193 33 68 3 176 0 
bonus: 20 168 101 127 37 56 194 183 5 41 62 29 25 107 17 144 155 66 75 180 85 164 36 79 74 49 126 156 124 112 116 195 67 83 51 58 40 48 199 32 34 135 191 128 160 175 103 6 106 96 71 84 53 174 189 117 54 133 150 181 7 42 21 89 185 162 105 43 46 65 177 171 109 45 8 110 159 129 35 198 100 138 132 154 23 14 118 2 197 151 140 146 1 182 15 64 120 148 157 70 19 113 76 153 31 92 158 170 149 104 82 30 80 44 87 10 4 188 137 196 123 88 97 102 178 27 179 145 95 131 108 18 134 78 39 77 69 122 161 166 72 130 61 59 11 73 187 99 136 22 111 91 60 152 93 13 55 125 90 16 141 190 147 186 167 139 50 12 119 115 86 143 121 169 114 57 98 28 47 142 52 165 26 63 192 38 173 81 163 9 184 94 172 24 193 33 68 3 176 
passengers: 42 45 392 119 231 314 206 380 403 62 354 416 418 25 135 108 97 

6845.92	27308	124018
tour: 0 20 168 101 127 93 13 55 125 3 176 54 133 150 181 7 42 1 77 69 122 161 37 56 194 183 5 41 62 29 25 107 17 144 155 66 75 180 85 164 36 90 16 141 190 147 186 167 139 50 12 119 115 86 143 121 169 114 57 98 28 47 142 52 165 166 72 130 61 59 11 73 187 10 4 188 137 196 123 88 97 102 178 27 179 145 95 131 108 18 134 78 39 26 63 192 38 173 81 163 9 184 94 2 197 99 136 22 111 91 60 79 74 49 126 156 124 112 116 195 67 83 51 58 40 48 199 32 34 152 172 24 193 33 68 151 140 146 182 15 64 120 148 157 70 19 113 76 153 31 92 158 170 149 104 82 30 80 44 87 21 89 185 162 105 43 46 65 177 171 109 45 8 110 159 129 35 198 100 138 132 154 23 14 118 106 96 71 84 53 174 189 117 135 191 128 160 175 103 6 0 
bonus: 20 168 101 127 93 13 55 125 3 176 54 133 150 181 7 42 1 77 69 122 161 37 56 194 183 5 41 62 29 25 107 17 144 155 66 75 180 85 164 36 90 16 141 190 147 186 167 139 50 12 119 115 86 143 121 169 114 57 98 28 47 142 52 165 166 72 130 61 59 11 73 187 10 4 188 137 196 123 88 97 102 178 27 179 145 95 131 108 18 134 78 39 26 63 192 38 173 81 163 9 184 94 2 197 99 136 22 111 91 60 79 74 49 126 156 124 112 116 195 67 83 51 58 40 48 199 32 34 152 172 24 193 33 68 151 140 146 182 15 64 120 148 157 70 19 113 76 153 31 92 158 170 149 104 82 30 80 44 87 21 89 185 162 105 43 46 65 177 171 109 45 8 110 159 129 35 198 100 138 132 154 23 14 118 106 96 71 84 53 174 189 117 135 191 128 160 175 103 6 
passengers: 41 42 43 200 286 117 307 265 214 25 162 163 97 425 321 337 169 381 402 159 252 

6844.83	27346	124018
tour: 0 20 168 101 127 37 56 66 75 180 85 164 36 90 16 141 190 147 186 167 42 21 89 110 159 129 35 198 100 138 132 154 23 14 118 2 197 99 174 189 117 135 191 128 160 175 103 6 106 96 71 84 53 77 69 122 136 22 111 91 17 144 155 184 94 172 24 140 146 1 182 15 193 33 68 151 162 105 43 46 65 177 171 109 45 8 54 133 150 181 7 170 149 18 134 78 39 26 63 192 38 173 81 163 9 153 31 92 158 61 59 11 73 187 104 82 30 80 44 87 10 4 70 19 113 76 194 183 5 41 62 29 25 107 139 50 12 119 188 137 196 123 88 97 102 178 27 179 145 95 131 108 64 120 148 157 185 60 79 74 49 126 156 124 161 115 86 143 121 169 114 57 98 28 47 142 52 165 166 72 130 112 116 195 67 83 51 58 40 48 199 32 34 152 93 13 55 125 3 176 0 
bonus: 20 168 101 127 37 56 66 75 180 85 164 36 90 16 141 190 147 186 167 42 21 89 110 159 129 35 198 100 138 132 154 23 14 118 2 197 99 174 189 117 135 191 128 160 175 103 6 106 96 71 84 53 77 69 122 136 22 111 91 17 144 155 184 94 172 24 140 146 1 182 15 193 33 68 151 162 105 43 46 65 177 171 109 45 8 54 133 150 181 7 170 149 18 134 78 39 26 63 192 38 173 81 163 9 153 31 92 158 61 59 11 73 187 104 82 30 80 44 87 10 4 70 19 113 76 194 183 5 41 62 29 25 107 139 50 12 119 188 137 196 123 88 97 102 178 27 179 145 95 131 108 64 120 148 157 185 60 79 74 49 126 156 124 161 115 86 143 121 169 114 57 98 28 47 142 52 165 166 72 130 112 116 195 67 83 51 58 40 48 199 32 34 152 93 13 55 125 3 176 
passengers: 42 45 44 123 57 318 206 320 337 223 304 364 100 13 335 418 136 297 286 

6697.67	27355	124018
tour: 0 20 168 101 127 37 56 66 75 105 43 46 65 177 171 109 45 8 54 133 150 181 104 82 30 80 192 38 173 81 163 9 153 31 92 158 170 149 18 134 78 39 77 69 122 161 166 72 130 61 59 11 73 187 10 4 70 19 113 76 194 183 5 41 62 29 25 107 139 50 12 119 115 86 143 121 169 114 57 98 28 47 142 52 165 26 63 44 87 180 85 164 36 90 16 141 190 147 186 167 117 135 191 128 160 175 103 6 106 96 71 84 53 174 189 7 42 21 89 110 159 129 35 198 100 138 132 154 23 14 118 2 197 99 136 22 111 91 17 144 155 184 94 172 24 140 146 1 182 15 193 33 68 151 162 178 27 179 145 95 131 188 137 196 123 88 97 102 108 64 120 148 157 185 60 79 74 49 126 156 124 112 116 195 67 83 51 58 40 48 199 32 34 152 93 13 55 125 3 176 0 
bonus: 20 168 101 127 37 56 66 75 105 43 46 65 177 171 109 45 8 54 133 150 181 104 82 30 80 192 38 173 81 163 9 153 31 92 158 170 149 18 134 78 39 77 69 122 161 166 72 130 61 59 11 73 187 10 4 70 19 113 76 194 183 5 41 62 29 25 107 139 50 12 119 115 86 143 121 169 114 57 98 28 47 142 52 165 26 63 44 87 180 85 164 36 90 16 141 190 147 186 167 117 135 191 128 160 175 103 6 106 96 71 84 53 174 189 7 42 21 89 110 159 129 35 198 100 138 132 154 23 14 118 2 197 99 136 22 111 91 17 144 155 184 94 172 24 140 146 1 182 15 193 33 68 151 162 178 27 179 145 95 131 188 137 196 123 88 97 102 108 64 120 148 157 185 60 79 74 49 126 156 124 112 116 195 67 83 51 58 40 48 199 32 34 152 93 13 55 125 3 176 
passengers: 42 43 396 122 311 296 331 211 95 35 209 62 55 419 442 68 418 136 130 286 

6596.25	27363	124018
tour: 0 20 157 185 162 178 100 138 132 154 23 14 118 106 96 71 84 53 174 189 117 135 191 128 160 175 103 6 12 119 115 86 143 121 169 114 57 98 28 47 142 52 165 26 63 192 38 173 81 163 9 153 31 92 158 61 59 11 73 27 179 145 95 131 188 137 196 123 88 97 102 108 18 134 78 39 77 69 122 105 43 46 65 177 171 109 45 8 54 133 150 181 7 170 149 104 82 30 80 44 87 10 4 70 19 113 76 194 183 5 41 17 144 155 184 94 2 197 168 101 127 37 56 66 75 180 85 35 198 62 29 25 107 139 50 172 24 193 33 68 151 140 146 1 182 15 64 120 148 48 199 32 34 152 93 13 55 125 3 187 99 136 22 111 91 60 79 74 49 126 156 124 161 166 72 130 112 116 195 67 83 51 58 40 164 36 90 16 141 190 147 186 167 42 21 89 110 159 129 176 0 
bonus: 20 157 185 162 178 100 138 132 154 23 14 118 106 96 71 84 53 174 189 117 135 191 128 160 175 103 6 12 119 115 86 143 121 169 114 57 98 28 47 142 52 165 26 63 192 38 173 81 163 9 153 31 92 158 61 59 11 73 27 179 145 95 131 188 137 196 123 88 97 102 108 18 134 78 39 77 69 122 105 43 46 65 177 171 109 45 8 54 133 150 181 7 170 149 104 82 30 80 44 87 10 4 70 19 113 76 194 183 5 41 17 144 155 184 94 2 197 168 101 127 37 56 66 75 180 85 35 198 62 29 25 107 139 50 172 24 193 33 68 151 140 146 1 182 15 64 120 148 48 199 32 34 152 93 13 55 125 3 187 99 136 22 111 91 60 79 74 49 126 156 124 161 166 72 130 112 116 195 67 83 51 58 40 164 36 90 16 141 190 147 186 167 42 21 89 110 159 129 176 
passengers: 45 44 375 62 315 97 23 67 417 300 304 306 100 123 330 197 283 319 276 

6473.92	27385	124018
tour: 0 20 157 185 60 79 74 49 126 156 124 161 37 98 56 66 19 113 76 194 183 5 41 62 29 25 107 139 50 12 119 115 168 101 127 93 13 148 48 188 137 196 123 88 97 102 166 72 130 112 116 28 47 142 52 165 26 63 44 140 146 182 15 193 33 68 151 162 178 27 179 145 95 131 108 18 134 78 39 192 38 173 81 163 9 153 31 92 158 61 199 32 34 152 172 24 75 180 85 35 198 100 138 132 154 23 14 118 64 120 86 143 121 169 114 57 36 90 16 141 190 147 186 167 42 1 40 164 195 67 83 51 58 149 104 82 30 80 55 125 3 59 11 73 187 10 4 70 136 22 111 91 17 144 155 184 94 2 197 99 174 189 117 135 191 128 160 175 103 6 106 96 71 84 53 77 69 122 105 43 46 65 177 171 109 45 8 54 133 150 181 7 170 87 21 89 110 159 129 176 0 
bonus: 20 157 185 60 79 74 49 126 156 124 161 37 98 56 66 19 113 76 194 183 5 41 62 29 25 107 139 50 12 119 115 168 101 127 93 13 148 48 188 137 196 123 88 97 102 166 72 130 112 116 28 47 142 52 165 26 63 44 140 146 182 15 193 33 68 151 162 178 27 179 145 95 131 108 18 134 78 39 192 38 173 81 163 9 153 31 92 158 61 199 32 34 152 172 24 75 180 85 35 198 100 138 132 154 23 14 118 64 120 86 143 121 169 114 57 36 90 16 141 190 147 186 167 42 1 40 164 195 67 83 51 58 149 104 82 30 80 55 125 3 59 11 73 187 10 4 70 136 22 111 91 17 144 155 184 94 2 197 99 174 189 117 135 191 128 160 175 103 6 106 96 71 84 53 77 69 122 105 43 46 65 177 171 109 45 8 54 133 150 181 7 170 87 21 89 110 159 129 176 
passengers: 42 43 46 330 292 26 233 30 31 153 228 257 262 182 130 74 204 398 361 

6418.92	27488	124018
tour: 0 123 88 188 137 196 112 116 53 77 69 122 161 37 56 66 19 113 76 194 183 5 74 49 126 156 124 20 157 185 60 141 190 147 186 167 117 135 191 128 160 175 114 57 98 28 47 142 38 173 81 163 9 153 93 13 148 48 199 32 34 152 172 189 94 2 197 99 174 41 62 29 25 107 139 50 12 119 115 168 101 127 6 106 96 71 84 97 102 108 18 134 78 39 192 155 184 100 138 132 154 23 14 118 64 120 86 143 121 169 103 36 90 16 131 52 165 26 63 44 87 21 79 85 35 198 180 31 92 158 170 166 72 130 61 59 11 73 27 179 145 95 75 105 43 46 65 177 171 109 45 8 54 133 150 181 7 42 1 40 164 195 67 83 51 58 149 104 82 30 80 55 125 3 187 10 4 70 136 22 111 91 17 144 24 140 146 182 15 193 33 68 151 162 178 89 110 159 129 176 0 
bonus: 123 88 188 137 196 112 116 53 77 69 122 161 37 56 66 19 113 76 194 183 5 74 49 126 156 124 20 157 185 60 141 190 147 186 167 117 135 191 128 160 175 114 57 98 28 47 142 38 173 81 163 9 153 93 13 148 48 199 32 34 152 172 189 94 2 197 99 174 41 62 29 25 107 139 50 12 119 115 168 101 127 6 106 96 71 84 97 102 108 18 134 78 39 192 155 184 100 138 132 154 23 14 118 64 120 86 143 121 169 103 36 90 16 131 52 165 26 63 44 87 21 79 85 35 198 180 31 92 158 170 166 72 130 61 59 11 73 27 179 145 95 75 105 43 46 65 177 171 109 45 8 54 133 150 181 7 42 1 40 164 195 67 83 51 58 149 104 82 30 80 55 125 3 187 10 4 70 136 22 111 91 17 144 24 140 146 182 15 193 33 68 151 162 178 89 110 159 129 176 
passengers: 271 274 275 242 281 282 348 349 247 368 412 69 234 160 144 265 298 101 165 103 361 98 283 31 

6283.58	27491	124018
tour: 0 20 157 185 36 90 16 141 190 147 186 167 42 1 40 78 39 192 155 184 100 138 132 154 23 14 118 64 120 148 48 199 32 34 52 165 26 63 44 140 146 182 10 4 70 136 22 111 91 60 79 74 49 126 156 124 161 166 72 130 112 9 153 93 13 152 172 116 28 47 142 38 173 81 163 96 71 84 53 77 69 122 105 43 46 65 177 171 109 45 8 54 133 85 164 150 181 7 170 87 21 89 110 159 129 35 198 62 29 25 107 139 50 12 119 115 86 143 121 169 103 6 106 117 135 191 128 160 175 114 57 98 56 66 19 113 76 194 183 5 41 17 144 24 75 180 31 92 158 61 59 11 73 187 99 174 189 94 2 197 168 101 127 37 15 193 33 68 151 162 178 27 179 145 95 131 188 137 196 123 88 97 102 108 18 134 195 67 83 51 58 149 104 82 30 80 55 125 3 176 0 
bonus: 20 157 185 36 90 16 141 190 147 186 167 42 1 40 78 39 192 155 184 100 138 132 154 23 14 118 64 120 148 48 199 32 34 52 165 26 63 44 140 146 182 10 4 70 136 22 111 91 60 79 74 49 126 156 124 161 166 72 130 112 9 153 93 13 152 172 116 28 47 142 38 173 81 163 96 71 84 53 77 69 122 105 43 46 65 177 171 109 45 8 54 133 85 164 150 181 7 170 87 21 89 110 159 129 35 198 62 29 25 107 139 50 12 119 115 86 143 121 169 103 6 106 117 135 191 128 160 175 114 57 98 56 66 19 113 76 194 183 5 41 17 144 24 75 180 31 92 158 61 59 11 73 187 99 174 189 94 2 197 168 101 127 37 15 193 33 68 151 162 178 27 179 145 95 131 188 137 196 123 88 97 102 108 18 134 195 67 83 51 58 149 104 82 30 80 55 125 3 176 
passengers: 44 374 93 58 88 421 201 200 179 307 71 436 214 171 341 167 430 68 149 130 286 

