Fo(cost)	Fo(time)	Fo(bonus)

  6872	7374	30370
tour: 0 10 22 8 4 36 33 39 44 34 1 19 2 6 21 18 37 7 42 38 3 15 31 30 45 25 20 5 9 27 29 40 41 47 26 46 35 24 12 16 49 23 32 48 11 17 28 14 13 43 0 
bonus: 10 22 8 4 36 33 39 44 34 1 19 2 6 21 18 37 7 42 38 3 15 31 30 45 25 20 5 9 27 29 40 41 47 26 46 35 24 12 16 49 23 32 48 11 17 28 14 13 43 
passengers: 3 4 56 15 21 23 24 63 64 44 67 37 

5685.67	7398	30370
tour: 0 10 22 8 4 7 42 38 3 15 31 30 16 49 23 9 27 29 32 48 11 17 28 14 40 41 47 26 46 35 24 12 34 1 19 2 6 21 18 37 36 33 45 25 20 5 39 44 13 43 0 
bonus: 10 22 8 4 7 42 38 3 15 31 30 16 49 23 9 27 29 32 48 11 17 28 14 40 41 47 26 46 35 24 12 34 1 19 2 6 21 18 37 36 33 45 25 20 5 39 44 13 43 
passengers: 0 33 35 52 31 67 65 49 5 

4267.83	7402	30370
tour: 0 10 22 8 4 36 33 21 18 37 7 42 38 3 15 31 30 45 25 20 5 39 44 34 1 19 2 6 14 40 41 47 26 46 35 24 12 16 49 23 9 27 29 32 48 11 17 28 13 43 0 
bonus: 10 22 8 4 36 33 21 18 37 7 42 38 3 15 31 30 45 25 20 5 39 44 34 1 19 2 6 14 40 41 47 26 46 35 24 12 16 49 23 9 27 29 32 48 11 17 28 13 43 
passengers: 0 35 36 52 19 56 6 63 64 60 29 37 

3713.67	7418	30370
tour: 0 10 49 23 9 27 29 32 48 11 17 28 14 40 41 47 26 46 35 24 12 34 1 19 2 6 21 18 37 7 42 38 3 15 31 30 16 22 8 4 36 33 45 25 20 5 39 44 13 43 0 
bonus: 10 49 23 9 27 29 32 48 11 17 28 14 40 41 47 26 46 35 24 12 34 1 19 2 6 21 18 37 7 42 38 3 15 31 30 16 22 8 4 36 33 45 25 20 5 39 44 13 43 
passengers: 31 67 65 49 15 21 52 16 17 18 

3557.58	7469	30370
tour: 0 10 49 23 11 17 28 21 16 22 14 40 41 47 26 46 35 24 12 34 1 19 2 6 29 32 48 5 9 27 18 37 7 42 38 3 15 31 30 45 25 20 8 4 36 33 39 44 13 43 0 
bonus: 10 49 23 11 17 28 21 16 22 14 40 41 47 26 46 35 24 12 34 1 19 2 6 29 32 48 5 9 27 18 37 7 42 38 3 15 31 30 45 25 20 8 4 36 33 39 44 13 43 
passengers: 33 34 70 49 44 45 9 20 32 52 16 

3394.75	7498	30370
tour: 0 10 46 22 14 40 41 47 26 38 3 15 31 30 45 25 20 8 4 7 42 16 49 23 9 27 35 24 12 34 1 19 2 6 29 32 48 5 11 17 28 21 18 37 36 33 39 44 13 43 0 
bonus: 10 46 22 14 40 41 47 26 38 3 15 31 30 45 25 20 8 4 7 42 16 49 23 9 27 35 24 12 34 1 19 2 6 29 32 48 5 11 17 28 21 18 37 36 33 39 44 13 43 
passengers: 16 57 58 23 24 51 44 45 38 37 39 

3085.33	7608	30370
tour: 0 10 19 2 6 29 32 48 11 5 39 17 28 21 14 40 41 47 26 38 44 13 43 35 24 12 34 1 31 30 45 25 46 22 3 15 16 49 23 9 27 18 37 7 42 20 8 4 36 33 0 
bonus: 10 19 2 6 29 32 48 11 5 39 17 28 21 14 40 41 47 26 38 44 13 43 35 24 12 34 1 31 30 45 25 46 22 3 15 16 49 23 9 27 18 37 7 42 20 8 4 36 33 
passengers: 67 68 38 49 42 46 5 58 60 72 

2747.42	7632	30370
tour: 0 10 49 23 9 27 16 22 3 15 31 30 45 25 46 47 26 38 44 20 8 4 7 42 18 40 41 32 48 11 17 28 21 14 13 43 35 24 12 34 1 19 2 6 29 5 39 37 36 33 0 
bonus: 10 49 23 9 27 16 22 3 15 31 30 45 25 46 47 26 38 44 20 8 4 7 42 18 40 41 32 48 11 17 28 21 14 13 43 35 24 12 34 1 19 2 6 29 5 39 37 36 33 
passengers: 33 34 69 16 58 59 27 67 65 37 49 54 

  2617	7680	30370
tour: 0 10 19 2 6 49 23 9 27 16 22 3 15 31 30 45 25 46 47 26 38 44 20 8 4 7 42 18 40 41 32 48 11 17 28 21 14 13 43 35 24 12 34 1 29 5 39 37 36 33 0 
bonus: 10 19 2 6 49 23 9 27 16 22 3 15 31 30 45 25 46 47 26 38 44 20 8 4 7 42 18 40 41 32 48 11 17 28 21 14 13 43 35 24 12 34 1 29 5 39 37 36 33 
passengers: 33 34 11 69 16 58 59 27 67 65 37 49 54 

2273.5	9168	30370
tour: 0 20 2 35 22 17 28 15 45 49 23 18 4 19 16 25 32 47 46 37 3 8 21 42 11 31 30 10 44 39 9 27 13 40 41 5 14 7 26 38 6 29 43 1 34 36 33 24 12 48 0 
bonus: 20 2 35 22 17 28 15 45 49 23 18 4 19 16 25 32 47 46 37 3 8 21 42 11 31 30 10 44 39 9 27 13 40 41 5 14 7 26 38 6 29 43 1 34 36 33 24 12 48 
passengers: 11 10 70 71 63 64 59 27 38 39 55 31 29 20 19 49 9 44 45 

