Fo(cost)	Fo(time)	Fo(bonus)

6717.5	7002	31710
tour: 0 13 12 45 9 46 35 5 3 42 48 27 47 32 2 6 39 18 31 10 7 43 28 38 11 14 8 22 49 30 33 36 40 4 24 20 23 37 1 34 16 19 41 26 25 21 44 17 15 29 0 
bonus: 13 12 45 9 46 35 5 3 42 48 27 47 32 2 6 39 18 31 10 7 43 28 38 11 14 8 22 49 30 33 36 40 4 24 20 23 37 1 34 16 19 41 26 25 21 44 17 15 29 
passengers: 0 1 14 16 17 18 34 37 68 67 

2663.92	7014	31710
tour: 0 13 12 19 41 26 25 21 44 17 15 29 47 32 2 6 39 18 31 10 7 43 28 38 11 14 8 22 49 30 33 42 48 27 36 40 4 24 20 23 37 1 34 16 45 9 46 35 5 3 0 
bonus: 13 12 19 41 26 25 21 44 17 15 29 47 32 2 6 39 18 31 10 7 43 28 38 11 14 8 22 49 30 33 42 48 27 36 40 4 24 20 23 37 1 34 16 45 9 46 35 5 3 
passengers: 48 53 14 17 18 34 37 68 67 61 51 6 43 

