Fo(cost)	Fo(time)	Fo(bonus)

3591.17	7082	29874
tour: 0 45 40 13 15 6 5 14 34 38 37 8 27 25 42 39 28 10 3 9 41 11 26 46 12 36 1 23 20 47 32 30 31 48 49 24 33 2 44 7 21 17 43 19 29 18 22 16 4 35 0 
bonus: 45 40 13 15 6 5 14 34 38 37 8 27 25 42 39 28 10 3 9 41 11 26 46 12 36 1 23 20 47 32 30 31 48 49 24 33 2 44 7 21 17 43 19 29 18 22 16 4 35 
passengers: 2 54 53 6 5 4 50 49 41 43 30 34 

3339.83	7106	29874
tour: 0 45 40 13 15 6 5 14 34 38 37 24 49 46 12 36 1 23 20 47 32 30 31 48 26 8 27 25 42 39 28 10 3 9 41 11 33 2 44 7 21 17 43 19 29 18 22 16 4 35 0 
bonus: 45 40 13 15 6 5 14 34 38 37 24 49 46 12 36 1 23 20 47 32 30 31 48 26 8 27 25 42 39 28 10 3 9 41 11 33 2 44 7 21 17 43 19 29 18 22 16 4 35 
passengers: 22 36 61 51 2 54 45 59 4 30 31 33 34 

3280.08	7146	29874
tour: 0 45 40 13 15 6 5 14 34 38 37 24 49 46 12 36 1 23 20 47 32 30 31 48 26 8 27 25 42 39 28 16 4 41 11 10 3 9 19 29 18 22 33 2 44 7 21 17 43 35 0 
bonus: 45 40 13 15 6 5 14 34 38 37 24 49 46 12 36 1 23 20 47 32 30 31 48 26 8 27 25 42 39 28 16 4 41 11 10 3 9 19 29 18 22 33 2 44 7 21 17 43 35 
passengers: 22 36 61 51 2 54 47 0 35 

2993.33	7166	29874
tour: 0 4 41 11 45 40 13 15 6 5 14 34 38 37 24 49 46 12 36 1 23 20 47 32 30 31 48 26 8 27 25 42 39 28 16 10 3 9 19 29 18 22 33 2 44 7 21 17 43 35 0 
bonus: 4 41 11 45 40 13 15 6 5 14 34 38 37 24 49 46 12 36 1 23 20 47 32 30 31 48 26 8 27 25 42 39 28 16 10 3 9 19 29 18 22 33 2 44 7 21 17 43 35 
passengers: 7 8 22 36 61 51 2 54 45 59 35 

2652.75	7315	29874
tour: 0 23 9 19 29 30 21 42 39 28 16 10 3 31 20 47 32 11 4 41 48 26 17 43 35 22 33 2 44 7 8 27 37 24 49 46 18 25 12 36 1 45 40 13 34 38 15 6 5 14 0 
bonus: 23 9 19 29 30 21 42 39 28 16 10 3 31 20 47 32 11 4 41 48 26 17 43 35 22 33 2 44 7 8 27 37 24 49 46 18 25 12 36 1 45 40 13 34 38 15 6 5 14 
passengers: 3 26 5 0 50 49 1 41 42 10 9 

  2560	7408	29874
tour: 0 23 9 41 48 26 17 30 31 20 47 32 11 19 6 5 14 34 38 37 8 27 12 36 1 45 40 13 24 49 46 18 25 29 4 15 22 33 2 44 7 21 42 39 28 16 10 3 43 35 0 
bonus: 23 9 41 48 26 17 30 31 20 47 32 11 19 6 5 14 34 38 37 8 27 12 36 1 45 40 13 24 49 46 18 25 29 4 15 22 33 2 44 7 21 42 39 28 16 10 3 43 35 
passengers: 40 4 52 32 36 7 58 10 14 34 0 19 20 

2275.33	7524	29874
tour: 0 23 32 48 26 17 30 47 6 5 14 34 38 37 8 27 12 36 1 45 39 28 16 10 3 9 41 11 19 25 29 4 15 22 33 2 44 7 21 42 40 13 24 49 46 18 31 20 43 35 0 
bonus: 23 32 48 26 17 30 47 6 5 14 34 38 37 8 27 12 36 1 45 39 28 16 10 3 9 41 11 19 25 29 4 15 22 33 2 44 7 21 42 40 13 24 49 46 18 31 20 43 35 
passengers: 40 52 28 32 61 2 54 53 24 25 4 7 45 47 14 41 42 

