Fo(cost)	Fo(time)	Fo(bonus)

4243.67	6959	31017
tour: 0 15 26 10 47 18 21 30 13 20 25 48 32 29 8 34 6 39 42 2 43 35 38 1 28 7 24 9 36 40 11 33 16 23 5 37 14 41 31 3 19 4 22 46 44 49 27 12 45 17 0 
bonus: 15 26 10 47 18 21 30 13 20 25 48 32 29 8 34 6 39 42 2 43 35 38 1 28 7 24 9 36 40 11 33 16 23 5 37 14 41 31 3 19 4 22 46 44 49 27 12 45 17 
passengers: 105 106 48 47 37 36 40 96 74 75 6 20 26 27 

3269.62	6974	31017
tour: 0 11 33 16 23 5 37 32 29 27 12 44 15 26 49 40 14 41 1 28 7 24 9 36 46 31 3 19 4 22 2 43 35 38 10 47 18 21 30 13 20 25 48 8 34 6 39 42 45 17 0 
bonus: 11 33 16 23 5 37 32 29 27 12 44 15 26 49 40 14 41 1 28 7 24 9 36 46 31 3 19 4 22 2 43 35 38 10 47 18 21 30 13 20 25 48 8 34 6 39 42 45 17 
passengers: 2 33 72 116 117 118 88 62 64 61 63 24 26 11 17 78 77 105 106 50 51 82 

2980.25	6977	31017
tour: 0 15 26 10 47 30 13 20 25 48 32 29 8 34 6 39 42 45 17 9 36 40 11 33 16 23 5 7 24 37 14 41 31 3 19 4 22 2 43 35 38 1 28 46 44 49 27 12 18 21 0 
bonus: 15 26 10 47 30 13 20 25 48 32 29 8 34 6 39 42 45 17 9 36 40 11 33 16 23 5 7 24 37 14 41 31 3 19 4 22 2 43 35 38 1 28 46 44 49 27 12 18 21 
passengers: 105 106 110 50 51 37 38 69 68 44 45 20 24 26 27 23 12 16 11 96 

2952.15	6994	31017
tour: 0 15 26 10 47 18 21 30 13 20 25 48 32 29 8 34 6 39 42 2 43 35 38 46 31 3 19 4 22 27 12 44 49 40 11 33 16 23 5 37 14 41 1 28 7 24 9 36 45 17 0 
bonus: 15 26 10 47 18 21 30 13 20 25 48 32 29 8 34 6 39 42 2 43 35 38 46 31 3 19 4 22 27 12 44 49 40 11 33 16 23 5 37 14 41 1 28 7 24 9 36 45 17 
passengers: 105 106 48 52 47 40 83 20 26 27 116 117 118 87 34 33 

2821.47	7018	31017
tour: 0 15 26 10 47 18 21 30 13 20 25 48 32 29 8 34 6 39 42 2 43 35 38 40 11 33 16 23 5 7 24 37 14 41 1 28 46 31 49 27 12 44 3 19 4 22 9 36 45 17 0 
bonus: 15 26 10 47 18 21 30 13 20 25 48 32 29 8 34 6 39 42 2 43 35 38 40 11 33 16 23 5 7 24 37 14 41 1 28 46 31 49 27 12 44 3 19 4 22 9 36 45 17 
passengers: 105 106 48 47 38 40 79 96 76 89 44 72 98 26 27 

2775.43	7032	31017
tour: 0 15 26 10 47 18 21 30 13 20 25 48 32 29 8 34 33 16 23 5 6 39 42 2 43 35 38 40 11 7 24 37 14 41 1 28 46 31 49 27 12 44 3 19 4 22 9 36 45 17 0 
bonus: 15 26 10 47 18 21 30 13 20 25 48 32 29 8 34 33 16 23 5 6 39 42 2 43 35 38 40 11 7 24 37 14 41 1 28 46 31 49 27 12 44 3 19 4 22 9 36 45 17 
passengers: 105 106 66 48 47 39 38 40 96 76 88 72 98 26 27 

2627.78	7036	31017
tour: 0 15 26 10 47 18 21 30 13 20 25 48 32 29 8 34 6 39 42 2 43 35 38 40 11 33 16 28 7 24 37 14 41 1 23 5 46 31 49 27 12 44 3 19 4 22 9 36 45 17 0 
bonus: 15 26 10 47 18 21 30 13 20 25 48 32 29 8 34 6 39 42 2 43 35 38 40 11 33 16 28 7 24 37 14 41 1 23 5 46 31 49 27 12 44 3 19 4 22 9 36 45 17 
passengers: 105 106 48 47 38 40 79 96 76 89 44 72 33 98 26 27 

2263.77	7041	31017
tour: 0 15 26 10 47 18 21 30 13 20 25 48 32 29 8 34 6 39 42 2 43 35 38 1 28 7 24 37 14 41 22 46 31 49 27 12 44 3 19 4 9 36 40 11 33 16 23 5 45 17 0 
bonus: 15 26 10 47 18 21 30 13 20 25 48 32 29 8 34 6 39 42 2 43 35 38 1 28 7 24 37 14 41 22 46 31 49 27 12 44 3 19 4 9 36 40 11 33 16 23 5 45 17 
passengers: 105 106 112 48 47 39 38 96 76 8 71 72 101 116 98 28 86 87 

2119.85	7158	31017
tour: 0 15 26 49 27 12 22 46 31 42 2 43 35 38 10 47 30 29 8 34 6 48 32 44 3 19 13 20 25 11 33 16 23 5 40 14 41 1 28 7 24 37 39 18 21 4 9 36 45 17 0 
bonus: 15 26 49 27 12 22 46 31 42 2 43 35 38 10 47 30 29 8 34 6 48 32 44 3 19 13 20 25 11 33 16 23 5 40 14 41 1 28 7 24 37 39 18 21 4 9 36 45 17 
passengers: 113 103 102 12 18 105 49 108 98 28 23 66 33 87 5 41 71 

2114.97	7166	31017
tour: 0 15 26 49 27 12 22 46 31 42 2 43 35 38 40 14 41 1 28 7 24 37 39 30 29 8 34 6 48 32 44 3 19 13 20 25 11 33 16 23 5 36 45 17 4 9 10 47 18 21 0 
bonus: 15 26 49 27 12 22 46 31 42 2 43 35 38 40 14 41 1 28 7 24 37 39 30 29 8 34 6 48 32 44 3 19 13 20 25 11 33 16 23 5 36 45 17 4 9 10 47 18 21 
passengers: 116 113 117 95 11 96 78 91 5 41 70 85 49 36 110 108 98 28 65 66 34 33 99 100 

1985.52	7256	31017
tour: 0 15 26 49 27 12 22 48 23 5 40 14 41 1 28 7 24 37 32 44 3 19 13 20 25 11 33 16 2 43 35 38 46 31 42 21 4 9 10 47 30 29 8 34 6 39 18 36 45 17 0 
bonus: 15 26 49 27 12 22 48 23 5 40 14 41 1 28 7 24 37 32 44 3 19 13 20 25 11 33 16 2 43 35 38 46 31 42 21 4 9 10 47 30 29 8 34 6 39 18 36 45 17 
passengers: 116 117 118 112 35 73 98 97 24 25 16 11 15 78 77 103 102 30 37 36 

1966.52	7453	31017
tour: 0 15 17 4 3 19 13 28 7 24 37 32 44 49 27 12 22 48 20 25 11 33 39 30 29 8 34 45 36 46 9 10 26 43 35 38 31 42 2 16 23 5 40 14 41 1 6 47 18 21 0 
bonus: 15 17 4 3 19 13 28 7 24 37 32 44 49 27 12 22 48 20 25 11 33 39 30 29 8 34 45 36 46 9 10 26 43 35 38 31 42 2 16 23 5 40 14 41 1 6 47 18 21 
passengers: 31 19 20 70 115 114 110 84 50 48 52 101 62 61 96 95 90 

1949.67	7615	31017
tour: 0 15 26 43 16 2 17 4 3 19 13 20 25 44 49 27 12 22 48 23 35 38 31 42 11 33 39 30 28 7 24 37 32 29 8 34 45 36 46 9 10 5 40 14 41 1 6 47 18 21 0 
bonus: 15 26 43 16 2 17 4 3 19 13 20 25 44 49 27 12 22 48 23 35 38 31 42 11 33 39 30 28 7 24 37 32 29 8 34 45 36 46 9 10 5 40 14 41 1 6 47 18 21 
passengers: 12 18 13 19 20 115 113 114 112 78 76 70 71 72 50 54 52 101 103 60 90 

