Fo(cost)	Fo(time)	Fo(bonus)

3350.82	7055	30215
tour: 0 49 17 13 12 24 27 43 34 31 4 46 39 11 14 32 10 44 29 3 26 47 40 16 6 2 35 41 36 1 20 45 19 28 48 7 8 18 23 25 22 15 5 37 30 9 38 42 33 21 0 
bonus: 49 17 13 12 24 27 43 34 31 4 46 39 11 14 32 10 44 29 3 26 47 40 16 6 2 35 41 36 1 20 45 19 28 48 7 8 18 23 25 22 15 5 37 30 9 38 42 33 21 
passengers: 141 142 107 27 26 121 120 83 84 34 15 57 90 94 110 41 40 48 

2222.33	7103	30215
tour: 0 49 17 13 20 45 19 28 12 6 48 7 8 18 23 16 29 3 44 2 35 41 36 1 24 27 43 34 31 4 46 39 11 14 32 10 40 26 47 25 22 15 5 37 30 9 38 42 33 21 0 
bonus: 49 17 13 20 45 19 28 12 6 48 7 8 18 23 16 29 3 44 2 35 41 36 1 24 27 43 34 31 4 46 39 11 14 32 10 40 26 47 25 22 15 5 37 30 9 38 42 33 21 
passengers: 133 110 34 37 125 127 47 46 12 63 92 87 6 29 116 117 85 124 

2126.05	7152	30215
tour: 0 49 17 13 20 45 19 28 12 24 27 43 34 31 4 46 9 38 36 1 11 14 32 10 40 16 29 3 44 2 35 41 39 5 37 30 18 23 6 48 7 8 26 47 25 22 15 42 33 21 0 
bonus: 49 17 13 20 45 19 28 12 24 27 43 34 31 4 46 9 38 36 1 11 14 32 10 40 16 29 3 44 2 35 41 39 5 37 30 18 23 6 48 7 8 26 47 25 22 15 42 33 21 
passengers: 142 111 112 114 117 115 51 75 7 8 83 84 81 109 57 94 93 79 69 34 131 132 48 124 

2045.8	7176	30215
tour: 0 49 17 13 12 24 27 43 34 31 4 46 39 11 14 22 15 5 42 9 38 32 10 40 16 29 3 44 28 48 7 8 26 47 25 37 30 18 23 6 2 35 41 36 1 20 45 19 33 21 0 
bonus: 49 17 13 12 24 27 43 34 31 4 46 39 11 14 22 15 5 42 9 38 32 10 40 16 29 3 44 28 48 7 8 26 47 25 37 30 18 23 6 2 35 41 36 1 20 45 19 33 21 
passengers: 141 142 106 105 29 30 117 103 102 55 51 72 19 20 109 131 132 38 47 122 123 69 37 63 90 

1769.82	7252	30215
tour: 0 49 34 31 3 44 28 12 24 27 43 48 7 8 17 39 5 37 30 18 23 6 2 35 41 36 1 11 14 45 19 33 21 4 46 13 20 29 26 47 25 22 15 42 9 38 32 10 40 16 0 
bonus: 49 34 31 3 44 28 12 24 27 43 48 7 8 17 39 5 37 30 18 23 6 2 35 41 36 1 11 14 45 19 33 21 4 46 13 20 29 26 47 25 22 15 42 9 38 32 10 40 16 
passengers: 140 139 133 19 20 109 107 38 40 47 46 69 37 17 63 92 90 67 117 118 121 120 124 

1709.17	8430	30215
tour: 0 43 34 30 18 31 39 5 27 19 8 48 20 6 29 22 15 13 42 9 25 37 26 47 10 49 11 7 12 40 16 38 36 1 24 35 17 33 28 21 4 2 46 45 23 14 41 3 44 32 0 
bonus: 43 34 30 18 31 39 5 27 19 8 48 20 6 29 22 15 13 42 9 25 37 26 47 10 49 11 7 12 40 16 38 36 1 24 35 17 33 28 21 4 2 46 45 23 14 41 3 44 32 
passengers: 106 105 31 48 131 132 36 35 96 55 56 121 120 136 38 41 75 67 64 13 17 15 16 14 88 89 

