Fo(cost)	Fo(time)	Fo(bonus)

4231.77	6925	29637
tour: 0 37 17 30 18 38 16 28 41 29 10 15 8 45 49 14 33 2 7 43 44 34 35 25 5 42 21 23 24 36 27 20 3 40 26 13 46 11 48 12 1 39 6 22 4 9 47 19 31 32 0 
bonus: 37 17 30 18 38 16 28 41 29 10 15 8 45 49 14 33 2 7 43 44 34 35 25 5 42 21 23 24 36 27 20 3 40 26 13 46 11 48 12 1 39 6 22 4 9 47 19 31 32 
passengers: 33 34 9 62 60 63 59 61 127 125 126 29 104 107 111 112 18 19 

3806.73	6930	29637
tour: 0 37 17 30 18 38 16 28 41 29 10 15 48 12 13 46 11 5 42 21 23 24 36 27 20 3 40 8 2 7 43 44 35 1 39 6 22 34 45 49 14 33 26 25 4 9 47 19 31 32 0 
bonus: 37 17 30 18 38 16 28 41 29 10 15 48 12 13 46 11 5 42 21 23 24 36 27 20 3 40 8 2 7 43 44 35 1 39 6 22 34 45 49 14 33 26 25 4 9 47 19 31 32 
passengers: 33 34 39 135 136 138 142 25 26 24 107 125 124 123 102 74 

3755.17	6934	29637
tour: 0 37 17 30 18 13 46 11 48 12 38 16 10 15 8 45 49 14 33 2 7 43 44 28 41 29 25 5 42 21 23 24 36 27 20 3 40 26 34 35 1 39 6 22 4 9 47 19 31 32 0 
bonus: 37 17 30 18 13 46 11 48 12 38 16 10 15 8 45 49 14 33 2 7 43 44 28 41 29 25 5 42 21 23 24 36 27 20 3 40 26 34 35 1 39 6 22 4 9 47 19 31 32 
passengers: 141 140 9 134 62 60 63 59 127 126 113 107 111 112 106 18 19 69 

2169.28	6944	29637
tour: 0 37 17 30 18 7 43 44 34 35 25 5 42 21 23 24 36 27 20 3 40 26 13 6 22 4 9 1 39 46 11 48 12 38 16 28 41 29 10 15 8 45 49 14 33 2 47 19 31 32 0 
bonus: 37 17 30 18 7 43 44 34 35 25 5 42 21 23 24 36 27 20 3 40 26 13 6 22 4 9 1 39 46 11 48 12 38 16 28 41 29 10 15 8 45 49 14 33 2 47 19 31 32 
passengers: 87 86 88 127 125 68 104 107 111 112 103 18 16 3 95 141 140 33 7 9 8 

2019.05	6972	29637
tour: 0 37 17 30 18 7 43 44 34 35 28 41 29 25 5 42 21 23 24 36 27 20 3 40 26 13 6 22 4 9 1 39 46 11 48 12 38 16 10 15 8 45 49 14 33 2 47 19 31 32 0 
bonus: 37 17 30 18 7 43 44 34 35 28 41 29 25 5 42 21 23 24 36 27 20 3 40 26 13 6 22 4 9 1 39 46 11 48 12 38 16 10 15 8 45 49 14 33 2 47 19 31 32 
passengers: 87 86 88 127 125 79 77 78 31 37 104 107 111 112 18 16 19 141 140 7 9 8 

1895.95	7085	29637
tour: 0 6 44 34 35 28 22 4 40 26 13 46 11 5 42 37 17 30 18 38 16 10 15 48 12 1 39 8 45 49 14 33 2 47 19 31 7 43 21 23 24 36 3 27 20 9 41 29 25 32 0 
bonus: 6 44 34 35 28 22 4 40 26 13 46 11 5 42 37 17 30 18 38 16 10 15 48 12 1 39 8 45 49 14 33 2 47 19 31 7 43 21 23 24 36 3 27 20 9 41 29 25 32 
passengers: 125 124 123 74 77 37 35 104 108 18 16 135 118 93 92 9 6 102 62 61 51 50 121 83 1 0 

1894.32	7197	29637
tour: 0 37 17 30 18 38 44 34 35 3 27 20 36 15 48 12 28 22 6 10 43 21 23 24 7 31 1 39 8 45 49 14 33 2 47 19 16 4 40 26 13 46 11 5 42 9 41 29 25 32 0 
bonus: 37 17 30 18 38 44 34 35 3 27 20 36 15 48 12 28 22 6 10 43 21 23 24 7 31 1 39 8 45 49 14 33 2 47 19 16 4 40 26 13 46 11 5 42 9 41 29 25 32 
passengers: 87 86 88 89 127 68 77 2 1 25 33 34 32 9 6 119 102 133 132 60 66 59 104 111 21 135 136 116 

1807.85	7252	29637
tour: 0 37 17 30 18 38 16 10 6 7 43 44 34 35 40 26 13 46 11 5 42 21 23 24 36 3 27 20 15 48 2 47 19 31 1 39 8 45 49 14 33 4 9 41 29 25 32 12 28 22 0 
bonus: 37 17 30 18 38 16 10 6 7 43 44 34 35 40 26 13 46 11 5 42 21 23 24 36 3 27 20 15 48 2 47 19 31 1 39 8 45 49 14 33 4 9 41 29 25 32 12 28 22 
passengers: 87 86 88 94 11 68 74 104 111 112 135 136 142 82 81 1 0 27 95 96 102 134 115 114 40 

1764.7	7292	29637
tour: 0 37 17 30 18 38 6 10 43 44 34 35 3 27 20 36 15 48 2 40 26 13 46 11 5 42 21 23 24 7 31 1 39 8 45 49 14 33 47 19 16 4 9 41 29 25 32 12 28 22 0 
bonus: 37 17 30 18 38 6 10 43 44 34 35 3 27 20 36 15 48 2 40 26 13 46 11 5 42 21 23 24 7 31 1 39 8 45 49 14 33 47 19 16 4 9 41 29 25 32 12 28 22 
passengers: 87 86 88 89 127 68 1 0 22 29 104 111 112 18 19 135 136 95 96 102 134 115 114 40 

1616.77	7311	29637
tour: 0 6 40 26 13 46 11 5 42 21 23 24 7 31 1 39 8 45 49 14 33 47 19 16 10 43 44 34 35 3 27 20 36 9 41 29 25 4 15 48 2 28 22 37 17 30 18 32 12 38 0 
bonus: 6 40 26 13 46 11 5 42 21 23 24 7 31 1 39 8 45 49 14 33 47 19 16 10 43 44 34 35 3 27 20 36 9 41 29 25 4 15 48 2 28 22 37 17 30 18 32 12 38 
passengers: 104 111 112 103 18 19 135 136 141 47 49 98 100 62 127 125 126 68 79 78 1 115 114 40 42 41 44 45 53 54 

1499.45	7591	29637
tour: 0 6 3 27 20 36 9 41 29 31 1 14 11 5 42 37 17 30 45 49 34 4 15 48 2 40 26 21 23 24 7 39 8 33 47 19 16 10 43 44 35 12 28 22 25 32 18 13 46 38 0 
bonus: 6 3 27 20 36 9 41 29 31 1 14 11 5 42 37 17 30 45 49 34 4 15 48 2 40 26 21 23 24 7 39 8 33 47 19 16 10 43 44 35 12 28 22 25 32 18 13 46 38 
passengers: 3 1 0 22 82 81 42 41 47 118 117 133 132 74 108 111 112 110 18 19 98 100 99 12 7 120 121 125 77 53 54 

