1.417630290e+00 1.677461531e+00 2.000000000e+00 
1.380132777e+00 1.679221563e+00 2.000000000e+00 
1.351589263e+00 1.679573569e+00 2.000000000e+00 
1.344474847e+00 1.683294780e+00 2.000000000e+00 
1.335583529e+00 1.686462838e+00 2.000000000e+00 
1.335263306e+00 1.687066278e+00 2.000000000e+00 
1.324063652e+00 1.687367998e+00 2.000000000e+00 
1.323473623e+00 1.687619431e+00 2.000000000e+00 
1.320648841e+00 1.689228603e+00 2.000000000e+00 
1.317536540e+00 1.690485769e+00 2.000000000e+00 
1.314293423e+00 1.697727044e+00 2.000000000e+00 
1.310170032e+00 1.698229910e+00 2.000000000e+00 
1.297790320e+00 1.699688223e+00 2.000000000e+00 
1.286732383e+00 1.711606155e+00 2.000000000e+00 
1.286147804e+00 1.721110329e+00 2.000000000e+00 
1.281592452e+00 1.729709343e+00 2.000000000e+00 
1.278223971e+00 1.730061350e+00 2.000000000e+00 
1.277984144e+00 1.751684602e+00 2.000000000e+00 
1.276636479e+00 1.752992055e+00 2.000000000e+00 
1.270091652e+00 1.755405813e+00 2.000000000e+00 
1.259762735e+00 1.756361259e+00 2.000000000e+00 
