1.444685732e+00 1.670928266e+00 2.000000000e+00 
1.332094620e+00 1.671077505e+00 2.000000000e+00 
1.317104052e+00 1.672967864e+00 2.000000000e+00 
1.316821097e+00 1.673166849e+00 2.000000000e+00 
1.308068362e+00 1.675007462e+00 2.000000000e+00 
1.285293896e+00 1.675355686e+00 2.000000000e+00 
1.276710933e+00 1.702119192e+00 2.000000000e+00 
1.263531276e+00 1.708486718e+00 2.000000000e+00 
1.262751830e+00 1.736095911e+00 2.000000000e+00 
1.262606957e+00 1.737538553e+00 2.000000000e+00 
1.258790463e+00 1.744801512e+00 2.000000000e+00 
1.256055233e+00 1.792209730e+00 2.000000000e+00 
1.254998868e+00 1.799124465e+00 2.000000000e+00 
1.245397269e+00 1.897771366e+00 2.000000000e+00 
1.236707161e+00 1.926723709e+00 2.000000000e+00 
