1.407011127e+00 1.633812733e+00 1.760623737e+00 
1.426077382e+00 1.553856985e+00 1.282115623e+00 
1.422227885e+00 1.627376043e+00 1.710600926e+00 
1.419156463e+00 1.554661571e+00 1.282995503e+00 
1.452104074e+00 1.544101378e+00 1.226569119e+00 
1.366104254e+00 1.547772302e+00 1.250537704e+00 
1.357672151e+00 1.547923162e+00 1.228410350e+00 
1.377779474e+00 1.538318415e+00 1.185899107e+00 
1.384729009e+00 1.518354621e+00 1.063807600e+00 
1.383371806e+00 1.625062858e+00 1.667242391e+00 
1.415400988e+00 1.600925274e+00 1.555546503e+00 
1.350958355e+00 1.525797043e+00 1.076565861e+00 
1.374548621e+00 1.563813738e+00 1.314003128e+00 
1.381631696e+00 1.531479433e+00 1.106221078e+00 
1.365828998e+00 1.616514131e+00 1.617235873e+00 
1.356399432e+00 1.553203259e+00 1.264338786e+00 
1.378422646e+00 1.602232727e+00 1.520123183e+00 
1.347758843e+00 1.544201951e+00 1.176513720e+00 
1.348862593e+00 1.532384592e+00 1.116013817e+00 
1.355628170e+00 1.559036508e+00 1.283191032e+00 
1.393954177e+00 1.617620436e+00 1.626507202e+00 
1.340087101e+00 1.571658453e+00 1.361435182e+00 
1.384177134e+00 1.561751986e+00 1.304845858e+00 
1.363440265e+00 1.545559690e+00 1.182118882e+00 
1.338592269e+00 1.546515136e+00 1.202193183e+00 
1.343623188e+00 1.555315297e+00 1.241413022e+00 
1.376678449e+00 1.539927587e+00 1.151730431e+00 
1.336715895e+00 1.657950317e+00 1.861728476e+00 
1.468548583e+00 1.580961480e+00 1.394235156e+00 
1.383276420e+00 1.583526099e+00 1.431711530e+00 
1.375374389e+00 1.579352308e+00 1.392768689e+00 
1.371061589e+00 1.582319220e+00 1.383318126e+00 
1.331912539e+00 1.611032887e+00 1.575848921e+00 
1.348937539e+00 1.588504476e+00 1.457993873e+00 
1.338412399e+00 1.597455496e+00 1.502101936e+00 
1.367614075e+00 1.623705119e+00 1.655820244e+00 
1.376232861e+00 1.586291864e+00 1.432216646e+00 
1.351521131e+00 1.564920044e+00 1.313530600e+00 
1.336711807e+00 1.556471890e+00 1.236801799e+00 
1.354961832e+00 1.615910691e+00 1.584941015e+00 
1.363535651e+00 1.542844212e+00 1.152040018e+00 
1.329076856e+00 1.590867947e+00 1.451997654e+00 
1.431368568e+00 1.651061048e+00 1.773870821e+00 
1.321897032e+00 1.557226189e+00 1.240940494e+00 
1.329500642e+00 1.583475812e+00 1.422766082e+00 
1.334034192e+00 1.582671226e+00 1.393045689e+00 
1.332491667e+00 1.592024540e+00 1.475933651e+00 
1.325997258e+00 1.655435985e+00 1.821335462e+00 
1.328678961e+00 1.609121995e+00 1.536531317e+00 
1.331819879e+00 1.579452881e+00 1.340806883e+00 
1.316139819e+00 1.528110228e+00 1.049533989e+00 
1.372600026e+00 1.622598813e+00 1.618034283e+00 
1.376320071e+00 1.606657950e+00 1.571840579e+00 
1.350245687e+00 1.605199638e+00 1.523430881e+00 
1.322311279e+00 1.548124309e+00 1.182151470e+00 
1.321515489e+00 1.561249120e+00 1.254839340e+00 
1.315089213e+00 1.624006839e+00 1.617692107e+00 
1.326850280e+00 1.593281706e+00 1.463419801e+00 
1.314241642e+00 1.619430755e+00 1.609805775e+00 
1.335544012e+00 1.596751483e+00 1.501629408e+00 
1.328526344e+00 1.554108418e+00 1.197973017e+00 
1.335062995e+00 1.581665493e+00 1.357084664e+00 
1.310552938e+00 1.613396359e+00 1.529068631e+00 
1.326700388e+00 1.597304636e+00 1.474923418e+00 
1.337777402e+00 1.643015187e+00 1.757837450e+00 
1.319149922e+00 1.584632405e+00 1.372303331e+00 
1.318867853e+00 1.609725435e+00 1.510460796e+00 
1.314139443e+00 1.583023232e+00 1.343870169e+00 
1.321166650e+00 1.573317912e+00 1.306361207e+00 
1.322063276e+00 1.598310369e+00 1.441162093e+00 
1.314838485e+00 1.652418787e+00 1.773544939e+00 
1.326566848e+00 1.607965403e+00 1.499592648e+00 
1.305513843e+00 1.579955748e+00 1.298328228e+00 
1.320131033e+00 1.619078749e+00 1.601707619e+00 
1.320316354e+00 1.550286634e+00 1.171902496e+00 
1.312179947e+00 1.587448456e+00 1.401665255e+00 
1.322805923e+00 1.590918234e+00 1.428615655e+00 
1.325240985e+00 1.535703510e+00 1.058886789e+00 
1.315822321e+00 1.559086795e+00 1.206902170e+00 
1.323698461e+00 1.586291864e+00 1.387473115e+00 
1.316172523e+00 1.605652218e+00 1.469953725e+00 
1.307670925e+00 1.569948708e+00 1.272599883e+00 
1.322985793e+00 1.546313990e+00 1.118262400e+00 
1.316780267e+00 1.586141004e+00 1.366616698e+00 
1.325984994e+00 1.547068289e+00 1.119060809e+00 
1.324035037e+00 1.568590969e+00 1.262416086e+00 
1.305854507e+00 1.633511013e+00 1.622710682e+00 
1.329977571e+00 1.606356231e+00 1.488414912e+00 
1.315072861e+00 1.600472694e+00 1.440901388e+00 
1.316560879e+00 1.545157397e+00 1.095760282e+00 
1.323135685e+00 1.631700694e+00 1.624079385e+00 
1.315259545e+00 1.666851051e+00 1.823958809e+00 
1.282140239e+00 1.559539374e+00 1.194241674e+00 
1.317634651e+00 1.608619129e+00 1.489017793e+00 
1.310555663e+00 1.580307754e+00 1.301896630e+00 
1.312006890e+00 1.557377049e+00 1.173906668e+00 
1.302179429e+00 1.557779342e+00 1.158215473e+00 
1.310405771e+00 1.568289249e+00 1.231995047e+00 
1.326301130e+00 1.643668913e+00 1.635648178e+00 
1.294008955e+00 1.580508901e+00 1.303900802e+00 
1.323770682e+00 1.676707231e+00 1.855031611e+00 
1.294882417e+00 1.572815046e+00 1.240712377e+00 
1.317243569e+00 1.546565423e+00 1.099035391e+00 
1.306191082e+00 1.596600624e+00 1.370869452e+00 
1.305373490e+00 1.600623554e+00 1.381395425e+00 
1.330920527e+00 1.651614201e+00 1.687675161e+00 
1.316548615e+00 1.602333300e+00 1.445203024e+00 
1.311634885e+00 1.610580308e+00 1.444013557e+00 
1.307237601e+00 1.601327567e+00 1.388955876e+00 
1.352525407e+00 1.640953435e+00 1.640845988e+00 
1.301378188e+00 1.625465151e+00 1.512872320e+00 
1.295777680e+00 1.588253042e+00 1.337678420e+00 
1.290555990e+00 1.582972946e+00 1.299794695e+00 
1.289375932e+00 1.600221261e+00 1.358616307e+00 
1.301987295e+00 1.580156894e+00 1.243531252e+00 
1.302007734e+00 1.613848939e+00 1.456592583e+00 
1.309605893e+00 1.609272855e+00 1.407188946e+00 
1.285895713e+00 1.656190285e+00 1.719481197e+00 
1.335124315e+00 1.690988635e+00 1.872710682e+00 
1.291308175e+00 1.595192598e+00 1.320015642e+00 
1.291494859e+00 1.609474002e+00 1.398194616e+00 
1.311628072e+00 1.612541486e+00 1.424297725e+00 
1.280366063e+00 1.575178518e+00 1.166166982e+00 
1.293547016e+00 1.595142311e+00 1.322867106e+00 
1.298189578e+00 1.649099869e+00 1.598628039e+00 
1.295368884e+00 1.622900533e+00 1.411115818e+00 
1.277099782e+00 1.612692346e+00 1.392263573e+00 
1.286984474e+00 1.617721010e+00 1.407465945e+00 
1.283414320e+00 1.597656643e+00 1.281398683e+00 
1.303118297e+00 1.648898723e+00 1.585185427e+00 
1.281576100e+00 1.657296591e+00 1.592973995e+00 
1.300921699e+00 1.632404707e+00 1.449325425e+00 
1.264555189e+00 1.569697274e+00 1.103939907e+00 
1.271679144e+00 1.601830433e+00 1.283174738e+00 
1.259125013e+00 1.637936237e+00 1.460600926e+00 
1.271356195e+00 1.604395052e+00 1.237258033e+00 
1.263642211e+00 1.640500855e+00 1.466890439e+00 
1.267656589e+00 1.647239264e+00 1.500586587e+00 
1.266160395e+00 1.568440109e+00 1.019634361e+00 
1.276857229e+00 1.615608971e+00 1.287003845e+00 
1.276868131e+00 1.612943780e+00 1.285749202e+00 
1.262716969e+00 1.629588655e+00 1.371032393e+00 
1.277064353e+00 1.668108217e+00 1.555448739e+00 
1.298393976e+00 1.701045962e+00 1.750472528e+00 
1.276493401e+00 1.596097757e+00 1.120967216e+00 
1.278311181e+00 1.683093634e+00 1.599165743e+00 
1.264902666e+00 1.627577190e+00 1.349475331e+00 
1.248400926e+00 1.613798652e+00 1.197565665e+00 
1.275515015e+00 1.682238761e+00 1.568516587e+00 
1.257848206e+00 1.637735090e+00 1.304422212e+00 
1.269693757e+00 1.697173891e+00 1.649579613e+00 
1.257166879e+00 1.638891683e+00 1.291647657e+00 
1.267288673e+00 1.611133461e+00 1.114612527e+00 
1.259199959e+00 1.636729357e+00 1.237649091e+00 
1.290156732e+00 1.733279694e+00 1.751613113e+00 
1.267975450e+00 1.687669717e+00 1.518379717e+00 
1.281412582e+00 1.739012371e+00 1.738708206e+00 
1.293924471e+00 1.759378457e+00 1.817457472e+00 
1.256424232e+00 1.699084783e+00 1.473342893e+00 
1.266546026e+00 1.724228100e+00 1.597487454e+00 
1.263925643e+00 1.718394851e+00 1.567587825e+00 
1.262740134e+00 1.735291160e+00 1.663527341e+00 
1.262689716e+00 1.718545711e+00 1.568255882e+00 
1.304100771e+00 1.752438902e+00 1.754529753e+00 
1.262195072e+00 1.740319823e+00 1.663527341e+00 
1.274360847e+00 1.759579604e+00 1.767613896e+00 
1.308378142e+00 1.782409735e+00 1.886495470e+00 
1.266620972e+00 1.756009253e+00 1.739571792e+00 
1.257214572e+00 1.739012371e+00 1.542967477e+00 
1.261972959e+00 1.737101478e+00 1.476455061e+00 
1.280079906e+00 1.832394650e+00 1.985791566e+00 
