1.587693304e+00 1.572832711e+00 1.434785589e+00 
1.592946591e+00 1.560939650e+00 1.358413602e+00 
1.562065693e+00 1.540397091e+00 1.225996641e+00 
1.772426151e+00 1.586986436e+00 1.490693449e+00 
1.557686848e+00 1.576862591e+00 1.421314229e+00 
1.702391175e+00 1.570473757e+00 1.407260138e+00 
1.535162094e+00 1.573127580e+00 1.397970726e+00 
1.653774211e+00 1.547670533e+00 1.257909711e+00 
1.427756769e+00 1.615588756e+00 1.671956946e+00 
1.345338571e+00 1.576469432e+00 1.397285161e+00 
1.557369925e+00 1.520542559e+00 1.049566380e+00 
1.348816426e+00 1.550717515e+00 1.216433003e+00 
1.583060589e+00 1.653921761e+00 1.855482809e+00 
1.584313347e+00 1.612148614e+00 1.621190827e+00 
1.343986256e+00 1.613917830e+00 1.619065574e+00 
1.643159784e+00 1.626990368e+00 1.728550372e+00 
1.609305453e+00 1.587477885e+00 1.443423714e+00 
1.398412366e+00 1.639374877e+00 1.775545881e+00 
1.326391229e+00 1.534204836e+00 1.105062901e+00 
1.424250706e+00 1.625810891e+00 1.669523189e+00 
1.730516005e+00 1.594456458e+00 1.485277483e+00 
1.525777195e+00 1.600058974e+00 1.556164947e+00 
1.672164034e+00 1.592982111e+00 1.477839098e+00 
1.481869274e+00 1.677609593e+00 2.000000000e+00 
1.343025532e+00 1.552093572e+00 1.191444144e+00 
1.358830193e+00 1.601238451e+00 1.562643540e+00 
1.395789041e+00 1.613721250e+00 1.562952045e+00 
1.300637513e+00 1.590524867e+00 1.441949748e+00 
1.435810923e+00 1.548653430e+00 1.208994618e+00 
1.306453296e+00 1.663062709e+00 1.877626573e+00 
1.304686161e+00 1.540003932e+00 1.090803140e+00 
1.265593476e+00 1.593965009e+00 1.468961026e+00 
1.411922240e+00 1.610281109e+00 1.571350221e+00 
1.554645384e+00 1.639080008e+00 1.720769204e+00 
1.585079935e+00 1.563200315e+00 1.244232681e+00 
1.406119731e+00 1.598289758e+00 1.478833168e+00 
1.459419188e+00 1.575879693e+00 1.337366743e+00 
1.283916928e+00 1.578140358e+00 1.337263908e+00 
1.450346234e+00 1.571849813e+00 1.279984918e+00 
1.311996958e+00 1.626597209e+00 1.594625167e+00 
1.327177729e+00 1.638981718e+00 1.696328797e+00 
1.303493137e+00 1.686357382e+00 1.989716519e+00 
1.284580641e+00 1.574503637e+00 1.238885271e+00 
1.281345041e+00 1.652250835e+00 1.741747506e+00 
1.273728936e+00 1.593375270e+00 1.321153121e+00 
1.273040334e+00 1.676626695e+00 1.769512906e+00 
1.272321865e+00 1.678592491e+00 1.769512906e+00 
1.265784294e+00 1.666011402e+00 1.665718301e+00 
1.250054300e+00 1.661981522e+00 1.461831145e+00 
1.227653993e+00 1.693827403e+00 1.470743496e+00 
1.241004576e+00 1.734421073e+00 1.711925410e+00 
1.252747315e+00 1.709258895e+00 1.504199088e+00 
1.248159400e+00 1.665421663e+00 1.058101669e+00 
1.272907591e+00 1.820522902e+00 2.000000000e+00 
1.188602790e+00 1.775407902e+00 1.437219347e+00 
1.214173985e+00 1.763416552e+00 1.404003702e+00 
