1.695944315e+00 1.594161306e+00 1.520696964e+00 
1.419917620e+00 1.575655616e+00 1.387881055e+00 
1.426364146e+00 1.547946561e+00 1.214918023e+00 
1.695892592e+00 1.540326571e+00 1.165887414e+00 
1.355504077e+00 1.592380010e+00 1.441556013e+00 
1.692077653e+00 1.586046512e+00 1.405273985e+00 
1.745132582e+00 1.580702622e+00 1.397138582e+00 
1.345675200e+00 1.617021277e+00 1.614643725e+00 
1.389647314e+00 1.592083127e+00 1.421762982e+00 
1.472439649e+00 1.574863929e+00 1.328813665e+00 
1.362195110e+00 1.578624443e+00 1.341624587e+00 
1.382766630e+00 1.609104404e+00 1.524219188e+00 
1.331122319e+00 1.585056903e+00 1.382831494e+00 
1.455664260e+00 1.596338446e+00 1.457733308e+00 
1.553902868e+00 1.561306284e+00 1.224705442e+00 
1.607388820e+00 1.640376051e+00 1.655881803e+00 
1.359025921e+00 1.562988619e+00 1.177919082e+00 
1.320926682e+00 1.577436912e+00 1.284894957e+00 
1.627215847e+00 1.645126175e+00 1.660494982e+00 
1.347035664e+00 1.609005443e+00 1.437129855e+00 
1.405913313e+00 1.652350322e+00 1.709338570e+00 
1.323326301e+00 1.568827313e+00 1.208839848e+00 
1.713682059e+00 1.659772390e+00 1.777476467e+00 
1.301279901e+00 1.629985156e+00 1.532479272e+00 
1.477160519e+00 1.570608610e+00 1.245776448e+00 
1.427260673e+00 1.659475507e+00 1.740913908e+00 
1.377078703e+00 1.672835230e+00 1.772239885e+00 
1.443890298e+00 1.646511628e+00 1.625709120e+00 
1.291849133e+00 1.624641267e+00 1.467053176e+00 
1.281846280e+00 1.708065314e+00 1.946730254e+00 
1.316334335e+00 1.623354775e+00 1.412536625e+00 
1.280619042e+00 1.707174666e+00 1.928713921e+00 
1.286015442e+00 1.695695200e+00 1.805810112e+00 
1.263500403e+00 1.602869866e+00 1.322330279e+00 
1.669639415e+00 1.728946066e+00 2.000000000e+00 
1.369052284e+00 1.676793667e+00 1.673461754e+00 
1.335155121e+00 1.658584859e+00 1.591234960e+00 
1.283365046e+00 1.660366155e+00 1.593261019e+00 
1.267150770e+00 1.630578921e+00 1.432516676e+00 
1.620933892e+00 1.700049480e+00 1.817530079e+00 
1.261744966e+00 1.628698664e+00 1.253818341e+00 
1.264135181e+00 1.663236022e+00 1.396265819e+00 
1.327478222e+00 1.753587333e+00 2.000000000e+00 
1.269345065e+00 1.669074715e+00 1.518141014e+00 
1.256071145e+00 1.651360713e+00 1.387600524e+00 
1.269780790e+00 1.757545769e+00 1.627454647e+00 
1.254157406e+00 1.777832756e+00 1.720809176e+00 
1.233922867e+00 1.798020782e+00 1.497350539e+00 
1.212269873e+00 1.797624938e+00 1.340440122e+00 
