1.332562333e+00 1.546563084e+00 1.286149264e+00 
1.454716004e+00 1.575966172e+00 1.389839484e+00 
1.303402058e+00 1.553643426e+00 1.290683435e+00 
1.356404764e+00 1.581079752e+00 1.447062717e+00 
1.352934471e+00 1.590028518e+00 1.486215456e+00 
1.292777453e+00 1.627888681e+00 1.706271719e+00 
1.282803528e+00 1.595043760e+00 1.520602350e+00 
1.323709287e+00 1.620021634e+00 1.651100447e+00 
1.470761359e+00 1.579801357e+00 1.415058746e+00 
1.294373281e+00 1.654243288e+00 1.847095813e+00 
1.594219556e+00 1.568492477e+00 1.329372828e+00 
1.299032529e+00 1.582358147e+00 1.378024160e+00 
1.523437933e+00 1.687284885e+00 2.000000000e+00 
1.250060556e+00 1.564460616e+00 1.298030779e+00 
1.296743276e+00 1.618939915e+00 1.605725633e+00 
1.279045100e+00 1.553250074e+00 1.168922721e+00 
1.263557018e+00 1.555708526e+00 1.202051961e+00 
1.246949641e+00 1.551676664e+00 1.162171107e+00 
1.258739454e+00 1.632707248e+00 1.631474433e+00 
1.276456628e+00 1.600747369e+00 1.434651663e+00 
1.281225115e+00 1.587668404e+00 1.361343703e+00 
1.337316571e+00 1.572622677e+00 1.303624028e+00 
1.241210676e+00 1.602320779e+00 1.446897236e+00 
1.289484475e+00 1.629462091e+00 1.619659110e+00 
1.258538392e+00 1.549709903e+00 1.149296707e+00 
1.270693916e+00 1.600354017e+00 1.418864802e+00 
1.274208537e+00 1.651489822e+00 1.691080589e+00 
1.292896190e+00 1.651883174e+00 1.722687407e+00 
1.407141964e+00 1.705084079e+00 2.000000000e+00 
1.259626025e+00 1.615399744e+00 1.516134370e+00 
1.514176431e+00 1.689251647e+00 1.901770644e+00 
1.276499374e+00 1.624053496e+00 1.534171769e+00 
1.417594004e+00 1.682367981e+00 1.855005792e+00 
1.447928986e+00 1.686498181e+00 1.869137845e+00 
1.264517998e+00 1.599272298e+00 1.304219758e+00 
1.263750164e+00 1.663388730e+00 1.684428264e+00 
1.261470410e+00 1.672632511e+00 1.760615588e+00 
1.256261804e+00 1.636640771e+00 1.480324342e+00 
1.227709464e+00 1.644409480e+00 1.371040874e+00 
1.386283795e+00 1.778837644e+00 2.000000000e+00 
1.242290393e+00 1.754843151e+00 1.729339732e+00 
1.253443775e+00 1.808339070e+00 2.000000000e+00 
1.253944054e+00 1.721113187e+00 1.488267417e+00 
1.218805757e+00 1.726915134e+00 1.446632467e+00 
1.210082530e+00 1.677549415e+00 1.126526560e+00 
