1.519861896e+00 1.547802358e+00 1.394068226e+00 
1.454083666e+00 1.535717766e+00 1.278233289e+00 
1.296033197e+00 1.583666309e+00 1.597462631e+00 
1.441806835e+00 1.553357373e+00 1.396261430e+00 
1.459991635e+00 1.603449956e+00 1.720990654e+00 
1.479944562e+00 1.594678881e+00 1.648243749e+00 
1.313658693e+00 1.536594874e+00 1.272598441e+00 
1.333073636e+00 1.519052724e+00 1.152005939e+00 
1.292080337e+00 1.585030699e+00 1.575294396e+00 
1.304012728e+00 1.518273073e+00 1.141444816e+00 
1.327747935e+00 1.636195303e+00 1.884300030e+00 
1.304406374e+00 1.543611734e+00 1.291325033e+00 
1.306113813e+00 1.555501413e+00 1.359449337e+00 
1.309072718e+00 1.616216743e+00 1.723791207e+00 
1.311959454e+00 1.525874671e+00 1.159631542e+00 
1.382759950e+00 1.624110710e+00 1.736275601e+00 
1.289288731e+00 1.571289348e+00 1.409758073e+00 
1.268815864e+00 1.560179320e+00 1.370854000e+00 
1.396980408e+00 1.575577429e+00 1.474710666e+00 
1.239733633e+00 1.604327064e+00 1.623443668e+00 
1.268740415e+00 1.619432804e+00 1.720518271e+00 
1.339937837e+00 1.531332229e+00 1.199244188e+00 
1.323675341e+00 1.532404249e+00 1.211020009e+00 
1.283638272e+00 1.532404249e+00 1.179572831e+00 
1.261753200e+00 1.526167040e+00 1.167189662e+00 
1.238262381e+00 1.568365656e+00 1.363565813e+00 
1.278786587e+00 1.618263327e+00 1.665013328e+00 
1.244974044e+00 1.582399376e+00 1.457974829e+00 
1.294124015e+00 1.584056135e+00 1.503998380e+00 
1.236618910e+00 1.590000975e+00 1.528258596e+00 
1.236453250e+00 1.533573726e+00 1.144785235e+00 
1.285281744e+00 1.617873502e+00 1.650403212e+00 
1.261041357e+00 1.600526264e+00 1.568343625e+00 
1.254697098e+00 1.551992983e+00 1.249822857e+00 
1.269773736e+00 1.552187896e+00 1.254512940e+00 
1.219993931e+00 1.568170744e+00 1.360765260e+00 
1.206175320e+00 1.551992983e+00 1.249350474e+00 
1.251818562e+00 1.631517396e+00 1.755238384e+00 
1.215950860e+00 1.555793782e+00 1.260890104e+00 
1.218215964e+00 1.630640288e+00 1.673043830e+00 
1.243671732e+00 1.656758601e+00 1.804636097e+00 
1.222962677e+00 1.607640581e+00 1.500691703e+00 
1.205724267e+00 1.595166163e+00 1.376994973e+00 
1.237650590e+00 1.615632005e+00 1.533083645e+00 
1.216546249e+00 1.608030406e+00 1.438607146e+00 
1.232046057e+00 1.603449956e+00 1.409690589e+00 
1.205479879e+00 1.586590001e+00 1.262577184e+00 
1.305506942e+00 1.679660852e+00 1.881364511e+00 
1.272042120e+00 1.680050677e+00 1.809899787e+00 
1.290018616e+00 1.702368190e+00 1.936295846e+00 
1.207177477e+00 1.639703733e+00 1.530013159e+00 
1.185558116e+00 1.633271611e+00 1.503458515e+00 
1.187063812e+00 1.674105838e+00 1.723352566e+00 
1.192788079e+00 1.624208167e+00 1.458885852e+00 
1.286620140e+00 1.717668843e+00 2.000000000e+00 
1.200590469e+00 1.647597700e+00 1.577082701e+00 
1.197172310e+00 1.580255336e+00 1.148935452e+00 
1.204904172e+00 1.607445668e+00 1.320882680e+00 
1.199007684e+00 1.650229023e+00 1.558119918e+00 
1.203616622e+00 1.621674301e+00 1.399939265e+00 
1.193908330e+00 1.652080694e+00 1.565576813e+00 
1.253401347e+00 1.707533379e+00 1.813915039e+00 
1.258043088e+00 1.717181561e+00 1.845058542e+00 
1.180407916e+00 1.665724588e+00 1.329318082e+00 
1.178132970e+00 1.660754312e+00 1.144110403e+00 
1.175016607e+00 1.711918916e+00 1.456051557e+00 
1.168231136e+00 1.680732872e+00 1.182069710e+00 
1.185049657e+00 1.797875451e+00 1.661909100e+00 
1.230061425e+00 1.860637365e+00 1.745959443e+00 
