1.435416818e+00 1.667663179e+00 1.941152842e+00 
1.450933241e+00 1.624813154e+00 1.694583919e+00 
1.407083965e+00 1.581763827e+00 1.407812814e+00 
1.388639244e+00 1.652316891e+00 1.851743991e+00 
1.332372728e+00 1.600298954e+00 1.552386691e+00 
1.389779393e+00 1.587144993e+00 1.480551650e+00 
1.352947369e+00 1.586048829e+00 1.427495481e+00 
1.345405156e+00 1.615445939e+00 1.569893553e+00 
1.300417098e+00 1.560837070e+00 1.217580505e+00 
1.382077232e+00 1.641554559e+00 1.733681462e+00 
1.417063691e+00 1.636273044e+00 1.663218853e+00 
1.402083165e+00 1.616243149e+00 1.613643971e+00 
1.328237293e+00 1.640458396e+00 1.709379393e+00 
1.340951191e+00 1.622521176e+00 1.564102564e+00 
1.389220255e+00 1.635276532e+00 1.590781281e+00 
1.323031431e+00 1.622820130e+00 1.538796278e+00 
1.296304904e+00 1.608171400e+00 1.472551382e+00 
1.329023368e+00 1.591928251e+00 1.329316462e+00 
1.258595210e+00 1.621126059e+00 1.490192140e+00 
1.312390035e+00 1.654409567e+00 1.712559416e+00 
1.277780892e+00 1.632486298e+00 1.518611502e+00 
1.288751755e+00 1.633582461e+00 1.574211689e+00 
1.282747514e+00 1.612356751e+00 1.476702149e+00 
1.323110722e+00 1.601295466e+00 1.346622481e+00 
1.316275293e+00 1.684902840e+00 1.875711321e+00 
1.268803239e+00 1.659491779e+00 1.683269733e+00 
1.312150795e+00 1.627902342e+00 1.504117293e+00 
1.315899344e+00 1.648031888e+00 1.624355627e+00 
1.250666113e+00 1.613452915e+00 1.383544219e+00 
1.327417042e+00 1.597907324e+00 1.298486979e+00 
1.284001132e+00 1.646138515e+00 1.561692442e+00 
1.259701182e+00 1.591131041e+00 1.194316128e+00 
1.263129834e+00 1.658694569e+00 1.624288679e+00 
1.245665313e+00 1.681315396e+00 1.754100556e+00 
1.477170351e+00 1.727952167e+00 1.983798621e+00 
1.441637058e+00 1.737618336e+00 2.000000000e+00 
1.311661378e+00 1.711908321e+00 1.837986209e+00 
1.400908839e+00 1.735027404e+00 1.909185245e+00 
1.250085101e+00 1.610762332e+00 1.156858807e+00 
1.309087156e+00 1.750672646e+00 1.913603803e+00 
1.308858852e+00 1.779372197e+00 1.858338354e+00 
1.386656969e+00 1.825510713e+00 2.000000000e+00 
1.365616152e+00 1.814748381e+00 1.913670750e+00 
1.363610638e+00 1.833682113e+00 2.000000000e+00 
1.278828079e+00 1.819033383e+00 1.916415612e+00 
1.346658774e+00 1.927254609e+00 2.000000000e+00 
