1.715422660e+00 1.577567514e+00 1.511510564e+00 
1.313478999e+00 1.657599054e+00 1.936833806e+00 
1.763253100e+00 1.599546619e+00 1.639198991e+00 
1.322795765e+00 1.616893357e+00 1.649858089e+00 
1.329914561e+00 1.617583284e+00 1.714159571e+00 
1.707221281e+00 1.598462448e+00 1.596783349e+00 
1.600734581e+00 1.608909915e+00 1.626773888e+00 
1.413021427e+00 1.566035876e+00 1.370545569e+00 
1.615365841e+00 1.554109994e+00 1.273194576e+00 
1.496839517e+00 1.656909127e+00 1.896688742e+00 
1.300717653e+00 1.592647349e+00 1.583538316e+00 
1.584331824e+00 1.562980485e+00 1.328729108e+00 
1.561499186e+00 1.672481766e+00 1.957111321e+00 
1.430681292e+00 1.685097575e+00 2.000000000e+00 
1.527906339e+00 1.555982653e+00 1.192116052e+00 
1.619368113e+00 1.586536566e+00 1.400946074e+00 
1.426646214e+00 1.565444510e+00 1.306275623e+00 
1.401168139e+00 1.575300611e+00 1.363071586e+00 
1.799798443e+00 1.638675340e+00 1.741753390e+00 
1.348886646e+00 1.686575991e+00 1.968338064e+00 
1.564386071e+00 1.655233590e+00 1.779627878e+00 
1.302368427e+00 1.680662330e+00 1.849542731e+00 
1.383375740e+00 1.723142125e+00 2.000000000e+00 
1.298136516e+00 1.652178198e+00 1.512235888e+00 
1.264915027e+00 1.614330771e+00 1.235004730e+00 
1.295161712e+00 1.647447270e+00 1.416777042e+00 
1.293117272e+00 1.697220580e+00 1.654966887e+00 
1.272066629e+00 1.711314804e+00 1.757931252e+00 
1.377033778e+00 1.782180170e+00 1.987448754e+00 
1.256670345e+00 1.696727774e+00 1.284547461e+00 
