Fo(cost)	Fo(time)	Fo(bonus)

692.433	1769	7042
tour: 0 6 2 7 4 8 5 9 1 3 0 
bonus: 6 2 7 4 8 5 9 1 3 
passengers: 0 1 2 3 6 8 9 10 12 13 14 15 17 20 21 22 

776.433	1750	7042
tour: 0 6 2 7 4 8 3 9 1 5 0 
bonus: 6 2 7 4 8 3 9 1 5 
passengers: 0 1 2 3 6 8 9 10 12 13 14 18 20 

820.5	1736	7042
tour: 0 9 6 2 7 1 8 3 4 5 0 
bonus: 9 6 2 7 1 8 3 4 5 
passengers: 2 3 6 8 9 10 12 13 14 

826.167	1731	7042
tour: 0 3 6 2 7 4 8 9 1 5 0 
bonus: 3 6 2 7 4 8 9 1 5 
passengers: 3 6 8 9 10 12 13 14 15 16 17 21 22 

839.267	1721	7042
tour: 0 6 2 7 4 8 9 5 1 3 0 
bonus: 6 2 7 4 8 9 5 1 3 
passengers: 0 1 2 3 6 8 9 10 12 13 14 15 17 19 20 21 

970.5	1600	7042
tour: 0 9 6 2 7 4 8 3 1 5 0 
bonus: 9 6 2 7 4 8 3 1 5 
passengers: 2 3 6 8 9 10 12 13 14 

923.433	1702	7042
tour: 0 6 2 7 4 8 5 9 3 1 0 
bonus: 6 2 7 4 8 5 9 3 1 
passengers: 0 1 2 3 6 8 9 10 12 13 14 15 18 20 21 22 

969.267	1683	7042
tour: 0 6 2 7 4 8 9 3 1 5 0 
bonus: 6 2 7 4 8 9 3 1 5 
passengers: 0 1 2 3 6 8 9 10 12 13 14 15 17 18 21 22 

1186.77	1552	7042
tour: 0 6 2 7 4 8 3 1 9 5 0 
bonus: 6 2 7 4 8 3 1 9 5 
passengers: 0 1 2 3 6 8 9 10 12 13 14 

1515.27	1551	7042
tour: 0 6 2 7 4 3 1 9 5 8 0 
bonus: 6 2 7 4 3 1 9 5 8 
passengers: 0 1 2 3 6 8 

608.433	1577	6601
tour: 0 6 2 7 1 8 5 9 4 0 
bonus: 6 2 7 1 8 5 9 4 
passengers: 0 1 2 3 6 8 9 10 12 13 14 15 17 20 21 22 

658.433	1528	6601
tour: 0 6 2 7 4 8 5 9 1 0 
bonus: 6 2 7 4 8 5 9 1 
passengers: 0 1 2 3 6 8 9 10 12 13 14 15 17 20 21 22 

704.267	1509	6601
tour: 0 6 2 7 4 8 9 1 5 0 
bonus: 6 2 7 4 8 9 1 5 
passengers: 0 1 2 3 6 8 9 10 12 13 14 16 18 19 20 21 

805.267	1480	6601
tour: 0 6 2 7 4 8 9 5 1 0 
bonus: 6 2 7 4 8 9 5 1 
passengers: 0 1 2 3 6 8 9 10 12 13 14 17 18 19 21 22 

566.833	1759	6601
tour: 0 1 6 2 7 4 8 5 9 0 
bonus: 1 6 2 7 4 8 5 9 
passengers: 6 8 9 10 12 13 14 15 17 20 21 22 23 

974.6	1461	6601
tour: 0 6 1 2 7 4 8 9 5 0 
bonus: 6 1 2 7 4 8 9 5 
passengers: 0 1 2 3 9 10 12 13 14 15 16 18 19 20 

1176.1	1460	6535
tour: 0 6 2 1 3 4 8 9 5 0 
bonus: 6 2 1 3 4 8 9 5 
passengers: 0 1 2 3 15 16 17 19 22 

1380.33	1440	6535
tour: 0 9 6 4 8 3 1 2 5 0 
bonus: 9 6 4 8 3 1 2 5 
passengers: 2 3 

1485.6	1439	6535
tour: 0 6 4 3 1 2 5 9 8 0 
bonus: 6 4 3 1 2 5 9 8 
passengers: 0 1 2 3 

1528.1	1411	6535
tour: 0 6 2 5 8 9 4 3 1 0 
bonus: 6 2 5 8 9 4 3 1 
passengers: 0 1 2 3 16 17 18 19 21 

1654.5	1392	6535
tour: 0 8 9 6 4 3 1 2 5 0 
bonus: 8 9 6 4 3 1 2 5 
passengers: 18 19 20 21 22 

1044.6	1448	6334
tour: 0 6 1 3 7 4 8 9 5 0 
bonus: 6 1 3 7 4 8 9 5 
passengers: 0 1 2 3 9 10 12 13 14 15 16 17 18 20 

1158	1417	6267
tour: 0 3 1 2 7 4 8 9 5 0 
bonus: 3 1 2 7 4 8 9 5 
passengers: 9 10 12 13 14 15 16 17 18 19 

470.333	1626	6209
tour: 0 3 6 2 7 4 8 5 9 0 
bonus: 3 6 2 7 4 8 5 9 
passengers: 3 6 8 9 10 12 13 14 15 17 20 21 22 23 

683.433	1496	6209
tour: 0 6 2 7 4 8 3 9 5 0 
bonus: 6 2 7 4 8 3 9 5 
passengers: 0 1 2 3 6 8 9 10 12 13 14 18 20 

733.167	1477	6209
tour: 0 3 6 2 7 4 8 9 5 0 
bonus: 3 6 2 7 4 8 9 5 
passengers: 3 6 8 9 10 12 13 14 16 17 18 20 22 

1684.5	1388	6267
tour: 0 8 9 5 2 7 4 3 1 0 
bonus: 8 9 5 2 7 4 3 1 
passengers: 16 17 19 20 22 

1221	1395	6209
tour: 0 3 7 4 8 9 6 2 5 0 
bonus: 3 7 4 8 9 6 2 5 
passengers: 9 10 12 13 14 15 16 18 20 22 

653.267	1574	6143
tour: 0 6 2 7 4 8 9 1 3 0 
bonus: 6 2 7 4 8 9 1 3 
passengers: 0 1 2 3 6 8 9 10 12 13 14 15 16 17 18 21 

885.5	1424	6143
tour: 0 9 6 2 7 4 8 3 1 0 
bonus: 9 6 2 7 4 8 3 1 
passengers: 2 3 6 8 9 10 12 13 14 

564.967	1537	6094
tour: 0 6 2 7 1 8 5 9 4 0 
bonus: 6 2 1 8 5 9 4 
passengers: 0 1 2 3 5 6 7 8 9 10 12 13 14 17 18 20 21 22 

614.967	1488	6094
tour: 0 6 2 7 4 8 5 9 1 0 
bonus: 6 2 4 8 5 9 1 
passengers: 0 1 2 3 5 6 7 8 9 10 12 13 14 17 18 20 21 22 

1198.27	1404	6143
tour: 0 6 2 7 4 3 1 9 8 0 
bonus: 6 2 7 4 3 1 9 8 
passengers: 0 1 2 3 6 8 

660.8	1469	6094
tour: 0 6 2 7 4 8 9 1 5 0 
bonus: 6 2 4 8 9 1 5 
passengers: 0 1 2 3 5 6 7 8 9 10 12 13 14 15 16 17 19 21 

761.8	1440	6094
tour: 0 6 2 7 4 8 9 5 1 0 
bonus: 6 2 4 8 9 5 1 
passengers: 0 1 2 3 5 6 7 8 9 10 12 13 14 16 17 18 19 20 

1367.17	1376	6143
tour: 0 8 9 6 2 7 4 3 1 0 
bonus: 8 9 6 2 7 4 3 1 
passengers: 6 8 15 16 17 19 20 

965.267	1369	6094
tour: 0 6 4 8 5 9 2 1 0 
bonus: 6 4 8 5 9 2 1 
passengers: 0 1 2 3 17 18 20 21 22 

936.267	1417	6094
tour: 0 6 2 0 
bonus: 6 2 
passengers: 0 1 2 3 15 18 20 21 22 

1011.1	1350	6094
tour: 0 6 4 8 9 2 1 5 0 
bonus: 6 4 8 9 2 1 5 
passengers: 0 1 2 3 16 17 18 21 22 

946.267	1416	6094
tour: 0 6 2 0 
bonus: 6 2 
passengers: 0 1 2 3 15 17 20 21 22 

1045.1	1349	6094
tour: 0 6 1 2 4 8 9 5 0 
bonus: 6 1 2 4 8 9 5 
passengers: 0 1 2 3 15 16 18 21 22 

876.767	1414	6077
tour: 0 6 2 7 4 8 3 1 5 0 
bonus: 6 2 7 4 8 3 1 5 
passengers: 0 1 2 3 6 8 9 10 12 13 14 

1263.1	1301	6094
tour: 0 6 4 8 9 5 2 1 0 
bonus: 6 4 8 9 5 2 1 
passengers: 0 1 2 3 15 17 18 20 21 

530.267	1473	5893
tour: 0 6 7 1 8 5 9 4 0 
bonus: 6 7 1 8 5 9 4 
passengers: 0 1 2 3 4 5 6 7 8 9 10 12 13 14 15 17 18 20 21 

580.267	1424	5893
tour: 0 6 7 4 8 5 9 1 0 
bonus: 6 7 4 8 5 9 1 
passengers: 0 1 2 3 4 5 6 7 8 9 10 12 13 14 15 17 18 21 22 

626.1	1405	5893
tour: 0 6 7 4 8 9 1 5 0 
bonus: 6 7 4 8 9 1 5 
passengers: 0 1 2 3 4 5 6 7 8 9 10 12 13 14 15 16 17 18 21 

727.1	1376	5893
tour: 0 6 7 4 8 9 5 1 0 
bonus: 6 7 4 8 9 5 1 
passengers: 0 1 2 3 4 5 6 7 8 9 10 12 13 14 15 17 18 19 22 

879.6	1357	5893
tour: 0 6 1 7 4 8 9 5 0 
bonus: 6 1 7 4 8 9 5 
passengers: 0 1 2 3 9 10 12 13 14 16 19 20 21 22 

912	1345	5826
tour: 0 1 2 7 4 8 9 5 0 
bonus: 1 2 7 4 8 9 5 
passengers: 9 10 12 13 14 16 19 20 21 22 

348.433	1404	5768
tour: 0 6 2 7 4 8 5 9 0 
bonus: 6 2 7 4 8 5 9 
passengers: 0 1 2 3 6 8 9 10 12 13 14 15 17 18 20 21 23 

1014.1	1336	5827
tour: 0 6 1 3 4 8 9 5 0 
bonus: 6 1 3 4 8 9 5 
passengers: 0 1 2 3 15 16 17 18 22 

611.267	1255	5768
tour: 0 6 2 7 0 
bonus: 6 2 7 
passengers: 0 1 2 3 6 8 9 10 12 13 14 17 19 20 21 22 

569.267	1382	5702
tour: 0 6 2 7 1 8 9 4 0 
bonus: 6 2 7 1 8 9 4 
passengers: 0 1 2 3 6 8 9 10 12 13 14 15 17 18 19 22 

1328.6	1221	5611
tour: 0 6 2 5 9 8 3 1 0 
bonus: 6 2 5 9 8 3 1 
passengers: 0 1 2 3 

1319.5	1251	5611
tour: 0 3 1 8 9 6 2 5 0 
bonus: 3 1 8 9 6 2 5 
passengers: 15 18 20 21 22 

1585	1202	5611
tour: 0 8 3 1 9 6 2 5 0 
bonus: 8 3 1 9 6 2 5 
passengers: 

1286.6	1254	5570
tour: 0 6 0 
bonus: 6 
passengers: 0 1 2 3 

852.267	1244	5386
tour: 0 6 4 8 5 9 1 0 
bonus: 6 4 8 5 9 1 
passengers: 0 1 2 3 15 18 20 21 22 

898.1	1225	5386
tour: 0 6 4 8 9 1 5 0 
bonus: 6 4 8 9 1 5 
passengers: 0 1 2 3 16 17 18 20 22 

999.1	1196	5386
tour: 0 6 4 8 9 5 1 0 
bonus: 6 4 8 9 5 1 
passengers: 0 1 2 3 15 16 19 20 22 

561.5	1368	5310
tour: 0 9 6 2 7 4 8 3 0 
bonus: 9 6 2 7 4 8 3 
passengers: 2 3 6 8 9 10 12 13 14 

304.967	1364	5261
tour: 0 6 2 7 4 8 5 9 0 
bonus: 6 2 4 8 5 9 
passengers: 0 1 2 3 5 6 7 8 9 10 12 13 14 15 17 20 21 22 23 

567.8	1215	5261
tour: 0 6 2 7 4 8 9 5 0 
bonus: 6 2 4 8 9 5 
passengers: 0 1 2 3 5 6 7 8 9 10 12 13 14 15 18 19 21 22 

850.1	1192	5261
tour: 0 6 5 8 9 2 4 0 
bonus: 6 5 8 9 2 4 
passengers: 0 1 2 3 16 17 20 21 22 

899.1	1143	5261
tour: 0 6 2 4 8 9 5 0 
bonus: 6 2 4 8 9 5 
passengers: 0 1 2 3 17 18 19 20 21 

525.8	1342	5195
tour: 0 6 2 7 1 8 9 4 0 
bonus: 6 2 1 8 9 4 
passengers: 0 1 2 3 5 6 7 8 9 10 12 13 14 15 16 18 21 22 

927.1	1131	5170
tour: 0 6 5 8 9 2 1 0 
bonus: 6 5 8 9 2 1 
passengers: 0 1 2 3 17 18 20 21 22 

1055.67	1130	5170
tour: 0 8 5 9 6 2 1 0 
bonus: 8 5 9 6 2 1 
passengers: 17 18 20 21 22 

1082.6	1111	5170
tour: 0 6 2 1 9 8 5 0 
bonus: 6 2 1 9 8 5 
passengers: 0 1 2 3 

1164.6	1110	5170
tour: 0 6 2 1 9 5 8 0 
bonus: 6 2 1 9 5 8 
passengers: 0 1 2 3 

270.267	1300	5060
tour: 0 6 7 4 8 5 9 0 
bonus: 6 7 4 8 5 9 
passengers: 0 1 2 3 4 5 6 7 8 9 10 12 13 14 15 17 18 21 22 23 

533.1	1151	5060
tour: 0 6 7 4 8 9 5 0 
bonus: 6 7 4 8 9 5 
passengers: 0 1 2 3 4 5 6 7 8 9 10 12 13 14 15 16 18 19 22 

