1.310421819e+00 1.772918862e+00 2.000000000e+00 
1.363149206e+00 1.762908325e+00 2.000000000e+00 
1.390810370e+00 1.755532139e+00 2.000000000e+00 
1.394367585e+00 1.752897787e+00 2.000000000e+00 
1.402590547e+00 1.747629083e+00 2.000000000e+00 
1.484966418e+00 1.683877766e+00 2.000000000e+00 
1.455422133e+00 1.737618546e+00 2.000000000e+00 
1.484192455e+00 1.727608008e+00 2.000000000e+00 
1.620720608e+00 1.658587987e+00 2.000000000e+00 
1.826922353e+00 1.658061117e+00 2.000000000e+00 
1.257694432e+00 1.671759747e+00 1.937375746e+00 
1.289079782e+00 1.645943098e+00 1.937375746e+00 
1.317850104e+00 1.635932561e+00 1.937375746e+00 
1.381248509e+00 1.620653319e+00 1.937375746e+00 
1.231581822e+00 1.767650158e+00 1.937375746e+00 
1.487540016e+00 1.610642782e+00 1.937375746e+00 
1.614022974e+00 1.610115911e+00 1.928003408e+00 
1.742219572e+00 1.599578504e+00 1.928003408e+00 
1.808298286e+00 1.599051633e+00 1.928003408e+00 
1.834975833e+00 1.584299262e+00 1.928003408e+00 
1.914317996e+00 1.574288725e+00 1.928003408e+00 
1.531479505e+00 1.603793467e+00 1.899460381e+00 
1.602661478e+00 1.587460485e+00 1.889946038e+00 
1.171008097e+00 1.697576396e+00 1.881709742e+00 
1.304772456e+00 1.629083246e+00 1.881709742e+00 
1.335990835e+00 1.619072708e+00 1.881709742e+00 
1.933149206e+00 1.572181243e+00 1.889946038e+00 
1.642207018e+00 1.575869336e+00 1.881709742e+00 
1.285837047e+00 1.670179136e+00 1.872337404e+00 
1.431611324e+00 1.591148577e+00 1.872337404e+00 
1.230410520e+00 1.650684932e+00 1.865379154e+00 
1.261795870e+00 1.624868282e+00 1.865379154e+00 
1.627939238e+00 1.580611170e+00 1.872337404e+00 
1.290565564e+00 1.614857745e+00 1.865379154e+00 
1.353963970e+00 1.599578504e+00 1.865379154e+00 
1.733958948e+00 1.565858799e+00 1.872337404e+00 
1.481681627e+00 1.562170706e+00 1.865379154e+00 
1.463478124e+00 1.587460485e+00 1.865379154e+00 
1.510451321e+00 1.552160169e+00 1.865379154e+00 
1.469755194e+00 1.586933614e+00 1.865379154e+00 
1.531793359e+00 1.551633298e+00 1.865379154e+00 
1.426129559e+00 1.585879874e+00 1.862965067e+00 
1.668633482e+00 1.526343519e+00 1.865379154e+00 
1.208629088e+00 1.616965227e+00 1.836836126e+00 
1.240014437e+00 1.591148577e+00 1.836836126e+00 
1.268784132e+00 1.581138040e+00 1.836836126e+00 
1.332182537e+00 1.565858799e+00 1.836836126e+00 
1.427907853e+00 1.555848261e+00 1.836836126e+00 
1.448245559e+00 1.549525817e+00 1.827321784e+00 
1.094490616e+00 1.580611170e+00 1.819085487e+00 
1.512334442e+00 1.544783983e+00 1.827463789e+00 
1.259473354e+00 1.502107482e+00 1.819085487e+00 
1.233109660e+00 1.569020021e+00 1.809713150e+00 
1.709748289e+00 1.484193888e+00 1.796790684e+00 
1.704036156e+00 1.500000000e+00 1.796790684e+00 
1.870692361e+00 1.474183351e+00 1.796790684e+00 
1.683384596e+00 1.501580611e+00 1.790968475e+00 
1.410750738e+00 1.496311907e+00 1.764839534e+00 
1.439520432e+00 1.486301370e+00 1.764839534e+00 
1.502918837e+00 1.471022129e+00 1.764839534e+00 
1.228234260e+00 1.561643836e+00 1.754047146e+00 
1.067206704e+00 1.559536354e+00 1.747088895e+00 
1.232188814e+00 1.481032666e+00 1.747088895e+00 
1.409390497e+00 1.468914647e+00 1.747088895e+00 
1.440148139e+00 1.443097998e+00 1.747088895e+00 
1.205825121e+00 1.547945205e+00 1.737716558e+00 
1.457723934e+00 1.436775553e+00 1.734166430e+00 
1.538428222e+00 1.436248683e+00 1.734166430e+00 
1.555332371e+00 1.426238145e+00 1.734166430e+00 
1.606804344e+00 1.425711275e+00 1.734166430e+00 
1.045425271e+00 1.525816649e+00 1.718545868e+00 
1.210407382e+00 1.447312961e+00 1.718545868e+00 
