1.394788777e+00 1.385595568e+00 1.582751745e+00 
1.761233304e+00 1.949584488e+00 1.950814224e+00 
1.400470783e+00 1.650415512e+00 1.788634098e+00 
1.273136173e+00 1.533518006e+00 1.666001994e+00 
1.386208277e+00 1.427700831e+00 1.641076770e+00 
1.211509310e+00 1.480332410e+00 1.592555666e+00 
1.669936790e+00 1.509141274e+00 1.730309073e+00 
1.103051798e+00 1.358448753e+00 1.494848787e+00 
1.794640048e+00 1.616620499e+00 1.882186773e+00 
1.411377742e+00 1.300831025e+00 1.563974742e+00 
1.432542974e+00 1.520221607e+00 1.734629445e+00 
1.032367360e+00 1.216620499e+00 1.289631107e+00 
1.128316792e+00 1.339058172e+00 1.494848787e+00 
1.409051283e+00 1.565096953e+00 1.734629445e+00 
1.183898979e+00 1.367867036e+00 1.523928215e+00 
1.033549753e+00 1.223822715e+00 1.347291459e+00 
1.453708206e+00 1.593905817e+00 1.788634098e+00 
1.689957956e+00 1.789473684e+00 1.857926221e+00 
1.391356577e+00 1.570637119e+00 1.759554669e+00 
1.524640334e+00 1.529639889e+00 1.759554669e+00 
1.109687384e+00 1.347368421e+00 1.485211034e+00 
1.397648943e+00 1.406648199e+00 1.582917913e+00 
1.202776078e+00 1.381717452e+00 1.568295115e+00 
1.024244487e+00 1.259279778e+00 1.309737454e+00 
1.739724852e+00 1.644321330e+00 1.882186773e+00 
1.232235792e+00 1.346814404e+00 1.523928215e+00 
1.264937219e+00 1.300277008e+00 1.518444666e+00 
1.242971141e+00 1.429362881e+00 1.582917913e+00 
1.545004719e+00 1.663711911e+00 1.857261549e+00 
1.410805709e+00 1.397229917e+00 1.607843137e+00 
1.269513486e+00 1.427146814e+00 1.636922566e+00 
1.542316163e+00 1.841551247e+00 1.882186773e+00 
1.390784544e+00 1.581163435e+00 1.711033566e+00 
1.514686955e+00 1.564542936e+00 1.759554669e+00 
1.452907359e+00 1.679224377e+00 1.857261549e+00 
1.452754626e+00 1.417728532e+00 1.690927218e+00 
1.136992249e+00 1.325207756e+00 1.436523762e+00 
1.498326803e+00 1.396675900e+00 1.661681622e+00 
1.424534508e+00 1.512465374e+00 1.690927218e+00 
1.562394531e+00 1.381717452e+00 1.607676969e+00 
1.687669822e+00 1.505263158e+00 1.755234297e+00 
1.410996196e+00 1.387257618e+00 1.641076770e+00 
1.699682522e+00 1.499168975e+00 1.710867398e+00 
1.237098075e+00 1.327977839e+00 1.568295115e+00 
1.330149015e+00 1.316897507e+00 1.534895314e+00 
1.069969396e+00 1.268698061e+00 1.372216683e+00 
1.079121929e+00 1.248199446e+00 1.426221336e+00 
1.421102308e+00 1.423822715e+00 1.666001994e+00 
1.040185339e+00 1.212742382e+00 1.337653706e+00 
1.345021880e+00 1.411080332e+00 1.636922566e+00 
1.025731774e+00 1.227700831e+00 1.299268860e+00 
1.283661585e+00 1.613850416e+00 1.701229644e+00 
1.023062666e+00 1.124653740e+00 1.278664008e+00 
1.248348254e+00 1.325761773e+00 1.568295115e+00 
1.000000000e+00 1.117451524e+00 1.000000000e+00 
1.076261762e+00 1.287534626e+00 1.420737787e+00 
1.410576896e+00 1.655955679e+00 1.828182120e+00 
1.215170323e+00 1.435457064e+00 1.636922566e+00 
1.162543260e+00 1.320775623e+00 1.509970090e+00 
1.335297314e+00 1.551800554e+00 1.690927218e+00 
1.691102022e+00 1.510803324e+00 1.788634098e+00 
1.547521666e+00 1.511357341e+00 1.788634098e+00 
1.311843949e+00 1.504155125e+00 1.666001994e+00 
1.331064268e+00 1.589473684e+00 1.734629445e+00 
1.648771559e+00 1.582271468e+00 1.808740445e+00 
1.113824901e+00 1.175623269e+00 1.327849784e+00 
1.512055602e+00 1.580609418e+00 1.788634098e+00 
1.412292995e+00 1.546814404e+00 1.734629445e+00 
1.351314246e+00 1.488088643e+00 1.661847790e+00 
1.503246289e+00 1.639335180e+00 1.799102692e+00 
1.025731774e+00 1.240997230e+00 1.367896311e+00 
1.144238195e+00 1.300831025e+00 1.489365238e+00 
1.337203901e+00 1.269252078e+00 1.469923563e+00 
1.354517633e+00 1.637119114e+00 1.759554669e+00 
1.403655293e+00 1.560664820e+00 1.705550017e+00 
1.131615136e+00 1.334072022e+00 1.441342639e+00 
1.032367360e+00 1.229916898e+00 1.358258558e+00 
1.312606470e+00 1.318005540e+00 1.543369890e+00 
1.673140177e+00 1.803324100e+00 1.906447325e+00 
1.701169808e+00 1.740166205e+00 1.906447325e+00 
1.433687041e+00 1.621052632e+00 1.788634098e+00 
1.732288419e+00 1.723545706e+00 1.906447325e+00 
1.102670251e+00 1.222160665e+00 1.366733134e+00 
1.427966708e+00 1.275900277e+00 1.514124294e+00 
1.058051655e+00 1.131301939e+00 1.299268860e+00 
1.371335412e+00 1.197783934e+00 1.362412762e+00 
1.449131939e+00 1.442105263e+00 1.690927218e+00 
1.644195292e+00 1.596675900e+00 1.857261549e+00 
1.390212510e+00 1.426592798e+00 1.666001994e+00 
1.169979693e+00 1.120221607e+00 1.289631107e+00 
1.613076681e+00 1.633795014e+00 1.857261549e+00 
1.393415897e+00 1.505263158e+00 1.686108342e+00 
1.443602094e+00 1.614404432e+00 1.783815221e+00 
1.454623459e+00 1.505817175e+00 1.705550017e+00 
1.195721191e+00 1.211080332e+00 1.441342639e+00 
1.191335412e+00 1.267036011e+00 1.441342639e+00 
1.111822784e+00 1.201662050e+00 1.420737787e+00 
1.010725624e+00 1.159556787e+00 1.220338983e+00 
1.836970512e+00 1.746260388e+00 1.950814224e+00 
1.000000000e+00 1.146260388e+00 1.195579927e+00 
1.227945542e+00 1.348476454e+00 1.514290462e+00 
1.023062666e+00 1.109141274e+00 1.151711532e+00 
1.391928610e+00 1.325207756e+00 1.568295115e+00 
1.001954638e+00 1.081994460e+00 1.068627451e+00 
1.076738266e+00 1.040443213e+00 1.147557328e+00 
1.047278552e+00 1.060941828e+00 1.151711532e+00 
1.008341962e+00 1.163434903e+00 1.216184779e+00 
1.001954638e+00 1.068698061e+00 1.000000000e+00 
1.000000000e+00 1.132963989e+00 1.126952476e+00 
1.076738266e+00 1.013296399e+00 1.000000000e+00 
1.000000000e+00 1.130747922e+00 1.068627451e+00 
1.179132225e+00 1.023268698e+00 1.142073779e+00 
1.047278552e+00 1.047645429e+00 1.000000000e+00 
1.019725424e+00 1.090304709e+00 1.126952476e+00 
1.179132225e+00 1.000000000e+00 1.000000000e+00 

1.296742270e+00 1.583379501e+00 1.759554669e+00 
1.410329205e+00 1.652077562e+00 1.808740445e+00 
1.426727112e+00 1.482548476e+00 1.730309073e+00 
1.417956125e+00 1.477008310e+00 1.690927218e+00 
1.466483425e+00 1.672576177e+00 1.828182120e+00 
1.417956125e+00 1.490304709e+00 1.759554669e+00 
1.217553986e+00 1.395013850e+00 1.568295115e+00 
1.738580785e+00 1.482548476e+00 1.740112994e+00 
1.449131939e+00 1.442105263e+00 1.690927218e+00 
1.311367446e+00 1.524653740e+00 1.759554669e+00 
1.334629751e+00 1.403324100e+00 1.588235294e+00 
1.418337671e+00 1.631578947e+00 1.784479894e+00 
1.337203901e+00 1.269252078e+00 1.469923563e+00 
1.136992249e+00 1.325207756e+00 1.436523762e+00 
1.217553986e+00 1.408310249e+00 1.636922566e+00 
1.451992106e+00 1.645983380e+00 1.803256896e+00 
1.399365043e+00 1.406094183e+00 1.611997341e+00 
1.207352344e+00 1.415512465e+00 1.548853440e+00 
1.562108515e+00 1.668144044e+00 1.857261549e+00 
1.312606470e+00 1.318005540e+00 1.543369890e+00 
1.539701971e+00 1.513573407e+00 1.788634098e+00 
1.111536767e+00 1.347368421e+00 1.494848787e+00 
1.024244487e+00 1.259279778e+00 1.309737454e+00 
1.411377742e+00 1.300831025e+00 1.563974742e+00 
1.421102308e+00 1.423822715e+00 1.666001994e+00 
1.032367360e+00 1.229916898e+00 1.358258558e+00 
1.642479192e+00 1.661495845e+00 1.882186773e+00 
1.492796957e+00 1.537396122e+00 1.788634098e+00 
1.562394531e+00 1.381717452e+00 1.607676969e+00 
1.210117553e+00 1.465927978e+00 1.563476238e+00 
1.547521666e+00 1.511357341e+00 1.788634098e+00 
1.673368990e+00 1.620498615e+00 1.882186773e+00 
1.654835111e+00 1.577839335e+00 1.823861748e+00 
1.311367446e+00 1.511357341e+00 1.690927218e+00 
1.398220976e+00 1.417728532e+00 1.641076770e+00 
1.691102022e+00 1.510803324e+00 1.788634098e+00 
1.452754626e+00 1.417728532e+00 1.690927218e+00 
1.828962046e+00 1.617174515e+00 1.882186773e+00 
1.032367360e+00 1.216620499e+00 1.289631107e+00 
1.403369276e+00 1.512465374e+00 1.709704221e+00 
1.621885994e+00 1.634349030e+00 1.857261549e+00 
1.572977147e+00 1.660387812e+00 1.853107345e+00 
1.128316792e+00 1.339058172e+00 1.494848787e+00 
1.069969396e+00 1.268698061e+00 1.372216683e+00 
1.410996196e+00 1.387257618e+00 1.641076770e+00 
1.264937219e+00 1.300277008e+00 1.518444666e+00 
1.079121929e+00 1.248199446e+00 1.426221336e+00 
1.191335412e+00 1.267036011e+00 1.441342639e+00 
1.697680405e+00 1.792797784e+00 1.902293121e+00 
1.433687041e+00 1.593905817e+00 1.788634098e+00 
1.077643795e+00 1.325761773e+00 1.426221336e+00 
1.390212510e+00 1.426592798e+00 1.666001994e+00 
1.076261762e+00 1.287534626e+00 1.420737787e+00 
1.434545091e+00 1.465373961e+00 1.709704221e+00 
1.277140406e+00 1.447645429e+00 1.666001994e+00 
1.394788777e+00 1.385595568e+00 1.582751745e+00 
1.103051798e+00 1.358448753e+00 1.494848787e+00 
1.506525756e+00 1.645983380e+00 1.808740445e+00 
1.033549753e+00 1.223822715e+00 1.347291459e+00 
1.330149015e+00 1.316897507e+00 1.534895314e+00 
1.214455281e+00 1.405540166e+00 1.568295115e+00 
1.190382404e+00 1.370637119e+00 1.523928215e+00 
1.391928610e+00 1.325207756e+00 1.568295115e+00 
1.537797100e+00 1.811080332e+00 1.950814224e+00 
1.459046993e+00 1.674238227e+00 1.857261549e+00 
1.360085233e+00 1.431578947e+00 1.661847790e+00 
1.023062666e+00 1.124653740e+00 1.278664008e+00 
1.237098075e+00 1.327977839e+00 1.568295115e+00 
1.227945542e+00 1.348476454e+00 1.514290462e+00 
1.144238195e+00 1.300831025e+00 1.489365238e+00 
1.521065126e+00 1.812742382e+00 1.882186773e+00 
1.248348254e+00 1.325761773e+00 1.568295115e+00 
1.025731774e+00 1.227700831e+00 1.299268860e+00 
1.354746446e+00 1.402770083e+00 1.603522765e+00 
1.023062666e+00 1.109141274e+00 1.151711532e+00 
1.111822784e+00 1.201662050e+00 1.420737787e+00 
1.498326803e+00 1.396675900e+00 1.661681622e+00 
1.371335412e+00 1.197783934e+00 1.362412762e+00 
1.010725624e+00 1.159556787e+00 1.220338983e+00 
1.162543260e+00 1.320775623e+00 1.509970090e+00 
1.102670251e+00 1.222160665e+00 1.366733134e+00 
1.427966708e+00 1.275900277e+00 1.514124294e+00 
1.113824901e+00 1.175623269e+00 1.327849784e+00 
1.195721191e+00 1.211080332e+00 1.441342639e+00 
1.000000000e+00 1.146260388e+00 1.195579927e+00 
1.058051655e+00 1.131301939e+00 1.299268860e+00 
1.025731774e+00 1.240997230e+00 1.367896311e+00 
1.000000000e+00 1.117451524e+00 1.000000000e+00 
1.040185339e+00 1.212742382e+00 1.337653706e+00 
1.000000000e+00 1.132963989e+00 1.126952476e+00 
1.169979693e+00 1.120221607e+00 1.289631107e+00 
1.001954638e+00 1.081994460e+00 1.068627451e+00 
1.008341962e+00 1.163434903e+00 1.216184779e+00 
1.179132225e+00 1.023268698e+00 1.142073779e+00 
1.000000000e+00 1.130747922e+00 1.068627451e+00 
1.001954638e+00 1.068698061e+00 1.000000000e+00 
1.076738266e+00 1.040443213e+00 1.147557328e+00 
1.179132225e+00 1.000000000e+00 1.000000000e+00 
1.076738266e+00 1.013296399e+00 1.000000000e+00 
1.047278552e+00 1.047645429e+00 1.000000000e+00 
1.019725424e+00 1.090304709e+00 1.126952476e+00 
1.047278552e+00 1.060941828e+00 1.151711532e+00 

1.491996110e+00 1.747368421e+00 1.906447325e+00 
1.288295055e+00 1.646537396e+00 1.734629445e+00 
1.069969396e+00 1.268698061e+00 1.372216683e+00 
1.407373509e+00 1.517451524e+00 1.730475241e+00 
1.738580785e+00 1.622714681e+00 1.853107345e+00 
1.261924320e+00 1.562880886e+00 1.730475241e+00 
1.404742156e+00 1.688088643e+00 1.828182120e+00 
1.545479507e+00 1.813296399e+00 1.950814224e+00 
1.208401453e+00 1.428808864e+00 1.582917913e+00 
1.524028258e+00 1.853739612e+00 1.950814224e+00 
1.570402997e+00 1.492520776e+00 1.726154869e+00 
1.312606470e+00 1.318005540e+00 1.543369890e+00 
1.512818122e+00 1.498614958e+00 1.740112994e+00 
1.498326803e+00 1.396675900e+00 1.661681622e+00 
1.335297314e+00 1.421052632e+00 1.666001994e+00 
1.449131939e+00 1.442105263e+00 1.690927218e+00 
1.399937076e+00 1.719667590e+00 1.857261549e+00 
1.539701971e+00 1.513573407e+00 1.788634098e+00 
1.348454080e+00 1.552354571e+00 1.759554669e+00 
1.485170037e+00 1.516897507e+00 1.759554669e+00 
1.113824901e+00 1.175623269e+00 1.327849784e+00 
1.417670108e+00 1.515789474e+00 1.701229644e+00 
1.356081000e+00 1.525207756e+00 1.759554669e+00 
1.457330893e+00 1.500831025e+00 1.730475241e+00 
1.371335412e+00 1.197783934e+00 1.362412762e+00 
1.215170323e+00 1.435457064e+00 1.636922566e+00 
1.429110774e+00 1.669806094e+00 1.828182120e+00 
1.354746446e+00 1.402770083e+00 1.603522765e+00 
1.131615136e+00 1.334072022e+00 1.441342639e+00 
1.438835340e+00 1.639335180e+00 1.857261549e+00 
1.330149015e+00 1.316897507e+00 1.534895314e+00 
1.502864743e+00 1.707479224e+00 1.906447325e+00 
1.398983497e+00 1.537396122e+00 1.788634098e+00 
1.525212367e+00 1.636565097e+00 1.857261549e+00 
1.418242142e+00 1.517451524e+00 1.734629445e+00 
1.309555816e+00 1.546814404e+00 1.734629445e+00 
1.394216743e+00 1.692520776e+00 1.783815221e+00 
1.355318480e+00 1.209418283e+00 1.372050515e+00 
1.248348254e+00 1.325761773e+00 1.568295115e+00 
1.205693447e+00 1.445429363e+00 1.582917913e+00 
1.217553986e+00 1.408310249e+00 1.636922566e+00 
1.102670251e+00 1.222160665e+00 1.366733134e+00 
1.544850270e+00 1.578393352e+00 1.837819874e+00 
1.400470783e+00 1.696398892e+00 1.823861748e+00 
1.459390213e+00 1.629362881e+00 1.823861748e+00 
1.385636244e+00 1.209972299e+00 1.412263210e+00 
1.452754626e+00 1.417728532e+00 1.690927218e+00 
1.077643795e+00 1.325761773e+00 1.426221336e+00 
1.296589538e+00 1.498060942e+00 1.690927218e+00 
1.076261762e+00 1.287534626e+00 1.420737787e+00 
1.201441524e+00 1.483656510e+00 1.592555666e+00 
1.111536767e+00 1.347368421e+00 1.494848787e+00 
1.227945542e+00 1.348476454e+00 1.514290462e+00 
1.462098218e+00 1.675900277e+00 1.882186773e+00 
1.250350370e+00 1.299722992e+00 1.475407112e+00 
1.306123616e+00 1.603324100e+00 1.734629445e+00 
1.277140406e+00 1.447645429e+00 1.666001994e+00 
1.162543260e+00 1.320775623e+00 1.509970090e+00 
1.183898979e+00 1.367867036e+00 1.523928215e+00 
1.024244487e+00 1.259279778e+00 1.309737454e+00 
1.411377742e+00 1.300831025e+00 1.563974742e+00 
1.395551297e+00 1.621052632e+00 1.788634098e+00 
1.128316792e+00 1.339058172e+00 1.494848787e+00 
1.292776364e+00 1.395013850e+00 1.573113991e+00 
1.008341962e+00 1.163434903e+00 1.216184779e+00 
1.202776078e+00 1.381717452e+00 1.568295115e+00 
1.360314046e+00 1.712465374e+00 1.828182120e+00 
1.103051798e+00 1.358448753e+00 1.494848787e+00 
1.025731774e+00 1.240997230e+00 1.367896311e+00 
1.033549753e+00 1.223822715e+00 1.347291459e+00 
1.131615136e+00 1.347368421e+00 1.509970090e+00 
1.032367360e+00 1.216620499e+00 1.289631107e+00 
1.155450047e+00 1.320221607e+00 1.485211034e+00 
1.032367360e+00 1.229916898e+00 1.358258558e+00 
1.232235792e+00 1.346814404e+00 1.523928215e+00 
1.221844235e+00 1.465927978e+00 1.666001994e+00 
1.422627921e+00 1.702493075e+00 1.882186773e+00 
1.162543260e+00 1.307479224e+00 1.441342639e+00 
1.237098075e+00 1.327977839e+00 1.568295115e+00 
1.610828590e+00 1.788919668e+00 1.931372549e+00 
1.000000000e+00 1.130747922e+00 1.068627451e+00 
1.195721191e+00 1.211080332e+00 1.441342639e+00 
1.000000000e+00 1.132963989e+00 1.126952476e+00 
1.000000000e+00 1.117451524e+00 1.000000000e+00 
1.118172354e+00 1.336288089e+00 1.485211034e+00 
1.040185339e+00 1.212742382e+00 1.337653706e+00 
1.191335412e+00 1.267036011e+00 1.441342639e+00 
1.025731774e+00 1.227700831e+00 1.299268860e+00 
1.023062666e+00 1.109141274e+00 1.151711532e+00 
1.197570575e+00 1.474792244e+00 1.534396810e+00 
1.023062666e+00 1.124653740e+00 1.278664008e+00 
1.058051655e+00 1.131301939e+00 1.299268860e+00 
1.109687384e+00 1.347368421e+00 1.485211034e+00 
1.136229729e+00 1.234903047e+00 1.416583583e+00 
1.169979693e+00 1.120221607e+00 1.289631107e+00 
1.047278552e+00 1.060941828e+00 1.151711532e+00 
1.101564511e+00 1.376731302e+00 1.436689930e+00 
1.079121929e+00 1.248199446e+00 1.426221336e+00 
1.000000000e+00 1.146260388e+00 1.195579927e+00 
1.047278552e+00 1.047645429e+00 1.000000000e+00 
1.076738266e+00 1.040443213e+00 1.147557328e+00 
1.179132225e+00 1.000000000e+00 1.000000000e+00 
1.019725424e+00 1.090304709e+00 1.126952476e+00 
1.076738266e+00 1.013296399e+00 1.000000000e+00 
1.179132225e+00 1.023268698e+00 1.142073779e+00 
1.001954638e+00 1.068698061e+00 1.000000000e+00 
1.010725624e+00 1.159556787e+00 1.220338983e+00 
1.001954638e+00 1.081994460e+00 1.068627451e+00 

1.454470726e+00 1.594459834e+00 1.857261549e+00 
1.690718760e+00 1.633240997e+00 1.882186773e+00 
1.665263278e+00 1.832686981e+00 1.906447325e+00 
1.118172354e+00 1.336288089e+00 1.485211034e+00 
1.346737980e+00 1.450969529e+00 1.666001994e+00 
1.416049538e+00 1.677562327e+00 1.853107345e+00 
1.024244487e+00 1.259279778e+00 1.309737454e+00 
1.438358836e+00 1.595567867e+00 1.808740445e+00 
1.547521666e+00 1.511357341e+00 1.788634098e+00 
1.273136173e+00 1.533518006e+00 1.666001994e+00 
1.385731774e+00 1.637119114e+00 1.808740445e+00 
1.364947516e+00 1.511357341e+00 1.759554669e+00 
1.418337671e+00 1.663711911e+00 1.853107345e+00 
1.076261762e+00 1.287534626e+00 1.420737787e+00 
1.296589538e+00 1.498060942e+00 1.690927218e+00 
1.232235792e+00 1.346814404e+00 1.523928215e+00 
1.672985728e+00 1.590581717e+00 1.853107345e+00 
1.390308040e+00 1.679778393e+00 1.857261549e+00 
1.183898979e+00 1.367867036e+00 1.523928215e+00 
1.443411607e+00 1.486426593e+00 1.709704221e+00 
1.381632011e+00 1.442659280e+00 1.690927218e+00 
1.111536767e+00 1.347368421e+00 1.494848787e+00 
1.217553986e+00 1.408310249e+00 1.636922566e+00 
1.551811915e+00 1.902493075e+00 1.906447325e+00 
1.390212510e+00 1.426592798e+00 1.666001994e+00 
1.465148872e+00 1.506371191e+00 1.730309073e+00 
1.691102022e+00 1.510803324e+00 1.788634098e+00 
1.497373223e+00 1.483656510e+00 1.709704221e+00 
1.708646283e+00 1.965650970e+00 1.950814224e+00 
1.398983497e+00 1.537396122e+00 1.788634098e+00 
1.613877528e+00 1.496398892e+00 1.710867398e+00 
1.588324801e+00 1.782825485e+00 1.882186773e+00 
1.398220976e+00 1.417728532e+00 1.641076770e+00 
1.330149015e+00 1.316897507e+00 1.534895314e+00 
1.568303635e+00 1.566204986e+00 1.808740445e+00 
1.227945542e+00 1.348476454e+00 1.514290462e+00 
1.311367446e+00 1.524653740e+00 1.759554669e+00 
1.360085233e+00 1.431578947e+00 1.661847790e+00 
1.215170323e+00 1.435457064e+00 1.636922566e+00 
1.669364757e+00 1.493074792e+00 1.734629445e+00 
1.452754626e+00 1.417728532e+00 1.690927218e+00 
1.033549753e+00 1.223822715e+00 1.347291459e+00 
1.632371364e+00 1.729085873e+00 1.882186773e+00 
1.144238195e+00 1.300831025e+00 1.489365238e+00 
1.300593771e+00 1.495290859e+00 1.690927218e+00 
1.128316792e+00 1.339058172e+00 1.494848787e+00 
1.077643795e+00 1.325761773e+00 1.426221336e+00 
1.798072248e+00 1.619390582e+00 1.882186773e+00 
1.317659812e+00 1.514681440e+00 1.715187770e+00 
1.237098075e+00 1.327977839e+00 1.568295115e+00 
1.449131939e+00 1.442105263e+00 1.690927218e+00 
1.248348254e+00 1.325761773e+00 1.568295115e+00 
1.394788777e+00 1.385595568e+00 1.582751745e+00 
1.025731774e+00 1.240997230e+00 1.367896311e+00 
1.427966708e+00 1.275900277e+00 1.514124294e+00 
1.562394531e+00 1.381717452e+00 1.607676969e+00 
1.410996196e+00 1.387257618e+00 1.641076770e+00 
1.632754626e+00 1.502493075e+00 1.755234297e+00 
1.334629751e+00 1.403324100e+00 1.588235294e+00 
1.306600120e+00 1.484764543e+00 1.690927218e+00 
1.069969396e+00 1.268698061e+00 1.372216683e+00 
1.136992249e+00 1.325207756e+00 1.436523762e+00 
1.079121929e+00 1.248199446e+00 1.426221336e+00 
1.458474959e+00 1.359002770e+00 1.592555666e+00 
1.391928610e+00 1.325207756e+00 1.568295115e+00 
1.498326803e+00 1.396675900e+00 1.661681622e+00 
1.025731774e+00 1.227700831e+00 1.299268860e+00 
1.040185339e+00 1.212742382e+00 1.337653706e+00 
1.539701971e+00 1.513573407e+00 1.788634098e+00 
1.264937219e+00 1.300277008e+00 1.518444666e+00 
1.000000000e+00 1.146260388e+00 1.195579927e+00 
1.337203901e+00 1.269252078e+00 1.469923563e+00 
1.000000000e+00 1.132963989e+00 1.126952476e+00 
1.480784258e+00 1.508587258e+00 1.759554669e+00 
1.162543260e+00 1.320775623e+00 1.509970090e+00 
1.191335412e+00 1.267036011e+00 1.441342639e+00 
1.000000000e+00 1.117451524e+00 1.000000000e+00 
1.411377742e+00 1.300831025e+00 1.563974742e+00 
1.113824901e+00 1.175623269e+00 1.327849784e+00 
1.169979693e+00 1.120221607e+00 1.289631107e+00 
1.410805709e+00 1.397229917e+00 1.607843137e+00 
1.195721191e+00 1.211080332e+00 1.441342639e+00 
1.312606470e+00 1.318005540e+00 1.543369890e+00 
1.058051655e+00 1.131301939e+00 1.299268860e+00 
1.023062666e+00 1.124653740e+00 1.278664008e+00 
1.371335412e+00 1.197783934e+00 1.362412762e+00 
1.032367360e+00 1.216620499e+00 1.289631107e+00 
1.111822784e+00 1.201662050e+00 1.420737787e+00 
1.023062666e+00 1.109141274e+00 1.151711532e+00 
1.202776078e+00 1.381717452e+00 1.568295115e+00 
1.008341962e+00 1.163434903e+00 1.216184779e+00 
1.717318308e+00 1.874792244e+00 1.950814224e+00 
1.010725624e+00 1.159556787e+00 1.220338983e+00 
1.000000000e+00 1.130747922e+00 1.068627451e+00 
1.102670251e+00 1.222160665e+00 1.366733134e+00 
1.076738266e+00 1.040443213e+00 1.147557328e+00 
1.076738266e+00 1.013296399e+00 1.000000000e+00 
1.001954638e+00 1.068698061e+00 1.000000000e+00 
1.179132225e+00 1.000000000e+00 1.000000000e+00 
1.019725424e+00 1.090304709e+00 1.126952476e+00 
1.179132225e+00 1.023268698e+00 1.142073779e+00 
1.047278552e+00 1.047645429e+00 1.000000000e+00 
1.001954638e+00 1.081994460e+00 1.068627451e+00 
1.047278552e+00 1.060941828e+00 1.151711532e+00 

1.645528130e+00 1.675900277e+00 1.950814224e+00 
1.555627378e+00 1.690858726e+00 1.906447325e+00 
1.458380002e+00 1.727423823e+00 1.950814224e+00 
1.794640048e+00 1.616620499e+00 1.882186773e+00 
1.394788777e+00 1.385595568e+00 1.582751745e+00 
1.409757172e+00 1.580609418e+00 1.788634098e+00 
1.577364643e+00 1.827146814e+00 2.000000000e+00 
1.679186569e+00 1.757340720e+00 2.000000000e+00 
1.360314046e+00 1.712465374e+00 1.828182120e+00 
1.421102308e+00 1.423822715e+00 1.666001994e+00 
1.673368990e+00 1.620498615e+00 1.882186773e+00 
1.411377742e+00 1.300831025e+00 1.563974742e+00 
1.669364757e+00 1.493074792e+00 1.734629445e+00 
1.518536739e+00 1.689750693e+00 1.882186773e+00 
1.227945542e+00 1.348476454e+00 1.514290462e+00 
1.533318079e+00 1.716343490e+00 1.950814224e+00 
1.539701971e+00 1.513573407e+00 1.788634098e+00 
1.040185339e+00 1.212742382e+00 1.337653706e+00 
1.311367446e+00 1.524653740e+00 1.759554669e+00 
1.443411607e+00 1.486426593e+00 1.709704221e+00 
1.296589538e+00 1.498060942e+00 1.690927218e+00 
1.264937219e+00 1.300277008e+00 1.518444666e+00 
1.337203901e+00 1.269252078e+00 1.469923563e+00 
1.144238195e+00 1.300831025e+00 1.489365238e+00 
1.248348254e+00 1.325761773e+00 1.568295115e+00 
1.399460573e+00 1.651523546e+00 1.808740445e+00 
1.273136173e+00 1.533518006e+00 1.666001994e+00 
1.497373223e+00 1.483656510e+00 1.709704221e+00 
1.305742070e+00 1.484764543e+00 1.646560319e+00 
1.691102022e+00 1.510803324e+00 1.788634098e+00 
1.312606470e+00 1.318005540e+00 1.543369890e+00 
1.370667849e+00 1.506925208e+00 1.734629445e+00 
1.452754626e+00 1.417728532e+00 1.690927218e+00 
1.113824901e+00 1.175623269e+00 1.327849784e+00 
1.273708206e+00 1.504155125e+00 1.666001994e+00 
1.330149015e+00 1.316897507e+00 1.534895314e+00 
1.525881646e+00 1.693628809e+00 1.906447325e+00 
1.409757172e+00 1.593905817e+00 1.857261549e+00 
1.386875840e+00 1.687534626e+00 1.783815221e+00 
1.263888682e+00 1.547368421e+00 1.686108342e+00 
1.498326803e+00 1.396675900e+00 1.661681622e+00 
1.367521666e+00 1.434349030e+00 1.661847790e+00 
1.404036839e+00 1.603878116e+00 1.783815221e+00 
1.077643795e+00 1.325761773e+00 1.426221336e+00 
1.410996196e+00 1.387257618e+00 1.641076770e+00 
1.427966708e+00 1.275900277e+00 1.514124294e+00 
1.390308040e+00 1.679778393e+00 1.857261549e+00 
1.195721191e+00 1.211080332e+00 1.441342639e+00 
1.335964877e+00 1.475900277e+00 1.686108342e+00 
1.395170323e+00 1.677008310e+00 1.788634098e+00 
1.287914081e+00 1.560110803e+00 1.734629445e+00 
1.208401453e+00 1.428808864e+00 1.582917913e+00 
1.391928610e+00 1.325207756e+00 1.568295115e+00 
1.183898979e+00 1.367867036e+00 1.523928215e+00 
1.614163544e+00 1.591135734e+00 1.799102692e+00 
1.169979693e+00 1.120221607e+00 1.289631107e+00 
1.232235792e+00 1.346814404e+00 1.523928215e+00 
1.237098075e+00 1.327977839e+00 1.568295115e+00 
1.032367360e+00 1.216620499e+00 1.289631107e+00 
1.111536767e+00 1.347368421e+00 1.494848787e+00 
1.008341962e+00 1.163434903e+00 1.216184779e+00 
1.202776078e+00 1.381717452e+00 1.568295115e+00 
1.033549753e+00 1.223822715e+00 1.347291459e+00 
1.000000000e+00 1.146260388e+00 1.195579927e+00 
1.371335412e+00 1.197783934e+00 1.362412762e+00 
1.128316792e+00 1.339058172e+00 1.494848787e+00 
1.370095816e+00 1.404432133e+00 1.578597541e+00 
1.102670251e+00 1.222160665e+00 1.366733134e+00 
1.025731774e+00 1.240997230e+00 1.367896311e+00 
1.023062666e+00 1.124653740e+00 1.278664008e+00 
1.217553986e+00 1.408310249e+00 1.636922566e+00 
1.206494294e+00 1.350138504e+00 1.509970090e+00 
1.032367360e+00 1.229916898e+00 1.358258558e+00 
1.025731774e+00 1.227700831e+00 1.299268860e+00 
1.024244487e+00 1.259279778e+00 1.309737454e+00 
1.000000000e+00 1.132963989e+00 1.126952476e+00 
1.191335412e+00 1.267036011e+00 1.441342639e+00 
1.069969396e+00 1.268698061e+00 1.372216683e+00 
1.023062666e+00 1.109141274e+00 1.151711532e+00 
1.000000000e+00 1.130747922e+00 1.068627451e+00 
1.079121929e+00 1.248199446e+00 1.426221336e+00 
1.010725624e+00 1.159556787e+00 1.220338983e+00 
1.000000000e+00 1.117451524e+00 1.000000000e+00 
1.111822784e+00 1.201662050e+00 1.420737787e+00 
1.058051655e+00 1.131301939e+00 1.299268860e+00 
1.001954638e+00 1.068698061e+00 1.000000000e+00 
1.076738266e+00 1.013296399e+00 1.000000000e+00 
1.179132225e+00 1.000000000e+00 1.000000000e+00 
1.076738266e+00 1.040443213e+00 1.147557328e+00 
1.019725424e+00 1.090304709e+00 1.126952476e+00 
1.179132225e+00 1.023268698e+00 1.142073779e+00 
1.047278552e+00 1.060941828e+00 1.151711532e+00 
1.047278552e+00 1.047645429e+00 1.000000000e+00 
1.001954638e+00 1.081994460e+00 1.068627451e+00 

1.435403140e+00 1.648199446e+00 1.857261549e+00 
1.828103996e+00 1.865373961e+00 1.950814224e+00 
1.348454080e+00 1.552354571e+00 1.759554669e+00 
1.162543260e+00 1.320775623e+00 1.509970090e+00 
1.617309727e+00 1.392797784e+00 1.617480891e+00 
1.595000429e+00 1.483102493e+00 1.740112994e+00 
1.209793210e+00 1.464819945e+00 1.636922566e+00 
1.393549181e+00 1.736288089e+00 1.857261549e+00 
1.458474959e+00 1.359002770e+00 1.592555666e+00 
1.415954009e+00 1.551800554e+00 1.759554669e+00 
1.765237537e+00 1.962880886e+00 1.950814224e+00 
1.465720905e+00 1.416620499e+00 1.641076770e+00 
1.330149015e+00 1.316897507e+00 1.534895314e+00 
1.118172354e+00 1.336288089e+00 1.485211034e+00 
1.825529846e+00 1.895290859e+00 1.950814224e+00 
1.077643795e+00 1.325761773e+00 1.426221336e+00 
1.421006779e+00 1.682548476e+00 1.857261549e+00 
1.113824901e+00 1.175623269e+00 1.327849784e+00 
1.131615136e+00 1.334072022e+00 1.441342639e+00 
1.288295055e+00 1.646537396e+00 1.734629445e+00 
1.347882047e+00 1.635457064e+00 1.759554669e+00 
1.436547207e+00 1.627146814e+00 1.828182120e+00 
1.586419930e+00 1.671468144e+00 1.882186773e+00 
1.111536767e+00 1.347368421e+00 1.494848787e+00 
1.371335412e+00 1.197783934e+00 1.362412762e+00 
1.401653176e+00 1.649861496e+00 1.783815221e+00 
1.468581071e+00 1.484210526e+00 1.788634098e+00 
1.201441524e+00 1.470360111e+00 1.523928215e+00 
1.103051798e+00 1.358448753e+00 1.494848787e+00 
1.411377742e+00 1.300831025e+00 1.563974742e+00 
1.337203901e+00 1.269252078e+00 1.469923563e+00 
1.787203615e+00 1.602770083e+00 1.833665670e+00 
1.398220976e+00 1.417728532e+00 1.641076770e+00 
1.302119383e+00 1.530747922e+00 1.734629445e+00 
1.032367360e+00 1.229916898e+00 1.358258558e+00 
1.335297314e+00 1.421052632e+00 1.666001994e+00 
1.025731774e+00 1.240997230e+00 1.367896311e+00 
1.144238195e+00 1.300831025e+00 1.489365238e+00 
1.237098075e+00 1.327977839e+00 1.568295115e+00 
1.215170323e+00 1.435457064e+00 1.636922566e+00 
1.264937219e+00 1.300277008e+00 1.518444666e+00 
1.076261762e+00 1.287534626e+00 1.420737787e+00 
1.102670251e+00 1.222160665e+00 1.366733134e+00 
1.473729371e+00 1.393351801e+00 1.617480891e+00 
1.665360524e+00 1.833240997e+00 1.906447325e+00 
1.312606470e+00 1.318005540e+00 1.543369890e+00 
1.024244487e+00 1.259279778e+00 1.309737454e+00 
1.468009038e+00 1.578393352e+00 1.788634098e+00 
1.449131939e+00 1.442105263e+00 1.690927218e+00 
1.217553986e+00 1.408310249e+00 1.636922566e+00 
1.234619455e+00 1.373961219e+00 1.523928215e+00 
1.381632011e+00 1.442659280e+00 1.690927218e+00 
1.417956125e+00 1.490304709e+00 1.759554669e+00 
1.273708206e+00 1.504155125e+00 1.666001994e+00 
1.025731774e+00 1.227700831e+00 1.299268860e+00 
1.111822784e+00 1.201662050e+00 1.420737787e+00 
1.033549753e+00 1.223822715e+00 1.347291459e+00 
1.461144639e+00 1.596675900e+00 1.788634098e+00 
1.040185339e+00 1.212742382e+00 1.337653706e+00 
1.296589538e+00 1.498060942e+00 1.690927218e+00 
1.248348254e+00 1.325761773e+00 1.568295115e+00 
1.370667849e+00 1.506925208e+00 1.734629445e+00 
1.324142665e+00 1.400554017e+00 1.636922566e+00 
1.195721191e+00 1.211080332e+00 1.441342639e+00 
1.415286446e+00 1.637119114e+00 1.788634098e+00 
1.273136173e+00 1.533518006e+00 1.666001994e+00 
1.169979693e+00 1.120221607e+00 1.289631107e+00 
1.079121929e+00 1.248199446e+00 1.426221336e+00 
1.000000000e+00 1.146260388e+00 1.195579927e+00 
1.202776078e+00 1.381717452e+00 1.568295115e+00 
1.000000000e+00 1.130747922e+00 1.068627451e+00 
1.000000000e+00 1.132963989e+00 1.126952476e+00 
1.191335412e+00 1.267036011e+00 1.441342639e+00 
1.023062666e+00 1.109141274e+00 1.151711532e+00 
1.058051655e+00 1.131301939e+00 1.299268860e+00 
1.023062666e+00 1.124653740e+00 1.278664008e+00 
1.000000000e+00 1.117451524e+00 1.000000000e+00 
1.008341962e+00 1.163434903e+00 1.216184779e+00 
1.076738266e+00 1.013296399e+00 1.000000000e+00 
1.010725624e+00 1.159556787e+00 1.220338983e+00 
1.001954638e+00 1.081994460e+00 1.068627451e+00 
1.019725424e+00 1.090304709e+00 1.126952476e+00 
1.047278552e+00 1.060941828e+00 1.151711532e+00 
1.179132225e+00 1.000000000e+00 1.000000000e+00 
1.001954638e+00 1.068698061e+00 1.000000000e+00 
1.047278552e+00 1.047645429e+00 1.000000000e+00 
1.076738266e+00 1.040443213e+00 1.147557328e+00 
1.179132225e+00 1.023268698e+00 1.142073779e+00 

1.076261762e+00 1.287534626e+00 1.420737787e+00 
1.221844235e+00 1.465927978e+00 1.666001994e+00 
1.632754626e+00 1.502493075e+00 1.755234297e+00 
1.213683036e+00 1.453739612e+00 1.578763709e+00 
1.296589538e+00 1.498060942e+00 1.690927218e+00 
1.394636044e+00 1.706371191e+00 1.853107345e+00 
1.492796957e+00 1.537396122e+00 1.788634098e+00 
1.459619026e+00 1.520775623e+00 1.734629445e+00 
1.732288419e+00 1.734626039e+00 1.906447325e+00 
1.469725138e+00 1.530193906e+00 1.759554669e+00 
1.546566370e+00 1.910249307e+00 1.950814224e+00 
1.642667963e+00 1.872576177e+00 1.950814224e+00 
1.142750908e+00 1.319113573e+00 1.431206381e+00 
1.738580785e+00 1.482548476e+00 1.740112994e+00 
1.497373223e+00 1.483656510e+00 1.709704221e+00 
1.300593771e+00 1.495290859e+00 1.690927218e+00 
1.529405371e+00 1.606648199e+00 1.882186773e+00 
1.438835340e+00 1.639335180e+00 1.857261549e+00 
1.759746017e+00 1.696398892e+00 1.906447325e+00 
1.296742270e+00 1.583379501e+00 1.759554669e+00 
1.359513200e+00 1.533518006e+00 1.734629445e+00 
1.458474959e+00 1.359002770e+00 1.592555666e+00 
1.215170323e+00 1.435457064e+00 1.636922566e+00 
1.261924320e+00 1.562880886e+00 1.730475241e+00 
1.468581071e+00 1.538504155e+00 1.788634098e+00 
1.382776078e+00 1.431578947e+00 1.661847790e+00 
1.474491891e+00 1.740720222e+00 1.882186773e+00 
1.740296885e+00 1.719667590e+00 1.950814224e+00 
1.128316792e+00 1.339058172e+00 1.494848787e+00 
1.217553986e+00 1.408310249e+00 1.636922566e+00 
1.162543260e+00 1.320775623e+00 1.509970090e+00 
1.432542974e+00 1.526315789e+00 1.709704221e+00 
1.399937076e+00 1.719667590e+00 1.857261549e+00 
1.395131997e+00 1.732963989e+00 1.857261549e+00 
1.644195292e+00 1.596675900e+00 1.857261549e+00 
1.337203901e+00 1.269252078e+00 1.469923563e+00 
1.767754483e+00 1.581163435e+00 1.837819874e+00 
1.330149015e+00 1.316897507e+00 1.534895314e+00 
1.539701971e+00 1.513573407e+00 1.788634098e+00 
1.494513057e+00 1.629362881e+00 1.837819874e+00 
1.404513343e+00 1.407202216e+00 1.646560319e+00 
1.452754626e+00 1.417728532e+00 1.690927218e+00 
1.547521666e+00 1.511357341e+00 1.788634098e+00 
1.590996196e+00 1.893074792e+00 1.950814224e+00 
1.398983497e+00 1.564542936e+00 1.788634098e+00 
1.568458084e+00 1.795567867e+00 1.906447325e+00 
1.535508967e+00 1.960664820e+00 1.950814224e+00 
1.443411607e+00 1.486426593e+00 1.709704221e+00 
1.195721191e+00 1.211080332e+00 1.441342639e+00 
1.391928610e+00 1.325207756e+00 1.568295115e+00 
1.623945314e+00 1.739612188e+00 1.906447325e+00 
1.379248348e+00 1.527423823e+00 1.709704221e+00 
1.351657466e+00 1.546814404e+00 1.730475241e+00 
1.237098075e+00 1.327977839e+00 1.568295115e+00 
1.574121214e+00 1.742936288e+00 1.906447325e+00 
1.248348254e+00 1.325761773e+00 1.568295115e+00 
1.406419930e+00 1.540166205e+00 1.788634098e+00 
1.703457941e+00 1.833795014e+00 1.950814224e+00 
1.595572462e+00 1.495844875e+00 1.730309073e+00 
1.032367360e+00 1.229916898e+00 1.358258558e+00 
1.411377742e+00 1.300831025e+00 1.563974742e+00 
1.144238195e+00 1.300831025e+00 1.489365238e+00 
1.069969396e+00 1.268698061e+00 1.372216683e+00 
1.010725624e+00 1.159556787e+00 1.220338983e+00 
1.025731774e+00 1.240997230e+00 1.367896311e+00 
1.131615136e+00 1.347368421e+00 1.509970090e+00 
1.202776078e+00 1.381717452e+00 1.568295115e+00 
1.024244487e+00 1.259279778e+00 1.309737454e+00 
1.102670251e+00 1.222160665e+00 1.366733134e+00 
1.484025970e+00 1.852631579e+00 1.906447325e+00 
1.449131939e+00 1.442105263e+00 1.690927218e+00 
1.103051798e+00 1.358448753e+00 1.494848787e+00 
1.025731774e+00 1.227700831e+00 1.299268860e+00 
1.367521666e+00 1.620498615e+00 1.788634098e+00 
1.370191345e+00 1.307479224e+00 1.514290462e+00 
1.394788777e+00 1.385595568e+00 1.582751745e+00 
1.733718502e+00 1.835457064e+00 2.000000000e+00 
1.111536767e+00 1.347368421e+00 1.494848787e+00 
1.118172354e+00 1.336288089e+00 1.485211034e+00 
1.691102022e+00 1.510803324e+00 1.788634098e+00 
1.136992249e+00 1.325207756e+00 1.436523762e+00 
1.716425936e+00 1.799445983e+00 1.950814224e+00 
1.202928810e+00 1.467036011e+00 1.636922566e+00 
1.169979693e+00 1.120221607e+00 1.289631107e+00 
1.033549753e+00 1.223822715e+00 1.347291459e+00 
1.183898979e+00 1.367867036e+00 1.523928215e+00 
1.498326803e+00 1.396675900e+00 1.661681622e+00 
1.312606470e+00 1.318005540e+00 1.543369890e+00 
1.398220976e+00 1.417728532e+00 1.641076770e+00 
1.023062666e+00 1.109141274e+00 1.151711532e+00 
1.410996196e+00 1.387257618e+00 1.641076770e+00 
1.111822784e+00 1.201662050e+00 1.420737787e+00 
1.427966708e+00 1.275900277e+00 1.514124294e+00 
1.023062666e+00 1.124653740e+00 1.278664008e+00 
1.040185339e+00 1.212742382e+00 1.337653706e+00 
1.562394531e+00 1.381717452e+00 1.607676969e+00 
1.371335412e+00 1.197783934e+00 1.362412762e+00 
1.191335412e+00 1.267036011e+00 1.441342639e+00 
1.000000000e+00 1.132963989e+00 1.126952476e+00 
1.032367360e+00 1.216620499e+00 1.289631107e+00 
1.669364757e+00 1.493074792e+00 1.734629445e+00 
1.008341962e+00 1.163434903e+00 1.216184779e+00 
1.000000000e+00 1.146260388e+00 1.195579927e+00 
1.079121929e+00 1.248199446e+00 1.426221336e+00 
1.058051655e+00 1.131301939e+00 1.299268860e+00 
1.001954638e+00 1.068698061e+00 1.000000000e+00 
1.000000000e+00 1.130747922e+00 1.068627451e+00 
1.019725424e+00 1.090304709e+00 1.126952476e+00 
1.076738266e+00 1.013296399e+00 1.000000000e+00 
1.047278552e+00 1.060941828e+00 1.151711532e+00 
1.047278552e+00 1.047645429e+00 1.000000000e+00 
1.001954638e+00 1.081994460e+00 1.068627451e+00 
1.179132225e+00 1.000000000e+00 1.000000000e+00 
1.179132225e+00 1.023268698e+00 1.142073779e+00 
1.000000000e+00 1.117451524e+00 1.000000000e+00 
1.076738266e+00 1.040443213e+00 1.147557328e+00 

1.728055373e+00 1.796121884e+00 1.906447325e+00 
1.202776078e+00 1.381717452e+00 1.568295115e+00 
1.312606470e+00 1.318005540e+00 1.543369890e+00 
1.183898979e+00 1.367867036e+00 1.523928215e+00 
1.288295055e+00 1.633240997e+00 1.666001994e+00 
1.308182936e+00 1.590027701e+00 1.734629445e+00 
1.449131939e+00 1.442105263e+00 1.690927218e+00 
1.480784258e+00 1.508587258e+00 1.759554669e+00 
1.209793210e+00 1.464819945e+00 1.636922566e+00 
1.415954009e+00 1.551800554e+00 1.759554669e+00 
1.545004719e+00 1.746814404e+00 1.853107345e+00 
1.465148872e+00 1.506371191e+00 1.730309073e+00 
1.851271344e+00 1.737950139e+00 1.857261549e+00 
1.445127706e+00 1.626038781e+00 1.788634098e+00 
1.378199811e+00 1.410526316e+00 1.632602193e+00 
1.367674399e+00 1.600000000e+00 1.759554669e+00 
1.536081000e+00 1.757340720e+00 1.882186773e+00 
1.390212510e+00 1.426592798e+00 1.666001994e+00 
1.452754626e+00 1.417728532e+00 1.690927218e+00 
1.649629608e+00 1.744598338e+00 1.828182120e+00 
1.545805566e+00 1.406648199e+00 1.657527418e+00 
1.215170323e+00 1.435457064e+00 1.636922566e+00 
1.118172354e+00 1.336288089e+00 1.485211034e+00 
1.395932843e+00 1.763434903e+00 1.857261549e+00 
1.417670108e+00 1.664265928e+00 1.788634098e+00 
1.555146870e+00 1.650969529e+00 1.808740445e+00 
1.570402997e+00 1.492520776e+00 1.726154869e+00 
1.393930727e+00 1.299168975e+00 1.475407112e+00 
1.345212367e+00 1.476454294e+00 1.657527418e+00 
1.265127706e+00 1.418836565e+00 1.636922566e+00 
1.392500644e+00 1.530747922e+00 1.730475241e+00 
1.077643795e+00 1.325761773e+00 1.426221336e+00 
1.521780168e+00 1.542936288e+00 1.788634098e+00 
1.339873581e+00 1.525207756e+00 1.666001994e+00 
1.607585161e+00 1.401662050e+00 1.603522765e+00 
1.111536767e+00 1.347368421e+00 1.494848787e+00 
1.162543260e+00 1.320775623e+00 1.509970090e+00 
1.411377742e+00 1.300831025e+00 1.563974742e+00 
1.434831107e+00 1.447091413e+00 1.690927218e+00 
1.290678718e+00 1.649307479e+00 1.734629445e+00 
1.069969396e+00 1.268698061e+00 1.372216683e+00 
1.201441524e+00 1.483656510e+00 1.592555666e+00 
1.325000715e+00 1.640997230e+00 1.759554669e+00 
1.354746446e+00 1.402770083e+00 1.603522765e+00 
1.385826731e+00 1.292520776e+00 1.450481888e+00 
1.405085376e+00 1.568421053e+00 1.759554669e+00 
1.144238195e+00 1.300831025e+00 1.489365238e+00 
1.371335412e+00 1.197783934e+00 1.362412762e+00 
1.131615136e+00 1.334072022e+00 1.441342639e+00 
1.445699740e+00 1.573407202e+00 1.788634098e+00 
1.330149015e+00 1.316897507e+00 1.534895314e+00 
1.102670251e+00 1.222160665e+00 1.366733134e+00 
1.550953866e+00 1.500277008e+00 1.740112994e+00 
1.032367360e+00 1.229916898e+00 1.358258558e+00 
1.032367360e+00 1.216620499e+00 1.289631107e+00 
1.079121929e+00 1.248199446e+00 1.426221336e+00 
1.076261762e+00 1.287534626e+00 1.420737787e+00 
1.296399050e+00 1.563434903e+00 1.666001994e+00 
1.754597718e+00 1.626038781e+00 1.837819874e+00 
1.025731774e+00 1.227700831e+00 1.299268860e+00 
1.025731774e+00 1.240997230e+00 1.367896311e+00 
1.751165518e+00 1.620498615e+00 1.804420073e+00 
1.109687384e+00 1.347368421e+00 1.485211034e+00 
1.346737980e+00 1.500831025e+00 1.690927218e+00 
1.296780597e+00 1.527423823e+00 1.690927218e+00 
1.101564511e+00 1.376731302e+00 1.436689930e+00 
1.584131796e+00 1.813850416e+00 1.950814224e+00 
1.686714527e+00 1.688088643e+00 1.837819874e+00 
1.040185339e+00 1.212742382e+00 1.337653706e+00 
1.195721191e+00 1.211080332e+00 1.441342639e+00 
1.237098075e+00 1.327977839e+00 1.568295115e+00 
1.169979693e+00 1.120221607e+00 1.289631107e+00 
1.142750908e+00 1.319113573e+00 1.431206381e+00 
1.000000000e+00 1.130747922e+00 1.068627451e+00 
1.131615136e+00 1.347368421e+00 1.509970090e+00 
1.583559763e+00 1.526869806e+00 1.784479894e+00 
1.111822784e+00 1.201662050e+00 1.420737787e+00 
1.033549753e+00 1.223822715e+00 1.347291459e+00 
1.191335412e+00 1.267036011e+00 1.441342639e+00 
1.000000000e+00 1.117451524e+00 1.000000000e+00 
1.000000000e+00 1.132963989e+00 1.126952476e+00 
1.103051798e+00 1.358448753e+00 1.494848787e+00 
1.058051655e+00 1.131301939e+00 1.299268860e+00 
1.378771845e+00 1.316343490e+00 1.494848787e+00 
1.000000000e+00 1.146260388e+00 1.195579927e+00 
1.076738266e+00 1.040443213e+00 1.147557328e+00 
1.023062666e+00 1.124653740e+00 1.278664008e+00 
1.023062666e+00 1.109141274e+00 1.151711532e+00 
1.001954638e+00 1.081994460e+00 1.068627451e+00 
1.047278552e+00 1.047645429e+00 1.000000000e+00 
1.008341962e+00 1.163434903e+00 1.216184779e+00 
1.019725424e+00 1.090304709e+00 1.126952476e+00 
1.047278552e+00 1.060941828e+00 1.151711532e+00 
1.076738266e+00 1.013296399e+00 1.000000000e+00 
1.010725624e+00 1.159556787e+00 1.220338983e+00 
1.001954638e+00 1.068698061e+00 1.000000000e+00 
1.179132225e+00 1.023268698e+00 1.142073779e+00 
1.179132225e+00 1.000000000e+00 1.000000000e+00 

1.669364757e+00 1.493074792e+00 1.734629445e+00 
1.398983497e+00 1.564542936e+00 1.788634098e+00 
1.391928610e+00 1.325207756e+00 1.568295115e+00 
1.102670251e+00 1.222160665e+00 1.366733134e+00 
1.691102022e+00 1.510803324e+00 1.788634098e+00 
1.394979264e+00 1.567313019e+00 1.788634098e+00 
1.381632011e+00 1.442659280e+00 1.690927218e+00 
1.360085233e+00 1.431578947e+00 1.661847790e+00 
1.393930727e+00 1.299168975e+00 1.475407112e+00 
1.403750822e+00 1.709141274e+00 1.837819874e+00 
1.151102594e+00 1.309695291e+00 1.485211034e+00 
1.459619026e+00 1.520775623e+00 1.734629445e+00 
1.539701971e+00 1.513573407e+00 1.788634098e+00 
1.632754626e+00 1.502493075e+00 1.755234297e+00 
1.700826588e+00 1.644875346e+00 1.833665670e+00 
1.461335126e+00 1.550692521e+00 1.784479894e+00 
1.277140406e+00 1.447645429e+00 1.666001994e+00 
1.453326660e+00 1.490304709e+00 1.730475241e+00 
1.676572377e+00 1.894182825e+00 1.950814224e+00 
1.264937219e+00 1.300277008e+00 1.518444666e+00 
1.512818122e+00 1.498614958e+00 1.740112994e+00 
1.498326803e+00 1.396675900e+00 1.661681622e+00 
1.312606470e+00 1.318005540e+00 1.543369890e+00 
1.385826731e+00 1.292520776e+00 1.450481888e+00 
1.480784258e+00 1.508587258e+00 1.759554669e+00 
1.497373223e+00 1.483656510e+00 1.709704221e+00 
1.492796957e+00 1.537396122e+00 1.788634098e+00 
1.201441524e+00 1.483656510e+00 1.592555666e+00 
1.215170323e+00 1.435457064e+00 1.636922566e+00 
1.384835397e+00 1.710249307e+00 1.808740445e+00 
1.786917599e+00 1.742936288e+00 1.902293121e+00 
1.300593771e+00 1.495290859e+00 1.690927218e+00 
1.311367446e+00 1.524653740e+00 1.759554669e+00 
1.449131939e+00 1.442105263e+00 1.690927218e+00 
1.410996196e+00 1.387257618e+00 1.641076770e+00 
1.273708206e+00 1.504155125e+00 1.666001994e+00 
1.237098075e+00 1.327977839e+00 1.568295115e+00 
1.562394531e+00 1.381717452e+00 1.607676969e+00 
1.437881761e+00 1.693074792e+00 1.857261549e+00 
1.162543260e+00 1.320775623e+00 1.509970090e+00 
1.452754626e+00 1.417728532e+00 1.690927218e+00 
1.394788777e+00 1.385595568e+00 1.582751745e+00 
1.131615136e+00 1.334072022e+00 1.441342639e+00 
1.306600120e+00 1.484764543e+00 1.690927218e+00 
1.411377742e+00 1.300831025e+00 1.563974742e+00 
1.032367360e+00 1.216620499e+00 1.289631107e+00 
1.248348254e+00 1.325761773e+00 1.568295115e+00 
1.427966708e+00 1.275900277e+00 1.514124294e+00 
1.296742270e+00 1.583379501e+00 1.759554669e+00 
1.217553986e+00 1.408310249e+00 1.636922566e+00 
1.315657695e+00 1.582271468e+00 1.788634098e+00 
1.531315963e+00 1.663157895e+00 1.853107345e+00 
1.162543260e+00 1.307479224e+00 1.441342639e+00 
1.330149015e+00 1.316897507e+00 1.534895314e+00 
1.234619455e+00 1.373961219e+00 1.523928215e+00 
1.076261762e+00 1.287534626e+00 1.420737787e+00 
1.195721191e+00 1.211080332e+00 1.441342639e+00 
1.118172354e+00 1.336288089e+00 1.485211034e+00 
1.111536767e+00 1.347368421e+00 1.494848787e+00 
1.296589538e+00 1.498060942e+00 1.690927218e+00 
1.077643795e+00 1.325761773e+00 1.426221336e+00 
1.273136173e+00 1.533518006e+00 1.666001994e+00 
1.103051798e+00 1.358448753e+00 1.494848787e+00 
1.040185339e+00 1.212742382e+00 1.337653706e+00 
1.033549753e+00 1.223822715e+00 1.347291459e+00 
1.202928810e+00 1.467036011e+00 1.636922566e+00 
1.202776078e+00 1.381717452e+00 1.568295115e+00 
1.193623545e+00 1.402216066e+00 1.514290462e+00 
1.025731774e+00 1.227700831e+00 1.299268860e+00 
1.000000000e+00 1.130747922e+00 1.068627451e+00 
1.069969396e+00 1.268698061e+00 1.372216683e+00 
1.000000000e+00 1.117451524e+00 1.000000000e+00 
1.111822784e+00 1.201662050e+00 1.420737787e+00 
1.626330692e+00 1.910249307e+00 1.906447325e+00 
1.371335412e+00 1.197783934e+00 1.362412762e+00 
1.169979693e+00 1.120221607e+00 1.289631107e+00 
1.689574693e+00 1.829362881e+00 1.857926221e+00 
1.010725624e+00 1.159556787e+00 1.220338983e+00 
1.024244487e+00 1.259279778e+00 1.309737454e+00 
1.079121929e+00 1.248199446e+00 1.426221336e+00 
1.000000000e+00 1.132963989e+00 1.126952476e+00 
1.032367360e+00 1.229916898e+00 1.358258558e+00 
1.023062666e+00 1.124653740e+00 1.278664008e+00 
1.191335412e+00 1.267036011e+00 1.441342639e+00 
1.000000000e+00 1.146260388e+00 1.195579927e+00 
1.025731774e+00 1.240997230e+00 1.367896311e+00 
1.128316792e+00 1.339058172e+00 1.494848787e+00 
1.047278552e+00 1.060941828e+00 1.151711532e+00 
1.058051655e+00 1.131301939e+00 1.299268860e+00 
1.023062666e+00 1.109141274e+00 1.151711532e+00 
1.019725424e+00 1.090304709e+00 1.126952476e+00 
1.179132225e+00 1.023268698e+00 1.142073779e+00 
1.076738266e+00 1.040443213e+00 1.147557328e+00 
1.001954638e+00 1.081994460e+00 1.068627451e+00 
1.047278552e+00 1.047645429e+00 1.000000000e+00 
1.179132225e+00 1.000000000e+00 1.000000000e+00 
1.076738266e+00 1.013296399e+00 1.000000000e+00 
1.001954638e+00 1.068698061e+00 1.000000000e+00 
1.008341962e+00 1.163434903e+00 1.216184779e+00 

1.495466636e+00 1.564542936e+00 1.788634098e+00 
1.393835197e+00 1.638227147e+00 1.808740445e+00 
1.237098075e+00 1.327977839e+00 1.568295115e+00 
1.451992106e+00 1.509695291e+00 1.690927218e+00 
1.032367360e+00 1.229916898e+00 1.358258558e+00 
1.162543260e+00 1.320775623e+00 1.509970090e+00 
1.462860738e+00 1.554016620e+00 1.740112994e+00 
1.077643795e+00 1.325761773e+00 1.426221336e+00 
1.415954009e+00 1.426592798e+00 1.603522765e+00 
1.421102308e+00 1.423822715e+00 1.666001994e+00 
1.312606470e+00 1.318005540e+00 1.543369890e+00 
1.395208077e+00 1.747368421e+00 1.853107345e+00 
1.522352201e+00 1.516343490e+00 1.755234297e+00 
1.404742156e+00 1.688088643e+00 1.828182120e+00 
1.411377742e+00 1.300831025e+00 1.563974742e+00 
1.551142637e+00 1.634349030e+00 1.837819874e+00 
1.155450047e+00 1.320221607e+00 1.485211034e+00 
1.418242142e+00 1.695844875e+00 1.857261549e+00 
1.690529989e+00 1.639335180e+00 1.853107345e+00 
1.332284415e+00 1.714681440e+00 1.828182120e+00 
1.238585362e+00 1.438227147e+00 1.636922566e+00 
1.330339502e+00 1.313019391e+00 1.446161515e+00 
1.360314046e+00 1.712465374e+00 1.828182120e+00 
1.604341733e+00 1.629916898e+00 1.804420073e+00 
1.040185339e+00 1.212742382e+00 1.337653706e+00 
1.477352058e+00 1.663711911e+00 1.853107345e+00 
1.789491748e+00 1.616066482e+00 1.804420073e+00 
1.267072620e+00 1.557340720e+00 1.690927218e+00 
1.330149015e+00 1.316897507e+00 1.534895314e+00 
1.466254612e+00 1.693074792e+00 1.857261549e+00 
1.581460401e+00 1.646537396e+00 1.882186773e+00 
1.261924320e+00 1.549584488e+00 1.661847790e+00 
1.577170151e+00 1.842105263e+00 1.950814224e+00 
1.461907159e+00 1.661495845e+00 1.828182120e+00 
1.432733461e+00 1.566759003e+00 1.788634098e+00 
1.261924320e+00 1.562880886e+00 1.730475241e+00 
1.250407574e+00 1.437673130e+00 1.636922566e+00 
1.273288905e+00 1.618836565e+00 1.734629445e+00 
1.384682665e+00 1.436565097e+00 1.613160518e+00 
1.447987873e+00 1.556786704e+00 1.711033566e+00 
1.111822784e+00 1.201662050e+00 1.420737787e+00 
1.518536739e+00 1.554016620e+00 1.788634098e+00 
1.195721191e+00 1.211080332e+00 1.441342639e+00 
1.501949489e+00 1.519113573e+00 1.755234297e+00 
1.371335412e+00 1.197783934e+00 1.362412762e+00 
1.032367360e+00 1.216620499e+00 1.289631107e+00 
1.345212367e+00 1.476454294e+00 1.657527418e+00 
1.113824901e+00 1.175623269e+00 1.327849784e+00 
1.230004862e+00 1.445983380e+00 1.607676969e+00 
1.069969396e+00 1.268698061e+00 1.372216683e+00 
1.128316792e+00 1.339058172e+00 1.494848787e+00 
1.431589395e+00 1.512465374e+00 1.690927218e+00 
1.202776078e+00 1.381717452e+00 1.568295115e+00 
1.183898979e+00 1.367867036e+00 1.523928215e+00 
1.275424306e+00 1.570637119e+00 1.759554669e+00 
1.033549753e+00 1.223822715e+00 1.347291459e+00 
1.123492263e+00 1.376731302e+00 1.461448986e+00 
1.131615136e+00 1.334072022e+00 1.441342639e+00 
1.199954237e+00 1.501939058e+00 1.534396810e+00 
1.401271630e+00 1.471468144e+00 1.646560319e+00 
1.552858736e+00 1.496398892e+00 1.710867398e+00 
1.025731774e+00 1.227700831e+00 1.299268860e+00 
1.333390727e+00 1.514127424e+00 1.646560319e+00 
1.131615136e+00 1.347368421e+00 1.509970090e+00 
1.397648943e+00 1.406648199e+00 1.582917913e+00 
1.025731774e+00 1.240997230e+00 1.367896311e+00 
1.023062666e+00 1.124653740e+00 1.278664008e+00 
1.024244487e+00 1.259279778e+00 1.309737454e+00 
1.079121929e+00 1.248199446e+00 1.426221336e+00 
1.000000000e+00 1.117451524e+00 1.000000000e+00 
1.678803306e+00 1.744044321e+00 1.902293121e+00 
1.008341962e+00 1.163434903e+00 1.216184779e+00 
1.169979693e+00 1.120221607e+00 1.289631107e+00 
1.000000000e+00 1.130747922e+00 1.068627451e+00 
1.351695793e+00 1.490858726e+00 1.661847790e+00 
1.010725624e+00 1.159556787e+00 1.220338983e+00 
1.047278552e+00 1.047645429e+00 1.000000000e+00 
1.023062666e+00 1.109141274e+00 1.151711532e+00 
1.179132225e+00 1.023268698e+00 1.142073779e+00 
1.000000000e+00 1.146260388e+00 1.195579927e+00 
1.345784401e+00 1.525207756e+00 1.690927218e+00 
1.076738266e+00 1.040443213e+00 1.147557328e+00 
1.296780597e+00 1.527423823e+00 1.690927218e+00 
1.191335412e+00 1.267036011e+00 1.441342639e+00 
1.202928810e+00 1.467036011e+00 1.636922566e+00 
1.047278552e+00 1.060941828e+00 1.151711532e+00 
1.000000000e+00 1.132963989e+00 1.126952476e+00 
1.076738266e+00 1.013296399e+00 1.000000000e+00 
1.179132225e+00 1.000000000e+00 1.000000000e+00 
1.001954638e+00 1.081994460e+00 1.068627451e+00 
1.019725424e+00 1.090304709e+00 1.126952476e+00 
1.058051655e+00 1.131301939e+00 1.299268860e+00 
1.001954638e+00 1.068698061e+00 1.000000000e+00 

1.342504934e+00 1.638227147e+00 1.759554669e+00 
1.237098075e+00 1.327977839e+00 1.568295115e+00 
1.261924320e+00 1.549584488e+00 1.661847790e+00 
1.677275977e+00 1.734626039e+00 1.950814224e+00 
1.358140320e+00 1.600000000e+00 1.759554669e+00 
1.501377456e+00 1.663157895e+00 1.857261549e+00 
1.478839344e+00 1.688642659e+00 1.853107345e+00 
1.573835197e+00 1.543490305e+00 1.759554669e+00 
1.434068587e+00 1.596675900e+00 1.788634098e+00 
1.264937219e+00 1.300277008e+00 1.518444666e+00 
1.518536739e+00 1.554016620e+00 1.788634098e+00 
1.488316220e+00 1.505817175e+00 1.705550017e+00 
1.473729371e+00 1.393351801e+00 1.617480891e+00 
1.111536767e+00 1.347368421e+00 1.494848787e+00 
1.162543260e+00 1.320775623e+00 1.509970090e+00 
1.498898836e+00 1.577839335e+00 1.740112994e+00 
1.478305637e+00 1.595567867e+00 1.759554669e+00 
1.205693447e+00 1.445429363e+00 1.582917913e+00 
1.646958213e+00 1.636011080e+00 1.882186773e+00 
1.269513486e+00 1.427146814e+00 1.636922566e+00 
1.381632011e+00 1.442659280e+00 1.690927218e+00 
1.199057861e+00 1.456509695e+00 1.592555666e+00 
1.479449704e+00 1.516897507e+00 1.730475241e+00 
1.215170323e+00 1.435457064e+00 1.636922566e+00 
1.197570575e+00 1.474792244e+00 1.534396810e+00 
1.278627692e+00 1.546814404e+00 1.734629445e+00 
1.337203901e+00 1.269252078e+00 1.469923563e+00 
1.513581214e+00 1.663157895e+00 1.882186773e+00 
1.449131939e+00 1.442105263e+00 1.690927218e+00 
1.232235792e+00 1.346814404e+00 1.523928215e+00 
1.538329091e+00 1.756786704e+00 1.950814224e+00 
1.496572377e+00 1.823822715e+00 1.950814224e+00 
1.101564511e+00 1.376731302e+00 1.436689930e+00 
1.118172354e+00 1.336288089e+00 1.485211034e+00 
1.489517490e+00 1.863157895e+00 1.906447325e+00 
1.540846037e+00 1.647091413e+00 1.853107345e+00 
1.024244487e+00 1.259279778e+00 1.309737454e+00 
1.501949489e+00 1.519113573e+00 1.755234297e+00 
1.076261762e+00 1.287534626e+00 1.420737787e+00 
1.183898979e+00 1.367867036e+00 1.523928215e+00 
1.491805623e+00 1.588919668e+00 1.759554669e+00 
1.113824901e+00 1.175623269e+00 1.327849784e+00 
1.032367360e+00 1.229916898e+00 1.358258558e+00 
1.195721191e+00 1.211080332e+00 1.441342639e+00 
1.575797271e+00 1.745706371e+00 1.950814224e+00 
1.358521866e+00 1.520221607e+00 1.730475241e+00 
1.504580843e+00 1.699722992e+00 1.877367896e+00 
1.103051798e+00 1.358448753e+00 1.494848787e+00 
1.331064268e+00 1.675346260e+00 1.759554669e+00 
1.389602151e+00 1.703601108e+00 1.857261549e+00 
1.318097989e+00 1.530747922e+00 1.730475241e+00 
1.273327232e+00 1.562880886e+00 1.666001994e+00 
1.142750908e+00 1.319113573e+00 1.431206381e+00 
1.277140406e+00 1.447645429e+00 1.666001994e+00 
1.079121929e+00 1.248199446e+00 1.426221336e+00 
1.025731774e+00 1.240997230e+00 1.367896311e+00 
1.358140320e+00 1.613296399e+00 1.828182120e+00 
1.425354232e+00 1.519667590e+00 1.730475241e+00 
1.212729457e+00 1.515789474e+00 1.603522765e+00 
1.109687384e+00 1.347368421e+00 1.485211034e+00 
1.069969396e+00 1.268698061e+00 1.372216683e+00 
1.345021880e+00 1.411080332e+00 1.636922566e+00 
1.032367360e+00 1.216620499e+00 1.289631107e+00 
1.248348254e+00 1.325761773e+00 1.568295115e+00 
1.131615136e+00 1.334072022e+00 1.441342639e+00 
1.000000000e+00 1.130747922e+00 1.068627451e+00 
1.144238195e+00 1.300831025e+00 1.489365238e+00 
1.025731774e+00 1.227700831e+00 1.299268860e+00 
1.496858393e+00 1.679778393e+00 1.857261549e+00 
1.230004862e+00 1.432686981e+00 1.539049518e+00 
1.040185339e+00 1.212742382e+00 1.337653706e+00 
1.000000000e+00 1.132963989e+00 1.126952476e+00 
1.131615136e+00 1.347368421e+00 1.509970090e+00 
1.280343792e+00 1.402770083e+00 1.603522765e+00 
1.033549753e+00 1.223822715e+00 1.347291459e+00 
1.309517490e+00 1.512465374e+00 1.701229644e+00 
1.169979693e+00 1.120221607e+00 1.289631107e+00 
1.000000000e+00 1.117451524e+00 1.000000000e+00 
1.102670251e+00 1.222160665e+00 1.366733134e+00 
1.000000000e+00 1.146260388e+00 1.195579927e+00 
1.058051655e+00 1.131301939e+00 1.299268860e+00 
1.391928610e+00 1.325207756e+00 1.568295115e+00 
1.010725624e+00 1.159556787e+00 1.220338983e+00 
1.191335412e+00 1.267036011e+00 1.441342639e+00 
1.023062666e+00 1.124653740e+00 1.278664008e+00 
1.047278552e+00 1.047645429e+00 1.000000000e+00 
1.001954638e+00 1.081994460e+00 1.068627451e+00 
1.008341962e+00 1.163434903e+00 1.216184779e+00 
1.111822784e+00 1.201662050e+00 1.420737787e+00 
1.179132225e+00 1.023268698e+00 1.142073779e+00 
1.179132225e+00 1.000000000e+00 1.000000000e+00 
1.001954638e+00 1.068698061e+00 1.000000000e+00 
1.019725424e+00 1.090304709e+00 1.126952476e+00 
1.047278552e+00 1.060941828e+00 1.151711532e+00 
1.023062666e+00 1.109141274e+00 1.151711532e+00 
1.076738266e+00 1.040443213e+00 1.147557328e+00 
1.076738266e+00 1.013296399e+00 1.000000000e+00 

1.398983497e+00 1.564542936e+00 1.788634098e+00 
1.555718903e+00 1.777839335e+00 1.950814224e+00 
1.199057861e+00 1.456509695e+00 1.592555666e+00 
1.113824901e+00 1.175623269e+00 1.327849784e+00 
1.545233533e+00 1.597783934e+00 1.808740445e+00 
1.406419930e+00 1.540166205e+00 1.788634098e+00 
1.394788777e+00 1.385595568e+00 1.582751745e+00 
1.517015130e+00 1.786149584e+00 1.950814224e+00 
1.422627921e+00 1.702493075e+00 1.882186773e+00 
1.728856219e+00 1.619944598e+00 1.882186773e+00 
1.539701971e+00 1.513573407e+00 1.788634098e+00 
1.800360381e+00 1.703047091e+00 1.931372549e+00 
1.464386351e+00 1.662049861e+00 1.882186773e+00 
1.469725138e+00 1.517451524e+00 1.759554669e+00 
1.312606470e+00 1.318005540e+00 1.543369890e+00 
1.410996196e+00 1.387257618e+00 1.641076770e+00 
1.427966708e+00 1.275900277e+00 1.514124294e+00 
1.844406944e+00 1.690304709e+00 1.931372549e+00 
1.632754626e+00 1.492520776e+00 1.755234297e+00 
1.502521523e+00 1.831024931e+00 1.950814224e+00 
1.370667849e+00 1.506925208e+00 1.734629445e+00 
1.633898693e+00 1.607202216e+00 1.857261549e+00 
1.426727112e+00 1.482548476e+00 1.730309073e+00 
1.118172354e+00 1.336288089e+00 1.485211034e+00 
1.131615136e+00 1.334072022e+00 1.441342639e+00 
1.613116723e+00 1.772853186e+00 1.931372549e+00 
1.334629751e+00 1.403324100e+00 1.588235294e+00 
1.032367360e+00 1.216620499e+00 1.289631107e+00 
1.394979264e+00 1.567313019e+00 1.788634098e+00 
1.648771559e+00 1.986703601e+00 2.000000000e+00 
1.208401453e+00 1.428808864e+00 1.582917913e+00 
1.500424449e+00 1.763434903e+00 1.906447325e+00 
1.128316792e+00 1.339058172e+00 1.494848787e+00 
1.381632011e+00 1.442659280e+00 1.690927218e+00 
1.183898979e+00 1.367867036e+00 1.523928215e+00 
1.576695364e+00 1.508587258e+00 1.755234297e+00 
1.498326803e+00 1.396675900e+00 1.661681622e+00 
1.449131939e+00 1.442105263e+00 1.690927218e+00 
1.232235792e+00 1.346814404e+00 1.523928215e+00 
1.512818122e+00 1.498614958e+00 1.740112994e+00 
1.217553986e+00 1.408310249e+00 1.636922566e+00 
1.296589538e+00 1.498060942e+00 1.690927218e+00 
1.371335412e+00 1.197783934e+00 1.362412762e+00 
1.547332895e+00 1.703601108e+00 1.906447325e+00 
1.374672082e+00 1.628808864e+00 1.857261549e+00 
1.248348254e+00 1.325761773e+00 1.568295115e+00 
1.335297314e+00 1.421052632e+00 1.666001994e+00 
1.572691131e+00 1.626038781e+00 1.857261549e+00 
1.698155193e+00 1.742936288e+00 1.931372549e+00 
1.076261762e+00 1.287534626e+00 1.420737787e+00 
1.637330893e+00 2.000000000e+00 2.000000000e+00 
1.411377742e+00 1.300831025e+00 1.563974742e+00 
1.461526185e+00 1.623268698e+00 1.837819874e+00 
1.665932557e+00 1.597229917e+00 1.837819874e+00 
1.202928810e+00 1.467036011e+00 1.636922566e+00 
1.025731774e+00 1.227700831e+00 1.299268860e+00 
1.032367360e+00 1.229916898e+00 1.358258558e+00 
1.528455796e+00 1.733518006e+00 1.906447325e+00 
1.301737837e+00 1.594459834e+00 1.734629445e+00 
1.319947945e+00 1.527977839e+00 1.759554669e+00 
1.452754626e+00 1.417728532e+00 1.690927218e+00 
1.077643795e+00 1.325761773e+00 1.426221336e+00 
1.300593771e+00 1.495290859e+00 1.690927218e+00 
1.144238195e+00 1.300831025e+00 1.489365238e+00 
1.315657695e+00 1.582271468e+00 1.788634098e+00 
1.330149015e+00 1.316897507e+00 1.534895314e+00 
1.337203901e+00 1.269252078e+00 1.469923563e+00 
1.033549753e+00 1.223822715e+00 1.347291459e+00 
1.264937219e+00 1.300277008e+00 1.518444666e+00 
1.399365043e+00 1.406094183e+00 1.611997341e+00 
1.391928610e+00 1.325207756e+00 1.568295115e+00 
1.111822784e+00 1.201662050e+00 1.420737787e+00 
1.307649229e+00 1.546260388e+00 1.734629445e+00 
1.162543260e+00 1.320775623e+00 1.509970090e+00 
1.328051369e+00 1.450415512e+00 1.666001994e+00 
1.008341962e+00 1.163434903e+00 1.216184779e+00 
1.079121929e+00 1.248199446e+00 1.426221336e+00 
1.102670251e+00 1.222160665e+00 1.366733134e+00 
1.202776078e+00 1.381717452e+00 1.568295115e+00 
1.023062666e+00 1.124653740e+00 1.278664008e+00 
1.679564111e+00 1.884764543e+00 2.000000000e+00 
1.111536767e+00 1.347368421e+00 1.494848787e+00 
1.237098075e+00 1.327977839e+00 1.568295115e+00 
1.860612648e+00 1.875346260e+00 2.000000000e+00 
1.191335412e+00 1.267036011e+00 1.441342639e+00 
1.131615136e+00 1.347368421e+00 1.509970090e+00 
1.069969396e+00 1.268698061e+00 1.372216683e+00 
1.195721191e+00 1.211080332e+00 1.441342639e+00 
1.221844235e+00 1.465927978e+00 1.666001994e+00 
1.000000000e+00 1.117451524e+00 1.000000000e+00 
1.010725624e+00 1.159556787e+00 1.220338983e+00 
1.058051655e+00 1.131301939e+00 1.299268860e+00 
1.142750908e+00 1.319113573e+00 1.431206381e+00 
1.000000000e+00 1.130747922e+00 1.068627451e+00 
1.040185339e+00 1.212742382e+00 1.337653706e+00 
1.227945542e+00 1.348476454e+00 1.514290462e+00 
1.025731774e+00 1.240997230e+00 1.367896311e+00 
1.076738266e+00 1.013296399e+00 1.000000000e+00 
1.001954638e+00 1.081994460e+00 1.068627451e+00 
1.047278552e+00 1.047645429e+00 1.000000000e+00 
1.000000000e+00 1.146260388e+00 1.195579927e+00 
1.179132225e+00 1.023268698e+00 1.142073779e+00 
1.169979693e+00 1.120221607e+00 1.289631107e+00 
1.000000000e+00 1.132963989e+00 1.126952476e+00 
1.023062666e+00 1.109141274e+00 1.151711532e+00 
1.001954638e+00 1.068698061e+00 1.000000000e+00 
1.019725424e+00 1.090304709e+00 1.126952476e+00 
1.047278552e+00 1.060941828e+00 1.151711532e+00 
1.179132225e+00 1.000000000e+00 1.000000000e+00 
1.076738266e+00 1.040443213e+00 1.147557328e+00 

1.427394674e+00 1.666481994e+00 1.857261549e+00 
1.111822784e+00 1.201662050e+00 1.420737787e+00 
1.443411607e+00 1.486426593e+00 1.709704221e+00 
1.672985728e+00 1.590581717e+00 1.853107345e+00 
1.810656980e+00 1.853185596e+00 1.950814224e+00 
1.357034579e+00 1.536288089e+00 1.734629445e+00 
1.601063982e+00 1.806094183e+00 1.906447325e+00 
1.398983497e+00 1.564542936e+00 1.788634098e+00 
1.632754626e+00 1.492520776e+00 1.755234297e+00 
1.208401453e+00 1.428808864e+00 1.582917913e+00 
1.438835340e+00 1.639335180e+00 1.857261549e+00 
1.077643795e+00 1.325761773e+00 1.426221336e+00 
1.610445328e+00 1.599445983e+00 1.828182120e+00 
1.300117267e+00 1.320221607e+00 1.465769359e+00 
1.674570260e+00 1.963434903e+00 1.950814224e+00 
1.546566370e+00 1.600554017e+00 1.808740445e+00 
1.287914081e+00 1.560110803e+00 1.734629445e+00 
1.539701971e+00 1.513573407e+00 1.788634098e+00 
1.597477333e+00 1.602770083e+00 1.833665670e+00 
1.459619026e+00 1.520775623e+00 1.734629445e+00 
1.691102022e+00 1.510803324e+00 1.788634098e+00 
1.345879930e+00 1.470914127e+00 1.646560319e+00 
1.371049395e+00 1.311357341e+00 1.469923563e+00 
1.457330893e+00 1.500831025e+00 1.730475241e+00 
1.410996196e+00 1.387257618e+00 1.641076770e+00 
1.394788777e+00 1.385595568e+00 1.582751745e+00 
1.371335412e+00 1.197783934e+00 1.362412762e+00 
1.512818122e+00 1.498614958e+00 1.740112994e+00 
1.449131939e+00 1.442105263e+00 1.690927218e+00 
1.103051798e+00 1.358448753e+00 1.494848787e+00 
1.576312101e+00 1.634349030e+00 1.853107345e+00 
1.202928810e+00 1.467036011e+00 1.636922566e+00 
1.498326803e+00 1.396675900e+00 1.661681622e+00 
1.232235792e+00 1.346814404e+00 1.523928215e+00 
1.069969396e+00 1.268698061e+00 1.372216683e+00 
1.480784258e+00 1.508587258e+00 1.759554669e+00 
1.348454080e+00 1.552354571e+00 1.759554669e+00 
1.764894317e+00 1.842659280e+00 1.931372549e+00 
1.040185339e+00 1.212742382e+00 1.337653706e+00 
1.183898979e+00 1.367867036e+00 1.523928215e+00 
1.415954009e+00 1.551800554e+00 1.759554669e+00 
1.217553986e+00 1.408310249e+00 1.636922566e+00 
1.492796957e+00 1.537396122e+00 1.788634098e+00 
1.392500644e+00 1.530747922e+00 1.730475241e+00 
1.354746446e+00 1.402770083e+00 1.603522765e+00 
1.400699597e+00 1.627146814e+00 1.828182120e+00 
1.634470726e+00 1.657617729e+00 1.882186773e+00 
1.520064068e+00 1.616620499e+00 1.823861748e+00 
1.199057861e+00 1.456509695e+00 1.592555666e+00 
1.248348254e+00 1.325761773e+00 1.568295115e+00 
1.417670108e+00 1.515789474e+00 1.701229644e+00 
1.131615136e+00 1.334072022e+00 1.441342639e+00 
1.646483425e+00 1.647645429e+00 1.882186773e+00 
1.111536767e+00 1.347368421e+00 1.494848787e+00 
1.033549753e+00 1.223822715e+00 1.347291459e+00 
1.128316792e+00 1.339058172e+00 1.494848787e+00 
1.273708206e+00 1.504155125e+00 1.666001994e+00 
1.076261762e+00 1.287534626e+00 1.420737787e+00 
1.355890513e+00 1.480332410e+00 1.666001994e+00 
1.162543260e+00 1.307479224e+00 1.441342639e+00 
1.300593771e+00 1.495290859e+00 1.690927218e+00 
1.367521666e+00 1.620498615e+00 1.788634098e+00 
1.360085233e+00 1.431578947e+00 1.661847790e+00 
1.296589538e+00 1.498060942e+00 1.690927218e+00 
1.191335412e+00 1.267036011e+00 1.441342639e+00 
1.023062666e+00 1.124653740e+00 1.278664008e+00 
1.023062666e+00 1.109141274e+00 1.151711532e+00 
1.452754626e+00 1.417728532e+00 1.690927218e+00 
1.000000000e+00 1.130747922e+00 1.068627451e+00 
1.725281011e+00 1.917451524e+00 1.950814224e+00 
1.330149015e+00 1.316897507e+00 1.534895314e+00 
1.227945542e+00 1.348476454e+00 1.514290462e+00 
1.025731774e+00 1.240997230e+00 1.367896311e+00 
1.445127706e+00 1.542936288e+00 1.759554669e+00 
1.202776078e+00 1.381717452e+00 1.568295115e+00 
1.390212510e+00 1.426592798e+00 1.666001994e+00 
1.273136173e+00 1.533518006e+00 1.666001994e+00 
1.237098075e+00 1.327977839e+00 1.568295115e+00 
1.394979264e+00 1.567313019e+00 1.788634098e+00 
1.010725624e+00 1.159556787e+00 1.220338983e+00 
1.025731774e+00 1.227700831e+00 1.299268860e+00 
1.411377742e+00 1.300831025e+00 1.563974742e+00 
1.079121929e+00 1.248199446e+00 1.426221336e+00 
1.000000000e+00 1.146260388e+00 1.195579927e+00 
1.427966708e+00 1.275900277e+00 1.514124294e+00 
1.113824901e+00 1.175623269e+00 1.327849784e+00 
1.008341962e+00 1.163434903e+00 1.216184779e+00 
1.467913509e+00 1.605540166e+00 1.803256896e+00 
1.032367360e+00 1.229916898e+00 1.358258558e+00 
1.019725424e+00 1.090304709e+00 1.126952476e+00 
1.024244487e+00 1.259279778e+00 1.309737454e+00 
1.162543260e+00 1.320775623e+00 1.509970090e+00 
1.471441238e+00 1.483102493e+00 1.730309073e+00 
1.195721191e+00 1.211080332e+00 1.441342639e+00 
1.169979693e+00 1.120221607e+00 1.289631107e+00 
1.000000000e+00 1.132963989e+00 1.126952476e+00 
1.047278552e+00 1.060941828e+00 1.151711532e+00 
1.000000000e+00 1.117451524e+00 1.000000000e+00 
1.076738266e+00 1.040443213e+00 1.147557328e+00 
1.058051655e+00 1.131301939e+00 1.299268860e+00 
1.001954638e+00 1.081994460e+00 1.068627451e+00 
1.047278552e+00 1.047645429e+00 1.000000000e+00 
1.179132225e+00 1.023268698e+00 1.142073779e+00 
1.179132225e+00 1.000000000e+00 1.000000000e+00 
1.076738266e+00 1.013296399e+00 1.000000000e+00 
1.001954638e+00 1.068698061e+00 1.000000000e+00 

1.323856648e+00 1.322991690e+00 1.490528415e+00 
1.222949976e+00 1.455955679e+00 1.582917913e+00 
1.462098218e+00 1.675900277e+00 1.882186773e+00 
1.173125876e+00 1.344044321e+00 1.490528415e+00 
1.456377885e+00 1.601662050e+00 1.828182120e+00 
1.294110917e+00 1.336288089e+00 1.539049518e+00 
1.328051369e+00 1.450415512e+00 1.666001994e+00 
1.464386351e+00 1.662049861e+00 1.882186773e+00 
1.232235792e+00 1.346814404e+00 1.523928215e+00 
1.261924320e+00 1.562880886e+00 1.730475241e+00 
1.307649229e+00 1.546260388e+00 1.734629445e+00 
1.623218831e+00 1.632686981e+00 1.882186773e+00 
1.247680691e+00 1.351246537e+00 1.548853440e+00 
1.370095816e+00 1.568975069e+00 1.788634098e+00 
1.582375654e+00 1.813850416e+00 2.000000000e+00 
1.466350142e+00 1.633795014e+00 1.853107345e+00 
1.411377742e+00 1.300831025e+00 1.563974742e+00 
1.202776078e+00 1.381717452e+00 1.568295115e+00 
1.425354232e+00 1.519667590e+00 1.730475241e+00 
1.503093556e+00 1.519113573e+00 1.726154869e+00 
1.801275634e+00 1.800000000e+00 2.000000000e+00 
1.741726969e+00 1.674238227e+00 1.902293121e+00 
1.202928810e+00 1.467036011e+00 1.636922566e+00 
1.183898979e+00 1.367867036e+00 1.523928215e+00 
1.557303435e+00 1.693628809e+00 1.906447325e+00 
1.315657695e+00 1.582271468e+00 1.788634098e+00 
1.720464491e+00 1.701939058e+00 1.950814224e+00 
1.103051798e+00 1.358448753e+00 1.494848787e+00 
1.227945542e+00 1.348476454e+00 1.514290462e+00 
1.358140320e+00 1.613296399e+00 1.828182120e+00 
1.652832995e+00 1.802770083e+00 2.000000000e+00 
1.113824901e+00 1.175623269e+00 1.327849784e+00 
1.576752567e+00 1.674792244e+00 1.906447325e+00 
1.221844235e+00 1.465927978e+00 1.666001994e+00 
1.392214627e+00 1.511357341e+00 1.690927218e+00 
1.340979321e+00 1.462603878e+00 1.686108342e+00 
1.079121929e+00 1.248199446e+00 1.426221336e+00 
1.400470783e+00 1.663711911e+00 1.857261549e+00 
1.422627921e+00 1.702493075e+00 1.882186773e+00 
1.118172354e+00 1.336288089e+00 1.485211034e+00 
1.555490090e+00 1.701939058e+00 1.902293121e+00 
1.371335412e+00 1.197783934e+00 1.362412762e+00 
1.489231473e+00 1.540166205e+00 1.759554669e+00 
1.195721191e+00 1.211080332e+00 1.441342639e+00 
1.302081057e+00 1.594459834e+00 1.759554669e+00 
1.441027944e+00 1.498060942e+00 1.695746095e+00 
1.426879844e+00 1.649861496e+00 1.857261549e+00 
1.278627692e+00 1.546814404e+00 1.734629445e+00 
1.489231473e+00 1.565650970e+00 1.808740445e+00 
1.508013042e+00 1.730193906e+00 1.950814224e+00 
1.230004862e+00 1.445983380e+00 1.607676969e+00 
1.144238195e+00 1.300831025e+00 1.489365238e+00 
1.032367360e+00 1.216620499e+00 1.289631107e+00 
1.025731774e+00 1.227700831e+00 1.299268860e+00 
1.025731774e+00 1.240997230e+00 1.367896311e+00 
1.032367360e+00 1.229916898e+00 1.358258558e+00 
1.386837514e+00 1.541274238e+00 1.759554669e+00 
1.033549753e+00 1.223822715e+00 1.347291459e+00 
1.351218717e+00 1.514127424e+00 1.690927218e+00 
1.010725624e+00 1.159556787e+00 1.220338983e+00 
1.339587564e+00 1.370083102e+00 1.563974742e+00 
1.131615136e+00 1.334072022e+00 1.441342639e+00 
1.131615136e+00 1.347368421e+00 1.509970090e+00 
1.571735835e+00 1.646537396e+00 1.857261549e+00 
1.250407574e+00 1.437673130e+00 1.636922566e+00 
1.191335412e+00 1.267036011e+00 1.441342639e+00 
1.570402997e+00 1.492520776e+00 1.726154869e+00 
1.324142665e+00 1.400554017e+00 1.636922566e+00 
1.341017647e+00 1.357340720e+00 1.568295115e+00 
1.392214627e+00 1.399445983e+00 1.607843137e+00 
1.111822784e+00 1.201662050e+00 1.420737787e+00 
1.279428539e+00 1.335734072e+00 1.490528415e+00 
1.008341962e+00 1.163434903e+00 1.216184779e+00 
1.238585362e+00 1.438227147e+00 1.636922566e+00 
1.543706204e+00 1.540166205e+00 1.788634098e+00 
1.000000000e+00 1.117451524e+00 1.000000000e+00 
1.280343792e+00 1.402770083e+00 1.603522765e+00 
1.000000000e+00 1.132963989e+00 1.126952476e+00 
1.409623316e+00 1.660941828e+00 1.853107345e+00 
1.109687384e+00 1.347368421e+00 1.485211034e+00 
1.058051655e+00 1.131301939e+00 1.299268860e+00 
1.169979693e+00 1.120221607e+00 1.289631107e+00 
1.023062666e+00 1.109141274e+00 1.151711532e+00 
1.069969396e+00 1.268698061e+00 1.372216683e+00 
1.000000000e+00 1.130747922e+00 1.068627451e+00 
1.047278552e+00 1.047645429e+00 1.000000000e+00 
1.000000000e+00 1.146260388e+00 1.195579927e+00 
1.358521866e+00 1.520221607e+00 1.730475241e+00 
1.023062666e+00 1.124653740e+00 1.278664008e+00 
1.040185339e+00 1.212742382e+00 1.337653706e+00 
1.318097989e+00 1.530747922e+00 1.730475241e+00 
1.047278552e+00 1.060941828e+00 1.151711532e+00 
1.179132225e+00 1.000000000e+00 1.000000000e+00 
1.076738266e+00 1.040443213e+00 1.147557328e+00 
1.001954638e+00 1.081994460e+00 1.068627451e+00 
1.001954638e+00 1.068698061e+00 1.000000000e+00 
1.076738266e+00 1.013296399e+00 1.000000000e+00 
1.179132225e+00 1.023268698e+00 1.142073779e+00 
1.019725424e+00 1.090304709e+00 1.126952476e+00 

1.215170323e+00 1.435457064e+00 1.636922566e+00 
1.410805709e+00 1.749030471e+00 1.857261549e+00 
1.248348254e+00 1.325761773e+00 1.568295115e+00 
1.264937219e+00 1.300277008e+00 1.518444666e+00 
1.273708206e+00 1.504155125e+00 1.666001994e+00 
1.459428539e+00 1.463157895e+00 1.666001994e+00 
1.128316792e+00 1.339058172e+00 1.494848787e+00 
1.397648943e+00 1.406648199e+00 1.582917913e+00 
1.421674341e+00 1.676454294e+00 1.783815221e+00 
1.501949489e+00 1.519113573e+00 1.755234297e+00 
1.237098075e+00 1.327977839e+00 1.568295115e+00 
1.513771702e+00 1.468698061e+00 1.690927218e+00 
1.273136173e+00 1.533518006e+00 1.666001994e+00 
1.617309727e+00 1.392797784e+00 1.617480891e+00 
1.309555816e+00 1.546814404e+00 1.734629445e+00 
1.312606470e+00 1.318005540e+00 1.543369890e+00 
1.199057861e+00 1.456509695e+00 1.592555666e+00 
1.391928610e+00 1.325207756e+00 1.568295115e+00 
1.305742070e+00 1.457617729e+00 1.646560319e+00 
1.367521666e+00 1.434349030e+00 1.661847790e+00 
1.438167777e+00 1.629362881e+00 1.788634098e+00 
1.183898979e+00 1.367867036e+00 1.523928215e+00 
1.497468753e+00 1.404986150e+00 1.568959787e+00 
1.436890427e+00 1.652077562e+00 1.783815221e+00 
1.079121929e+00 1.248199446e+00 1.426221336e+00 
1.538941166e+00 1.512465374e+00 1.734629445e+00 
1.779195149e+00 1.798337950e+00 1.931372549e+00 
1.109687384e+00 1.347368421e+00 1.485211034e+00 
1.688241856e+00 1.640443213e+00 1.837819874e+00 
1.447072620e+00 1.688088643e+00 1.853107345e+00 
1.296589538e+00 1.498060942e+00 1.690927218e+00 
1.733243715e+00 1.801108033e+00 1.902293121e+00 
1.131615136e+00 1.347368421e+00 1.509970090e+00 
1.077596316e+00 1.274792244e+00 1.396477235e+00 
1.144238195e+00 1.300831025e+00 1.489365238e+00 
1.217553986e+00 1.408310249e+00 1.636922566e+00 
1.500614936e+00 1.570083102e+00 1.788634098e+00 
1.102670251e+00 1.222160665e+00 1.366733134e+00 
1.443221119e+00 1.621052632e+00 1.784479894e+00 
1.069969396e+00 1.268698061e+00 1.372216683e+00 
1.393930727e+00 1.299168975e+00 1.475407112e+00 
1.629322427e+00 1.658725762e+00 1.837819874e+00 
1.329004948e+00 1.597229917e+00 1.759554669e+00 
1.194672654e+00 1.383933518e+00 1.539215686e+00 
1.355890513e+00 1.480332410e+00 1.666001994e+00 
1.306123616e+00 1.603324100e+00 1.734629445e+00 
1.234333438e+00 1.334072022e+00 1.494848787e+00 
1.076261762e+00 1.287534626e+00 1.420737787e+00 
1.131615136e+00 1.334072022e+00 1.441342639e+00 
1.305551583e+00 1.632686981e+00 1.734629445e+00 
1.202776078e+00 1.381717452e+00 1.568295115e+00 
1.103051798e+00 1.358448753e+00 1.494848787e+00 
1.541229300e+00 1.569529086e+00 1.788634098e+00 
1.195721191e+00 1.211080332e+00 1.441342639e+00 
1.113824901e+00 1.175623269e+00 1.327849784e+00 
1.077643795e+00 1.325761773e+00 1.426221336e+00 
1.118172354e+00 1.336288089e+00 1.485211034e+00 
1.191335412e+00 1.267036011e+00 1.441342639e+00 
1.032367360e+00 1.216620499e+00 1.289631107e+00 
1.033549753e+00 1.223822715e+00 1.347291459e+00 
1.025731774e+00 1.227700831e+00 1.299268860e+00 
1.111536767e+00 1.347368421e+00 1.494848787e+00 
1.040185339e+00 1.212742382e+00 1.337653706e+00 
1.111822784e+00 1.201662050e+00 1.420737787e+00 
1.773246003e+00 1.757340720e+00 1.873047524e+00 
1.718044790e+00 1.977285319e+00 1.882186773e+00 
1.000000000e+00 1.132963989e+00 1.126952476e+00 
1.058051655e+00 1.131301939e+00 1.299268860e+00 
1.023062666e+00 1.109141274e+00 1.151711532e+00 
1.024244487e+00 1.259279778e+00 1.309737454e+00 
1.169979693e+00 1.120221607e+00 1.289631107e+00 
1.008341962e+00 1.163434903e+00 1.216184779e+00 
1.032367360e+00 1.229916898e+00 1.358258558e+00 
1.000000000e+00 1.146260388e+00 1.195579927e+00 
1.001954638e+00 1.081994460e+00 1.068627451e+00 
1.023062666e+00 1.124653740e+00 1.278664008e+00 
1.076738266e+00 1.013296399e+00 1.000000000e+00 
1.010725624e+00 1.159556787e+00 1.220338983e+00 
1.000000000e+00 1.117451524e+00 1.000000000e+00 
1.019725424e+00 1.090304709e+00 1.126952476e+00 
1.001954638e+00 1.068698061e+00 1.000000000e+00 
1.025731774e+00 1.240997230e+00 1.367896311e+00 
1.047278552e+00 1.060941828e+00 1.151711532e+00 
1.076738266e+00 1.040443213e+00 1.147557328e+00 
1.000000000e+00 1.130747922e+00 1.068627451e+00 
1.179132225e+00 1.000000000e+00 1.000000000e+00 
1.047278552e+00 1.047645429e+00 1.000000000e+00 
1.179132225e+00 1.023268698e+00 1.142073779e+00 

1.578983497e+00 1.612742382e+00 1.857261549e+00 
1.750879501e+00 1.710249307e+00 1.906447325e+00 
1.113824901e+00 1.175623269e+00 1.327849784e+00 
1.302119383e+00 1.517451524e+00 1.666001994e+00 
1.371907445e+00 1.734072022e+00 1.808740445e+00 
1.434545091e+00 1.465373961e+00 1.709704221e+00 
1.412521809e+00 1.669806094e+00 1.788634098e+00 
1.337203901e+00 1.269252078e+00 1.469923563e+00 
1.627892343e+00 1.775623269e+00 1.950814224e+00 
1.265127706e+00 1.418836565e+00 1.636922566e+00 
1.323284615e+00 1.600554017e+00 1.715187770e+00 
1.429110774e+00 1.599445983e+00 1.788634098e+00 
1.546377599e+00 1.776177285e+00 1.950814224e+00 
1.404513343e+00 1.407202216e+00 1.646560319e+00 
1.417956125e+00 1.490304709e+00 1.759554669e+00 
1.209793210e+00 1.464819945e+00 1.636922566e+00 
1.296055830e+00 1.627700831e+00 1.690927218e+00 
1.449131939e+00 1.442105263e+00 1.690927218e+00 
1.442839573e+00 1.393351801e+00 1.636922566e+00 
1.423390441e+00 1.709695291e+00 1.857261549e+00 
1.436547207e+00 1.488088643e+00 1.759554669e+00 
1.333352401e+00 1.608310249e+00 1.734629445e+00 
1.395932843e+00 1.765650970e+00 1.857261549e+00 
1.670508824e+00 1.622714681e+00 1.882186773e+00 
1.191335412e+00 1.267036011e+00 1.441342639e+00 
1.201441524e+00 1.483656510e+00 1.592555666e+00 
1.369619312e+00 1.536288089e+00 1.690927218e+00 
1.330721048e+00 1.557340720e+00 1.690927218e+00 
1.682807539e+00 1.750692521e+00 1.950814224e+00 
1.455195492e+00 1.642105263e+00 1.857261549e+00 
1.234619455e+00 1.373961219e+00 1.523928215e+00 
1.670794840e+00 1.766759003e+00 1.950814224e+00 
1.290678718e+00 1.649307479e+00 1.734629445e+00 
1.250350370e+00 1.299722992e+00 1.475407112e+00 
1.639333009e+00 1.768975069e+00 1.906447325e+00 
1.346737980e+00 1.541828255e+00 1.690927218e+00 
1.325000715e+00 1.640997230e+00 1.759554669e+00 
1.348454080e+00 1.552354571e+00 1.759554669e+00 
1.103051798e+00 1.358448753e+00 1.494848787e+00 
1.296399050e+00 1.563434903e+00 1.666001994e+00 
1.570402997e+00 1.773407202e+00 1.902293121e+00 
1.231759288e+00 1.409972299e+00 1.587072117e+00 
1.371335412e+00 1.197783934e+00 1.362412762e+00 
1.377913795e+00 1.536288089e+00 1.734629445e+00 
1.347882047e+00 1.635457064e+00 1.759554669e+00 
1.521780168e+00 1.542936288e+00 1.788634098e+00 
1.264937219e+00 1.300277008e+00 1.518444666e+00 
1.383920144e+00 1.512465374e+00 1.701229644e+00 
1.335297314e+00 1.421052632e+00 1.666001994e+00 
1.392214627e+00 1.399445983e+00 1.607843137e+00 
1.131615136e+00 1.347368421e+00 1.509970090e+00 
1.502331036e+00 1.585041551e+00 1.788634098e+00 
1.324142665e+00 1.400554017e+00 1.636922566e+00 
1.025731774e+00 1.240997230e+00 1.367896311e+00 
1.766038383e+00 1.581717452e+00 1.808740445e+00 
1.410805709e+00 1.397229917e+00 1.607843137e+00 
1.305742070e+00 1.457617729e+00 1.646560319e+00 
1.033549753e+00 1.223822715e+00 1.347291459e+00 
1.411377742e+00 1.300831025e+00 1.563974742e+00 
1.381632011e+00 1.442659280e+00 1.690927218e+00 
1.215170323e+00 1.435457064e+00 1.636922566e+00 
1.076261762e+00 1.287534626e+00 1.420737787e+00 
1.237098075e+00 1.327977839e+00 1.568295115e+00 
1.069969396e+00 1.268698061e+00 1.372216683e+00 
1.000000000e+00 1.130747922e+00 1.068627451e+00 
1.312606470e+00 1.318005540e+00 1.543369890e+00 
1.102670251e+00 1.222160665e+00 1.366733134e+00 
1.248348254e+00 1.325761773e+00 1.568295115e+00 
1.025731774e+00 1.227700831e+00 1.299268860e+00 
1.391928610e+00 1.325207756e+00 1.568295115e+00 
1.162543260e+00 1.320775623e+00 1.509970090e+00 
1.195721191e+00 1.211080332e+00 1.441342639e+00 
1.040185339e+00 1.212742382e+00 1.337653706e+00 
1.008341962e+00 1.163434903e+00 1.216184779e+00 
1.194672654e+00 1.383933518e+00 1.539215686e+00 
1.118172354e+00 1.336288089e+00 1.485211034e+00 
1.079121929e+00 1.248199446e+00 1.426221336e+00 
1.010725624e+00 1.159556787e+00 1.220338983e+00 
1.144238195e+00 1.300831025e+00 1.489365238e+00 
1.000000000e+00 1.132963989e+00 1.126952476e+00 
1.000000000e+00 1.117451524e+00 1.000000000e+00 
1.032367360e+00 1.229916898e+00 1.358258558e+00 
1.664691245e+00 1.957894737e+00 2.000000000e+00 
1.169979693e+00 1.120221607e+00 1.289631107e+00 
1.202776078e+00 1.381717452e+00 1.568295115e+00 
1.024244487e+00 1.259279778e+00 1.309737454e+00 
1.023062666e+00 1.109141274e+00 1.151711532e+00 
1.000000000e+00 1.146260388e+00 1.195579927e+00 
1.111822784e+00 1.201662050e+00 1.420737787e+00 
1.019725424e+00 1.090304709e+00 1.126952476e+00 
1.032367360e+00 1.216620499e+00 1.289631107e+00 
1.047278552e+00 1.060941828e+00 1.151711532e+00 
1.001954638e+00 1.081994460e+00 1.068627451e+00 
1.023062666e+00 1.124653740e+00 1.278664008e+00 
1.058051655e+00 1.131301939e+00 1.299268860e+00 
1.179132225e+00 1.000000000e+00 1.000000000e+00 
1.047278552e+00 1.047645429e+00 1.000000000e+00 
1.076738266e+00 1.013296399e+00 1.000000000e+00 
1.076738266e+00 1.040443213e+00 1.147557328e+00 
1.179132225e+00 1.023268698e+00 1.142073779e+00 
1.001954638e+00 1.068698061e+00 1.000000000e+00 

1.144238195e+00 1.300831025e+00 1.489365238e+00 
1.662843577e+00 1.705263158e+00 1.950814224e+00 
1.651631725e+00 1.609418283e+00 1.882186773e+00 
1.449131939e+00 1.442105263e+00 1.690927218e+00 
1.387695564e+00 1.616620499e+00 1.759554669e+00 
1.469725138e+00 1.517451524e+00 1.759554669e+00 
1.477504791e+00 1.663711911e+00 1.857261549e+00 
1.215170323e+00 1.435457064e+00 1.636922566e+00 
1.432542974e+00 1.581163435e+00 1.759554669e+00 
1.398220976e+00 1.417728532e+00 1.641076770e+00 
1.345021880e+00 1.411080332e+00 1.636922566e+00 
1.418013328e+00 1.516343490e+00 1.705550017e+00 
1.387695564e+00 1.629916898e+00 1.828182120e+00 
1.490089523e+00 1.796121884e+00 1.906447325e+00 
1.438606527e+00 1.607202216e+00 1.783815221e+00 
1.128316792e+00 1.339058172e+00 1.494848787e+00 
1.394788777e+00 1.385595568e+00 1.582751745e+00 
1.264937219e+00 1.300277008e+00 1.518444666e+00 
1.588479249e+00 1.745706371e+00 1.950814224e+00 
1.101564511e+00 1.376731302e+00 1.436689930e+00 
1.997139834e+00 1.831578947e+00 2.000000000e+00 
1.457426422e+00 1.602770083e+00 1.828182120e+00 
1.395932843e+00 1.763434903e+00 1.857261549e+00 
1.388839630e+00 1.556232687e+00 1.709704221e+00 
1.705402854e+00 1.583379501e+00 1.789298770e+00 
1.446614993e+00 1.556786704e+00 1.715187770e+00 
1.111536767e+00 1.347368421e+00 1.494848787e+00 
1.102670251e+00 1.222160665e+00 1.366733134e+00 
1.702542688e+00 1.586703601e+00 1.837819874e+00 
1.381632011e+00 1.442659280e+00 1.690927218e+00 
1.214312273e+00 1.442659280e+00 1.563476238e+00 
1.335297314e+00 1.421052632e+00 1.666001994e+00 
1.632468610e+00 1.488088643e+00 1.711033566e+00 
1.430026028e+00 1.680332410e+00 1.857261549e+00 
1.391928610e+00 1.325207756e+00 1.568295115e+00 
1.024244487e+00 1.259279778e+00 1.309737454e+00 
1.601864829e+00 1.477562327e+00 1.695746095e+00 
1.237098075e+00 1.327977839e+00 1.568295115e+00 
1.223808026e+00 1.398337950e+00 1.534396810e+00 
1.536081000e+00 1.537396122e+00 1.788634098e+00 
1.547864886e+00 1.746260388e+00 1.950814224e+00 
1.478648857e+00 1.813850416e+00 1.950814224e+00 
1.136992249e+00 1.325207756e+00 1.436523762e+00 
1.250350370e+00 1.299722992e+00 1.475407112e+00 
1.248348254e+00 1.325761773e+00 1.568295115e+00 
1.411377742e+00 1.300831025e+00 1.563974742e+00 
1.183898979e+00 1.367867036e+00 1.523928215e+00 
1.290678718e+00 1.636011080e+00 1.666001994e+00 
1.410996196e+00 1.387257618e+00 1.641076770e+00 
1.596144496e+00 1.735180055e+00 1.882186773e+00 
1.550953866e+00 1.500277008e+00 1.740112994e+00 
1.452754626e+00 1.417728532e+00 1.690927218e+00 
1.391127764e+00 1.581717452e+00 1.759554669e+00 
1.577267397e+00 1.588919668e+00 1.799102692e+00 
1.538941166e+00 1.512465374e+00 1.734629445e+00 
1.330149015e+00 1.316897507e+00 1.534895314e+00 
1.547521666e+00 1.639335180e+00 1.857261549e+00 
1.403655293e+00 1.699168975e+00 1.857261549e+00 
1.103051798e+00 1.358448753e+00 1.494848787e+00 
1.300593771e+00 1.495290859e+00 1.690927218e+00 
1.208077110e+00 1.472576177e+00 1.582917913e+00 
1.207352344e+00 1.415512465e+00 1.548853440e+00 
1.280343792e+00 1.402770083e+00 1.603522765e+00 
1.393930727e+00 1.299168975e+00 1.475407112e+00 
1.331064268e+00 1.675346260e+00 1.759554669e+00 
1.296055830e+00 1.627700831e+00 1.690927218e+00 
1.079121929e+00 1.248199446e+00 1.426221336e+00 
1.195721191e+00 1.211080332e+00 1.441342639e+00 
1.312606470e+00 1.318005540e+00 1.543369890e+00 
1.497754769e+00 1.583933518e+00 1.764373546e+00 
1.363898979e+00 1.557340720e+00 1.711033566e+00 
1.209793210e+00 1.464819945e+00 1.636922566e+00 
1.500614936e+00 1.570083102e+00 1.788634098e+00 
1.025731774e+00 1.227700831e+00 1.299268860e+00 
1.069969396e+00 1.268698061e+00 1.372216683e+00 
1.209793210e+00 1.451523546e+00 1.568295115e+00 
1.033549753e+00 1.223822715e+00 1.347291459e+00 
1.314418099e+00 1.560110803e+00 1.715187770e+00 
1.162543260e+00 1.320775623e+00 1.509970090e+00 
1.201441524e+00 1.483656510e+00 1.592555666e+00 
1.308182936e+00 1.563434903e+00 1.734629445e+00 
1.342504934e+00 1.638227147e+00 1.759554669e+00 
1.648199525e+00 1.678116343e+00 1.882186773e+00 
1.337356634e+00 1.560110803e+00 1.734629445e+00 
1.008341962e+00 1.163434903e+00 1.216184779e+00 
1.510625518e+00 1.653185596e+00 1.857261549e+00 
1.417956125e+00 1.535734072e+00 1.705550017e+00 
1.040185339e+00 1.212742382e+00 1.337653706e+00 
1.131615136e+00 1.334072022e+00 1.441342639e+00 
1.427966708e+00 1.275900277e+00 1.514124294e+00 
1.032367360e+00 1.229916898e+00 1.358258558e+00 
1.076261762e+00 1.287534626e+00 1.420737787e+00 
1.023062666e+00 1.124653740e+00 1.278664008e+00 
1.025731774e+00 1.240997230e+00 1.367896311e+00 
1.111822784e+00 1.201662050e+00 1.420737787e+00 
1.032367360e+00 1.216620499e+00 1.289631107e+00 
1.191335412e+00 1.267036011e+00 1.441342639e+00 
1.000000000e+00 1.130747922e+00 1.068627451e+00 
1.000000000e+00 1.117451524e+00 1.000000000e+00 
1.118172354e+00 1.336288089e+00 1.485211034e+00 
1.371335412e+00 1.197783934e+00 1.362412762e+00 
1.010725624e+00 1.159556787e+00 1.220338983e+00 
1.169979693e+00 1.120221607e+00 1.289631107e+00 
1.131615136e+00 1.347368421e+00 1.509970090e+00 
1.058051655e+00 1.131301939e+00 1.299268860e+00 
1.109687384e+00 1.347368421e+00 1.485211034e+00 
1.023062666e+00 1.109141274e+00 1.151711532e+00 
1.076738266e+00 1.040443213e+00 1.147557328e+00 
1.047278552e+00 1.060941828e+00 1.151711532e+00 
1.076738266e+00 1.013296399e+00 1.000000000e+00 
1.000000000e+00 1.146260388e+00 1.195579927e+00 
1.179132225e+00 1.023268698e+00 1.142073779e+00 
1.001954638e+00 1.081994460e+00 1.068627451e+00 
1.047278552e+00 1.047645429e+00 1.000000000e+00 
1.000000000e+00 1.132963989e+00 1.126952476e+00 
1.179132225e+00 1.000000000e+00 1.000000000e+00 
1.019725424e+00 1.090304709e+00 1.126952476e+00 
1.001954638e+00 1.068698061e+00 1.000000000e+00 

1.113824901e+00 1.175623269e+00 1.327849784e+00 
1.326430798e+00 1.519667590e+00 1.705550017e+00 
1.432542974e+00 1.520221607e+00 1.734629445e+00 
1.191335412e+00 1.267036011e+00 1.441342639e+00 
1.452754626e+00 1.417728532e+00 1.690927218e+00 
1.217553986e+00 1.408310249e+00 1.636922566e+00 
1.458474959e+00 1.359002770e+00 1.592555666e+00 
1.417326888e+00 1.664265928e+00 1.788634098e+00 
1.118172354e+00 1.336288089e+00 1.485211034e+00 
1.396504877e+00 1.551800554e+00 1.759554669e+00 
1.449131939e+00 1.442105263e+00 1.690927218e+00 
1.354746446e+00 1.402770083e+00 1.603522765e+00 
1.436547207e+00 1.488088643e+00 1.759554669e+00 
1.312606470e+00 1.318005540e+00 1.543369890e+00 
1.603008895e+00 1.590027701e+00 1.882186773e+00 
1.595000429e+00 1.483102493e+00 1.740112994e+00 
1.617309727e+00 1.392797784e+00 1.617480891e+00 
1.302119383e+00 1.530747922e+00 1.734629445e+00 
1.456568372e+00 1.631578947e+00 1.788634098e+00 
1.398220976e+00 1.417728532e+00 1.641076770e+00 
1.069969396e+00 1.268698061e+00 1.372216683e+00 
1.468009038e+00 1.578393352e+00 1.788634098e+00 
1.300593771e+00 1.495290859e+00 1.690927218e+00 
1.426536624e+00 1.637119114e+00 1.857261549e+00 
1.713600092e+00 1.789473684e+00 1.931372549e+00 
1.476017504e+00 1.634349030e+00 1.853107345e+00 
1.468581071e+00 1.538504155e+00 1.788634098e+00 
1.414237909e+00 1.674238227e+00 1.857261549e+00 
1.352648800e+00 1.476454294e+00 1.686108342e+00 
1.327288848e+00 1.578947368e+00 1.759554669e+00 
1.564299402e+00 1.716343490e+00 1.882186773e+00 
1.465720905e+00 1.416620499e+00 1.641076770e+00 
1.399365043e+00 1.406094183e+00 1.611997341e+00 
1.273136173e+00 1.533518006e+00 1.666001994e+00 
1.330149015e+00 1.316897507e+00 1.534895314e+00 
1.264937219e+00 1.300277008e+00 1.518444666e+00 
1.024244487e+00 1.259279778e+00 1.309737454e+00 
1.162543260e+00 1.320775623e+00 1.509970090e+00 
1.348454080e+00 1.552354571e+00 1.759554669e+00 
1.076261762e+00 1.287534626e+00 1.420737787e+00 
1.277140406e+00 1.447645429e+00 1.666001994e+00 
1.473729371e+00 1.393351801e+00 1.617480891e+00 
1.337203901e+00 1.269252078e+00 1.469923563e+00 
1.103051798e+00 1.358448753e+00 1.494848787e+00 
1.102670251e+00 1.222160665e+00 1.366733134e+00 
1.575168035e+00 1.699722992e+00 1.882186773e+00 
1.144238195e+00 1.300831025e+00 1.489365238e+00 
1.232235792e+00 1.346814404e+00 1.523928215e+00 
1.033549753e+00 1.223822715e+00 1.347291459e+00 
1.111536767e+00 1.347368421e+00 1.494848787e+00 
1.335297314e+00 1.421052632e+00 1.666001994e+00 
1.381632011e+00 1.442659280e+00 1.690927218e+00 
1.215170323e+00 1.435457064e+00 1.636922566e+00 
1.023062666e+00 1.124653740e+00 1.278664008e+00 
1.169979693e+00 1.120221607e+00 1.289631107e+00 
1.237098075e+00 1.327977839e+00 1.568295115e+00 
1.391928610e+00 1.325207756e+00 1.568295115e+00 
1.273708206e+00 1.504155125e+00 1.666001994e+00 
1.248348254e+00 1.325761773e+00 1.568295115e+00 
1.202776078e+00 1.381717452e+00 1.568295115e+00 
1.032367360e+00 1.216620499e+00 1.289631107e+00 
1.040185339e+00 1.212742382e+00 1.337653706e+00 
1.025731774e+00 1.227700831e+00 1.299268860e+00 
1.077643795e+00 1.325761773e+00 1.426221336e+00 
1.079121929e+00 1.248199446e+00 1.426221336e+00 
1.411377742e+00 1.300831025e+00 1.563974742e+00 
1.183898979e+00 1.367867036e+00 1.523928215e+00 
1.023062666e+00 1.109141274e+00 1.151711532e+00 
1.000000000e+00 1.130747922e+00 1.068627451e+00 
1.136992249e+00 1.325207756e+00 1.436523762e+00 
1.025731774e+00 1.240997230e+00 1.367896311e+00 
1.000000000e+00 1.146260388e+00 1.195579927e+00 
1.032367360e+00 1.229916898e+00 1.358258558e+00 
1.371335412e+00 1.197783934e+00 1.362412762e+00 
1.195721191e+00 1.211080332e+00 1.441342639e+00 
1.000000000e+00 1.132963989e+00 1.126952476e+00 
1.008341962e+00 1.163434903e+00 1.216184779e+00 
1.058051655e+00 1.131301939e+00 1.299268860e+00 
1.047278552e+00 1.060941828e+00 1.151711532e+00 
1.111822784e+00 1.201662050e+00 1.420737787e+00 
1.000000000e+00 1.117451524e+00 1.000000000e+00 
1.179132225e+00 1.000000000e+00 1.000000000e+00 
1.010725624e+00 1.159556787e+00 1.220338983e+00 
1.019725424e+00 1.090304709e+00 1.126952476e+00 
1.076738266e+00 1.013296399e+00 1.000000000e+00 
1.001954638e+00 1.068698061e+00 1.000000000e+00 
1.076738266e+00 1.040443213e+00 1.147557328e+00 
1.179132225e+00 1.023268698e+00 1.142073779e+00 
1.047278552e+00 1.047645429e+00 1.000000000e+00 
1.001954638e+00 1.081994460e+00 1.068627451e+00 

1.554386065e+00 1.541274238e+00 1.788634098e+00 
1.110049481e+00 1.365650970e+00 1.436689930e+00 
1.669364757e+00 1.493074792e+00 1.734629445e+00 
1.544278237e+00 1.790581717e+00 1.950814224e+00 
1.032367360e+00 1.216620499e+00 1.289631107e+00 
1.335297314e+00 1.421052632e+00 1.666001994e+00 
1.456377885e+00 1.601662050e+00 1.828182120e+00 
1.423104425e+00 1.397783934e+00 1.573113991e+00 
1.411377742e+00 1.300831025e+00 1.563974742e+00 
1.738580785e+00 1.482548476e+00 1.740112994e+00 
1.506907302e+00 1.533518006e+00 1.734629445e+00 
1.398220976e+00 1.417728532e+00 1.641076770e+00 
1.548190945e+00 1.732963989e+00 1.906447325e+00 
1.424152962e+00 1.650415512e+00 1.853107345e+00 
1.183898979e+00 1.367867036e+00 1.523928215e+00 
1.551051111e+00 1.771745152e+00 1.950814224e+00 
1.345784401e+00 1.722437673e+00 1.857261549e+00 
1.300593771e+00 1.495290859e+00 1.690927218e+00 
1.584131796e+00 1.399445983e+00 1.661681622e+00 
1.033549753e+00 1.223822715e+00 1.347291459e+00 
1.621885994e+00 1.540166205e+00 1.788634098e+00 
1.458474959e+00 1.359002770e+00 1.592555666e+00 
1.395131997e+00 1.708587258e+00 1.857261549e+00 
1.462098218e+00 1.675900277e+00 1.882186773e+00 
1.646483425e+00 1.491412742e+00 1.715187770e+00 
1.307649229e+00 1.546260388e+00 1.734629445e+00 
1.461526185e+00 1.623268698e+00 1.837819874e+00 
1.355737780e+00 1.679224377e+00 1.853107345e+00 
1.620169894e+00 1.540720222e+00 1.759554669e+00 
1.509290965e+00 1.814958449e+00 1.950814224e+00 
1.273288905e+00 1.618836565e+00 1.734629445e+00 
1.202776078e+00 1.381717452e+00 1.568295115e+00 
1.422627921e+00 1.702493075e+00 1.882186773e+00 
1.399365043e+00 1.406094183e+00 1.611997341e+00 
1.330149015e+00 1.316897507e+00 1.534895314e+00 
1.232235792e+00 1.346814404e+00 1.523928215e+00 
1.592712296e+00 1.441551247e+00 1.690927218e+00 
1.473729371e+00 1.393351801e+00 1.617480891e+00 
1.517873180e+00 1.773961219e+00 1.906447325e+00 
1.162543260e+00 1.320775623e+00 1.509970090e+00 
1.617309727e+00 1.392797784e+00 1.617480891e+00 
1.227945542e+00 1.348476454e+00 1.514290462e+00 
1.464386351e+00 1.662049861e+00 1.882186773e+00 
1.118172354e+00 1.336288089e+00 1.485211034e+00 
1.490413866e+00 1.818836565e+00 1.906447325e+00 
1.195721191e+00 1.211080332e+00 1.441342639e+00 
1.248348254e+00 1.325761773e+00 1.568295115e+00 
1.131615136e+00 1.347368421e+00 1.509970090e+00 
1.401462689e+00 1.662603878e+00 1.857261549e+00 
1.296742270e+00 1.570083102e+00 1.690927218e+00 
1.315657695e+00 1.582271468e+00 1.788634098e+00 
1.169979693e+00 1.120221607e+00 1.289631107e+00 
1.399460573e+00 1.706371191e+00 1.857261549e+00 
1.237098075e+00 1.327977839e+00 1.568295115e+00 
1.370572891e+00 1.545706371e+00 1.759554669e+00 
1.432733461e+00 1.566759003e+00 1.788634098e+00 
1.340255127e+00 1.533518006e+00 1.715187770e+00 
1.040185339e+00 1.212742382e+00 1.337653706e+00 
1.069969396e+00 1.268698061e+00 1.372216683e+00 
1.231759288e+00 1.409972299e+00 1.587072117e+00 
1.555530132e+00 1.514681440e+00 1.711033566e+00 
1.221844235e+00 1.465927978e+00 1.666001994e+00 
1.371335412e+00 1.197783934e+00 1.362412762e+00 
1.275424306e+00 1.570637119e+00 1.759554669e+00 
1.264937219e+00 1.300277008e+00 1.518444666e+00 
1.296780597e+00 1.527423823e+00 1.690927218e+00 
1.077643795e+00 1.325761773e+00 1.426221336e+00 
1.111536767e+00 1.347368421e+00 1.494848787e+00 
1.397648943e+00 1.406648199e+00 1.582917913e+00 
1.191335412e+00 1.267036011e+00 1.441342639e+00 
1.202928810e+00 1.467036011e+00 1.636922566e+00 
1.128316792e+00 1.339058172e+00 1.494848787e+00 
1.312606470e+00 1.318005540e+00 1.543369890e+00 
1.024244487e+00 1.259279778e+00 1.309737454e+00 
1.010725624e+00 1.159556787e+00 1.220338983e+00 
1.337203901e+00 1.269252078e+00 1.469923563e+00 
1.079121929e+00 1.248199446e+00 1.426221336e+00 
1.076261762e+00 1.287534626e+00 1.420737787e+00 
1.025731774e+00 1.227700831e+00 1.299268860e+00 
1.025731774e+00 1.240997230e+00 1.367896311e+00 
1.008341962e+00 1.163434903e+00 1.216184779e+00 
1.269513486e+00 1.427146814e+00 1.636922566e+00 
1.000000000e+00 1.132963989e+00 1.126952476e+00 
1.000000000e+00 1.117451524e+00 1.000000000e+00 
1.000000000e+00 1.130747922e+00 1.068627451e+00 
1.102670251e+00 1.222160665e+00 1.366733134e+00 
1.058051655e+00 1.131301939e+00 1.299268860e+00 
1.144238195e+00 1.300831025e+00 1.489365238e+00 
1.391928610e+00 1.325207756e+00 1.568295115e+00 
1.000000000e+00 1.146260388e+00 1.195579927e+00 
1.142750908e+00 1.319113573e+00 1.431206381e+00 
1.101564511e+00 1.376731302e+00 1.436689930e+00 
1.111822784e+00 1.201662050e+00 1.420737787e+00 
1.023062666e+00 1.124653740e+00 1.278664008e+00 
1.023062666e+00 1.109141274e+00 1.151711532e+00 
1.047278552e+00 1.047645429e+00 1.000000000e+00 
1.076738266e+00 1.040443213e+00 1.147557328e+00 
1.001954638e+00 1.081994460e+00 1.068627451e+00 
1.019725424e+00 1.090304709e+00 1.126952476e+00 
1.179132225e+00 1.000000000e+00 1.000000000e+00 
1.047278552e+00 1.060941828e+00 1.151711532e+00 
1.001954638e+00 1.068698061e+00 1.000000000e+00 
1.179132225e+00 1.023268698e+00 1.142073779e+00 
1.076738266e+00 1.013296399e+00 1.000000000e+00 

1.337203901e+00 1.269252078e+00 1.469923563e+00 
1.360085233e+00 1.431578947e+00 1.661847790e+00 
1.514343735e+00 1.621052632e+00 1.857261549e+00 
1.539701971e+00 1.513573407e+00 1.788634098e+00 
1.306123616e+00 1.603324100e+00 1.734629445e+00 
1.443411607e+00 1.486426593e+00 1.709704221e+00 
1.398983497e+00 1.564542936e+00 1.788634098e+00 
1.435975174e+00 1.668144044e+00 1.808740445e+00 
1.562394531e+00 1.381717452e+00 1.607676969e+00 
1.264937219e+00 1.300277008e+00 1.518444666e+00 
1.545233533e+00 1.597783934e+00 1.808740445e+00 
1.338157481e+00 1.556786704e+00 1.715187770e+00 
1.446843806e+00 1.677562327e+00 1.857261549e+00 
1.329004948e+00 1.597229917e+00 1.759554669e+00 
1.322712582e+00 1.590027701e+00 1.734629445e+00 
1.432542974e+00 1.526315789e+00 1.709704221e+00 
1.227945542e+00 1.348476454e+00 1.514290462e+00 
1.348454080e+00 1.539058172e+00 1.690927218e+00 
1.465148872e+00 1.506371191e+00 1.730309073e+00 
1.459619026e+00 1.520775623e+00 1.734629445e+00 
1.547521666e+00 1.511357341e+00 1.788634098e+00 
1.273708206e+00 1.504155125e+00 1.666001994e+00 
1.492796957e+00 1.537396122e+00 1.788634098e+00 
1.691102022e+00 1.510803324e+00 1.788634098e+00 
1.354746446e+00 1.402770083e+00 1.603522765e+00 
1.755741784e+00 1.589473684e+00 1.803256896e+00 
1.355890513e+00 1.480332410e+00 1.666001994e+00 
1.371335412e+00 1.197783934e+00 1.362412762e+00 
1.365043046e+00 1.527423823e+00 1.709704221e+00 
1.215170323e+00 1.435457064e+00 1.636922566e+00 
1.248348254e+00 1.325761773e+00 1.568295115e+00 
1.498326803e+00 1.396675900e+00 1.661681622e+00 
1.410996196e+00 1.387257618e+00 1.641076770e+00 
1.512818122e+00 1.498614958e+00 1.740112994e+00 
1.329576981e+00 1.508033241e+00 1.686108342e+00 
1.472013271e+00 1.626038781e+00 1.857261549e+00 
1.305742070e+00 1.484764543e+00 1.646560319e+00 
1.480784258e+00 1.508587258e+00 1.759554669e+00 
1.202776078e+00 1.381717452e+00 1.568295115e+00 
1.651248463e+00 1.675346260e+00 1.882186773e+00 
1.435975174e+00 1.717451524e+00 1.853107345e+00 
1.076261762e+00 1.287534626e+00 1.420737787e+00 
1.644195292e+00 1.596675900e+00 1.857261549e+00 
1.265127706e+00 1.418836565e+00 1.636922566e+00 
1.633898693e+00 1.607756233e+00 1.857261549e+00 
1.109687384e+00 1.347368421e+00 1.485211034e+00 
1.386780311e+00 1.717451524e+00 1.808740445e+00 
1.312606470e+00 1.318005540e+00 1.543369890e+00 
1.381632011e+00 1.442659280e+00 1.690927218e+00 
1.348454080e+00 1.552354571e+00 1.759554669e+00 
1.237098075e+00 1.327977839e+00 1.568295115e+00 
1.162543260e+00 1.320775623e+00 1.509970090e+00 
1.144238195e+00 1.300831025e+00 1.489365238e+00 
1.497373223e+00 1.483656510e+00 1.709704221e+00 
1.345021880e+00 1.417174515e+00 1.611997341e+00 
1.183898979e+00 1.367867036e+00 1.523928215e+00 
1.394788777e+00 1.385595568e+00 1.582751745e+00 
1.077643795e+00 1.325761773e+00 1.426221336e+00 
1.552572720e+00 1.874792244e+00 1.857926221e+00 
1.570402997e+00 1.492520776e+00 1.726154869e+00 
1.330149015e+00 1.316897507e+00 1.534895314e+00 
1.083755399e+00 1.223268698e+00 1.337653706e+00 
1.102670251e+00 1.222160665e+00 1.366733134e+00 
1.128316792e+00 1.339058172e+00 1.494848787e+00 
1.452754626e+00 1.417728532e+00 1.690927218e+00 
1.232235792e+00 1.346814404e+00 1.523928215e+00 
1.199057861e+00 1.456509695e+00 1.592555666e+00 
1.131615136e+00 1.334072022e+00 1.441342639e+00 
1.595572462e+00 1.495844875e+00 1.730309073e+00 
1.195721191e+00 1.211080332e+00 1.441342639e+00 
1.378199811e+00 1.410526316e+00 1.632602193e+00 
1.023062666e+00 1.124653740e+00 1.278664008e+00 
1.449131939e+00 1.442105263e+00 1.690927218e+00 
1.609204016e+00 1.817728532e+00 1.931372549e+00 
1.103051798e+00 1.358448753e+00 1.494848787e+00 
1.427966708e+00 1.275900277e+00 1.514124294e+00 
1.169979693e+00 1.120221607e+00 1.289631107e+00 
1.025731774e+00 1.227700831e+00 1.299268860e+00 
1.069969396e+00 1.268698061e+00 1.372216683e+00 
1.411377742e+00 1.300831025e+00 1.563974742e+00 
1.025731774e+00 1.240997230e+00 1.367896311e+00 
1.033549753e+00 1.223822715e+00 1.347291459e+00 
1.118172354e+00 1.336288089e+00 1.485211034e+00 
1.023062666e+00 1.109141274e+00 1.151711532e+00 
1.000000000e+00 1.117451524e+00 1.000000000e+00 
1.191335412e+00 1.267036011e+00 1.441342639e+00 
1.351314246e+00 1.488088643e+00 1.661847790e+00 
1.000000000e+00 1.132963989e+00 1.126952476e+00 
1.111822784e+00 1.201662050e+00 1.420737787e+00 
1.079121929e+00 1.248199446e+00 1.426221336e+00 
1.000000000e+00 1.130747922e+00 1.068627451e+00 
1.428824758e+00 1.540720222e+00 1.715187770e+00 
1.010725624e+00 1.159556787e+00 1.220338983e+00 
1.024244487e+00 1.259279778e+00 1.309737454e+00 
1.345879930e+00 1.470914127e+00 1.646560319e+00 
1.111536767e+00 1.347368421e+00 1.494848787e+00 
1.179132225e+00 1.023268698e+00 1.142073779e+00 
1.047278552e+00 1.047645429e+00 1.000000000e+00 
1.179132225e+00 1.000000000e+00 1.000000000e+00 
1.008341962e+00 1.163434903e+00 1.216184779e+00 
1.076738266e+00 1.013296399e+00 1.000000000e+00 
1.001954638e+00 1.081994460e+00 1.068627451e+00 
1.058051655e+00 1.131301939e+00 1.299268860e+00 
1.000000000e+00 1.146260388e+00 1.195579927e+00 
1.019725424e+00 1.090304709e+00 1.126952476e+00 
1.076738266e+00 1.040443213e+00 1.147557328e+00 
1.047278552e+00 1.060941828e+00 1.151711532e+00 
1.032367360e+00 1.216620499e+00 1.289631107e+00 
1.001954638e+00 1.068698061e+00 1.000000000e+00 
