1.517064991e+00 1.632884097e+00 1.872372093e+00 
1.329245861e+00 1.567654987e+00 1.709953488e+00 
1.485694053e+00 1.661455526e+00 1.850604651e+00 
1.324340895e+00 1.563881402e+00 1.692837209e+00 
1.490905579e+00 1.704582210e+00 1.855255814e+00 
1.465562845e+00 1.577358491e+00 1.838139535e+00 
1.252708155e+00 1.380053908e+00 1.598883721e+00 
1.337931944e+00 1.653369272e+00 1.833488372e+00 
1.442877376e+00 1.488409704e+00 1.776744186e+00 
1.559779277e+00 1.522911051e+00 1.838139535e+00 
1.491722869e+00 1.667385445e+00 1.855255814e+00 
1.548743102e+00 1.523989218e+00 1.872372093e+00 
1.307582465e+00 1.381132075e+00 1.633116279e+00 
1.383200490e+00 1.345552561e+00 1.631441860e+00 
1.247700797e+00 1.338544474e+00 1.560558140e+00 
1.221132434e+00 1.321293801e+00 1.554604651e+00 
1.218475169e+00 1.415633423e+00 1.631441860e+00 
1.338442673e+00 1.411320755e+00 1.698232558e+00 
1.429797670e+00 1.545013477e+00 1.793860465e+00 
1.330574494e+00 1.535309973e+00 1.784372093e+00 
1.253218884e+00 1.331536388e+00 1.577674419e+00 
1.483752299e+00 1.446900270e+00 1.801488372e+00 
1.599834457e+00 1.444204852e+00 1.776744186e+00 
1.564071122e+00 1.343935310e+00 1.640930233e+00 
1.738810546e+00 1.785983827e+00 1.938604651e+00 
1.354996934e+00 1.397843666e+00 1.648558140e+00 
1.286940527e+00 1.378436658e+00 1.627348837e+00 
1.268240343e+00 1.387061995e+00 1.627348837e+00 
1.780705089e+00 1.770889488e+00 1.933767442e+00 
1.290619252e+00 1.312668464e+00 1.560558140e+00 
1.494788473e+00 1.363881402e+00 1.658046512e+00 
1.548743102e+00 1.346630728e+00 1.665674419e+00 
1.302268547e+00 1.320754717e+00 1.577674419e+00 
1.274269160e+00 1.274393531e+00 1.552930233e+00 
1.547106070e+00 1.552560647e+00 1.872372093e+00 
1.131412017e+00 1.274932615e+00 1.552930233e+00 
1.237993256e+00 1.493261456e+00 1.688744186e+00 
1.268240343e+00 1.401617251e+00 1.688744186e+00 
1.404046597e+00 1.367654987e+00 1.705860465e+00 
1.539135500e+00 1.586522911e+00 1.855255814e+00 
1.368076640e+00 1.500808625e+00 1.722976744e+00 
1.782955242e+00 1.716442049e+00 1.933767442e+00 
1.245963826e+00 1.388140162e+00 1.616000000e+00 
1.477825261e+00 1.519137466e+00 1.793860465e+00 
1.397302269e+00 1.387061995e+00 1.722976744e+00 
1.330574494e+00 1.520754717e+00 1.722976744e+00 
1.443490497e+00 1.444743935e+00 1.776744186e+00 
1.374820969e+00 1.499191375e+00 1.776744186e+00 
1.278050276e+00 1.355256065e+00 1.589395349e+00 
1.271305947e+00 1.363342318e+00 1.606511628e+00 
1.469037400e+00 1.267385445e+00 1.570046512e+00 
1.305334151e+00 1.372506739e+00 1.627348837e+00 
1.226445739e+00 1.156334232e+00 1.346232558e+00 
1.206825874e+00 1.083557951e+00 1.239255814e+00 
1.078479460e+00 1.185444744e+00 1.346232558e+00 
1.078479460e+00 1.197843666e+00 1.482046512e+00 
1.334763948e+00 1.334231806e+00 1.627348837e+00 
1.049049663e+00 1.094878706e+00 1.168372093e+00 
1.161863887e+00 1.167654987e+00 1.323162791e+00 
1.054057020e+00 1.221024259e+00 1.375069767e+00 
1.608724709e+00 1.782749326e+00 1.921488372e+00 
1.049049663e+00 1.107277628e+00 1.304186047e+00 
1.400367872e+00 1.244204852e+00 1.491534884e+00 
1.023707541e+00 1.119676550e+00 1.177860465e+00 
1.226445739e+00 1.174123989e+00 1.417116279e+00 
1.111792152e+00 1.184366577e+00 1.375069767e+00 
1.050275904e+00 1.131536388e+00 1.313674419e+00 
1.023707541e+00 1.132075472e+00 1.313674419e+00 
1.020846107e+00 1.028571429e+00 1.000000000e+00 
1.055487431e+00 1.220485175e+00 1.323162791e+00 
1.256284488e+00 1.123450135e+00 1.346232558e+00 
1.020846107e+00 1.040970350e+00 1.135813953e+00 
1.073574494e+00 1.077088949e+00 1.145302326e+00 
1.079705702e+00 1.017250674e+00 1.000000000e+00 
1.110565910e+00 1.000000000e+00 1.000000000e+00 
1.110565910e+00 1.017789757e+00 1.070883721e+00 
1.000000000e+00 1.073854447e+00 1.000000000e+00 
1.000000000e+00 1.088409704e+00 1.061395349e+00 
1.079705702e+00 1.031266846e+00 1.177860465e+00 

1.416615573e+00 1.595148248e+00 1.862883721e+00 
1.494788473e+00 1.363881402e+00 1.658046512e+00 
1.391784181e+00 1.528301887e+00 1.801488372e+00 
1.330165543e+00 1.454447439e+00 1.784372093e+00 
1.373390558e+00 1.498652291e+00 1.789209302e+00 
1.429797670e+00 1.464150943e+00 1.793860465e+00 
1.590435316e+00 1.578975741e+00 1.872372093e+00 
1.399754752e+00 1.464690027e+00 1.793860465e+00 
1.400367872e+00 1.313207547e+00 1.587162791e+00 
1.481299816e+00 1.290026954e+00 1.557767442e+00 
1.479153893e+00 1.580053908e+00 1.862883721e+00 
1.268240343e+00 1.401617251e+00 1.688744186e+00 
1.454322502e+00 1.501886792e+00 1.801488372e+00 
1.508583691e+00 1.514285714e+00 1.862883721e+00 
1.483752299e+00 1.447439353e+00 1.801488372e+00 
1.593500920e+00 1.344474394e+00 1.640930233e+00 
1.495401594e+00 1.310512129e+00 1.562418605e+00 
1.305334151e+00 1.387601078e+00 1.722976744e+00 
1.867565910e+00 1.844204852e+00 1.933767442e+00 
1.516860822e+00 1.604851752e+00 1.872372093e+00 
1.407112201e+00 1.444743935e+00 1.776744186e+00 
1.499080319e+00 1.293800539e+00 1.570046512e+00 
1.638461067e+00 1.719676550e+00 1.904372093e+00 
1.404046597e+00 1.368194070e+00 1.705860465e+00 
1.656854690e+00 1.704582210e+00 1.904372093e+00 
1.421827100e+00 1.527762803e+00 1.801488372e+00 
1.302268547e+00 1.320754717e+00 1.577674419e+00 
1.218475169e+00 1.415633423e+00 1.631441860e+00 
1.338442673e+00 1.259838275e+00 1.491534884e+00 
1.290619252e+00 1.312668464e+00 1.560558140e+00 
1.253218884e+00 1.331536388e+00 1.577674419e+00 
1.206825874e+00 1.083557951e+00 1.239255814e+00 
1.400367872e+00 1.244204852e+00 1.491534884e+00 
1.243408952e+00 1.334231806e+00 1.627348837e+00 
1.111792152e+00 1.184366577e+00 1.375069767e+00 
1.055487431e+00 1.220485175e+00 1.323162791e+00 
1.274269160e+00 1.274393531e+00 1.552930233e+00 
1.049049663e+00 1.107277628e+00 1.304186047e+00 
1.131412017e+00 1.274932615e+00 1.552930233e+00 
1.226445739e+00 1.156334232e+00 1.346232558e+00 
1.054057020e+00 1.221024259e+00 1.375069767e+00 
1.050275904e+00 1.131536388e+00 1.313674419e+00 
1.078479460e+00 1.197843666e+00 1.482046512e+00 
1.078479460e+00 1.185444744e+00 1.346232558e+00 
1.049049663e+00 1.094878706e+00 1.168372093e+00 
1.161863887e+00 1.167654987e+00 1.323162791e+00 
1.023707541e+00 1.119676550e+00 1.177860465e+00 
1.226445739e+00 1.174123989e+00 1.417116279e+00 
1.023707541e+00 1.132075472e+00 1.313674419e+00 
1.256284488e+00 1.123450135e+00 1.346232558e+00 
1.671778050e+00 1.877088949e+00 1.933767442e+00 
1.073574494e+00 1.077088949e+00 1.145302326e+00 
1.020846107e+00 1.028571429e+00 1.000000000e+00 
1.110565910e+00 1.017789757e+00 1.070883721e+00 
1.079705702e+00 1.031266846e+00 1.177860465e+00 
1.000000000e+00 1.088409704e+00 1.061395349e+00 
1.079705702e+00 1.017250674e+00 1.000000000e+00 
1.020846107e+00 1.040970350e+00 1.135813953e+00 
1.110565910e+00 1.000000000e+00 1.000000000e+00 
1.000000000e+00 1.073854447e+00 1.000000000e+00 

1.564071122e+00 1.343935310e+00 1.640930233e+00 
1.494788473e+00 1.445822102e+00 1.767255814e+00 
1.465562845e+00 1.577358491e+00 1.838139535e+00 
1.770282036e+00 1.590296496e+00 1.933767442e+00 
1.339668915e+00 1.391374663e+00 1.656186047e+00 
1.390148988e+00 1.468463612e+00 1.727069767e+00 
1.404046597e+00 1.367654987e+00 1.705860465e+00 
1.419987738e+00 1.707816712e+00 1.797953488e+00 
1.247700797e+00 1.338544474e+00 1.560558140e+00 
1.628038013e+00 1.689487871e+00 1.938604651e+00 
1.374820969e+00 1.499191375e+00 1.776744186e+00 
1.469037400e+00 1.267385445e+00 1.570046512e+00 
1.400367872e+00 1.244204852e+00 1.491534884e+00 
1.245963826e+00 1.388140162e+00 1.616000000e+00 
1.679540159e+00 1.523450135e+00 1.872372093e+00 
1.054057020e+00 1.221024259e+00 1.375069767e+00 
1.340282036e+00 1.527223720e+00 1.722976744e+00 
1.374820969e+00 1.481401617e+00 1.705860465e+00 
1.545266708e+00 1.645283019e+00 1.933767442e+00 
1.218475169e+00 1.397843666e+00 1.560558140e+00 
1.548743102e+00 1.346630728e+00 1.665674419e+00 
1.577148988e+00 1.694878706e+00 1.938604651e+00 
1.111792152e+00 1.184366577e+00 1.375069767e+00 
1.055487431e+00 1.220485175e+00 1.323162791e+00 
1.338442673e+00 1.259838275e+00 1.491534884e+00 
1.446556101e+00 1.585983827e+00 1.855255814e+00 
1.533006131e+00 1.645822102e+00 1.933767442e+00 
1.547719191e+00 1.760107817e+00 1.938604651e+00 
1.574494175e+00 1.513746631e+00 1.862883721e+00 
1.333537707e+00 1.577358491e+00 1.719441860e+00 
1.366850399e+00 1.533153639e+00 1.759627907e+00 
1.302268547e+00 1.320754717e+00 1.577674419e+00 
1.643776824e+00 1.423180593e+00 1.736558140e+00 
1.218475169e+00 1.415633423e+00 1.631441860e+00 
1.483752299e+00 1.446900270e+00 1.801488372e+00 
1.454526671e+00 1.578436658e+00 1.872372093e+00 
1.268240343e+00 1.401617251e+00 1.688744186e+00 
1.729816064e+00 1.624258760e+00 1.938604651e+00 
1.368076640e+00 1.518598383e+00 1.793860465e+00 
1.613936235e+00 1.590835580e+00 1.933767442e+00 
1.343551809e+00 1.389757412e+00 1.631441860e+00 
1.290619252e+00 1.312668464e+00 1.560558140e+00 
1.397302269e+00 1.387061995e+00 1.722976744e+00 
1.368076640e+00 1.500808625e+00 1.722976744e+00 
1.286940527e+00 1.378436658e+00 1.627348837e+00 
1.248313918e+00 1.393530997e+00 1.627348837e+00 
1.253218884e+00 1.331536388e+00 1.577674419e+00 
1.131412017e+00 1.274932615e+00 1.552930233e+00 
1.498467198e+00 1.445283019e+00 1.776744186e+00 
1.334763948e+00 1.334231806e+00 1.627348837e+00 
1.305538320e+00 1.465768194e+00 1.698232558e+00 
1.274269160e+00 1.274393531e+00 1.552930233e+00 
1.462906193e+00 1.312668464e+00 1.587162791e+00 
1.226445739e+00 1.156334232e+00 1.346232558e+00 
1.588185162e+00 1.423719677e+00 1.736558140e+00 
1.696707541e+00 1.635040431e+00 1.938604651e+00 
1.337829552e+00 1.411320755e+00 1.698232558e+00 
1.049049663e+00 1.107277628e+00 1.304186047e+00 
1.523196199e+00 1.523989218e+00 1.872372093e+00 
1.432863274e+00 1.310512129e+00 1.562418605e+00 
1.421827100e+00 1.527762803e+00 1.801488372e+00 
1.206825874e+00 1.083557951e+00 1.239255814e+00 
1.436746168e+00 1.464150943e+00 1.793860465e+00 
1.023707541e+00 1.132075472e+00 1.313674419e+00 
1.226445739e+00 1.174123989e+00 1.417116279e+00 
1.078479460e+00 1.185444744e+00 1.346232558e+00 
1.161863887e+00 1.167654987e+00 1.323162791e+00 
1.023707541e+00 1.119676550e+00 1.177860465e+00 
1.256284488e+00 1.123450135e+00 1.346232558e+00 
1.049049663e+00 1.094878706e+00 1.168372093e+00 
1.078479460e+00 1.197843666e+00 1.482046512e+00 
1.050275904e+00 1.131536388e+00 1.313674419e+00 
1.079705702e+00 1.031266846e+00 1.177860465e+00 
1.079705702e+00 1.017250674e+00 1.000000000e+00 
1.073574494e+00 1.077088949e+00 1.145302326e+00 
1.110565910e+00 1.017789757e+00 1.070883721e+00 
1.020846107e+00 1.040970350e+00 1.135813953e+00 
1.020846107e+00 1.028571429e+00 1.000000000e+00 
1.000000000e+00 1.088409704e+00 1.061395349e+00 
1.110565910e+00 1.000000000e+00 1.000000000e+00 
1.000000000e+00 1.073854447e+00 1.000000000e+00 

1.404046597e+00 1.367654987e+00 1.705860465e+00 
1.354587983e+00 1.397843666e+00 1.648558140e+00 
1.529327406e+00 1.511590296e+00 1.784372093e+00 
1.339259963e+00 1.454986523e+00 1.698232558e+00 
1.581649295e+00 1.605390836e+00 1.921488372e+00 
1.266911711e+00 1.387601078e+00 1.639069767e+00 
1.459636419e+00 1.573584906e+00 1.867720930e+00 
1.303698958e+00 1.408625337e+00 1.648558140e+00 
1.549767014e+00 1.640431267e+00 1.929116279e+00 
1.224402207e+00 1.433423181e+00 1.614325581e+00 
1.529327406e+00 1.528840970e+00 1.850604651e+00 
1.334763948e+00 1.334231806e+00 1.627348837e+00 
1.700797057e+00 1.564959569e+00 1.867720930e+00 
1.380543838e+00 1.468463612e+00 1.722976744e+00 
1.684445126e+00 1.538005391e+00 1.860093023e+00 
1.469037400e+00 1.267385445e+00 1.570046512e+00 
1.290619252e+00 1.312668464e+00 1.560558140e+00 
1.253218884e+00 1.331536388e+00 1.577674419e+00 
1.226445739e+00 1.174123989e+00 1.417116279e+00 
1.512160025e+00 1.485175202e+00 1.764465116e+00 
1.286940527e+00 1.378436658e+00 1.627348837e+00 
1.778050276e+00 1.650134771e+00 1.938604651e+00 
1.470059473e+00 1.572506739e+00 1.833488372e+00 
1.373186389e+00 1.513746631e+00 1.789209302e+00 
1.247700797e+00 1.338544474e+00 1.560558140e+00 
1.375843041e+00 1.413477089e+00 1.653395349e+00 
1.357040466e+00 1.476010782e+00 1.754976744e+00 
1.400367872e+00 1.244204852e+00 1.491534884e+00 
1.400367872e+00 1.411320755e+00 1.698232558e+00 
1.237993256e+00 1.478706199e+00 1.627348837e+00 
1.274269160e+00 1.274393531e+00 1.552930233e+00 
1.111792152e+00 1.184366577e+00 1.375069767e+00 
1.305538320e+00 1.465768194e+00 1.698232558e+00 
1.226445739e+00 1.156334232e+00 1.346232558e+00 
1.538320049e+00 1.475471698e+00 1.754976744e+00 
1.131412017e+00 1.274932615e+00 1.552930233e+00 
1.680564071e+00 1.730997305e+00 1.938604651e+00 
1.632127529e+00 1.461455526e+00 1.789209302e+00 
1.459227468e+00 1.431266846e+00 1.722976744e+00 
1.055487431e+00 1.220485175e+00 1.323162791e+00 
1.049049663e+00 1.107277628e+00 1.304186047e+00 
1.078479460e+00 1.185444744e+00 1.346232558e+00 
1.161863887e+00 1.167654987e+00 1.323162791e+00 
1.302268547e+00 1.320754717e+00 1.577674419e+00 
1.078479460e+00 1.197843666e+00 1.482046512e+00 
1.280605150e+00 1.471698113e+00 1.693581395e+00 
1.050275904e+00 1.131536388e+00 1.313674419e+00 
1.049049663e+00 1.094878706e+00 1.168372093e+00 
1.023707541e+00 1.132075472e+00 1.313674419e+00 
1.206825874e+00 1.083557951e+00 1.239255814e+00 
1.023707541e+00 1.119676550e+00 1.177860465e+00 
1.020846107e+00 1.040970350e+00 1.135813953e+00 
1.256284488e+00 1.123450135e+00 1.346232558e+00 
1.110565910e+00 1.000000000e+00 1.000000000e+00 
1.073574494e+00 1.077088949e+00 1.145302326e+00 
1.020846107e+00 1.028571429e+00 1.000000000e+00 
1.000000000e+00 1.073854447e+00 1.000000000e+00 
1.110565910e+00 1.017789757e+00 1.070883721e+00 
1.079705702e+00 1.017250674e+00 1.000000000e+00 
1.000000000e+00 1.088409704e+00 1.061395349e+00 
1.079705702e+00 1.031266846e+00 1.177860465e+00 

1.599834457e+00 1.444204852e+00 1.776744186e+00 
1.396076027e+00 1.401617251e+00 1.688744186e+00 
1.426323115e+00 1.689487871e+00 1.933767442e+00 
1.689350092e+00 1.541239892e+00 1.872372093e+00 
1.452176579e+00 1.543396226e+00 1.801488372e+00 
1.483752299e+00 1.446900270e+00 1.801488372e+00 
1.608828939e+00 1.555795148e+00 1.838139535e+00 
1.564071122e+00 1.343935310e+00 1.640930233e+00 
1.404046597e+00 1.367654987e+00 1.705860465e+00 
1.354587983e+00 1.397304582e+00 1.648558140e+00 
1.779478847e+00 1.608086253e+00 1.933767442e+00 
1.338442673e+00 1.259838275e+00 1.491534884e+00 
1.368076640e+00 1.518598383e+00 1.793860465e+00 
1.596768853e+00 1.567654987e+00 1.872372093e+00 
1.800324954e+00 1.749326146e+00 1.938604651e+00 
1.505109135e+00 1.635040431e+00 1.933767442e+00 
1.218475169e+00 1.397843666e+00 1.560558140e+00 
1.054057020e+00 1.221024259e+00 1.375069767e+00 
1.771508277e+00 1.759568733e+00 1.938604651e+00 
1.290619252e+00 1.312668464e+00 1.560558140e+00 
1.452176579e+00 1.557951482e+00 1.862883721e+00 
1.400572042e+00 1.612938005e+00 1.862883721e+00 
1.226445739e+00 1.174123989e+00 1.417116279e+00 
1.488248314e+00 1.623180593e+00 1.872372093e+00 
1.384222563e+00 1.574663073e+00 1.855255814e+00 
1.218475169e+00 1.415633423e+00 1.631441860e+00 
1.331902514e+00 1.483557951e+00 1.722976744e+00 
1.319231760e+00 1.464150943e+00 1.709953488e+00 
1.284794605e+00 1.445283019e+00 1.688744186e+00 
1.568565297e+00 1.622641509e+00 1.872372093e+00 
1.303698958e+00 1.408625337e+00 1.648558140e+00 
1.226445739e+00 1.156334232e+00 1.346232558e+00 
1.397302269e+00 1.387061995e+00 1.722976744e+00 
1.305538320e+00 1.465768194e+00 1.698232558e+00 
1.331902514e+00 1.498113208e+00 1.784372093e+00 
1.435315757e+00 1.546091644e+00 1.801488372e+00 
1.339259963e+00 1.454986523e+00 1.698232558e+00 
1.131412017e+00 1.274932615e+00 1.552930233e+00 
1.469037400e+00 1.267385445e+00 1.570046512e+00 
1.418965665e+00 1.507816712e+00 1.793860465e+00 
1.111792152e+00 1.184366577e+00 1.375069767e+00 
1.548743102e+00 1.346630728e+00 1.665674419e+00 
1.266911711e+00 1.387601078e+00 1.639069767e+00 
1.247700797e+00 1.338544474e+00 1.560558140e+00 
1.256284488e+00 1.123450135e+00 1.346232558e+00 
1.462906193e+00 1.312668464e+00 1.587162791e+00 
1.161863887e+00 1.167654987e+00 1.323162791e+00 
1.023707541e+00 1.132075472e+00 1.313674419e+00 
1.400367872e+00 1.244204852e+00 1.491534884e+00 
1.334763948e+00 1.334231806e+00 1.627348837e+00 
1.253218884e+00 1.331536388e+00 1.577674419e+00 
1.274269160e+00 1.274393531e+00 1.552930233e+00 
1.286940527e+00 1.378436658e+00 1.627348837e+00 
1.049049663e+00 1.094878706e+00 1.168372093e+00 
1.050275904e+00 1.131536388e+00 1.313674419e+00 
1.049049663e+00 1.107277628e+00 1.304186047e+00 
1.078479460e+00 1.185444744e+00 1.346232558e+00 
1.366646229e+00 1.431266846e+00 1.722976744e+00 
1.023707541e+00 1.119676550e+00 1.177860465e+00 
1.078479460e+00 1.197843666e+00 1.482046512e+00 
1.206825874e+00 1.083557951e+00 1.239255814e+00 
1.079705702e+00 1.031266846e+00 1.177860465e+00 
1.302268547e+00 1.320754717e+00 1.577674419e+00 
1.020846107e+00 1.040970350e+00 1.135813953e+00 
1.000000000e+00 1.073854447e+00 1.000000000e+00 
1.073574494e+00 1.077088949e+00 1.145302326e+00 
1.110565910e+00 1.017789757e+00 1.070883721e+00 
1.079705702e+00 1.017250674e+00 1.000000000e+00 
1.110565910e+00 1.000000000e+00 1.000000000e+00 
1.000000000e+00 1.088409704e+00 1.061395349e+00 
1.020846107e+00 1.028571429e+00 1.000000000e+00 

1.334763948e+00 1.534231806e+00 1.705860465e+00 
1.465562845e+00 1.577358491e+00 1.838139535e+00 
1.374820969e+00 1.481401617e+00 1.705860465e+00 
1.599834457e+00 1.444204852e+00 1.776744186e+00 
1.494788473e+00 1.445822102e+00 1.767255814e+00 
1.383200490e+00 1.345552561e+00 1.631441860e+00 
1.564071122e+00 1.343935310e+00 1.640930233e+00 
1.374820969e+00 1.499191375e+00 1.776744186e+00 
1.639484979e+00 1.413477089e+00 1.727069767e+00 
1.757204169e+00 1.856064690e+00 1.938604651e+00 
1.286940527e+00 1.378436658e+00 1.627348837e+00 
1.637234825e+00 1.619407008e+00 1.933767442e+00 
1.329245861e+00 1.567654987e+00 1.709953488e+00 
1.368076640e+00 1.518598383e+00 1.793860465e+00 
1.248722869e+00 1.456064690e+00 1.688744186e+00 
1.454526671e+00 1.578436658e+00 1.872372093e+00 
1.339259963e+00 1.454986523e+00 1.698232558e+00 
1.547106070e+00 1.552560647e+00 1.872372093e+00 
1.548743102e+00 1.523989218e+00 1.872372093e+00 
1.337727161e+00 1.522371968e+00 1.759627907e+00 
1.534845494e+00 1.564420485e+00 1.860093023e+00 
1.218475169e+00 1.415633423e+00 1.631441860e+00 
1.469037400e+00 1.267385445e+00 1.570046512e+00 
1.679540159e+00 1.523450135e+00 1.872372093e+00 
1.303698958e+00 1.408625337e+00 1.648558140e+00 
1.574494175e+00 1.513746631e+00 1.862883721e+00 
1.218475169e+00 1.397843666e+00 1.560558140e+00 
1.548743102e+00 1.346630728e+00 1.665674419e+00 
1.643776824e+00 1.423180593e+00 1.736558140e+00 
1.404046597e+00 1.367654987e+00 1.705860465e+00 
1.253218884e+00 1.331536388e+00 1.577674419e+00 
1.397302269e+00 1.387061995e+00 1.722976744e+00 
1.483752299e+00 1.446900270e+00 1.801488372e+00 
1.111792152e+00 1.184366577e+00 1.375069767e+00 
1.316370325e+00 1.389218329e+00 1.631441860e+00 
1.305538320e+00 1.465768194e+00 1.698232558e+00 
1.334763948e+00 1.334231806e+00 1.627348837e+00 
1.226445739e+00 1.156334232e+00 1.346232558e+00 
1.462906193e+00 1.312668464e+00 1.587162791e+00 
1.274269160e+00 1.274393531e+00 1.552930233e+00 
1.390148988e+00 1.468463612e+00 1.727069767e+00 
1.206825874e+00 1.083557951e+00 1.239255814e+00 
1.396076027e+00 1.401617251e+00 1.688744186e+00 
1.400367872e+00 1.244204852e+00 1.491534884e+00 
1.290619252e+00 1.312668464e+00 1.560558140e+00 
1.302268547e+00 1.320754717e+00 1.577674419e+00 
1.131412017e+00 1.274932615e+00 1.552930233e+00 
1.226445739e+00 1.174123989e+00 1.417116279e+00 
1.339668915e+00 1.391374663e+00 1.656186047e+00 
1.247700797e+00 1.338544474e+00 1.560558140e+00 
1.078479460e+00 1.185444744e+00 1.346232558e+00 
1.023707541e+00 1.119676550e+00 1.177860465e+00 
1.078479460e+00 1.197843666e+00 1.482046512e+00 
1.338442673e+00 1.259838275e+00 1.491534884e+00 
1.023707541e+00 1.132075472e+00 1.313674419e+00 
1.050275904e+00 1.131536388e+00 1.313674419e+00 
1.110565910e+00 1.000000000e+00 1.000000000e+00 
1.049049663e+00 1.094878706e+00 1.168372093e+00 
1.020846107e+00 1.040970350e+00 1.135813953e+00 
1.073574494e+00 1.077088949e+00 1.145302326e+00 
1.000000000e+00 1.088409704e+00 1.061395349e+00 
1.000000000e+00 1.073854447e+00 1.000000000e+00 
1.049049663e+00 1.107277628e+00 1.304186047e+00 
1.161863887e+00 1.167654987e+00 1.323162791e+00 
1.079705702e+00 1.017250674e+00 1.000000000e+00 
1.256284488e+00 1.123450135e+00 1.346232558e+00 
1.110565910e+00 1.017789757e+00 1.070883721e+00 
1.020846107e+00 1.028571429e+00 1.000000000e+00 
1.079705702e+00 1.031266846e+00 1.177860465e+00 

1.548743102e+00 1.346630728e+00 1.665674419e+00 
1.277130595e+00 1.321293801e+00 1.554604651e+00 
1.496627836e+00 1.475471698e+00 1.801488372e+00 
1.383200490e+00 1.345552561e+00 1.631441860e+00 
1.330165543e+00 1.454447439e+00 1.784372093e+00 
1.419987738e+00 1.446361186e+00 1.767255814e+00 
1.404046597e+00 1.367654987e+00 1.705860465e+00 
1.397302269e+00 1.387061995e+00 1.722976744e+00 
1.825260576e+00 1.770350404e+00 1.938604651e+00 
1.274269160e+00 1.274393531e+00 1.552930233e+00 
1.722869405e+00 1.782749326e+00 1.872372093e+00 
1.268240343e+00 1.387061995e+00 1.627348837e+00 
1.218475169e+00 1.397843666e+00 1.560558140e+00 
1.693439608e+00 1.790835580e+00 1.860093023e+00 
1.355201104e+00 1.397843666e+00 1.648558140e+00 
1.268240343e+00 1.401617251e+00 1.688744186e+00 
1.305538320e+00 1.465768194e+00 1.698232558e+00 
1.247700797e+00 1.338544474e+00 1.560558140e+00 
1.759245861e+00 1.604851752e+00 1.872372093e+00 
1.481503985e+00 1.545013477e+00 1.793860465e+00 
1.789086450e+00 1.783827493e+00 1.929116279e+00 
1.585530349e+00 1.447439353e+00 1.801488372e+00 
1.218475169e+00 1.415633423e+00 1.631441860e+00 
1.290619252e+00 1.312668464e+00 1.560558140e+00 
1.248722869e+00 1.456064690e+00 1.688744186e+00 
1.343551809e+00 1.389757412e+00 1.631441860e+00 
1.818822808e+00 1.771428571e+00 1.933767442e+00 
1.462906193e+00 1.312668464e+00 1.587162791e+00 
1.286940527e+00 1.378436658e+00 1.627348837e+00 
1.552930717e+00 1.604312668e+00 1.838139535e+00 
1.442264255e+00 1.612398922e+00 1.855255814e+00 
1.253218884e+00 1.331536388e+00 1.577674419e+00 
1.111792152e+00 1.184366577e+00 1.375069767e+00 
1.469037400e+00 1.267385445e+00 1.570046512e+00 
1.131412017e+00 1.274932615e+00 1.552930233e+00 
1.617719191e+00 1.811859838e+00 1.867720930e+00 
1.302268547e+00 1.320754717e+00 1.577674419e+00 
1.271305947e+00 1.363342318e+00 1.606511628e+00 
1.334763948e+00 1.334231806e+00 1.627348837e+00 
1.464030043e+00 1.611859838e+00 1.855255814e+00 
1.620478234e+00 1.800539084e+00 1.862883721e+00 
1.338442673e+00 1.259838275e+00 1.491534884e+00 
1.055487431e+00 1.220485175e+00 1.323162791e+00 
1.278050276e+00 1.355256065e+00 1.589395349e+00 
1.712446352e+00 1.676010782e+00 1.862883721e+00 
1.695481300e+00 1.864150943e+00 1.921488372e+00 
1.432863274e+00 1.310512129e+00 1.562418605e+00 
1.757817290e+00 1.645822102e+00 1.860093023e+00 
1.078479460e+00 1.197843666e+00 1.482046512e+00 
1.226445739e+00 1.156334232e+00 1.346232558e+00 
1.078479460e+00 1.185444744e+00 1.346232558e+00 
1.226445739e+00 1.174123989e+00 1.417116279e+00 
1.397915389e+00 1.256064690e+00 1.487813953e+00 
1.023707541e+00 1.119676550e+00 1.177860465e+00 
1.400367872e+00 1.244204852e+00 1.491534884e+00 
1.050275904e+00 1.131536388e+00 1.313674419e+00 
1.256284488e+00 1.123450135e+00 1.346232558e+00 
1.023707541e+00 1.132075472e+00 1.313674419e+00 
1.054057020e+00 1.221024259e+00 1.375069767e+00 
1.110565910e+00 1.017789757e+00 1.070883721e+00 
1.161863887e+00 1.167654987e+00 1.323162791e+00 
1.049049663e+00 1.094878706e+00 1.168372093e+00 
1.206825874e+00 1.083557951e+00 1.239255814e+00 
1.000000000e+00 1.073854447e+00 1.000000000e+00 
1.110565910e+00 1.000000000e+00 1.000000000e+00 
1.049049663e+00 1.107277628e+00 1.304186047e+00 
1.020846107e+00 1.040970350e+00 1.135813953e+00 
1.000000000e+00 1.088409704e+00 1.061395349e+00 
1.073574494e+00 1.077088949e+00 1.145302326e+00 
1.020846107e+00 1.028571429e+00 1.000000000e+00 
1.079705702e+00 1.017250674e+00 1.000000000e+00 
1.079705702e+00 1.031266846e+00 1.177860465e+00 

1.373390558e+00 1.498652291e+00 1.789209302e+00 
1.416615573e+00 1.595148248e+00 1.862883721e+00 
1.454322502e+00 1.501886792e+00 1.801488372e+00 
1.483752299e+00 1.446900270e+00 1.801488372e+00 
1.641526671e+00 1.440970350e+00 1.736558140e+00 
1.243408952e+00 1.334231806e+00 1.627348837e+00 
1.508583691e+00 1.514285714e+00 1.862883721e+00 
1.494788473e+00 1.445822102e+00 1.767255814e+00 
1.303698958e+00 1.408625337e+00 1.648558140e+00 
1.479153893e+00 1.580053908e+00 1.862883721e+00 
1.458614347e+00 1.592991914e+00 1.838139535e+00 
1.513488657e+00 1.763881402e+00 1.904372093e+00 
1.548743102e+00 1.346630728e+00 1.665674419e+00 
1.218475169e+00 1.415633423e+00 1.631441860e+00 
1.486817903e+00 1.523989218e+00 1.872372093e+00 
1.391784181e+00 1.528301887e+00 1.801488372e+00 
1.673206622e+00 1.423719677e+00 1.736558140e+00 
1.330165543e+00 1.454447439e+00 1.784372093e+00 
1.368076640e+00 1.518598383e+00 1.793860465e+00 
1.612403433e+00 1.797304582e+00 1.933767442e+00 
1.429797670e+00 1.464150943e+00 1.793860465e+00 
1.564071122e+00 1.343935310e+00 1.640930233e+00 
1.404046597e+00 1.367654987e+00 1.705860465e+00 
1.957694666e+00 1.963342318e+00 1.938604651e+00 
1.253218884e+00 1.331536388e+00 1.577674419e+00 
1.305334151e+00 1.387601078e+00 1.722976744e+00 
1.462906193e+00 1.312668464e+00 1.587162791e+00 
1.290619252e+00 1.312668464e+00 1.560558140e+00 
1.221132434e+00 1.321293801e+00 1.554604651e+00 
1.397302269e+00 1.387061995e+00 1.722976744e+00 
1.302268547e+00 1.320754717e+00 1.577674419e+00 
1.397915389e+00 1.256064690e+00 1.487813953e+00 
1.280605150e+00 1.471698113e+00 1.693581395e+00 
1.078479460e+00 1.185444744e+00 1.346232558e+00 
1.469037400e+00 1.267385445e+00 1.570046512e+00 
1.613936235e+00 1.701886792e+00 1.921488372e+00 
1.131412017e+00 1.274932615e+00 1.552930233e+00 
1.494788473e+00 1.363881402e+00 1.658046512e+00 
1.338442673e+00 1.259838275e+00 1.491534884e+00 
1.617614960e+00 1.690566038e+00 1.933767442e+00 
1.078479460e+00 1.197843666e+00 1.482046512e+00 
1.055487431e+00 1.220485175e+00 1.323162791e+00 
1.274269160e+00 1.274393531e+00 1.552930233e+00 
1.721232373e+00 1.679245283e+00 1.933767442e+00 
1.206825874e+00 1.083557951e+00 1.239255814e+00 
1.400367872e+00 1.313207547e+00 1.587162791e+00 
1.226445739e+00 1.156334232e+00 1.346232558e+00 
1.049049663e+00 1.094878706e+00 1.168372093e+00 
1.161863887e+00 1.167654987e+00 1.323162791e+00 
1.111792152e+00 1.184366577e+00 1.375069767e+00 
1.226445739e+00 1.174123989e+00 1.417116279e+00 
1.023707541e+00 1.119676550e+00 1.177860465e+00 
1.023707541e+00 1.132075472e+00 1.313674419e+00 
1.400367872e+00 1.244204852e+00 1.491534884e+00 
1.050275904e+00 1.131536388e+00 1.313674419e+00 
1.256284488e+00 1.123450135e+00 1.346232558e+00 
1.049049663e+00 1.107277628e+00 1.304186047e+00 
1.079705702e+00 1.031266846e+00 1.177860465e+00 
1.000000000e+00 1.088409704e+00 1.061395349e+00 
1.110565910e+00 1.017789757e+00 1.070883721e+00 
1.110565910e+00 1.000000000e+00 1.000000000e+00 
1.000000000e+00 1.073854447e+00 1.000000000e+00 
1.073574494e+00 1.077088949e+00 1.145302326e+00 
1.020846107e+00 1.040970350e+00 1.135813953e+00 
1.079705702e+00 1.017250674e+00 1.000000000e+00 
1.020846107e+00 1.028571429e+00 1.000000000e+00 

1.832004905e+00 1.785983827e+00 1.938604651e+00 
1.375843041e+00 1.674393531e+00 1.838139535e+00 
1.289393010e+00 1.526145553e+00 1.688744186e+00 
1.381361128e+00 1.678167116e+00 1.855255814e+00 
1.383200490e+00 1.345552561e+00 1.631441860e+00 
1.461679951e+00 1.597304582e+00 1.855255814e+00 
1.564071122e+00 1.343935310e+00 1.640930233e+00 
1.390148988e+00 1.468463612e+00 1.727069767e+00 
1.289393010e+00 1.528840970e+00 1.698232558e+00 
1.401798283e+00 1.577897574e+00 1.838139535e+00 
1.397302269e+00 1.387061995e+00 1.722976744e+00 
1.374820969e+00 1.499191375e+00 1.776744186e+00 
1.598405886e+00 1.476010782e+00 1.801488372e+00 
1.681790313e+00 1.541778976e+00 1.872372093e+00 
1.469037400e+00 1.267385445e+00 1.570046512e+00 
1.338442673e+00 1.259838275e+00 1.491534884e+00 
1.499284488e+00 1.649595687e+00 1.872372093e+00 
1.289393010e+00 1.543935310e+00 1.759627907e+00 
1.231350705e+00 1.390835580e+00 1.577674419e+00 
1.768853464e+00 1.532075472e+00 1.862883721e+00 
1.528714286e+00 1.444743935e+00 1.776744186e+00 
1.524524831e+00 1.771428571e+00 1.933767442e+00 
1.330472103e+00 1.488948787e+00 1.759627907e+00 
1.591250766e+00 1.622641509e+00 1.872372093e+00 
1.630797057e+00 1.705660377e+00 1.933767442e+00 
1.302268547e+00 1.320754717e+00 1.577674419e+00 
1.316370325e+00 1.389218329e+00 1.631441860e+00 
1.615162477e+00 1.619407008e+00 1.860093023e+00 
1.303698958e+00 1.408625337e+00 1.648558140e+00 
1.520743716e+00 1.575202156e+00 1.855255814e+00 
1.396076027e+00 1.401617251e+00 1.688744186e+00 
1.678724709e+00 1.465229111e+00 1.801488372e+00 
1.498773758e+00 1.694878706e+00 1.862883721e+00 
1.307582465e+00 1.412398922e+00 1.688744186e+00 
1.664622931e+00 1.558490566e+00 1.862883721e+00 
1.534845494e+00 1.635040431e+00 1.860093023e+00 
1.404046597e+00 1.367654987e+00 1.705860465e+00 
1.339873084e+00 1.455525606e+00 1.698232558e+00 
1.476394850e+00 1.546630728e+00 1.801488372e+00 
1.586143470e+00 1.491644205e+00 1.801488372e+00 
1.509503372e+00 1.488948787e+00 1.776744186e+00 
1.442264255e+00 1.508355795e+00 1.793860465e+00 
1.247700797e+00 1.338544474e+00 1.560558140e+00 
1.218475169e+00 1.415633423e+00 1.631441860e+00 
1.678724709e+00 1.618328841e+00 1.867720930e+00 
1.339668915e+00 1.391374663e+00 1.656186047e+00 
1.619454323e+00 1.555795148e+00 1.838139535e+00 
1.054057020e+00 1.221024259e+00 1.375069767e+00 
1.334763948e+00 1.334231806e+00 1.627348837e+00 
1.556713673e+00 1.546091644e+00 1.801488372e+00 
1.290619252e+00 1.312668464e+00 1.560558140e+00 
1.078479460e+00 1.197843666e+00 1.482046512e+00 
1.111792152e+00 1.184366577e+00 1.375069767e+00 
1.400367872e+00 1.244204852e+00 1.491534884e+00 
1.050275904e+00 1.131536388e+00 1.313674419e+00 
1.055487431e+00 1.220485175e+00 1.323162791e+00 
1.630901288e+00 1.583827493e+00 1.862883721e+00 
1.305538320e+00 1.465768194e+00 1.698232558e+00 
1.161863887e+00 1.167654987e+00 1.323162791e+00 
1.256284488e+00 1.123450135e+00 1.346232558e+00 
1.274269160e+00 1.274393531e+00 1.552930233e+00 
1.023707541e+00 1.132075472e+00 1.313674419e+00 
1.374207848e+00 1.411320755e+00 1.698232558e+00 
1.206825874e+00 1.083557951e+00 1.239255814e+00 
1.078479460e+00 1.185444744e+00 1.346232558e+00 
1.486204782e+00 1.498652291e+00 1.784372093e+00 
1.131412017e+00 1.274932615e+00 1.552930233e+00 
1.253218884e+00 1.331536388e+00 1.577674419e+00 
1.226445739e+00 1.174123989e+00 1.417116279e+00 
1.049049663e+00 1.107277628e+00 1.304186047e+00 
1.218475169e+00 1.397843666e+00 1.560558140e+00 
1.286940527e+00 1.378436658e+00 1.627348837e+00 
1.049049663e+00 1.094878706e+00 1.168372093e+00 
1.226445739e+00 1.156334232e+00 1.346232558e+00 
1.079705702e+00 1.031266846e+00 1.177860465e+00 
1.023707541e+00 1.119676550e+00 1.177860465e+00 
1.110565910e+00 1.017789757e+00 1.070883721e+00 
1.079705702e+00 1.017250674e+00 1.000000000e+00 
1.020846107e+00 1.028571429e+00 1.000000000e+00 
1.000000000e+00 1.073854447e+00 1.000000000e+00 
1.073574494e+00 1.077088949e+00 1.145302326e+00 
1.110565910e+00 1.000000000e+00 1.000000000e+00 
1.000000000e+00 1.088409704e+00 1.061395349e+00 
1.020846107e+00 1.040970350e+00 1.135813953e+00 

1.691802575e+00 1.622102426e+00 1.872372093e+00 
1.374820969e+00 1.499191375e+00 1.776744186e+00 
1.396076027e+00 1.401617251e+00 1.688744186e+00 
1.506233599e+00 1.791913747e+00 1.933767442e+00 
1.774573881e+00 1.604851752e+00 1.921488372e+00 
1.652562845e+00 1.675471698e+00 1.921488372e+00 
1.301655426e+00 1.518598383e+00 1.698232558e+00 
1.339668915e+00 1.391374663e+00 1.656186047e+00 
1.361128142e+00 1.490026954e+00 1.767255814e+00 
1.421009810e+00 1.519676550e+00 1.784372093e+00 
1.340690987e+00 1.590296496e+00 1.784372093e+00 
1.111792152e+00 1.184366577e+00 1.375069767e+00 
1.483752299e+00 1.446900270e+00 1.801488372e+00 
1.335172900e+00 1.570889488e+00 1.767255814e+00 
1.218475169e+00 1.415633423e+00 1.631441860e+00 
1.423462293e+00 1.792452830e+00 1.933767442e+00 
1.331494175e+00 1.658221024e+00 1.838139535e+00 
1.574696505e+00 1.618867925e+00 1.860093023e+00 
1.442264255e+00 1.508355795e+00 1.793860465e+00 
1.599834457e+00 1.444204852e+00 1.776744186e+00 
1.568565297e+00 1.649056604e+00 1.872372093e+00 
1.684445126e+00 1.538005391e+00 1.860093023e+00 
1.471796444e+00 1.737466307e+00 1.904372093e+00 
1.384222563e+00 1.560107817e+00 1.793860465e+00 
1.594114040e+00 1.612398922e+00 1.862883721e+00 
1.524218271e+00 1.729919137e+00 1.872372093e+00 
1.381361128e+00 1.677628032e+00 1.855255814e+00 
1.460147149e+00 1.763342318e+00 1.904372093e+00 
1.462906193e+00 1.312668464e+00 1.587162791e+00 
1.675248314e+00 1.634501348e+00 1.933767442e+00 
1.409360515e+00 1.552560647e+00 1.825860465e+00 
1.319231760e+00 1.464150943e+00 1.709953488e+00 
1.404046597e+00 1.367654987e+00 1.705860465e+00 
1.659307174e+00 1.655525606e+00 1.904372093e+00 
1.564071122e+00 1.343935310e+00 1.640930233e+00 
1.383200490e+00 1.345552561e+00 1.631441860e+00 
1.302268547e+00 1.320754717e+00 1.577674419e+00 
1.305538320e+00 1.465768194e+00 1.698232558e+00 
1.289393010e+00 1.543396226e+00 1.759627907e+00 
1.248722869e+00 1.456064690e+00 1.688744186e+00 
1.779478847e+00 1.608086253e+00 1.933767442e+00 
1.763844267e+00 1.748787062e+00 1.938604651e+00 
1.247700797e+00 1.338544474e+00 1.560558140e+00 
1.284794605e+00 1.445283019e+00 1.688744186e+00 
1.646431637e+00 1.688948787e+00 1.933767442e+00 
1.469037400e+00 1.267385445e+00 1.570046512e+00 
1.632740650e+00 1.666846361e+00 1.904372093e+00 
1.338442673e+00 1.259838275e+00 1.491534884e+00 
1.397302269e+00 1.387061995e+00 1.722976744e+00 
1.303698958e+00 1.408625337e+00 1.648558140e+00 
1.353464132e+00 1.560107817e+00 1.767255814e+00 
1.131412017e+00 1.274932615e+00 1.552930233e+00 
1.331494175e+00 1.640431267e+00 1.767255814e+00 
1.539546291e+00 1.689487871e+00 1.933767442e+00 
1.253218884e+00 1.331536388e+00 1.577674419e+00 
1.286940527e+00 1.378436658e+00 1.627348837e+00 
1.492846720e+00 1.767115903e+00 1.921488372e+00 
1.289393010e+00 1.528840970e+00 1.698232558e+00 
1.379215205e+00 1.636657682e+00 1.838139535e+00 
1.226445739e+00 1.174123989e+00 1.417116279e+00 
1.334763948e+00 1.334231806e+00 1.627348837e+00 
1.266503372e+00 1.548247978e+00 1.692837209e+00 
1.054057020e+00 1.221024259e+00 1.375069767e+00 
1.290619252e+00 1.312668464e+00 1.560558140e+00 
1.595542612e+00 1.555256065e+00 1.838139535e+00 
1.023707541e+00 1.119676550e+00 1.177860465e+00 
1.429695279e+00 1.656064690e+00 1.855255814e+00 
1.772734519e+00 1.705121294e+00 1.938604651e+00 
1.301655426e+00 1.533153639e+00 1.759627907e+00 
1.078479460e+00 1.197843666e+00 1.482046512e+00 
1.023707541e+00 1.132075472e+00 1.313674419e+00 
1.436541999e+00 1.655525606e+00 1.855255814e+00 
1.497445126e+00 1.574663073e+00 1.855255814e+00 
1.050275904e+00 1.131536388e+00 1.313674419e+00 
1.226445739e+00 1.156334232e+00 1.346232558e+00 
1.256284488e+00 1.123450135e+00 1.346232558e+00 
1.316370325e+00 1.389218329e+00 1.631441860e+00 
1.274269160e+00 1.274393531e+00 1.552930233e+00 
1.206825874e+00 1.083557951e+00 1.239255814e+00 
1.078479460e+00 1.185444744e+00 1.346232558e+00 
1.339259963e+00 1.454986523e+00 1.698232558e+00 
1.161863887e+00 1.167654987e+00 1.323162791e+00 
1.049049663e+00 1.094878706e+00 1.168372093e+00 
1.590637646e+00 1.552021563e+00 1.825860465e+00 
1.400367872e+00 1.244204852e+00 1.491534884e+00 
1.337114040e+00 1.521832884e+00 1.759627907e+00 
1.079705702e+00 1.031266846e+00 1.177860465e+00 
1.000000000e+00 1.073854447e+00 1.000000000e+00 
1.020846107e+00 1.040970350e+00 1.135813953e+00 
1.020846107e+00 1.028571429e+00 1.000000000e+00 
1.110565910e+00 1.000000000e+00 1.000000000e+00 
1.049049663e+00 1.107277628e+00 1.304186047e+00 
1.073574494e+00 1.077088949e+00 1.145302326e+00 
1.079705702e+00 1.017250674e+00 1.000000000e+00 
1.000000000e+00 1.088409704e+00 1.061395349e+00 
1.110565910e+00 1.017789757e+00 1.070883721e+00 

1.412630288e+00 1.582210243e+00 1.842976744e+00 
1.475168608e+00 1.479784367e+00 1.727069767e+00 
1.501532802e+00 1.639353100e+00 1.867720930e+00 
1.371448804e+00 1.569811321e+00 1.759627907e+00 
1.218475169e+00 1.415633423e+00 1.631441860e+00 
1.485694053e+00 1.581132075e+00 1.850604651e+00 
1.305334151e+00 1.387601078e+00 1.722976744e+00 
1.333026977e+00 1.570350404e+00 1.759627907e+00 
1.258736971e+00 1.414555256e+00 1.594232558e+00 
1.409564684e+00 1.505660377e+00 1.772093023e+00 
1.302268547e+00 1.320754717e+00 1.577674419e+00 
1.705088903e+00 1.545552561e+00 1.842976744e+00 
1.469037400e+00 1.267385445e+00 1.570046512e+00 
1.713261803e+00 1.800539084e+00 1.904372093e+00 
1.740239117e+00 1.742318059e+00 1.938604651e+00 
1.404046597e+00 1.367654987e+00 1.705860465e+00 
1.548743102e+00 1.578975741e+00 1.872372093e+00 
1.290619252e+00 1.312668464e+00 1.560558140e+00 
1.305334151e+00 1.372506739e+00 1.627348837e+00 
1.548743102e+00 1.346630728e+00 1.665674419e+00 
1.453505212e+00 1.528301887e+00 1.801488372e+00 
1.286940527e+00 1.378436658e+00 1.627348837e+00 
1.593500920e+00 1.344474394e+00 1.640930233e+00 
1.483752299e+00 1.446900270e+00 1.801488372e+00 
1.247700797e+00 1.338544474e+00 1.560558140e+00 
1.472818516e+00 1.661994609e+00 1.850604651e+00 
1.237993256e+00 1.493261456e+00 1.688744186e+00 
1.268240343e+00 1.401617251e+00 1.688744186e+00 
1.253218884e+00 1.331536388e+00 1.577674419e+00 
1.379317597e+00 1.586522911e+00 1.772093023e+00 
1.863887186e+00 1.690026954e+00 1.933767442e+00 
1.498467198e+00 1.445283019e+00 1.776744186e+00 
1.493971183e+00 1.655525606e+00 1.855255814e+00 
1.221132434e+00 1.321293801e+00 1.554604651e+00 
1.726137339e+00 1.715902965e+00 1.933767442e+00 
1.462906193e+00 1.312668464e+00 1.587162791e+00 
1.397302269e+00 1.387061995e+00 1.722976744e+00 
1.131412017e+00 1.274932615e+00 1.552930233e+00 
1.379930717e+00 1.530997305e+00 1.772093023e+00 
1.334763948e+00 1.334231806e+00 1.627348837e+00 
1.054057020e+00 1.221024259e+00 1.375069767e+00 
1.687614960e+00 1.857142857e+00 1.929116279e+00 
1.274269160e+00 1.274393531e+00 1.552930233e+00 
1.078479460e+00 1.185444744e+00 1.346232558e+00 
1.226445739e+00 1.174123989e+00 1.417116279e+00 
1.055487431e+00 1.220485175e+00 1.323162791e+00 
1.226445739e+00 1.156334232e+00 1.346232558e+00 
1.280605150e+00 1.471698113e+00 1.693581395e+00 
1.648884120e+00 1.568194070e+00 1.872372093e+00 
1.206825874e+00 1.083557951e+00 1.239255814e+00 
1.050275904e+00 1.131536388e+00 1.313674419e+00 
1.078479460e+00 1.197843666e+00 1.482046512e+00 
1.023707541e+00 1.132075472e+00 1.313674419e+00 
1.049049663e+00 1.094878706e+00 1.168372093e+00 
1.020846107e+00 1.040970350e+00 1.135813953e+00 
1.769160025e+00 2.000000000e+00 2.000000000e+00 
1.023707541e+00 1.119676550e+00 1.177860465e+00 
1.400367872e+00 1.244204852e+00 1.491534884e+00 
1.256284488e+00 1.123450135e+00 1.346232558e+00 
1.111792152e+00 1.184366577e+00 1.375069767e+00 
1.073574494e+00 1.077088949e+00 1.145302326e+00 
1.161863887e+00 1.167654987e+00 1.323162791e+00 
1.110565910e+00 1.017789757e+00 1.070883721e+00 
1.110565910e+00 1.000000000e+00 1.000000000e+00 
1.020846107e+00 1.028571429e+00 1.000000000e+00 
1.079705702e+00 1.031266846e+00 1.177860465e+00 
1.049049663e+00 1.107277628e+00 1.304186047e+00 
1.000000000e+00 1.088409704e+00 1.061395349e+00 
1.079705702e+00 1.017250674e+00 1.000000000e+00 
1.000000000e+00 1.073854447e+00 1.000000000e+00 

1.337829552e+00 1.411320755e+00 1.698232558e+00 
1.343551809e+00 1.389757412e+00 1.631441860e+00 
1.379112814e+00 1.468463612e+00 1.727069767e+00 
1.338442673e+00 1.259838275e+00 1.491534884e+00 
1.554874310e+00 1.635040431e+00 1.938604651e+00 
1.397302269e+00 1.387061995e+00 1.722976744e+00 
1.291436542e+00 1.354716981e+00 1.562418605e+00 
1.511649295e+00 1.590835580e+00 1.933767442e+00 
1.454322502e+00 1.501886792e+00 1.801488372e+00 
1.266911711e+00 1.373045822e+00 1.577674419e+00 
1.504598406e+00 1.715902965e+00 1.938604651e+00 
1.247700797e+00 1.338544474e+00 1.560558140e+00 
1.242182710e+00 1.452830189e+00 1.581767442e+00 
1.290619252e+00 1.312668464e+00 1.560558140e+00 
1.429797670e+00 1.464150943e+00 1.793860465e+00 
1.454629062e+00 1.530997305e+00 1.855255814e+00 
1.305538320e+00 1.465768194e+00 1.698232558e+00 
1.486817903e+00 1.523989218e+00 1.872372093e+00 
1.268240343e+00 1.387061995e+00 1.627348837e+00 
1.462906193e+00 1.312668464e+00 1.587162791e+00 
1.412630288e+00 1.582210243e+00 1.842976744e+00 
1.286940527e+00 1.378436658e+00 1.627348837e+00 
1.226445739e+00 1.174123989e+00 1.417116279e+00 
1.693439608e+00 1.624258760e+00 1.938604651e+00 
1.334763948e+00 1.534231806e+00 1.705860465e+00 
1.404046597e+00 1.367654987e+00 1.705860465e+00 
1.483752299e+00 1.447439353e+00 1.801488372e+00 
1.396076027e+00 1.401617251e+00 1.688744186e+00 
1.499080319e+00 1.293800539e+00 1.570046512e+00 
1.274269160e+00 1.274393531e+00 1.552930233e+00 
1.226445739e+00 1.156334232e+00 1.346232558e+00 
1.431943593e+00 1.522911051e+00 1.838139535e+00 
1.593500920e+00 1.344474394e+00 1.640930233e+00 
1.292662784e+00 1.408625337e+00 1.648558140e+00 
1.318209687e+00 1.354177898e+00 1.598883721e+00 
1.363274065e+00 1.488948787e+00 1.759627907e+00 
1.334763948e+00 1.334231806e+00 1.627348837e+00 
1.302268547e+00 1.320754717e+00 1.577674419e+00 
1.432863274e+00 1.310512129e+00 1.562418605e+00 
1.481299816e+00 1.290026954e+00 1.557767442e+00 
1.405885960e+00 1.522911051e+00 1.764465116e+00 
1.407112201e+00 1.444743935e+00 1.776744186e+00 
1.111792152e+00 1.184366577e+00 1.375069767e+00 
1.400367872e+00 1.313207547e+00 1.587162791e+00 
1.400367872e+00 1.244204852e+00 1.491534884e+00 
1.078479460e+00 1.185444744e+00 1.346232558e+00 
1.248313918e+00 1.393530997e+00 1.627348837e+00 
1.050275904e+00 1.131536388e+00 1.313674419e+00 
1.161863887e+00 1.167654987e+00 1.323162791e+00 
1.078479460e+00 1.197843666e+00 1.482046512e+00 
1.131412017e+00 1.274932615e+00 1.552930233e+00 
1.049049663e+00 1.094878706e+00 1.168372093e+00 
1.049049663e+00 1.107277628e+00 1.304186047e+00 
1.023707541e+00 1.132075472e+00 1.313674419e+00 
1.256284488e+00 1.123450135e+00 1.346232558e+00 
1.023707541e+00 1.119676550e+00 1.177860465e+00 
1.206825874e+00 1.083557951e+00 1.239255814e+00 
1.020846107e+00 1.028571429e+00 1.000000000e+00 
1.020846107e+00 1.040970350e+00 1.135813953e+00 
1.079705702e+00 1.017250674e+00 1.000000000e+00 
1.073574494e+00 1.077088949e+00 1.145302326e+00 
1.110565910e+00 1.017789757e+00 1.070883721e+00 
1.079705702e+00 1.031266846e+00 1.177860465e+00 
1.000000000e+00 1.073854447e+00 1.000000000e+00 
1.000000000e+00 1.088409704e+00 1.061395349e+00 
1.110565910e+00 1.000000000e+00 1.000000000e+00 

1.497854077e+00 1.575202156e+00 1.860093023e+00 
1.429797670e+00 1.464150943e+00 1.793860465e+00 
1.469037400e+00 1.267385445e+00 1.570046512e+00 
1.373390558e+00 1.498652291e+00 1.789209302e+00 
1.679540159e+00 1.523450135e+00 1.872372093e+00 
1.454322502e+00 1.501886792e+00 1.801488372e+00 
1.669527897e+00 1.671698113e+00 1.933767442e+00 
1.730226855e+00 1.625336927e+00 1.929116279e+00 
1.303698958e+00 1.408625337e+00 1.648558140e+00 
1.330165543e+00 1.454447439e+00 1.784372093e+00 
1.305538320e+00 1.465768194e+00 1.698232558e+00 
1.454526671e+00 1.578436658e+00 1.872372093e+00 
1.355201104e+00 1.397843666e+00 1.648558140e+00 
1.541692213e+00 1.753099730e+00 1.933767442e+00 
1.404046597e+00 1.367654987e+00 1.705860465e+00 
1.770282036e+00 1.590296496e+00 1.933767442e+00 
1.218475169e+00 1.415633423e+00 1.631441860e+00 
1.316370325e+00 1.389218329e+00 1.631441860e+00 
1.396076027e+00 1.401617251e+00 1.688744186e+00 
1.574494175e+00 1.513746631e+00 1.862883721e+00 
1.654610668e+00 1.672237197e+00 1.933767442e+00 
1.548743102e+00 1.346630728e+00 1.665674419e+00 
1.566523605e+00 1.716442049e+00 1.938604651e+00 
1.643776824e+00 1.423180593e+00 1.736558140e+00 
1.400367872e+00 1.313207547e+00 1.587162791e+00 
1.751686082e+00 1.715902965e+00 1.938604651e+00 
1.248722869e+00 1.456064690e+00 1.688744186e+00 
1.290619252e+00 1.312668464e+00 1.560558140e+00 
1.483752299e+00 1.446900270e+00 1.801488372e+00 
1.302268547e+00 1.320754717e+00 1.577674419e+00 
1.643366033e+00 1.712668464e+00 1.921488372e+00 
1.226445739e+00 1.174123989e+00 1.417116279e+00 
1.226445739e+00 1.156334232e+00 1.346232558e+00 
1.274269160e+00 1.274393531e+00 1.552930233e+00 
1.548743102e+00 1.523989218e+00 1.872372093e+00 
1.337829552e+00 1.411320755e+00 1.698232558e+00 
1.432863274e+00 1.310512129e+00 1.562418605e+00 
1.397302269e+00 1.387061995e+00 1.722976744e+00 
1.277130595e+00 1.321293801e+00 1.554604651e+00 
1.055487431e+00 1.220485175e+00 1.323162791e+00 
1.206825874e+00 1.083557951e+00 1.239255814e+00 
1.243408952e+00 1.334231806e+00 1.627348837e+00 
1.049049663e+00 1.107277628e+00 1.304186047e+00 
1.338442673e+00 1.259838275e+00 1.491534884e+00 
1.131412017e+00 1.274932615e+00 1.552930233e+00 
1.462906193e+00 1.312668464e+00 1.587162791e+00 
1.111792152e+00 1.184366577e+00 1.375069767e+00 
1.253218884e+00 1.331536388e+00 1.577674419e+00 
1.049049663e+00 1.094878706e+00 1.168372093e+00 
1.078479460e+00 1.185444744e+00 1.346232558e+00 
1.256284488e+00 1.123450135e+00 1.346232558e+00 
1.078479460e+00 1.197843666e+00 1.482046512e+00 
1.054057020e+00 1.221024259e+00 1.375069767e+00 
1.712857143e+00 1.645822102e+00 1.933767442e+00 
1.023707541e+00 1.132075472e+00 1.313674419e+00 
1.400367872e+00 1.244204852e+00 1.491534884e+00 
1.079705702e+00 1.017250674e+00 1.000000000e+00 
1.050275904e+00 1.131536388e+00 1.313674419e+00 
1.161863887e+00 1.167654987e+00 1.323162791e+00 
1.020846107e+00 1.040970350e+00 1.135813953e+00 
1.073574494e+00 1.077088949e+00 1.145302326e+00 
1.020846107e+00 1.028571429e+00 1.000000000e+00 
1.110565910e+00 1.017789757e+00 1.070883721e+00 
1.023707541e+00 1.119676550e+00 1.177860465e+00 
1.110565910e+00 1.000000000e+00 1.000000000e+00 
1.079705702e+00 1.031266846e+00 1.177860465e+00 
1.000000000e+00 1.073854447e+00 1.000000000e+00 
1.000000000e+00 1.088409704e+00 1.061395349e+00 

1.652360515e+00 1.630727763e+00 1.933767442e+00 
1.535254445e+00 1.569272237e+00 1.862883721e+00 
1.443286327e+00 1.650134771e+00 1.862883721e+00 
1.643776824e+00 1.423180593e+00 1.736558140e+00 
1.304107909e+00 1.398921833e+00 1.639069767e+00 
1.397302269e+00 1.387061995e+00 1.722976744e+00 
1.462906193e+00 1.312668464e+00 1.587162791e+00 
1.679540159e+00 1.523450135e+00 1.872372093e+00 
1.560392397e+00 1.700808625e+00 1.933767442e+00 
1.330165543e+00 1.439892183e+00 1.722976744e+00 
1.690576334e+00 1.522371968e+00 1.838139535e+00 
1.672593501e+00 1.690026954e+00 1.938604651e+00 
1.505824647e+00 1.623719677e+00 1.862883721e+00 
1.624770080e+00 1.697574124e+00 1.921488372e+00 
1.548743102e+00 1.523989218e+00 1.872372093e+00 
1.355201104e+00 1.397843666e+00 1.648558140e+00 
1.390148988e+00 1.468463612e+00 1.727069767e+00 
1.330165543e+00 1.439353100e+00 1.688744186e+00 
1.784794605e+00 1.650673854e+00 1.938604651e+00 
1.483752299e+00 1.446900270e+00 1.801488372e+00 
1.454322502e+00 1.501886792e+00 1.801488372e+00 
1.305334151e+00 1.372506739e+00 1.627348837e+00 
1.407112201e+00 1.444743935e+00 1.776744186e+00 
1.559779277e+00 1.522911051e+00 1.838139535e+00 
1.356836297e+00 1.509433962e+00 1.784372093e+00 
1.218475169e+00 1.397843666e+00 1.560558140e+00 
1.368076640e+00 1.518598383e+00 1.793860465e+00 
1.303698958e+00 1.408625337e+00 1.648558140e+00 
1.301655426e+00 1.533153639e+00 1.759627907e+00 
1.384222563e+00 1.574663073e+00 1.855255814e+00 
1.563255671e+00 1.815633423e+00 2.000000000e+00 
1.289393010e+00 1.543396226e+00 1.759627907e+00 
1.305538320e+00 1.465768194e+00 1.698232558e+00 
1.374820969e+00 1.499191375e+00 1.776744186e+00 
1.383200490e+00 1.345552561e+00 1.631441860e+00 
1.599834457e+00 1.444204852e+00 1.776744186e+00 
1.548743102e+00 1.346630728e+00 1.665674419e+00 
1.218475169e+00 1.415633423e+00 1.631441860e+00 
1.334763948e+00 1.334231806e+00 1.627348837e+00 
1.469037400e+00 1.267385445e+00 1.570046512e+00 
1.564071122e+00 1.343935310e+00 1.640930233e+00 
1.226445739e+00 1.174123989e+00 1.417116279e+00 
1.338442673e+00 1.259838275e+00 1.491534884e+00 
1.404046597e+00 1.367654987e+00 1.705860465e+00 
1.131412017e+00 1.274932615e+00 1.552930233e+00 
1.248722869e+00 1.456064690e+00 1.688744186e+00 
1.286940527e+00 1.378436658e+00 1.627348837e+00 
1.316370325e+00 1.389218329e+00 1.631441860e+00 
1.330063151e+00 1.633962264e+00 1.765395349e+00 
1.335172900e+00 1.570889488e+00 1.767255814e+00 
1.302268547e+00 1.320754717e+00 1.577674419e+00 
1.247700797e+00 1.338544474e+00 1.560558140e+00 
1.161863887e+00 1.167654987e+00 1.323162791e+00 
1.274269160e+00 1.274393531e+00 1.552930233e+00 
1.290619252e+00 1.312668464e+00 1.560558140e+00 
1.400367872e+00 1.244204852e+00 1.491534884e+00 
1.253218884e+00 1.331536388e+00 1.577674419e+00 
1.206825874e+00 1.083557951e+00 1.239255814e+00 
1.111792152e+00 1.184366577e+00 1.375069767e+00 
1.023707541e+00 1.119676550e+00 1.177860465e+00 
1.055487431e+00 1.220485175e+00 1.323162791e+00 
1.054057020e+00 1.221024259e+00 1.375069767e+00 
1.078479460e+00 1.197843666e+00 1.482046512e+00 
1.049049663e+00 1.107277628e+00 1.304186047e+00 
1.023707541e+00 1.132075472e+00 1.313674419e+00 
1.050275904e+00 1.131536388e+00 1.313674419e+00 
1.049049663e+00 1.094878706e+00 1.168372093e+00 
1.256284488e+00 1.123450135e+00 1.346232558e+00 
1.078479460e+00 1.185444744e+00 1.346232558e+00 
1.226445739e+00 1.156334232e+00 1.346232558e+00 
1.000000000e+00 1.073854447e+00 1.000000000e+00 
1.110565910e+00 1.017789757e+00 1.070883721e+00 
1.079705702e+00 1.031266846e+00 1.177860465e+00 
1.110565910e+00 1.000000000e+00 1.000000000e+00 
1.073574494e+00 1.077088949e+00 1.145302326e+00 
1.020846107e+00 1.028571429e+00 1.000000000e+00 
1.079705702e+00 1.017250674e+00 1.000000000e+00 
1.020846107e+00 1.040970350e+00 1.135813953e+00 
1.000000000e+00 1.088409704e+00 1.061395349e+00 

1.622930717e+00 1.557951482e+00 1.862883721e+00 
1.465971796e+00 1.694339623e+00 1.862883721e+00 
1.374820969e+00 1.499191375e+00 1.776744186e+00 
1.707743716e+00 1.632884097e+00 1.929116279e+00 
1.599834457e+00 1.444204852e+00 1.776744186e+00 
1.906805641e+00 1.705660377e+00 1.938604651e+00 
1.383200490e+00 1.345552561e+00 1.631441860e+00 
1.399754752e+00 1.636657682e+00 1.838139535e+00 
1.496627836e+00 1.475471698e+00 1.801488372e+00 
1.305538320e+00 1.465768194e+00 1.698232558e+00 
1.425709994e+00 1.590835580e+00 1.833488372e+00 
1.469037400e+00 1.444743935e+00 1.776744186e+00 
1.280605150e+00 1.471698113e+00 1.693581395e+00 
1.698546904e+00 1.669541779e+00 1.929116279e+00 
1.563458001e+00 1.628571429e+00 1.862883721e+00 
1.581649295e+00 1.605390836e+00 1.921488372e+00 
1.466380748e+00 1.693800539e+00 1.904372093e+00 
1.357653587e+00 1.521832884e+00 1.759627907e+00 
1.418965665e+00 1.507816712e+00 1.793860465e+00 
1.218475169e+00 1.397843666e+00 1.560558140e+00 
1.548743102e+00 1.346630728e+00 1.665674419e+00 
1.564071122e+00 1.343935310e+00 1.640930233e+00 
1.469037400e+00 1.267385445e+00 1.570046512e+00 
1.404046597e+00 1.367654987e+00 1.705860465e+00 
1.597381974e+00 1.568194070e+00 1.872372093e+00 
1.478643164e+00 1.667924528e+00 1.904372093e+00 
1.397302269e+00 1.387061995e+00 1.722976744e+00 
1.506641937e+00 1.649056604e+00 1.872372093e+00 
1.689963213e+00 1.541778976e+00 1.872372093e+00 
1.361128142e+00 1.490026954e+00 1.767255814e+00 
1.397302269e+00 1.579514825e+00 1.784372093e+00 
1.316370325e+00 1.389218329e+00 1.631441860e+00 
1.501941754e+00 1.687331536e+00 1.921488372e+00 
1.529327406e+00 1.528840970e+00 1.850604651e+00 
1.512160025e+00 1.635040431e+00 1.860093023e+00 
1.449008584e+00 1.610242588e+00 1.850604651e+00 
1.248722869e+00 1.456064690e+00 1.688744186e+00 
1.435315757e+00 1.546091644e+00 1.801488372e+00 
1.409360515e+00 1.552560647e+00 1.825860465e+00 
1.334763948e+00 1.334231806e+00 1.627348837e+00 
1.445125690e+00 1.498113208e+00 1.784372093e+00 
1.292049663e+00 1.365498652e+00 1.609674419e+00 
1.278050276e+00 1.355256065e+00 1.589395349e+00 
1.289393010e+00 1.543935310e+00 1.759627907e+00 
1.475985898e+00 1.649595687e+00 1.872372093e+00 
1.286940527e+00 1.378436658e+00 1.627348837e+00 
1.357040466e+00 1.476010782e+00 1.754976744e+00 
1.747087676e+00 1.742857143e+00 1.933767442e+00 
1.400367872e+00 1.244204852e+00 1.491534884e+00 
1.290619252e+00 1.312668464e+00 1.560558140e+00 
1.274269160e+00 1.274393531e+00 1.552930233e+00 
1.354587983e+00 1.397304582e+00 1.648558140e+00 
1.418965665e+00 1.508355795e+00 1.793860465e+00 
1.253218884e+00 1.331536388e+00 1.577674419e+00 
1.339259963e+00 1.455525606e+00 1.698232558e+00 
1.268240343e+00 1.401617251e+00 1.688744186e+00 
1.247700797e+00 1.338544474e+00 1.560558140e+00 
1.338442673e+00 1.259838275e+00 1.491534884e+00 
1.366646229e+00 1.431266846e+00 1.722976744e+00 
1.271305947e+00 1.363342318e+00 1.606511628e+00 
1.218475169e+00 1.415633423e+00 1.631441860e+00 
1.131412017e+00 1.274932615e+00 1.552930233e+00 
1.111792152e+00 1.184366577e+00 1.375069767e+00 
1.302268547e+00 1.320754717e+00 1.577674419e+00 
1.078479460e+00 1.185444744e+00 1.346232558e+00 
1.206825874e+00 1.083557951e+00 1.239255814e+00 
1.055487431e+00 1.220485175e+00 1.323162791e+00 
1.226445739e+00 1.156334232e+00 1.346232558e+00 
1.256284488e+00 1.123450135e+00 1.346232558e+00 
1.078479460e+00 1.197843666e+00 1.482046512e+00 
1.049049663e+00 1.107277628e+00 1.304186047e+00 
1.050275904e+00 1.131536388e+00 1.313674419e+00 
1.054057020e+00 1.221024259e+00 1.375069767e+00 
1.226445739e+00 1.174123989e+00 1.417116279e+00 
1.354587983e+00 1.397843666e+00 1.648558140e+00 
1.049049663e+00 1.094878706e+00 1.168372093e+00 
1.023707541e+00 1.119676550e+00 1.177860465e+00 
1.023707541e+00 1.132075472e+00 1.313674419e+00 
1.161863887e+00 1.167654987e+00 1.323162791e+00 
1.000000000e+00 1.073854447e+00 1.000000000e+00 
1.020846107e+00 1.040970350e+00 1.135813953e+00 
1.110565910e+00 1.000000000e+00 1.000000000e+00 
1.020846107e+00 1.028571429e+00 1.000000000e+00 
1.079705702e+00 1.031266846e+00 1.177860465e+00 
1.110565910e+00 1.017789757e+00 1.070883721e+00 
1.000000000e+00 1.088409704e+00 1.061395349e+00 
1.073574494e+00 1.077088949e+00 1.145302326e+00 
1.079705702e+00 1.017250674e+00 1.000000000e+00 

1.985285101e+00 1.802156334e+00 1.933767442e+00 
1.218475169e+00 1.397843666e+00 1.560558140e+00 
1.599834457e+00 1.444204852e+00 1.776744186e+00 
1.248313918e+00 1.393530997e+00 1.627348837e+00 
1.383200490e+00 1.345552561e+00 1.631441860e+00 
1.397915389e+00 1.256064690e+00 1.487813953e+00 
1.564071122e+00 1.343935310e+00 1.640930233e+00 
1.374820969e+00 1.499191375e+00 1.776744186e+00 
1.822808093e+00 1.788140162e+00 1.929116279e+00 
1.338442673e+00 1.259838275e+00 1.491534884e+00 
1.316370325e+00 1.389218329e+00 1.631441860e+00 
1.404046597e+00 1.367654987e+00 1.705860465e+00 
1.396076027e+00 1.401617251e+00 1.688744186e+00 
1.329245861e+00 1.567654987e+00 1.709953488e+00 
1.523809319e+00 1.659299191e+00 1.872372093e+00 
1.536071735e+00 1.552560647e+00 1.872372093e+00 
1.368076640e+00 1.518598383e+00 1.793860465e+00 
1.339259963e+00 1.454986523e+00 1.698232558e+00 
1.469037400e+00 1.267385445e+00 1.570046512e+00 
1.666358063e+00 1.844204852e+00 1.904372093e+00 
1.483752299e+00 1.446900270e+00 1.801488372e+00 
1.462906193e+00 1.312668464e+00 1.587162791e+00 
1.218475169e+00 1.415633423e+00 1.631441860e+00 
1.397302269e+00 1.387061995e+00 1.722976744e+00 
1.727774372e+00 1.811859838e+00 1.938604651e+00 
1.055487431e+00 1.220485175e+00 1.323162791e+00 
1.548743102e+00 1.346630728e+00 1.665674419e+00 
1.339668915e+00 1.391374663e+00 1.656186047e+00 
1.206825874e+00 1.083557951e+00 1.239255814e+00 
1.226445739e+00 1.174123989e+00 1.417116279e+00 
1.305538320e+00 1.465768194e+00 1.698232558e+00 
1.736358063e+00 1.756334232e+00 1.921488372e+00 
1.226445739e+00 1.156334232e+00 1.346232558e+00 
1.302268547e+00 1.320754717e+00 1.577674419e+00 
1.400367872e+00 1.244204852e+00 1.491534884e+00 
1.379112814e+00 1.468463612e+00 1.727069767e+00 
1.131412017e+00 1.274932615e+00 1.552930233e+00 
1.286940527e+00 1.378436658e+00 1.627348837e+00 
1.290619252e+00 1.312668464e+00 1.560558140e+00 
1.247700797e+00 1.338544474e+00 1.560558140e+00 
1.274269160e+00 1.274393531e+00 1.552930233e+00 
1.253218884e+00 1.331536388e+00 1.577674419e+00 
1.334763948e+00 1.334231806e+00 1.627348837e+00 
1.436746168e+00 1.464150943e+00 1.793860465e+00 
1.049049663e+00 1.094878706e+00 1.168372093e+00 
1.078479460e+00 1.185444744e+00 1.346232558e+00 
1.517371551e+00 1.689487871e+00 1.838139535e+00 
1.023707541e+00 1.119676550e+00 1.177860465e+00 
1.078479460e+00 1.197843666e+00 1.482046512e+00 
1.049049663e+00 1.107277628e+00 1.304186047e+00 
1.161863887e+00 1.167654987e+00 1.323162791e+00 
1.256284488e+00 1.123450135e+00 1.346232558e+00 
1.023707541e+00 1.132075472e+00 1.313674419e+00 
1.079705702e+00 1.017250674e+00 1.000000000e+00 
1.110565910e+00 1.000000000e+00 1.000000000e+00 
1.050275904e+00 1.131536388e+00 1.313674419e+00 
1.110565910e+00 1.017789757e+00 1.070883721e+00 
1.000000000e+00 1.088409704e+00 1.061395349e+00 
1.000000000e+00 1.073854447e+00 1.000000000e+00 
1.073574494e+00 1.077088949e+00 1.145302326e+00 
1.079705702e+00 1.031266846e+00 1.177860465e+00 
1.020846107e+00 1.028571429e+00 1.000000000e+00 
1.292662784e+00 1.408625337e+00 1.648558140e+00 
1.020846107e+00 1.040970350e+00 1.135813953e+00 

1.686695279e+00 1.661994609e+00 1.933767442e+00 
1.516247701e+00 1.604851752e+00 1.872372093e+00 
1.541079093e+00 1.671698113e+00 1.933767442e+00 
1.578172900e+00 1.524528302e+00 1.872372093e+00 
1.508583691e+00 1.514285714e+00 1.862883721e+00 
1.673206622e+00 1.423719677e+00 1.736558140e+00 
1.454629062e+00 1.530997305e+00 1.855255814e+00 
1.511649295e+00 1.672237197e+00 1.933767442e+00 
1.424586143e+00 1.531536388e+00 1.855255814e+00 
1.591863887e+00 1.705660377e+00 1.938604651e+00 
1.373390558e+00 1.498652291e+00 1.789209302e+00 
1.650723483e+00 1.705121294e+00 1.938604651e+00 
1.559675046e+00 1.631266846e+00 1.921488372e+00 
1.742691600e+00 1.624258760e+00 1.938604651e+00 
1.416615573e+00 1.595148248e+00 1.862883721e+00 
1.541796444e+00 1.631805930e+00 1.921488372e+00 
1.131412017e+00 1.274932615e+00 1.552930233e+00 
1.243408952e+00 1.334231806e+00 1.627348837e+00 
1.599834457e+00 1.444204852e+00 1.776744186e+00 
1.469037400e+00 1.444743935e+00 1.776744186e+00 
1.547106070e+00 1.552560647e+00 1.872372093e+00 
1.454322502e+00 1.501886792e+00 1.801488372e+00 
1.290619252e+00 1.312668464e+00 1.560558140e+00 
1.302268547e+00 1.320754717e+00 1.577674419e+00 
1.383200490e+00 1.345552561e+00 1.631441860e+00 
1.397302269e+00 1.387061995e+00 1.722976744e+00 
1.399754752e+00 1.464690027e+00 1.793860465e+00 
1.456774985e+00 1.605390836e+00 1.872372093e+00 
1.548743102e+00 1.346630728e+00 1.665674419e+00 
1.397915389e+00 1.256064690e+00 1.487813953e+00 
1.564071122e+00 1.343935310e+00 1.640930233e+00 
1.469037400e+00 1.267385445e+00 1.570046512e+00 
1.483752299e+00 1.447439353e+00 1.801488372e+00 
1.391784181e+00 1.528301887e+00 1.801488372e+00 
1.307582465e+00 1.381132075e+00 1.633116279e+00 
1.330165543e+00 1.454447439e+00 1.784372093e+00 
1.237993256e+00 1.478706199e+00 1.627348837e+00 
1.494788473e+00 1.363881402e+00 1.658046512e+00 
1.111792152e+00 1.184366577e+00 1.375069767e+00 
1.078479460e+00 1.185444744e+00 1.346232558e+00 
1.429797670e+00 1.464150943e+00 1.793860465e+00 
1.400367872e+00 1.313207547e+00 1.587162791e+00 
1.206825874e+00 1.083557951e+00 1.239255814e+00 
1.221132434e+00 1.321293801e+00 1.554604651e+00 
1.404046597e+00 1.367654987e+00 1.705860465e+00 
1.226445739e+00 1.174123989e+00 1.417116279e+00 
1.055487431e+00 1.220485175e+00 1.323162791e+00 
1.305334151e+00 1.387601078e+00 1.722976744e+00 
1.462906193e+00 1.312668464e+00 1.587162791e+00 
1.050275904e+00 1.131536388e+00 1.313674419e+00 
1.023707541e+00 1.119676550e+00 1.177860465e+00 
1.049049663e+00 1.107277628e+00 1.304186047e+00 
1.078479460e+00 1.197843666e+00 1.482046512e+00 
1.400367872e+00 1.244204852e+00 1.491534884e+00 
1.049049663e+00 1.094878706e+00 1.168372093e+00 
1.161863887e+00 1.167654987e+00 1.323162791e+00 
1.023707541e+00 1.132075472e+00 1.313674419e+00 
1.274269160e+00 1.274393531e+00 1.552930233e+00 
1.226445739e+00 1.156334232e+00 1.346232558e+00 
1.256284488e+00 1.123450135e+00 1.346232558e+00 
1.073574494e+00 1.077088949e+00 1.145302326e+00 
1.000000000e+00 1.088409704e+00 1.061395349e+00 
1.079705702e+00 1.031266846e+00 1.177860465e+00 
1.000000000e+00 1.073854447e+00 1.000000000e+00 
1.020846107e+00 1.040970350e+00 1.135813953e+00 
1.110565910e+00 1.000000000e+00 1.000000000e+00 
1.110565910e+00 1.017789757e+00 1.070883721e+00 
1.079705702e+00 1.017250674e+00 1.000000000e+00 
1.020846107e+00 1.028571429e+00 1.000000000e+00 

1.404046597e+00 1.367654987e+00 1.705860465e+00 
1.335377069e+00 1.467924528e+00 1.722976744e+00 
1.486817903e+00 1.523989218e+00 1.872372093e+00 
1.266911711e+00 1.387601078e+00 1.639069767e+00 
1.732985898e+00 1.694339623e+00 1.938604651e+00 
1.388105457e+00 1.630188679e+00 1.767255814e+00 
1.055487431e+00 1.220485175e+00 1.323162791e+00 
1.566725935e+00 1.690026954e+00 1.933767442e+00 
1.549251993e+00 1.796765499e+00 1.933767442e+00 
1.412630288e+00 1.582210243e+00 1.842976744e+00 
1.582875536e+00 1.660377358e+00 1.933767442e+00 
1.454322502e+00 1.501886792e+00 1.801488372e+00 
1.305538320e+00 1.465768194e+00 1.698232558e+00 
1.523298590e+00 1.523450135e+00 1.838139535e+00 
1.498977928e+00 1.738005391e+00 1.904372093e+00 
1.396076027e+00 1.401617251e+00 1.688744186e+00 
1.483752299e+00 1.447439353e+00 1.801488372e+00 
1.487328633e+00 1.763342318e+00 1.904372093e+00 
1.388105457e+00 1.647978437e+00 1.838139535e+00 
1.301655426e+00 1.533153639e+00 1.759627907e+00 
1.388514408e+00 1.579514825e+00 1.788465116e+00 
1.397302269e+00 1.387061995e+00 1.722976744e+00 
1.705291232e+00 1.608086253e+00 1.933767442e+00 
1.390148988e+00 1.468463612e+00 1.727069767e+00 
1.429797670e+00 1.464150943e+00 1.793860465e+00 
1.289393010e+00 1.526145553e+00 1.688744186e+00 
1.231350705e+00 1.390835580e+00 1.577674419e+00 
1.301655426e+00 1.515363881e+00 1.688744186e+00 
1.337727161e+00 1.522371968e+00 1.759627907e+00 
1.406396689e+00 1.637196765e+00 1.838139535e+00 
1.289393010e+00 1.529380054e+00 1.698232558e+00 
1.290619252e+00 1.312668464e+00 1.560558140e+00 
1.407112201e+00 1.444743935e+00 1.776744186e+00 
1.469037400e+00 1.267385445e+00 1.570046512e+00 
1.593500920e+00 1.344474394e+00 1.640930233e+00 
1.354587983e+00 1.397304582e+00 1.648558140e+00 
1.595542612e+00 1.634501348e+00 1.933767442e+00 
1.405885960e+00 1.522911051e+00 1.764465116e+00 
1.394849785e+00 1.552021563e+00 1.776744186e+00 
1.337829552e+00 1.411320755e+00 1.698232558e+00 
1.274269160e+00 1.274393531e+00 1.552930233e+00 
1.050275904e+00 1.131536388e+00 1.313674419e+00 
1.111792152e+00 1.184366577e+00 1.375069767e+00 
1.301655426e+00 1.518598383e+00 1.698232558e+00 
1.319231760e+00 1.464690027e+00 1.709953488e+00 
1.218475169e+00 1.415633423e+00 1.631441860e+00 
1.388105457e+00 1.633423181e+00 1.776744186e+00 
1.023707541e+00 1.132075472e+00 1.313674419e+00 
1.432863274e+00 1.310512129e+00 1.562418605e+00 
1.218475169e+00 1.397843666e+00 1.560558140e+00 
1.400367872e+00 1.244204852e+00 1.491534884e+00 
1.303698958e+00 1.408625337e+00 1.648558140e+00 
1.253218884e+00 1.331536388e+00 1.577674419e+00 
1.049049663e+00 1.094878706e+00 1.168372093e+00 
1.131412017e+00 1.274932615e+00 1.552930233e+00 
1.338442673e+00 1.259838275e+00 1.491534884e+00 
1.302268547e+00 1.320754717e+00 1.577674419e+00 
1.243408952e+00 1.334231806e+00 1.627348837e+00 
1.206825874e+00 1.083557951e+00 1.239255814e+00 
1.723482526e+00 1.785983827e+00 1.938604651e+00 
1.078479460e+00 1.185444744e+00 1.346232558e+00 
1.049049663e+00 1.107277628e+00 1.304186047e+00 
1.256284488e+00 1.123450135e+00 1.346232558e+00 
1.078479460e+00 1.197843666e+00 1.482046512e+00 
1.226445739e+00 1.156334232e+00 1.346232558e+00 
1.226445739e+00 1.174123989e+00 1.417116279e+00 
1.023707541e+00 1.119676550e+00 1.177860465e+00 
1.000000000e+00 1.073854447e+00 1.000000000e+00 
1.161863887e+00 1.167654987e+00 1.323162791e+00 
1.020846107e+00 1.028571429e+00 1.000000000e+00 
1.110565910e+00 1.017789757e+00 1.070883721e+00 
1.000000000e+00 1.088409704e+00 1.061395349e+00 
1.079705702e+00 1.031266846e+00 1.177860465e+00 
1.079705702e+00 1.017250674e+00 1.000000000e+00 
1.020846107e+00 1.040970350e+00 1.135813953e+00 
1.110565910e+00 1.000000000e+00 1.000000000e+00 
1.073574494e+00 1.077088949e+00 1.145302326e+00 

1.289393010e+00 1.528840970e+00 1.698232558e+00 
1.488044145e+00 1.453908356e+00 1.784372093e+00 
1.340690987e+00 1.590296496e+00 1.784372093e+00 
1.368076640e+00 1.518598383e+00 1.793860465e+00 
1.496014715e+00 1.501886792e+00 1.801488372e+00 
1.316370325e+00 1.389218329e+00 1.631441860e+00 
1.289393010e+00 1.543935310e+00 1.759627907e+00 
1.397302269e+00 1.387061995e+00 1.722976744e+00 
1.218475169e+00 1.397843666e+00 1.560558140e+00 
1.419987738e+00 1.446361186e+00 1.767255814e+00 
1.335172900e+00 1.570889488e+00 1.767255814e+00 
1.487635193e+00 1.499730458e+00 1.776744186e+00 
1.442877376e+00 1.522911051e+00 1.838139535e+00 
1.303698958e+00 1.408625337e+00 1.648558140e+00 
1.355201104e+00 1.397843666e+00 1.648558140e+00 
1.591048437e+00 1.750943396e+00 1.929116279e+00 
1.608418148e+00 1.523989218e+00 1.872372093e+00 
1.218475169e+00 1.415633423e+00 1.631441860e+00 
1.422440221e+00 1.623180593e+00 1.855255814e+00 
1.639484979e+00 1.413477089e+00 1.727069767e+00 
1.591863887e+00 1.545013477e+00 1.842976744e+00 
1.390353771e+00 1.603773585e+00 1.838139535e+00 
1.505824647e+00 1.368194070e+00 1.705860465e+00 
1.526670754e+00 1.491105121e+00 1.801488372e+00 
1.339873084e+00 1.455525606e+00 1.698232558e+00 
1.305538320e+00 1.465768194e+00 1.698232558e+00 
1.335377069e+00 1.467924528e+00 1.722976744e+00 
1.528714286e+00 1.444743935e+00 1.776744186e+00 
1.508481300e+00 1.344474394e+00 1.640930233e+00 
1.307582465e+00 1.412398922e+00 1.688744186e+00 
1.383200490e+00 1.345552561e+00 1.631441860e+00 
1.301655426e+00 1.533153639e+00 1.759627907e+00 
1.301655426e+00 1.518598383e+00 1.698232558e+00 
1.305334151e+00 1.372506739e+00 1.627348837e+00 
1.248722869e+00 1.456064690e+00 1.688744186e+00 
1.247700797e+00 1.338544474e+00 1.560558140e+00 
1.522583078e+00 1.490026954e+00 1.793860465e+00 
1.374207848e+00 1.411320755e+00 1.698232558e+00 
1.334763948e+00 1.334231806e+00 1.627348837e+00 
1.447680564e+00 1.622641509e+00 1.855255814e+00 
1.111792152e+00 1.184366577e+00 1.375069767e+00 
1.548743102e+00 1.346630728e+00 1.665674419e+00 
1.131412017e+00 1.274932615e+00 1.552930233e+00 
1.274269160e+00 1.274393531e+00 1.552930233e+00 
1.533006131e+00 1.575202156e+00 1.855255814e+00 
1.253218884e+00 1.331536388e+00 1.577674419e+00 
1.330472103e+00 1.488948787e+00 1.759627907e+00 
1.302268547e+00 1.320754717e+00 1.577674419e+00 
1.523196199e+00 1.635040431e+00 1.860093023e+00 
1.286940527e+00 1.378436658e+00 1.627348837e+00 
1.645003066e+00 1.490566038e+00 1.801488372e+00 
1.469037400e+00 1.267385445e+00 1.570046512e+00 
1.455548743e+00 1.380592992e+00 1.633116279e+00 
1.226445739e+00 1.156334232e+00 1.346232558e+00 
1.400367872e+00 1.244204852e+00 1.491534884e+00 
1.290619252e+00 1.312668464e+00 1.560558140e+00 
1.078479460e+00 1.197843666e+00 1.482046512e+00 
1.226445739e+00 1.174123989e+00 1.417116279e+00 
1.049049663e+00 1.107277628e+00 1.304186047e+00 
1.462906193e+00 1.312668464e+00 1.587162791e+00 
1.049049663e+00 1.094878706e+00 1.168372093e+00 
1.795217658e+00 1.823180593e+00 1.938604651e+00 
1.020846107e+00 1.040970350e+00 1.135813953e+00 
1.161863887e+00 1.167654987e+00 1.323162791e+00 
1.023707541e+00 1.132075472e+00 1.313674419e+00 
1.050275904e+00 1.131536388e+00 1.313674419e+00 
1.055487431e+00 1.220485175e+00 1.323162791e+00 
1.023707541e+00 1.119676550e+00 1.177860465e+00 
1.078479460e+00 1.185444744e+00 1.346232558e+00 
1.000000000e+00 1.073854447e+00 1.000000000e+00 
1.079705702e+00 1.031266846e+00 1.177860465e+00 
1.000000000e+00 1.088409704e+00 1.061395349e+00 
1.110565910e+00 1.000000000e+00 1.000000000e+00 
1.073574494e+00 1.077088949e+00 1.145302326e+00 
1.110565910e+00 1.017789757e+00 1.070883721e+00 
1.020846107e+00 1.028571429e+00 1.000000000e+00 
1.256284488e+00 1.123450135e+00 1.346232558e+00 
1.206825874e+00 1.083557951e+00 1.239255814e+00 
1.079705702e+00 1.017250674e+00 1.000000000e+00 

1.693439608e+00 1.552560647e+00 1.872372093e+00 
1.878602085e+00 1.615094340e+00 1.929116279e+00 
1.340690987e+00 1.590296496e+00 1.784372093e+00 
1.055487431e+00 1.220485175e+00 1.323162791e+00 
1.446556101e+00 1.585983827e+00 1.855255814e+00 
1.586756591e+00 1.363342318e+00 1.658046512e+00 
1.557529123e+00 1.711590296e+00 1.933767442e+00 
1.714285714e+00 1.530997305e+00 1.855255814e+00 
1.567339056e+00 1.578975741e+00 1.872372093e+00 
1.659717964e+00 1.546630728e+00 1.833488372e+00 
1.432863274e+00 1.310512129e+00 1.562418605e+00 
1.616388719e+00 1.667924528e+00 1.904372093e+00 
1.564071122e+00 1.343935310e+00 1.640930233e+00 
1.613323115e+00 1.556873315e+00 1.855255814e+00 
1.494788473e+00 1.363881402e+00 1.658046512e+00 
1.266503372e+00 1.548247978e+00 1.692837209e+00 
1.391784181e+00 1.528301887e+00 1.801488372e+00 
1.653789086e+00 1.667385445e+00 1.904372093e+00 
1.397302269e+00 1.387061995e+00 1.722976744e+00 
1.483752299e+00 1.446900270e+00 1.801488372e+00 
1.303698958e+00 1.408625337e+00 1.648558140e+00 
1.442264255e+00 1.612398922e+00 1.855255814e+00 
1.700386266e+00 1.649056604e+00 1.904372093e+00 
1.757204169e+00 1.640431267e+00 1.929116279e+00 
1.368076640e+00 1.518598383e+00 1.793860465e+00 
1.530349479e+00 1.792452830e+00 1.933767442e+00 
1.383200490e+00 1.345552561e+00 1.631441860e+00 
1.305334151e+00 1.387601078e+00 1.722976744e+00 
1.511955855e+00 1.580592992e+00 1.862883721e+00 
1.381361128e+00 1.678167116e+00 1.855255814e+00 
1.528714286e+00 1.444743935e+00 1.776744186e+00 
1.469037400e+00 1.267385445e+00 1.570046512e+00 
1.253218884e+00 1.331536388e+00 1.577674419e+00 
1.374820969e+00 1.499191375e+00 1.776744186e+00 
1.648270999e+00 1.705121294e+00 1.938604651e+00 
1.404046597e+00 1.367654987e+00 1.705860465e+00 
1.330472103e+00 1.488948787e+00 1.759627907e+00 
1.494788473e+00 1.445822102e+00 1.767255814e+00 
1.290619252e+00 1.312668464e+00 1.560558140e+00 
1.691600245e+00 1.522911051e+00 1.838139535e+00 
1.289393010e+00 1.529380054e+00 1.698232558e+00 
1.489679338e+00 1.704582210e+00 1.862883721e+00 
1.622317597e+00 1.547169811e+00 1.833488372e+00 
1.401798283e+00 1.577897574e+00 1.838139535e+00 
1.578988351e+00 1.556334232e+00 1.838139535e+00 
1.419987738e+00 1.446361186e+00 1.767255814e+00 
1.542611895e+00 1.781671159e+00 1.933767442e+00 
1.302268547e+00 1.320754717e+00 1.577674419e+00 
1.289393010e+00 1.543396226e+00 1.759627907e+00 
1.506846720e+00 1.639353100e+00 1.862883721e+00 
1.301655426e+00 1.518598383e+00 1.698232558e+00 
1.241569589e+00 1.443126685e+00 1.623813953e+00 
1.414060699e+00 1.567115903e+00 1.838139535e+00 
1.237277744e+00 1.423180593e+00 1.614325581e+00 
1.400367872e+00 1.244204852e+00 1.491534884e+00 
1.388105457e+00 1.647978437e+00 1.838139535e+00 
1.393623544e+00 1.667385445e+00 1.855255814e+00 
1.131412017e+00 1.274932615e+00 1.552930233e+00 
1.301655426e+00 1.533153639e+00 1.759627907e+00 
1.226445739e+00 1.156334232e+00 1.346232558e+00 
1.400367872e+00 1.313207547e+00 1.587162791e+00 
1.274269160e+00 1.274393531e+00 1.552930233e+00 
1.932250153e+00 1.890566038e+00 2.000000000e+00 
1.224402207e+00 1.433423181e+00 1.614325581e+00 
1.078479460e+00 1.197843666e+00 1.482046512e+00 
1.248722869e+00 1.456064690e+00 1.688744186e+00 
1.206825874e+00 1.083557951e+00 1.239255814e+00 
1.226445739e+00 1.174123989e+00 1.417116279e+00 
1.050275904e+00 1.131536388e+00 1.313674419e+00 
1.161863887e+00 1.167654987e+00 1.323162791e+00 
1.023707541e+00 1.119676550e+00 1.177860465e+00 
1.111792152e+00 1.184366577e+00 1.375069767e+00 
1.243408952e+00 1.334231806e+00 1.627348837e+00 
1.338442673e+00 1.259838275e+00 1.491534884e+00 
1.078479460e+00 1.185444744e+00 1.346232558e+00 
1.023707541e+00 1.132075472e+00 1.313674419e+00 
1.049049663e+00 1.094878706e+00 1.168372093e+00 
1.049049663e+00 1.107277628e+00 1.304186047e+00 
1.110565910e+00 1.017789757e+00 1.070883721e+00 
1.256284488e+00 1.123450135e+00 1.346232558e+00 
1.110565910e+00 1.000000000e+00 1.000000000e+00 
1.079705702e+00 1.017250674e+00 1.000000000e+00 
1.079705702e+00 1.031266846e+00 1.177860465e+00 
1.000000000e+00 1.073854447e+00 1.000000000e+00 
1.073574494e+00 1.077088949e+00 1.145302326e+00 
1.020846107e+00 1.040970350e+00 1.135813953e+00 
1.000000000e+00 1.088409704e+00 1.061395349e+00 
1.020846107e+00 1.028571429e+00 1.000000000e+00 
