1.222471043e+00 1.415213178e+00 1.647984117e+00 
1.401074413e+00 1.349321705e+00 1.581551619e+00 
1.460877268e+00 1.337209302e+00 1.635155773e+00 
1.206535326e+00 1.495155039e+00 1.688759927e+00 
1.654433365e+00 1.557655039e+00 1.873701894e+00 
1.480841633e+00 1.322189922e+00 1.658063531e+00 
1.414503238e+00 1.479651163e+00 1.783139890e+00 
1.507430706e+00 1.446220930e+00 1.730757483e+00 
1.435183628e+00 1.448158915e+00 1.779321930e+00 
1.307072640e+00 1.593023256e+00 1.783139890e+00 
1.573860416e+00 1.571220930e+00 1.873701894e+00 
1.143062105e+00 1.215600775e+00 1.405620037e+00 
1.282363602e+00 1.174903101e+00 1.378741600e+00 
1.362757679e+00 1.742732558e+00 1.873701894e+00 
1.325156970e+00 1.473837209e+00 1.779321930e+00 
1.499196151e+00 1.718992248e+00 1.873701894e+00 
1.361683373e+00 1.703972868e+00 1.869731216e+00 
1.139033458e+00 1.436046512e+00 1.644166158e+00 
1.249328693e+00 1.410368217e+00 1.594379963e+00 
1.620769987e+00 1.445736434e+00 1.752443494e+00 
1.266607293e+00 1.665697674e+00 1.783139890e+00 
1.239749644e+00 1.283430233e+00 1.544593769e+00 
1.540197038e+00 1.579941860e+00 1.819028711e+00 
1.193912230e+00 1.271317829e+00 1.494960293e+00 
1.495076187e+00 1.614825581e+00 1.869731216e+00 
1.550402945e+00 1.378391473e+00 1.661881491e+00 
1.161862460e+00 1.193798450e+00 1.404398290e+00 
1.352193491e+00 1.242248062e+00 1.469303604e+00 
1.647627637e+00 1.441860465e+00 1.752443494e+00 
1.556671521e+00 1.447674419e+00 1.779321930e+00 
1.703851441e+00 1.635174419e+00 1.905620037e+00 
1.242793153e+00 1.492248062e+00 1.688759927e+00 
1.271441670e+00 1.615794574e+00 1.734575443e+00 
1.272784553e+00 1.442829457e+00 1.688759927e+00 
1.550940098e+00 1.364825581e+00 1.661881491e+00 
1.585763727e+00 1.699127907e+00 1.878741600e+00 
1.701342936e+00 1.432170543e+00 1.752443494e+00 
1.273769154e+00 1.379360465e+00 1.688759927e+00 
1.597849669e+00 1.534883721e+00 1.865913256e+00 
1.156669802e+00 1.312984496e+00 1.513897373e+00 
1.095524065e+00 1.189437984e+00 1.363622480e+00 
1.322381500e+00 1.543604651e+00 1.783139890e+00 
1.396240036e+00 1.160852713e+00 1.378741600e+00 
1.275738894e+00 1.642441860e+00 1.779321930e+00 
1.510653624e+00 1.718507752e+00 1.873701894e+00 
1.353626078e+00 1.269864341e+00 1.496182040e+00 
1.330438795e+00 1.267926357e+00 1.450213806e+00 
1.129006423e+00 1.362887597e+00 1.526725718e+00 
1.131513316e+00 1.217538760e+00 1.404398290e+00 
1.362041117e+00 1.630813953e+00 1.865913256e+00 
1.317009970e+00 1.493701550e+00 1.734575443e+00 
1.175828438e+00 1.290697674e+00 1.553604154e+00 
1.787647307e+00 1.730135659e+00 1.913408674e+00 
1.205192443e+00 1.424903101e+00 1.640195480e+00 
1.242703985e+00 1.186046512e+00 1.382712279e+00 
1.094807503e+00 1.191860465e+00 1.306200367e+00 
1.316383113e+00 1.501453488e+00 1.738546121e+00 
1.258460294e+00 1.443313953e+00 1.688759927e+00 
1.389435920e+00 1.277616279e+00 1.567501527e+00 
1.256848835e+00 1.167635659e+00 1.374923641e+00 
1.355147833e+00 1.233042636e+00 1.522907758e+00 
1.535631238e+00 1.298449612e+00 1.658063531e+00 
1.653176427e+00 1.493701550e+00 1.839034820e+00 
1.703491548e+00 1.740310078e+00 1.905620037e+00 
1.683708203e+00 1.741279070e+00 1.960293219e+00 
1.377618554e+00 1.365310078e+00 1.600488699e+00 
1.312981323e+00 1.368217054e+00 1.607208308e+00 
1.332587407e+00 1.266472868e+00 1.454184484e+00 
1.556488889e+00 1.416666667e+00 1.748472816e+00 
1.605192551e+00 1.354651163e+00 1.661881491e+00 
1.147001048e+00 1.203972868e+00 1.409437996e+00 
1.548968747e+00 1.820251938e+00 1.909437996e+00 
1.335362876e+00 1.278585271e+00 1.503970678e+00 
1.239928516e+00 1.169089147e+00 1.373701894e+00 
1.094986912e+00 1.224321705e+00 1.413408674e+00 
1.523185403e+00 1.838662791e+00 1.878741600e+00 
1.362399398e+00 1.371124031e+00 1.658063531e+00 
1.143240977e+00 1.092054264e+00 1.283139890e+00 
1.401611566e+00 1.187984496e+00 1.427306048e+00 
1.410206014e+00 1.157945736e+00 1.423335370e+00 
1.032050308e+00 1.140503876e+00 1.211820403e+00 
1.444225525e+00 1.253875969e+00 1.567501527e+00 
1.105281987e+00 1.114341085e+00 1.269242517e+00 
1.492390422e+00 1.649709302e+00 1.869731216e+00 
1.335004595e+00 1.118701550e+00 1.374923641e+00 
1.182184569e+00 1.122577519e+00 1.292150275e+00 
1.129812152e+00 1.317829457e+00 1.567501527e+00 
1.065980651e+00 1.181201550e+00 1.292150275e+00 
1.073232216e+00 1.238372093e+00 1.432345754e+00 
1.158281261e+00 1.231104651e+00 1.423335370e+00 
1.491676009e+00 1.699612403e+00 1.869731216e+00 
1.806447662e+00 1.626453488e+00 1.878741600e+00 
1.051029534e+00 1.090600775e+00 1.147984117e+00 
1.101701325e+00 1.151647287e+00 1.288179597e+00 
1.183348580e+00 1.089631783e+00 1.238546121e+00 
1.263742119e+00 1.188468992e+00 1.432345754e+00 
1.283975061e+00 1.052325581e+00 1.234728161e+00 
1.032766333e+00 1.138081395e+00 1.269242517e+00 
1.032766333e+00 1.114341085e+00 1.147984117e+00 
1.086661041e+00 1.012596899e+00 1.147984117e+00 
1.000000000e+00 1.062984496e+00 1.121258400e+00 
1.086661041e+00 1.000000000e+00 1.000000000e+00 
1.062757733e+00 1.114341085e+00 1.215638363e+00 
1.000000000e+00 1.039244186e+00 1.000000000e+00 
1.382811212e+00 1.176841085e+00 1.382712279e+00 
1.118353067e+00 1.092538760e+00 1.288179597e+00 

1.181020558e+00 1.299903101e+00 1.553604154e+00 
1.164548225e+00 1.497093023e+00 1.779321930e+00 
1.116562199e+00 1.330910853e+00 1.500000000e+00 
1.692034075e+00 1.826550388e+00 1.913408674e+00 
1.607341163e+00 1.497093023e+00 1.820097740e+00 
1.323724383e+00 1.446220930e+00 1.752443494e+00 
1.229722609e+00 1.567829457e+00 1.865913256e+00 
1.627752976e+00 1.315891473e+00 1.654092853e+00 
1.175111876e+00 1.293120155e+00 1.496182040e+00 
1.433303593e+00 1.229166667e+00 1.469303604e+00 
1.489704657e+00 1.373062016e+00 1.697770312e+00 
1.390331354e+00 1.433139535e+00 1.744654856e+00 
1.107967751e+00 1.417635659e+00 1.644166158e+00 
1.612712692e+00 1.423934109e+00 1.779321930e+00 
1.440734030e+00 1.557170543e+00 1.873701894e+00 
1.130796754e+00 1.219961240e+00 1.346976176e+00 
1.306535487e+00 1.312015504e+00 1.567501527e+00 
1.249955551e+00 1.232558140e+00 1.432345754e+00 
1.418800462e+00 1.229166667e+00 1.461514966e+00 
1.107967751e+00 1.406976744e+00 1.553604154e+00 
1.717188949e+00 1.799418605e+00 1.960293219e+00 
1.683708203e+00 1.773255814e+00 1.909437996e+00 
1.396240036e+00 1.160852713e+00 1.378741600e+00 
1.107967751e+00 1.393895349e+00 1.522907758e+00 
1.239749644e+00 1.283430233e+00 1.544593769e+00 
1.306535487e+00 1.322674419e+00 1.658063531e+00 
1.444225525e+00 1.253875969e+00 1.567501527e+00 
1.682633897e+00 1.533430233e+00 1.873701894e+00 
1.305998334e+00 1.544089147e+00 1.825137447e+00 
1.156669802e+00 1.312984496e+00 1.513897373e+00 
1.271083389e+00 1.458333333e+00 1.658063531e+00 
1.275112037e+00 1.390019380e+00 1.604459377e+00 
1.350582032e+00 1.441375969e+00 1.698839340e+00 
1.584872053e+00 1.482558140e+00 1.779321930e+00 
1.782184462e+00 1.694282946e+00 1.960293219e+00 
1.249955551e+00 1.243217054e+00 1.522907758e+00 
1.176544463e+00 1.412790698e+00 1.590562004e+00 
1.094986912e+00 1.224321705e+00 1.413408674e+00 
1.291584908e+00 1.389534884e+00 1.617287721e+00 
1.602146893e+00 1.533914729e+00 1.873701894e+00 
1.208236489e+00 1.492732558e+00 1.730757483e+00 
1.215040606e+00 1.169573643e+00 1.378741600e+00 
1.478784337e+00 1.419089147e+00 1.703879047e+00 
1.435989358e+00 1.419089147e+00 1.688759927e+00 
1.311011583e+00 1.456395349e+00 1.744654856e+00 
1.775470049e+00 1.453003876e+00 1.865913256e+00 
1.338585794e+00 1.442344961e+00 1.688759927e+00 
1.369382387e+00 1.419573643e+00 1.688759927e+00 
1.600358174e+00 1.383720930e+00 1.744654856e+00 
1.371352127e+00 1.290697674e+00 1.553604154e+00 
1.110295773e+00 1.212209302e+00 1.308949297e+00 
1.515488001e+00 1.207364341e+00 1.510079414e+00 
1.447269571e+00 1.227228682e+00 1.518937080e+00 
1.508505012e+00 1.387112403e+00 1.725717776e+00 
1.094270350e+00 1.226744186e+00 1.355986561e+00 
1.483618714e+00 1.387596899e+00 1.730757483e+00 
1.131513316e+00 1.217538760e+00 1.404398290e+00 
1.129006423e+00 1.362887597e+00 1.526725718e+00 
1.428827497e+00 1.259689922e+00 1.544593769e+00 
1.129812152e+00 1.317829457e+00 1.567501527e+00 
1.233124399e+00 1.492248062e+00 1.725717776e+00 
1.382811212e+00 1.176841085e+00 1.382712279e+00 
1.584243584e+00 1.309108527e+00 1.596670739e+00 
1.247269786e+00 1.402616279e+00 1.654092853e+00 
1.158281261e+00 1.231104651e+00 1.423335370e+00 
1.158281261e+00 1.309108527e+00 1.518937080e+00 
1.333393136e+00 1.317829457e+00 1.604459377e+00 
1.276813200e+00 1.238372093e+00 1.469303604e+00 
1.308505227e+00 1.318313953e+00 1.609499084e+00 
1.271710247e+00 1.411337209e+00 1.661881491e+00 
1.335004595e+00 1.118701550e+00 1.374923641e+00 
1.183348580e+00 1.089631783e+00 1.238546121e+00 
1.913518368e+00 1.617248062e+00 1.878741600e+00 
1.131781892e+00 1.313468992e+00 1.518937080e+00 
1.401611566e+00 1.187984496e+00 1.427306048e+00 
1.263742119e+00 1.188468992e+00 1.432345754e+00 
1.780841579e+00 1.717538760e+00 1.960293219e+00 
1.410206014e+00 1.157945736e+00 1.423335370e+00 
1.065980651e+00 1.181201550e+00 1.292150275e+00 
1.213249738e+00 1.487887597e+00 1.688759927e+00 
1.161862460e+00 1.193798450e+00 1.404398290e+00 
1.062757733e+00 1.114341085e+00 1.215638363e+00 
1.242703985e+00 1.186046512e+00 1.382712279e+00 
1.105281987e+00 1.114341085e+00 1.269242517e+00 
1.136974013e+00 1.194282946e+00 1.409437996e+00 
1.143240977e+00 1.092054264e+00 1.283139890e+00 
1.239928516e+00 1.169089147e+00 1.373701894e+00 
1.032766333e+00 1.138081395e+00 1.269242517e+00 
1.137332294e+00 1.191860465e+00 1.359804520e+00 
1.101701325e+00 1.151647287e+00 1.288179597e+00 
1.032766333e+00 1.114341085e+00 1.147984117e+00 
1.051029534e+00 1.090600775e+00 1.147984117e+00 
1.182184569e+00 1.122577519e+00 1.292150275e+00 
1.073232216e+00 1.238372093e+00 1.432345754e+00 
1.714057348e+00 1.739825581e+00 1.913408674e+00 
1.118353067e+00 1.092538760e+00 1.288179597e+00 
1.283975061e+00 1.052325581e+00 1.234728161e+00 
1.000000000e+00 1.039244186e+00 1.000000000e+00 
1.000000000e+00 1.062984496e+00 1.121258400e+00 
1.032050308e+00 1.140503876e+00 1.211820403e+00 
1.086661041e+00 1.000000000e+00 1.000000000e+00 
1.086661041e+00 1.012596899e+00 1.147984117e+00 

1.239659939e+00 1.269379845e+00 1.496182040e+00 
1.605192551e+00 1.354651163e+00 1.661881491e+00 
1.287914004e+00 1.429263566e+00 1.688759927e+00 
1.198388863e+00 1.403100775e+00 1.644166158e+00 
1.386392411e+00 1.344961240e+00 1.644166158e+00 
1.358818199e+00 1.504360465e+00 1.730757483e+00 
1.347180242e+00 1.554263566e+00 1.775351252e+00 
1.245389750e+00 1.512112403e+00 1.728466707e+00 
1.353446669e+00 1.428779070e+00 1.688759927e+00 
1.209221091e+00 1.551356589e+00 1.730757483e+00 
1.282363602e+00 1.637112403e+00 1.815058033e+00 
1.363294832e+00 1.529554264e+00 1.783139890e+00 
1.290599769e+00 1.393410853e+00 1.644166158e+00 
1.580306252e+00 1.440891473e+00 1.775351252e+00 
1.350403160e+00 1.607558140e+00 1.865913256e+00 
1.258997447e+00 1.562984496e+00 1.775351252e+00 
1.242703985e+00 1.186046512e+00 1.382712279e+00 
1.504030527e+00 1.490310078e+00 1.783139890e+00 
1.433303593e+00 1.229166667e+00 1.469303604e+00 
1.307609793e+00 1.617248062e+00 1.865913256e+00 
1.466428207e+00 1.479166667e+00 1.693799633e+00 
1.215040606e+00 1.169573643e+00 1.378741600e+00 
1.592838032e+00 1.524709302e+00 1.873701894e+00 
1.458281207e+00 1.503875969e+00 1.783139890e+00 
1.487378785e+00 1.493217054e+00 1.734575443e+00 
1.249955551e+00 1.243217054e+00 1.522907758e+00 
1.448612453e+00 1.501937984e+00 1.701588271e+00 
1.199731746e+00 1.437984496e+00 1.688759927e+00 
1.274664588e+00 1.516472868e+00 1.734575443e+00 
1.257654564e+00 1.528100775e+00 1.730757483e+00 
1.407520249e+00 1.603682171e+00 1.822846671e+00 
1.371889280e+00 1.377906977e+00 1.607208308e+00 
1.456938325e+00 1.630329457e+00 1.873701894e+00 
1.841539867e+00 1.575096899e+00 1.913408674e+00 
1.528379673e+00 1.344476744e+00 1.609499084e+00 
1.132497917e+00 1.395833333e+00 1.567501527e+00 
1.169830050e+00 1.330910853e+00 1.472052535e+00 
1.573500524e+00 1.470445736e+00 1.783139890e+00 
1.544494262e+00 1.620639535e+00 1.873701894e+00 
1.335004595e+00 1.118701550e+00 1.374923641e+00 
1.094270350e+00 1.226744186e+00 1.355986561e+00 
1.535631238e+00 1.605135659e+00 1.869731216e+00 
1.239928516e+00 1.169089147e+00 1.373701894e+00 
1.535362662e+00 1.454457364e+00 1.703879047e+00 
1.158281261e+00 1.231104651e+00 1.423335370e+00 
1.415935825e+00 1.379360465e+00 1.688759927e+00 
1.533214050e+00 1.469476744e+00 1.728466707e+00 
1.701342936e+00 1.432170543e+00 1.752443494e+00 
1.444225525e+00 1.253875969e+00 1.567501527e+00 
1.405729918e+00 1.379844961e+00 1.688759927e+00 
1.274127435e+00 1.401162791e+00 1.647984117e+00 
1.641718954e+00 1.419089147e+00 1.701588271e+00 
1.131692188e+00 1.464631783e+00 1.647984117e+00 
1.438943699e+00 1.680232558e+00 1.913408674e+00 
1.789436027e+00 1.506782946e+00 1.784361637e+00 
1.538048426e+00 1.579941860e+00 1.822846671e+00 
1.241181694e+00 1.390503876e+00 1.593310935e+00 
1.273410873e+00 1.433624031e+00 1.647984117e+00 
1.587466502e+00 1.606589147e+00 1.873701894e+00 
1.340823574e+00 1.588178295e+00 1.779321930e+00 
1.535631238e+00 1.462209302e+00 1.725565058e+00 
1.384422671e+00 1.654554264e+00 1.869731216e+00 
1.653176427e+00 1.679263566e+00 1.878741600e+00 
1.110295773e+00 1.212209302e+00 1.308949297e+00 
1.141092365e+00 1.410852713e+00 1.640195480e+00 
1.439928301e+00 1.311531008e+00 1.567501527e+00 
1.335989197e+00 1.592538760e+00 1.779321930e+00 
1.131513316e+00 1.217538760e+00 1.404398290e+00 
1.256848835e+00 1.167635659e+00 1.374923641e+00 
1.556671521e+00 1.447674419e+00 1.779321930e+00 
1.687376958e+00 1.432655039e+00 1.744654856e+00 
1.550940098e+00 1.364825581e+00 1.661881491e+00 
1.147627906e+00 1.350290698e+00 1.567501527e+00 
1.156938378e+00 1.447674419e+00 1.688759927e+00 
1.075917981e+00 1.340116279e+00 1.553604154e+00 
1.461772702e+00 1.493217054e+00 1.693799633e+00 
1.175828438e+00 1.290697674e+00 1.553604154e+00 
1.161862460e+00 1.193798450e+00 1.404398290e+00 
1.239749644e+00 1.283430233e+00 1.544593769e+00 
1.260519201e+00 1.387596899e+00 1.586591326e+00 
1.199910618e+00 1.290213178e+00 1.553604154e+00 
1.550402945e+00 1.378391473e+00 1.661881491e+00 
1.355147833e+00 1.233042636e+00 1.522907758e+00 
1.535631238e+00 1.298449612e+00 1.658063531e+00 
1.149955389e+00 1.426356589e+00 1.644166158e+00 
1.183348580e+00 1.089631783e+00 1.238546121e+00 
1.188720109e+00 1.327519380e+00 1.567501527e+00 
1.401611566e+00 1.187984496e+00 1.427306048e+00 
1.143240977e+00 1.092054264e+00 1.283139890e+00 
1.283975061e+00 1.052325581e+00 1.234728161e+00 
1.382811212e+00 1.176841085e+00 1.382712279e+00 
1.309042380e+00 1.327034884e+00 1.567501527e+00 
1.410206014e+00 1.157945736e+00 1.423335370e+00 
1.032050308e+00 1.140503876e+00 1.211820403e+00 
1.447269571e+00 1.227228682e+00 1.518937080e+00 
1.101701325e+00 1.151647287e+00 1.288179597e+00 
1.094986912e+00 1.224321705e+00 1.413408674e+00 
1.065980651e+00 1.181201550e+00 1.292150275e+00 
1.723726101e+00 1.685077519e+00 1.960293219e+00 
1.136974013e+00 1.194282946e+00 1.409437996e+00 
1.032766333e+00 1.114341085e+00 1.147984117e+00 
1.263742119e+00 1.188468992e+00 1.432345754e+00 
1.000000000e+00 1.062984496e+00 1.121258400e+00 
1.051029534e+00 1.090600775e+00 1.147984117e+00 
1.073232216e+00 1.238372093e+00 1.432345754e+00 
1.396240036e+00 1.160852713e+00 1.378741600e+00 
1.062757733e+00 1.114341085e+00 1.215638363e+00 
1.182184569e+00 1.122577519e+00 1.292150275e+00 
1.032766333e+00 1.138081395e+00 1.269242517e+00 
1.118353067e+00 1.092538760e+00 1.288179597e+00 
1.086661041e+00 1.000000000e+00 1.000000000e+00 
1.086661041e+00 1.012596899e+00 1.147984117e+00 
1.000000000e+00 1.039244186e+00 1.000000000e+00 
1.105281987e+00 1.114341085e+00 1.269242517e+00 

1.767144178e+00 1.631782946e+00 1.905620037e+00 
1.247180081e+00 1.364341085e+00 1.593310935e+00 
1.370993846e+00 1.489825581e+00 1.783139890e+00 
1.137332294e+00 1.191860465e+00 1.359804520e+00 
1.233124399e+00 1.492248062e+00 1.725717776e+00 
1.622381446e+00 1.644864341e+00 1.960293219e+00 
1.289078014e+00 1.534883721e+00 1.865913256e+00 
1.605192551e+00 1.354651163e+00 1.661881491e+00 
1.199910618e+00 1.290213178e+00 1.553604154e+00 
1.272426272e+00 1.344476744e+00 1.644166158e+00 
1.701342936e+00 1.432170543e+00 1.752443494e+00 
1.451387923e+00 1.668120155e+00 1.960293219e+00 
1.273769154e+00 1.379360465e+00 1.688759927e+00 
1.297762167e+00 1.469961240e+00 1.728466707e+00 
1.338585794e+00 1.481104651e+00 1.775351252e+00 
1.306266910e+00 1.433139535e+00 1.744654856e+00 
1.295882131e+00 1.632267442e+00 1.905620037e+00 
1.304028594e+00 1.548449612e+00 1.873701894e+00 
1.094807503e+00 1.191860465e+00 1.306200367e+00 
1.215398350e+00 1.391472868e+00 1.647984117e+00 
1.249955551e+00 1.243217054e+00 1.522907758e+00 
1.887197872e+00 1.630813953e+00 1.878741600e+00 
1.567951734e+00 1.531007752e+00 1.819028711e+00 
1.687376958e+00 1.432655039e+00 1.744654856e+00 
1.294002096e+00 1.668604651e+00 1.960293219e+00 
1.129812152e+00 1.317829457e+00 1.567501527e+00 
1.396240036e+00 1.160852713e+00 1.378741600e+00 
1.239749644e+00 1.283430233e+00 1.544593769e+00 
1.249955551e+00 1.232558140e+00 1.432345754e+00 
1.272157695e+00 1.380813953e+00 1.658063531e+00 
1.444225525e+00 1.253875969e+00 1.567501527e+00 
1.535631238e+00 1.298449612e+00 1.658063531e+00 
1.136974013e+00 1.194282946e+00 1.409437996e+00 
1.075917981e+00 1.340116279e+00 1.553604154e+00 
1.132497917e+00 1.419573643e+00 1.688759927e+00 
1.213160571e+00 1.268410853e+00 1.449144777e+00 
1.164548225e+00 1.497093023e+00 1.779321930e+00 
1.094986912e+00 1.224321705e+00 1.413408674e+00 
1.398120072e+00 1.433624031e+00 1.779321930e+00 
1.107967751e+00 1.417635659e+00 1.644166158e+00 
1.094270350e+00 1.226744186e+00 1.355986561e+00 
1.173142673e+00 1.410368217e+00 1.635155773e+00 
1.161862460e+00 1.193798450e+00 1.404398290e+00 
1.587643762e+00 1.428779070e+00 1.697770312e+00 
1.229722609e+00 1.567829457e+00 1.865913256e+00 
1.175111876e+00 1.293120155e+00 1.496182040e+00 
1.156669802e+00 1.312984496e+00 1.513897373e+00 
1.382811212e+00 1.176841085e+00 1.382712279e+00 
1.256848835e+00 1.167635659e+00 1.374923641e+00 
1.480841633e+00 1.322189922e+00 1.658063531e+00 
1.753178200e+00 1.633236434e+00 1.913408674e+00 
1.175828438e+00 1.290697674e+00 1.553604154e+00 
1.355147833e+00 1.233042636e+00 1.522907758e+00 
1.242703985e+00 1.186046512e+00 1.382712279e+00 
1.352193491e+00 1.242248062e+00 1.469303604e+00 
1.073232216e+00 1.238372093e+00 1.432345754e+00 
1.735183575e+00 1.506782946e+00 1.784361637e+00 
1.231960925e+00 1.367732558e+00 1.644166158e+00 
1.130796754e+00 1.219961240e+00 1.346976176e+00 
1.131513316e+00 1.217538760e+00 1.404398290e+00 
1.410206014e+00 1.157945736e+00 1.423335370e+00 
1.335004595e+00 1.118701550e+00 1.374923641e+00 
1.401611566e+00 1.187984496e+00 1.427306048e+00 
1.032050308e+00 1.140503876e+00 1.211820403e+00 
1.357654726e+00 1.456879845e+00 1.779321930e+00 
1.764549729e+00 1.635658915e+00 1.960293219e+00 
1.065980651e+00 1.181201550e+00 1.292150275e+00 
1.239928516e+00 1.169089147e+00 1.373701894e+00 
1.283975061e+00 1.052325581e+00 1.234728161e+00 
1.693285641e+00 1.406007752e+00 1.693799633e+00 
1.032766333e+00 1.114341085e+00 1.147984117e+00 
1.306535487e+00 1.312015504e+00 1.567501527e+00 
1.032766333e+00 1.138081395e+00 1.269242517e+00 
1.711371583e+00 1.904069767e+00 2.000000000e+00 
1.158281261e+00 1.231104651e+00 1.423335370e+00 
1.182184569e+00 1.122577519e+00 1.292150275e+00 
1.215040606e+00 1.169573643e+00 1.378741600e+00 
1.389435920e+00 1.277616279e+00 1.567501527e+00 
1.143240977e+00 1.092054264e+00 1.283139890e+00 
1.263742119e+00 1.188468992e+00 1.432345754e+00 
1.051029534e+00 1.090600775e+00 1.147984117e+00 
1.183348580e+00 1.089631783e+00 1.238546121e+00 
1.062757733e+00 1.114341085e+00 1.215638363e+00 
1.000000000e+00 1.039244186e+00 1.000000000e+00 
1.118353067e+00 1.092538760e+00 1.288179597e+00 
1.086661041e+00 1.012596899e+00 1.147984117e+00 
1.101701325e+00 1.151647287e+00 1.288179597e+00 
1.105281987e+00 1.114341085e+00 1.269242517e+00 
1.000000000e+00 1.062984496e+00 1.121258400e+00 
1.086661041e+00 1.000000000e+00 1.000000000e+00 

1.565803122e+00 1.531976744e+00 1.869731216e+00 
1.235631292e+00 1.638565891e+00 1.734575443e+00 
1.192032195e+00 1.452034884e+00 1.688759927e+00 
1.287914004e+00 1.429263566e+00 1.688759927e+00 
1.638496036e+00 1.429263566e+00 1.693799633e+00 
1.774218483e+00 1.491763566e+00 1.815058033e+00 
1.116562199e+00 1.330910853e+00 1.500000000e+00 
1.363652576e+00 1.604651163e+00 1.869731216e+00 
1.555060062e+00 1.467538760e+00 1.775351252e+00 
1.141092365e+00 1.332848837e+00 1.544593769e+00 
1.273858859e+00 1.575096899e+00 1.734575443e+00 
1.355147833e+00 1.233042636e+00 1.522907758e+00 
1.131692188e+00 1.464631783e+00 1.647984117e+00 
1.452819973e+00 1.583333333e+00 1.825137447e+00 
1.390778802e+00 1.468023256e+00 1.738546121e+00 
1.613786998e+00 1.317829457e+00 1.604459377e+00 
1.352193491e+00 1.242248062e+00 1.469303604e+00 
1.621935609e+00 1.766957364e+00 1.960293219e+00 
1.149955389e+00 1.426356589e+00 1.644166158e+00 
1.389435920e+00 1.277616279e+00 1.567501527e+00 
1.282811051e+00 1.482073643e+00 1.738546121e+00 
1.131781892e+00 1.313468992e+00 1.518937080e+00 
1.215398350e+00 1.391472868e+00 1.647984117e+00 
1.241181694e+00 1.390503876e+00 1.593310935e+00 
1.171262637e+00 1.459302326e+00 1.647984117e+00 
1.448970734e+00 1.496124031e+00 1.779321930e+00 
1.249955551e+00 1.243217054e+00 1.522907758e+00 
1.605192551e+00 1.354651163e+00 1.661881491e+00 
1.510744940e+00 1.679263566e+00 1.873701894e+00 
1.213160571e+00 1.268410853e+00 1.449144777e+00 
1.344315068e+00 1.593023256e+00 1.825137447e+00 
1.173142673e+00 1.422965116e+00 1.593310935e+00 
1.247269786e+00 1.402616279e+00 1.654092853e+00 
1.147627906e+00 1.350290698e+00 1.567501527e+00 
1.073232216e+00 1.238372093e+00 1.432345754e+00 
1.746641048e+00 1.764050388e+00 1.960293219e+00 
1.566248959e+00 1.331395349e+00 1.658063531e+00 
1.291316331e+00 1.334786822e+00 1.644166158e+00 
1.425693747e+00 1.702519380e+00 1.873701894e+00 
1.602060949e+00 1.606104651e+00 1.873701894e+00 
1.485767326e+00 1.331879845e+00 1.658063531e+00 
1.273948026e+00 1.466569767e+00 1.734575443e+00 
1.418800462e+00 1.229166667e+00 1.461514966e+00 
1.583797747e+00 1.731589147e+00 1.905620037e+00 
1.075917981e+00 1.340116279e+00 1.553604154e+00 
1.242256000e+00 1.386627907e+00 1.594379963e+00 
1.447269571e+00 1.227228682e+00 1.518937080e+00 
1.289794039e+00 1.503391473e+00 1.783139890e+00 
1.256848835e+00 1.167635659e+00 1.374923641e+00 
1.271710247e+00 1.411337209e+00 1.661881491e+00 
1.247180081e+00 1.364341085e+00 1.593310935e+00 
1.497853268e+00 1.445251938e+00 1.730757483e+00 
1.946821854e+00 1.761143411e+00 1.909437996e+00 
1.564191663e+00 1.439437984e+00 1.734575443e+00 
1.094270350e+00 1.226744186e+00 1.355986561e+00 
1.752103894e+00 1.632267442e+00 1.905620037e+00 
1.094807503e+00 1.191860465e+00 1.306200367e+00 
1.272426272e+00 1.344476744e+00 1.644166158e+00 
1.565803122e+00 1.457364341e+00 1.775351252e+00 
1.444225525e+00 1.253875969e+00 1.567501527e+00 
1.462847008e+00 1.355620155e+00 1.688759927e+00 
1.531693907e+00 1.479651163e+00 1.783139890e+00 
1.095524065e+00 1.189437984e+00 1.363622480e+00 
1.468039666e+00 1.480620155e+00 1.775351252e+00 
1.603581092e+00 1.322189922e+00 1.658063531e+00 
1.242703985e+00 1.186046512e+00 1.382712279e+00 
1.132497917e+00 1.395833333e+00 1.567501527e+00 
1.515488001e+00 1.207364341e+00 1.510079414e+00 
1.646376070e+00 1.417635659e+00 1.775351252e+00 
1.382811212e+00 1.176841085e+00 1.382712279e+00 
1.175828438e+00 1.290697674e+00 1.553604154e+00 
1.465891054e+00 1.328972868e+00 1.640195480e+00 
1.433303593e+00 1.229166667e+00 1.469303604e+00 
1.062757733e+00 1.114341085e+00 1.215638363e+00 
1.325604418e+00 1.379360465e+00 1.688759927e+00 
1.174127274e+00 1.345930233e+00 1.567501527e+00 
1.263742119e+00 1.188468992e+00 1.432345754e+00 
1.032050308e+00 1.140503876e+00 1.211820403e+00 
1.180751982e+00 1.336240310e+00 1.567501527e+00 
1.136974013e+00 1.194282946e+00 1.409437996e+00 
1.199910618e+00 1.290213178e+00 1.553604154e+00 
1.215040606e+00 1.169573643e+00 1.378741600e+00 
1.239749644e+00 1.283430233e+00 1.544593769e+00 
1.094986912e+00 1.224321705e+00 1.413408674e+00 
1.239928516e+00 1.169089147e+00 1.373701894e+00 
1.183348580e+00 1.089631783e+00 1.238546121e+00 
1.158281261e+00 1.231104651e+00 1.423335370e+00 
1.105281987e+00 1.114341085e+00 1.269242517e+00 
1.396240036e+00 1.160852713e+00 1.378741600e+00 
1.161862460e+00 1.193798450e+00 1.404398290e+00 
1.140644917e+00 1.328972868e+00 1.522907758e+00 
1.131513316e+00 1.217538760e+00 1.404398290e+00 
1.428827497e+00 1.259689922e+00 1.544593769e+00 
1.401611566e+00 1.187984496e+00 1.427306048e+00 
1.283975061e+00 1.052325581e+00 1.234728161e+00 
1.032766333e+00 1.138081395e+00 1.269242517e+00 
1.101701325e+00 1.151647287e+00 1.288179597e+00 
1.335004595e+00 1.118701550e+00 1.374923641e+00 
1.169024321e+00 1.271802326e+00 1.500000000e+00 
1.051029534e+00 1.090600775e+00 1.147984117e+00 
1.118353067e+00 1.092538760e+00 1.288179597e+00 
1.065980651e+00 1.181201550e+00 1.292150275e+00 
1.000000000e+00 1.039244186e+00 1.000000000e+00 
1.182184569e+00 1.122577519e+00 1.292150275e+00 
1.000000000e+00 1.062984496e+00 1.121258400e+00 
1.032766333e+00 1.114341085e+00 1.147984117e+00 
1.410206014e+00 1.157945736e+00 1.423335370e+00 
1.086661041e+00 1.012596899e+00 1.147984117e+00 
1.143240977e+00 1.092054264e+00 1.283139890e+00 
1.086661041e+00 1.000000000e+00 1.000000000e+00 

1.931244417e+00 1.560077519e+00 1.878741600e+00 
1.569740453e+00 1.873546512e+00 2.000000000e+00 
1.811996453e+00 1.507751938e+00 1.815058033e+00 
1.808596274e+00 1.758720930e+00 2.000000000e+00 
1.340465830e+00 1.538275194e+00 1.783139890e+00 
1.522830882e+00 1.454941860e+00 1.738546121e+00 
1.312623042e+00 1.593023256e+00 1.873701894e+00 
1.395702883e+00 1.740794574e+00 1.960293219e+00 
1.696508559e+00 1.395833333e+00 1.701588271e+00 
1.215398350e+00 1.391472868e+00 1.647984117e+00 
1.156669802e+00 1.312984496e+00 1.513897373e+00 
1.256848835e+00 1.167635659e+00 1.374923641e+00 
1.554522909e+00 1.903585271e+00 2.000000000e+00 
1.116562199e+00 1.330910853e+00 1.500000000e+00 
1.497853268e+00 1.445251938e+00 1.730757483e+00 
1.428827497e+00 1.259689922e+00 1.544593769e+00 
1.572157642e+00 1.435077519e+00 1.697770312e+00 
1.311101287e+00 1.685562016e+00 1.822846671e+00 
1.421307355e+00 1.428294574e+00 1.688759927e+00 
1.585677782e+00 1.533914729e+00 1.873701894e+00 
1.512710920e+00 1.472868217e+00 1.779321930e+00 
1.205371852e+00 1.511627907e+00 1.734575443e+00 
1.373769315e+00 1.464147287e+00 1.703879047e+00 
1.434736180e+00 1.480135659e+00 1.783139890e+00 
1.131513316e+00 1.217538760e+00 1.404398290e+00 
1.129812152e+00 1.317829457e+00 1.567501527e+00 
1.610741341e+00 1.701065891e+00 1.960293219e+00 
1.633930236e+00 1.432170543e+00 1.752443494e+00 
1.630707318e+00 1.409883721e+00 1.744654856e+00 
1.776367095e+00 1.801356589e+00 2.000000000e+00 
1.095524065e+00 1.189437984e+00 1.363622480e+00 
1.738766385e+00 1.808624031e+00 2.000000000e+00 
1.770098519e+00 1.509689922e+00 1.839034820e+00 
1.424709145e+00 1.289244186e+00 1.526725718e+00 
1.708863078e+00 1.470445736e+00 1.783139890e+00 
1.859803069e+00 1.524224806e+00 1.873701894e+00 
1.605192551e+00 1.354651163e+00 1.661881491e+00 
1.793555990e+00 1.768895349e+00 2.000000000e+00 
1.075917981e+00 1.340116279e+00 1.553604154e+00 
1.131781892e+00 1.313468992e+00 1.518937080e+00 
1.544225686e+00 1.739341085e+00 1.913408674e+00 
1.242703985e+00 1.186046512e+00 1.382712279e+00 
1.675559593e+00 1.421996124e+00 1.752443494e+00 
1.542522911e+00 1.387596899e+00 1.661881491e+00 
1.369919540e+00 1.289728682e+00 1.526725718e+00 
1.198388863e+00 1.403100775e+00 1.644166158e+00 
1.451208514e+00 1.427325581e+00 1.661881491e+00 
1.565803122e+00 1.731104651e+00 1.960293219e+00 
1.193912230e+00 1.271317829e+00 1.494960293e+00 
1.231960925e+00 1.367732558e+00 1.644166158e+00 
1.598569454e+00 1.840600775e+00 2.000000000e+00 
1.258191717e+00 1.388565891e+00 1.654092853e+00 
1.683348311e+00 1.668604651e+00 1.960293219e+00 
1.385049528e+00 1.437015504e+00 1.661881491e+00 
1.199731746e+00 1.437984496e+00 1.688759927e+00 
1.842614173e+00 1.751937984e+00 2.000000000e+00 
1.649776249e+00 1.531492248e+00 1.819028711e+00 
1.480841633e+00 1.322189922e+00 1.658063531e+00 
1.742166564e+00 1.408914729e+00 1.744654856e+00 
1.291316331e+00 1.334786822e+00 1.644166158e+00 
1.221217865e+00 1.548449612e+00 1.783139890e+00 
1.521665260e+00 1.419089147e+00 1.688759927e+00 
1.161862460e+00 1.193798450e+00 1.404398290e+00 
1.212712585e+00 1.572189922e+00 1.783139890e+00 
1.248344092e+00 1.492248062e+00 1.779321930e+00 
1.444225525e+00 1.253875969e+00 1.567501527e+00 
1.756132541e+00 1.408430233e+00 1.752443494e+00 
1.239928516e+00 1.169089147e+00 1.373701894e+00 
1.169024321e+00 1.271802326e+00 1.500000000e+00 
1.239659939e+00 1.269379845e+00 1.496182040e+00 
1.535631238e+00 1.298449612e+00 1.658063531e+00 
1.141092365e+00 1.410852713e+00 1.640195480e+00 
1.107967751e+00 1.417635659e+00 1.644166158e+00 
1.680931122e+00 1.584786822e+00 1.913408674e+00 
1.249955551e+00 1.243217054e+00 1.522907758e+00 
1.156938378e+00 1.447674419e+00 1.688759927e+00 
1.554700169e+00 1.543120155e+00 1.839034820e+00 
1.256132810e+00 1.418120155e+00 1.658063531e+00 
1.270277660e+00 1.413759690e+00 1.658063531e+00 
1.410206014e+00 1.157945736e+00 1.423335370e+00 
1.335004595e+00 1.118701550e+00 1.374923641e+00 
1.197314557e+00 1.299418605e+00 1.526725718e+00 
1.355147833e+00 1.233042636e+00 1.522907758e+00 
1.158281261e+00 1.309108527e+00 1.518937080e+00 
1.306535487e+00 1.322674419e+00 1.658063531e+00 
1.215040606e+00 1.169573643e+00 1.378741600e+00 
1.062757733e+00 1.114341085e+00 1.215638363e+00 
1.396240036e+00 1.160852713e+00 1.378741600e+00 
1.401611566e+00 1.187984496e+00 1.427306048e+00 
1.100089866e+00 1.233527132e+00 1.378741600e+00 
1.065980651e+00 1.181201550e+00 1.292150275e+00 
1.283975061e+00 1.052325581e+00 1.234728161e+00 
1.051029534e+00 1.090600775e+00 1.147984117e+00 
1.158281261e+00 1.231104651e+00 1.423335370e+00 
1.263742119e+00 1.188468992e+00 1.432345754e+00 
1.101701325e+00 1.151647287e+00 1.288179597e+00 
1.032766333e+00 1.138081395e+00 1.269242517e+00 
1.536436968e+00 2.000000000e+00 2.000000000e+00 
1.552374297e+00 1.904069767e+00 2.000000000e+00 
1.182184569e+00 1.122577519e+00 1.292150275e+00 
1.105281987e+00 1.114341085e+00 1.269242517e+00 
1.032050308e+00 1.140503876e+00 1.211820403e+00 
1.094270350e+00 1.226744186e+00 1.355986561e+00 
1.143240977e+00 1.092054264e+00 1.283139890e+00 
1.073232216e+00 1.238372093e+00 1.432345754e+00 
1.136974013e+00 1.194282946e+00 1.409437996e+00 
1.200806052e+00 1.224321705e+00 1.413408674e+00 
1.199910618e+00 1.290213178e+00 1.553604154e+00 
1.118353067e+00 1.092538760e+00 1.288179597e+00 
1.183348580e+00 1.089631783e+00 1.238546121e+00 
1.000000000e+00 1.039244186e+00 1.000000000e+00 
1.382811212e+00 1.176841085e+00 1.382712279e+00 
1.086661041e+00 1.000000000e+00 1.000000000e+00 
1.032766333e+00 1.114341085e+00 1.147984117e+00 
1.000000000e+00 1.062984496e+00 1.121258400e+00 
1.086661041e+00 1.012596899e+00 1.147984117e+00 

1.720680444e+00 1.575096899e+00 1.865913256e+00 
1.423903416e+00 1.513081395e+00 1.783139890e+00 
1.273769154e+00 1.379360465e+00 1.688759927e+00 
1.180751982e+00 1.336240310e+00 1.567501527e+00 
1.205729596e+00 1.550872093e+00 1.738546121e+00 
1.272426272e+00 1.344476744e+00 1.644166158e+00 
1.276813200e+00 1.238372093e+00 1.469303604e+00 
1.198388863e+00 1.403100775e+00 1.644166158e+00 
1.506356400e+00 1.503391473e+00 1.783139890e+00 
1.132497917e+00 1.419573643e+00 1.688759927e+00 
1.424798850e+00 1.422965116e+00 1.730757483e+00 
1.215040606e+00 1.169573643e+00 1.378741600e+00 
1.141092365e+00 1.332848837e+00 1.544593769e+00 
1.254968799e+00 1.482558140e+00 1.779321930e+00 
1.196866572e+00 1.535368217e+00 1.734575443e+00 
1.535631238e+00 1.298449612e+00 1.658063531e+00 
1.446911290e+00 1.340116279e+00 1.590562004e+00 
1.398120072e+00 1.433624031e+00 1.779321930e+00 
1.270814813e+00 1.606589147e+00 1.873701894e+00 
1.353357502e+00 1.635658915e+00 1.960293219e+00 
1.586214935e+00 1.634205426e+00 1.913408674e+00 
1.261951788e+00 1.591085271e+00 1.869731216e+00 
1.175828438e+00 1.290697674e+00 1.553604154e+00 
1.396240036e+00 1.160852713e+00 1.378741600e+00 
1.248344092e+00 1.492248062e+00 1.779321930e+00 
1.227842573e+00 1.538759690e+00 1.783139890e+00 
1.319248287e+00 1.583333333e+00 1.873701894e+00 
1.312623042e+00 1.593023256e+00 1.873701894e+00 
1.156669802e+00 1.312984496e+00 1.513897373e+00 
1.136974013e+00 1.194282946e+00 1.409437996e+00 
1.619335789e+00 1.539728682e+00 1.788179597e+00 
1.212712585e+00 1.572189922e+00 1.783139890e+00 
1.296777028e+00 1.556201550e+00 1.825137447e+00 
1.417010131e+00 1.423934109e+00 1.779321930e+00 
1.095524065e+00 1.189437984e+00 1.363622480e+00 
1.239928516e+00 1.169089147e+00 1.373701894e+00 
1.205371852e+00 1.511627907e+00 1.734575443e+00 
1.249686974e+00 1.353682171e+00 1.609499084e+00 
1.233840961e+00 1.490310078e+00 1.775351252e+00 
1.221217865e+00 1.548449612e+00 1.783139890e+00 
1.272157695e+00 1.380813953e+00 1.658063531e+00 
1.116562199e+00 1.330910853e+00 1.500000000e+00 
1.239659939e+00 1.269379845e+00 1.496182040e+00 
1.697314289e+00 1.612887597e+00 1.960293219e+00 
1.451387923e+00 1.320736434e+00 1.590562004e+00 
1.433303593e+00 1.229166667e+00 1.469303604e+00 
1.382811212e+00 1.176841085e+00 1.382712279e+00 
1.073232216e+00 1.238372093e+00 1.432345754e+00 
1.640467388e+00 1.577519380e+00 1.869731216e+00 
1.296598156e+00 1.469476744e+00 1.730757483e+00 
1.805013464e+00 1.547965116e+00 1.873701894e+00 
1.615935610e+00 1.381782946e+00 1.703879047e+00 
1.249955551e+00 1.243217054e+00 1.522907758e+00 
1.199910618e+00 1.290213178e+00 1.553604154e+00 
1.355147833e+00 1.233042636e+00 1.522907758e+00 
1.410206014e+00 1.157945736e+00 1.423335370e+00 
1.242703985e+00 1.186046512e+00 1.382712279e+00 
1.141092365e+00 1.410852713e+00 1.640195480e+00 
1.480841633e+00 1.322189922e+00 1.658063531e+00 
1.075917981e+00 1.340116279e+00 1.553604154e+00 
1.689256994e+00 1.520348837e+00 1.839034820e+00 
1.094807503e+00 1.191860465e+00 1.306200367e+00 
1.158281261e+00 1.309108527e+00 1.518937080e+00 
1.444225525e+00 1.253875969e+00 1.567501527e+00 
1.062757733e+00 1.114341085e+00 1.215638363e+00 
1.167144285e+00 1.324612403e+00 1.522907758e+00 
1.094986912e+00 1.224321705e+00 1.413408674e+00 
1.131513316e+00 1.217538760e+00 1.404398290e+00 
1.265532987e+00 1.390503876e+00 1.658063531e+00 
1.158281261e+00 1.231104651e+00 1.423335370e+00 
1.776367095e+00 1.900193798e+00 2.000000000e+00 
1.032766333e+00 1.114341085e+00 1.147984117e+00 
1.161862460e+00 1.193798450e+00 1.404398290e+00 
1.401611566e+00 1.187984496e+00 1.427306048e+00 
1.389435920e+00 1.277616279e+00 1.567501527e+00 
1.065980651e+00 1.181201550e+00 1.292150275e+00 
1.101701325e+00 1.151647287e+00 1.288179597e+00 
1.143240977e+00 1.092054264e+00 1.283139890e+00 
1.174127274e+00 1.345930233e+00 1.567501527e+00 
1.182184569e+00 1.122577519e+00 1.292150275e+00 
1.263742119e+00 1.188468992e+00 1.432345754e+00 
1.032050308e+00 1.140503876e+00 1.211820403e+00 
1.105281987e+00 1.114341085e+00 1.269242517e+00 
1.032766333e+00 1.138081395e+00 1.269242517e+00 
1.183348580e+00 1.089631783e+00 1.238546121e+00 
1.051029534e+00 1.090600775e+00 1.147984117e+00 
1.283975061e+00 1.052325581e+00 1.234728161e+00 
1.335004595e+00 1.118701550e+00 1.374923641e+00 
1.256848835e+00 1.167635659e+00 1.374923641e+00 
1.118353067e+00 1.092538760e+00 1.288179597e+00 
1.000000000e+00 1.039244186e+00 1.000000000e+00 
1.000000000e+00 1.062984496e+00 1.121258400e+00 
1.086661041e+00 1.012596899e+00 1.147984117e+00 
1.086661041e+00 1.000000000e+00 1.000000000e+00 

1.483795974e+00 1.556686047e+00 1.839034820e+00 
1.323724383e+00 1.446220930e+00 1.752443494e+00 
1.405729918e+00 1.379844961e+00 1.688759927e+00 
1.256848835e+00 1.167635659e+00 1.374923641e+00 
1.444225525e+00 1.253875969e+00 1.567501527e+00 
1.546105721e+00 1.424418605e+00 1.779321930e+00 
1.141092365e+00 1.410852713e+00 1.640195480e+00 
1.524259709e+00 1.607558140e+00 1.865913256e+00 
1.558460240e+00 1.484011628e+00 1.784361637e+00 
1.489704657e+00 1.373062016e+00 1.697770312e+00 
1.272157695e+00 1.380813953e+00 1.658063531e+00 
1.390331354e+00 1.433139535e+00 1.744654856e+00 
1.540734191e+00 1.432655039e+00 1.752443494e+00 
1.164548225e+00 1.497093023e+00 1.779321930e+00 
1.455147994e+00 1.521317829e+00 1.822846671e+00 
1.175828438e+00 1.290697674e+00 1.553604154e+00 
1.249955551e+00 1.232558140e+00 1.432345754e+00 
1.355147833e+00 1.233042636e+00 1.522907758e+00 
1.239749644e+00 1.283430233e+00 1.544593769e+00 
1.214861197e+00 1.388565891e+00 1.654092853e+00 
1.158281261e+00 1.309108527e+00 1.518937080e+00 
1.433303593e+00 1.229166667e+00 1.469303604e+00 
1.357654726e+00 1.456879845e+00 1.779321930e+00 
1.305729757e+00 1.367732558e+00 1.617287721e+00 
1.306535487e+00 1.322674419e+00 1.658063531e+00 
1.273500578e+00 1.612887597e+00 1.822846671e+00 
1.095524065e+00 1.189437984e+00 1.363622480e+00 
1.306535487e+00 1.312015504e+00 1.567501527e+00 
1.440107710e+00 1.570736434e+00 1.822846671e+00 
1.396061165e+00 1.579941860e+00 1.822846671e+00 
1.116562199e+00 1.330910853e+00 1.500000000e+00 
1.300626804e+00 1.556686047e+00 1.819028711e+00 
1.094986912e+00 1.224321705e+00 1.413408674e+00 
1.094270350e+00 1.226744186e+00 1.355986561e+00 
1.613609738e+00 1.557170543e+00 1.873701894e+00 
1.413250060e+00 1.611434109e+00 1.873701894e+00 
1.401611566e+00 1.187984496e+00 1.427306048e+00 
1.215040606e+00 1.169573643e+00 1.378741600e+00 
1.297762167e+00 1.469961240e+00 1.728466707e+00 
1.410206014e+00 1.157945736e+00 1.423335370e+00 
1.239928516e+00 1.169089147e+00 1.373701894e+00 
1.828648195e+00 1.729166667e+00 1.878741600e+00 
1.173142673e+00 1.410368217e+00 1.635155773e+00 
1.094807503e+00 1.191860465e+00 1.306200367e+00 
1.389435920e+00 1.277616279e+00 1.567501527e+00 
1.131692188e+00 1.464631783e+00 1.647984117e+00 
1.169024321e+00 1.271802326e+00 1.500000000e+00 
1.515488001e+00 1.207364341e+00 1.510079414e+00 
1.198388863e+00 1.403100775e+00 1.644166158e+00 
1.065980651e+00 1.181201550e+00 1.292150275e+00 
1.271978823e+00 1.470930233e+00 1.783139890e+00 
1.193912230e+00 1.271317829e+00 1.494960293e+00 
1.158281261e+00 1.231104651e+00 1.423335370e+00 
1.418800462e+00 1.229166667e+00 1.461514966e+00 
1.075917981e+00 1.340116279e+00 1.553604154e+00 
1.156669802e+00 1.312984496e+00 1.513897373e+00 
1.227842573e+00 1.538759690e+00 1.783139890e+00 
1.249955551e+00 1.243217054e+00 1.522907758e+00 
1.073232216e+00 1.238372093e+00 1.432345754e+00 
1.263742119e+00 1.188468992e+00 1.432345754e+00 
1.276813200e+00 1.238372093e+00 1.469303604e+00 
1.473949960e+00 1.730135659e+00 1.913408674e+00 
1.129812152e+00 1.317829457e+00 1.567501527e+00 
1.183348580e+00 1.089631783e+00 1.238546121e+00 
1.382811212e+00 1.176841085e+00 1.382712279e+00 
1.118353067e+00 1.092538760e+00 1.288179597e+00 
1.132497917e+00 1.419573643e+00 1.688759927e+00 
1.062757733e+00 1.114341085e+00 1.215638363e+00 
1.161862460e+00 1.193798450e+00 1.404398290e+00 
1.182184569e+00 1.122577519e+00 1.292150275e+00 
1.131513316e+00 1.217538760e+00 1.404398290e+00 
1.105281987e+00 1.114341085e+00 1.269242517e+00 
1.335004595e+00 1.118701550e+00 1.374923641e+00 
1.032050308e+00 1.140503876e+00 1.211820403e+00 
1.032766333e+00 1.138081395e+00 1.269242517e+00 
1.032766333e+00 1.114341085e+00 1.147984117e+00 
1.143240977e+00 1.092054264e+00 1.283139890e+00 
1.131781892e+00 1.313468992e+00 1.518937080e+00 
1.101701325e+00 1.151647287e+00 1.288179597e+00 
1.051029534e+00 1.090600775e+00 1.147984117e+00 
1.136974013e+00 1.194282946e+00 1.409437996e+00 
1.242703985e+00 1.186046512e+00 1.382712279e+00 
1.000000000e+00 1.062984496e+00 1.121258400e+00 
1.283975061e+00 1.052325581e+00 1.234728161e+00 
1.000000000e+00 1.039244186e+00 1.000000000e+00 
1.086661041e+00 1.012596899e+00 1.147984117e+00 
1.086661041e+00 1.000000000e+00 1.000000000e+00 

1.198388863e+00 1.403100775e+00 1.644166158e+00 
1.640735964e+00 1.599806202e+00 1.905620037e+00 
1.295523850e+00 1.555232558e+00 1.779321930e+00 
1.507339390e+00 1.422965116e+00 1.730757483e+00 
1.433124721e+00 1.329457364e+00 1.598350641e+00 
1.386034130e+00 1.542151163e+00 1.869731216e+00 
1.376365376e+00 1.630329457e+00 1.873701894e+00 
1.197672301e+00 1.490310078e+00 1.775351252e+00 
1.175111876e+00 1.293120155e+00 1.496182040e+00 
1.300626804e+00 1.593023256e+00 1.783139890e+00 
1.694182687e+00 1.523740310e+00 1.873701894e+00 
1.623815645e+00 1.456395349e+00 1.783139890e+00 
1.325156970e+00 1.473837209e+00 1.779321930e+00 
1.158281261e+00 1.231104651e+00 1.423335370e+00 
1.360877644e+00 1.570251938e+00 1.825137447e+00 
1.336705759e+00 1.445251938e+00 1.738546121e+00 
1.355416409e+00 1.652131783e+00 1.825137447e+00 
1.677799521e+00 1.575096899e+00 1.913408674e+00 
1.847448550e+00 1.449612403e+00 1.792150275e+00 
1.418800462e+00 1.229166667e+00 1.461514966e+00 
1.264816425e+00 1.268410853e+00 1.449144777e+00 
1.471978608e+00 1.668604651e+00 1.960293219e+00 
1.136974013e+00 1.194282946e+00 1.409437996e+00 
1.740823681e+00 1.602713178e+00 1.960293219e+00 
1.132497917e+00 1.419573643e+00 1.688759927e+00 
1.590243583e+00 1.635174419e+00 1.960293219e+00 
1.207251888e+00 1.397286822e+00 1.584300550e+00 
1.515488001e+00 1.207364341e+00 1.510079414e+00 
1.245300046e+00 1.400678295e+00 1.647984117e+00 
1.239928516e+00 1.169089147e+00 1.373701894e+00 
1.411817473e+00 1.754844961e+00 1.960293219e+00 
1.530082448e+00 1.649224806e+00 1.960293219e+00 
1.282184730e+00 1.275678295e+00 1.507788638e+00 
1.268129048e+00 1.584786822e+00 1.779321930e+00 
1.239659939e+00 1.269379845e+00 1.496182040e+00 
1.131781892e+00 1.313468992e+00 1.518937080e+00 
1.466607078e+00 1.682170543e+00 1.960293219e+00 
1.335004595e+00 1.118701550e+00 1.374923641e+00 
1.158281261e+00 1.309108527e+00 1.518937080e+00 
1.247180081e+00 1.364341085e+00 1.593310935e+00 
1.414503238e+00 1.479651163e+00 1.783139890e+00 
1.505104833e+00 1.547480620e+00 1.873701894e+00 
1.242703985e+00 1.186046512e+00 1.382712279e+00 
1.605192551e+00 1.354651163e+00 1.661881491e+00 
1.282363602e+00 1.174903101e+00 1.378741600e+00 
1.505910563e+00 1.524224806e+00 1.873701894e+00 
1.289704872e+00 1.267926357e+00 1.444105070e+00 
1.272426272e+00 1.344476744e+00 1.644166158e+00 
1.463473865e+00 1.557655039e+00 1.873701894e+00 
1.600089597e+00 1.502422481e+00 1.865913256e+00 
1.389435920e+00 1.277616279e+00 1.567501527e+00 
1.355147833e+00 1.233042636e+00 1.522907758e+00 
1.535631238e+00 1.298449612e+00 1.658063531e+00 
1.382811212e+00 1.176841085e+00 1.382712279e+00 
1.396240036e+00 1.160852713e+00 1.378741600e+00 
1.554254332e+00 1.400193798e+00 1.779321930e+00 
1.362399398e+00 1.371124031e+00 1.658063531e+00 
1.365174867e+00 1.423934109e+00 1.779321930e+00 
1.444225525e+00 1.253875969e+00 1.567501527e+00 
1.387645589e+00 1.580910853e+00 1.873701894e+00 
1.175828438e+00 1.290697674e+00 1.553604154e+00 
1.065980651e+00 1.181201550e+00 1.292150275e+00 
1.616564079e+00 1.474806202e+00 1.819028711e+00 
1.401611566e+00 1.187984496e+00 1.427306048e+00 
1.094986912e+00 1.224321705e+00 1.413408674e+00 
1.073232216e+00 1.238372093e+00 1.432345754e+00 
1.428827497e+00 1.259689922e+00 1.544593769e+00 
1.032766333e+00 1.114341085e+00 1.147984117e+00 
1.183348580e+00 1.089631783e+00 1.238546121e+00 
1.101701325e+00 1.151647287e+00 1.288179597e+00 
1.256848835e+00 1.167635659e+00 1.374923641e+00 
1.410206014e+00 1.157945736e+00 1.423335370e+00 
1.161862460e+00 1.193798450e+00 1.404398290e+00 
1.129812152e+00 1.317829457e+00 1.567501527e+00 
1.462847008e+00 1.355620155e+00 1.688759927e+00 
1.095524065e+00 1.189437984e+00 1.363622480e+00 
1.315667088e+00 1.529554264e+00 1.779321930e+00 
1.182184569e+00 1.122577519e+00 1.292150275e+00 
1.075917981e+00 1.340116279e+00 1.553604154e+00 
1.283975061e+00 1.052325581e+00 1.234728161e+00 
1.143240977e+00 1.092054264e+00 1.283139890e+00 
1.131513316e+00 1.217538760e+00 1.404398290e+00 
1.239749644e+00 1.283430233e+00 1.544593769e+00 
1.105281987e+00 1.114341085e+00 1.269242517e+00 
1.118353067e+00 1.092538760e+00 1.288179597e+00 
1.273769154e+00 1.379360465e+00 1.688759927e+00 
1.051029534e+00 1.090600775e+00 1.147984117e+00 
1.263742119e+00 1.188468992e+00 1.432345754e+00 
1.094807503e+00 1.191860465e+00 1.306200367e+00 
1.032050308e+00 1.140503876e+00 1.211820403e+00 
1.032766333e+00 1.138081395e+00 1.269242517e+00 
1.000000000e+00 1.039244186e+00 1.000000000e+00 
1.086661041e+00 1.000000000e+00 1.000000000e+00 
1.062757733e+00 1.114341085e+00 1.215638363e+00 
1.000000000e+00 1.062984496e+00 1.121258400e+00 
1.086661041e+00 1.012596899e+00 1.147984117e+00 

1.433124721e+00 1.329457364e+00 1.598350641e+00 
1.282184730e+00 1.275678295e+00 1.507788638e+00 
1.464279595e+00 1.498062016e+00 1.819028711e+00 
1.239749644e+00 1.283430233e+00 1.544593769e+00 
1.335004595e+00 1.118701550e+00 1.374923641e+00 
1.424888017e+00 1.520348837e+00 1.825137447e+00 
1.686125392e+00 1.763081395e+00 1.909437996e+00 
1.535631238e+00 1.298449612e+00 1.658063531e+00 
1.214413749e+00 1.289244186e+00 1.445326817e+00 
1.270814813e+00 1.606589147e+00 1.873701894e+00 
1.198388863e+00 1.403100775e+00 1.644166158e+00 
1.296598156e+00 1.469476744e+00 1.730757483e+00 
1.247180081e+00 1.364341085e+00 1.593310935e+00 
1.264816425e+00 1.268410853e+00 1.449144777e+00 
1.176186182e+00 1.415213178e+00 1.640195480e+00 
1.574666146e+00 1.547480620e+00 1.873701894e+00 
1.175828438e+00 1.290697674e+00 1.553604154e+00 
1.256848835e+00 1.167635659e+00 1.374923641e+00 
1.366338341e+00 1.445251938e+00 1.738546121e+00 
1.242703985e+00 1.186046512e+00 1.382712279e+00 
1.398120072e+00 1.433624031e+00 1.779321930e+00 
1.300447932e+00 1.266957364e+00 1.500000000e+00 
1.136974013e+00 1.194282946e+00 1.409437996e+00 
1.678245358e+00 1.875484496e+00 1.913408674e+00 
1.306714359e+00 1.389050388e+00 1.688759927e+00 
1.701342936e+00 1.432170543e+00 1.752443494e+00 
1.631872940e+00 1.409399225e+00 1.725717776e+00 
1.362399398e+00 1.371124031e+00 1.658063531e+00 
1.550402945e+00 1.378391473e+00 1.661881491e+00 
1.325604418e+00 1.379360465e+00 1.688759927e+00 
1.131513316e+00 1.217538760e+00 1.404398290e+00 
1.272157695e+00 1.380813953e+00 1.658063531e+00 
1.549597216e+00 1.423934109e+00 1.744654856e+00 
1.094986912e+00 1.224321705e+00 1.413408674e+00 
1.131692188e+00 1.464631783e+00 1.647984117e+00 
1.271978823e+00 1.470930233e+00 1.783139890e+00 
1.444225525e+00 1.253875969e+00 1.567501527e+00 
1.215040606e+00 1.169573643e+00 1.378741600e+00 
1.129812152e+00 1.317829457e+00 1.567501527e+00 
1.075917981e+00 1.340116279e+00 1.553604154e+00 
1.132497917e+00 1.419573643e+00 1.688759927e+00 
1.095524065e+00 1.189437984e+00 1.363622480e+00 
1.451387923e+00 1.320736434e+00 1.590562004e+00 
1.539482625e+00 1.581879845e+00 1.869731216e+00 
1.389435920e+00 1.277616279e+00 1.567501527e+00 
1.206535326e+00 1.505813953e+00 1.779321930e+00 
1.401611566e+00 1.187984496e+00 1.427306048e+00 
1.183348580e+00 1.089631783e+00 1.238546121e+00 
1.161862460e+00 1.193798450e+00 1.404398290e+00 
1.239391363e+00 1.379360465e+00 1.654092853e+00 
1.395971460e+00 1.583333333e+00 1.820097740e+00 
1.156669802e+00 1.312984496e+00 1.513897373e+00 
1.480841633e+00 1.322189922e+00 1.658063531e+00 
1.073232216e+00 1.238372093e+00 1.432345754e+00 
1.611729702e+00 1.834302326e+00 1.909437996e+00 
1.410206014e+00 1.157945736e+00 1.423335370e+00 
1.239659939e+00 1.269379845e+00 1.496182040e+00 
1.444942087e+00 1.582848837e+00 1.873701894e+00 
1.143240977e+00 1.092054264e+00 1.283139890e+00 
1.158281261e+00 1.231104651e+00 1.423335370e+00 
1.396240036e+00 1.160852713e+00 1.378741600e+00 
1.105281987e+00 1.114341085e+00 1.269242517e+00 
1.272426272e+00 1.344476744e+00 1.644166158e+00 
1.283975061e+00 1.052325581e+00 1.234728161e+00 
1.355147833e+00 1.233042636e+00 1.522907758e+00 
1.101701325e+00 1.151647287e+00 1.288179597e+00 
1.382811212e+00 1.176841085e+00 1.382712279e+00 
1.032766333e+00 1.138081395e+00 1.269242517e+00 
1.051029534e+00 1.090600775e+00 1.147984117e+00 
1.062757733e+00 1.114341085e+00 1.215638363e+00 
1.032766333e+00 1.114341085e+00 1.147984117e+00 
1.032050308e+00 1.140503876e+00 1.211820403e+00 
1.118353067e+00 1.092538760e+00 1.288179597e+00 
1.263742119e+00 1.188468992e+00 1.432345754e+00 
1.065980651e+00 1.181201550e+00 1.292150275e+00 
1.000000000e+00 1.062984496e+00 1.121258400e+00 
1.182184569e+00 1.122577519e+00 1.292150275e+00 
1.086661041e+00 1.000000000e+00 1.000000000e+00 
1.086661041e+00 1.012596899e+00 1.147984117e+00 
1.000000000e+00 1.039244186e+00 1.000000000e+00 

1.421038779e+00 1.753875969e+00 1.905620037e+00 
1.197672301e+00 1.490310078e+00 1.775351252e+00 
1.273769154e+00 1.379360465e+00 1.688759927e+00 
1.533036789e+00 1.729166667e+00 1.913408674e+00 
1.599283868e+00 1.317829457e+00 1.596670739e+00 
1.132497917e+00 1.419573643e+00 1.688759927e+00 
1.254968799e+00 1.482558140e+00 1.779321930e+00 
1.603581092e+00 1.322189922e+00 1.658063531e+00 
1.129812152e+00 1.317829457e+00 1.567501527e+00 
1.608238208e+00 1.541666667e+00 1.869731216e+00 
1.566248959e+00 1.331395349e+00 1.658063531e+00 
1.249955551e+00 1.243217054e+00 1.522907758e+00 
1.268576496e+00 1.394379845e+00 1.644166158e+00 
1.580306252e+00 1.440891473e+00 1.775351252e+00 
1.418353014e+00 1.606104651e+00 1.819028711e+00 
1.451387923e+00 1.320736434e+00 1.590562004e+00 
1.256848835e+00 1.167635659e+00 1.374923641e+00 
1.447269571e+00 1.227228682e+00 1.518937080e+00 
1.136974013e+00 1.194282946e+00 1.409437996e+00 
1.346911666e+00 1.607073643e+00 1.873701894e+00 
1.463473865e+00 1.556201550e+00 1.819028711e+00 
1.304118298e+00 1.616763566e+00 1.873701894e+00 
1.550402945e+00 1.378391473e+00 1.661881491e+00 
1.468845395e+00 1.602228682e+00 1.873701894e+00 
1.131692188e+00 1.464631783e+00 1.647984117e+00 
1.524442341e+00 1.579457364e+00 1.825137447e+00 
1.533573942e+00 1.430717054e+00 1.728466707e+00 
1.417547284e+00 1.453003876e+00 1.734575443e+00 
1.201611781e+00 1.231104651e+00 1.423335370e+00 
1.198388863e+00 1.403100775e+00 1.644166158e+00 
1.516922199e+00 1.591569767e+00 1.869731216e+00 
1.799104781e+00 1.716569767e+00 1.913408674e+00 
1.524528286e+00 1.752906977e+00 1.913408674e+00 
1.547180027e+00 1.355620155e+00 1.654092853e+00 
1.613786998e+00 1.317344961e+00 1.604459377e+00 
1.776184463e+00 1.691375969e+00 1.905620037e+00 
1.094270350e+00 1.226744186e+00 1.355986561e+00 
1.570277606e+00 1.509205426e+00 1.865913256e+00 
1.444225525e+00 1.253875969e+00 1.567501527e+00 
1.352193491e+00 1.242248062e+00 1.469303604e+00 
1.278872108e+00 1.636627907e+00 1.822846671e+00 
1.196866572e+00 1.535368217e+00 1.734575443e+00 
1.515488001e+00 1.207364341e+00 1.510079414e+00 
1.550940098e+00 1.364825581e+00 1.661881491e+00 
1.212712585e+00 1.572189922e+00 1.783139890e+00 
1.241181694e+00 1.390503876e+00 1.593310935e+00 
1.666873829e+00 1.718023256e+00 1.960293219e+00 
1.556671521e+00 1.447674419e+00 1.779321930e+00 
1.242703985e+00 1.186046512e+00 1.382712279e+00 
1.199910618e+00 1.290213178e+00 1.553604154e+00 
1.141092365e+00 1.410852713e+00 1.640195480e+00 
1.396240036e+00 1.160852713e+00 1.378741600e+00 
1.239928516e+00 1.169089147e+00 1.373701894e+00 
1.075917981e+00 1.340116279e+00 1.553604154e+00 
1.131513316e+00 1.217538760e+00 1.404398290e+00 
1.137332294e+00 1.191860465e+00 1.359804520e+00 
1.335004595e+00 1.118701550e+00 1.374923641e+00 
1.382811212e+00 1.176841085e+00 1.382712279e+00 
1.221217865e+00 1.548449612e+00 1.783139890e+00 
1.807699229e+00 1.689922481e+00 1.878741600e+00 
1.643061837e+00 1.720930233e+00 1.905620037e+00 
1.333214264e+00 1.342054264e+00 1.647984117e+00 
1.094807503e+00 1.191860465e+00 1.306200367e+00 
1.393375400e+00 1.470445736e+00 1.728466707e+00 
1.263742119e+00 1.188468992e+00 1.432345754e+00 
1.248344092e+00 1.492248062e+00 1.779321930e+00 
1.239659939e+00 1.269379845e+00 1.496182040e+00 
1.110295773e+00 1.212209302e+00 1.308949297e+00 
1.065980651e+00 1.181201550e+00 1.292150275e+00 
1.422381661e+00 1.480620155e+00 1.783139890e+00 
1.233124399e+00 1.188468992e+00 1.308949297e+00 
1.283975061e+00 1.052325581e+00 1.234728161e+00 
1.239749644e+00 1.283430233e+00 1.544593769e+00 
1.094986912e+00 1.224321705e+00 1.413408674e+00 
1.073232216e+00 1.238372093e+00 1.432345754e+00 
1.213160571e+00 1.268410853e+00 1.449144777e+00 
1.118353067e+00 1.092538760e+00 1.288179597e+00 
1.161862460e+00 1.193798450e+00 1.404398290e+00 
1.182184569e+00 1.122577519e+00 1.292150275e+00 
1.105281987e+00 1.114341085e+00 1.269242517e+00 
1.183348580e+00 1.089631783e+00 1.238546121e+00 
1.207251888e+00 1.397286822e+00 1.584300550e+00 
1.032766333e+00 1.138081395e+00 1.269242517e+00 
1.486927576e+00 1.534883721e+00 1.812309102e+00 
1.175828438e+00 1.290697674e+00 1.553604154e+00 
1.101701325e+00 1.151647287e+00 1.288179597e+00 
1.051029534e+00 1.090600775e+00 1.147984117e+00 
1.000000000e+00 1.039244186e+00 1.000000000e+00 
1.062757733e+00 1.114341085e+00 1.215638363e+00 
1.401611566e+00 1.187984496e+00 1.427306048e+00 
1.143240977e+00 1.092054264e+00 1.283139890e+00 
1.433303593e+00 1.228682171e+00 1.469303604e+00 
1.032766333e+00 1.114341085e+00 1.147984117e+00 
1.086661041e+00 1.012596899e+00 1.147984117e+00 
1.410206014e+00 1.157945736e+00 1.423335370e+00 
1.086661041e+00 1.000000000e+00 1.000000000e+00 
1.000000000e+00 1.062984496e+00 1.121258400e+00 
1.032050308e+00 1.140503876e+00 1.211820403e+00 

1.273769154e+00 1.379360465e+00 1.688759927e+00 
1.695434253e+00 1.619186047e+00 1.909437996e+00 
1.596957995e+00 1.583333333e+00 1.873701894e+00 
1.330438795e+00 1.267926357e+00 1.450213806e+00 
1.430349252e+00 1.600775194e+00 1.869731216e+00 
1.337780065e+00 1.612403101e+00 1.822846671e+00 
1.582454864e+00 1.561046512e+00 1.865913256e+00 
1.212712585e+00 1.572189922e+00 1.783139890e+00 
1.645479025e+00 1.466085271e+00 1.748472816e+00 
1.298478192e+00 1.630329457e+00 1.873701894e+00 
1.606535433e+00 1.721414729e+00 1.913408674e+00 
1.468397409e+00 1.378875969e+00 1.654092853e+00 
1.577083334e+00 1.667635659e+00 1.909437996e+00 
1.163563086e+00 1.414244186e+00 1.567501527e+00 
1.454252560e+00 1.734496124e+00 1.913408674e+00 
1.435273333e+00 1.579941860e+00 1.819028711e+00 
1.403670474e+00 1.606589147e+00 1.873701894e+00 
1.205371852e+00 1.511627907e+00 1.734575443e+00 
1.075917981e+00 1.340116279e+00 1.553604154e+00 
1.494093197e+00 1.556686047e+00 1.819028711e+00 
1.273500578e+00 1.652131783e+00 1.825137447e+00 
1.399910403e+00 1.607073643e+00 1.865913256e+00 
1.529991132e+00 1.484496124e+00 1.783139890e+00 
1.214234877e+00 1.527131783e+00 1.738546121e+00 
1.540556931e+00 1.555232558e+00 1.792150275e+00 
1.239749644e+00 1.283430233e+00 1.544593769e+00 
1.221217865e+00 1.548449612e+00 1.783139890e+00 
1.424709145e+00 1.270833333e+00 1.510079414e+00 
1.205729596e+00 1.550872093e+00 1.738546121e+00 
1.478961597e+00 1.481104651e+00 1.775351252e+00 
1.214413749e+00 1.289244186e+00 1.445326817e+00 
1.073232216e+00 1.238372093e+00 1.432345754e+00 
1.156938378e+00 1.447674419e+00 1.688759927e+00 
1.143330682e+00 1.335271318e+00 1.472052535e+00 
1.131692188e+00 1.464631783e+00 1.647984117e+00 
1.550940098e+00 1.364825581e+00 1.661881491e+00 
1.242703985e+00 1.505813953e+00 1.779321930e+00 
1.633484399e+00 1.633720930e+00 1.913408674e+00 
1.451029642e+00 1.366763566e+00 1.617287721e+00 
1.369919540e+00 1.280038760e+00 1.510079414e+00 
1.550402945e+00 1.378391473e+00 1.661881491e+00 
1.149955389e+00 1.426356589e+00 1.644166158e+00 
1.156938378e+00 1.423934109e+00 1.567501527e+00 
1.163563086e+00 1.437984496e+00 1.688759927e+00 
1.258191717e+00 1.388565891e+00 1.654092853e+00 
1.639393082e+00 1.517441860e+00 1.815058033e+00 
1.454700008e+00 1.499031008e+00 1.748472816e+00 
1.094270350e+00 1.226744186e+00 1.355986561e+00 
1.547180027e+00 1.355620155e+00 1.654092853e+00 
1.242703985e+00 1.186046512e+00 1.382712279e+00 
1.615758350e+00 1.524224806e+00 1.819028711e+00 
1.267054742e+00 1.404069767e+00 1.658063531e+00 
1.433124721e+00 1.453972868e+00 1.703879047e+00 
1.382811212e+00 1.176841085e+00 1.382712279e+00 
1.526053800e+00 1.556201550e+00 1.825137447e+00 
1.285586520e+00 1.276162791e+00 1.465332926e+00 
1.700537207e+00 1.782461240e+00 2.000000000e+00 
1.606266857e+00 1.732073643e+00 1.960293219e+00 
1.174127274e+00 1.345930233e+00 1.567501527e+00 
1.583437854e+00 1.772286822e+00 1.960293219e+00 
1.547808496e+00 1.533430233e+00 1.819028711e+00 
1.525602592e+00 1.718992248e+00 1.909437996e+00 
1.175828438e+00 1.290697674e+00 1.553604154e+00 
1.688811157e+00 1.544089147e+00 1.865913256e+00 
1.415398672e+00 1.353197674e+00 1.609499084e+00 
1.508327751e+00 1.455426357e+00 1.730757483e+00 
1.270546236e+00 1.428779070e+00 1.688759927e+00 
1.444225525e+00 1.253875969e+00 1.567501527e+00 
1.239033082e+00 1.285852713e+00 1.487171655e+00 
1.201074628e+00 1.414728682e+00 1.635155773e+00 
1.496687646e+00 1.581879845e+00 1.869731216e+00 
1.176186182e+00 1.415213178e+00 1.640195480e+00 
1.131513316e+00 1.217538760e+00 1.404398290e+00 
1.514236434e+00 1.483042636e+00 1.779321930e+00 
1.396240036e+00 1.160852713e+00 1.378741600e+00 
1.239928516e+00 1.169089147e+00 1.373701894e+00 
1.263742119e+00 1.188468992e+00 1.432345754e+00 
1.401611566e+00 1.187984496e+00 1.427306048e+00 
1.440107710e+00 1.502422481e+00 1.734575443e+00 
1.456401172e+00 1.488856589e+00 1.728466707e+00 
1.144494155e+00 1.335271318e+00 1.500000000e+00 
1.337958937e+00 1.504360465e+00 1.783139890e+00 
1.094807503e+00 1.191860465e+00 1.306200367e+00 
1.032050308e+00 1.140503876e+00 1.211820403e+00 
1.335004595e+00 1.118701550e+00 1.374923641e+00 
1.410206014e+00 1.157945736e+00 1.423335370e+00 
1.437063664e+00 1.429263566e+00 1.701588271e+00 
1.428827497e+00 1.259689922e+00 1.544593769e+00 
1.188720109e+00 1.327519380e+00 1.567501527e+00 
1.464816748e+00 1.456395349e+00 1.728466707e+00 
1.158281261e+00 1.231104651e+00 1.423335370e+00 
1.283975061e+00 1.052325581e+00 1.234728161e+00 
1.520590954e+00 1.580910853e+00 1.822846671e+00 
1.094986912e+00 1.224321705e+00 1.413408674e+00 
1.095524065e+00 1.189437984e+00 1.363622480e+00 
1.143240977e+00 1.092054264e+00 1.283139890e+00 
1.371889280e+00 1.377906977e+00 1.607208308e+00 
1.032766333e+00 1.138081395e+00 1.269242517e+00 
1.051029534e+00 1.090600775e+00 1.147984117e+00 
1.182184569e+00 1.122577519e+00 1.292150275e+00 
1.136974013e+00 1.194282946e+00 1.409437996e+00 
1.215040606e+00 1.169573643e+00 1.378741600e+00 
1.631335787e+00 1.658914729e+00 1.909437996e+00 
1.610386820e+00 1.531976744e+00 1.792150275e+00 
1.032766333e+00 1.114341085e+00 1.147984117e+00 
1.427663487e+00 1.502422481e+00 1.701588271e+00 
1.118353067e+00 1.092538760e+00 1.288179597e+00 
1.161862460e+00 1.193798450e+00 1.404398290e+00 
1.065980651e+00 1.181201550e+00 1.292150275e+00 
1.062757733e+00 1.114341085e+00 1.215638363e+00 
1.398388648e+00 1.270348837e+00 1.473121564e+00 
1.183348580e+00 1.089631783e+00 1.238546121e+00 
1.101701325e+00 1.151647287e+00 1.288179597e+00 
1.086661041e+00 1.000000000e+00 1.000000000e+00 
1.105281987e+00 1.114341085e+00 1.269242517e+00 
1.086661041e+00 1.012596899e+00 1.147984117e+00 
1.000000000e+00 1.062984496e+00 1.121258400e+00 
1.000000000e+00 1.039244186e+00 1.000000000e+00 

1.433303593e+00 1.229166667e+00 1.469303604e+00 
1.691137029e+00 1.761627907e+00 1.909437996e+00 
1.282184730e+00 1.275678295e+00 1.507788638e+00 
1.623547068e+00 1.814437984e+00 1.960293219e+00 
1.094807503e+00 1.191860465e+00 1.306200367e+00 
1.447269571e+00 1.227228682e+00 1.518937080e+00 
1.422918814e+00 1.524709302e+00 1.873701894e+00 
1.549597216e+00 1.423934109e+00 1.744654856e+00 
1.342345865e+00 1.597383721e+00 1.873701894e+00 
1.510385047e+00 1.783914729e+00 1.905620037e+00 
1.272426272e+00 1.344476744e+00 1.644166158e+00 
1.398120072e+00 1.433624031e+00 1.779321930e+00 
1.335004595e+00 1.118701550e+00 1.374923641e+00 
1.546105721e+00 1.424418605e+00 1.779321930e+00 
1.181020558e+00 1.299903101e+00 1.553604154e+00 
1.335541748e+00 1.284399225e+00 1.513897373e+00 
1.382811212e+00 1.176841085e+00 1.382712279e+00 
1.527842520e+00 1.745155039e+00 1.905620037e+00 
1.325604418e+00 1.379360465e+00 1.688759927e+00 
1.239928516e+00 1.169089147e+00 1.373701894e+00 
1.362399398e+00 1.371124031e+00 1.658063531e+00 
1.306535487e+00 1.312015504e+00 1.567501527e+00 
1.215040606e+00 1.169573643e+00 1.378741600e+00 
1.408952836e+00 1.584302326e+00 1.865913256e+00 
1.305819462e+00 1.291666667e+00 1.522907758e+00 
1.256848835e+00 1.167635659e+00 1.374923641e+00 
1.396240036e+00 1.160852713e+00 1.378741600e+00 
1.297762167e+00 1.469961240e+00 1.728466707e+00 
1.271978823e+00 1.470930233e+00 1.783139890e+00 
1.444225525e+00 1.253875969e+00 1.567501527e+00 
1.569649137e+00 1.509205426e+00 1.869731216e+00 
1.169024321e+00 1.271802326e+00 1.500000000e+00 
1.428827497e+00 1.259689922e+00 1.544593769e+00 
1.355147833e+00 1.233042636e+00 1.522907758e+00 
1.272157695e+00 1.380813953e+00 1.658063531e+00 
1.161862460e+00 1.193798450e+00 1.404398290e+00 
1.129812152e+00 1.317829457e+00 1.567501527e+00 
1.332587407e+00 1.266472868e+00 1.454184484e+00 
1.132497917e+00 1.419573643e+00 1.688759927e+00 
1.641718954e+00 1.419573643e+00 1.701588271e+00 
1.480841633e+00 1.322189922e+00 1.658063531e+00 
1.131692188e+00 1.464631783e+00 1.647984117e+00 
1.410922039e+00 1.579941860e+00 1.825137447e+00 
1.131513316e+00 1.217538760e+00 1.404398290e+00 
1.481378786e+00 1.502422481e+00 1.865913256e+00 
1.270456532e+00 1.540697674e+00 1.697770312e+00 
1.214861197e+00 1.388565891e+00 1.654092853e+00 
1.480573056e+00 1.488372093e+00 1.825137447e+00 
1.756132541e+00 1.408430233e+00 1.752443494e+00 
1.242703985e+00 1.186046512e+00 1.382712279e+00 
1.136974013e+00 1.194282946e+00 1.409437996e+00 
1.095524065e+00 1.189437984e+00 1.363622480e+00 
1.605821020e+00 1.787306202e+00 1.909437996e+00 
1.389973073e+00 1.457848837e+00 1.775351252e+00 
1.101701325e+00 1.151647287e+00 1.288179597e+00 
1.183348580e+00 1.089631783e+00 1.238546121e+00 
1.306714359e+00 1.389050388e+00 1.688759927e+00 
1.300447932e+00 1.266957364e+00 1.500000000e+00 
1.105281987e+00 1.114341085e+00 1.269242517e+00 
1.830259654e+00 1.724806202e+00 1.909437996e+00 
1.401611566e+00 1.187984496e+00 1.427306048e+00 
1.283975061e+00 1.052325581e+00 1.234728161e+00 
1.032766333e+00 1.114341085e+00 1.147984117e+00 
1.075917981e+00 1.340116279e+00 1.553604154e+00 
1.073232216e+00 1.238372093e+00 1.432345754e+00 
1.389167343e+00 1.443798450e+00 1.734575443e+00 
1.410206014e+00 1.157945736e+00 1.423335370e+00 
1.158281261e+00 1.231104651e+00 1.423335370e+00 
1.051029534e+00 1.090600775e+00 1.147984117e+00 
1.369919540e+00 1.289728682e+00 1.526725718e+00 
1.065980651e+00 1.181201550e+00 1.292150275e+00 
1.094986912e+00 1.224321705e+00 1.413408674e+00 
1.118353067e+00 1.092538760e+00 1.288179597e+00 
1.389435920e+00 1.277616279e+00 1.567501527e+00 
1.158281261e+00 1.309108527e+00 1.518937080e+00 
1.263742119e+00 1.188468992e+00 1.432345754e+00 
1.094270350e+00 1.226744186e+00 1.355986561e+00 
1.143240977e+00 1.092054264e+00 1.283139890e+00 
1.062757733e+00 1.114341085e+00 1.215638363e+00 
1.032050308e+00 1.140503876e+00 1.211820403e+00 
1.032766333e+00 1.138081395e+00 1.269242517e+00 
1.550402945e+00 1.378391473e+00 1.661881491e+00 
1.182184569e+00 1.122577519e+00 1.292150275e+00 
1.086661041e+00 1.000000000e+00 1.000000000e+00 
1.000000000e+00 1.039244186e+00 1.000000000e+00 
1.000000000e+00 1.062984496e+00 1.121258400e+00 
1.086661041e+00 1.012596899e+00 1.147984117e+00 

1.107967751e+00 1.417635659e+00 1.644166158e+00 
1.284870495e+00 1.404554264e+00 1.658063531e+00 
1.676993791e+00 1.607073643e+00 1.873701894e+00 
1.462847008e+00 1.506298450e+00 1.779321930e+00 
1.584243584e+00 1.309108527e+00 1.596670739e+00 
1.573323264e+00 1.539728682e+00 1.865913256e+00 
1.514236434e+00 1.483042636e+00 1.779321930e+00 
1.181020558e+00 1.299903101e+00 1.553604154e+00 
1.222471043e+00 1.415213178e+00 1.647984117e+00 
1.324351240e+00 1.355135659e+00 1.658063531e+00 
1.502956221e+00 1.455426357e+00 1.752443494e+00 
1.130796754e+00 1.219961240e+00 1.346976176e+00 
1.426141732e+00 1.520833333e+00 1.779321930e+00 
1.554522909e+00 1.433624031e+00 1.744654856e+00 
1.515488001e+00 1.207364341e+00 1.510079414e+00 
1.150671414e+00 1.317829457e+00 1.449144777e+00 
1.157922980e+00 1.498546512e+00 1.688759927e+00 
1.441719169e+00 1.507267442e+00 1.775351252e+00 
1.615758350e+00 1.524224806e+00 1.819028711e+00 
1.094986912e+00 1.224321705e+00 1.413408674e+00 
1.288182580e+00 1.391957364e+00 1.640195480e+00 
1.550402945e+00 1.378391473e+00 1.661881491e+00 
1.361683373e+00 1.477713178e+00 1.703879047e+00 
1.418800462e+00 1.229166667e+00 1.461514966e+00 
1.352193491e+00 1.242248062e+00 1.469303604e+00 
1.428290344e+00 1.429263566e+00 1.688759927e+00 
1.490419071e+00 1.710271318e+00 2.000000000e+00 
1.480573056e+00 1.406007752e+00 1.703879047e+00 
1.433303593e+00 1.229166667e+00 1.469303604e+00 
1.193912230e+00 1.271317829e+00 1.494960293e+00 
1.458370912e+00 1.503391473e+00 1.728466707e+00 
1.485767326e+00 1.331879845e+00 1.658063531e+00 
1.329811937e+00 1.790697674e+00 1.869731216e+00 
1.237958776e+00 1.573158915e+00 1.730757483e+00 
1.386750155e+00 1.693798450e+00 1.873701894e+00 
1.244494316e+00 1.452034884e+00 1.661881491e+00 
1.143330682e+00 1.335271318e+00 1.472052535e+00 
1.401611566e+00 1.187984496e+00 1.427306048e+00 
1.275201741e+00 1.453003876e+00 1.688759927e+00 
1.410206014e+00 1.157945736e+00 1.423335370e+00 
1.283259036e+00 1.428779070e+00 1.654092853e+00 
1.309579533e+00 1.543604651e+00 1.783139890e+00 
1.267144446e+00 1.366763566e+00 1.617287721e+00 
1.388361614e+00 1.659399225e+00 1.960293219e+00 
1.444225525e+00 1.253875969e+00 1.567501527e+00 
1.423455967e+00 1.505813953e+00 1.744654856e+00 
1.094270350e+00 1.226744186e+00 1.355986561e+00 
1.309042380e+00 1.327034884e+00 1.567501527e+00 
1.331781677e+00 1.579941860e+00 1.825137447e+00 
1.355147833e+00 1.233042636e+00 1.522907758e+00 
1.520859531e+00 1.598837209e+00 1.865913256e+00 
1.249955551e+00 1.232558140e+00 1.432345754e+00 
1.437421945e+00 1.505329457e+00 1.752443494e+00 
1.282005321e+00 1.401647287e+00 1.640195480e+00 
1.433124721e+00 1.293604651e+00 1.562614539e+00 
1.464816748e+00 1.456395349e+00 1.728466707e+00 
1.335004595e+00 1.118701550e+00 1.374923641e+00 
1.361146220e+00 1.454941860e+00 1.697770312e+00 
1.356848996e+00 1.518895349e+00 1.752443494e+00 
1.249955551e+00 1.243217054e+00 1.522907758e+00 
1.225872833e+00 1.616763566e+00 1.783139890e+00 
1.382811212e+00 1.176841085e+00 1.382712279e+00 
1.136974013e+00 1.194282946e+00 1.409437996e+00 
1.287197979e+00 1.542635659e+00 1.728466707e+00 
1.242703985e+00 1.186046512e+00 1.382712279e+00 
1.249686974e+00 1.353682171e+00 1.609499084e+00 
1.215040606e+00 1.169573643e+00 1.378741600e+00 
1.158281261e+00 1.309108527e+00 1.518937080e+00 
1.286481954e+00 1.451550388e+00 1.661881491e+00 
1.404118459e+00 1.622093023e+00 1.869731216e+00 
1.239838811e+00 1.414244186e+00 1.647984117e+00 
1.363473704e+00 1.680717054e+00 1.869731216e+00 
1.032050308e+00 1.140503876e+00 1.211820403e+00 
1.239659939e+00 1.269379845e+00 1.496182040e+00 
1.263742119e+00 1.188468992e+00 1.432345754e+00 
1.359982209e+00 1.689922481e+00 1.869731216e+00 
1.062757733e+00 1.114341085e+00 1.215638363e+00 
1.143240977e+00 1.092054264e+00 1.283139890e+00 
1.640107495e+00 1.480620155e+00 1.775351252e+00 
1.338674962e+00 1.656976744e+00 1.865913256e+00 
1.075917981e+00 1.340116279e+00 1.553604154e+00 
1.170098627e+00 1.492248062e+00 1.688759927e+00 
1.032766333e+00 1.138081395e+00 1.269242517e+00 
1.264637553e+00 1.570736434e+00 1.775351252e+00 
1.131513316e+00 1.217538760e+00 1.404398290e+00 
1.183348580e+00 1.089631783e+00 1.238546121e+00 
1.198388863e+00 1.403100775e+00 1.644166158e+00 
1.182184569e+00 1.122577519e+00 1.292150275e+00 
1.396240036e+00 1.160852713e+00 1.378741600e+00 
1.065980651e+00 1.181201550e+00 1.292150275e+00 
1.422918814e+00 1.437500000e+00 1.661881491e+00 
1.283975061e+00 1.052325581e+00 1.234728161e+00 
1.110295773e+00 1.212209302e+00 1.308949297e+00 
1.651924861e+00 1.658430233e+00 1.905620037e+00 
1.137332294e+00 1.191860465e+00 1.359804520e+00 
1.073232216e+00 1.238372093e+00 1.432345754e+00 
1.051029534e+00 1.090600775e+00 1.147984117e+00 
1.158281261e+00 1.231104651e+00 1.423335370e+00 
1.032766333e+00 1.114341085e+00 1.147984117e+00 
1.105281987e+00 1.114341085e+00 1.269242517e+00 
1.188720109e+00 1.327519380e+00 1.567501527e+00 
1.086661041e+00 1.000000000e+00 1.000000000e+00 
1.101701325e+00 1.151647287e+00 1.288179597e+00 
1.086661041e+00 1.012596899e+00 1.147984117e+00 
1.118353067e+00 1.092538760e+00 1.288179597e+00 
1.000000000e+00 1.062984496e+00 1.121258400e+00 
1.000000000e+00 1.039244186e+00 1.000000000e+00 
1.161862460e+00 1.193798450e+00 1.404398290e+00 

1.370635565e+00 1.558624031e+00 1.865913256e+00 
1.433303593e+00 1.229166667e+00 1.469303604e+00 
1.513699281e+00 1.430717054e+00 1.783139890e+00 
1.550940098e+00 1.364825581e+00 1.661881491e+00 
1.274396012e+00 1.265988372e+00 1.522907758e+00 
1.589975006e+00 1.544573643e+00 1.865913256e+00 
1.239659939e+00 1.269379845e+00 1.496182040e+00 
1.247180081e+00 1.364341085e+00 1.593310935e+00 
1.332677111e+00 1.670542636e+00 1.873701894e+00 
1.239391363e+00 1.379360465e+00 1.654092853e+00 
1.455147994e+00 1.521317829e+00 1.822846671e+00 
1.352193491e+00 1.242248062e+00 1.469303604e+00 
1.652102121e+00 1.534399225e+00 1.865913256e+00 
1.242703985e+00 1.186046512e+00 1.382712279e+00 
1.710474537e+00 1.511627907e+00 1.865913256e+00 
1.622741339e+00 1.507267442e+00 1.819028711e+00 
1.273769154e+00 1.379360465e+00 1.688759927e+00 
1.448702158e+00 1.546996124e+00 1.819028711e+00 
1.724977668e+00 1.533914729e+00 1.873701894e+00 
1.793196098e+00 1.506298450e+00 1.792150275e+00 
1.156669802e+00 1.312984496e+00 1.513897373e+00 
1.227842573e+00 1.538759690e+00 1.783139890e+00 
1.380841472e+00 1.607073643e+00 1.873701894e+00 
1.494898927e+00 1.433139535e+00 1.779321930e+00 
1.256848835e+00 1.167635659e+00 1.374923641e+00 
1.306714359e+00 1.607558140e+00 1.865913256e+00 
1.550402945e+00 1.378391473e+00 1.661881491e+00 
1.271978823e+00 1.470930233e+00 1.783139890e+00 
1.131781892e+00 1.313468992e+00 1.518937080e+00 
1.329811937e+00 1.547480620e+00 1.819028711e+00 
1.386213002e+00 1.597383721e+00 1.873701894e+00 
1.173142673e+00 1.410368217e+00 1.635155773e+00 
1.702954395e+00 1.720445736e+00 1.913408674e+00 
1.306535487e+00 1.312015504e+00 1.567501527e+00 
1.247448658e+00 1.468992248e+00 1.738546121e+00 
1.193912230e+00 1.271317829e+00 1.494960293e+00 
1.207251888e+00 1.397286822e+00 1.584300550e+00 
1.267681599e+00 1.716085271e+00 1.825137447e+00 
1.642433368e+00 1.405038760e+00 1.697770312e+00 
1.231960925e+00 1.367732558e+00 1.644166158e+00 
1.169024321e+00 1.271802326e+00 1.500000000e+00 
1.525156755e+00 1.430232558e+00 1.728466707e+00 
1.213160571e+00 1.268410853e+00 1.449144777e+00 
1.158281261e+00 1.231104651e+00 1.423335370e+00 
1.396240036e+00 1.160852713e+00 1.378741600e+00 
1.129812152e+00 1.317829457e+00 1.567501527e+00 
1.132497917e+00 1.419573643e+00 1.688759927e+00 
1.647627637e+00 1.774224806e+00 1.960293219e+00 
1.263742119e+00 1.188468992e+00 1.432345754e+00 
1.163742495e+00 1.542151163e+00 1.738546121e+00 
1.382811212e+00 1.176841085e+00 1.382712279e+00 
1.672068098e+00 1.743217054e+00 1.913408674e+00 
1.447269571e+00 1.227228682e+00 1.518937080e+00 
1.131692188e+00 1.464631783e+00 1.647984117e+00 
1.469113972e+00 1.714631783e+00 1.909437996e+00 
1.164548225e+00 1.497093023e+00 1.779321930e+00 
1.073232216e+00 1.238372093e+00 1.432345754e+00 
1.136974013e+00 1.194282946e+00 1.409437996e+00 
1.101701325e+00 1.151647287e+00 1.288179597e+00 
1.249955551e+00 1.232558140e+00 1.432345754e+00 
1.075917981e+00 1.340116279e+00 1.553604154e+00 
1.239928516e+00 1.169089147e+00 1.373701894e+00 
1.116562199e+00 1.330910853e+00 1.500000000e+00 
1.306535487e+00 1.322674419e+00 1.658063531e+00 
1.175828438e+00 1.290697674e+00 1.553604154e+00 
1.752012578e+00 1.618217054e+00 1.909437996e+00 
1.107967751e+00 1.417635659e+00 1.644166158e+00 
1.444225525e+00 1.253875969e+00 1.567501527e+00 
1.183348580e+00 1.089631783e+00 1.238546121e+00 
1.239749644e+00 1.283430233e+00 1.544593769e+00 
1.410206014e+00 1.157945736e+00 1.423335370e+00 
1.094270350e+00 1.226744186e+00 1.355986561e+00 
1.215040606e+00 1.169573643e+00 1.378741600e+00 
1.424171992e+00 1.257267442e+00 1.510079414e+00 
1.065980651e+00 1.181201550e+00 1.292150275e+00 
1.335004595e+00 1.118701550e+00 1.374923641e+00 
1.161862460e+00 1.193798450e+00 1.404398290e+00 
1.360429658e+00 1.265503876e+00 1.522907758e+00 
1.032050308e+00 1.140503876e+00 1.211820403e+00 
1.095524065e+00 1.189437984e+00 1.363622480e+00 
1.105281987e+00 1.114341085e+00 1.269242517e+00 
1.283975061e+00 1.052325581e+00 1.234728161e+00 
1.062757733e+00 1.114341085e+00 1.215638363e+00 
1.420233049e+00 1.289728682e+00 1.548564447e+00 
1.094986912e+00 1.224321705e+00 1.413408674e+00 
1.118353067e+00 1.092538760e+00 1.288179597e+00 
1.051029534e+00 1.090600775e+00 1.147984117e+00 
1.401611566e+00 1.187984496e+00 1.427306048e+00 
1.032766333e+00 1.114341085e+00 1.147984117e+00 
1.032766333e+00 1.138081395e+00 1.269242517e+00 
1.086661041e+00 1.000000000e+00 1.000000000e+00 
1.182184569e+00 1.122577519e+00 1.292150275e+00 
1.000000000e+00 1.062984496e+00 1.121258400e+00 
1.094807503e+00 1.191860465e+00 1.306200367e+00 
1.086661041e+00 1.012596899e+00 1.147984117e+00 
1.143240977e+00 1.092054264e+00 1.283139890e+00 
1.131513316e+00 1.217538760e+00 1.404398290e+00 
1.000000000e+00 1.039244186e+00 1.000000000e+00 

1.232498078e+00 1.455426357e+00 1.730757483e+00 
1.447269571e+00 1.227228682e+00 1.518937080e+00 
1.396240036e+00 1.160852713e+00 1.378741600e+00 
1.643421729e+00 1.709786822e+00 2.000000000e+00 
1.257207116e+00 1.411821705e+00 1.654092853e+00 
1.627752976e+00 1.315891473e+00 1.654092853e+00 
1.541094084e+00 1.796027132e+00 2.000000000e+00 
1.851031361e+00 1.669573643e+00 2.000000000e+00 
1.584243584e+00 1.309108527e+00 1.596670739e+00 
1.335004595e+00 1.118701550e+00 1.374923641e+00 
1.571351912e+00 1.438953488e+00 1.721747098e+00 
1.325246137e+00 1.534883721e+00 1.865913256e+00 
1.661056462e+00 1.531007752e+00 1.873701894e+00 
1.485767326e+00 1.331879845e+00 1.658063531e+00 
1.609312514e+00 1.657461240e+00 1.913408674e+00 
1.369919540e+00 1.289728682e+00 1.526725718e+00 
1.550402945e+00 1.378391473e+00 1.661881491e+00 
1.420233049e+00 1.289728682e+00 1.548564447e+00 
1.169024321e+00 1.271802326e+00 1.500000000e+00 
1.551031414e+00 1.773255814e+00 2.000000000e+00 
1.289167719e+00 1.278585271e+00 1.503970678e+00 
1.632410093e+00 1.710271318e+00 2.000000000e+00 
1.427753191e+00 1.453003876e+00 1.734575443e+00 
1.346911666e+00 1.607073643e+00 1.873701894e+00 
1.381020881e+00 1.659399225e+00 1.960293219e+00 
1.539659885e+00 1.485465116e+00 1.748472816e+00 
1.094807503e+00 1.191860465e+00 1.306200367e+00 
1.241181694e+00 1.390503876e+00 1.593310935e+00 
1.309042380e+00 1.327034884e+00 1.567501527e+00 
1.325604418e+00 1.379360465e+00 1.688759927e+00 
1.298478192e+00 1.630329457e+00 1.873701894e+00 
1.131513316e+00 1.217538760e+00 1.404398290e+00 
1.423634839e+00 1.378875969e+00 1.654092853e+00 
1.569649137e+00 1.486434109e+00 1.783139890e+00 
1.428827497e+00 1.259689922e+00 1.544593769e+00 
1.483618714e+00 1.364825581e+00 1.644166158e+00 
1.095524065e+00 1.189437984e+00 1.363622480e+00 
1.188720109e+00 1.327519380e+00 1.567501527e+00 
1.196866572e+00 1.535368217e+00 1.734575443e+00 
1.199910618e+00 1.290213178e+00 1.553604154e+00 
1.640107495e+00 1.480620155e+00 1.775351252e+00 
1.603581092e+00 1.322189922e+00 1.658063531e+00 
1.780664319e+00 1.602228682e+00 1.909437996e+00 
1.289615167e+00 1.614825581e+00 1.869731216e+00 
1.766338448e+00 1.635658915e+00 1.960293219e+00 
1.444225525e+00 1.253875969e+00 1.567501527e+00 
1.507430706e+00 1.446220930e+00 1.730757483e+00 
1.073232216e+00 1.238372093e+00 1.432345754e+00 
1.726051974e+00 1.426356589e+00 1.748472816e+00 
1.158281261e+00 1.309108527e+00 1.518937080e+00 
1.374575045e+00 1.590600775e+00 1.869731216e+00 
1.162757357e+00 1.483042636e+00 1.647984117e+00 
1.722829056e+00 1.429263566e+00 1.701588271e+00 
1.550940098e+00 1.364825581e+00 1.661881491e+00 
1.330438795e+00 1.267926357e+00 1.450213806e+00 
1.399821235e+00 1.352228682e+00 1.640195480e+00 
1.141092365e+00 1.410852713e+00 1.640195480e+00 
1.175828438e+00 1.290697674e+00 1.553604154e+00 
1.242703985e+00 1.505813953e+00 1.779321930e+00 
1.382811212e+00 1.176841085e+00 1.382712279e+00 
1.171262637e+00 1.459302326e+00 1.647984117e+00 
1.613249845e+00 1.530523256e+00 1.788179597e+00 
1.424709145e+00 1.289244186e+00 1.526725718e+00 
1.209221091e+00 1.512112403e+00 1.728466707e+00 
1.613786998e+00 1.317829457e+00 1.604459377e+00 
1.521933837e+00 1.489341085e+00 1.748472816e+00 
1.356759292e+00 1.247093023e+00 1.510079414e+00 
1.131781892e+00 1.313468992e+00 1.518937080e+00 
1.149955389e+00 1.426356589e+00 1.644166158e+00 
1.158281261e+00 1.231104651e+00 1.423335370e+00 
1.274127435e+00 1.401162791e+00 1.647984117e+00 
1.287914004e+00 1.429263566e+00 1.688759927e+00 
1.075917981e+00 1.340116279e+00 1.553604154e+00 
1.101701325e+00 1.151647287e+00 1.288179597e+00 
1.242703985e+00 1.186046512e+00 1.382712279e+00 
1.032766333e+00 1.138081395e+00 1.269242517e+00 
1.182184569e+00 1.122577519e+00 1.292150275e+00 
1.256132810e+00 1.418120155e+00 1.658063531e+00 
1.305102900e+00 1.383236434e+00 1.584300550e+00 
1.065980651e+00 1.181201550e+00 1.292150275e+00 
1.032766333e+00 1.114341085e+00 1.147984117e+00 
1.233840961e+00 1.490310078e+00 1.775351252e+00 
1.183348580e+00 1.089631783e+00 1.238546121e+00 
1.255505952e+00 1.562500000e+00 1.783139890e+00 
1.401611566e+00 1.187984496e+00 1.427306048e+00 
1.215040606e+00 1.169573643e+00 1.378741600e+00 
1.143240977e+00 1.092054264e+00 1.283139890e+00 
1.410206014e+00 1.157945736e+00 1.423335370e+00 
1.147627906e+00 1.350290698e+00 1.567501527e+00 
1.199731746e+00 1.437984496e+00 1.688759927e+00 
1.161862460e+00 1.193798450e+00 1.404398290e+00 
1.094986912e+00 1.224321705e+00 1.413408674e+00 
1.283975061e+00 1.052325581e+00 1.234728161e+00 
1.263742119e+00 1.188468992e+00 1.432345754e+00 
1.051029534e+00 1.090600775e+00 1.147984117e+00 
1.136974013e+00 1.194282946e+00 1.409437996e+00 
1.105281987e+00 1.114341085e+00 1.269242517e+00 
1.306893768e+00 1.382751938e+00 1.640195480e+00 
1.032050308e+00 1.140503876e+00 1.211820403e+00 
1.118353067e+00 1.092538760e+00 1.288179597e+00 
1.062757733e+00 1.114341085e+00 1.215638363e+00 
1.376186504e+00 1.349806202e+00 1.586591326e+00 
1.086661041e+00 1.000000000e+00 1.000000000e+00 
1.000000000e+00 1.039244186e+00 1.000000000e+00 
1.086661041e+00 1.012596899e+00 1.147984117e+00 
1.000000000e+00 1.062984496e+00 1.121258400e+00 

1.428827497e+00 1.259689922e+00 1.544593769e+00 
1.342345865e+00 1.597383721e+00 1.873701894e+00 
1.504567680e+00 1.524224806e+00 1.873701894e+00 
1.131781892e+00 1.313468992e+00 1.518937080e+00 
1.422918814e+00 1.524709302e+00 1.873701894e+00 
1.356311843e+00 1.581879845e+00 1.869731216e+00 
1.455147994e+00 1.521317829e+00 1.822846671e+00 
1.418800462e+00 1.229166667e+00 1.461514966e+00 
1.215398350e+00 1.391472868e+00 1.647984117e+00 
1.532676897e+00 1.330910853e+00 1.604459377e+00 
1.682542581e+00 1.419573643e+00 1.691050703e+00 
1.271978823e+00 1.470930233e+00 1.783139890e+00 
1.419158743e+00 1.596899225e+00 1.873701894e+00 
1.396240036e+00 1.160852713e+00 1.378741600e+00 
1.073232216e+00 1.238372093e+00 1.432345754e+00 
1.258191717e+00 1.388565891e+00 1.654092853e+00 
1.433303593e+00 1.229166667e+00 1.469303604e+00 
1.371889280e+00 1.377906977e+00 1.607208308e+00 
1.517545297e+00 1.772771318e+00 1.913408674e+00 
1.664639272e+00 1.484496124e+00 1.873701894e+00 
1.365174867e+00 1.423934109e+00 1.779321930e+00 
1.468397409e+00 1.378875969e+00 1.654092853e+00 
1.247180081e+00 1.364341085e+00 1.593310935e+00 
1.297762167e+00 1.469961240e+00 1.728466707e+00 
1.213160571e+00 1.268410853e+00 1.449144777e+00 
1.075917981e+00 1.340116279e+00 1.553604154e+00 
1.095524065e+00 1.189437984e+00 1.363622480e+00 
1.535631238e+00 1.298449612e+00 1.658063531e+00 
1.272157695e+00 1.380813953e+00 1.658063531e+00 
1.132497917e+00 1.419573643e+00 1.688759927e+00 
1.094270350e+00 1.226744186e+00 1.355986561e+00 
1.175111876e+00 1.293120155e+00 1.496182040e+00 
1.843151326e+00 1.680232558e+00 1.878741600e+00 
1.703131656e+00 1.691375969e+00 1.909437996e+00 
1.199910618e+00 1.290213178e+00 1.553604154e+00 
1.094807503e+00 1.191860465e+00 1.306200367e+00 
1.520859531e+00 1.343507752e+00 1.617287721e+00 
1.491138856e+00 1.334302326e+00 1.584300550e+00 
1.389435920e+00 1.277616279e+00 1.567501527e+00 
1.256848835e+00 1.167635659e+00 1.374923641e+00 
1.094986912e+00 1.224321705e+00 1.413408674e+00 
1.401611566e+00 1.187984496e+00 1.427306048e+00 
1.386392411e+00 1.344961240e+00 1.644166158e+00 
1.131513316e+00 1.217538760e+00 1.404398290e+00 
1.239659939e+00 1.269379845e+00 1.496182040e+00 
1.515488001e+00 1.207364341e+00 1.510079414e+00 
1.273769154e+00 1.379360465e+00 1.688759927e+00 
1.065980651e+00 1.181201550e+00 1.292150275e+00 
1.239928516e+00 1.169089147e+00 1.373701894e+00 
1.136974013e+00 1.194282946e+00 1.409437996e+00 
1.242703985e+00 1.186046512e+00 1.382712279e+00 
1.207251888e+00 1.397286822e+00 1.584300550e+00 
1.239749644e+00 1.283430233e+00 1.544593769e+00 
1.410206014e+00 1.157945736e+00 1.423335370e+00 
1.175828438e+00 1.290697674e+00 1.553604154e+00 
1.355147833e+00 1.233042636e+00 1.522907758e+00 
1.263742119e+00 1.188468992e+00 1.432345754e+00 
1.032766333e+00 1.138081395e+00 1.269242517e+00 
1.215040606e+00 1.169573643e+00 1.378741600e+00 
1.444225525e+00 1.253875969e+00 1.567501527e+00 
1.158281261e+00 1.231104651e+00 1.423335370e+00 
1.249955551e+00 1.243217054e+00 1.522907758e+00 
1.183348580e+00 1.089631783e+00 1.238546121e+00 
1.143240977e+00 1.092054264e+00 1.283139890e+00 
1.101701325e+00 1.151647287e+00 1.288179597e+00 
1.182184569e+00 1.122577519e+00 1.292150275e+00 
1.062757733e+00 1.114341085e+00 1.215638363e+00 
1.118353067e+00 1.092538760e+00 1.288179597e+00 
1.129812152e+00 1.317829457e+00 1.567501527e+00 
1.032766333e+00 1.114341085e+00 1.147984117e+00 
1.105281987e+00 1.114341085e+00 1.269242517e+00 
1.335004595e+00 1.118701550e+00 1.374923641e+00 
1.382811212e+00 1.176841085e+00 1.382712279e+00 
1.032050308e+00 1.140503876e+00 1.211820403e+00 
1.620678671e+00 1.743701550e+00 1.913408674e+00 
1.161862460e+00 1.193798450e+00 1.404398290e+00 
1.086661041e+00 1.000000000e+00 1.000000000e+00 
1.051029534e+00 1.090600775e+00 1.147984117e+00 
1.086661041e+00 1.012596899e+00 1.147984117e+00 
1.283975061e+00 1.052325581e+00 1.234728161e+00 
1.000000000e+00 1.062984496e+00 1.121258400e+00 
1.000000000e+00 1.039244186e+00 1.000000000e+00 

1.233124399e+00 1.188468992e+00 1.308949297e+00 
1.649330412e+00 1.511627907e+00 1.865913256e+00 
1.598569454e+00 1.729651163e+00 1.878741600e+00 
1.356311843e+00 1.581879845e+00 1.869731216e+00 
1.433303593e+00 1.229166667e+00 1.469303604e+00 
1.455147994e+00 1.521317829e+00 1.822846671e+00 
1.418800462e+00 1.229166667e+00 1.461514966e+00 
1.175111876e+00 1.293120155e+00 1.496182040e+00 
1.158281261e+00 1.309108527e+00 1.518937080e+00 
1.239928516e+00 1.169089147e+00 1.373701894e+00 
1.131692188e+00 1.464631783e+00 1.647984117e+00 
1.233124399e+00 1.492248062e+00 1.725717776e+00 
1.618712691e+00 1.846414729e+00 1.909437996e+00 
1.760789658e+00 1.510658915e+00 1.865913256e+00 
1.472068313e+00 1.458817829e+00 1.738546121e+00 
1.282363602e+00 1.174903101e+00 1.378741600e+00 
1.131513316e+00 1.217538760e+00 1.404398290e+00 
1.315488216e+00 1.459786822e+00 1.730757483e+00 
1.207251888e+00 1.397286822e+00 1.584300550e+00 
1.396240036e+00 1.160852713e+00 1.378741600e+00 
1.239749644e+00 1.283430233e+00 1.544593769e+00 
1.473144230e+00 1.449127907e+00 1.725717776e+00 
1.094807503e+00 1.191860465e+00 1.306200367e+00 
1.422918814e+00 1.524709302e+00 1.873701894e+00 
1.605192551e+00 1.354651163e+00 1.661881491e+00 
1.697045712e+00 1.777131783e+00 1.913408674e+00 
1.624530058e+00 1.811046512e+00 1.909437996e+00 
1.272426272e+00 1.344476744e+00 1.644166158e+00 
1.371709871e+00 1.575096899e+00 1.865913256e+00 
1.443867781e+00 1.521802326e+00 1.822846671e+00 
1.292659213e+00 1.275193798e+00 1.517868051e+00 
1.335004595e+00 1.118701550e+00 1.374923641e+00 
1.299283921e+00 1.265503876e+00 1.517868051e+00 
1.504567680e+00 1.524224806e+00 1.873701894e+00 
1.694182687e+00 1.523740310e+00 1.873701894e+00 
1.682005428e+00 1.816375969e+00 1.913408674e+00 
1.682096744e+00 1.474321705e+00 1.819028711e+00 
1.306714359e+00 1.607558140e+00 1.865913256e+00 
1.313876757e+00 1.270348837e+00 1.522907758e+00 
1.380841472e+00 1.607073643e+00 1.873701894e+00 
1.173142673e+00 1.410368217e+00 1.635155773e+00 
1.324261535e+00 1.413275194e+00 1.688759927e+00 
1.497853268e+00 1.445251938e+00 1.730757483e+00 
1.329811937e+00 1.547480620e+00 1.819028711e+00 
1.306535487e+00 1.312015504e+00 1.567501527e+00 
1.415667249e+00 1.467538760e+00 1.733506414e+00 
1.332677111e+00 1.670542636e+00 1.873701894e+00 
1.289704872e+00 1.267926357e+00 1.444105070e+00 
1.271978823e+00 1.470930233e+00 1.783139890e+00 
1.193912230e+00 1.271317829e+00 1.494960293e+00 
1.386213002e+00 1.597383721e+00 1.873701894e+00 
1.247448658e+00 1.468992248e+00 1.738546121e+00 
1.164548225e+00 1.497093023e+00 1.779321930e+00 
1.129812152e+00 1.317829457e+00 1.567501527e+00 
1.283975061e+00 1.052325581e+00 1.234728161e+00 
1.325604418e+00 1.379360465e+00 1.688759927e+00 
1.256848835e+00 1.167635659e+00 1.374923641e+00 
1.215398350e+00 1.391472868e+00 1.647984117e+00 
1.269024482e+00 1.612403101e+00 1.783139890e+00 
1.648342050e+00 1.763081395e+00 1.909437996e+00 
1.389435920e+00 1.277616279e+00 1.567501527e+00 
1.163742495e+00 1.542151163e+00 1.738546121e+00 
1.094986912e+00 1.224321705e+00 1.413408674e+00 
1.382811212e+00 1.176841085e+00 1.382712279e+00 
1.304565747e+00 1.690406977e+00 1.865913256e+00 
1.161862460e+00 1.193798450e+00 1.404398290e+00 
1.291316331e+00 1.334786822e+00 1.644166158e+00 
1.554254332e+00 1.400193798e+00 1.779321930e+00 
1.355147833e+00 1.233042636e+00 1.522907758e+00 
1.181020558e+00 1.299903101e+00 1.553604154e+00 
1.428827497e+00 1.259689922e+00 1.544593769e+00 
1.137332294e+00 1.191860465e+00 1.359804520e+00 
1.116562199e+00 1.330910853e+00 1.500000000e+00 
1.132497917e+00 1.419573643e+00 1.688759927e+00 
1.062757733e+00 1.114341085e+00 1.215638363e+00 
1.032050308e+00 1.140503876e+00 1.211820403e+00 
1.242703985e+00 1.186046512e+00 1.382712279e+00 
1.535631238e+00 1.298449612e+00 1.658063531e+00 
1.183348580e+00 1.089631783e+00 1.238546121e+00 
1.075917981e+00 1.340116279e+00 1.553604154e+00 
1.239659939e+00 1.269379845e+00 1.496182040e+00 
1.444225525e+00 1.253875969e+00 1.567501527e+00 
1.410206014e+00 1.157945736e+00 1.423335370e+00 
1.094270350e+00 1.226744186e+00 1.355986561e+00 
1.107967751e+00 1.417635659e+00 1.644166158e+00 
1.136974013e+00 1.194282946e+00 1.409437996e+00 
1.231960925e+00 1.367732558e+00 1.644166158e+00 
1.401611566e+00 1.187984496e+00 1.427306048e+00 
1.073232216e+00 1.238372093e+00 1.432345754e+00 
1.462847008e+00 1.355620155e+00 1.688759927e+00 
1.118353067e+00 1.092538760e+00 1.288179597e+00 
1.130796754e+00 1.219961240e+00 1.346976176e+00 
1.032766333e+00 1.114341085e+00 1.147984117e+00 
1.032766333e+00 1.138081395e+00 1.269242517e+00 
1.199910618e+00 1.290213178e+00 1.553604154e+00 
1.249955551e+00 1.232558140e+00 1.432345754e+00 
1.143240977e+00 1.092054264e+00 1.283139890e+00 
1.182184569e+00 1.122577519e+00 1.292150275e+00 
1.158281261e+00 1.231104651e+00 1.423335370e+00 
1.065980651e+00 1.181201550e+00 1.292150275e+00 
1.051029534e+00 1.090600775e+00 1.147984117e+00 
1.263742119e+00 1.188468992e+00 1.432345754e+00 
1.000000000e+00 1.039244186e+00 1.000000000e+00 
1.105281987e+00 1.114341085e+00 1.269242517e+00 
1.101701325e+00 1.151647287e+00 1.288179597e+00 
1.000000000e+00 1.062984496e+00 1.121258400e+00 
1.086661041e+00 1.000000000e+00 1.000000000e+00 
1.086661041e+00 1.012596899e+00 1.147984117e+00 

1.703491548e+00 1.632751938e+00 1.909437996e+00 
1.224172207e+00 1.294573643e+00 1.473121564e+00 
1.489704657e+00 1.533430233e+00 1.839034820e+00 
1.358639327e+00 1.591085271e+00 1.869731216e+00 
1.659982156e+00 1.641957364e+00 1.909437996e+00 
1.265532987e+00 1.390503876e+00 1.658063531e+00 
1.647090484e+00 1.672480620e+00 1.905620037e+00 
1.272157695e+00 1.380813953e+00 1.658063531e+00 
1.198388863e+00 1.403100775e+00 1.644166158e+00 
1.223724221e+00 1.404069767e+00 1.658063531e+00 
1.221217865e+00 1.548449612e+00 1.783139890e+00 
1.232498078e+00 1.455426357e+00 1.730757483e+00 
1.355147833e+00 1.233042636e+00 1.522907758e+00 
1.242703985e+00 1.186046512e+00 1.382712279e+00 
1.335541748e+00 1.284399225e+00 1.513897373e+00 
1.239391363e+00 1.379360465e+00 1.654092853e+00 
1.285586520e+00 1.276162791e+00 1.465332926e+00 
1.156669802e+00 1.312984496e+00 1.513897373e+00 
1.444225525e+00 1.253875969e+00 1.567501527e+00 
1.716651796e+00 1.764050388e+00 1.960293219e+00 
1.094807503e+00 1.191860465e+00 1.306200367e+00 
1.256848835e+00 1.167635659e+00 1.374923641e+00 
1.239928516e+00 1.169089147e+00 1.373701894e+00 
1.215040606e+00 1.169573643e+00 1.378741600e+00 
1.095524065e+00 1.189437984e+00 1.363622480e+00 
1.524710918e+00 1.502422481e+00 1.865913256e+00 
1.289078014e+00 1.534883721e+00 1.865913256e+00 
1.181020558e+00 1.299903101e+00 1.553604154e+00 
1.263831824e+00 1.554748062e+00 1.815058033e+00 
1.306266910e+00 1.433139535e+00 1.744654856e+00 
1.161862460e+00 1.193798450e+00 1.404398290e+00 
1.471978608e+00 1.432655039e+00 1.744654856e+00 
1.158281261e+00 1.231104651e+00 1.423335370e+00 
1.214861197e+00 1.388565891e+00 1.654092853e+00 
1.180304534e+00 1.302325581e+00 1.496182040e+00 
1.197672301e+00 1.490310078e+00 1.775351252e+00 
1.531602591e+00 1.581879845e+00 1.869731216e+00 
1.489076188e+00 1.582364341e+00 1.869731216e+00 
1.094270350e+00 1.226744186e+00 1.355986561e+00 
1.594272230e+00 1.558624031e+00 1.869731216e+00 
1.644673295e+00 1.729651163e+00 1.913408674e+00 
1.335004595e+00 1.118701550e+00 1.374923641e+00 
1.289615167e+00 1.614825581e+00 1.869731216e+00 
1.213160571e+00 1.268410853e+00 1.449144777e+00 
1.249686974e+00 1.353682171e+00 1.609499084e+00 
1.416651850e+00 1.737887597e+00 1.909437996e+00 
1.389435920e+00 1.277616279e+00 1.567501527e+00 
1.415398672e+00 1.353197674e+00 1.609499084e+00 
1.305819462e+00 1.291666667e+00 1.522907758e+00 
1.450761065e+00 1.763081395e+00 1.913408674e+00 
1.424798850e+00 1.422965116e+00 1.730757483e+00 
1.413070651e+00 1.810077519e+00 1.909437996e+00 
1.212712585e+00 1.572189922e+00 1.783139890e+00 
1.163563086e+00 1.437984496e+00 1.688759927e+00 
1.494179142e+00 1.714631783e+00 1.909437996e+00 
1.373321330e+00 1.513081395e+00 1.783139890e+00 
1.369919540e+00 1.289728682e+00 1.526725718e+00 
1.361951950e+00 1.473352713e+00 1.779321930e+00 
1.227215716e+00 1.428779070e+00 1.688759927e+00 
1.627752976e+00 1.315891473e+00 1.654092853e+00 
1.277708097e+00 1.285852713e+00 1.465332926e+00 
1.075917981e+00 1.340116279e+00 1.553604154e+00 
1.433303593e+00 1.457848837e+00 1.775351252e+00 
1.570546183e+00 1.799903101e+00 1.960293219e+00 
1.062757733e+00 1.114341085e+00 1.215638363e+00 
1.131781892e+00 1.313468992e+00 1.518937080e+00 
1.396777189e+00 1.670058140e+00 1.873701894e+00 
1.196866572e+00 1.535368217e+00 1.734575443e+00 
1.263742119e+00 1.188468992e+00 1.432345754e+00 
1.073232216e+00 1.238372093e+00 1.432345754e+00 
1.156938378e+00 1.447674419e+00 1.688759927e+00 
1.540911452e+00 1.330910853e+00 1.658063531e+00 
1.407699121e+00 1.665213178e+00 1.873701894e+00 
1.158281261e+00 1.309108527e+00 1.518937080e+00 
1.094986912e+00 1.224321705e+00 1.413408674e+00 
1.131513316e+00 1.217538760e+00 1.404398290e+00 
1.410206014e+00 1.157945736e+00 1.423335370e+00 
1.149955389e+00 1.426356589e+00 1.644166158e+00 
1.118353067e+00 1.092538760e+00 1.288179597e+00 
1.352193491e+00 1.242248062e+00 1.469303604e+00 
1.333393136e+00 1.378391473e+00 1.640195480e+00 
1.382811212e+00 1.176841085e+00 1.382712279e+00 
1.141092365e+00 1.410852713e+00 1.640195480e+00 
1.032050308e+00 1.140503876e+00 1.211820403e+00 
1.401611566e+00 1.187984496e+00 1.427306048e+00 
1.197314557e+00 1.299418605e+00 1.526725718e+00 
1.183348580e+00 1.089631783e+00 1.238546121e+00 
1.032766333e+00 1.114341085e+00 1.147984117e+00 
1.642256107e+00 1.414244186e+00 1.703879047e+00 
1.182184569e+00 1.122577519e+00 1.292150275e+00 
1.143240977e+00 1.092054264e+00 1.283139890e+00 
1.396240036e+00 1.160852713e+00 1.378741600e+00 
1.136974013e+00 1.194282946e+00 1.409437996e+00 
1.129812152e+00 1.317829457e+00 1.567501527e+00 
1.131692188e+00 1.464631783e+00 1.647984117e+00 
1.105281987e+00 1.114341085e+00 1.269242517e+00 
1.478064552e+00 1.655523256e+00 1.873701894e+00 
1.051029534e+00 1.090600775e+00 1.147984117e+00 
1.283975061e+00 1.052325581e+00 1.234728161e+00 
1.101701325e+00 1.151647287e+00 1.288179597e+00 
1.032766333e+00 1.138081395e+00 1.269242517e+00 
1.065980651e+00 1.181201550e+00 1.292150275e+00 
1.000000000e+00 1.062984496e+00 1.121258400e+00 
1.086661041e+00 1.012596899e+00 1.147984117e+00 
1.000000000e+00 1.039244186e+00 1.000000000e+00 
1.086661041e+00 1.000000000e+00 1.000000000e+00 

1.456490876e+00 1.482558140e+00 1.779321930e+00 
1.707966033e+00 1.708333333e+00 1.960293219e+00 
1.774755636e+00 1.510174419e+00 1.873701894e+00 
1.356759292e+00 1.511143411e+00 1.725717776e+00 
1.245300046e+00 1.565406977e+00 1.779321930e+00 
1.590780736e+00 1.536821705e+00 1.819028711e+00 
1.760789658e+00 1.510658915e+00 1.865913256e+00 
1.131513316e+00 1.217538760e+00 1.404398290e+00 
1.321307194e+00 1.515019380e+00 1.752443494e+00 
1.648793259e+00 1.534399225e+00 1.865913256e+00 
1.386392411e+00 1.344961240e+00 1.644166158e+00 
1.094807503e+00 1.191860465e+00 1.306200367e+00 
1.222471043e+00 1.415213178e+00 1.647984117e+00 
1.463384161e+00 1.790697674e+00 1.960293219e+00 
1.414771815e+00 1.567344961e+00 1.873701894e+00 
1.199910618e+00 1.290213178e+00 1.553604154e+00 
1.273769154e+00 1.379360465e+00 1.688759927e+00 
1.213160571e+00 1.268410853e+00 1.449144777e+00 
1.323366101e+00 1.522771318e+00 1.783139890e+00 
1.554254332e+00 1.400193798e+00 1.779321930e+00 
1.258460294e+00 1.443313953e+00 1.688759927e+00 
1.418800462e+00 1.229166667e+00 1.461514966e+00 
1.433303593e+00 1.229166667e+00 1.469303604e+00 
1.169024321e+00 1.271802326e+00 1.500000000e+00 
1.107967751e+00 1.417635659e+00 1.644166158e+00 
1.419158743e+00 1.468507752e+00 1.738546121e+00 
1.317815700e+00 1.518410853e+00 1.738546121e+00 
1.136974013e+00 1.194282946e+00 1.409437996e+00 
1.428827497e+00 1.259689922e+00 1.544593769e+00 
1.175828438e+00 1.290697674e+00 1.553604154e+00 
1.095524065e+00 1.189437984e+00 1.363622480e+00 
1.605369811e+00 1.534883721e+00 1.865913256e+00 
1.623815645e+00 1.456395349e+00 1.783139890e+00 
1.231960925e+00 1.367732558e+00 1.644166158e+00 
1.229901481e+00 1.470445736e+00 1.661881491e+00 
1.589975006e+00 1.544573643e+00 1.865913256e+00 
1.487018892e+00 1.480620155e+00 1.775351252e+00 
1.462847008e+00 1.355620155e+00 1.688759927e+00 
1.494898927e+00 1.433139535e+00 1.779321930e+00 
1.401611566e+00 1.187984496e+00 1.427306048e+00 
1.410206014e+00 1.157945736e+00 1.423335370e+00 
1.515488001e+00 1.207364341e+00 1.510079414e+00 
1.065980651e+00 1.181201550e+00 1.292150275e+00 
1.158281261e+00 1.231104651e+00 1.423335370e+00 
1.106983150e+00 1.358527132e+00 1.553604154e+00 
1.161862460e+00 1.193798450e+00 1.404398290e+00 
1.382811212e+00 1.176841085e+00 1.382712279e+00 
1.129812152e+00 1.317829457e+00 1.567501527e+00 
1.535631238e+00 1.706879845e+00 1.913408674e+00 
1.265532987e+00 1.390503876e+00 1.658063531e+00 
1.094986912e+00 1.224321705e+00 1.413408674e+00 
1.680393969e+00 1.530038760e+00 1.784361637e+00 
1.581020666e+00 1.566860465e+00 1.839034820e+00 
1.249955551e+00 1.232558140e+00 1.432345754e+00 
1.032050308e+00 1.140503876e+00 1.211820403e+00 
1.193912230e+00 1.271317829e+00 1.494960293e+00 
1.105281987e+00 1.114341085e+00 1.269242517e+00 
1.094270350e+00 1.226744186e+00 1.355986561e+00 
1.249955551e+00 1.243217054e+00 1.522907758e+00 
1.396240036e+00 1.160852713e+00 1.378741600e+00 
1.073232216e+00 1.238372093e+00 1.432345754e+00 
1.283975061e+00 1.052325581e+00 1.234728161e+00 
1.143240977e+00 1.092054264e+00 1.283139890e+00 
1.032766333e+00 1.138081395e+00 1.269242517e+00 
1.272157695e+00 1.380813953e+00 1.658063531e+00 
1.242703985e+00 1.186046512e+00 1.382712279e+00 
1.182184569e+00 1.122577519e+00 1.292150275e+00 
1.369919540e+00 1.289728682e+00 1.526725718e+00 
1.118353067e+00 1.092538760e+00 1.288179597e+00 
1.480841633e+00 1.322189922e+00 1.658063531e+00 
1.352193491e+00 1.242248062e+00 1.469303604e+00 
1.032766333e+00 1.114341085e+00 1.147984117e+00 
1.239928516e+00 1.169089147e+00 1.373701894e+00 
1.389435920e+00 1.277616279e+00 1.567501527e+00 
1.256848835e+00 1.167635659e+00 1.374923641e+00 
1.000000000e+00 1.062984496e+00 1.121258400e+00 
1.051029534e+00 1.090600775e+00 1.147984117e+00 
1.263742119e+00 1.188468992e+00 1.432345754e+00 
1.215040606e+00 1.169573643e+00 1.378741600e+00 
1.335004595e+00 1.118701550e+00 1.374923641e+00 
1.497939213e+00 1.406492248e+00 1.730757483e+00 
1.444225525e+00 1.253875969e+00 1.567501527e+00 
1.062757733e+00 1.114341085e+00 1.215638363e+00 
1.447269571e+00 1.227228682e+00 1.518937080e+00 
1.101701325e+00 1.151647287e+00 1.288179597e+00 
1.183348580e+00 1.089631783e+00 1.238546121e+00 
1.086661041e+00 1.012596899e+00 1.147984117e+00 
1.086661041e+00 1.000000000e+00 1.000000000e+00 
1.000000000e+00 1.039244186e+00 1.000000000e+00 
