1.965085055e+00 1.604651163e+00 2.000000000e+00 
1.910832603e+00 1.613372093e+00 2.000000000e+00 
1.884512107e+00 1.653585271e+00 2.000000000e+00 
1.830259654e+00 1.662790698e+00 2.000000000e+00 
1.737063610e+00 1.686531008e+00 2.000000000e+00 
1.721217597e+00 1.735465116e+00 2.000000000e+00 
1.710474537e+00 1.744670543e+00 2.000000000e+00 
1.694897100e+00 1.772771318e+00 2.000000000e+00 
1.641181801e+00 1.808139535e+00 2.000000000e+00 
1.630438741e+00 1.817829457e+00 2.000000000e+00 
1.614861304e+00 1.844961240e+00 2.000000000e+00 
1.560608852e+00 1.894379845e+00 2.000000000e+00 
