1.887185776e+00 1.781671159e+00 1.933767442e+00 
1.400367872e+00 1.244204852e+00 1.491534884e+00 
1.376456162e+00 1.357412399e+00 1.577674419e+00 
1.625996321e+00 1.704043127e+00 1.855255814e+00 
1.249540159e+00 1.320754717e+00 1.520372093e+00 
1.627835684e+00 1.816711590e+00 1.867720930e+00 
1.605561006e+00 1.635579515e+00 1.854697674e+00 
1.431023912e+00 1.502425876e+00 1.754976744e+00 
1.324034335e+00 1.481940701e+00 1.688744186e+00 
1.437155120e+00 1.345013477e+00 1.627348837e+00 
1.418761496e+00 1.458221024e+00 1.643906977e+00 
1.226445739e+00 1.156334232e+00 1.346232558e+00 
1.811361128e+00 1.753099730e+00 1.872372093e+00 
1.823623544e+00 1.947708895e+00 1.938604651e+00 
1.560392397e+00 1.582749326e+00 1.801488372e+00 
1.291436542e+00 1.354716981e+00 1.562418605e+00 
1.240343348e+00 1.334770889e+00 1.543441860e+00 
1.367872471e+00 1.525067385e+00 1.717581395e+00 
1.179337830e+00 1.311051213e+00 1.510883721e+00 
1.258736971e+00 1.414555256e+00 1.594232558e+00 
1.453096260e+00 1.494339623e+00 1.722976744e+00 
1.358062538e+00 1.404851752e+00 1.627348837e+00 
1.316166156e+00 1.357951482e+00 1.577674419e+00 
1.642752912e+00 1.755795148e+00 1.872372093e+00 
1.274269160e+00 1.274393531e+00 1.552930233e+00 
1.318005518e+00 1.415633423e+00 1.627348837e+00 
1.293275904e+00 1.411859838e+00 1.614325581e+00 
1.815450644e+00 1.750404313e+00 1.867720930e+00 
1.431330472e+00 1.415633423e+00 1.631441860e+00 
1.547210300e+00 1.555795148e+00 1.784372093e+00 
1.499693440e+00 1.457681941e+00 1.722976744e+00 
1.111792152e+00 1.184366577e+00 1.375069767e+00 
1.241569589e+00 1.443126685e+00 1.623813953e+00 
1.270692826e+00 1.381671159e+00 1.552930233e+00 
1.400980993e+00 1.393530997e+00 1.587162791e+00 
1.777026364e+00 1.656064690e+00 1.855255814e+00 
1.580012262e+00 1.404851752e+00 1.636279070e+00 
1.721538933e+00 1.877628032e+00 1.933767442e+00 
1.439198651e+00 1.410781671e+00 1.698232558e+00 
1.290619252e+00 1.312668464e+00 1.560558140e+00 
1.055487431e+00 1.220485175e+00 1.323162791e+00 
1.418454936e+00 1.559029650e+00 1.759627907e+00 
1.078479460e+00 1.197843666e+00 1.482046512e+00 
1.427855917e+00 1.435040431e+00 1.648558140e+00 
1.641324341e+00 1.779514825e+00 1.860093023e+00 
1.508481300e+00 1.326684636e+00 1.570046512e+00 
1.338442673e+00 1.259838275e+00 1.491534884e+00 
1.049049663e+00 1.094878706e+00 1.168372093e+00 
1.054057020e+00 1.221024259e+00 1.375069767e+00 
1.407316370e+00 1.375202156e+00 1.619162791e+00 
1.023707541e+00 1.132075472e+00 1.313674419e+00 
1.289290619e+00 1.407008086e+00 1.562418605e+00 
1.161863887e+00 1.167654987e+00 1.323162791e+00 
1.050275904e+00 1.131536388e+00 1.313674419e+00 
1.206825874e+00 1.083557951e+00 1.239255814e+00 
1.078479460e+00 1.185444744e+00 1.346232558e+00 
1.023707541e+00 1.119676550e+00 1.177860465e+00 
1.079705702e+00 1.017250674e+00 1.000000000e+00 
1.256284488e+00 1.123450135e+00 1.346232558e+00 
1.049049663e+00 1.107277628e+00 1.304186047e+00 
1.226445739e+00 1.174123989e+00 1.417116279e+00 
1.000000000e+00 1.073854447e+00 1.000000000e+00 
1.110565910e+00 1.017789757e+00 1.070883721e+00 
1.073574494e+00 1.077088949e+00 1.145302326e+00 
1.020846107e+00 1.040970350e+00 1.135813953e+00 
1.110565910e+00 1.000000000e+00 1.000000000e+00 
1.000000000e+00 1.088409704e+00 1.061395349e+00 
1.079705702e+00 1.031266846e+00 1.177860465e+00 
1.020846107e+00 1.028571429e+00 1.000000000e+00 
1.849478847e+00 1.871159030e+00 1.904372093e+00 

1.880134887e+00 1.794070081e+00 1.921488372e+00 
1.253218884e+00 1.332075472e+00 1.577674419e+00 
1.523196199e+00 1.722371968e+00 1.862883721e+00 
1.591048437e+00 1.445283019e+00 1.665674419e+00 
1.400878602e+00 1.522911051e+00 1.759627907e+00 
1.078479460e+00 1.185444744e+00 1.346232558e+00 
1.380952177e+00 1.481401617e+00 1.698232558e+00 
1.487022072e+00 1.522371968e+00 1.759627907e+00 
1.875536481e+00 1.840431267e+00 1.938604651e+00 
1.741465359e+00 1.661455526e+00 1.867720930e+00 
1.639484979e+00 1.400000000e+00 1.648558140e+00 
1.558859595e+00 1.601078167e+00 1.772093023e+00 
1.760472103e+00 1.515363881e+00 1.736558140e+00 
1.785407725e+00 1.840431267e+00 1.933767442e+00 
1.413447578e+00 1.454986523e+00 1.698232558e+00 
1.400980993e+00 1.356873315e+00 1.587162791e+00 
1.505927039e+00 1.681940701e+00 1.764465116e+00 
1.522378909e+00 1.443665768e+00 1.656186047e+00 
1.078479460e+00 1.197843666e+00 1.482046512e+00 
1.383200490e+00 1.368194070e+00 1.587162791e+00 
1.111792152e+00 1.184366577e+00 1.375069767e+00 
1.611281422e+00 1.595148248e+00 1.789209302e+00 
1.302268547e+00 1.320754717e+00 1.577674419e+00 
1.453709381e+00 1.483018868e+00 1.722976744e+00 
1.286940527e+00 1.378436658e+00 1.627348837e+00 
1.505211527e+00 1.457142857e+00 1.722976744e+00 
1.131412017e+00 1.274932615e+00 1.552930233e+00 
1.613936235e+00 1.611859838e+00 1.855255814e+00 
1.379317597e+00 1.483018868e+00 1.688744186e+00 
1.645205395e+00 1.605929919e+00 1.833488372e+00 
1.338442673e+00 1.259838275e+00 1.491534884e+00 
1.054057020e+00 1.221024259e+00 1.375069767e+00 
1.400367872e+00 1.244204852e+00 1.491534884e+00 
1.564684243e+00 1.625336927e+00 1.784372093e+00 
1.595953403e+00 1.524528302e+00 1.784372093e+00 
1.226445739e+00 1.174123989e+00 1.417116279e+00 
1.049049663e+00 1.094878706e+00 1.168372093e+00 
1.050275904e+00 1.131536388e+00 1.313674419e+00 
1.226445739e+00 1.156334232e+00 1.346232558e+00 
1.055487431e+00 1.220485175e+00 1.323162791e+00 
1.499080319e+00 1.293800539e+00 1.570046512e+00 
1.256284488e+00 1.123450135e+00 1.346232558e+00 
1.049049663e+00 1.107277628e+00 1.304186047e+00 
1.161863887e+00 1.167654987e+00 1.323162791e+00 
1.023707541e+00 1.119676550e+00 1.177860465e+00 
1.266911711e+00 1.387601078e+00 1.639069767e+00 
1.023707541e+00 1.132075472e+00 1.313674419e+00 
1.000000000e+00 1.088409704e+00 1.061395349e+00 
1.079705702e+00 1.031266846e+00 1.177860465e+00 
1.206825874e+00 1.083557951e+00 1.239255814e+00 
1.110565910e+00 1.000000000e+00 1.000000000e+00 
1.020846107e+00 1.040970350e+00 1.135813953e+00 
1.000000000e+00 1.073854447e+00 1.000000000e+00 
1.079705702e+00 1.017250674e+00 1.000000000e+00 
1.073574494e+00 1.077088949e+00 1.145302326e+00 
1.110565910e+00 1.017789757e+00 1.070883721e+00 
1.020846107e+00 1.028571429e+00 1.000000000e+00 

1.544451257e+00 1.523989218e+00 1.784372093e+00 
1.642550582e+00 1.501347709e+00 1.731906977e+00 
1.400367872e+00 1.367654987e+00 1.587162791e+00 
1.854690374e+00 1.866846361e+00 1.938604651e+00 
1.305334151e+00 1.445283019e+00 1.688744186e+00 
1.302268547e+00 1.320754717e+00 1.577674419e+00 
1.583690987e+00 1.638814016e+00 1.789209302e+00 
1.481912937e+00 1.643126685e+00 1.759627907e+00 
1.211935622e+00 1.437735849e+00 1.543441860e+00 
1.403637646e+00 1.398382749e+00 1.625488372e+00 
1.502350092e+00 1.389757412e+00 1.658046512e+00 
1.629264255e+00 1.793530997e+00 1.921488372e+00 
1.403842428e+00 1.519676550e+00 1.705860465e+00 
1.403433476e+00 1.404312668e+00 1.627348837e+00 
1.499693440e+00 1.367654987e+00 1.591255814e+00 
1.708154506e+00 1.782749326e+00 1.872372093e+00 
1.593500920e+00 1.344474394e+00 1.640930233e+00 
1.272634580e+00 1.443126685e+00 1.616000000e+00 
1.518291232e+00 1.672776280e+00 1.764465116e+00 
1.055487431e+00 1.220485175e+00 1.323162791e+00 
1.724095647e+00 1.504043127e+00 1.736558140e+00 
1.851213979e+00 1.833962264e+00 1.933767442e+00 
1.246474555e+00 1.296495957e+00 1.545116279e+00 
1.525648682e+00 1.602156334e+00 1.772093023e+00 
1.054057020e+00 1.221024259e+00 1.375069767e+00 
1.432863274e+00 1.310512129e+00 1.562418605e+00 
1.078479460e+00 1.197843666e+00 1.482046512e+00 
1.231350705e+00 1.390835580e+00 1.577674419e+00 
1.802575107e+00 1.752021563e+00 1.867720930e+00 
1.757406499e+00 1.851752022e+00 1.933767442e+00 
1.111792152e+00 1.184366577e+00 1.375069767e+00 
1.210096260e+00 1.390296496e+00 1.520372093e+00 
1.445942980e+00 1.593530997e+00 1.727069767e+00 
1.748620478e+00 1.554177898e+00 1.801488372e+00 
1.400367872e+00 1.244204852e+00 1.491534884e+00 
1.680564071e+00 1.624258760e+00 1.793860465e+00 
1.274269160e+00 1.274932615e+00 1.552930233e+00 
1.338442673e+00 1.259838275e+00 1.491534884e+00 
1.374616800e+00 1.415094340e+00 1.627348837e+00 
1.247700797e+00 1.338544474e+00 1.560558140e+00 
1.318005518e+00 1.415633423e+00 1.627348837e+00 
1.078479460e+00 1.185444744e+00 1.346232558e+00 
1.490496628e+00 1.413477089e+00 1.722976744e+00 
1.507255058e+00 1.512668464e+00 1.754976744e+00 
1.560901288e+00 1.682479784e+00 1.855255814e+00 
1.648375230e+00 1.665229111e+00 1.862883721e+00 
1.226445739e+00 1.174123989e+00 1.417116279e+00 
1.220723483e+00 1.378975741e+00 1.520372093e+00 
1.391681790e+00 1.405929919e+00 1.581767442e+00 
1.226445739e+00 1.156334232e+00 1.346232558e+00 
1.206825874e+00 1.083557951e+00 1.239255814e+00 
1.277130595e+00 1.321293801e+00 1.554604651e+00 
1.256284488e+00 1.123450135e+00 1.346232558e+00 
1.837522992e+00 1.681940701e+00 1.867720930e+00 
1.049049663e+00 1.094878706e+00 1.168372093e+00 
1.023707541e+00 1.119676550e+00 1.177860465e+00 
1.020846107e+00 1.040970350e+00 1.135813953e+00 
1.049049663e+00 1.107277628e+00 1.304186047e+00 
1.161863887e+00 1.167654987e+00 1.323162791e+00 
1.050275904e+00 1.131536388e+00 1.313674419e+00 
1.079705702e+00 1.031266846e+00 1.177860465e+00 
1.110565910e+00 1.017789757e+00 1.070883721e+00 
1.110565910e+00 1.000000000e+00 1.000000000e+00 
1.023707541e+00 1.132075472e+00 1.313674419e+00 
1.073574494e+00 1.077088949e+00 1.145302326e+00 
1.020846107e+00 1.028571429e+00 1.000000000e+00 
1.079705702e+00 1.017250674e+00 1.000000000e+00 
1.000000000e+00 1.073854447e+00 1.000000000e+00 
1.000000000e+00 1.088409704e+00 1.061395349e+00 

1.391784181e+00 1.528301887e+00 1.801488372e+00 
1.345800123e+00 1.378436658e+00 1.627348837e+00 
1.648068670e+00 1.486792453e+00 1.705860465e+00 
1.967504598e+00 1.770889488e+00 1.933767442e+00 
1.367668302e+00 1.494339623e+00 1.722976744e+00 
1.243000000e+00 1.399460916e+00 1.529860465e+00 
1.318005518e+00 1.415633423e+00 1.627348837e+00 
1.262415696e+00 1.355795148e+00 1.552930233e+00 
1.292049663e+00 1.365498652e+00 1.609674419e+00 
1.356836297e+00 1.493800539e+00 1.639069767e+00 
1.480073574e+00 1.380592992e+00 1.656186047e+00 
1.626198651e+00 1.686792453e+00 1.921488372e+00 
1.396076027e+00 1.401617251e+00 1.688744186e+00 
1.890251380e+00 1.900808625e+00 1.938604651e+00 
1.237993256e+00 1.478706199e+00 1.627348837e+00 
1.211935622e+00 1.437735849e+00 1.543441860e+00 
1.588185162e+00 1.652291105e+00 1.842976744e+00 
1.370938075e+00 1.435579515e+00 1.656186047e+00 
1.055487431e+00 1.220485175e+00 1.323162791e+00 
1.356632128e+00 1.547708895e+00 1.688744186e+00 
1.502350092e+00 1.389757412e+00 1.658046512e+00 
1.226445739e+00 1.174123989e+00 1.417116279e+00 
1.617001839e+00 1.834501348e+00 1.862883721e+00 
1.803697118e+00 1.807547170e+00 1.933767442e+00 
1.495401594e+00 1.310512129e+00 1.562418605e+00 
1.290619252e+00 1.312668464e+00 1.560558140e+00 
1.239526058e+00 1.416172507e+00 1.548279070e+00 
1.054057020e+00 1.221024259e+00 1.375069767e+00 
1.282035561e+00 1.364959569e+00 1.554604651e+00 
1.373594727e+00 1.454986523e+00 1.698232558e+00 
1.153995708e+00 1.335849057e+00 1.520372093e+00 
1.226445739e+00 1.156334232e+00 1.346232558e+00 
1.437155120e+00 1.345013477e+00 1.627348837e+00 
1.078479460e+00 1.197843666e+00 1.482046512e+00 
1.338442673e+00 1.259838275e+00 1.491534884e+00 
1.376456162e+00 1.357412399e+00 1.577674419e+00 
1.400367872e+00 1.244204852e+00 1.491534884e+00 
1.246474555e+00 1.296495957e+00 1.545116279e+00 
1.794193746e+00 1.650134771e+00 1.860093023e+00 
1.161863887e+00 1.167654987e+00 1.323162791e+00 
1.305129982e+00 1.425876011e+00 1.627348837e+00 
1.243408952e+00 1.321832884e+00 1.491534884e+00 
1.786020846e+00 1.660377358e+00 1.904372093e+00 
1.078479460e+00 1.185444744e+00 1.346232558e+00 
1.400367872e+00 1.313207547e+00 1.587162791e+00 
1.050275904e+00 1.131536388e+00 1.313674419e+00 
1.111792152e+00 1.184366577e+00 1.375069767e+00 
1.618841202e+00 1.701886792e+00 1.855255814e+00 
1.279174126e+00 1.355256065e+00 1.552930233e+00 
1.206825874e+00 1.083557951e+00 1.239255814e+00 
1.023707541e+00 1.119676550e+00 1.177860465e+00 
1.256284488e+00 1.123450135e+00 1.346232558e+00 
1.023707541e+00 1.132075472e+00 1.313674419e+00 
1.049049663e+00 1.107277628e+00 1.304186047e+00 
1.049049663e+00 1.094878706e+00 1.168372093e+00 
1.079705702e+00 1.031266846e+00 1.177860465e+00 
1.110565910e+00 1.017789757e+00 1.070883721e+00 
1.073574494e+00 1.077088949e+00 1.145302326e+00 
1.000000000e+00 1.073854447e+00 1.000000000e+00 
1.110565910e+00 1.000000000e+00 1.000000000e+00 
1.079705702e+00 1.017250674e+00 1.000000000e+00 
1.000000000e+00 1.088409704e+00 1.061395349e+00 
1.020846107e+00 1.028571429e+00 1.000000000e+00 
1.020846107e+00 1.040970350e+00 1.135813953e+00 

1.495401594e+00 1.645822102e+00 1.772093023e+00 
1.578786021e+00 1.427493261e+00 1.665674419e+00 
1.607602698e+00 1.567115903e+00 1.801488372e+00 
1.679540159e+00 1.661455526e+00 1.854697674e+00 
1.329858982e+00 1.474932615e+00 1.705860465e+00 
1.527896996e+00 1.538005391e+00 1.772093023e+00 
1.596462293e+00 1.692183288e+00 1.855255814e+00 
1.790110362e+00 1.761185984e+00 1.929116279e+00 
1.220723483e+00 1.378975741e+00 1.520372093e+00 
1.237993256e+00 1.493261456e+00 1.688744186e+00 
1.797057020e+00 1.630188679e+00 1.838139535e+00 
1.701716738e+00 1.709433962e+00 1.867720930e+00 
1.495401594e+00 1.310512129e+00 1.562418605e+00 
1.477212140e+00 1.704582210e+00 1.772093023e+00 
1.437155120e+00 1.345013477e+00 1.627348837e+00 
1.218679951e+00 1.390296496e+00 1.503255814e+00 
1.481299816e+00 1.290026954e+00 1.557767442e+00 
1.462906193e+00 1.312668464e+00 1.587162791e+00 
1.221132434e+00 1.321293801e+00 1.554604651e+00 
1.055487431e+00 1.220485175e+00 1.323162791e+00 
1.730226855e+00 1.694339623e+00 1.862883721e+00 
1.458001226e+00 1.461994609e+00 1.656186047e+00 
1.509196812e+00 1.577897574e+00 1.789209302e+00 
1.302268547e+00 1.320754717e+00 1.577674419e+00 
1.342938688e+00 1.409164420e+00 1.648558140e+00 
1.286940527e+00 1.378436658e+00 1.627348837e+00 
1.654199877e+00 1.401617251e+00 1.665674419e+00 
1.400367872e+00 1.367654987e+00 1.587162791e+00 
1.563868792e+00 1.661994609e+00 1.850604651e+00 
1.477927652e+00 1.586522911e+00 1.767255814e+00 
1.530349479e+00 1.570350404e+00 1.776744186e+00 
1.054057020e+00 1.221024259e+00 1.375069767e+00 
1.548945432e+00 1.467385445e+00 1.736558140e+00 
1.725119559e+00 1.844204852e+00 1.933767442e+00 
1.557529123e+00 1.605390836e+00 1.801488372e+00 
1.285101165e+00 1.298113208e+00 1.548279070e+00 
1.586143470e+00 1.598382749e+00 1.801488372e+00 
1.078479460e+00 1.185444744e+00 1.346232558e+00 
1.550582465e+00 1.452291105e+00 1.722976744e+00 
1.284794605e+00 1.430727763e+00 1.627348837e+00 
1.499080319e+00 1.293800539e+00 1.570046512e+00 
1.338442673e+00 1.259838275e+00 1.491534884e+00 
1.605352544e+00 1.755795148e+00 1.872372093e+00 
1.226445739e+00 1.174123989e+00 1.417116279e+00 
1.500306560e+00 1.538005391e+00 1.722976744e+00 
1.785407725e+00 1.794609164e+00 1.929116279e+00 
1.078479460e+00 1.197843666e+00 1.482046512e+00 
1.400367872e+00 1.244204852e+00 1.491534884e+00 
1.247700797e+00 1.338544474e+00 1.560558140e+00 
1.822194972e+00 1.771428571e+00 1.933767442e+00 
1.049049663e+00 1.107277628e+00 1.304186047e+00 
1.226445739e+00 1.156334232e+00 1.346232558e+00 
1.256284488e+00 1.123450135e+00 1.346232558e+00 
1.427958308e+00 1.360646900e+00 1.627348837e+00 
1.049049663e+00 1.094878706e+00 1.168372093e+00 
1.023707541e+00 1.132075472e+00 1.313674419e+00 
1.023707541e+00 1.119676550e+00 1.177860465e+00 
1.161863887e+00 1.167654987e+00 1.323162791e+00 
1.020846107e+00 1.028571429e+00 1.000000000e+00 
1.110565910e+00 1.000000000e+00 1.000000000e+00 
1.073574494e+00 1.077088949e+00 1.145302326e+00 
1.000000000e+00 1.088409704e+00 1.061395349e+00 
1.079705702e+00 1.017250674e+00 1.000000000e+00 
1.000000000e+00 1.073854447e+00 1.000000000e+00 
1.050275904e+00 1.131536388e+00 1.313674419e+00 
1.206825874e+00 1.083557951e+00 1.239255814e+00 
1.110565910e+00 1.017789757e+00 1.070883721e+00 
1.079705702e+00 1.031266846e+00 1.177860465e+00 
1.020846107e+00 1.040970350e+00 1.135813953e+00 

1.131412017e+00 1.274932615e+00 1.552930233e+00 
1.544960147e+00 1.575202156e+00 1.855255814e+00 
1.289903740e+00 1.431266846e+00 1.581767442e+00 
1.935009197e+00 1.745013477e+00 1.938604651e+00 
1.302268547e+00 1.320754717e+00 1.577674419e+00 
1.226445739e+00 1.174123989e+00 1.417116279e+00 
1.447578173e+00 1.555795148e+00 1.705860465e+00 
1.305640711e+00 1.427493261e+00 1.619162791e+00 
1.572654813e+00 1.426954178e+00 1.631441860e+00 
1.733292459e+00 1.959029650e+00 1.933767442e+00 
1.487737584e+00 1.794070081e+00 1.789209302e+00 
1.371142244e+00 1.423180593e+00 1.614325581e+00 
1.055487431e+00 1.220485175e+00 1.323162791e+00 
1.654812998e+00 1.404312668e+00 1.631441860e+00 
1.846106683e+00 1.756873315e+00 1.921488372e+00 
1.588595953e+00 1.805390836e+00 1.921488372e+00 
1.287962600e+00 1.519137466e+00 1.686883721e+00 
1.554261189e+00 1.473315364e+00 1.731906977e+00 
1.242182710e+00 1.452830189e+00 1.581767442e+00 
1.491109749e+00 1.523450135e+00 1.727069767e+00 
1.484365420e+00 1.475471698e+00 1.705860465e+00 
1.423359902e+00 1.428032345e+00 1.688744186e+00 
1.437768240e+00 1.404312668e+00 1.627348837e+00 
1.054057020e+00 1.221024259e+00 1.375069767e+00 
1.078479460e+00 1.185444744e+00 1.346232558e+00 
1.797057020e+00 1.767115903e+00 1.921488372e+00 
1.658491723e+00 1.683018868e+00 1.867720930e+00 
1.400367872e+00 1.244204852e+00 1.491534884e+00 
1.462906193e+00 1.312668464e+00 1.587162791e+00 
1.277130595e+00 1.321293801e+00 1.554604651e+00 
1.683832005e+00 1.530458221e+00 1.855255814e+00 
1.338442673e+00 1.259838275e+00 1.491534884e+00 
1.453300429e+00 1.548787062e+00 1.767255814e+00 
1.748209687e+00 1.823180593e+00 1.938604651e+00 
1.400367872e+00 1.367654987e+00 1.587162791e+00 
1.428162477e+00 1.419407008e+00 1.596093023e+00 
1.078479460e+00 1.197843666e+00 1.482046512e+00 
1.111792152e+00 1.184366577e+00 1.375069767e+00 
1.356836297e+00 1.455525606e+00 1.698232558e+00 
1.050275904e+00 1.131536388e+00 1.313674419e+00 
1.023707541e+00 1.119676550e+00 1.177860465e+00 
1.607602698e+00 1.374123989e+00 1.623627907e+00 
1.023707541e+00 1.132075472e+00 1.313674419e+00 
1.049049663e+00 1.094878706e+00 1.168372093e+00 
1.256284488e+00 1.123450135e+00 1.346232558e+00 
1.161863887e+00 1.167654987e+00 1.323162791e+00 
1.049049663e+00 1.107277628e+00 1.304186047e+00 
1.000000000e+00 1.073854447e+00 1.000000000e+00 
1.110565910e+00 1.017789757e+00 1.070883721e+00 
1.000000000e+00 1.088409704e+00 1.061395349e+00 
1.110565910e+00 1.000000000e+00 1.000000000e+00 
1.073574494e+00 1.077088949e+00 1.145302326e+00 
1.206825874e+00 1.083557951e+00 1.239255814e+00 
1.079705702e+00 1.017250674e+00 1.000000000e+00 
1.020846107e+00 1.028571429e+00 1.000000000e+00 
1.079705702e+00 1.031266846e+00 1.177860465e+00 
1.020846107e+00 1.040970350e+00 1.135813953e+00 

1.742691600e+00 1.625876011e+00 1.842976744e+00 
1.622728387e+00 1.760107817e+00 1.842976744e+00 
1.279583078e+00 1.457142857e+00 1.558697674e+00 
1.469037400e+00 1.267385445e+00 1.570046512e+00 
1.500510730e+00 1.664690027e+00 1.784372093e+00 
1.349478847e+00 1.339083558e+00 1.560558140e+00 
1.286940527e+00 1.378436658e+00 1.627348837e+00 
1.586652361e+00 1.797843666e+00 1.854697674e+00 
1.131412017e+00 1.274932615e+00 1.552930233e+00 
1.553648069e+00 1.597843666e+00 1.801488372e+00 
1.291436542e+00 1.354716981e+00 1.562418605e+00 
1.710606990e+00 1.833962264e+00 1.933767442e+00 
1.622519926e+00 1.772506739e+00 1.921488372e+00 
1.462906193e+00 1.312668464e+00 1.587162791e+00 
1.078479460e+00 1.185444744e+00 1.346232558e+00 
1.316983446e+00 1.568194070e+00 1.709953488e+00 
1.317698958e+00 1.457142857e+00 1.669767442e+00 
1.641937462e+00 1.659838275e+00 1.872372093e+00 
1.078479460e+00 1.197843666e+00 1.482046512e+00 
1.055487431e+00 1.220485175e+00 1.323162791e+00 
1.282035561e+00 1.364959569e+00 1.554604651e+00 
1.586450031e+00 1.670080863e+00 1.825860465e+00 
1.554261189e+00 1.357412399e+00 1.619162791e+00 
1.404046597e+00 1.367654987e+00 1.705860465e+00 
1.539546291e+00 1.557412399e+00 1.789209302e+00 
1.329858982e+00 1.474932615e+00 1.705860465e+00 
1.054057020e+00 1.221024259e+00 1.375069767e+00 
1.226445739e+00 1.174123989e+00 1.417116279e+00 
1.832004905e+00 1.729380054e+00 1.929116279e+00 
1.467198038e+00 1.457142857e+00 1.722976744e+00 
1.338442673e+00 1.259838275e+00 1.491534884e+00 
1.452278970e+00 1.526145553e+00 1.776744186e+00 
1.226445739e+00 1.156334232e+00 1.346232558e+00 
1.400367872e+00 1.338005391e+00 1.560558140e+00 
1.373390558e+00 1.347169811e+00 1.577674419e+00 
1.387288167e+00 1.449056604e+00 1.705860465e+00 
1.437768240e+00 1.512668464e+00 1.727069767e+00 
1.400367872e+00 1.244204852e+00 1.491534884e+00 
1.681686082e+00 1.763342318e+00 1.904372093e+00 
1.049049663e+00 1.107277628e+00 1.304186047e+00 
1.049049663e+00 1.094878706e+00 1.168372093e+00 
1.050275904e+00 1.131536388e+00 1.313674419e+00 
1.256284488e+00 1.123450135e+00 1.346232558e+00 
1.023707541e+00 1.119676550e+00 1.177860465e+00 
1.161863887e+00 1.167654987e+00 1.323162791e+00 
1.000000000e+00 1.088409704e+00 1.061395349e+00 
1.206825874e+00 1.083557951e+00 1.239255814e+00 
1.111792152e+00 1.184366577e+00 1.375069767e+00 
1.073574494e+00 1.077088949e+00 1.145302326e+00 
1.079705702e+00 1.017250674e+00 1.000000000e+00 
1.000000000e+00 1.073854447e+00 1.000000000e+00 
1.023707541e+00 1.132075472e+00 1.313674419e+00 
1.110565910e+00 1.000000000e+00 1.000000000e+00 
1.110565910e+00 1.017789757e+00 1.070883721e+00 
1.079705702e+00 1.031266846e+00 1.177860465e+00 
1.020846107e+00 1.028571429e+00 1.000000000e+00 
1.020846107e+00 1.040970350e+00 1.135813953e+00 

1.054057020e+00 1.221024259e+00 1.375069767e+00 
1.771508277e+00 1.856603774e+00 1.938604651e+00 
1.808908645e+00 1.700808625e+00 1.872372093e+00 
1.677498467e+00 1.801617251e+00 1.862883721e+00 
1.501123850e+00 1.589218329e+00 1.793860465e+00 
1.237993256e+00 1.478706199e+00 1.627348837e+00 
1.314530963e+00 1.407547170e+00 1.611348837e+00 
1.153995708e+00 1.335849057e+00 1.520372093e+00 
1.292662784e+00 1.408625337e+00 1.648558140e+00 
1.253218884e+00 1.331536388e+00 1.577674419e+00 
1.184345187e+00 1.346091644e+00 1.543441860e+00 
1.334763948e+00 1.334231806e+00 1.627348837e+00 
1.496832005e+00 1.592991914e+00 1.764465116e+00 
1.803188228e+00 1.751482480e+00 1.867720930e+00 
1.548332311e+00 1.509433962e+00 1.727069767e+00 
1.331289393e+00 1.366037736e+00 1.586604651e+00 
1.478234212e+00 1.457681941e+00 1.722976744e+00 
1.078479460e+00 1.185444744e+00 1.346232558e+00 
1.538730840e+00 1.548787062e+00 1.727069767e+00 
1.632127529e+00 1.553638814e+00 1.801488372e+00 
1.695278970e+00 1.694339623e+00 1.862883721e+00 
1.580012262e+00 1.404851752e+00 1.636279070e+00 
1.578786021e+00 1.427493261e+00 1.665674419e+00 
1.535254445e+00 1.635579515e+00 1.850604651e+00 
1.343347639e+00 1.321293801e+00 1.577674419e+00 
1.200694666e+00 1.274932615e+00 1.552930233e+00 
1.339873084e+00 1.455525606e+00 1.698232558e+00 
1.843856530e+00 1.686253369e+00 1.921488372e+00 
1.400367872e+00 1.244204852e+00 1.491534884e+00 
1.482935009e+00 1.616172507e+00 1.731906977e+00 
1.432863274e+00 1.310512129e+00 1.562418605e+00 
1.226445739e+00 1.156334232e+00 1.346232558e+00 
1.161863887e+00 1.167654987e+00 1.323162791e+00 
1.338442673e+00 1.259838275e+00 1.491534884e+00 
1.111792152e+00 1.184366577e+00 1.375069767e+00 
1.256284488e+00 1.123450135e+00 1.346232558e+00 
1.438381361e+00 1.556873315e+00 1.709953488e+00 
1.688534641e+00 1.782749326e+00 1.872372093e+00 
1.050275904e+00 1.131536388e+00 1.313674419e+00 
1.226445739e+00 1.174123989e+00 1.417116279e+00 
1.055487431e+00 1.220485175e+00 1.323162791e+00 
1.078479460e+00 1.197843666e+00 1.482046512e+00 
1.049049663e+00 1.107277628e+00 1.304186047e+00 
1.023707541e+00 1.132075472e+00 1.313674419e+00 
1.556302882e+00 1.439892183e+00 1.656186047e+00 
1.049049663e+00 1.094878706e+00 1.168372093e+00 
1.023707541e+00 1.119676550e+00 1.177860465e+00 
1.206825874e+00 1.083557951e+00 1.239255814e+00 
1.079705702e+00 1.017250674e+00 1.000000000e+00 
1.110565910e+00 1.017789757e+00 1.070883721e+00 
1.020846107e+00 1.028571429e+00 1.000000000e+00 
1.079705702e+00 1.031266846e+00 1.177860465e+00 
1.000000000e+00 1.088409704e+00 1.061395349e+00 
1.000000000e+00 1.073854447e+00 1.000000000e+00 
1.110565910e+00 1.000000000e+00 1.000000000e+00 
1.073574494e+00 1.077088949e+00 1.145302326e+00 
1.020846107e+00 1.040970350e+00 1.135813953e+00 

1.400163703e+00 1.502964960e+00 1.698232558e+00 
1.457388105e+00 1.471698113e+00 1.665674419e+00 
1.400367872e+00 1.313207547e+00 1.587162791e+00 
1.273656039e+00 1.456064690e+00 1.591255814e+00 
1.221132434e+00 1.321293801e+00 1.554604651e+00 
1.583280196e+00 1.545013477e+00 1.724279070e+00 
1.373697118e+00 1.408086253e+00 1.648558140e+00 
1.808093194e+00 1.777358491e+00 1.872372093e+00 
1.324034335e+00 1.481940701e+00 1.688744186e+00 
1.604537094e+00 1.689487871e+00 1.784372093e+00 
1.491109749e+00 1.549326146e+00 1.722976744e+00 
1.671367259e+00 1.390296496e+00 1.665674419e+00 
1.480073574e+00 1.559568733e+00 1.759627907e+00 
1.598816677e+00 1.782749326e+00 1.921488372e+00 
1.339668915e+00 1.339083558e+00 1.560558140e+00 
1.639074188e+00 1.683557951e+00 1.801488372e+00 
1.885548743e+00 1.865768194e+00 1.938604651e+00 
1.425199264e+00 1.659299191e+00 1.705860465e+00 
1.733292459e+00 1.574663073e+00 1.772093023e+00 
1.908031882e+00 1.753099730e+00 1.864186047e+00 
1.894132434e+00 1.808086253e+00 1.933767442e+00 
1.750459841e+00 1.743935310e+00 1.862883721e+00 
1.338442673e+00 1.259838275e+00 1.491534884e+00 
1.305334151e+00 1.375202156e+00 1.587162791e+00 
1.274269160e+00 1.274932615e+00 1.552930233e+00 
1.651336603e+00 1.626415094e+00 1.842976744e+00 
1.765990190e+00 1.611859838e+00 1.785674419e+00 
1.667075414e+00 1.682479784e+00 1.855255814e+00 
1.227876763e+00 1.301886792e+00 1.537488372e+00 
1.539546291e+00 1.456603774e+00 1.689860465e+00 
1.383200490e+00 1.368194070e+00 1.587162791e+00 
1.400367872e+00 1.244204852e+00 1.491534884e+00 
1.276313305e+00 1.490566038e+00 1.639069767e+00 
1.508787860e+00 1.660377358e+00 1.772093023e+00 
1.705088903e+00 1.623719677e+00 1.801488372e+00 
1.078479460e+00 1.185444744e+00 1.346232558e+00 
1.650723483e+00 1.478706199e+00 1.736558140e+00 
1.530553648e+00 1.595148248e+00 1.776744186e+00 
1.218679951e+00 1.390296496e+00 1.503255814e+00 
1.611894543e+00 1.453908356e+00 1.665674419e+00 
1.462906193e+00 1.312668464e+00 1.587162791e+00 
1.529940527e+00 1.526145553e+00 1.705302326e+00 
1.054057020e+00 1.221024259e+00 1.375069767e+00 
1.050275904e+00 1.131536388e+00 1.313674419e+00 
1.078479460e+00 1.197843666e+00 1.482046512e+00 
1.258123850e+00 1.467385445e+00 1.574139535e+00 
1.055487431e+00 1.220485175e+00 1.323162791e+00 
1.049049663e+00 1.107277628e+00 1.304186047e+00 
1.540772532e+00 1.505121294e+00 1.722976744e+00 
1.623954629e+00 1.652830189e+00 1.797953488e+00 
1.226445739e+00 1.156334232e+00 1.346232558e+00 
1.313304721e+00 1.360107817e+00 1.557767442e+00 
1.161863887e+00 1.167654987e+00 1.323162791e+00 
1.495401594e+00 1.433962264e+00 1.658046512e+00 
1.226445739e+00 1.174123989e+00 1.417116279e+00 
1.296750460e+00 1.365498652e+00 1.560558140e+00 
1.023707541e+00 1.119676550e+00 1.177860465e+00 
1.286940527e+00 1.378436658e+00 1.627348837e+00 
1.702636419e+00 1.832345013e+00 1.929116279e+00 
1.023707541e+00 1.132075472e+00 1.313674419e+00 
1.111792152e+00 1.184366577e+00 1.375069767e+00 
1.501736971e+00 1.582210243e+00 1.764465116e+00 
1.343347639e+00 1.321293801e+00 1.577674419e+00 
1.000000000e+00 1.088409704e+00 1.061395349e+00 
1.256284488e+00 1.123450135e+00 1.346232558e+00 
1.079705702e+00 1.017250674e+00 1.000000000e+00 
1.020846107e+00 1.040970350e+00 1.135813953e+00 
1.049049663e+00 1.094878706e+00 1.168372093e+00 
1.206825874e+00 1.083557951e+00 1.239255814e+00 
1.000000000e+00 1.073854447e+00 1.000000000e+00 
1.073574494e+00 1.077088949e+00 1.145302326e+00 
1.020846107e+00 1.028571429e+00 1.000000000e+00 
1.110565910e+00 1.017789757e+00 1.070883721e+00 
1.079705702e+00 1.031266846e+00 1.177860465e+00 
1.110565910e+00 1.000000000e+00 1.000000000e+00 

1.396076027e+00 1.387061995e+00 1.627348837e+00 
1.400776824e+00 1.490566038e+00 1.639069767e+00 
1.055487431e+00 1.220485175e+00 1.323162791e+00 
1.462906193e+00 1.312668464e+00 1.587162791e+00 
1.226445739e+00 1.156334232e+00 1.346232558e+00 
1.332924586e+00 1.461455526e+00 1.609674419e+00 
1.618025751e+00 1.672776280e+00 1.793860465e+00 
1.658694053e+00 1.712129380e+00 1.921488372e+00 
1.532393010e+00 1.407547170e+00 1.658046512e+00 
1.430308400e+00 1.492183288e+00 1.698232558e+00 
1.587572042e+00 1.712129380e+00 1.801488372e+00 
1.458001226e+00 1.461455526e+00 1.656186047e+00 
1.253218884e+00 1.332075472e+00 1.577674419e+00 
1.772121398e+00 1.705121294e+00 1.938604651e+00 
1.641324341e+00 1.838274933e+00 1.872372093e+00 
1.379521766e+00 1.472237197e+00 1.631441860e+00 
1.568565297e+00 1.445283019e+00 1.776744186e+00 
1.500306560e+00 1.445283019e+00 1.693581395e+00 
1.437155120e+00 1.345013477e+00 1.627348837e+00 
1.495401594e+00 1.310512129e+00 1.562418605e+00 
1.628448804e+00 1.614016173e+00 1.801488372e+00 
1.436541999e+00 1.468463612e+00 1.722976744e+00 
1.520743716e+00 1.367115903e+00 1.628651163e+00 
1.703249540e+00 1.655525606e+00 1.860093023e+00 
1.455548743e+00 1.381132075e+00 1.633116279e+00 
1.400367872e+00 1.313207547e+00 1.587162791e+00 
1.241569589e+00 1.428571429e+00 1.562418605e+00 
1.763231147e+00 1.867385445e+00 1.938604651e+00 
1.819129368e+00 1.602695418e+00 1.802790698e+00 
1.596768853e+00 1.715902965e+00 1.860093023e+00 
1.418761496e+00 1.450134771e+00 1.648558140e+00 
1.402207235e+00 1.504582210e+00 1.648558140e+00 
1.491722869e+00 1.583288410e+00 1.754976744e+00 
1.226445739e+00 1.174123989e+00 1.417116279e+00 
1.509912324e+00 1.513207547e+00 1.754976744e+00 
1.748620478e+00 1.597843666e+00 1.801488372e+00 
1.518904353e+00 1.522371968e+00 1.764465116e+00 
1.200694666e+00 1.274932615e+00 1.552930233e+00 
1.534028204e+00 1.594070081e+00 1.789209302e+00 
1.054057020e+00 1.221024259e+00 1.375069767e+00 
1.427958308e+00 1.625876011e+00 1.680558140e+00 
1.358062538e+00 1.404851752e+00 1.627348837e+00 
1.290619252e+00 1.312668464e+00 1.560558140e+00 
1.247700797e+00 1.338544474e+00 1.560558140e+00 
1.078479460e+00 1.197843666e+00 1.482046512e+00 
1.429695279e+00 1.607008086e+00 1.680558140e+00 
1.461884120e+00 1.458221024e+00 1.704000000e+00 
1.338442673e+00 1.259838275e+00 1.491534884e+00 
1.111792152e+00 1.184366577e+00 1.375069767e+00 
1.161863887e+00 1.167654987e+00 1.323162791e+00 
1.078479460e+00 1.185444744e+00 1.346232558e+00 
1.400367872e+00 1.244204852e+00 1.491534884e+00 
1.834457388e+00 1.686792453e+00 1.921488372e+00 
1.023707541e+00 1.119676550e+00 1.177860465e+00 
1.023707541e+00 1.132075472e+00 1.313674419e+00 
1.049049663e+00 1.094878706e+00 1.168372093e+00 
1.347537094e+00 1.456064690e+00 1.619162791e+00 
1.050275904e+00 1.131536388e+00 1.313674419e+00 
1.049049663e+00 1.107277628e+00 1.304186047e+00 
1.020846107e+00 1.040970350e+00 1.135813953e+00 
1.079705702e+00 1.017250674e+00 1.000000000e+00 
1.000000000e+00 1.073854447e+00 1.000000000e+00 
1.256284488e+00 1.123450135e+00 1.346232558e+00 
1.110565910e+00 1.017789757e+00 1.070883721e+00 
1.020846107e+00 1.028571429e+00 1.000000000e+00 
1.206825874e+00 1.083557951e+00 1.239255814e+00 
1.073574494e+00 1.077088949e+00 1.145302326e+00 
1.110565910e+00 1.000000000e+00 1.000000000e+00 
1.000000000e+00 1.088409704e+00 1.061395349e+00 
1.351931330e+00 1.438814016e+00 1.621953488e+00 
1.079705702e+00 1.031266846e+00 1.177860465e+00 

1.255467198e+00 1.325606469e+00 1.487813953e+00 
1.219293072e+00 1.365498652e+00 1.510883721e+00 
1.492540159e+00 1.593530997e+00 1.727069767e+00 
1.908031882e+00 1.840970350e+00 1.938604651e+00 
1.403842428e+00 1.519676550e+00 1.705860465e+00 
1.741673820e+00 1.727223720e+00 1.872372093e+00 
1.389331698e+00 1.518598383e+00 1.698232558e+00 
1.814224402e+00 1.621024259e+00 1.862883721e+00 
1.200797057e+00 1.379514825e+00 1.520372093e+00 
1.400367872e+00 1.313207547e+00 1.587162791e+00 
1.545677498e+00 1.616172507e+00 1.784372093e+00 
1.432863274e+00 1.310512129e+00 1.562418605e+00 
1.318005518e+00 1.415633423e+00 1.627348837e+00 
1.600141018e+00 1.612938005e+00 1.793860465e+00 
1.893316983e+00 1.851752022e+00 1.938604651e+00 
1.239526058e+00 1.416172507e+00 1.548279070e+00 
1.534232373e+00 1.725067385e+00 1.825860465e+00 
1.400367872e+00 1.411320755e+00 1.698232558e+00 
1.226445739e+00 1.156334232e+00 1.346232558e+00 
1.243000000e+00 1.399460916e+00 1.529860465e+00 
1.404659718e+00 1.291105121e+00 1.520372093e+00 
1.453709381e+00 1.483018868e+00 1.722976744e+00 
1.687921521e+00 1.729380054e+00 1.904372093e+00 
1.226445739e+00 1.174123989e+00 1.417116279e+00 
1.577866340e+00 1.706738544e+00 1.867720930e+00 
1.357653587e+00 1.297574124e+00 1.512744186e+00 
1.338033722e+00 1.414016173e+00 1.639069767e+00 
1.248722869e+00 1.443665768e+00 1.552930233e+00 
1.557737584e+00 1.642587601e+00 1.825860465e+00 
1.478234212e+00 1.457681941e+00 1.722976744e+00 
1.811974249e+00 1.856064690e+00 1.938604651e+00 
1.338442673e+00 1.259838275e+00 1.491534884e+00 
1.334763948e+00 1.334231806e+00 1.627348837e+00 
1.602697731e+00 1.534231806e+00 1.793860465e+00 
1.757204169e+00 1.685175202e+00 1.929116279e+00 
1.670956468e+00 1.683018868e+00 1.862883721e+00 
1.684653587e+00 1.738544474e+00 1.872372093e+00 
1.580012262e+00 1.636118598e+00 1.850604651e+00 
1.078479460e+00 1.185444744e+00 1.346232558e+00 
1.604739424e+00 1.611859838e+00 1.855255814e+00 
1.666155733e+00 1.823180593e+00 1.872372093e+00 
1.321275291e+00 1.304043127e+00 1.491534884e+00 
1.412426119e+00 1.409703504e+00 1.633116279e+00 
1.400367872e+00 1.244204852e+00 1.491534884e+00 
1.054057020e+00 1.221024259e+00 1.375069767e+00 
1.023707541e+00 1.132075472e+00 1.313674419e+00 
1.078479460e+00 1.197843666e+00 1.482046512e+00 
1.055487431e+00 1.220485175e+00 1.323162791e+00 
1.111792152e+00 1.184366577e+00 1.375069767e+00 
1.253218884e+00 1.332075472e+00 1.577674419e+00 
1.289597180e+00 1.274393531e+00 1.483348837e+00 
1.375843041e+00 1.301886792e+00 1.537488372e+00 
1.302268547e+00 1.320754717e+00 1.577674419e+00 
1.161863887e+00 1.167654987e+00 1.323162791e+00 
1.050275904e+00 1.131536388e+00 1.313674419e+00 
1.256284488e+00 1.123450135e+00 1.346232558e+00 
1.539546291e+00 1.680323450e+00 1.789209302e+00 
1.206825874e+00 1.083557951e+00 1.239255814e+00 
1.434089516e+00 1.298652291e+00 1.525209302e+00 
1.491722869e+00 1.611859838e+00 1.767255814e+00 
1.049049663e+00 1.094878706e+00 1.168372093e+00 
1.049049663e+00 1.107277628e+00 1.304186047e+00 
1.240036787e+00 1.335309973e+00 1.520372093e+00 
1.020846107e+00 1.040970350e+00 1.135813953e+00 
1.073574494e+00 1.077088949e+00 1.145302326e+00 
1.020846107e+00 1.028571429e+00 1.000000000e+00 
1.023707541e+00 1.119676550e+00 1.177860465e+00 
1.079705702e+00 1.031266846e+00 1.177860465e+00 
1.000000000e+00 1.088409704e+00 1.061395349e+00 
1.110565910e+00 1.000000000e+00 1.000000000e+00 
1.110565910e+00 1.017789757e+00 1.070883721e+00 
1.000000000e+00 1.073854447e+00 1.000000000e+00 
1.079705702e+00 1.017250674e+00 1.000000000e+00 

1.707130595e+00 1.713746631e+00 1.860093023e+00 
1.589515635e+00 1.805390836e+00 1.867720930e+00 
1.582464746e+00 1.600000000e+00 1.793860465e+00 
1.657265481e+00 1.478167116e+00 1.736558140e+00 
1.667277744e+00 1.699730458e+00 1.838139535e+00 
1.581440834e+00 1.592452830e+00 1.764465116e+00 
1.131412017e+00 1.274932615e+00 1.552930233e+00 
1.305538320e+00 1.465768194e+00 1.698232558e+00 
1.932759044e+00 1.672237197e+00 1.864186047e+00 
1.589006744e+00 1.592991914e+00 1.801488372e+00 
1.786223176e+00 1.712668464e+00 1.921488372e+00 
1.874310239e+00 1.776280323e+00 1.929116279e+00 
1.374616800e+00 1.415094340e+00 1.627348837e+00 
1.661968118e+00 1.804312668e+00 1.862883721e+00 
1.893519313e+00 1.621024259e+00 1.802790698e+00 
1.579399142e+00 1.768194070e+00 1.838139535e+00 
1.733905579e+00 1.562803235e+00 1.776744186e+00 
1.302268547e+00 1.320754717e+00 1.577674419e+00 
1.054057020e+00 1.221024259e+00 1.375069767e+00 
1.428980380e+00 1.601078167e+00 1.785674419e+00 
1.665033722e+00 1.763342318e+00 1.850604651e+00 
1.383200490e+00 1.368194070e+00 1.587162791e+00 
1.462906193e+00 1.312668464e+00 1.587162791e+00 
1.749846720e+00 1.582210243e+00 1.801488372e+00 
1.277130595e+00 1.321293801e+00 1.554604651e+00 
1.598099326e+00 1.587061995e+00 1.793860465e+00 
1.400367872e+00 1.313207547e+00 1.587162791e+00 
1.499080319e+00 1.293800539e+00 1.570046512e+00 
1.876149601e+00 1.684097035e+00 1.850604651e+00 
1.798896383e+00 1.835579515e+00 1.929116279e+00 
1.055487431e+00 1.220485175e+00 1.323162791e+00 
1.355201104e+00 1.401078167e+00 1.619162791e+00 
1.754954016e+00 1.693261456e+00 1.855255814e+00 
1.271408338e+00 1.363881402e+00 1.574139535e+00 
1.770282036e+00 1.663072776e+00 1.838139535e+00 
1.424279583e+00 1.445283019e+00 1.688744186e+00 
1.495401594e+00 1.310512129e+00 1.562418605e+00 
1.226445739e+00 1.174123989e+00 1.417116279e+00 
2.000000000e+00 1.785444744e+00 1.938604651e+00 
1.336603311e+00 1.423180593e+00 1.614325581e+00 
1.716738197e+00 1.729380054e+00 1.872372093e+00 
1.400367872e+00 1.244204852e+00 1.491534884e+00 
1.502145923e+00 1.370350404e+00 1.640930233e+00 
1.380543838e+00 1.468463612e+00 1.722976744e+00 
1.078479460e+00 1.197843666e+00 1.482046512e+00 
1.111792152e+00 1.184366577e+00 1.375069767e+00 
1.226445739e+00 1.156334232e+00 1.346232558e+00 
1.362763335e+00 1.445822102e+00 1.648558140e+00 
1.256284488e+00 1.123450135e+00 1.346232558e+00 
1.338442673e+00 1.259838275e+00 1.491534884e+00 
1.391171061e+00 1.414555256e+00 1.627348837e+00 
1.078479460e+00 1.185444744e+00 1.346232558e+00 
1.161863887e+00 1.167654987e+00 1.323162791e+00 
1.561005518e+00 1.401617251e+00 1.665674419e+00 
1.373594727e+00 1.437196765e+00 1.627348837e+00 
1.023707541e+00 1.119676550e+00 1.177860465e+00 
1.206825874e+00 1.083557951e+00 1.239255814e+00 
1.023707541e+00 1.132075472e+00 1.313674419e+00 
1.049049663e+00 1.107277628e+00 1.304186047e+00 
1.050275904e+00 1.131536388e+00 1.313674419e+00 
1.049049663e+00 1.094878706e+00 1.168372093e+00 
1.000000000e+00 1.088409704e+00 1.061395349e+00 
1.079705702e+00 1.031266846e+00 1.177860465e+00 
1.020846107e+00 1.028571429e+00 1.000000000e+00 
1.000000000e+00 1.073854447e+00 1.000000000e+00 
1.110565910e+00 1.000000000e+00 1.000000000e+00 
1.079705702e+00 1.017250674e+00 1.000000000e+00 
1.110565910e+00 1.017789757e+00 1.070883721e+00 
1.073574494e+00 1.077088949e+00 1.145302326e+00 
1.020846107e+00 1.040970350e+00 1.135813953e+00 

1.887492336e+00 1.893800539e+00 1.938604651e+00 
1.738197425e+00 1.807547170e+00 1.933767442e+00 
1.218679951e+00 1.390296496e+00 1.503255814e+00 
1.678927039e+00 1.680862534e+00 1.842976744e+00 
1.690171674e+00 1.778436658e+00 1.860093023e+00 
1.219293072e+00 1.365498652e+00 1.510883721e+00 
1.813611281e+00 1.677628032e+00 1.850604651e+00 
1.055487431e+00 1.220485175e+00 1.323162791e+00 
1.670141018e+00 1.614555256e+00 1.793860465e+00 
1.697320662e+00 1.800000000e+00 1.904372093e+00 
1.793991416e+00 1.805929919e+00 1.929116279e+00 
1.221132434e+00 1.321293801e+00 1.554604651e+00 
1.735131821e+00 1.615633423e+00 1.797953488e+00 
1.772121398e+00 1.767654987e+00 1.860093023e+00 
1.395871858e+00 1.482479784e+00 1.688744186e+00 
1.536684856e+00 1.618328841e+00 1.767255814e+00 
1.285101165e+00 1.298113208e+00 1.548279070e+00 
1.226445739e+00 1.174123989e+00 1.417116279e+00 
1.253218884e+00 1.331536388e+00 1.577674419e+00 
1.549969344e+00 1.514824798e+00 1.776744186e+00 
1.517473942e+00 1.467924528e+00 1.722976744e+00 
1.771919068e+00 1.580592992e+00 1.793860465e+00 
1.317698958e+00 1.457142857e+00 1.669767442e+00 
1.732477008e+00 1.739622642e+00 1.855255814e+00 
1.054057020e+00 1.221024259e+00 1.375069767e+00 
1.366237278e+00 1.423719677e+00 1.648558140e+00 
1.436541999e+00 1.468463612e+00 1.722976744e+00 
1.501736971e+00 1.582210243e+00 1.764465116e+00 
1.489474555e+00 1.775741240e+00 1.842976744e+00 
1.422644390e+00 1.538544474e+00 1.727069767e+00 
1.289393010e+00 1.528840970e+00 1.698232558e+00 
1.111792152e+00 1.184366577e+00 1.375069767e+00 
1.598712446e+00 1.626415094e+00 1.825860465e+00 
1.078479460e+00 1.197843666e+00 1.482046512e+00 
1.540159411e+00 1.691644205e+00 1.789209302e+00 
1.668301655e+00 1.804851752e+00 1.921488372e+00 
1.078479460e+00 1.185444744e+00 1.346232558e+00 
1.270795218e+00 1.311590296e+00 1.552930233e+00 
1.625996321e+00 1.735849057e+00 1.833488372e+00 
1.658798283e+00 1.621024259e+00 1.789209302e+00 
1.404046597e+00 1.367654987e+00 1.705860465e+00 
1.782955242e+00 1.708894879e+00 1.867720930e+00 
1.287144697e+00 1.415633423e+00 1.631441860e+00 
1.226445739e+00 1.156334232e+00 1.346232558e+00 
1.243408952e+00 1.334231806e+00 1.627348837e+00 
1.049049663e+00 1.094878706e+00 1.168372093e+00 
1.023707541e+00 1.119676550e+00 1.177860465e+00 
1.256284488e+00 1.123450135e+00 1.346232558e+00 
1.338442673e+00 1.259838275e+00 1.491534884e+00 
1.400367872e+00 1.244204852e+00 1.491534884e+00 
1.023707541e+00 1.132075472e+00 1.313674419e+00 
1.050275904e+00 1.131536388e+00 1.313674419e+00 
1.049049663e+00 1.107277628e+00 1.304186047e+00 
1.079705702e+00 1.017250674e+00 1.000000000e+00 
1.753727774e+00 1.601617251e+00 1.789209302e+00 
1.206825874e+00 1.083557951e+00 1.239255814e+00 
1.079705702e+00 1.031266846e+00 1.177860465e+00 
1.000000000e+00 1.073854447e+00 1.000000000e+00 
1.000000000e+00 1.088409704e+00 1.061395349e+00 
1.020846107e+00 1.028571429e+00 1.000000000e+00 
1.161863887e+00 1.167654987e+00 1.323162791e+00 
1.110565910e+00 1.017789757e+00 1.070883721e+00 
1.020846107e+00 1.040970350e+00 1.135813953e+00 
1.073574494e+00 1.077088949e+00 1.145302326e+00 
1.110565910e+00 1.000000000e+00 1.000000000e+00 

1.400980993e+00 1.435579515e+00 1.633116279e+00 
1.868179031e+00 1.760646900e+00 1.938604651e+00 
1.380543838e+00 1.468463612e+00 1.722976744e+00 
1.518087063e+00 1.398382749e+00 1.648558140e+00 
1.375229920e+00 1.459299191e+00 1.631441860e+00 
1.434906806e+00 1.539083558e+00 1.727069767e+00 
1.790312692e+00 1.866846361e+00 1.938604651e+00 
1.211935622e+00 1.437735849e+00 1.543441860e+00 
1.366442060e+00 1.505660377e+00 1.639069767e+00 
1.239526058e+00 1.416172507e+00 1.548279070e+00 
1.227876763e+00 1.301886792e+00 1.537488372e+00 
1.373390558e+00 1.481401617e+00 1.722976744e+00 
1.277130595e+00 1.321293801e+00 1.554604651e+00 
1.055487431e+00 1.220485175e+00 1.323162791e+00 
1.620275904e+00 1.762803235e+00 1.867720930e+00 
1.954015941e+00 1.724528302e+00 1.929116279e+00 
1.640098099e+00 1.494878706e+00 1.772093023e+00 
1.274269160e+00 1.274393531e+00 1.552930233e+00 
1.111792152e+00 1.184366577e+00 1.375069767e+00 
1.580214592e+00 1.691105121e+00 1.793860465e+00 
1.642752912e+00 1.627493261e+00 1.833488372e+00 
1.557939914e+00 1.445283019e+00 1.658046512e+00 
1.242182710e+00 1.346091644e+00 1.543441860e+00 
1.651747394e+00 1.730458221e+00 1.872372093e+00 
1.220723483e+00 1.378975741e+00 1.520372093e+00 
1.759043532e+00 1.761185984e+00 1.929116279e+00 
1.243408952e+00 1.334231806e+00 1.627348837e+00 
1.253218884e+00 1.277088949e+00 1.528000000e+00 
1.219293072e+00 1.365498652e+00 1.510883721e+00 
1.343347639e+00 1.321293801e+00 1.577674419e+00 
1.699570815e+00 1.687331536e+00 1.838139535e+00 
1.419578786e+00 1.408625337e+00 1.648558140e+00 
1.715511956e+00 1.682479784e+00 1.860093023e+00 
1.338442673e+00 1.259838275e+00 1.491534884e+00 
1.023707541e+00 1.132075472e+00 1.313674419e+00 
1.488044145e+00 1.535849057e+00 1.784372093e+00 
1.226445739e+00 1.156334232e+00 1.346232558e+00 
1.468424280e+00 1.424258760e+00 1.653395349e+00 
1.078479460e+00 1.197843666e+00 1.482046512e+00 
1.161863887e+00 1.167654987e+00 1.323162791e+00 
1.400367872e+00 1.244204852e+00 1.491534884e+00 
1.078479460e+00 1.185444744e+00 1.346232558e+00 
1.054057020e+00 1.221024259e+00 1.375069767e+00 
1.707541386e+00 1.616711590e+00 1.788465116e+00 
1.256284488e+00 1.123450135e+00 1.346232558e+00 
1.206825874e+00 1.083557951e+00 1.239255814e+00 
1.645616186e+00 1.753638814e+00 1.867720930e+00 
1.023707541e+00 1.119676550e+00 1.177860465e+00 
1.049049663e+00 1.094878706e+00 1.168372093e+00 
1.050275904e+00 1.131536388e+00 1.313674419e+00 
1.226445739e+00 1.174123989e+00 1.417116279e+00 
1.020846107e+00 1.028571429e+00 1.000000000e+00 
1.079705702e+00 1.017250674e+00 1.000000000e+00 
1.000000000e+00 1.088409704e+00 1.061395349e+00 
1.020846107e+00 1.040970350e+00 1.135813953e+00 
1.049049663e+00 1.107277628e+00 1.304186047e+00 
1.079705702e+00 1.031266846e+00 1.177860465e+00 
1.110565910e+00 1.017789757e+00 1.070883721e+00 
1.000000000e+00 1.073854447e+00 1.000000000e+00 
1.073574494e+00 1.077088949e+00 1.145302326e+00 
1.110565910e+00 1.000000000e+00 1.000000000e+00 

1.528101165e+00 1.585983827e+00 1.855255814e+00 
1.502350092e+00 1.499191375e+00 1.658046512e+00 
1.285101165e+00 1.298113208e+00 1.548279070e+00 
1.253218884e+00 1.331536388e+00 1.577674419e+00 
1.527283875e+00 1.571967655e+00 1.801488372e+00 
1.487022072e+00 1.507816712e+00 1.698232558e+00 
1.406396689e+00 1.623180593e+00 1.660279070e+00 
1.614347026e+00 1.485714286e+00 1.656186047e+00 
1.184345187e+00 1.346091644e+00 1.543441860e+00 
1.498467198e+00 1.705660377e+00 1.855255814e+00 
1.877988964e+00 1.807547170e+00 1.938604651e+00 
1.654812998e+00 1.486792453e+00 1.704000000e+00 
1.432863274e+00 1.310512129e+00 1.562418605e+00 
1.438177192e+00 1.591374663e+00 1.705302326e+00 
1.680766401e+00 1.715363881e+00 1.933767442e+00 
1.243408952e+00 1.334231806e+00 1.627348837e+00 
1.333231147e+00 1.435040431e+00 1.648558140e+00 
1.343347639e+00 1.321293801e+00 1.577674419e+00 
1.557124464e+00 1.639353100e+00 1.862883721e+00 
1.616799510e+00 1.454986523e+00 1.658046512e+00 
1.520539546e+00 1.498113208e+00 1.665674419e+00 
1.078479460e+00 1.185444744e+00 1.346232558e+00 
1.237277744e+00 1.408625337e+00 1.552930233e+00 
1.400367872e+00 1.244204852e+00 1.491534884e+00 
1.579399142e+00 1.404851752e+00 1.636279070e+00 
1.243408952e+00 1.321832884e+00 1.491534884e+00 
1.375843041e+00 1.413477089e+00 1.653395349e+00 
1.226445739e+00 1.156334232e+00 1.346232558e+00 
1.734518700e+00 1.501347709e+00 1.731906977e+00 
1.289597180e+00 1.274393531e+00 1.483348837e+00 
1.338442673e+00 1.259838275e+00 1.491534884e+00 
1.054057020e+00 1.221024259e+00 1.375069767e+00 
1.499080319e+00 1.293800539e+00 1.570046512e+00 
1.440220723e+00 1.541778976e+00 1.693581395e+00 
1.315961373e+00 1.300808625e+00 1.552930233e+00 
1.564684243e+00 1.529380054e+00 1.705860465e+00 
1.532393010e+00 1.488409704e+00 1.658046512e+00 
1.055487431e+00 1.220485175e+00 1.323162791e+00 
1.226445739e+00 1.174123989e+00 1.417116279e+00 
1.436235438e+00 1.526145553e+00 1.688744186e+00 
1.078479460e+00 1.197843666e+00 1.482046512e+00 
1.482117106e+00 1.534770889e+00 1.784372093e+00 
1.256284488e+00 1.123450135e+00 1.346232558e+00 
1.206825874e+00 1.083557951e+00 1.239255814e+00 
1.706928265e+00 1.545013477e+00 1.797953488e+00 
1.049049663e+00 1.107277628e+00 1.304186047e+00 
1.253218884e+00 1.277088949e+00 1.528000000e+00 
1.111792152e+00 1.184366577e+00 1.375069767e+00 
1.050275904e+00 1.131536388e+00 1.313674419e+00 
1.049049663e+00 1.094878706e+00 1.168372093e+00 
1.023707541e+00 1.119676550e+00 1.177860465e+00 
1.110565910e+00 1.000000000e+00 1.000000000e+00 
1.161863887e+00 1.167654987e+00 1.323162791e+00 
1.020846107e+00 1.028571429e+00 1.000000000e+00 
1.110565910e+00 1.017789757e+00 1.070883721e+00 
1.023707541e+00 1.132075472e+00 1.313674419e+00 
1.020846107e+00 1.040970350e+00 1.135813953e+00 
1.079705702e+00 1.017250674e+00 1.000000000e+00 
1.073574494e+00 1.077088949e+00 1.145302326e+00 
1.079705702e+00 1.031266846e+00 1.177860465e+00 
1.000000000e+00 1.088409704e+00 1.061395349e+00 
1.000000000e+00 1.073854447e+00 1.000000000e+00 

1.316166156e+00 1.357951482e+00 1.577674419e+00 
1.776824034e+00 1.672237197e+00 1.867720930e+00 
1.530553648e+00 1.410781671e+00 1.698232558e+00 
1.360106070e+00 1.354716981e+00 1.562418605e+00 
1.400367872e+00 1.313207547e+00 1.587162791e+00 
1.313304721e+00 1.360107817e+00 1.557767442e+00 
1.550582465e+00 1.452291105e+00 1.722976744e+00 
1.286940527e+00 1.378436658e+00 1.627348837e+00 
1.426936235e+00 1.658760108e+00 1.699348837e+00 
1.467606990e+00 1.590835580e+00 1.860093023e+00 
1.488044145e+00 1.406469003e+00 1.656186047e+00 
1.280605150e+00 1.471698113e+00 1.693581395e+00 
1.153995708e+00 1.335849057e+00 1.520372093e+00 
1.397915389e+00 1.256064690e+00 1.487813953e+00 
1.666358063e+00 1.756873315e+00 1.921488372e+00 
1.338442673e+00 1.259838275e+00 1.491534884e+00 
1.432863274e+00 1.310512129e+00 1.562418605e+00 
1.645616186e+00 1.816711590e+00 1.867720930e+00 
1.722256284e+00 1.741778976e+00 1.867720930e+00 
1.226445739e+00 1.174123989e+00 1.417116279e+00 
1.332311465e+00 1.443126685e+00 1.643906977e+00 
1.277130595e+00 1.321293801e+00 1.554604651e+00 
1.522378909e+00 1.491105121e+00 1.801488372e+00 
1.400367872e+00 1.244204852e+00 1.491534884e+00 
1.441446965e+00 1.538005391e+00 1.722976744e+00 
1.200694666e+00 1.274932615e+00 1.552930233e+00 
1.827713059e+00 1.722371968e+00 1.929116279e+00 
1.078479460e+00 1.197843666e+00 1.482046512e+00 
1.226445739e+00 1.156334232e+00 1.346232558e+00 
1.377886573e+00 1.397843666e+00 1.648558140e+00 
1.055487431e+00 1.220485175e+00 1.323162791e+00 
1.520743716e+00 1.388679245e+00 1.640930233e+00 
1.713672594e+00 1.711590296e+00 1.864186047e+00 
1.111792152e+00 1.184366577e+00 1.375069767e+00 
1.078479460e+00 1.185444744e+00 1.346232558e+00 
1.206825874e+00 1.083557951e+00 1.239255814e+00 
1.373594727e+00 1.454986523e+00 1.698232558e+00 
1.179337830e+00 1.311051213e+00 1.510883721e+00 
1.049049663e+00 1.107277628e+00 1.304186047e+00 
1.383200490e+00 1.368194070e+00 1.587162791e+00 
1.023707541e+00 1.132075472e+00 1.313674419e+00 
1.256284488e+00 1.123450135e+00 1.346232558e+00 
1.787247088e+00 1.712129380e+00 1.872372093e+00 
1.050275904e+00 1.131536388e+00 1.313674419e+00 
1.054057020e+00 1.221024259e+00 1.375069767e+00 
1.023707541e+00 1.119676550e+00 1.177860465e+00 
1.020846107e+00 1.028571429e+00 1.000000000e+00 
1.814837523e+00 1.749865229e+00 1.929116279e+00 
1.000000000e+00 1.073854447e+00 1.000000000e+00 
1.049049663e+00 1.094878706e+00 1.168372093e+00 
1.020846107e+00 1.040970350e+00 1.135813953e+00 
1.110565910e+00 1.000000000e+00 1.000000000e+00 
1.079705702e+00 1.017250674e+00 1.000000000e+00 
1.110565910e+00 1.017789757e+00 1.070883721e+00 
1.161863887e+00 1.167654987e+00 1.323162791e+00 
1.073574494e+00 1.077088949e+00 1.145302326e+00 
1.000000000e+00 1.088409704e+00 1.061395349e+00 
1.079705702e+00 1.031266846e+00 1.177860465e+00 

1.570404660e+00 1.610242588e+00 1.850604651e+00 
1.561618639e+00 1.427493261e+00 1.665674419e+00 
1.733494788e+00 1.762803235e+00 1.904372093e+00 
1.756793378e+00 1.739622642e+00 1.921488372e+00 
1.054057020e+00 1.221024259e+00 1.375069767e+00 
1.436746168e+00 1.464150943e+00 1.793860465e+00 
1.423870632e+00 1.473854447e+00 1.682232558e+00 
1.616799510e+00 1.650134771e+00 1.862883721e+00 
1.305129982e+00 1.425876011e+00 1.627348837e+00 
1.580012262e+00 1.404851752e+00 1.636279070e+00 
1.331085224e+00 1.290026954e+00 1.486139535e+00 
1.815450644e+00 1.813477089e+00 1.938604651e+00 
1.608418148e+00 1.782749326e+00 1.872372093e+00 
1.211935622e+00 1.437735849e+00 1.543441860e+00 
1.329858982e+00 1.474932615e+00 1.705860465e+00 
1.499080319e+00 1.293800539e+00 1.570046512e+00 
1.797976701e+00 1.843126685e+00 1.933767442e+00 
1.819331698e+00 1.647439353e+00 1.872372093e+00 
1.569282649e+00 1.764959569e+00 1.801488372e+00 
1.773347639e+00 1.867385445e+00 1.938604651e+00 
1.240036787e+00 1.335309973e+00 1.520372093e+00 
1.771508277e+00 1.561185984e+00 1.801488372e+00 
1.277130595e+00 1.321293801e+00 1.554604651e+00 
1.338442673e+00 1.259838275e+00 1.491534884e+00 
1.271305947e+00 1.363342318e+00 1.606511628e+00 
1.285101165e+00 1.298113208e+00 1.548279070e+00 
1.253218884e+00 1.331536388e+00 1.577674419e+00 
1.505415696e+00 1.798382749e+00 1.854697674e+00 
1.055487431e+00 1.220485175e+00 1.323162791e+00 
1.226445739e+00 1.174123989e+00 1.417116279e+00 
1.366237278e+00 1.423719677e+00 1.648558140e+00 
1.403433476e+00 1.404312668e+00 1.627348837e+00 
1.226445739e+00 1.156334232e+00 1.346232558e+00 
1.243000000e+00 1.399460916e+00 1.529860465e+00 
1.462906193e+00 1.312668464e+00 1.587162791e+00 
1.391171061e+00 1.414555256e+00 1.627348837e+00 
1.078479460e+00 1.197843666e+00 1.482046512e+00 
1.785407725e+00 1.695956873e+00 1.929116279e+00 
1.700079706e+00 1.695956873e+00 1.872372093e+00 
1.111792152e+00 1.184366577e+00 1.375069767e+00 
1.720416922e+00 1.572506739e+00 1.801488372e+00 
1.049049663e+00 1.094878706e+00 1.168372093e+00 
1.049049663e+00 1.107277628e+00 1.304186047e+00 
1.561618639e+00 1.412938005e+00 1.653395349e+00 
1.243408952e+00 1.321832884e+00 1.491534884e+00 
1.078479460e+00 1.185444744e+00 1.346232558e+00 
1.050275904e+00 1.131536388e+00 1.313674419e+00 
1.206825874e+00 1.083557951e+00 1.239255814e+00 
1.023707541e+00 1.132075472e+00 1.313674419e+00 
1.400367872e+00 1.244204852e+00 1.491534884e+00 
1.023707541e+00 1.119676550e+00 1.177860465e+00 
1.427958308e+00 1.360646900e+00 1.627348837e+00 
1.256284488e+00 1.123450135e+00 1.346232558e+00 
1.079705702e+00 1.017250674e+00 1.000000000e+00 
1.073574494e+00 1.077088949e+00 1.145302326e+00 
1.000000000e+00 1.088409704e+00 1.061395349e+00 
1.161863887e+00 1.167654987e+00 1.323162791e+00 
1.020846107e+00 1.040970350e+00 1.135813953e+00 
1.079705702e+00 1.031266846e+00 1.177860465e+00 
1.110565910e+00 1.017789757e+00 1.070883721e+00 
1.110565910e+00 1.000000000e+00 1.000000000e+00 
1.020846107e+00 1.028571429e+00 1.000000000e+00 
1.000000000e+00 1.073854447e+00 1.000000000e+00 

1.290619252e+00 1.312668464e+00 1.560558140e+00 
1.179337830e+00 1.311051213e+00 1.510883721e+00 
1.400980993e+00 1.356873315e+00 1.587162791e+00 
1.773758430e+00 1.921832884e+00 1.938604651e+00 
1.249540159e+00 1.320754717e+00 1.520372093e+00 
1.892703863e+00 1.708894879e+00 1.867720930e+00 
1.378295524e+00 1.388679245e+00 1.627348837e+00 
1.305334151e+00 1.445283019e+00 1.688744186e+00 
1.499080319e+00 1.293800539e+00 1.570046512e+00 
1.347639485e+00 1.409164420e+00 1.648558140e+00 
1.621906806e+00 1.814016173e+00 1.862883721e+00 
1.247700797e+00 1.338544474e+00 1.560558140e+00 
1.289597180e+00 1.274393531e+00 1.483348837e+00 
1.373594727e+00 1.454986523e+00 1.698232558e+00 
1.375843041e+00 1.301347709e+00 1.537488372e+00 
1.338851625e+00 1.380053908e+00 1.598883721e+00 
1.331085224e+00 1.290026954e+00 1.486139535e+00 
1.790619252e+00 1.766037736e+00 1.929116279e+00 
1.637234825e+00 1.719137466e+00 1.872372093e+00 
1.307684243e+00 1.411859838e+00 1.614325581e+00 
1.567339056e+00 1.761185984e+00 1.825860465e+00 
1.338442673e+00 1.259838275e+00 1.491534884e+00 
1.799509503e+00 1.671698113e+00 1.833488372e+00 
1.802575107e+00 1.812398922e+00 1.938604651e+00 
1.240036787e+00 1.335309973e+00 1.520372093e+00 
1.481299816e+00 1.290026954e+00 1.557767442e+00 
1.459840589e+00 1.408625337e+00 1.693581395e+00 
1.078479460e+00 1.185444744e+00 1.346232558e+00 
1.253218884e+00 1.331536388e+00 1.577674419e+00 
1.756591048e+00 1.926145553e+00 1.904372093e+00 
1.400367872e+00 1.244204852e+00 1.491534884e+00 
1.380543838e+00 1.468463612e+00 1.722976744e+00 
1.495401594e+00 1.310512129e+00 1.562418605e+00 
1.459227468e+00 1.431266846e+00 1.722976744e+00 
1.418965665e+00 1.507816712e+00 1.793860465e+00 
1.184345187e+00 1.346091644e+00 1.543441860e+00 
1.738608216e+00 1.698113208e+00 1.860093023e+00 
1.226445739e+00 1.174123989e+00 1.417116279e+00 
1.637032495e+00 1.564959569e+00 1.801488372e+00 
1.358062538e+00 1.404851752e+00 1.627348837e+00 
1.552421827e+00 1.652830189e+00 1.801488372e+00 
1.111792152e+00 1.184366577e+00 1.375069767e+00 
1.338238504e+00 1.548247978e+00 1.692837209e+00 
1.055487431e+00 1.220485175e+00 1.323162791e+00 
1.240343348e+00 1.334770889e+00 1.543441860e+00 
1.312691600e+00 1.415633423e+00 1.631441860e+00 
1.226445739e+00 1.156334232e+00 1.346232558e+00 
1.206825874e+00 1.083557951e+00 1.239255814e+00 
1.161863887e+00 1.167654987e+00 1.323162791e+00 
1.049049663e+00 1.094878706e+00 1.168372093e+00 
1.054057020e+00 1.221024259e+00 1.375069767e+00 
1.050275904e+00 1.131536388e+00 1.313674419e+00 
1.049049663e+00 1.107277628e+00 1.304186047e+00 
1.610055181e+00 1.782749326e+00 1.833488372e+00 
1.532393010e+00 1.407547170e+00 1.658046512e+00 
1.256284488e+00 1.123450135e+00 1.346232558e+00 
1.078479460e+00 1.197843666e+00 1.482046512e+00 
1.023707541e+00 1.119676550e+00 1.177860465e+00 
1.270795218e+00 1.297035040e+00 1.491534884e+00 
1.073574494e+00 1.077088949e+00 1.145302326e+00 
1.000000000e+00 1.088409704e+00 1.061395349e+00 
1.023707541e+00 1.132075472e+00 1.313674419e+00 
1.110565910e+00 1.017789757e+00 1.070883721e+00 
1.020846107e+00 1.028571429e+00 1.000000000e+00 
1.079705702e+00 1.017250674e+00 1.000000000e+00 
1.110565910e+00 1.000000000e+00 1.000000000e+00 
1.000000000e+00 1.073854447e+00 1.000000000e+00 
1.079705702e+00 1.031266846e+00 1.177860465e+00 
1.020846107e+00 1.040970350e+00 1.135813953e+00 

1.578786021e+00 1.560107817e+00 1.793860465e+00 
1.380952177e+00 1.481401617e+00 1.698232558e+00 
1.601471490e+00 1.631266846e+00 1.801488372e+00 
1.253218884e+00 1.331536388e+00 1.577674419e+00 
1.642446352e+00 1.653908356e+00 1.862883721e+00 
1.389944819e+00 1.472776280e+00 1.656186047e+00 
1.510933783e+00 1.758490566e+00 1.855255814e+00 
1.305334151e+00 1.375202156e+00 1.587162791e+00 
1.465358676e+00 1.446361186e+00 1.656186047e+00 
1.518087063e+00 1.390835580e+00 1.693581395e+00 
1.432659105e+00 1.630727763e+00 1.772093023e+00 
1.338442673e+00 1.259838275e+00 1.491534884e+00 
1.487431024e+00 1.404312668e+00 1.631441860e+00 
1.495401594e+00 1.310512129e+00 1.562418605e+00 
1.153995708e+00 1.335849057e+00 1.520372093e+00 
1.462906193e+00 1.312668464e+00 1.587162791e+00 
1.654402207e+00 1.675471698e+00 1.872372093e+00 
1.793274065e+00 1.812398922e+00 1.938604651e+00 
1.593090129e+00 1.445822102e+00 1.722976744e+00 
1.460657879e+00 1.578436658e+00 1.705860465e+00 
1.481299816e+00 1.290026954e+00 1.557767442e+00 
1.078479460e+00 1.185444744e+00 1.346232558e+00 
1.540361741e+00 1.591913747e+00 1.722976744e+00 
1.226445739e+00 1.174123989e+00 1.417116279e+00 
1.914978541e+00 1.770889488e+00 1.938604651e+00 
1.400367872e+00 1.244204852e+00 1.491534884e+00 
1.054057020e+00 1.221024259e+00 1.375069767e+00 
1.055487431e+00 1.220485175e+00 1.323162791e+00 
1.184345187e+00 1.346091644e+00 1.543441860e+00 
1.482526058e+00 1.572506739e+00 1.717581395e+00 
1.286940527e+00 1.378436658e+00 1.627348837e+00 
1.764150828e+00 1.833423181e+00 1.933767442e+00 
1.638461067e+00 1.576280323e+00 1.801488372e+00 
1.602697731e+00 1.370889488e+00 1.611348837e+00 
1.111792152e+00 1.184366577e+00 1.375069767e+00 
1.200694666e+00 1.274932615e+00 1.552930233e+00 
1.375638872e+00 1.530997305e+00 1.693581395e+00 
1.261393624e+00 1.466846361e+00 1.591255814e+00 
1.412221337e+00 1.416172507e+00 1.631441860e+00 
1.832004905e+00 1.669541779e+00 1.929116279e+00 
1.536480687e+00 1.389757412e+00 1.631441860e+00 
1.435928878e+00 1.458760108e+00 1.643906977e+00 
1.179337830e+00 1.311051213e+00 1.510883721e+00 
1.601471490e+00 1.515363881e+00 1.776744186e+00 
1.573678725e+00 1.695417790e+00 1.929116279e+00 
1.049049663e+00 1.107277628e+00 1.304186047e+00 
1.302268547e+00 1.320754717e+00 1.577674419e+00 
1.078479460e+00 1.197843666e+00 1.482046512e+00 
1.256284488e+00 1.123450135e+00 1.346232558e+00 
1.023707541e+00 1.119676550e+00 1.177860465e+00 
1.161863887e+00 1.167654987e+00 1.323162791e+00 
1.050275904e+00 1.131536388e+00 1.313674419e+00 
1.079705702e+00 1.031266846e+00 1.177860465e+00 
1.023707541e+00 1.132075472e+00 1.313674419e+00 
1.555285101e+00 1.550404313e+00 1.717581395e+00 
1.206825874e+00 1.083557951e+00 1.239255814e+00 
1.543838136e+00 1.630188679e+00 1.772093023e+00 
1.226445739e+00 1.156334232e+00 1.346232558e+00 
1.079705702e+00 1.017250674e+00 1.000000000e+00 
1.020846107e+00 1.028571429e+00 1.000000000e+00 
1.110565910e+00 1.017789757e+00 1.070883721e+00 
1.020846107e+00 1.040970350e+00 1.135813953e+00 
1.073574494e+00 1.077088949e+00 1.145302326e+00 
1.000000000e+00 1.088409704e+00 1.061395349e+00 
1.049049663e+00 1.094878706e+00 1.168372093e+00 
1.000000000e+00 1.073854447e+00 1.000000000e+00 
1.110565910e+00 1.000000000e+00 1.000000000e+00 

1.345800123e+00 1.378436658e+00 1.627348837e+00 
1.424688535e+00 1.509973046e+00 1.677395349e+00 
1.349785408e+00 1.546091644e+00 1.660279070e+00 
1.316166156e+00 1.357951482e+00 1.577674419e+00 
1.804003679e+00 1.800539084e+00 1.904372093e+00 
1.649497241e+00 1.647439353e+00 1.838139535e+00 
1.586143470e+00 1.571967655e+00 1.801488372e+00 
1.629061925e+00 1.548247978e+00 1.764465116e+00 
1.415082771e+00 1.468463612e+00 1.639069767e+00 
1.432863274e+00 1.310512129e+00 1.562418605e+00 
1.449621704e+00 1.638814016e+00 1.784372093e+00 
1.469037400e+00 1.377358491e+00 1.587162791e+00 
1.227876763e+00 1.301886792e+00 1.537488372e+00 
1.472716125e+00 1.437735849e+00 1.705860465e+00 
1.648681790e+00 1.828032345e+00 1.860093023e+00 
1.200797057e+00 1.379514825e+00 1.520372093e+00 
1.369098712e+00 1.320754717e+00 1.554604651e+00 
1.690987124e+00 1.493261456e+00 1.736558140e+00 
1.309421827e+00 1.419946092e+00 1.560558140e+00 
1.470774372e+00 1.602695418e+00 1.759627907e+00 
1.054057020e+00 1.221024259e+00 1.375069767e+00 
1.647657879e+00 1.718059299e+00 1.838139535e+00 
1.616799510e+00 1.549326146e+00 1.727069767e+00 
1.078479460e+00 1.197843666e+00 1.482046512e+00 
1.690987124e+00 1.602156334e+00 1.867720930e+00 
1.453709381e+00 1.467924528e+00 1.722976744e+00 
1.526057633e+00 1.412938005e+00 1.653395349e+00 
1.461679951e+00 1.435040431e+00 1.648558140e+00 
1.543427345e+00 1.429110512e+00 1.658046512e+00 
1.523809319e+00 1.747708895e+00 1.855255814e+00 
1.373390558e+00 1.347169811e+00 1.577674419e+00 
1.262415696e+00 1.355795148e+00 1.552930233e+00 
1.285101165e+00 1.298113208e+00 1.548279070e+00 
1.539546291e+00 1.622641509e+00 1.767255814e+00 
1.401594114e+00 1.346630728e+00 1.577674419e+00 
1.496832005e+00 1.592991914e+00 1.764465116e+00 
1.402207235e+00 1.280862534e+00 1.497302326e+00 
1.318005518e+00 1.415633423e+00 1.627348837e+00 
1.598405886e+00 1.434501348e+00 1.693581395e+00 
1.577357449e+00 1.586522911e+00 1.727069767e+00 
1.111792152e+00 1.184366577e+00 1.375069767e+00 
1.055487431e+00 1.220485175e+00 1.323162791e+00 
1.681992643e+00 1.692722372e+00 1.855255814e+00 
1.378499693e+00 1.414555256e+00 1.631441860e+00 
1.841814838e+00 1.830188679e+00 1.938604651e+00 
1.738197425e+00 1.841509434e+00 1.938604651e+00 
1.226445739e+00 1.156334232e+00 1.346232558e+00 
1.237277744e+00 1.423180593e+00 1.614325581e+00 
1.338442673e+00 1.259838275e+00 1.491534884e+00 
1.226445739e+00 1.174123989e+00 1.417116279e+00 
1.882280809e+00 1.686253369e+00 1.921488372e+00 
1.400776824e+00 1.490566038e+00 1.639069767e+00 
1.528714286e+00 1.589757412e+00 1.727069767e+00 
1.679540159e+00 1.740161725e+00 1.872372093e+00 
1.078479460e+00 1.185444744e+00 1.346232558e+00 
1.412017167e+00 1.474932615e+00 1.636279070e+00 
1.400367872e+00 1.244204852e+00 1.491534884e+00 
1.050275904e+00 1.131536388e+00 1.313674419e+00 
1.161863887e+00 1.167654987e+00 1.323162791e+00 
1.049049663e+00 1.094878706e+00 1.168372093e+00 
1.246474555e+00 1.296495957e+00 1.545116279e+00 
1.256284488e+00 1.123450135e+00 1.346232558e+00 
1.315553035e+00 1.398382749e+00 1.625488372e+00 
1.206825874e+00 1.083557951e+00 1.239255814e+00 
1.233394850e+00 1.439353100e+00 1.603720930e+00 
1.110565910e+00 1.000000000e+00 1.000000000e+00 
1.049049663e+00 1.107277628e+00 1.304186047e+00 
1.079705702e+00 1.017250674e+00 1.000000000e+00 
1.023707541e+00 1.119676550e+00 1.177860465e+00 
1.000000000e+00 1.088409704e+00 1.061395349e+00 
1.023707541e+00 1.132075472e+00 1.313674419e+00 
1.020846107e+00 1.028571429e+00 1.000000000e+00 
1.020846107e+00 1.040970350e+00 1.135813953e+00 
1.000000000e+00 1.073854447e+00 1.000000000e+00 
1.073574494e+00 1.077088949e+00 1.145302326e+00 
1.110565910e+00 1.017789757e+00 1.070883721e+00 
1.079705702e+00 1.031266846e+00 1.177860465e+00 
