Fo(cost)	Fo(time)	Fo(bonus)

3190.7	12098	29077
tour: 0 56 28 68 76 66 3 83 42 8 69 74 36 86 80 18 93 39 82 19 71 35 15 58 81 31 11 78 96 7 13 50 33 79 9 72 2 90 70 37 41 16 30 38 98 94 53 20 32 45 59 24 27 64 87 23 46 63 88 51 6 21 10 49 57 75 14 4 29 54 99 52 47 1 89 65 55 22 67 26 92 85 61 43 25 97 40 17 34 77 5 12 91 48 73 62 84 60 95 44 0 
bonus: 56 28 68 76 66 3 83 42 8 69 74 36 86 80 18 93 71 70 37 41 16 30 38 98 94 53 20 32 45 59 24 27 64 87 23 46 63 88 51 6 21 10 49 57 75 14 4 29 54 99 
passengers: 199 198 203 139 145 67 131 132 205 220 46 248 119 92 99 164 84 80 20 16 55 8 12 245 241 189 

3123.65	11332	16995
tour: 0 56 28 68 76 66 3 83 42 8 69 74 36 86 80 18 23 46 63 85 92 26 67 22 55 65 89 1 47 52 99 54 29 4 14 75 57 49 10 21 6 51 88 79 9 72 2 90 70 37 41 16 30 38 98 94 53 20 32 45 59 24 27 64 87 93 39 82 19 71 35 15 58 81 31 11 78 96 7 13 50 33 61 43 25 97 40 17 34 77 5 12 91 48 73 62 84 60 95 44 0 
bonus: 56 28 68 76 66 3 83 42 8 69 74 36 86 80 18 23 46 63 85 5 12 91 48 73 62 84 60 95 44 
passengers: 200 202 198 141 146 82 74 195 166 170 1 98 100 131 204 226 52 136 217 219 215 241 189 

