Fo(cost)	Fo(time)	Fo(bonus)

14137	12182	33824
tour: 0 33 71 89 70 25 62 36 18 77 8 27 85 92 54 49 39 60 17 30 73 83 99 68 57 79 63 95 14 84 65 78 11 5 42 82 1 26 15 37 20 7 40 90 48 76 41 96 61 10 72 69 59 94 24 4 55 16 74 9 43 80 28 52 22 44 19 64 81 97 2 86 98 75 87 35 50 23 91 12 32 88 38 13 58 66 21 46 56 29 67 93 3 51 31 45 6 34 47 53 0 
bonus: 33 71 89 70 25 62 36 18 77 27 43 80 28 52 22 44 19 64 81 97 2 86 98 75 87 35 50 23 91 12 32 88 38 13 58 66 21 46 56 29 67 93 3 51 31 45 6 34 47 53 
passengers: 2 5 3 160 136 83 167 168 56 130 101 47 51 140 139 177 96 58 

4356.42	12121	30353
tour: 0 53 47 34 6 45 31 51 76 41 96 61 10 7 20 78 65 84 14 11 5 42 82 1 26 15 37 3 93 67 29 56 48 90 40 46 21 66 27 85 92 54 49 39 60 17 30 73 83 69 72 28 52 22 44 19 64 81 97 58 13 2 86 98 75 87 35 50 23 91 12 32 88 38 94 59 80 43 9 74 16 55 4 24 95 63 79 57 68 99 8 77 18 36 62 25 70 89 71 33 0 
bonus: 53 47 34 6 45 31 51 76 41 96 61 10 7 20 78 65 84 14 11 85 92 54 49 83 38 94 59 80 43 9 74 16 55 4 24 95 63 79 57 68 99 8 77 18 36 62 25 70 89 71 33 
passengers: 31 30 134 106 69 113 115 114 140 146 147 152 129 166 40 

13907	10776	8235
tour: 0 33 71 89 70 25 62 36 18 77 58 13 29 56 48 90 40 46 21 66 27 85 92 54 49 39 60 84 14 11 5 42 82 1 26 15 37 3 93 67 65 78 20 7 10 61 96 41 76 51 31 45 6 68 99 8 57 79 63 95 24 4 55 16 74 9 43 80 59 94 38 88 32 12 91 23 50 35 87 75 98 86 2 97 81 64 19 44 22 52 28 72 69 83 73 30 17 34 47 53 0 
bonus: 33 71 89 70 25 62 36 18 13 34 47 53 
passengers: 2 5 3 158 92 67 33 169 99 162 144 174 

5937.67	12232	33111
tour: 0 53 47 34 6 45 31 70 25 62 36 18 77 8 27 85 92 54 49 39 14 84 60 17 30 73 83 99 68 57 79 63 95 24 4 55 16 74 9 43 80 28 52 22 44 19 64 81 97 2 86 98 75 87 35 50 23 91 12 32 88 38 94 59 69 72 10 61 96 41 76 51 3 93 67 65 78 20 7 40 90 48 56 29 13 58 66 21 46 37 15 26 1 82 42 5 11 89 71 33 0 
bonus: 53 47 34 6 45 31 70 25 62 36 18 77 8 27 85 92 54 35 50 23 91 12 32 88 38 94 59 69 72 10 61 96 41 76 51 3 93 67 65 78 20 7 40 90 48 56 1 82 42 5 11 89 71 33 
passengers: 5 31 27 114 163 22 77 94 146 143 126 55 19 15 

4329.5	12341	36160
tour: 0 53 47 34 6 45 31 51 76 41 96 61 10 7 20 78 65 67 93 3 37 15 26 1 82 42 5 11 14 84 60 39 49 54 92 85 27 17 30 73 83 69 72 28 52 22 44 19 64 81 97 58 66 21 46 40 90 48 56 29 13 2 86 98 75 87 35 50 23 91 12 32 88 38 94 59 80 43 9 74 16 55 4 24 95 63 79 57 68 99 8 77 18 36 62 25 70 89 71 33 0 
bonus: 53 47 34 6 45 31 51 76 41 96 61 10 7 20 44 19 64 81 97 58 66 21 46 40 90 48 56 29 13 98 75 87 35 50 23 91 12 32 24 95 63 79 57 68 99 8 77 18 36 62 25 70 89 71 33 
passengers: 31 27 30 106 113 114 90 140 146 147 152 129 100 40 

13860	11265	14968
tour: 0 33 71 89 70 25 62 36 18 77 8 99 68 57 79 63 95 24 4 55 16 74 9 43 80 59 94 38 88 32 12 91 23 50 35 87 75 98 86 2 97 81 64 19 44 22 52 28 72 69 83 73 30 17 27 85 92 54 49 39 60 84 14 11 5 42 82 1 26 15 37 46 56 29 13 58 66 21 40 90 48 76 41 96 61 10 7 20 78 65 67 93 3 51 31 45 6 34 47 53 0 
bonus: 33 71 89 70 25 62 36 18 77 8 99 28 20 78 65 67 93 3 51 31 45 6 34 47 53 
passengers: 2 0 6 160 183 151 59 16 174 95 57 25 55 36 

4412.08	12610	38546
tour: 0 53 47 34 6 45 31 51 76 41 96 61 10 72 69 83 73 30 17 60 39 49 54 15 26 1 82 42 5 11 14 84 65 78 20 7 40 90 48 56 29 67 93 3 37 46 21 66 58 13 38 88 32 12 91 23 50 35 87 75 98 86 2 97 81 52 28 80 59 94 22 44 19 64 92 85 27 43 9 74 16 55 4 24 95 63 79 57 68 99 8 77 18 36 62 25 70 89 71 33 0 
bonus: 53 47 34 6 45 31 51 76 41 96 61 10 72 69 83 73 30 17 60 39 49 54 15 26 1 82 42 5 11 14 84 65 78 20 44 19 64 92 85 27 43 9 74 16 55 4 24 95 63 79 57 68 99 8 77 18 36 62 25 70 89 71 33 
passengers: 30 134 131 70 109 65 162 17 123 90 100 179 40 

5083.25	12072	29658
tour: 0 53 47 34 6 45 31 51 76 41 96 61 10 72 69 83 73 30 17 60 39 49 54 3 93 67 29 56 48 90 40 7 20 78 65 84 14 11 5 42 82 1 26 15 37 46 21 66 58 13 38 88 32 12 91 23 50 35 87 75 98 86 2 97 81 52 28 80 59 94 22 44 19 64 92 85 27 43 9 74 16 55 4 24 95 63 79 57 68 99 8 77 18 36 62 25 70 89 71 33 0 
bonus: 53 47 34 6 45 31 51 76 41 96 61 10 72 69 83 73 30 17 60 44 19 64 92 85 27 43 9 74 16 55 4 24 95 63 79 57 68 99 8 77 18 36 62 25 70 89 71 33 
passengers: 170 55 125 33 65 162 17 174 90 163 100 179 40 

13741	13232	50123
tour: 0 53 47 34 17 30 73 83 81 97 2 86 98 75 87 35 50 23 91 12 32 88 38 94 59 69 72 10 61 96 41 76 51 31 45 6 68 99 8 57 79 63 95 24 4 55 16 74 9 43 80 28 52 22 44 19 64 92 85 27 66 21 46 37 15 26 1 82 42 5 11 14 84 60 39 49 54 3 93 67 65 78 20 7 40 90 48 56 29 13 58 77 18 36 62 25 70 89 71 33 0 
bonus: 53 47 34 17 30 73 83 81 97 2 86 98 75 87 35 50 23 91 12 32 88 38 94 59 69 72 10 61 96 41 76 51 31 45 6 68 99 8 57 79 63 95 24 4 55 16 74 9 43 80 28 52 22 44 19 64 92 85 27 21 26 1 82 42 5 40 90 48 56 29 13 58 77 18 36 62 25 70 89 71 33 
passengers: 1 0 4 140 146 147 148 149 129 130 134 43 50 92 15 13 25 62 

9278	13582	57202
tour: 0 33 71 89 11 5 42 82 1 26 37 15 54 49 39 14 84 65 78 20 7 40 90 48 56 46 21 66 58 13 29 67 93 3 51 76 41 96 61 10 72 69 83 73 30 17 60 50 23 91 12 32 88 38 94 59 80 28 52 22 44 19 64 81 97 2 86 98 75 87 35 92 85 27 43 9 74 16 55 4 24 95 63 79 57 68 99 8 77 18 36 62 25 70 31 45 6 34 47 53 0 
bonus: 33 71 89 11 5 42 82 1 26 37 15 54 49 39 14 84 65 78 20 7 40 90 48 56 46 21 66 58 13 29 67 93 3 51 76 96 61 10 72 69 83 73 30 17 60 50 23 91 12 32 88 38 94 59 80 28 52 22 44 19 64 81 97 2 86 98 87 85 27 43 9 74 16 55 4 24 95 63 57 77 18 36 62 25 70 31 45 6 34 47 53 
passengers: 2 3 158 153 61 18 169 125 81 147 129 17 163 100 

4614.67	11552	21435
tour: 0 53 47 34 17 30 73 83 69 72 10 61 96 41 76 51 31 45 6 79 63 95 24 4 55 16 74 9 43 8 99 68 57 15 54 49 39 60 50 23 91 12 32 88 38 94 59 80 28 52 22 44 19 64 81 97 2 86 98 75 87 35 92 85 27 66 21 46 56 48 90 40 7 20 78 65 84 14 11 5 42 82 1 26 37 3 93 67 29 13 58 77 18 36 62 25 70 89 71 33 0 
bonus: 53 47 34 17 30 73 83 69 72 10 61 96 41 76 51 31 45 6 79 63 95 24 4 55 16 74 21 36 62 25 70 89 71 33 
passengers: 83 84 87 169 22 75 180 137 59 173 92 91 68 24 

5220.58	11727	24629
tour: 0 53 47 34 17 30 73 83 69 72 10 61 96 41 76 51 31 45 6 79 63 95 24 4 55 16 74 9 43 8 99 68 57 15 37 26 1 82 42 5 11 14 84 65 78 20 7 40 90 48 56 46 21 66 27 85 92 35 87 75 98 86 2 97 81 64 19 44 22 52 28 80 59 94 38 88 32 12 91 23 50 60 39 49 54 3 93 67 29 13 58 77 18 36 62 25 70 89 71 33 0 
bonus: 53 47 34 17 30 73 83 69 72 10 61 96 84 65 78 20 7 40 50 60 39 49 54 3 93 67 29 13 58 77 18 36 62 25 70 89 71 33 
passengers: 83 84 87 170 168 180 65 66 113 140 117 96 62 

4446.08	11468	19040
tour: 0 53 47 34 6 45 31 51 76 41 96 61 10 72 69 83 73 30 17 60 39 14 84 65 67 93 3 54 49 42 82 1 26 15 37 46 21 66 58 13 29 56 48 90 40 7 20 78 11 5 81 97 2 86 98 75 87 35 50 23 91 12 32 88 38 94 59 80 28 52 22 44 19 64 92 85 27 43 9 74 16 55 4 24 95 63 79 57 68 99 8 77 18 36 62 25 70 89 71 33 0 
bonus: 53 47 34 6 45 31 51 76 41 96 61 10 72 69 83 73 30 17 60 39 14 84 65 67 36 62 25 70 89 71 33 
passengers: 134 133 170 66 70 64 91 24 147 129 123 179 40 

6420.83	12774	42999
tour: 0 53 47 34 6 45 31 51 76 41 96 61 10 72 69 59 94 24 4 55 16 74 9 43 80 28 52 22 44 19 64 92 85 27 17 30 73 83 81 97 2 86 98 75 87 35 50 23 91 12 32 88 38 13 58 66 21 46 37 15 26 1 82 42 5 11 14 84 60 39 49 54 3 93 67 29 56 48 90 40 7 20 78 65 95 63 79 57 68 99 8 77 18 36 62 25 70 89 71 33 0 
bonus: 53 47 34 6 45 31 51 76 41 96 61 10 72 69 59 94 24 4 55 16 74 9 43 80 28 52 22 44 19 64 92 85 27 17 30 73 83 81 97 2 86 98 75 87 35 50 23 91 12 32 88 38 13 58 66 21 46 37 77 18 36 62 25 70 89 71 33 
passengers: 6 31 27 99 113 115 85 16 140 96 147 129 64 179 40 

4332.67	11671	23346
tour: 0 53 47 34 17 30 73 83 69 72 10 61 96 41 76 51 31 45 6 99 68 57 79 63 95 24 4 55 16 74 9 37 3 93 67 29 13 58 66 21 46 56 48 90 40 7 20 78 65 84 14 11 5 42 82 1 26 15 54 49 39 60 50 23 91 12 32 88 38 94 59 80 28 52 22 44 19 64 81 97 2 86 98 75 87 35 92 85 27 43 8 77 18 36 62 25 70 89 71 33 0 
bonus: 53 47 34 17 67 29 13 58 66 21 46 56 48 90 40 7 20 78 65 84 14 11 26 15 54 49 39 60 36 62 25 70 89 71 33 
passengers: 82 83 84 130 168 50 164 24 9 12 17 142 40 

4295.92	11903	26484
tour: 0 53 47 34 17 30 73 83 69 72 10 61 96 41 76 51 31 45 6 99 68 57 79 63 95 65 78 20 7 40 90 48 56 29 67 93 3 54 49 39 60 84 14 11 5 42 82 1 26 15 37 46 21 66 27 85 92 64 19 44 22 52 81 97 58 13 2 86 98 75 87 35 50 23 91 12 32 88 38 28 80 59 94 24 4 55 16 74 9 43 8 77 18 36 62 25 70 89 71 33 0 
bonus: 53 47 34 17 30 73 83 69 72 10 61 96 41 76 51 31 45 6 99 85 92 64 19 44 22 52 81 97 58 13 2 86 91 77 18 36 62 25 70 89 71 33 
passengers: 83 84 87 134 180 168 26 69 93 113 115 140 147 152 129 40 

8448.5	12106	30527
tour: 0 53 47 34 6 45 31 51 76 41 96 61 10 72 69 59 94 38 88 32 12 91 23 50 35 87 75 98 86 2 97 81 83 73 30 17 60 39 49 54 15 26 1 82 42 5 11 14 84 65 78 20 7 40 90 48 56 46 21 66 27 85 92 64 19 44 22 52 28 80 43 8 99 68 57 79 63 95 24 4 55 16 74 9 37 3 93 67 29 13 58 77 18 36 62 25 70 89 71 33 0 
bonus: 53 47 34 6 45 31 51 76 41 96 61 10 72 69 59 23 50 35 87 75 83 40 90 48 56 46 21 66 4 55 16 74 9 37 3 93 67 29 13 58 77 18 36 62 25 70 89 71 33 
passengers: 4 6 28 128 162 97 16 67 93 163 40 100 20 62 

8055.5	13571	54599
tour: 0 53 47 34 6 45 31 51 76 41 96 61 10 72 69 59 94 38 88 32 12 91 23 50 35 87 75 98 86 2 97 81 83 73 30 17 60 39 14 84 65 67 93 3 54 49 42 82 1 26 15 37 46 21 66 58 13 29 56 48 90 40 7 20 78 11 5 27 85 92 64 19 44 22 52 28 80 43 9 74 16 55 4 24 95 63 79 57 68 99 8 77 18 36 62 25 70 89 71 33 0 
bonus: 53 47 34 6 45 31 51 76 41 96 61 10 72 69 59 23 50 35 87 75 98 86 2 97 81 83 73 30 17 60 39 14 84 65 67 93 3 54 49 42 82 1 66 58 13 29 56 48 90 40 7 20 78 11 5 27 85 92 64 19 44 22 52 28 80 43 9 74 16 55 4 24 95 63 79 57 68 99 8 77 18 36 62 25 70 89 71 33 
passengers: 4 6 28 151 162 96 139 16 92 63 91 56 24 90 48 100 179 

13578	12098	31792
tour: 0 33 71 89 11 5 27 85 92 54 49 42 82 1 26 15 37 46 21 66 58 13 38 88 32 12 91 23 50 35 87 75 98 86 2 97 81 64 19 44 22 52 28 80 59 94 24 4 55 16 74 9 43 8 99 68 57 79 63 95 65 78 20 7 40 90 48 56 29 67 93 3 51 76 41 96 61 10 72 69 83 73 30 17 60 39 14 84 77 18 36 62 25 70 31 45 6 34 47 53 0 
bonus: 33 71 89 11 5 27 85 92 54 49 42 82 1 26 15 37 46 21 66 58 13 38 88 32 12 91 23 2 97 81 64 19 44 22 52 28 80 59 94 24 4 70 31 45 6 34 47 53 
passengers: 2 5 0 154 137 9 176 138 90 123 22 74 179 32 170 68 

4418	11058	12014
tour: 0 53 47 34 17 30 73 83 69 72 10 61 96 41 76 51 31 45 6 99 68 57 15 54 49 42 82 1 26 37 3 93 67 29 13 58 66 21 46 56 48 90 40 7 20 78 65 84 14 11 5 27 85 92 35 87 75 98 86 2 97 81 64 19 44 22 52 28 80 59 94 38 88 32 12 91 23 50 60 39 79 63 95 24 4 55 16 74 9 43 8 77 18 36 62 25 70 89 71 33 0 
bonus: 53 47 34 17 30 73 83 69 72 10 61 54 36 62 25 70 89 71 33 
passengers: 82 84 87 171 180 70 164 24 113 140 120 100 22 79 

4416.5	11059	12014
tour: 0 53 47 34 17 30 73 83 69 72 10 61 96 41 76 51 31 45 6 99 68 57 15 37 26 1 82 42 49 54 3 93 67 29 13 58 66 21 46 56 48 90 40 7 20 78 65 84 14 11 5 27 85 92 35 87 75 98 86 2 97 81 64 19 44 22 52 28 80 59 94 38 88 32 12 91 23 50 60 39 79 63 95 24 4 55 16 74 9 43 8 77 18 36 62 25 70 89 71 33 0 
bonus: 53 47 34 17 30 73 83 69 72 10 61 54 36 62 25 70 89 71 33 
passengers: 82 84 87 171 180 70 164 24 113 140 120 100 22 79 

13526	10619	4031
tour: 0 33 71 89 70 25 62 36 18 77 8 99 68 57 15 54 49 42 82 1 26 37 3 93 67 29 13 58 66 21 46 56 48 90 40 7 20 78 65 84 60 39 14 11 5 27 85 92 64 19 44 22 52 28 80 43 9 74 16 55 4 24 95 63 79 6 45 31 51 76 41 96 61 10 72 69 59 94 38 88 32 12 91 23 50 35 87 75 98 86 2 97 81 83 73 30 17 34 47 53 0 
bonus: 68 64 44 34 47 53 
passengers: 2 5 3 160 180 91 115 111 163 99 169 151 162 

5999.5	12034	28781
tour: 0 33 71 89 70 25 62 36 18 77 8 43 9 74 16 55 4 24 95 63 79 57 68 99 83 73 30 17 60 39 14 84 65 67 93 3 54 49 42 82 1 26 15 37 46 21 66 58 13 29 56 48 90 40 7 20 78 11 5 27 85 92 64 19 44 22 94 38 88 32 12 91 23 50 35 87 75 98 86 2 97 81 52 28 80 59 69 72 10 61 96 41 76 51 31 45 6 34 47 53 0 
bonus: 33 71 89 70 25 62 36 18 77 8 43 9 74 16 55 4 24 95 63 79 57 68 99 64 19 44 22 94 38 88 32 12 91 23 50 35 87 28 76 51 31 45 6 34 47 53 
passengers: 2 160 157 105 99 168 180 81 113 115 94 148 54 

13485	12199	30637
tour: 0 33 71 89 11 14 84 60 39 49 54 15 37 26 1 82 42 5 27 85 92 64 19 44 22 52 81 97 2 86 98 75 87 35 50 23 91 12 32 88 38 28 80 59 94 24 4 55 16 74 9 43 8 77 18 36 62 25 70 31 45 6 99 68 57 79 63 95 65 78 20 7 40 90 48 56 46 21 66 58 13 29 67 93 3 51 76 41 96 61 10 72 69 83 73 30 17 34 47 53 0 
bonus: 33 71 89 11 14 84 60 39 49 54 15 37 26 1 82 42 5 27 85 92 64 19 44 22 52 81 97 2 86 98 29 67 93 3 51 76 41 96 61 10 72 69 83 73 30 17 34 47 53 
passengers: 2 5 0 154 163 90 140 96 22 48 45 167 32 61 

4325.25	12239	31866
tour: 0 53 47 34 17 30 73 83 69 72 10 61 96 41 76 51 31 45 6 99 68 57 79 63 95 65 78 20 7 40 90 48 56 46 21 66 58 13 29 67 93 3 37 15 26 1 82 42 49 54 39 60 84 14 11 5 27 85 92 64 19 44 22 52 81 97 2 86 98 75 87 35 50 23 91 12 32 88 38 28 80 59 94 24 4 55 16 74 9 43 8 77 18 36 62 25 70 89 71 33 0 
bonus: 53 47 34 17 30 73 83 69 72 10 61 96 41 76 51 31 45 6 99 65 78 20 7 40 90 48 56 46 13 27 85 92 64 19 44 22 52 81 97 2 86 98 75 28 36 62 25 70 89 71 33 
passengers: 83 84 87 134 168 91 69 24 113 115 140 147 152 129 40 

13437	11989	26774
tour: 0 33 71 89 70 25 62 36 18 77 8 43 9 74 16 55 4 24 94 59 80 28 38 88 32 12 91 23 50 35 87 75 98 86 2 97 81 52 22 44 19 64 92 85 27 5 11 14 84 60 39 79 63 95 65 78 20 7 40 90 48 56 46 21 66 58 13 29 67 93 3 54 49 42 82 1 26 37 15 57 68 99 6 45 31 51 76 41 96 61 10 72 69 83 73 30 17 34 47 53 0 
bonus: 33 71 89 70 25 62 36 18 77 8 43 9 74 16 55 85 27 5 11 14 84 60 39 79 63 95 65 78 20 7 40 90 48 56 46 21 66 58 13 34 47 53 
passengers: 2 5 0 156 122 176 138 95 25 167 37 61 136 

4477.5	13092	48745
tour: 0 53 47 34 17 30 10 61 96 41 76 51 31 45 6 99 68 57 79 63 95 24 4 55 16 74 9 37 15 26 1 82 42 49 54 3 93 67 29 13 58 66 21 46 56 48 90 40 7 20 78 65 84 60 39 14 11 5 27 85 92 64 19 44 22 52 81 97 2 86 98 75 87 35 50 23 91 12 32 88 38 28 72 69 83 73 94 59 80 43 8 77 18 36 62 25 70 89 71 33 0 
bonus: 53 47 34 17 30 10 61 96 41 76 51 31 45 6 99 68 57 79 63 95 24 4 55 16 74 9 37 15 26 1 82 42 49 54 3 93 67 29 13 58 66 21 46 56 48 90 40 7 20 78 65 84 44 22 52 81 97 2 86 98 75 87 35 50 23 91 12 32 36 62 25 70 89 71 33 
passengers: 83 84 87 171 168 20 15 63 24 113 173 140 147 129 40 

13417	10927	8314
tour: 0 53 47 34 17 30 73 83 69 59 94 38 88 32 12 91 23 50 35 87 75 98 86 2 97 81 52 22 44 19 64 92 85 27 5 11 14 39 60 84 65 78 20 7 40 90 48 56 46 21 66 58 13 29 67 93 3 54 49 42 82 1 26 15 37 9 74 16 55 4 24 95 63 79 57 68 99 6 45 31 51 76 41 96 61 10 72 28 80 43 8 77 18 36 62 25 70 89 71 33 0 
bonus: 53 47 34 17 77 18 36 62 25 70 89 71 33 
passengers: 1 5 3 143 25 37 93 135 107 74 40 

13386	13954	62303
tour: 0 33 71 89 70 25 62 36 18 77 8 43 80 28 52 22 44 19 64 92 85 27 5 11 14 39 60 84 65 78 20 7 40 90 48 56 46 21 66 58 13 29 67 93 3 54 49 42 82 1 26 15 37 9 74 16 55 4 24 95 63 79 57 68 99 6 45 31 51 76 41 96 61 10 72 69 59 94 38 88 32 12 91 23 50 35 87 75 98 86 2 97 81 83 73 30 17 34 47 53 0 
bonus: 33 71 89 70 25 62 36 18 77 8 43 80 28 52 22 44 19 64 92 85 27 5 11 14 39 60 84 65 78 20 7 40 90 48 56 46 21 66 58 13 29 67 93 3 54 49 42 82 1 26 15 37 9 74 16 55 4 24 95 63 79 57 68 99 6 45 31 51 76 41 96 61 10 72 69 59 94 38 88 32 12 91 23 50 35 87 75 98 86 2 97 81 83 73 30 17 34 47 53 
passengers: 2 5 3 154 25 26 37 18 135 7 74 167 169 151 162 145 

4579.42	13755	58075
tour: 0 53 47 34 17 30 73 83 69 72 10 61 96 41 76 51 31 45 6 79 63 95 65 78 20 7 40 90 48 56 46 21 66 58 13 29 67 93 3 37 26 1 82 42 49 54 15 57 68 99 8 43 9 74 16 55 4 24 94 59 80 28 38 88 32 12 91 23 50 35 87 75 98 86 2 97 81 52 22 44 19 64 92 85 27 5 11 14 39 60 84 77 18 36 62 25 70 89 71 33 0 
bonus: 53 47 34 17 30 73 83 69 72 10 61 96 41 76 51 31 45 6 79 63 95 65 78 20 7 40 90 48 56 46 21 66 58 13 29 67 93 3 37 26 1 82 42 49 57 68 99 8 43 9 74 16 55 4 24 94 59 80 28 38 88 32 12 91 23 50 35 87 75 98 86 2 97 81 64 92 85 27 5 11 14 39 60 84 77 18 36 62 25 70 89 71 33 
passengers: 83 84 55 134 37 93 137 70 38 122 176 174 95 116 24 68 

13326	12698	39414
tour: 0 33 71 89 70 25 62 15 54 49 42 82 1 26 37 3 93 67 29 13 58 66 21 46 56 48 90 40 7 20 78 65 84 60 39 14 11 5 27 85 92 64 19 44 22 94 38 88 32 12 91 23 50 35 87 75 98 86 2 97 81 52 28 80 59 36 18 77 8 43 9 74 16 55 4 24 95 63 79 57 68 99 6 45 31 51 76 41 96 61 10 72 69 83 73 30 17 34 47 53 0 
bonus: 33 71 89 70 25 62 15 54 49 42 82 1 64 19 44 22 94 91 87 75 98 86 2 97 81 52 28 80 59 36 18 77 8 43 9 74 16 55 4 24 95 63 79 57 68 99 6 45 31 51 76 41 96 61 10 72 69 83 73 30 17 34 47 53 
passengers: 2 5 3 153 33 34 90 162 144 17 123 48 99 182 

4597.33	13241	50672
tour: 0 53 47 34 69 72 10 61 96 41 76 51 31 45 6 99 68 57 79 63 95 24 4 55 16 74 9 37 15 26 1 82 42 49 54 3 93 67 29 13 58 66 21 46 56 48 90 40 7 20 78 65 84 60 39 14 11 5 27 17 30 73 83 81 97 2 86 98 75 87 35 50 23 91 12 32 88 38 94 59 80 28 52 22 44 19 64 92 85 43 8 77 18 36 62 25 70 89 71 33 0 
bonus: 53 47 34 69 72 10 61 96 41 76 51 31 45 6 99 68 57 79 63 95 24 4 55 16 74 9 37 15 26 1 82 42 49 54 3 93 67 29 13 58 66 21 46 56 48 90 40 7 20 78 65 84 60 39 73 83 81 97 2 86 98 75 87 35 50 23 91 12 32 88 38 94 36 62 25 70 89 71 33 
passengers: 54 171 130 30 50 71 108 15 24 125 174 17 40 

13272	11194	13374
tour: 0 33 71 89 11 5 27 85 92 64 19 44 22 52 81 97 2 86 98 75 87 35 50 23 91 12 32 88 38 28 80 59 94 24 4 55 16 74 9 43 8 99 68 57 79 63 95 65 78 20 7 40 90 48 56 25 62 36 18 77 84 14 39 60 17 30 73 83 69 72 10 61 96 41 76 51 3 54 49 42 82 1 26 15 37 46 21 66 58 13 29 67 93 70 31 45 6 34 47 53 0 
bonus: 33 71 89 68 57 79 40 39 60 17 30 73 83 69 10 70 31 45 6 34 47 53 
passengers: 2 1 5 160 163 146 147 129 21 41 179 82 84 54 171 

4154.92	11870	26243
tour: 0 53 47 34 17 30 73 83 69 72 10 61 96 37 15 26 1 82 42 49 54 3 93 67 29 13 58 66 21 46 56 48 90 40 7 20 78 52 81 97 2 86 98 75 87 35 50 23 91 12 32 88 38 28 80 59 94 24 4 55 16 74 9 43 8 77 18 36 62 25 70 89 71 33 41 76 51 31 45 6 99 68 57 79 63 95 65 84 60 39 14 11 5 27 85 92 64 19 44 22 0 
bonus: 53 47 34 17 30 73 83 69 72 10 61 96 37 15 26 1 82 42 49 54 3 93 67 29 13 21 80 59 94 24 4 55 16 11 5 27 85 92 64 19 44 22 
passengers: 82 84 86 171 70 64 172 177 59 123 74 131 180 65 

13252	12754	39363
tour: 0 33 71 89 70 25 56 48 90 40 7 20 78 65 84 60 39 14 11 5 27 85 92 64 19 44 22 52 28 80 43 8 77 18 36 62 15 26 1 82 42 49 54 3 93 67 29 13 58 66 21 46 37 9 74 16 55 4 24 95 63 79 57 68 99 6 45 31 51 76 41 96 61 10 72 69 59 94 38 88 32 12 91 23 50 35 87 75 98 86 2 97 81 83 73 30 17 34 47 53 0 
bonus: 33 71 89 70 25 56 48 90 40 7 20 78 65 84 60 39 14 11 5 27 85 92 64 19 44 22 52 28 80 43 8 77 18 36 62 15 26 1 82 42 49 88 32 12 91 23 50 35 87 75 98 86 2 97 81 83 73 30 17 34 47 53 
passengers: 2 5 3 154 91 24 90 120 73 167 183 151 162 145 

4273.75	12239	30900
tour: 0 53 47 34 17 30 73 83 69 72 10 61 96 41 76 51 31 45 6 99 68 57 79 63 95 65 78 20 7 40 90 48 56 82 42 49 54 3 93 67 29 13 58 66 21 46 37 15 26 1 84 60 39 14 11 5 27 85 92 64 19 44 22 52 81 97 2 86 98 75 87 35 50 23 91 12 32 88 38 28 80 59 94 24 4 55 16 74 9 43 8 77 18 36 62 25 70 89 71 33 0 
bonus: 53 47 34 17 30 73 83 69 72 10 61 96 41 76 51 31 45 6 99 65 78 20 7 40 90 48 56 42 27 85 92 64 19 44 22 52 81 97 2 86 98 75 28 36 62 25 70 89 71 33 
passengers: 83 84 87 134 168 91 69 24 113 115 140 147 152 129 40 

13214	12770	39688
tour: 0 33 71 89 70 25 62 36 18 77 8 43 9 74 16 55 4 24 94 59 80 28 38 88 32 12 91 23 50 35 87 75 98 86 2 97 81 52 22 44 19 64 92 85 27 5 11 14 39 60 84 1 26 15 54 49 42 82 21 66 58 13 29 67 93 3 37 46 56 48 90 40 7 20 78 65 95 63 79 57 68 99 6 45 31 51 76 41 96 61 10 72 69 83 73 30 17 34 47 53 0 
bonus: 33 71 89 70 25 62 36 18 77 8 43 9 74 16 55 85 27 5 11 14 39 60 84 15 66 58 13 29 67 93 3 37 46 56 48 90 40 7 20 78 65 95 63 79 57 68 99 6 45 31 51 76 41 96 61 10 72 69 83 73 30 17 34 47 53 
passengers: 2 5 0 156 122 176 139 95 25 7 92 32 167 182 

13200	12474	36648
tour: 0 53 47 34 17 30 73 83 69 59 80 28 52 81 97 2 86 98 75 87 35 50 23 91 12 32 88 38 94 24 4 55 16 74 9 37 15 26 1 82 42 49 54 3 93 67 29 13 58 66 21 46 56 48 90 40 7 20 78 72 10 61 96 43 8 77 18 36 62 25 70 89 71 33 41 76 51 31 45 6 99 68 57 79 63 95 65 84 60 39 14 11 5 27 85 92 64 19 44 22 0 
bonus: 53 47 34 17 30 73 83 69 80 12 32 88 38 94 24 4 55 16 74 9 37 15 26 1 82 42 49 54 3 93 67 29 13 58 66 21 46 56 48 90 40 7 20 78 72 10 61 96 43 11 5 27 85 92 64 19 44 22 
passengers: 1 0 4 140 146 96 60 126 8 18 64 54 170 40 160 31 180 65 

4830.58	12947	43723
tour: 0 53 47 34 17 30 73 83 69 72 10 61 96 41 76 51 31 45 6 99 68 57 79 63 95 65 84 60 39 14 11 5 27 85 92 64 19 44 22 94 24 4 55 16 74 9 43 8 77 18 36 59 80 28 38 88 32 12 91 23 50 35 87 75 98 86 2 97 81 52 78 20 7 40 90 48 56 46 21 66 58 13 29 67 93 3 54 49 42 82 1 26 37 15 62 25 70 89 71 33 0 
bonus: 53 47 34 17 30 73 83 69 72 10 61 96 41 76 51 31 64 19 44 22 94 24 4 55 16 74 9 43 8 77 18 36 59 80 28 38 88 32 12 91 23 50 35 87 75 98 86 2 97 81 52 78 20 7 40 90 48 56 46 21 66 58 13 29 54 70 89 71 33 
passengers: 81 83 84 170 168 67 56 163 100 22 77 47 89 142 16 37 

4374	12716	39239
tour: 0 53 47 34 17 30 73 83 69 72 10 61 96 41 76 51 31 45 6 99 68 57 79 63 95 24 4 55 16 74 9 43 8 77 18 36 29 13 58 66 21 46 37 3 54 49 42 82 1 26 15 62 25 56 48 90 40 7 20 78 52 81 97 2 86 98 75 87 35 50 23 91 12 32 88 38 28 80 59 94 22 44 19 64 92 85 27 5 11 14 39 60 84 65 67 93 70 89 71 33 0 
bonus: 53 47 34 17 30 73 83 69 72 10 61 96 41 76 51 31 45 6 99 24 4 55 16 74 9 43 8 86 98 75 87 35 50 23 91 12 32 88 38 28 80 59 94 22 44 19 64 92 85 27 5 11 14 39 60 84 65 67 93 70 89 71 33 
passengers: 83 84 87 130 179 100 47 89 104 174 140 97 59 116 

4114.58	12559	36364
tour: 0 53 47 34 17 30 73 83 69 72 10 7 20 78 65 95 63 79 57 68 99 6 45 31 51 76 41 96 61 19 64 92 85 27 5 11 14 39 60 84 1 26 15 37 46 56 48 90 40 21 66 58 13 29 67 93 3 54 49 42 82 44 22 52 81 97 2 86 98 75 87 35 50 23 91 12 32 88 38 28 80 59 94 24 4 55 16 74 9 43 8 77 18 36 62 25 70 89 71 33 0 
bonus: 53 47 34 17 30 73 83 69 72 10 7 20 78 65 95 63 79 57 68 99 6 45 31 51 76 41 85 27 5 11 14 39 60 84 91 12 32 88 38 28 80 59 94 24 4 55 16 74 9 43 8 77 18 36 62 25 70 89 71 33 
passengers: 81 83 84 168 170 114 65 66 172 146 147 152 129 79 40 

9179	12980	44595
tour: 0 53 47 34 6 45 31 51 76 41 96 61 10 72 69 83 73 30 17 27 5 98 75 87 35 50 23 91 12 32 88 38 28 80 59 94 24 4 55 16 74 9 37 15 26 1 99 68 57 79 63 95 65 84 60 39 14 11 78 20 7 40 90 48 56 46 21 66 58 13 29 67 93 3 54 49 42 82 44 22 52 81 97 2 86 19 64 92 85 43 8 77 18 36 62 25 70 89 71 33 0 
bonus: 53 47 34 6 45 35 28 24 4 55 16 74 9 37 15 26 1 99 68 57 79 63 95 65 84 60 39 14 11 78 40 90 48 56 46 21 66 58 13 29 67 93 3 54 49 42 82 44 22 52 81 97 2 86 19 64 92 85 43 8 77 18 36 62 25 70 89 71 33 
passengers: 1 6 31 115 146 147 128 123 165 168 37 93 63 137 40 

13129	13942	60976
tour: 0 53 47 34 17 30 73 83 81 97 2 86 98 75 87 35 50 23 91 12 32 88 38 94 24 4 55 16 74 9 37 15 26 1 82 42 49 54 3 93 67 29 13 58 66 21 46 56 48 90 40 7 20 78 52 28 80 59 69 72 10 61 96 43 8 77 18 36 62 25 70 89 71 33 41 76 51 31 45 6 99 68 57 79 63 95 65 84 60 39 14 11 5 27 85 92 64 19 44 22 0 
bonus: 53 47 34 17 30 73 83 81 97 2 86 98 75 87 35 50 23 91 12 32 88 38 94 24 4 55 16 74 9 37 15 26 1 82 42 49 54 3 93 67 29 13 58 66 21 46 56 48 90 40 7 20 78 52 28 80 59 69 72 10 61 96 43 8 77 18 36 62 25 70 89 71 33 41 76 51 31 45 68 57 79 63 95 65 84 60 39 14 11 5 27 85 92 64 19 44 22 
passengers: 1 0 4 140 146 96 60 126 70 18 64 123 120 54 31 180 168 

13119	14009	62303
tour: 0 33 71 89 70 25 62 15 26 1 84 60 39 14 11 5 27 85 92 64 19 44 22 52 81 97 2 86 98 75 87 35 50 23 91 12 32 88 38 28 80 43 8 77 18 36 59 94 24 4 55 16 74 9 37 46 21 66 58 13 29 67 93 3 54 49 42 82 56 48 90 40 7 20 78 65 95 63 79 57 68 99 6 45 31 51 76 41 96 61 10 72 69 83 73 30 17 34 47 53 0 
bonus: 33 71 89 70 25 62 15 26 1 84 60 39 14 11 5 27 85 92 64 19 44 22 52 81 97 2 86 98 75 87 35 50 23 91 12 32 88 38 28 80 43 8 77 18 36 59 94 24 4 55 16 74 9 37 46 21 66 58 13 29 67 93 3 54 49 42 82 56 48 90 40 7 20 78 65 95 63 79 57 68 99 6 45 31 51 76 41 96 61 10 72 69 83 73 30 17 34 47 53 
passengers: 2 5 0 154 90 172 140 96 20 75 64 18 32 167 

13061	13564	53677
tour: 0 33 71 89 70 25 62 15 26 1 82 42 49 54 3 93 67 29 56 48 90 40 7 20 78 52 81 97 2 86 98 75 87 35 50 23 91 12 32 88 38 28 80 59 36 18 77 8 43 13 58 66 21 46 37 9 74 16 55 4 24 94 22 44 19 64 92 85 27 5 11 14 39 60 84 65 95 63 79 57 68 99 6 45 31 51 76 41 96 61 10 72 69 83 73 30 17 34 47 53 0 
bonus: 33 71 89 70 25 62 15 26 1 82 42 49 54 3 93 67 29 56 48 90 40 7 20 78 52 81 97 2 86 98 75 87 35 50 23 91 12 32 88 38 28 80 59 36 18 77 8 43 13 58 66 21 46 37 9 94 11 14 39 60 84 65 95 63 79 57 68 99 6 45 31 51 76 41 96 61 10 72 69 83 73 30 17 34 47 53 
passengers: 2 3 0 153 33 34 140 127 96 147 129 43 63 111 112 23 

7859.5	12063	30164
tour: 0 22 44 19 64 92 85 27 5 11 14 39 60 84 65 95 63 79 57 68 99 6 45 31 51 76 41 33 71 89 70 25 56 48 90 40 7 20 78 52 81 97 2 86 98 75 87 35 50 23 91 12 32 88 38 28 80 59 94 24 4 55 16 74 9 37 46 21 66 58 13 29 67 93 3 54 49 42 82 1 26 15 62 36 18 77 8 43 96 61 10 72 69 83 73 30 17 34 47 53 0 
bonus: 22 44 19 64 92 85 27 35 50 23 91 12 32 88 38 28 80 59 94 24 4 55 16 74 9 37 46 21 66 58 13 29 67 93 3 54 49 42 82 1 26 15 83 34 47 53 
passengers: 5 3 95 114 68 104 33 146 96 126 147 129 61 18 

5496.08	13393	50892
tour: 0 53 47 34 17 30 73 83 69 72 10 61 96 41 76 51 31 45 6 99 68 57 79 63 95 65 84 60 39 14 11 5 27 85 92 64 19 44 22 94 24 4 55 16 74 9 43 8 77 18 36 59 80 28 38 88 32 12 91 23 50 35 87 75 98 86 2 97 81 52 78 20 7 40 90 48 56 25 62 15 26 1 82 42 49 54 3 37 46 21 66 58 13 29 67 93 70 89 71 33 0 
bonus: 53 47 34 17 30 73 83 69 72 10 61 96 41 76 51 31 64 19 44 22 94 24 4 55 16 74 9 43 8 77 18 36 59 80 28 38 88 32 12 91 23 50 35 87 75 98 86 2 97 81 52 78 20 7 40 90 48 56 25 62 15 26 1 82 42 49 54 3 37 46 21 66 58 13 29 67 93 70 89 71 33 
passengers: 81 83 84 170 168 67 56 163 100 22 77 47 89 142 16 37 13 

8186	11809	25012
tour: 0 53 47 34 6 45 31 51 76 41 96 61 10 72 69 83 73 30 17 27 5 98 75 87 35 50 23 91 12 32 88 38 28 80 59 94 24 4 55 16 74 9 37 46 21 66 58 13 29 67 93 3 54 49 42 82 44 22 52 81 97 2 86 19 64 92 85 43 8 77 18 36 62 15 26 1 99 68 57 79 63 95 65 84 60 39 14 11 78 20 7 40 90 48 56 25 70 89 71 33 0 
bonus: 53 47 34 6 45 35 28 24 4 55 16 74 9 37 46 21 66 58 13 29 67 93 3 54 49 78 20 7 40 90 48 56 25 70 89 71 33 
passengers: 1 6 31 115 146 126 147 129 20 63 19 41 40 

12976	14041	62303
tour: 0 53 47 34 17 30 73 83 81 97 2 86 98 75 87 35 50 23 91 12 32 88 38 94 24 4 55 16 74 9 43 8 77 18 36 62 15 26 1 82 42 49 54 3 37 46 21 66 58 13 29 67 93 70 25 56 48 90 40 7 20 78 52 28 80 59 69 72 10 61 96 41 76 51 31 45 6 99 68 57 79 63 95 65 84 60 39 14 33 71 89 11 5 27 85 92 64 19 44 22 0 
bonus: 53 47 34 17 30 73 83 81 97 2 86 98 75 87 35 50 23 91 12 32 88 38 94 24 4 55 16 74 9 43 8 77 18 36 62 15 26 1 82 42 49 54 3 37 46 21 66 58 13 29 67 93 70 25 56 48 90 40 7 20 78 52 28 80 59 69 72 10 61 96 41 76 51 31 45 6 99 68 57 79 63 95 65 84 60 39 14 33 71 89 11 5 27 85 92 64 19 44 22 
passengers: 1 0 4 140 146 96 60 126 70 18 64 123 120 54 31 180 168 

12963	11270	12192
tour: 0 22 44 19 64 92 85 27 5 11 14 39 60 84 1 26 15 62 25 70 89 71 33 41 76 51 31 45 6 99 68 57 79 63 95 65 67 93 3 54 49 42 82 56 48 90 40 7 20 78 52 28 80 59 69 72 10 61 96 43 8 77 18 36 29 13 58 66 21 46 37 9 74 16 55 4 24 94 38 88 32 12 91 23 50 35 87 75 98 86 2 97 81 83 73 30 17 34 47 53 0 
bonus: 22 44 23 50 35 87 75 98 86 2 97 81 83 73 30 17 34 47 53 
passengers: 2 5 3 116 160 158 181 33 117 169 162 145 

12854	11291	13395
tour: 0 33 71 89 70 25 56 48 90 40 7 20 78 52 22 44 82 42 49 54 3 93 67 29 13 58 66 21 46 37 9 74 16 55 4 24 94 73 83 81 97 2 86 98 75 87 35 50 23 91 12 32 88 38 28 80 59 69 72 10 30 17 27 5 11 14 39 60 84 65 95 63 79 57 68 99 1 26 15 62 36 18 77 8 43 85 92 64 19 61 96 41 76 51 31 45 6 34 47 53 0 
bonus: 33 71 89 70 25 56 48 90 40 7 20 78 52 22 44 82 42 54 34 47 53 
passengers: 2 3 6 153 37 135 18 77 173 146 147 129 54 43 

5702.83	13006	44559
tour: 0 53 47 34 6 45 31 70 93 67 29 13 58 66 21 46 37 9 74 16 55 4 24 94 22 44 82 42 49 54 3 51 76 41 96 61 10 72 69 83 73 30 17 27 5 98 75 87 35 50 23 91 12 32 88 38 28 80 59 36 18 77 8 43 85 92 64 19 86 2 97 81 52 78 20 7 40 90 48 56 25 62 15 26 1 99 68 57 79 63 95 65 84 60 39 14 11 89 71 33 0 
bonus: 53 47 34 6 45 31 70 93 67 29 13 58 66 21 46 37 9 74 16 55 4 24 98 75 87 35 50 23 91 12 32 88 38 28 80 59 36 18 77 8 43 85 92 64 7 40 90 48 56 25 62 15 26 1 99 68 57 79 63 95 65 84 60 39 14 11 89 71 33 
passengers: 27 133 164 52 94 18 125 81 25 138 16 7 10 168 

6193.5	12668	39159
tour: 0 22 44 82 42 49 54 3 93 67 29 13 58 66 21 46 37 9 74 16 55 4 24 94 59 36 18 77 8 43 96 61 19 64 92 85 27 5 11 14 39 60 70 89 71 33 41 76 51 31 45 6 99 68 57 79 63 95 65 84 1 26 15 62 25 56 48 90 40 7 20 78 52 81 97 2 86 98 75 87 35 50 23 91 12 32 88 38 28 80 73 83 69 72 10 30 17 34 47 53 0 
bonus: 22 44 82 42 49 54 3 93 67 29 13 58 66 21 46 37 9 74 16 55 4 24 94 59 36 18 77 76 40 7 20 78 52 81 97 2 86 98 75 87 35 50 23 91 12 32 88 38 28 80 73 83 69 72 10 30 17 34 47 53 
passengers: 6 137 135 74 166 40 116 160 153 134 179 70 104 33 147 

6189.17	12689	38745
tour: 0 22 44 82 42 49 54 3 93 67 29 13 58 66 21 46 37 9 74 16 55 4 24 94 38 88 32 12 91 23 50 35 87 75 98 86 2 97 81 83 73 80 28 52 78 20 7 40 90 48 56 25 62 15 26 1 84 65 95 63 79 57 68 99 6 45 31 51 76 41 33 71 89 70 60 39 14 11 5 27 85 92 64 19 61 96 43 8 77 18 36 59 69 72 10 30 17 34 47 53 0 
bonus: 22 44 82 42 49 54 3 93 67 29 13 58 66 21 46 37 9 74 16 55 4 24 94 38 88 32 12 91 23 50 35 87 75 98 86 2 97 81 83 73 80 28 52 78 20 7 40 90 48 56 25 62 15 57 85 69 30 17 34 47 53 
passengers: 6 135 64 77 165 142 36 106 7 167 131 57 

5641.83	12851	40463
tour: 0 22 44 82 42 49 54 3 51 76 41 96 61 19 64 92 85 43 8 77 18 36 59 69 72 10 30 17 27 5 11 89 71 33 14 39 60 84 65 95 63 79 57 68 99 1 26 15 62 25 56 48 90 40 7 20 78 52 28 80 73 83 81 97 2 86 98 75 87 35 50 23 91 12 32 88 38 94 24 4 55 16 74 9 37 46 21 66 58 13 29 67 93 70 31 45 6 34 47 53 0 
bonus: 22 44 82 42 49 54 3 51 76 41 96 61 19 64 92 85 43 8 20 78 52 28 80 73 83 81 97 2 86 98 75 87 35 50 23 91 12 32 88 38 94 24 4 55 16 74 9 37 46 21 66 58 13 29 67 93 70 31 45 6 34 47 53 
passengers: 5 94 95 41 55 160 179 104 33 34 96 58 147 20 

4431.5	12966	41818
tour: 0 22 44 82 42 49 54 3 51 76 41 96 61 19 64 67 93 70 31 45 6 99 68 57 79 63 95 65 84 1 26 15 62 25 56 48 90 40 7 20 78 52 28 80 59 69 72 10 30 73 83 81 97 2 86 98 75 87 35 92 85 43 8 77 18 36 29 13 58 66 21 46 37 9 74 16 55 4 24 94 38 88 32 12 91 23 50 60 39 14 33 71 89 11 5 27 17 34 47 53 0 
bonus: 22 44 82 42 49 54 3 51 76 41 96 61 19 30 73 83 81 97 2 86 98 75 87 35 92 85 43 8 77 18 36 29 13 58 66 21 46 37 9 74 16 55 4 24 94 38 88 32 12 91 23 50 60 39 14 33 71 89 11 5 27 17 34 47 53 
passengers: 137 18 171 134 70 71 122 125 172 17 178 39 78 99 152 59 23 

4339.08	12783	39224
tour: 0 53 47 34 6 45 31 51 76 41 96 61 19 64 67 93 70 60 39 14 84 65 95 63 79 57 68 99 1 26 15 62 25 56 48 90 40 46 21 66 58 13 29 36 18 77 8 43 85 92 35 50 23 91 12 32 88 38 28 80 59 69 72 10 7 20 78 52 22 44 82 42 49 54 3 37 9 74 16 55 4 24 94 87 75 98 86 2 97 81 83 73 30 17 27 5 11 89 71 33 0 
bonus: 53 47 34 6 45 31 51 76 41 96 61 19 64 67 93 57 29 36 18 77 8 43 85 92 35 50 23 91 12 32 88 38 28 80 59 69 72 10 7 20 78 52 22 44 82 42 49 54 3 37 9 74 16 55 4 24 97 81 83 73 89 71 33 
passengers: 134 133 170 68 70 104 64 162 122 95 116 

12671	13515	52342
tour: 0 38 88 32 12 91 23 50 35 87 75 98 86 2 97 81 83 73 80 28 52 78 20 7 40 90 48 56 25 62 15 26 1 99 68 57 79 63 95 65 84 60 39 14 33 71 89 11 5 27 17 30 10 72 69 59 36 18 77 8 43 85 92 64 19 61 96 41 76 51 3 54 49 42 82 44 22 94 24 4 55 16 74 9 37 46 21 66 58 13 29 67 93 70 31 45 6 34 47 53 0 
bonus: 38 88 32 12 91 23 50 35 87 75 98 86 2 97 81 83 73 80 28 52 78 20 7 40 90 48 56 25 62 15 26 1 68 17 30 10 72 69 59 36 18 77 8 43 85 92 64 19 61 96 41 76 51 3 54 49 42 82 44 22 94 24 4 55 16 74 9 37 46 21 66 58 13 29 67 93 70 31 45 6 34 47 53 
passengers: 1 3 0 142 138 91 69 71 24 111 43 163 90 130 20 22 

8233	11409	15434
tour: 0 22 44 82 42 49 54 3 37 9 74 16 55 4 24 94 38 88 32 12 91 23 50 35 87 75 98 86 2 97 81 83 73 30 17 27 5 11 89 71 33 14 39 60 70 93 67 29 13 58 66 21 46 40 90 48 56 25 62 15 26 1 84 65 95 63 79 57 68 99 6 45 31 51 76 41 96 61 19 64 92 85 43 8 77 18 36 59 80 28 52 78 20 7 10 72 69 34 47 53 0 
bonus: 22 89 71 33 14 39 60 70 93 67 29 13 46 40 90 48 7 10 72 69 34 47 53 
passengers: 4 6 95 151 162 139 82 160 64 93 181 

6164.67	12022	26563
tour: 0 53 47 34 6 45 31 51 76 41 96 61 19 64 92 85 43 8 99 68 57 79 63 95 65 98 75 87 35 50 23 91 12 32 88 38 28 52 78 20 7 10 30 17 27 5 55 16 74 9 37 3 54 49 42 82 44 22 94 24 4 86 2 97 81 83 73 80 59 69 72 13 58 66 21 46 40 90 48 56 25 62 15 26 1 84 77 18 36 29 67 93 70 60 39 14 11 89 71 33 0 
bonus: 53 47 34 45 91 12 32 88 38 28 52 58 66 21 46 40 90 48 56 25 62 15 26 1 84 77 18 36 29 67 93 70 60 39 14 11 89 71 33 
passengers: 5 28 132 39 96 58 147 128 32 125 173 62 

