Fo(cost)	Fo(time)	Fo(bonus)

13988	12855	48505
tour: 0 47 89 16 64 7 56 33 48 94 41 97 44 73 55 84 86 74 50 18 39 32 63 3 70 26 46 79 10 72 82 5 68 76 69 9 81 23 30 22 65 38 62 6 21 4 12 19 54 67 34 11 77 87 78 98 88 8 80 52 14 51 13 37 20 61 1 43 96 17 85 24 35 42 95 49 75 40 45 27 99 92 28 2 15 31 53 91 36 83 25 59 66 58 29 71 93 90 57 60 0 
bonus: 47 89 16 64 7 56 33 41 68 76 69 9 81 23 30 22 65 38 62 6 21 4 12 19 54 67 34 11 77 87 78 98 88 8 80 52 14 51 13 37 20 61 1 43 96 17 85 24 35 42 95 49 75 40 45 27 99 92 28 2 15 31 53 91 36 83 25 59 66 58 29 71 93 90 57 60 
passengers: 7 8 5 35 197 120 50 20 114 18 55 52 63 90 210 70 169 

5086.92	12549	39700
tour: 0 60 57 90 93 71 29 58 66 59 77 11 34 31 53 91 36 83 25 39 18 50 32 63 3 70 26 46 79 10 72 82 87 78 98 88 8 80 52 14 51 13 37 20 61 1 43 96 17 85 24 35 42 95 49 75 6 21 4 12 19 54 67 27 45 40 5 68 76 69 9 81 23 30 22 65 38 62 94 41 97 44 73 55 84 86 74 15 2 28 92 99 33 48 56 7 64 16 89 47 0 
bonus: 60 57 90 93 71 29 58 66 59 77 11 34 31 53 91 36 83 25 39 18 50 32 63 3 70 19 54 67 27 45 40 5 68 76 69 9 81 23 30 22 65 38 62 94 41 97 44 73 55 84 86 74 15 2 28 92 99 33 48 56 7 64 16 89 47 
passengers: 134 130 52 144 120 58 202 80 94 56 88 48 140 106 182 224 67 

13838	12880	46084
tour: 0 60 57 90 93 99 92 28 2 15 31 53 91 36 83 25 59 66 58 29 71 23 81 9 69 76 68 5 40 45 27 12 19 54 67 34 11 77 30 22 65 38 62 94 41 97 44 73 55 84 86 74 50 18 39 32 63 3 52 14 51 13 37 20 61 1 43 96 17 85 24 35 42 95 49 75 6 21 4 70 26 46 79 10 72 82 87 78 98 88 8 80 33 48 56 7 64 16 89 47 0 
bonus: 60 57 90 93 99 92 28 2 15 31 53 91 36 83 25 59 66 58 29 71 77 30 22 65 38 62 94 41 97 44 73 55 84 86 74 50 39 32 63 3 52 14 51 13 85 24 35 42 95 49 75 6 21 4 70 26 46 79 10 72 82 87 78 98 88 8 80 33 48 56 7 64 16 89 47 
passengers: 7 2 4 236 11 24 210 125 55 85 52 82 62 58 81 97 215 234 

4595	11556	21382
tour: 0 60 57 66 59 25 83 36 91 53 31 34 11 77 30 22 65 38 62 94 41 97 44 73 55 84 86 74 50 18 39 32 63 3 70 26 46 79 10 72 82 87 78 98 88 8 80 52 14 51 13 37 20 61 1 43 96 17 85 24 35 42 95 49 75 6 21 4 12 19 54 67 27 45 40 5 68 76 69 9 81 23 71 29 58 90 93 15 2 28 92 99 33 48 56 7 64 16 89 47 0 
bonus: 60 57 66 59 25 83 36 91 53 31 34 11 77 30 22 65 38 62 94 41 97 44 73 55 50 79 10 72 82 48 56 7 64 16 89 47 
passengers: 119 170 146 52 120 218 58 176 97 56 123 

13659	12090	32081
tour: 0 47 89 16 64 7 56 48 33 99 92 28 2 15 31 53 91 36 83 25 59 77 11 34 67 54 19 12 27 45 40 5 68 76 69 9 81 23 30 22 65 38 62 94 41 97 44 73 55 84 86 74 50 18 39 32 63 3 52 80 8 88 98 78 87 82 72 10 79 46 26 70 4 21 6 75 49 95 42 35 24 85 17 96 43 1 61 20 37 13 51 14 90 93 71 29 58 66 57 60 0 
bonus: 47 89 16 64 7 56 48 33 68 76 69 9 81 23 30 22 65 38 62 94 41 97 44 73 55 84 86 74 50 18 32 35 24 85 17 96 43 1 61 20 37 13 51 14 90 93 71 29 58 66 57 60 
passengers: 7 8 2 31 236 167 20 47 113 108 222 39 218 25 199 172 64 

13646	10956	10413
tour: 0 60 57 66 58 29 71 93 90 14 51 13 83 25 39 18 50 32 63 3 52 80 8 88 98 78 87 82 72 10 79 46 26 70 4 21 6 75 49 95 42 35 24 85 17 96 43 1 61 20 37 45 40 5 68 76 69 9 81 23 30 22 65 38 62 94 41 97 44 73 55 84 86 74 92 28 2 15 31 53 91 36 59 77 11 34 67 54 19 12 27 99 33 48 56 7 64 16 89 47 0 
bonus: 60 57 66 58 29 71 93 90 14 51 13 83 25 39 64 16 89 47 
passengers: 6 1 5 38 229 18 10 89 210 48 110 123 

7522.5	11927	29137
tour: 0 60 57 66 58 29 71 93 90 14 51 13 37 20 61 1 43 96 17 85 24 35 42 95 49 75 6 21 4 70 26 46 79 10 72 82 87 78 98 88 8 80 52 3 63 32 50 18 39 25 83 36 91 53 31 15 2 28 92 74 86 84 55 73 44 97 41 94 62 38 65 22 30 23 81 9 69 76 68 5 40 45 59 77 11 34 67 54 19 12 27 99 33 48 56 7 64 16 89 47 0 
bonus: 60 57 66 58 29 71 93 90 14 51 13 37 20 61 1 43 96 17 85 2 28 92 74 86 84 55 73 44 97 41 22 34 67 54 19 12 27 99 33 48 56 7 64 16 89 47 
passengers: 6 3 130 9 16 122 44 83 71 68 11 181 195 51 162 54 

13570	11773	25246
tour: 0 47 89 16 64 7 56 48 33 80 52 3 63 32 39 18 50 74 86 84 55 8 88 98 78 87 82 72 10 79 46 26 70 4 21 6 75 49 95 42 35 24 85 17 96 43 1 61 20 37 13 51 14 97 41 94 62 38 65 22 30 77 11 44 73 45 40 5 68 76 69 9 81 23 71 29 58 90 93 15 2 28 92 99 27 12 19 54 67 34 31 53 91 36 83 25 59 66 57 60 0 
bonus: 47 89 16 64 7 56 48 33 80 52 3 63 32 39 18 71 29 58 90 93 15 2 28 92 99 27 12 19 54 67 34 31 53 91 36 83 25 59 66 57 60 
passengers: 6 8 1 33 187 229 232 18 19 94 10 89 136 110 112 12 125 56 169 

13523	12172	33667
tour: 0 47 89 16 64 40 45 59 77 11 34 67 54 19 12 27 99 33 48 56 7 98 78 87 82 5 68 76 69 9 81 23 30 22 65 38 62 94 41 97 44 73 55 84 86 74 92 28 2 15 31 53 91 36 83 25 39 18 50 32 63 3 52 80 8 88 72 10 79 46 26 70 4 21 6 75 49 95 42 35 24 85 17 96 43 1 61 20 37 13 51 14 90 93 71 29 58 66 57 60 0 
bonus: 47 89 16 64 40 45 59 77 11 34 67 54 19 12 27 99 33 48 56 7 98 78 87 82 5 68 76 69 9 75 49 95 42 35 24 85 17 96 43 1 61 20 37 13 51 14 90 93 71 29 58 66 57 60 
passengers: 7 8 2 236 35 20 47 113 197 39 218 121 25 172 64 

5647.17	13602	58986
tour: 0 60 57 90 93 15 2 28 92 74 86 84 55 73 44 11 77 30 22 65 38 62 94 41 97 14 51 13 83 25 39 18 50 32 63 3 52 80 8 88 98 78 87 82 72 10 79 46 26 70 4 21 6 75 49 95 42 35 24 85 17 96 43 1 61 20 37 45 40 5 68 76 69 9 81 23 71 29 58 66 59 36 91 53 31 34 67 54 19 12 27 99 33 48 56 7 64 16 89 47 0 
bonus: 60 57 90 93 15 2 28 92 74 86 84 55 73 44 11 77 30 22 65 38 62 94 41 97 14 51 13 83 25 39 18 50 32 63 3 52 80 8 88 98 78 87 82 72 10 79 46 26 70 4 21 6 75 49 95 42 35 85 61 20 37 45 40 5 68 76 69 9 81 23 71 29 58 66 59 36 91 53 31 34 67 54 19 12 27 99 33 48 56 7 64 16 89 47 
passengers: 4 71 66 11 52 182 197 62 150 218 18 10 89 174 48 110 162 

13472	11478	21394
tour: 0 47 89 48 33 56 7 64 16 12 19 54 67 27 99 92 28 2 15 93 90 14 51 13 37 20 61 1 43 96 17 85 24 35 42 95 49 75 6 21 4 70 26 46 79 10 72 82 87 78 98 88 8 80 52 3 63 32 39 18 50 74 86 84 55 73 44 97 41 94 62 38 65 22 30 77 11 34 31 53 91 36 83 25 59 45 40 5 68 76 69 9 81 23 71 29 58 66 57 60 0 
bonus: 47 89 48 33 56 7 64 16 12 19 54 67 27 99 92 28 2 15 93 96 17 85 68 76 69 9 81 23 71 29 58 66 57 60 
passengers: 8 2 3 36 126 91 9 202 81 217 50 46 145 167 212 20 

7909	12821	45637
tour: 0 60 57 66 59 45 40 5 68 76 69 9 81 23 71 29 58 90 93 15 2 28 92 74 86 84 55 73 44 11 77 30 22 65 38 62 94 41 97 14 51 13 37 20 61 1 43 96 17 85 24 35 42 95 49 75 6 21 4 70 26 46 79 10 72 82 87 78 98 88 8 80 52 3 63 32 50 18 39 25 83 36 91 53 31 34 67 54 19 12 27 99 33 48 56 7 64 16 89 47 0 
bonus: 60 57 66 59 45 40 5 68 76 69 9 81 23 71 29 58 90 93 15 2 28 92 74 86 84 55 73 44 11 77 30 22 65 61 1 43 96 17 85 24 35 42 95 49 75 6 21 4 70 26 46 79 10 72 82 87 78 98 88 8 80 52 3 32 27 99 33 48 56 7 64 16 89 47 
passengers: 7 4 211 20 112 11 126 129 52 62 90 117 120 41 171 54 123 

5776.5	11901	27745
tour: 0 60 57 90 93 15 2 28 92 74 86 84 55 73 44 11 77 30 22 65 38 62 94 41 97 14 51 13 37 20 61 1 43 96 17 85 24 35 42 95 49 75 6 21 4 70 26 46 79 10 72 88 8 80 52 3 63 32 50 18 39 25 83 36 91 53 31 34 67 54 19 12 27 99 33 48 56 7 98 78 87 82 5 68 76 69 9 81 23 71 29 58 66 59 45 40 64 16 89 47 0 
bonus: 60 57 90 93 15 2 28 92 74 86 84 55 73 44 11 77 30 22 65 38 62 94 41 17 42 95 49 75 6 21 4 70 26 46 79 10 72 88 8 80 52 3 34 89 47 
passengers: 4 69 71 11 52 182 197 62 166 95 120 46 145 54 20 

5253.83	11932	27088
tour: 0 60 57 66 59 45 40 75 49 95 42 84 86 74 92 28 2 15 93 90 14 97 41 94 51 13 37 20 61 1 43 96 17 85 24 35 58 29 71 23 81 9 69 76 68 5 82 87 78 98 88 72 10 79 46 26 70 4 21 6 62 38 65 22 30 77 11 44 73 55 8 80 52 3 63 32 50 18 39 25 83 36 91 53 31 34 67 54 19 12 27 99 33 48 56 7 64 16 89 47 0 
bonus: 60 57 66 59 45 40 75 49 95 42 84 86 74 92 28 2 15 93 90 41 71 23 81 63 32 50 18 39 25 83 36 91 53 31 34 67 54 19 12 27 64 16 89 47 
passengers: 4 211 212 126 69 89 166 133 113 94 136 135 15 155 162 

13360	12316	35492
tour: 0 47 89 16 64 7 56 48 33 99 27 12 19 54 67 34 31 53 91 36 83 25 59 45 40 75 49 95 42 35 24 85 17 96 43 1 61 20 37 13 51 94 41 97 14 90 93 15 2 28 92 74 50 18 39 32 63 3 52 80 8 55 84 86 73 44 11 77 30 22 65 38 62 6 21 4 70 26 46 79 10 72 88 98 78 87 82 5 68 76 69 9 81 23 71 29 58 66 57 60 0 
bonus: 47 89 16 64 7 56 48 33 99 27 12 19 54 67 34 31 53 91 36 83 25 61 20 55 84 86 73 44 11 77 30 22 65 38 62 6 21 4 70 26 46 79 10 72 68 76 69 9 81 23 71 29 58 66 57 60 
passengers: 8 2 3 31 124 168 117 203 9 187 46 39 49 20 

13349	11356	18355
tour: 0 47 89 16 64 7 56 48 33 99 27 12 19 54 67 34 31 53 91 36 83 25 59 66 58 29 71 23 81 9 69 76 68 5 82 87 78 98 88 72 10 79 46 26 70 4 21 6 75 49 95 42 35 24 85 17 96 43 1 61 20 37 13 51 14 97 41 94 62 38 65 22 30 77 11 44 73 45 40 50 18 39 32 63 3 52 80 8 55 84 86 74 92 28 2 15 93 90 57 60 0 
bonus: 47 89 16 82 87 78 98 88 72 10 79 46 26 70 4 21 6 75 49 95 42 35 24 2 15 93 90 57 60 
passengers: 7 8 2 31 236 167 114 47 21 18 26 117 93 135 151 44 

5767	11748	25193
tour: 0 60 57 90 93 15 2 28 92 74 86 84 55 73 44 11 77 30 22 65 38 62 94 41 97 14 51 13 37 20 61 1 43 96 17 85 24 35 42 95 49 75 6 21 4 70 26 46 79 10 72 88 8 80 52 3 63 32 50 18 39 58 66 29 71 23 81 9 69 76 68 5 82 87 78 98 7 56 48 33 99 27 12 19 54 67 34 31 53 91 36 83 25 59 45 40 64 16 89 47 0 
bonus: 60 57 90 93 15 2 28 92 74 86 84 55 73 44 11 77 30 22 65 38 62 94 41 17 42 95 49 75 6 21 4 70 26 46 83 25 59 64 16 89 47 
passengers: 4 69 71 11 52 182 197 62 166 96 217 49 155 48 31 34 169 

4553.58	13112	50270
tour: 0 47 89 55 73 44 97 41 94 62 38 65 22 30 77 11 34 31 53 91 36 83 25 39 18 50 32 63 3 52 80 8 88 72 10 79 46 26 70 4 21 6 75 49 95 42 84 86 74 92 28 2 15 93 90 14 51 13 37 20 61 1 43 96 17 85 24 35 58 29 71 23 81 9 69 76 68 5 82 87 78 98 7 56 48 33 99 27 67 54 19 12 16 64 40 45 59 66 57 60 0 
bonus: 47 89 55 73 44 97 41 94 62 38 65 22 30 77 11 34 31 53 91 36 83 25 39 18 50 32 84 86 74 92 28 2 15 93 90 14 51 13 37 20 61 1 43 96 17 85 24 35 58 29 71 23 81 9 69 76 68 5 82 87 78 98 7 56 48 33 99 27 67 54 19 12 16 64 40 45 59 66 57 60 
passengers: 206 219 221 197 178 104 169 186 218 121 199 59 60 172 116 131 110 34 123 125 54 73 77 

13302	11228	14939
tour: 0 60 57 90 93 15 2 28 92 74 86 84 55 8 88 98 78 87 82 17 85 24 35 42 95 49 75 6 21 4 70 26 46 79 10 72 61 1 43 96 29 71 23 81 9 69 76 68 5 40 45 73 44 11 77 30 22 65 38 62 94 41 97 14 51 13 37 20 80 52 3 63 32 50 18 39 58 66 59 25 83 36 91 53 31 34 67 54 19 12 27 99 33 48 56 7 64 16 89 47 0 
bonus: 60 57 90 93 15 2 28 92 74 86 84 55 8 88 98 43 96 29 71 23 69 64 16 89 47 
passengers: 6 1 3 229 218 10 133 24 139 174 175 155 162 123 

13278	12580	40344
tour: 0 60 57 66 58 29 71 23 81 9 69 76 68 5 82 87 78 16 64 7 98 88 72 10 79 46 26 70 4 21 6 62 38 65 22 30 77 11 44 73 86 84 55 8 80 52 3 63 32 39 18 50 74 92 28 2 15 93 90 14 97 41 94 51 13 37 20 61 1 43 96 17 85 24 35 42 95 49 75 40 45 59 25 83 36 91 53 31 34 67 54 19 12 27 99 33 56 48 89 47 0 
bonus: 60 57 66 58 29 71 23 81 9 69 76 68 5 82 87 78 16 64 7 98 88 72 10 79 46 26 70 4 21 6 62 38 65 22 30 77 11 44 73 55 20 61 1 43 96 17 85 24 35 42 95 49 75 34 67 54 19 12 27 99 33 56 48 89 47 
passengers: 6 7 8 23 32 16 19 94 182 139 82 60 57 174 90 164 171 

13260	12481	40232
tour: 0 60 57 66 58 35 24 85 17 82 87 78 98 88 72 10 79 46 26 70 4 21 6 75 49 95 42 84 86 74 50 18 39 32 63 3 52 80 8 55 73 44 97 41 94 62 38 65 22 30 77 11 34 31 53 91 36 83 25 59 45 40 5 68 76 69 9 81 23 71 29 96 43 1 61 20 37 13 51 14 90 93 15 2 28 92 99 27 67 54 19 12 16 64 7 56 33 48 89 47 0 
bonus: 60 57 66 58 35 24 85 17 82 87 78 98 88 72 10 79 46 26 70 4 6 83 25 40 5 68 76 69 9 81 23 71 29 96 43 1 61 20 37 13 51 14 90 93 15 2 28 92 99 27 67 54 19 12 16 64 7 56 33 48 89 47 
passengers: 6 1 0 231 217 16 185 38 167 210 211 110 123 125 54 

13233	11586	21907
tour: 0 60 57 90 93 15 2 28 92 74 86 84 42 95 49 75 6 21 4 70 26 46 79 10 72 88 98 78 87 82 17 85 24 35 58 66 59 45 40 5 68 76 69 9 81 23 71 29 96 43 1 61 20 37 13 51 14 97 41 94 62 38 65 22 30 77 11 44 73 55 8 80 52 3 63 32 50 18 39 25 83 36 91 53 31 34 67 54 19 12 27 99 33 48 56 7 64 16 89 47 0 
bonus: 60 57 90 93 15 2 28 78 87 13 51 14 97 41 62 50 18 39 25 83 36 91 53 31 34 67 54 19 12 27 64 16 89 47 
passengers: 6 1 0 218 49 229 113 9 175 41 15 155 

8144.5	11543	19402
tour: 0 60 57 66 58 90 93 15 2 28 92 74 50 18 39 32 63 3 52 80 20 37 13 51 14 97 41 94 62 38 65 22 30 77 11 44 73 86 84 55 8 88 98 78 87 82 17 85 24 35 42 95 49 75 6 21 4 70 26 46 79 10 72 61 1 43 96 29 71 23 81 9 69 76 68 5 40 45 59 25 83 36 91 53 31 34 67 54 19 12 27 99 33 48 56 7 64 16 89 47 0 
bonus: 60 57 66 58 90 93 15 2 28 92 74 50 18 39 32 63 3 52 80 20 37 13 51 27 99 33 48 56 7 64 16 89 47 
passengers: 5 4 71 11 13 62 183 207 25 120 131 110 54 123 

13217	11291	16141
tour: 0 47 89 16 64 7 98 78 87 82 17 85 24 35 42 95 49 75 6 21 4 70 26 46 79 10 72 88 8 80 52 3 63 32 39 18 50 48 56 33 99 27 12 19 54 67 34 31 53 91 36 83 25 59 45 40 5 68 76 69 9 81 23 71 29 96 43 1 61 20 37 13 51 14 97 41 94 62 38 65 22 30 77 11 44 73 55 84 86 74 92 28 2 15 93 90 58 66 57 60 0 
bonus: 47 89 16 64 7 98 87 18 50 48 56 33 99 27 12 19 54 67 31 2 15 93 90 58 66 57 60 
passengers: 6 8 1 33 231 16 150 185 82 211 93 63 

13206	12303	35346
tour: 0 47 89 16 64 7 56 48 33 99 27 12 19 54 67 34 31 53 91 36 83 25 39 18 50 32 63 3 52 80 8 55 84 42 95 49 75 6 21 4 70 26 46 79 10 72 88 98 78 87 82 17 85 24 35 58 90 93 15 2 28 92 74 86 73 44 11 77 30 22 65 38 62 94 41 97 14 51 13 37 20 61 1 43 96 29 71 23 81 9 69 76 68 5 40 45 59 66 57 60 0 
bonus: 47 89 16 64 7 56 48 33 99 27 12 19 54 67 34 31 53 91 36 83 25 39 50 55 84 42 95 49 75 6 21 4 70 26 46 17 20 61 1 43 96 29 71 23 81 9 69 76 68 5 40 45 59 66 57 60 
passengers: 8 2 5 31 235 169 187 14 39 218 230 71 11 52 181 64 172 115 

13203	11479	19671
tour: 0 60 57 66 59 45 40 5 68 76 69 9 81 23 71 29 96 43 1 61 72 10 79 46 26 70 4 21 6 75 49 95 42 84 55 8 88 98 78 87 82 17 85 24 35 58 90 93 15 2 28 92 74 86 73 44 11 77 30 22 65 38 62 94 41 97 14 51 13 37 20 80 52 3 63 32 50 18 39 25 83 36 91 53 31 34 67 54 19 12 27 99 33 48 56 7 64 16 89 47 0 
bonus: 60 57 66 59 45 40 5 68 26 70 4 21 6 75 49 95 42 84 55 8 88 12 27 99 33 48 56 7 64 16 89 47 
passengers: 6 7 0 20 114 122 19 26 30 164 70 139 174 171 162 54 123 

6062	11392	18600
tour: 0 60 57 66 58 90 93 15 2 28 92 74 86 84 55 73 44 11 77 30 22 65 38 62 94 41 97 14 51 13 37 20 61 1 43 34 31 53 91 36 83 25 59 45 40 50 18 39 32 63 3 52 80 8 88 72 10 79 46 26 70 4 21 6 75 49 95 42 35 24 85 17 96 29 71 23 81 9 69 76 68 5 82 87 78 98 7 64 16 12 19 54 67 27 99 33 56 48 89 47 0 
bonus: 60 57 66 58 90 93 15 2 28 92 55 70 4 21 6 75 49 95 42 35 19 54 67 27 99 33 56 48 89 47 
passengers: 4 70 71 11 52 181 62 169 118 194 120 25 131 48 56 

13190	13799	62048
tour: 0 47 89 48 56 33 99 27 31 53 91 36 83 25 59 45 40 5 68 76 69 9 81 23 71 29 96 43 1 61 20 37 13 51 14 90 93 15 2 28 92 74 86 84 55 73 44 97 41 94 62 38 65 22 30 77 11 34 67 54 19 12 16 64 7 98 78 87 82 17 85 24 35 42 95 49 75 6 21 4 70 26 46 79 10 72 88 8 80 52 3 63 32 50 18 39 58 66 57 60 0 
bonus: 47 89 48 56 33 99 27 31 53 91 36 83 25 59 45 40 5 68 76 69 9 81 23 71 29 96 43 1 61 20 37 13 51 14 90 93 15 2 28 92 74 86 84 55 73 44 97 41 94 62 38 65 22 30 77 11 34 67 54 19 12 16 64 7 98 78 87 82 17 85 24 35 42 95 49 75 6 21 4 70 26 46 79 10 72 88 8 80 52 3 63 32 50 18 39 58 66 57 60 
passengers: 7 2 3 236 20 112 108 93 11 129 222 51 54 75 117 96 16 45 

13148	12248	33154
tour: 0 60 57 66 59 45 40 5 68 76 69 9 81 23 71 29 96 43 1 61 72 10 79 46 26 70 4 21 6 75 49 95 42 84 86 74 92 28 2 15 93 90 58 35 24 85 17 82 87 78 16 64 7 98 88 8 55 73 44 11 77 30 22 65 38 62 94 41 97 14 51 13 37 20 80 52 3 63 32 50 18 39 25 83 36 91 53 31 34 67 54 19 12 27 99 33 56 48 89 47 0 
bonus: 60 57 66 59 45 40 5 68 26 70 4 21 6 75 95 22 65 38 62 94 41 97 14 51 13 37 20 80 52 3 63 32 50 18 39 25 83 36 91 53 31 34 67 54 19 12 27 99 33 56 48 89 47 
passengers: 6 7 0 20 112 122 19 26 11 69 163 74 52 139 61 57 174 90 171 

13139	13024	48450
tour: 0 47 89 48 56 33 99 27 12 19 54 67 34 31 53 91 36 83 25 59 45 40 5 68 76 69 9 81 23 71 29 96 43 1 61 72 10 79 46 26 70 4 21 6 75 49 95 42 35 24 85 17 82 87 78 16 64 7 98 88 8 55 84 86 73 44 11 77 30 22 65 38 62 94 41 97 14 51 13 37 20 80 52 3 63 32 39 18 50 74 92 28 2 15 93 90 58 66 57 60 0 
bonus: 47 89 48 56 33 99 27 12 19 54 67 34 31 53 91 36 83 25 59 45 40 5 68 76 69 9 81 61 72 10 79 46 26 70 4 21 6 75 49 95 42 35 24 85 17 22 65 38 62 94 41 97 14 51 13 37 20 80 52 3 63 32 39 18 50 74 92 28 2 15 93 90 58 66 57 60 
passengers: 7 2 3 236 20 47 114 50 19 94 26 52 139 140 182 63 57 175 93 151 

13124	10871	7996
tour: 0 47 89 48 56 33 99 27 12 19 54 67 34 31 53 91 36 83 25 39 18 50 32 63 3 52 80 8 55 84 42 95 49 75 6 21 4 70 26 46 79 10 72 88 98 7 64 16 78 87 82 17 85 24 35 58 66 59 45 40 5 68 76 69 9 81 23 71 29 96 43 1 61 20 37 13 51 14 97 41 94 62 38 65 22 30 77 11 44 73 86 74 92 28 2 15 93 90 57 60 0 
bonus: 47 89 48 56 33 99 27 12 13 15 93 90 57 60 
passengers: 6 2 5 235 15 38 218 73 211 20 112 173 53 

13121	11075	12369
tour: 0 60 57 66 59 45 40 5 68 76 69 9 81 23 71 29 96 43 1 61 72 10 79 46 26 70 4 21 6 75 49 95 42 84 55 8 88 98 7 64 16 78 87 82 17 85 24 35 58 90 93 15 2 28 92 74 86 73 44 11 77 30 22 65 38 62 94 41 97 14 51 13 37 20 80 52 3 63 32 50 18 39 25 83 36 91 53 31 34 67 54 19 12 27 99 33 56 48 89 47 0 
bonus: 60 57 66 59 45 40 5 68 26 70 4 6 12 27 99 33 56 48 89 47 
passengers: 6 7 0 20 114 122 19 26 30 164 70 139 174 171 

13109	12641	40079
tour: 0 47 35 24 85 17 82 87 78 98 88 72 10 79 46 26 70 4 21 6 75 49 95 42 84 86 73 44 11 77 30 22 65 38 62 94 41 97 14 51 13 37 20 61 1 43 96 29 71 23 81 9 69 76 68 5 40 45 59 25 83 36 91 53 31 34 67 54 19 12 27 99 33 48 56 7 64 16 89 55 8 80 52 3 63 32 39 18 50 74 92 28 2 15 93 90 58 66 57 60 0 
bonus: 47 35 24 85 17 82 87 78 98 88 72 10 79 46 26 70 4 21 6 75 49 95 11 61 1 43 96 29 71 23 81 34 67 54 19 12 27 99 33 48 56 7 64 16 89 55 8 80 52 3 63 32 39 18 50 74 92 28 2 15 93 90 58 66 57 60 
passengers: 6 1 0 232 218 18 19 94 139 174 172 89 131 110 162 123 235 72 44 45 14 191 

13102	12483	36699
tour: 0 47 89 48 56 33 99 27 67 54 19 12 16 64 7 98 78 87 77 30 22 65 38 62 6 21 4 70 26 46 79 10 94 41 97 73 44 11 34 31 53 91 36 83 25 59 45 40 75 49 95 42 35 24 85 17 82 5 68 76 69 9 81 23 71 29 96 43 1 61 72 88 8 55 84 86 74 92 28 2 15 93 90 14 51 13 37 20 80 52 3 63 32 50 18 39 58 66 57 60 0 
bonus: 47 89 48 56 33 99 27 67 54 19 12 16 64 87 75 49 95 42 35 24 85 17 82 5 68 76 69 9 81 23 71 29 96 43 1 61 72 88 8 55 84 86 74 92 28 2 15 93 90 14 51 80 63 32 50 18 39 58 66 57 60 
passengers: 6 8 2 123 73 31 217 167 168 200 117 113 44 66 57 

13094	12501	37538
tour: 0 60 57 66 58 39 18 50 32 63 3 52 80 20 37 13 51 14 90 93 15 2 70 26 46 79 10 94 41 97 73 44 11 77 30 22 65 38 62 6 21 4 28 92 74 86 84 55 8 88 72 61 1 43 96 29 71 23 81 9 69 76 68 5 40 45 59 25 83 36 91 53 31 34 67 54 19 12 27 99 33 56 48 75 49 95 42 35 24 85 17 82 87 78 98 7 64 16 89 47 0 
bonus: 60 57 66 58 79 10 94 41 97 73 44 11 77 30 22 65 38 62 6 21 4 28 92 74 86 84 55 8 88 72 61 1 43 96 29 67 54 19 12 27 99 33 56 48 75 49 95 42 35 24 85 17 82 87 78 98 7 64 16 89 47 
passengers: 0 5 4 14 71 11 50 140 136 181 25 131 210 162 123 124 234 

13075	13411	54248
tour: 0 47 89 48 56 33 99 27 12 19 54 67 34 31 53 91 36 83 25 59 45 40 5 68 76 69 9 81 23 71 29 96 43 1 61 72 88 8 55 84 86 74 92 28 4 21 6 62 38 65 22 30 77 11 44 73 97 41 94 10 79 46 26 70 16 64 7 98 78 87 82 17 85 24 35 42 95 49 75 2 15 93 90 14 51 13 37 20 80 52 3 63 32 50 18 39 58 66 57 60 0 
bonus: 47 89 48 56 33 99 27 12 19 54 67 34 31 53 91 36 83 25 59 45 40 5 68 76 69 9 81 61 72 88 8 55 84 86 74 92 28 4 21 6 62 38 65 22 30 77 11 44 41 26 70 16 64 7 98 78 87 82 17 85 24 35 42 95 49 75 2 15 93 90 14 51 13 37 20 80 52 3 63 32 50 18 39 58 66 57 60 
passengers: 7 2 3 236 20 47 114 9 39 19 94 26 137 52 218 165 57 175 

13049	13054	47919
tour: 0 47 89 48 56 33 99 27 12 19 54 67 34 31 53 91 36 83 25 59 45 40 5 68 76 69 9 81 23 71 29 96 43 1 61 20 37 13 51 6 21 4 70 26 46 79 10 72 88 98 7 64 16 78 87 82 17 85 24 35 42 95 49 75 2 15 93 90 14 97 41 94 62 38 65 22 30 77 11 44 73 28 92 74 86 84 55 8 80 52 3 63 32 50 18 39 58 66 57 60 0 
bonus: 47 89 48 56 33 99 27 12 19 54 67 34 31 53 91 36 83 25 59 45 40 5 68 76 69 9 81 61 20 37 13 51 6 21 4 70 26 46 79 10 72 88 98 7 64 16 78 87 82 17 85 24 35 42 44 73 28 92 74 86 84 55 8 80 52 3 63 32 50 18 39 58 66 57 60 
passengers: 7 2 3 236 20 47 114 91 30 122 50 200 71 63 184 45 

6037.33	12166	32425
tour: 0 47 89 90 93 15 2 28 92 74 86 73 44 11 77 30 22 65 38 62 94 41 97 14 51 13 37 20 61 1 43 96 29 71 23 81 9 69 76 68 5 40 45 59 25 83 36 91 53 31 34 67 54 19 12 27 99 33 56 48 50 18 39 32 63 3 52 80 8 55 84 42 95 49 75 6 21 4 70 26 46 79 10 72 88 98 7 64 16 78 87 82 17 85 24 35 58 66 57 60 0 
bonus: 47 89 90 93 15 2 28 92 74 86 73 44 11 77 30 22 65 38 62 94 41 97 14 51 13 61 1 43 96 29 71 23 81 9 69 76 68 5 40 45 25 78 87 82 17 85 24 35 58 66 57 60 
passengers: 4 71 11 126 52 181 64 89 131 110 194 123 235 39 30 234 

13021	11712	22711
tour: 0 47 89 90 93 15 2 28 92 74 86 84 42 95 49 75 6 21 4 70 26 46 79 10 72 88 8 55 73 44 11 77 30 22 65 38 62 94 41 97 14 51 13 37 20 80 52 3 63 32 39 18 50 40 45 59 25 83 36 91 53 31 34 43 1 61 48 56 33 99 27 67 54 19 12 16 64 7 98 78 87 82 5 68 76 69 9 81 23 71 29 96 17 85 24 35 58 66 57 60 0 
bonus: 47 89 90 93 15 2 28 92 74 86 84 95 80 52 3 63 32 39 18 50 40 45 59 25 83 36 91 71 29 96 17 85 24 35 58 66 57 60 
passengers: 6 0 4 11 18 218 52 61 174 90 118 167 144 201 20 

8420.5	12649	40211
tour: 0 47 89 55 8 80 52 3 63 32 39 18 50 74 92 28 2 15 93 90 14 97 41 94 62 38 65 22 30 77 11 44 73 86 84 42 95 49 75 48 56 33 99 27 12 19 54 67 34 31 53 91 36 83 25 59 45 40 5 68 76 69 9 81 23 71 29 96 43 1 61 20 37 13 51 6 21 4 70 26 46 79 10 72 88 98 7 64 16 78 87 82 17 85 24 35 58 66 57 60 0 
bonus: 47 89 55 8 80 52 3 63 32 39 18 50 74 92 28 2 15 93 90 14 97 41 62 5 68 76 69 9 81 23 71 29 96 43 1 61 20 37 13 51 6 21 4 70 26 46 79 10 72 88 98 7 64 16 78 87 82 17 85 24 35 58 66 57 60 
passengers: 5 4 41 14 11 71 181 51 236 56 86 194 47 91 30 234 

12953	12701	41431
tour: 0 60 57 66 59 45 40 5 68 76 69 9 81 23 71 29 96 43 1 61 48 56 33 99 27 12 19 54 67 34 31 53 91 36 83 25 39 18 50 32 63 3 52 80 20 37 13 51 14 97 41 94 62 38 65 22 30 77 11 44 73 86 84 42 95 49 75 6 21 4 70 26 46 79 10 72 88 98 7 64 16 78 87 82 17 85 24 35 58 90 93 15 2 28 92 74 8 55 89 47 0 
bonus: 60 57 66 59 45 40 5 68 69 52 80 20 37 13 51 14 97 41 94 62 38 65 22 30 77 11 44 73 86 84 42 95 49 75 6 21 4 70 26 46 79 10 72 88 98 7 64 16 78 87 82 17 85 24 35 58 90 93 15 2 28 92 74 8 55 89 47 
passengers: 7 2 5 20 110 125 56 85 86 82 13 91 58 62 122 234 230 117 

12937	11676	22113
tour: 0 47 89 55 8 80 52 3 63 32 39 18 50 74 92 28 2 15 93 90 79 46 26 70 4 21 6 62 38 65 22 30 77 11 44 73 86 84 42 95 49 75 48 56 33 99 27 12 19 54 67 34 31 53 91 36 83 25 59 45 40 5 68 76 69 9 81 23 71 29 96 43 1 61 20 37 13 51 14 97 41 94 10 72 88 98 7 64 16 78 87 82 17 85 24 35 58 66 57 60 0 
bonus: 47 89 55 8 80 52 3 63 32 39 18 50 26 70 6 5 68 76 69 9 81 23 71 29 96 64 16 78 87 82 17 85 24 35 58 66 57 60 
passengers: 6 0 5 14 71 217 17 181 86 167 195 108 177 221 197 234 

8327	13795	61039
tour: 0 47 89 55 8 74 92 28 2 15 93 90 14 51 13 37 20 80 52 3 63 32 50 18 39 58 35 24 85 17 82 87 78 16 64 7 98 88 72 10 79 46 26 70 4 21 6 75 49 95 42 84 86 73 44 97 41 94 62 38 65 22 30 77 11 34 67 54 19 12 27 99 33 56 48 61 1 43 96 29 71 23 81 9 69 76 68 5 40 45 31 53 91 36 83 25 59 66 57 60 0 
bonus: 47 89 55 8 74 92 28 2 15 93 90 14 51 13 37 20 80 52 3 63 32 50 18 39 58 35 24 85 17 82 87 78 16 64 7 98 88 72 10 79 46 26 70 4 21 6 75 49 95 42 84 86 73 44 97 41 94 62 38 65 22 30 77 11 34 67 54 19 12 27 99 33 56 48 61 1 43 96 29 71 23 81 9 69 76 68 45 31 53 91 36 83 25 59 66 57 60 
passengers: 5 4 44 69 66 15 155 166 74 35 94 196 181 136 236 22 208 169 

12897	11042	9502
tour: 0 60 57 66 58 35 24 85 17 96 29 71 23 81 9 69 76 68 5 82 87 78 98 7 64 16 12 19 54 67 27 99 33 56 48 50 18 39 32 63 3 52 80 20 37 13 51 14 90 93 15 2 75 49 95 42 84 86 74 92 28 4 70 26 46 79 10 94 41 97 73 44 11 77 30 22 65 38 62 6 21 40 45 59 25 83 36 91 53 31 34 43 1 61 72 88 8 55 89 47 0 
bonus: 60 79 10 94 41 11 34 43 1 61 72 88 8 55 89 47 
passengers: 7 8 2 23 33 82 186 62 217 213 216 144 9 

12859	12364	34483
tour: 0 60 57 66 75 49 95 42 84 86 73 44 11 77 30 22 65 38 62 6 21 4 70 26 46 79 10 94 41 97 14 51 13 37 20 80 52 3 63 32 50 18 39 58 90 93 15 2 28 92 74 8 55 89 48 56 33 99 27 12 19 54 67 34 31 53 91 36 83 25 59 45 40 5 68 76 69 9 81 23 71 29 96 43 1 61 72 88 98 7 64 16 78 87 82 17 85 24 35 47 0 
bonus: 60 57 66 49 39 58 90 93 15 2 28 92 74 8 55 89 48 56 33 99 27 12 19 54 67 34 31 53 91 36 83 25 59 45 40 5 68 76 69 9 81 23 71 29 96 43 1 61 72 88 78 85 24 35 47 
passengers: 6 0 5 16 218 175 14 151 83 70 68 12 55 162 167 109 234 

12835	13372	52614
tour: 0 47 89 55 8 88 72 10 79 46 26 70 4 21 6 51 13 37 20 80 52 3 63 32 39 18 50 74 92 28 2 15 93 90 14 97 41 94 62 38 65 22 30 77 11 44 73 86 84 42 95 49 75 66 58 35 24 85 17 96 29 71 23 81 9 69 76 68 5 40 45 59 25 83 36 91 53 31 27 99 33 56 48 61 1 43 34 67 54 19 12 16 64 7 98 78 87 82 57 60 0 
bonus: 47 89 55 8 88 72 10 79 46 26 70 4 21 6 51 13 37 20 80 52 3 63 32 39 18 50 74 92 28 2 15 93 90 14 97 41 94 62 38 65 22 30 77 11 44 73 86 84 42 95 49 75 66 58 35 24 85 17 96 29 71 23 69 45 59 25 83 36 91 53 31 27 99 33 56 48 61 1 43 98 78 87 82 57 60 
passengers: 6 0 5 218 16 175 14 151 83 11 69 71 181 207 163 80 110 48 195 159 54 

12810	13785	60451
tour: 0 60 57 66 58 35 24 85 17 82 87 78 16 64 7 98 77 11 44 73 86 84 42 95 49 75 2 15 93 90 14 97 41 94 62 38 65 22 30 53 31 34 67 54 19 12 27 99 33 56 48 61 1 43 96 29 71 23 81 9 69 76 68 5 40 45 59 25 83 36 91 52 80 20 37 13 51 6 21 4 28 92 74 50 18 39 32 63 3 70 26 46 79 10 72 88 8 55 89 47 0 
bonus: 60 57 66 58 35 24 85 17 82 87 78 16 64 7 98 77 11 44 73 86 84 42 95 49 75 2 15 93 90 14 97 41 94 62 38 65 22 30 53 31 34 67 54 19 12 27 99 33 56 48 61 1 43 96 29 71 23 81 9 69 76 45 59 25 83 36 91 52 80 20 37 13 51 6 21 4 28 92 74 50 18 39 32 63 3 70 26 46 79 10 72 88 8 55 89 47 
passengers: 8 1 4 35 230 12 71 196 181 236 47 22 194 170 96 16 186 152 

12806	13747	59458
tour: 0 47 89 55 8 88 72 10 79 46 26 70 4 28 92 74 50 18 39 32 63 3 52 80 20 37 13 51 6 21 40 45 59 25 83 36 91 53 31 34 11 44 73 86 84 42 95 49 75 2 15 93 90 14 97 41 94 62 38 65 22 30 77 87 78 98 7 64 16 12 19 54 67 27 99 33 56 48 61 1 43 96 29 71 23 81 9 69 76 68 5 82 17 85 24 35 58 66 57 60 0 
bonus: 47 89 55 8 88 72 10 79 46 26 70 4 28 92 74 50 18 39 32 63 3 52 80 20 37 13 51 6 21 40 45 59 25 83 36 91 53 31 34 11 44 73 86 84 42 95 49 75 2 15 93 90 14 97 41 94 62 38 65 22 30 77 87 78 98 7 64 16 12 19 54 67 27 99 33 56 48 61 1 43 96 29 71 69 76 68 5 82 17 85 24 35 58 66 57 60 
passengers: 6 0 5 218 16 82 14 174 58 95 147 142 71 223 196 105 202 115 21 

12801	13367	52207
tour: 0 47 89 55 84 86 73 44 11 77 98 7 64 16 78 87 82 17 85 24 35 42 95 49 75 2 15 93 90 14 97 41 94 62 38 65 22 30 53 31 34 67 54 19 12 27 99 33 56 48 61 1 43 96 29 71 23 81 9 69 76 68 5 40 45 59 25 83 36 91 52 80 20 37 13 51 6 21 4 28 92 74 8 88 72 10 79 46 26 70 3 63 32 50 18 39 58 66 57 60 0 
bonus: 47 89 55 84 86 73 44 11 77 98 7 64 16 78 87 82 17 85 24 35 42 65 22 30 53 31 34 67 54 19 12 27 99 33 56 48 61 1 43 96 29 71 23 81 9 69 76 45 59 25 83 36 91 52 80 20 37 13 51 6 21 4 28 92 74 8 88 72 10 79 46 26 70 3 63 32 50 18 39 58 66 57 60 
passengers: 8 1 4 234 35 32 12 196 181 236 47 22 194 170 96 16 

12791	13250	50594
tour: 0 47 35 24 85 17 82 5 68 76 69 9 81 23 71 29 96 43 1 61 72 88 8 55 89 48 56 33 99 27 31 53 91 36 83 25 59 45 40 21 6 62 38 65 22 30 77 87 78 98 7 64 16 12 19 54 67 34 11 44 73 97 41 94 10 79 46 26 70 4 28 92 74 86 84 42 95 49 75 2 15 93 90 14 51 13 37 20 80 52 3 63 32 50 18 39 58 66 57 60 0 
bonus: 47 35 24 85 17 82 5 68 76 69 27 31 53 91 36 83 25 59 45 40 21 6 62 38 65 22 30 77 87 78 98 7 64 16 12 19 54 67 34 11 44 73 97 41 94 10 79 46 26 70 4 28 92 74 86 84 42 95 49 75 2 15 93 90 14 51 13 37 20 80 52 3 63 32 50 18 39 58 66 57 60 
passengers: 7 2 3 20 110 9 38 123 125 209 74 86 197 218 121 57 175 

5173.33	12487	36662
tour: 0 47 89 55 8 74 92 28 2 15 93 90 14 97 41 94 62 38 65 22 30 77 87 78 75 49 95 42 84 86 73 44 11 34 67 54 19 12 16 64 7 98 88 72 10 79 46 26 70 4 21 6 51 13 37 20 80 52 3 63 32 50 18 39 25 83 36 91 53 31 27 99 33 56 48 61 1 43 96 29 71 23 81 9 69 76 68 5 40 45 59 66 58 35 24 85 17 82 57 60 0 
bonus: 47 89 55 8 74 92 28 2 15 93 90 6 51 13 37 20 80 52 3 63 32 50 18 39 25 83 36 91 53 31 27 99 33 56 48 61 1 43 96 29 71 23 81 9 69 76 68 5 40 45 59 66 58 35 24 85 17 82 57 60 
passengers: 4 44 127 11 12 51 54 78 79 218 95 25 174 144 145 202 115 21 163 

7884	12504	37389
tour: 0 47 89 55 8 74 92 28 4 21 6 51 13 37 20 80 52 91 36 83 25 39 18 50 32 63 3 70 26 46 79 10 72 88 98 7 64 16 78 87 77 11 44 73 86 84 42 95 49 75 2 15 93 90 14 97 41 94 62 38 65 22 30 53 31 34 67 54 19 12 27 99 33 56 48 61 1 43 96 29 71 23 81 9 69 76 68 5 40 45 59 66 58 35 24 85 17 82 57 60 0 
bonus: 47 89 55 8 74 92 28 4 21 6 51 13 37 20 80 52 91 36 83 79 10 72 88 98 7 64 16 87 67 54 19 12 27 99 33 56 48 61 1 43 96 29 71 23 81 9 69 76 45 59 66 58 35 24 85 17 82 57 60 
passengers: 6 5 39 16 83 15 216 74 71 196 181 55 21 163 

12721	11726	22412
tour: 0 47 89 55 8 74 92 28 2 15 93 90 79 46 26 75 49 95 42 84 86 73 44 11 77 87 78 16 64 7 98 88 72 10 94 41 97 14 51 13 37 20 80 52 91 36 83 25 59 45 40 50 18 39 32 63 3 70 4 21 6 62 38 65 22 30 53 31 34 67 54 19 12 27 99 33 56 48 61 1 43 96 29 71 23 81 9 69 76 68 5 82 17 85 24 35 58 66 57 60 0 
bonus: 47 89 55 8 74 92 2 98 88 72 10 94 41 97 14 51 13 37 20 80 52 91 36 25 69 76 68 5 82 17 85 24 35 58 66 57 60 
passengers: 8 0 4 11 218 52 31 65 175 169 118 150 136 55 10 21 

12698	12766	41371
tour: 0 47 35 24 85 17 96 29 71 23 81 9 69 76 68 5 82 87 78 16 64 7 98 88 72 43 1 61 48 56 33 99 27 12 19 54 67 34 31 53 91 36 83 25 59 45 40 21 6 62 38 65 22 30 77 11 44 73 86 84 42 95 49 75 2 15 93 90 89 55 8 74 92 28 4 70 26 46 79 10 94 41 97 14 51 13 37 20 80 52 3 63 32 50 18 39 58 66 57 60 0 
bonus: 47 35 24 85 17 96 29 71 23 81 9 69 76 68 5 82 87 78 16 64 88 72 43 1 61 48 56 33 99 27 12 19 54 67 34 31 53 91 36 83 25 59 45 40 21 6 62 38 65 22 30 77 11 95 20 80 52 3 63 32 50 18 39 58 66 57 60 
passengers: 7 8 1 24 31 227 125 56 87 88 169 119 94 106 139 52 199 57 175 

12674	12295	32942
tour: 0 47 89 55 8 74 92 28 4 70 26 46 79 90 93 15 2 75 49 95 42 84 86 73 44 11 77 30 22 65 38 62 6 21 40 45 59 25 83 36 91 53 31 27 99 33 56 7 64 16 12 19 54 67 34 43 1 61 48 50 18 39 32 63 3 52 80 20 37 13 51 14 97 41 94 10 72 88 98 78 87 82 5 68 76 69 9 81 23 71 29 96 17 85 24 35 58 66 57 60 0 
bonus: 47 89 55 8 74 92 28 4 70 26 46 79 90 93 15 2 75 49 95 42 84 86 73 44 11 97 41 94 10 72 88 98 78 87 82 5 68 76 69 9 81 23 71 29 96 17 85 24 35 58 66 57 60 
passengers: 6 0 4 19 217 11 52 95 171 144 123 74 203 82 59 64 197 49 

5325	12230	31909
tour: 0 47 35 24 85 17 82 5 68 76 69 40 45 59 25 83 36 91 52 80 20 37 13 51 14 97 41 94 62 38 65 22 30 53 31 34 67 54 19 12 27 99 33 56 48 61 1 43 96 29 71 23 81 9 6 21 4 28 92 74 8 55 89 90 93 15 2 75 49 95 42 84 86 73 44 11 77 87 78 16 64 7 98 88 72 10 79 46 26 70 3 63 32 50 18 39 58 66 57 60 0 
bonus: 47 35 24 85 17 82 5 68 76 69 40 45 59 25 83 36 91 52 80 20 37 13 51 14 97 41 94 62 38 65 22 6 21 4 28 92 8 55 89 90 93 15 2 75 49 95 50 18 39 58 66 57 60 
passengers: 7 163 164 22 24 118 87 235 47 96 39 40 231 214 

7512	12980	44427
tour: 0 60 57 66 58 39 18 50 32 63 3 52 80 20 37 13 51 6 21 40 45 59 25 83 36 91 53 31 27 99 33 56 7 64 16 12 19 54 67 34 11 44 73 86 84 42 95 49 75 2 15 93 90 14 97 41 94 62 38 65 22 30 77 87 78 98 88 72 10 79 46 26 70 4 28 92 74 8 55 89 48 61 1 43 96 29 71 23 81 9 69 76 68 5 82 17 85 24 35 47 0 
bonus: 60 57 66 58 39 18 33 56 7 64 16 12 19 54 67 34 11 44 73 86 84 42 95 49 75 2 15 93 90 14 97 41 94 62 38 65 22 30 77 87 78 98 88 72 10 79 46 26 70 4 28 92 74 8 55 89 48 61 1 43 96 29 69 76 68 5 82 17 85 24 35 47 
passengers: 2 5 185 15 210 123 158 74 76 52 206 62 197 105 49 129 202 21 

12635	13486	54274
tour: 0 47 35 24 85 17 82 5 68 76 69 9 81 23 71 29 96 43 1 61 72 88 98 7 64 16 78 87 77 11 44 73 86 84 42 95 49 75 2 15 93 90 79 46 26 70 4 28 92 74 8 55 89 48 56 33 99 27 12 19 54 67 34 31 53 91 36 83 25 59 45 40 21 6 62 38 65 22 30 10 94 41 97 14 51 13 37 20 80 52 3 63 32 50 18 39 58 66 57 60 0 
bonus: 47 35 24 85 17 82 5 68 76 69 9 81 23 71 29 96 43 1 61 7 64 16 78 87 77 11 44 73 86 15 93 90 79 46 26 70 4 28 92 74 8 55 89 48 56 33 99 54 67 34 31 53 91 36 83 25 59 45 40 21 6 62 38 65 22 30 10 94 41 97 14 51 13 37 20 80 52 3 63 32 50 18 39 58 66 57 60 
passengers: 7 8 1 20 112 234 37 76 204 198 12 56 87 88 160 94 100 139 57 175 

7347.5	11155	9877
tour: 0 60 57 66 58 39 18 50 32 63 3 52 80 20 37 13 51 6 21 40 45 59 25 83 36 91 53 31 27 99 33 56 48 89 55 8 74 92 28 4 70 26 46 79 10 7 64 16 12 19 54 67 34 11 44 73 86 84 42 95 49 75 2 15 93 90 14 97 41 94 62 38 65 22 30 77 87 78 98 88 72 61 1 43 96 29 71 23 81 9 69 76 68 5 82 17 85 24 35 47 0 
bonus: 60 57 66 58 39 18 12 19 54 67 34 11 44 73 86 93 47 
passengers: 2 5 185 15 210 123 235 39 216 74 76 161 207 69 196 115 21 

12625	12471	35960
tour: 0 47 89 55 8 74 92 28 4 70 26 46 79 90 93 15 2 75 49 95 42 84 86 73 44 11 34 67 54 19 12 16 64 7 10 94 41 97 14 51 13 37 20 80 52 3 63 32 39 18 50 48 56 33 99 27 31 53 91 36 83 25 59 45 40 21 6 62 38 65 22 30 77 87 78 98 88 72 61 1 43 96 29 71 23 81 9 69 76 68 5 82 17 85 24 35 58 66 57 60 0 
bonus: 47 89 55 8 74 92 28 4 70 26 46 79 90 93 15 2 75 12 16 64 10 20 80 52 21 6 62 38 65 22 30 77 87 78 98 88 72 61 1 43 96 29 71 23 81 9 69 76 68 5 82 17 85 24 35 58 66 57 60 
passengers: 6 0 4 17 218 11 51 85 54 73 174 236 144 194 25 202 115 21 

12581	12342	33044
tour: 0 47 35 24 85 17 82 5 68 76 69 9 81 23 71 29 96 43 1 61 48 56 33 99 6 21 40 45 59 25 83 36 91 53 31 27 12 19 54 67 34 11 44 73 86 84 42 95 49 75 2 15 93 90 89 55 8 74 92 28 4 70 26 46 79 10 72 88 98 7 64 16 78 87 77 30 22 65 38 62 94 41 97 14 51 13 37 20 80 52 3 63 32 50 18 39 58 66 57 60 0 
bonus: 47 35 24 85 17 82 5 68 76 69 9 81 23 71 29 96 43 1 61 48 56 33 99 6 21 40 45 59 25 83 36 91 53 31 27 12 19 11 51 13 37 20 80 52 3 63 32 50 18 39 58 66 57 60 
passengers: 7 2 3 20 110 158 27 29 146 162 52 218 74 57 175 

12576	13350	51458
tour: 0 47 35 24 85 17 82 5 68 76 69 9 81 23 71 29 96 43 1 61 48 56 33 42 95 49 75 2 15 93 90 89 55 84 86 73 44 11 77 87 78 16 64 7 98 88 72 10 79 46 26 70 4 28 92 74 8 80 20 37 13 51 14 97 41 94 62 38 65 22 30 53 31 34 67 54 19 12 27 99 6 21 40 45 59 25 83 36 91 52 3 63 32 50 18 39 58 66 57 60 0 
bonus: 47 35 24 85 17 82 5 68 76 69 9 81 23 71 29 96 43 1 61 48 56 33 42 95 49 75 2 15 93 90 89 55 84 86 73 44 11 77 87 78 16 64 7 98 88 72 10 79 46 26 70 4 80 30 53 31 34 67 54 19 12 27 99 6 21 40 45 59 25 83 36 91 52 3 63 32 50 18 39 58 66 57 60 
passengers: 7 3 4 20 112 158 11 206 52 74 65 181 102 136 85 208 

12547	12366	32923
tour: 0 60 57 82 5 68 76 69 9 81 23 71 29 96 17 85 24 35 58 66 59 45 40 21 6 99 33 56 48 61 1 43 34 67 54 19 12 27 31 53 91 36 83 25 39 18 50 32 63 3 52 80 20 37 13 51 14 97 41 94 62 38 65 22 30 10 72 88 98 7 64 16 78 87 77 11 44 73 86 84 42 95 49 75 2 15 93 90 79 46 26 70 4 28 92 74 8 55 89 47 0 
bonus: 60 57 82 5 68 76 69 9 81 23 71 29 96 17 85 24 35 58 66 6 33 56 48 61 1 43 34 67 54 19 12 27 31 53 91 36 83 25 39 18 50 32 63 3 70 4 28 92 74 8 55 89 47 
passengers: 7 2 3 20 110 159 203 160 123 82 62 65 50 76 53 

5507.5	12770	41119
tour: 0 60 57 82 5 68 76 69 9 81 23 71 29 96 17 85 24 35 58 66 52 80 20 37 13 51 14 97 41 94 62 38 65 22 30 10 72 88 98 7 64 16 78 87 77 11 44 73 86 84 42 95 49 75 2 15 93 90 79 46 26 70 3 63 32 39 18 50 40 45 59 25 83 36 91 53 31 27 12 19 54 67 34 43 1 61 48 56 33 99 6 21 4 28 92 74 8 55 89 47 0 
bonus: 60 57 82 5 68 76 69 9 81 23 71 29 96 17 85 24 35 58 66 52 80 20 37 13 51 14 97 41 94 62 38 65 22 30 10 72 64 16 78 87 77 11 44 73 86 93 54 67 34 43 1 61 48 56 33 99 6 21 4 28 92 74 8 55 89 47 
passengers: 7 20 21 48 108 116 222 33 37 204 198 185 210 125 56 87 9 235 

12521	11295	12777
tour: 0 47 35 24 85 17 82 87 78 16 64 7 56 33 53 31 34 67 54 19 12 27 99 6 21 4 28 92 74 8 55 89 48 61 1 43 96 29 71 23 81 9 69 76 68 5 40 45 59 25 83 36 91 52 80 20 37 13 51 14 97 41 94 62 38 65 22 30 10 72 88 98 77 11 44 73 86 84 42 95 49 75 2 15 93 90 79 46 26 70 3 63 32 50 18 39 58 66 57 60 0 
bonus: 47 35 24 85 17 82 87 78 16 64 7 56 33 53 19 50 18 39 58 66 57 60 
passengers: 6 8 2 36 235 128 38 133 208 170 106 135 66 

12501	12473	35787
tour: 0 47 35 24 85 17 96 29 71 23 81 9 69 76 68 5 82 87 78 16 64 7 10 79 46 26 70 4 28 92 74 8 55 89 90 93 15 2 75 49 95 42 84 86 73 44 11 34 67 54 19 12 27 31 53 91 36 83 25 59 45 40 21 6 99 33 56 48 61 1 43 72 88 98 77 30 22 65 38 62 94 41 97 14 51 13 37 20 80 52 3 63 32 50 18 39 58 66 57 60 0 
bonus: 47 35 24 85 17 96 29 71 23 81 9 69 76 68 5 82 87 78 16 64 7 10 79 46 26 70 4 28 27 31 53 91 36 83 25 59 45 40 21 6 99 33 56 48 61 1 43 72 88 98 77 39 58 66 57 60 
passengers: 6 7 8 23 37 120 17 204 86 87 144 94 203 139 175 

