Fo(cost)	Fo(time)	Fo(bonus)

3282.33	11440	18866
tour: 0 66 60 51 3 65 71 92 23 72 37 83 97 96 86 70 10 26 93 32 13 88 19 68 16 25 76 55 95 17 44 22 6 64 9 7 20 74 50 34 39 31 53 59 42 45 77 33 35 57 52 28 63 4 18 82 49 48 2 90 47 21 91 27 46 62 87 85 61 94 69 29 38 56 41 15 80 78 8 89 24 14 1 75 40 58 81 99 98 43 84 12 11 79 54 73 67 30 36 5 0 
bonus: 66 60 51 3 65 71 92 23 72 4 18 82 49 48 2 90 47 21 91 27 46 62 87 85 61 69 73 67 30 36 5 
passengers: 249 245 205 132 131 296 292 267 166 162 239 90 183 135 229 230 361 2 221 207 273 344 315 193 184 

3087.82	11753	25582
tour: 0 66 17 44 14 24 89 40 58 81 10 26 93 32 13 88 45 77 33 35 43 98 99 19 68 16 25 76 55 95 60 51 49 82 18 70 86 96 97 83 37 72 23 92 71 65 3 57 52 28 63 4 94 69 29 38 56 41 15 80 78 8 47 21 91 27 46 62 87 85 61 48 2 90 67 73 54 79 11 12 84 6 22 75 1 64 9 7 20 74 50 34 39 31 53 59 42 30 36 5 0 
bonus: 18 41 15 80 78 8 47 21 91 27 46 62 87 85 61 2 90 67 73 54 79 6 22 75 1 64 9 7 20 74 50 34 39 31 53 59 42 30 36 5 
passengers: 249 245 43 45 40 186 165 166 206 132 363 241 243 183 143 169 170 334 338 221 208 122 346 381 19 314 200 

3201.2	12770	40267
tour: 0 5 36 30 42 59 53 31 39 34 50 74 20 7 9 64 1 75 22 6 84 12 11 79 54 73 67 90 2 48 61 85 87 62 46 27 91 21 47 8 78 80 15 41 56 38 29 69 94 4 63 28 52 57 3 65 71 51 60 95 55 76 25 16 68 19 99 98 43 35 33 77 45 88 13 32 93 26 49 82 18 37 72 23 92 83 97 96 86 70 10 81 58 40 89 24 14 44 17 66 0 
bonus: 5 36 30 42 59 53 31 39 34 50 74 20 7 9 64 1 75 22 6 84 12 11 79 54 73 67 51 60 95 55 76 25 16 68 19 99 98 43 35 33 77 45 88 13 32 93 26 49 82 18 37 72 23 92 83 97 96 86 70 10 81 58 40 89 24 14 44 17 66 
passengers: 110 111 112 120 108 27 16 36 126 392 391 85 137 177 175 296 128 205 258 267 262 266 328 78 364 105 64 288 194 195 

3064.37	10727	5110
tour: 0 66 17 44 14 24 89 8 78 80 15 41 56 38 29 69 94 4 63 28 52 57 3 65 71 92 23 72 37 83 97 96 86 40 58 81 10 26 93 32 13 88 45 77 33 35 43 98 99 19 68 16 25 76 55 95 60 51 49 82 18 70 47 21 91 27 46 62 87 85 61 48 2 90 67 73 54 79 11 12 84 6 22 75 1 64 9 7 20 74 50 34 39 31 53 59 42 30 36 5 0 
bonus: 66 17 44 14 24 59 42 30 36 5 
passengers: 247 246 44 45 335 349 171 85 227 177 175 296 372 189 88 268 267 320 203 361 221 390 208 122 381 19 314 200 

3087.88	11374	17211
tour: 0 5 36 30 42 59 53 31 39 34 50 74 20 7 9 64 1 75 22 6 84 12 11 79 54 73 67 90 2 48 61 85 87 62 46 27 91 21 47 70 10 81 58 40 86 96 97 83 92 23 72 37 18 82 49 26 93 32 13 88 45 77 33 35 43 98 99 19 68 16 25 76 55 95 60 51 71 65 3 57 52 28 63 4 94 69 29 38 56 41 15 80 78 8 89 24 14 44 17 66 0 
bonus: 5 36 30 42 59 53 31 39 34 50 74 20 7 9 64 1 75 22 6 84 12 11 8 89 24 14 44 17 66 
passengers: 110 111 112 120 108 34 12 37 251 210 389 218 287 62 305 102 363 90 243 183 143 235 344 345 

3360.4	11178	13904
tour: 0 66 17 44 22 6 84 12 11 79 54 73 67 46 27 91 21 47 90 2 48 61 85 87 62 41 15 80 78 8 89 24 14 55 95 60 51 49 82 18 70 86 96 97 83 37 72 23 92 71 65 3 57 52 28 63 4 94 69 29 38 56 76 25 16 68 19 99 98 43 35 33 77 45 88 13 32 93 26 10 81 58 40 75 1 64 9 7 20 74 50 34 39 31 53 59 42 30 36 5 0 
bonus: 66 17 44 76 25 16 68 19 99 98 43 9 7 20 74 50 34 39 31 53 59 42 30 36 5 
passengers: 244 245 42 43 12 161 159 251 124 217 165 166 162 96 296 297 175 142 272 172 261 260 332 314 200 

3102.43	11684	23022
tour: 0 66 17 44 14 24 89 8 78 80 15 41 98 43 35 33 77 45 88 13 32 93 26 10 70 18 82 49 51 60 95 55 76 25 16 68 19 99 81 58 40 86 96 97 83 37 72 23 92 71 65 3 57 52 28 63 4 94 69 29 38 56 62 87 85 61 48 2 90 47 21 91 27 46 67 73 54 79 11 12 84 6 22 75 1 64 9 7 20 74 50 34 39 31 53 59 42 30 36 5 0 
bonus: 66 17 44 76 62 87 85 61 48 2 90 47 21 91 27 46 67 73 54 79 11 12 84 6 22 75 1 64 9 7 20 74 50 59 42 30 36 5 
passengers: 249 245 43 40 337 363 128 206 205 165 166 162 241 174 135 272 169 170 221 208 122 252 314 200 

3197.2	11201	13205
tour: 0 5 36 30 42 59 53 31 39 34 50 74 20 7 9 64 1 75 40 58 81 99 19 68 16 25 76 56 38 29 69 94 4 63 28 52 57 3 65 71 92 23 72 37 83 97 96 86 70 10 26 93 32 13 88 45 77 33 35 43 98 41 15 80 78 8 89 24 14 55 95 60 51 49 82 18 62 87 85 61 48 2 90 47 21 91 27 46 67 73 54 79 11 12 84 6 22 44 17 66 0 
bonus: 5 36 30 42 59 53 31 39 34 74 93 32 13 88 45 77 11 12 84 6 22 44 17 66 
passengers: 111 116 117 198 152 34 29 85 283 11 137 183 62 66 56 307 373 79 325 344 334 39 390 123 2 254 381 384 

2940.75	11857	25695
tour: 0 5 36 30 42 59 53 31 39 34 50 74 20 7 9 64 1 75 22 6 84 12 11 79 54 73 67 90 2 48 61 85 87 62 46 27 91 21 47 70 10 26 93 32 13 88 45 77 33 35 43 98 99 19 68 16 25 76 55 95 60 51 49 82 18 37 72 23 92 83 97 96 86 40 58 81 71 65 3 57 52 28 63 4 94 69 29 38 56 41 15 80 78 8 89 24 14 44 17 66 0 
bonus: 5 36 30 42 59 53 31 39 34 50 74 20 7 9 64 1 75 22 6 84 12 11 79 54 73 67 90 2 48 61 85 87 41 15 80 78 8 89 24 14 44 17 66 
passengers: 110 111 112 116 120 27 21 35 124 391 78 80 326 258 165 132 363 102 308 243 183 143 275 173 344 345 

3239.5	11462	18283
tour: 0 5 36 30 42 59 53 31 39 34 50 74 20 7 9 64 1 75 40 58 81 71 65 3 57 52 28 63 4 94 69 29 38 56 41 15 80 78 8 89 24 14 55 95 60 51 49 82 18 37 72 23 92 83 97 96 86 70 10 26 93 32 13 88 45 77 33 35 43 98 99 19 68 16 25 76 47 21 91 27 46 62 87 85 61 48 2 90 67 73 54 79 11 12 84 6 22 44 17 66 0 
bonus: 5 36 30 42 59 53 31 39 34 50 74 20 7 9 64 1 75 48 2 90 67 73 54 79 11 12 84 6 22 44 17 66 
passengers: 111 117 198 152 144 34 25 84 168 349 352 129 361 360 66 372 88 321 214 219 123 2 254 381 384 

3357.62	11186	13206
tour: 0 66 17 44 22 6 84 12 11 79 54 73 67 46 27 91 21 47 90 2 48 61 85 87 62 41 15 80 78 8 89 24 14 55 95 60 51 49 82 18 37 72 23 92 83 97 96 86 70 10 26 93 32 13 88 45 77 33 35 43 98 99 19 68 16 25 76 56 38 29 69 94 4 63 28 52 57 3 65 71 81 58 40 75 1 64 9 7 20 74 50 34 39 31 53 59 42 30 36 5 0 
bonus: 66 17 44 81 58 40 75 1 64 9 7 20 74 50 34 39 31 53 59 42 30 36 5 
passengers: 244 245 42 43 12 161 159 251 124 218 162 206 202 97 298 302 318 171 232 137 139 293 192 314 200 

3124.8	12127	29648
tour: 0 66 17 44 22 6 64 9 7 20 74 50 34 39 31 53 59 42 45 77 33 35 43 84 12 11 79 54 73 67 46 27 91 21 47 90 2 48 61 85 87 62 56 41 15 80 78 8 89 24 14 1 75 40 58 81 99 98 38 29 69 94 4 63 28 52 57 3 65 71 92 83 97 96 86 70 10 26 93 32 13 88 19 68 16 25 76 55 95 60 51 49 82 18 37 72 23 30 36 5 0 
bonus: 66 17 44 22 6 64 9 7 20 74 50 34 39 31 53 59 42 45 77 33 35 43 84 12 11 79 54 73 67 46 90 40 58 81 99 98 38 29 69 57 51 49 82 18 37 72 23 30 36 5 
passengers: 244 248 42 46 21 200 201 118 332 88 161 251 125 210 213 221 216 171 197 185 355 282 227 242 369 78 97 

2923.55	11956	26077
tour: 0 5 36 30 42 59 53 31 39 34 50 74 20 7 9 64 6 22 44 17 95 55 76 25 16 68 19 99 98 41 15 80 78 8 89 24 14 1 75 40 58 81 71 65 3 57 52 28 63 4 94 69 29 38 56 62 87 85 61 48 2 90 47 21 91 27 46 67 73 54 79 11 12 84 43 35 33 77 45 88 13 32 93 26 10 70 86 96 97 83 92 23 72 37 18 82 49 51 60 66 0 
bonus: 5 36 30 42 59 53 31 39 34 50 74 20 17 62 87 85 61 48 2 90 47 21 91 27 46 67 73 54 79 11 12 84 43 35 33 77 45 88 13 32 93 26 10 70 86 96 37 
passengers: 110 113 111 114 152 33 30 16 19 44 43 166 39 312 297 174 273 169 123 2 257 158 159 347 35 92 78 80 369 305 106 364 359 128 133 

3215.12	10908	8538
tour: 0 5 36 30 42 59 53 31 39 34 50 74 20 7 9 81 58 40 75 1 14 24 89 8 78 80 15 41 98 99 19 68 16 25 76 55 95 60 51 49 82 18 4 94 69 29 38 56 62 87 85 61 48 2 90 47 21 91 27 46 67 73 54 79 11 12 84 43 35 33 77 45 88 13 32 93 26 10 70 86 96 97 83 37 72 23 92 71 65 3 57 52 28 63 64 6 22 44 17 66 0 
bonus: 5 36 30 42 59 53 31 34 3 57 6 22 44 17 66 
passengers: 113 111 117 152 144 25 23 39 352 268 130 361 84 169 214 223 213 123 253 158 388 90 91 328 287 243 235 

3009.75	11655	22047
tour: 0 5 36 30 42 59 53 31 39 34 50 74 20 7 9 64 1 14 24 89 8 78 80 15 41 56 38 29 69 94 4 18 62 87 85 61 48 2 90 47 21 91 27 46 67 73 54 79 11 12 84 6 22 75 40 58 81 10 70 86 96 97 83 37 72 23 92 71 65 3 57 52 28 63 51 60 95 55 76 25 16 68 19 99 98 43 35 33 77 45 88 13 32 93 26 49 82 44 17 66 0 
bonus: 5 36 30 42 59 53 31 39 34 50 74 20 7 9 64 1 14 24 89 8 78 80 15 41 77 45 88 13 32 93 26 49 82 44 17 66 
passengers: 113 111 120 108 109 27 39 389 390 123 2 253 257 159 37 285 96 97 298 296 292 242 235 128 205 267 262 92 324 73 364 

3372.67	11794	25632
tour: 0 66 17 44 22 6 69 94 4 63 28 52 57 3 65 71 92 83 97 96 86 70 10 26 93 32 13 88 45 77 33 35 43 84 12 29 38 98 41 15 80 78 8 89 24 14 55 95 60 51 49 82 18 37 72 23 11 79 54 73 67 46 27 91 21 47 90 2 48 61 85 87 62 56 76 25 16 68 19 99 81 58 40 75 1 64 9 7 20 74 50 34 39 31 53 59 42 30 36 5 0 
bonus: 66 17 44 22 6 69 94 4 63 28 52 57 3 65 71 92 83 97 96 86 70 10 26 93 32 13 88 43 7 20 74 50 34 39 31 53 59 42 30 36 5 
passengers: 247 16 21 14 15 283 137 183 373 367 285 78 325 330 344 39 164 105 161 309 251 122 125 221 172 192 314 200 

2896	11284	13398
tour: 0 5 36 30 42 59 53 31 39 34 50 74 20 7 9 64 1 14 24 89 8 78 80 15 41 56 38 29 69 94 4 63 28 52 57 3 65 71 81 58 40 75 22 6 84 12 11 79 54 73 67 46 27 91 21 47 90 2 48 61 85 87 62 18 37 72 23 92 83 97 96 86 70 10 26 93 32 13 88 45 77 33 35 43 98 99 19 68 16 25 76 55 95 60 51 49 82 44 17 66 0 
bonus: 5 36 30 42 59 53 31 39 34 54 73 67 46 27 91 55 95 60 51 49 82 44 17 66 
passengers: 113 111 117 107 198 31 334 85 83 174 388 37 347 158 251 222 73 92 94 267 320 133 364 

3148.8	11216	13973
tour: 0 5 36 30 42 59 53 31 39 34 50 74 20 7 9 64 1 75 40 58 81 71 65 3 57 52 28 63 4 94 69 6 22 44 14 24 89 8 78 80 15 41 98 99 19 68 16 25 76 55 95 60 51 49 82 18 37 72 23 92 83 97 96 86 70 10 26 93 32 13 88 45 77 33 35 43 11 79 54 73 67 46 27 91 21 47 90 2 48 61 85 87 62 56 38 29 12 84 17 66 0 
bonus: 5 36 30 42 59 53 31 39 34 50 74 20 15 41 98 99 56 38 29 12 84 17 66 
passengers: 110 113 111 152 144 29 30 7 20 13 40 349 258 320 204 129 361 307 88 161 125 210 173 384 

3051.02	12136	30869
tour: 0 5 36 30 42 59 53 31 39 34 50 74 20 7 9 64 1 75 22 6 69 94 4 63 28 52 57 3 65 71 81 58 40 86 96 97 83 92 23 72 37 18 82 49 51 60 95 55 76 25 16 68 19 99 98 41 15 80 29 38 56 62 87 85 61 48 2 90 47 70 10 26 93 32 13 88 45 77 33 35 43 84 12 11 79 54 73 67 46 27 21 91 78 8 89 24 14 44 17 66 0 
bonus: 5 36 30 49 51 60 95 55 76 25 16 68 19 99 98 41 15 80 29 38 56 62 87 85 61 48 2 90 47 70 10 26 93 32 13 88 45 77 33 12 11 46 27 21 91 78 8 89 14 
passengers: 110 119 111 152 145 34 25 16 296 355 56 307 104 361 165 268 349 169 214 390 123 2 92 382 254 344 345 

2906.75	11590	19957
tour: 0 5 36 30 42 59 53 31 39 34 50 74 20 7 9 64 1 75 40 58 81 71 65 3 57 52 28 63 4 94 69 6 22 44 14 24 89 8 78 80 15 41 56 62 87 85 61 48 2 90 47 21 91 27 46 67 73 54 79 11 12 29 38 98 99 19 68 16 25 76 55 95 60 51 49 82 18 37 72 23 92 83 97 96 86 70 10 26 93 32 13 88 45 77 33 35 43 84 17 66 0 
bonus: 5 36 30 42 59 53 31 39 34 50 74 20 7 9 64 95 60 51 49 82 18 37 72 23 92 83 97 96 86 70 10 26 93 
passengers: 110 113 111 120 108 27 20 39 390 391 123 124 3 159 320 133 364 97 306 303 66 373 324 92 384 

2986.33	11656	22435
tour: 0 5 36 30 42 59 53 31 39 34 50 74 20 7 9 64 6 69 94 4 63 28 52 57 3 65 71 81 58 40 86 96 97 83 92 23 72 37 18 82 49 51 60 95 55 76 25 16 68 19 99 98 41 15 80 29 38 56 62 87 85 61 48 2 90 47 70 10 26 93 32 13 88 45 77 33 35 43 84 12 11 79 54 73 67 46 27 21 91 78 8 89 24 14 1 75 22 44 17 66 0 
bonus: 5 36 30 42 59 53 31 39 34 50 74 20 7 64 18 82 49 51 60 95 55 76 25 16 68 19 99 98 41 15 80 29 38 56 62 87 
passengers: 110 119 111 152 145 34 25 16 296 355 56 307 104 361 165 268 349 169 221 390 123 2 92 382 254 344 345 

2924.82	11522	19298
tour: 0 66 17 44 22 6 69 94 4 7 9 64 63 28 52 57 3 65 71 81 58 40 75 1 14 24 89 8 78 80 15 41 98 99 19 68 16 25 76 55 95 60 51 49 82 18 37 72 23 92 83 97 96 86 70 10 26 93 32 13 88 45 77 33 35 43 84 12 11 79 54 73 67 46 27 91 21 47 90 2 48 61 85 87 62 56 38 29 20 74 50 34 39 31 53 59 42 30 36 5 0 
bonus: 66 17 44 22 6 69 94 4 7 9 64 95 60 51 49 82 56 38 29 20 74 50 34 39 31 53 59 42 30 36 5 
passengers: 247 245 45 16 19 183 296 194 313 40 337 268 164 129 361 360 378 160 210 208 220 167 82 200 

3037.12	11136	12459
tour: 0 66 17 44 14 24 89 8 78 91 21 47 90 2 48 61 85 87 62 56 38 29 80 15 41 98 99 19 68 16 25 76 55 95 60 51 49 82 18 37 72 23 92 83 97 96 27 46 67 73 54 79 11 12 84 43 35 33 77 45 88 13 32 93 26 10 70 86 40 58 81 71 65 3 57 52 28 63 4 94 69 6 22 75 1 64 9 7 20 74 50 34 39 31 53 59 42 30 36 5 0 
bonus: 66 17 44 14 24 89 3 57 52 28 74 50 34 39 31 53 59 42 30 36 5 
passengers: 246 44 43 39 337 124 168 83 164 204 363 96 158 347 35 90 70 74 297 240 231 6 272 19 314 200 

3141.12	10627	2455
tour: 0 66 17 84 43 35 33 77 45 88 13 32 93 26 10 70 86 96 97 83 92 23 72 37 18 62 87 85 61 48 2 90 47 21 91 27 46 67 73 54 79 11 12 29 38 56 76 25 16 68 19 99 98 41 15 80 78 8 89 24 14 55 95 60 51 49 82 44 22 6 69 94 4 63 28 52 57 3 65 71 81 58 40 75 1 64 9 7 20 74 50 34 39 31 53 59 42 30 36 5 0 
bonus: 66 17 30 36 5 
passengers: 244 388 378 379 386 88 62 390 209 123 3 348 36 84 168 171 344 38 166 203 202 232 137 177 293 192 200 

2949.48	11861	26226
tour: 0 5 36 30 42 59 53 31 39 34 50 74 20 7 9 64 1 14 24 89 8 78 80 15 41 98 99 19 68 16 25 76 55 95 60 51 63 28 52 57 3 65 71 92 83 97 96 86 70 10 81 58 40 75 22 6 69 94 4 18 37 72 23 11 79 54 73 67 46 27 91 21 47 90 2 48 61 85 87 62 56 38 29 12 84 43 35 33 77 45 88 13 32 93 26 49 82 44 17 66 0 
bonus: 5 36 30 42 59 53 31 39 34 50 74 20 7 9 64 1 14 24 89 8 78 80 15 41 98 99 19 68 16 25 76 51 45 88 13 32 93 26 49 82 44 17 66 
passengers: 113 111 152 144 155 50 30 23 40 335 352 258 261 132 227 241 369 315 21 307 306 158 125 223 173 377 92 324 73 364 

2872.78	11130	11392
tour: 0 5 36 30 42 59 53 31 39 34 50 74 20 29 38 56 62 87 85 61 48 2 90 47 21 91 27 46 67 73 54 79 11 12 84 43 35 33 77 45 88 13 32 93 26 10 70 86 96 97 83 92 23 72 37 18 4 94 69 6 22 75 40 58 81 71 65 3 57 52 28 63 51 60 95 55 76 25 16 68 19 99 98 41 15 80 78 8 89 24 14 1 64 9 7 49 82 44 17 66 0 
bonus: 5 36 30 42 59 51 60 95 55 76 25 16 68 99 7 49 82 44 17 66 
passengers: 118 112 116 120 108 390 123 2 158 159 35 90 95 78 70 102 96 282 16 296 292 235 232 128 205 323 267 344 25 33 364 

3071.35	11511	18227
tour: 0 66 17 44 82 49 51 60 95 55 76 25 16 68 19 99 98 41 15 80 78 8 89 24 14 1 64 63 28 52 57 3 65 71 92 83 97 96 86 70 10 26 93 32 13 88 45 77 33 35 43 84 12 29 38 56 62 87 85 61 48 2 90 47 21 91 27 46 67 73 54 79 11 23 72 37 18 4 94 69 6 22 75 40 58 81 9 7 20 74 50 34 39 31 53 59 42 30 36 5 0 
bonus: 66 17 44 82 49 51 60 95 55 76 25 16 68 19 99 98 41 15 80 3 65 71 92 83 97 96 42 30 36 5 
passengers: 247 249 245 43 47 205 202 166 162 317 137 142 176 177 182 290 291 286 332 325 169 221 207 208 256 272 314 192 185 200 

3066.1	11516	17721
tour: 0 5 36 30 42 59 53 31 39 34 50 74 20 29 38 98 99 19 68 16 25 76 55 95 60 51 63 28 52 57 3 65 71 81 58 40 75 82 49 7 9 64 1 14 24 89 8 78 80 15 41 56 62 87 85 61 48 2 90 47 21 91 27 46 67 73 54 79 11 12 84 43 35 33 77 45 88 13 32 93 26 10 70 86 96 97 83 92 23 72 37 18 4 94 69 6 22 44 17 66 0 
bonus: 5 36 30 42 59 53 31 39 34 50 74 20 29 38 64 1 14 24 89 8 78 80 79 11 12 84 43 35 33 77 45 
passengers: 121 117 198 152 145 85 86 132 183 241 354 189 27 334 390 123 2 257 158 159 347 35 92 78 70 369 308 275 271 

3065.72	13712	56934
tour: 0 66 17 44 82 49 51 60 95 55 76 25 16 68 19 99 98 41 15 80 29 38 56 62 87 85 61 48 2 90 47 70 86 96 97 83 92 23 72 37 18 4 94 69 6 22 75 40 58 81 71 65 3 57 52 28 63 73 54 79 11 12 84 43 35 33 77 45 88 13 32 93 26 10 67 46 27 21 91 78 8 89 24 14 1 64 9 7 20 74 50 34 39 31 53 59 42 30 36 5 0 
bonus: 66 17 44 82 49 51 60 95 55 76 25 16 68 19 99 98 41 15 80 29 38 56 62 87 85 61 48 2 90 47 70 86 96 97 83 92 23 72 37 18 4 94 69 6 22 75 40 58 81 71 3 54 79 11 12 84 43 35 33 77 45 88 13 32 93 26 10 67 46 27 21 91 78 8 89 24 14 1 64 9 7 20 74 50 34 39 31 53 59 42 30 36 5 
passengers: 249 245 246 44 43 206 165 321 169 170 221 218 216 219 213 306 283 315 243 142 224 158 347 35 388 91 93 325 74 72 252 344 38 41 200 

2855.92	11499	16822
tour: 0 5 36 30 42 59 53 31 39 34 50 74 20 7 9 64 1 75 40 86 96 97 83 37 72 23 92 71 65 3 57 52 28 63 58 81 99 98 41 15 80 29 38 56 62 87 85 61 48 19 68 16 25 76 55 95 60 51 49 82 18 4 94 69 6 22 44 14 24 89 8 78 91 21 27 46 67 73 54 79 11 12 84 43 35 33 77 45 88 13 32 93 26 10 70 47 90 2 17 66 0 
bonus: 5 36 30 42 59 53 31 39 34 50 74 20 19 68 16 43 35 33 77 45 88 13 32 93 26 10 70 47 90 2 17 66 
passengers: 119 111 115 120 108 34 96 64 60 296 355 390 123 124 268 320 164 204 273 158 347 35 37 388 92 324 328 73 68 

2773.07	12206	30086
tour: 0 5 36 30 42 59 53 31 39 34 50 74 20 7 9 64 1 14 24 89 8 78 91 21 47 90 2 48 61 85 87 62 56 38 29 80 15 41 98 99 19 68 16 25 76 55 95 60 51 71 65 3 57 52 28 63 58 81 10 70 86 40 75 22 6 69 94 4 18 37 72 23 92 83 97 96 27 46 67 73 54 79 11 12 84 43 35 33 77 45 88 13 32 93 26 49 82 44 17 66 0 
bonus: 5 36 30 42 59 53 31 39 34 50 74 20 7 9 64 1 14 24 89 8 78 91 21 47 90 2 48 61 85 87 62 56 38 79 11 12 84 43 35 33 77 45 88 13 32 93 26 49 82 44 17 66 
passengers: 113 111 120 108 109 27 39 3 124 126 392 391 164 166 132 243 174 176 138 140 315 21 306 254 158 347 377 92 324 73 364 

2953.65	12268	33012
tour: 0 5 36 30 42 59 53 31 39 34 50 74 20 7 9 64 1 14 24 89 8 78 80 15 41 98 99 19 68 16 25 76 55 95 60 51 63 28 52 57 3 65 71 81 58 40 75 22 6 69 94 4 18 37 72 23 92 83 97 96 86 70 10 26 93 32 13 88 45 77 33 35 43 84 12 11 79 54 73 67 46 27 91 21 47 90 2 17 44 82 49 48 61 85 87 62 56 38 29 66 0 
bonus: 5 36 30 42 59 53 31 39 34 50 74 20 7 9 64 1 14 24 89 8 78 80 15 41 98 99 19 68 16 25 76 55 95 60 51 63 28 52 57 3 65 71 81 58 40 75 22 87 62 56 38 29 66 
passengers: 113 111 152 144 155 50 30 23 40 335 352 258 261 132 227 297 21 12 273 307 374 325 36 348 251 254 173 

2974.17	12374	33620
tour: 0 66 17 44 82 49 51 60 95 55 76 25 16 68 19 99 98 41 15 80 29 38 56 62 87 85 61 48 2 90 47 70 10 26 93 32 13 88 45 77 33 35 43 84 12 81 58 63 28 52 57 3 65 71 92 83 97 96 86 40 75 22 6 69 94 4 18 37 72 23 11 79 54 73 67 46 27 21 91 78 8 89 24 14 1 64 9 7 20 74 50 34 39 31 53 59 42 30 36 5 0 
bonus: 66 17 44 82 49 51 60 95 55 76 25 16 68 19 99 98 22 6 69 94 4 18 37 72 23 11 79 54 73 67 46 27 21 91 78 8 89 24 14 1 64 9 7 20 74 50 34 39 31 53 59 42 30 36 5 
passengers: 249 245 246 44 43 206 165 162 169 170 171 221 223 213 332 227 137 297 295 369 315 12 272 300 160 252 344 38 200 

2856.13	11804	22242
tour: 0 5 36 30 42 59 53 31 39 34 50 74 20 7 9 64 1 14 24 89 8 78 91 21 47 90 2 48 61 85 87 62 56 38 29 12 84 43 35 33 77 45 88 13 32 93 26 49 51 60 95 55 76 25 16 68 19 99 98 41 15 80 4 94 69 6 22 75 40 86 70 10 81 58 63 28 52 57 3 65 71 92 83 97 96 27 46 67 73 54 79 11 23 72 37 18 82 44 17 66 0 
bonus: 5 36 30 42 59 53 31 39 34 50 74 20 7 64 28 52 57 3 65 71 92 83 97 96 27 46 67 73 54 79 11 23 72 37 18 82 44 17 66 
passengers: 118 113 111 116 120 27 39 124 125 391 168 90 70 128 205 202 162 318 16 193 227 137 138 295 369 374 254 56 65 305 106 364 

2884.28	11301	13412
tour: 0 5 36 30 42 59 53 31 39 34 50 74 20 7 9 64 1 75 40 86 96 97 83 92 71 65 3 57 52 28 63 58 81 99 98 41 15 80 4 94 69 6 22 44 14 24 89 8 78 91 21 27 46 67 73 54 79 11 23 72 37 18 82 49 51 60 95 55 76 25 16 68 19 48 61 85 87 62 56 38 29 12 84 43 35 33 77 45 88 13 32 93 26 10 70 47 90 2 17 66 0 
bonus: 5 36 30 42 59 31 14 95 55 76 68 77 45 88 13 32 93 26 10 70 47 90 2 17 66 
passengers: 110 111 152 144 145 29 30 354 7 282 20 12 251 158 128 206 205 165 321 223 173 388 379 92 324 328 

2838.95	10939	8083
tour: 0 5 36 30 42 59 53 31 39 34 50 74 20 7 9 64 1 14 24 89 8 78 91 21 27 46 67 73 54 79 11 23 72 37 18 4 80 15 41 98 99 81 58 63 28 52 57 3 65 71 92 83 97 96 86 40 75 22 6 69 94 61 85 87 62 56 38 29 12 84 43 35 33 77 45 88 13 32 93 26 10 70 47 90 2 48 19 68 16 25 76 55 95 60 51 49 82 44 17 66 0 
bonus: 5 36 30 42 59 53 31 39 34 50 74 20 18 4 
passengers: 119 113 111 112 199 34 334 348 36 64 96 104 349 356 296 168 377 388 92 94 267 320 133 364 

2852.3	11538	17701
tour: 0 5 36 30 42 59 53 31 39 34 50 74 20 7 9 64 1 14 24 89 8 78 91 21 27 46 67 73 54 79 11 12 84 43 35 33 77 45 88 13 32 93 26 10 70 47 90 2 23 72 37 18 4 94 69 6 22 75 40 86 96 97 83 92 71 65 3 57 52 28 63 58 81 99 98 41 15 80 29 38 56 62 87 85 61 48 19 68 16 25 76 55 95 60 51 49 82 44 17 66 0 
bonus: 5 36 30 42 59 53 31 39 34 50 74 20 38 56 62 87 85 61 48 19 68 16 25 76 55 95 60 51 49 82 44 66 
passengers: 118 113 111 112 116 34 334 347 35 90 78 76 70 64 96 16 296 290 235 355 84 169 209 124 267 133 364 

3080.6	11049	9456
tour: 0 66 17 2 90 47 70 10 26 93 32 13 88 45 77 33 35 43 84 12 29 38 56 76 25 16 68 19 48 61 85 87 62 18 37 72 23 11 79 54 73 67 46 27 21 91 78 8 89 24 14 55 95 60 51 49 82 44 22 6 69 94 4 80 15 41 98 99 81 58 63 28 52 57 3 65 71 92 83 97 96 86 40 75 1 64 9 7 20 74 50 34 39 31 53 59 42 30 36 5 0 
bonus: 66 17 90 9 7 20 74 50 34 39 31 53 59 42 30 36 5 
passengers: 244 246 44 2 4 169 170 168 209 214 253 256 344 40 202 132 131 272 137 240 293 371 314 200 

2829.05	13101	44707
tour: 0 5 36 30 42 59 53 31 39 34 50 74 20 7 9 64 1 14 24 89 8 78 91 21 47 90 2 48 61 85 87 11 79 54 73 67 46 27 96 97 83 92 23 72 37 18 62 56 38 29 12 84 43 35 33 77 45 88 13 32 93 26 10 70 86 40 75 22 6 69 94 4 80 15 41 98 99 19 68 16 25 76 55 95 60 51 3 65 71 81 58 63 28 52 57 49 82 44 17 66 0 
bonus: 5 36 30 42 59 53 31 39 34 79 54 73 67 46 27 96 97 83 92 23 72 37 18 62 56 38 29 12 84 43 35 33 77 45 88 13 32 93 26 10 70 86 40 75 22 6 69 15 41 98 99 19 68 16 25 76 55 95 60 51 3 65 71 81 58 63 28 52 57 49 82 44 17 66 
passengers: 113 111 112 120 108 34 39 123 125 389 36 158 56 306 104 388 381 380 95 94 16 282 7 352 267 202 132 133 243 292 235 364 

2935.28	12037	27360
tour: 0 5 36 30 42 59 53 31 39 34 50 74 20 7 9 64 1 14 24 89 8 78 91 21 47 90 2 23 72 37 18 4 94 69 6 22 75 40 86 70 10 26 93 32 13 88 45 77 33 35 43 84 12 11 79 54 73 67 46 27 96 97 83 92 71 65 3 57 52 28 63 58 81 99 98 41 15 80 29 38 56 62 87 85 61 48 19 68 16 25 76 55 95 60 51 49 82 44 17 66 0 
bonus: 5 36 30 42 59 53 31 39 34 50 65 3 57 52 28 63 58 81 99 98 41 15 80 29 38 56 62 87 85 61 48 19 68 16 25 76 55 95 60 51 49 82 44 17 66 
passengers: 110 119 113 111 115 34 334 66 56 306 98 16 376 348 253 368 296 290 241 355 84 169 209 124 267 320 133 364 

2924.15	12831	42389
tour: 0 5 36 30 42 59 53 31 39 34 50 74 20 7 9 64 1 75 40 86 70 10 26 93 32 13 88 45 77 33 35 43 84 12 29 38 56 76 25 16 68 19 48 61 85 87 62 18 37 72 23 11 79 54 73 67 46 27 96 97 83 92 71 65 3 57 52 28 63 58 81 99 98 41 15 80 4 94 69 6 22 44 82 49 51 60 95 55 14 24 89 8 78 91 21 47 90 2 17 66 0 
bonus: 5 36 30 42 59 53 31 39 34 50 74 20 7 9 64 1 75 11 79 54 73 67 46 27 96 97 83 92 71 65 3 57 52 28 63 58 81 99 98 41 15 80 4 94 69 6 22 44 82 49 51 60 95 55 14 24 89 8 78 91 21 47 90 2 17 66 
passengers: 118 111 116 120 108 34 78 88 123 210 389 214 96 104 64 253 256 297 242 355 352 282 275 128 133 205 345 340 

2777.7	12437	32399
tour: 0 5 36 30 42 59 53 31 39 34 50 74 20 7 9 64 1 14 24 89 8 78 91 21 27 46 67 73 54 79 11 87 85 61 48 2 90 47 70 10 26 93 3 65 71 81 58 63 28 52 57 49 51 60 95 55 76 25 16 68 19 99 98 41 15 80 4 94 69 6 22 75 40 86 96 97 83 92 23 72 37 18 62 56 38 29 12 84 43 35 33 77 45 88 13 32 82 44 17 66 0 
bonus: 5 36 30 42 59 53 31 39 34 50 74 20 87 85 61 48 2 90 47 70 10 93 3 65 71 81 58 63 28 52 57 49 51 60 95 55 76 25 16 68 19 38 29 12 84 43 35 33 77 45 88 13 32 82 44 17 66 
passengers: 113 111 112 116 120 27 39 35 390 124 126 3 70 80 175 128 206 165 321 268 21 223 173 377 388 92 324 364 

2987.52	12252	31677
tour: 0 66 17 2 90 47 21 91 78 8 89 24 14 44 22 6 69 94 4 80 15 41 98 99 81 58 63 28 52 57 49 51 60 95 55 76 25 16 68 19 48 61 85 87 62 56 38 29 12 84 43 35 33 77 45 88 13 32 82 18 37 72 23 11 79 54 73 67 46 27 96 97 83 92 71 65 3 93 26 10 70 86 40 75 1 64 9 7 20 74 50 34 39 31 53 59 42 30 36 5 0 
bonus: 66 17 2 90 47 21 91 78 8 89 24 14 44 22 6 69 94 76 25 16 68 19 48 61 85 87 62 56 38 29 12 43 73 67 46 27 96 97 83 92 71 65 3 93 26 10 70 20 30 36 5 
passengers: 247 245 45 3 0 189 175 128 206 164 165 268 389 83 377 388 93 363 96 160 309 253 293 240 74 200 

2803.13	11901	24040
tour: 0 5 36 30 42 59 53 31 39 34 50 74 20 7 9 64 1 14 24 89 8 78 91 21 47 90 2 48 19 68 16 25 76 55 95 60 51 49 57 52 28 63 58 81 99 98 41 15 80 4 18 37 72 23 11 79 54 73 67 46 27 96 97 83 92 71 65 3 93 26 10 70 86 40 75 22 6 69 94 61 85 87 62 56 38 29 12 84 43 35 33 77 45 88 13 32 82 44 17 66 0 
bonus: 5 36 30 42 59 53 31 39 34 50 74 20 7 9 64 1 14 24 89 8 78 91 21 47 90 2 48 19 68 16 25 76 51 77 45 88 13 32 82 44 17 66 
passengers: 113 111 120 109 201 28 39 3 0 123 124 126 164 166 132 174 176 158 253 251 76 70 286 21 223 173 377 92 324 364 

2822.12	11669	20083
tour: 0 66 17 44 82 65 71 81 58 63 28 52 57 3 93 32 13 88 45 77 33 35 43 84 12 29 38 98 99 19 68 16 25 76 55 95 60 51 49 26 10 70 86 40 75 22 6 69 94 4 80 15 41 56 62 18 37 72 23 92 83 97 96 27 46 67 73 54 79 11 87 85 61 48 2 90 47 21 91 78 8 89 24 14 1 64 9 7 20 74 50 34 39 31 53 59 42 30 36 5 0 
bonus: 66 17 44 82 65 71 28 79 11 87 85 61 48 2 90 47 21 91 78 8 89 24 14 1 64 9 7 20 74 50 34 39 30 36 5 
passengers: 247 245 45 363 359 242 197 176 164 206 130 78 286 169 170 214 218 102 307 252 160 390 208 122 344 38 200 

2957.85	11662	20197
tour: 0 66 17 44 82 32 13 88 45 77 33 35 43 84 12 29 38 98 99 19 68 16 25 76 55 95 60 51 49 57 52 28 63 58 81 71 65 3 93 26 10 70 86 40 75 22 6 69 94 4 80 15 41 56 62 18 37 72 23 92 83 97 96 27 46 67 73 54 79 11 87 85 61 48 2 90 47 21 91 78 8 89 24 14 1 64 9 7 20 74 50 34 39 31 53 59 42 30 36 5 0 
bonus: 66 17 44 82 32 88 61 48 2 90 47 21 91 78 8 89 24 14 1 64 9 7 20 74 50 34 39 31 53 59 42 30 36 5 
passengers: 247 249 245 43 45 165 166 206 176 177 189 297 286 273 169 170 214 218 307 252 390 208 212 122 1 200 

2957.5	12412	33634
tour: 0 66 29 12 84 43 35 33 77 45 88 13 32 93 26 10 70 86 40 75 22 6 69 94 4 80 15 41 56 38 98 99 81 58 63 28 52 57 3 65 71 92 83 97 96 27 46 67 73 54 79 11 23 72 37 18 62 87 85 61 48 19 68 16 25 76 55 95 60 51 49 82 44 17 2 90 47 21 91 78 8 89 24 14 1 64 9 7 20 74 50 34 39 31 53 59 42 30 36 5 0 
bonus: 66 29 12 84 43 35 33 77 45 88 13 32 93 26 10 70 86 40 75 22 6 69 94 80 15 41 56 99 58 28 52 57 3 65 71 92 83 97 96 27 73 48 19 68 16 25 76 55 51 59 42 30 36 5 
passengers: 84 376 388 381 380 90 16 5 169 354 189 227 296 369 161 307 390 391 209 122 124 267 163 203 127 358 200 

2803.57	11979	25675
tour: 0 5 36 30 42 59 53 31 39 34 50 74 20 7 9 81 58 63 28 52 57 3 65 71 92 83 97 96 86 40 75 22 44 82 49 51 60 95 55 76 25 87 85 61 48 19 68 16 99 98 41 15 80 4 94 69 6 64 1 14 24 89 8 78 91 21 27 46 67 73 54 79 11 23 72 37 18 62 56 38 29 12 84 43 35 33 77 45 88 13 32 93 26 10 70 47 90 2 17 66 0 
bonus: 5 36 30 42 59 53 31 39 34 50 74 20 7 9 81 58 63 28 52 57 3 65 19 68 16 99 98 43 35 33 77 45 88 13 32 93 26 10 70 47 90 2 17 66 
passengers: 111 120 108 152 145 27 25 355 359 205 164 321 390 212 123 268 238 158 159 223 173 388 379 92 324 328 

2795.68	11858	22734
tour: 0 66 29 38 56 41 15 80 4 94 69 6 22 75 40 86 70 10 26 93 3 65 71 81 58 63 28 52 57 35 33 77 45 88 13 32 68 19 48 61 85 87 62 18 37 72 23 92 83 97 96 27 46 67 73 54 79 11 12 84 43 98 99 16 25 76 55 95 60 51 49 82 44 17 2 90 47 21 91 78 8 89 24 14 1 64 9 7 20 74 50 34 39 31 53 59 42 30 36 5 0 
bonus: 66 29 38 56 41 15 80 4 85 87 62 18 37 72 23 92 96 73 54 79 11 8 89 24 14 1 64 9 7 20 74 50 34 39 42 30 36 5 
passengers: 247 246 84 85 86 169 171 189 227 174 175 268 209 389 102 374 377 379 384 203 358 46 1 344 38 200 

2852.68	12596	35495
tour: 0 66 17 44 82 32 13 88 45 77 33 35 43 84 12 29 38 56 62 18 37 72 23 92 83 97 96 27 46 67 73 54 79 11 87 85 61 99 98 41 15 80 4 94 69 6 22 75 40 86 70 10 26 93 3 65 71 81 58 63 28 52 57 49 51 60 95 55 76 25 16 68 19 48 2 90 47 21 91 78 8 89 24 14 1 64 9 7 20 74 50 34 39 31 53 59 42 30 36 5 0 
bonus: 66 17 44 82 32 13 88 45 77 33 35 43 84 12 29 38 56 62 18 37 72 79 11 87 85 61 99 98 41 15 40 70 93 3 95 55 76 25 16 68 19 48 2 90 47 21 91 78 8 89 24 14 1 64 9 20 42 30 36 5 
passengers: 244 246 44 42 361 169 170 221 214 253 347 35 209 313 79 80 241 128 127 203 205 163 122 1 200 

2922.7	11121	9435
tour: 0 5 36 30 42 59 53 31 39 34 50 74 20 7 9 64 1 14 24 89 8 78 91 21 27 46 67 73 54 79 11 12 84 43 35 33 77 45 88 13 32 93 3 57 52 28 63 58 81 71 65 82 44 17 2 90 47 70 10 26 49 51 60 95 55 76 25 87 85 61 48 19 68 16 99 98 41 15 80 4 94 69 6 22 75 40 86 96 97 83 92 23 72 37 18 62 56 38 29 66 0 
bonus: 5 36 30 42 59 53 31 39 34 50 74 20 77 45 38 29 66 
passengers: 118 113 111 112 107 31 334 347 37 376 377 90 88 235 355 359 43 78 206 321 389 125 173 

2827.27	12368	33452
tour: 0 5 36 30 42 59 53 31 39 34 50 74 20 7 9 64 1 14 24 89 8 78 91 21 47 90 2 17 44 82 18 37 72 23 92 83 97 96 27 46 67 73 54 79 11 12 84 43 35 33 77 45 88 13 32 68 16 25 76 55 95 60 51 49 57 52 28 63 58 81 71 65 3 93 26 10 70 86 40 75 22 6 69 94 4 80 15 41 98 99 19 48 61 85 87 62 56 38 29 66 0 
bonus: 5 36 30 42 59 53 31 39 34 50 74 20 7 9 64 1 14 24 89 8 78 91 21 47 90 44 82 18 37 72 23 92 83 97 96 71 65 3 93 26 10 70 86 40 75 22 6 69 94 38 29 66 
passengers: 119 113 111 114 109 34 334 3 42 97 306 64 158 347 376 90 166 176 229 356 297 76 286 269 173 

2770.55	12777	38416
tour: 0 5 36 30 42 59 53 31 39 34 50 74 20 7 9 64 1 14 24 89 8 78 91 21 47 90 2 23 72 37 18 62 56 41 15 80 4 94 69 6 22 75 40 86 70 10 26 93 3 65 71 92 83 97 96 27 46 67 73 54 79 11 87 85 61 48 19 68 16 25 76 55 95 60 51 49 57 52 28 63 58 81 99 98 38 29 12 84 43 35 33 77 45 88 13 32 82 44 17 66 0 
bonus: 5 36 30 42 59 53 31 39 34 50 22 75 40 86 70 10 26 93 3 65 71 92 83 97 96 27 46 67 61 48 19 68 16 25 76 55 95 60 51 49 57 52 28 63 58 81 99 98 38 29 12 84 43 35 33 77 45 88 13 32 82 44 17 66 
passengers: 110 119 113 111 115 34 335 66 56 307 96 11 16 241 296 290 374 348 390 209 124 126 268 166 202 182 142 235 377 388 92 324 364 

2755.82	11701	20302
tour: 0 5 36 30 42 59 53 31 39 34 50 74 20 7 9 64 1 14 24 89 8 78 91 21 47 90 2 17 44 82 65 71 81 58 63 28 52 57 3 93 32 13 88 45 77 33 35 43 84 12 11 79 54 73 67 46 27 96 97 83 92 23 72 37 18 62 87 85 61 48 19 68 16 25 76 55 95 60 51 49 26 10 70 86 40 75 22 6 69 94 4 99 98 38 56 41 15 80 29 66 0 
bonus: 5 36 30 42 59 53 31 39 34 50 74 20 7 9 64 1 14 24 89 8 78 91 21 47 90 44 82 65 71 61 48 19 29 66 
passengers: 113 111 114 109 152 25 33 334 2 42 45 363 243 189 138 347 161 159 307 104 390 391 124 125 165 133 76 173 

2779.65	11315	13529
tour: 0 5 36 30 42 59 53 31 39 34 50 74 20 7 9 64 1 14 24 89 8 78 91 21 47 90 2 17 44 82 32 13 88 45 77 33 35 43 84 12 11 79 54 73 67 46 27 96 97 83 92 23 72 37 18 62 87 85 61 48 19 68 16 25 76 55 95 60 51 49 57 52 28 63 58 81 71 65 3 93 26 10 70 86 40 75 22 6 69 94 4 99 98 38 56 41 15 80 29 66 0 
bonus: 5 36 30 42 59 53 31 39 34 50 74 20 7 9 64 1 14 41 15 80 29 66 
passengers: 118 113 111 114 109 34 334 2 42 88 347 161 159 64 96 209 124 165 206 356 297 76 278 173 

3083.68	11610	20595
tour: 0 5 36 30 42 59 53 31 39 34 50 74 20 7 9 64 1 14 24 89 8 78 91 21 47 90 2 17 44 82 32 13 88 45 77 33 35 43 84 12 11 79 54 73 67 46 27 96 97 83 92 23 72 37 18 62 56 41 15 80 4 94 69 6 22 75 40 86 70 10 26 93 3 65 71 81 58 63 28 52 57 49 51 60 95 55 76 25 87 85 61 48 19 68 16 99 98 38 29 66 0 
bonus: 5 36 30 42 59 53 31 39 34 50 74 20 7 9 64 1 14 41 15 80 4 94 69 26 48 19 68 16 99 98 38 66 
passengers: 118 113 111 114 109 34 334 2 44 95 347 159 64 96 169 282 76 296 355 128 205 390 

2751.85	12106	29130
tour: 0 5 36 30 42 59 53 31 39 34 50 74 20 7 9 64 1 14 24 89 8 78 91 21 47 90 2 17 84 43 35 33 77 45 88 13 32 68 16 25 76 55 95 60 51 49 57 52 28 63 58 81 71 65 3 93 26 10 70 86 40 75 82 44 22 6 69 94 4 80 15 41 56 38 98 99 19 48 61 85 87 62 18 37 72 23 92 83 97 96 27 46 67 73 54 79 11 12 29 66 0 
bonus: 5 36 30 42 59 53 31 39 34 50 74 20 7 9 64 1 14 24 89 8 78 91 21 47 90 49 57 52 28 63 58 81 71 65 3 93 26 10 70 86 40 69 12 29 66 
passengers: 118 113 111 114 109 33 40 3 43 45 90 166 162 132 176 137 227 189 297 241 286 273 169 123 210 389 214 97 299 374 254 348 36 

2740.67	12007	23281
tour: 0 5 36 30 42 59 53 31 39 34 50 74 20 7 9 64 1 14 24 89 8 78 91 21 47 90 2 17 44 82 32 13 88 45 77 33 41 15 80 4 94 69 6 22 75 40 86 70 10 26 93 3 65 71 81 58 63 28 52 57 49 51 60 95 55 76 25 87 85 61 48 19 68 16 99 98 38 56 62 18 37 72 23 92 83 97 96 27 46 67 73 54 79 11 12 84 43 35 29 66 0 
bonus: 5 36 30 31 95 55 76 25 87 85 61 48 19 68 16 99 98 38 56 62 18 37 72 23 92 83 97 96 27 46 67 73 54 79 11 12 84 43 35 29 66 
passengers: 110 118 113 111 114 25 337 45 363 359 90 16 241 296 189 227 206 389 123 268 170 214 97 306 374 254 348 36 387 

2778.12	11568	17324
tour: 0 66 29 38 98 99 16 68 19 48 61 85 87 25 76 55 95 60 51 49 57 52 28 63 58 81 71 65 3 93 26 10 70 86 40 75 22 6 69 94 4 80 15 41 92 83 97 96 27 46 67 73 54 79 11 12 84 43 35 33 77 45 42 59 88 13 32 82 44 17 2 90 47 21 91 78 8 89 24 14 1 64 9 7 20 74 50 34 39 31 53 56 62 18 37 72 23 30 36 5 0 
bonus: 66 29 38 98 99 16 68 19 48 61 85 87 25 76 55 95 60 51 49 57 52 28 63 72 23 30 36 5 
passengers: 247 249 245 85 86 166 202 174 176 177 137 197 297 295 70 289 21 273 158 160 37 91 89 331 119 199 34 311 218 97 

2829.03	12665	37369
tour: 0 66 57 52 28 63 58 81 71 65 3 93 26 10 70 86 40 75 22 6 69 94 4 80 15 41 98 99 16 25 76 55 95 60 51 49 82 44 17 2 90 47 21 91 78 8 89 24 14 1 64 9 7 20 74 50 34 39 31 53 56 38 29 12 84 43 35 33 77 45 88 13 32 68 19 48 61 85 87 62 18 37 72 23 11 79 54 73 67 46 27 96 97 83 92 59 42 30 36 5 0 
bonus: 66 57 52 28 63 58 81 71 65 3 93 26 10 70 86 40 75 22 6 69 94 4 80 15 41 98 99 16 25 76 55 38 29 12 84 43 35 33 77 45 88 13 32 79 54 73 67 46 27 96 97 83 92 59 42 30 36 5 
passengers: 247 245 176 177 181 137 297 294 242 285 282 320 165 163 203 131 362 238 239 153 156 169 83 88 210 208 214 66 160 200 

2854.62	11147	10604
tour: 0 5 36 30 42 59 65 71 81 58 63 28 52 57 3 93 26 10 70 86 40 75 22 6 69 94 4 80 15 41 98 99 16 25 76 55 95 60 51 49 82 44 17 2 90 47 21 91 78 8 89 24 14 1 64 9 7 20 74 50 34 39 31 53 87 85 61 48 19 68 32 13 88 45 77 33 35 43 84 12 11 79 54 73 67 46 27 96 97 83 92 23 72 37 18 62 56 38 29 66 0 
bonus: 5 36 30 42 59 65 57 49 82 44 17 2 90 7 20 74 50 34 
passengers: 110 116 242 243 297 140 70 313 20 14 282 272 320 203 131 129 362 239 34 27 153 389 123 92 36 159 56 173 

2835.42	11577	17621
tour: 0 66 17 2 90 47 70 10 26 93 3 65 71 81 58 63 28 52 57 49 51 60 95 55 76 25 16 68 32 13 88 45 77 33 35 43 84 12 29 38 56 62 18 37 72 23 11 79 54 73 67 46 27 21 91 78 8 89 24 14 1 64 9 7 20 74 50 34 39 31 53 87 85 61 48 19 99 98 41 15 80 4 94 69 6 22 44 82 75 40 86 96 97 83 92 59 42 30 36 5 0 
bonus: 66 17 19 99 98 41 15 80 4 94 69 6 22 44 82 75 40 86 96 97 83 92 59 42 30 36 5 
passengers: 247 249 245 246 43 183 206 164 165 169 170 172 214 161 252 344 39 27 25 390 208 350 6 281 358 200 

2863.37	12807	39695
tour: 0 5 36 30 42 59 92 83 97 96 27 46 67 73 54 79 11 23 72 37 18 62 56 38 29 12 84 43 35 33 77 45 88 13 32 68 16 25 76 55 95 60 51 49 57 52 28 63 58 81 71 65 3 93 26 10 70 86 40 75 82 44 22 6 69 94 4 80 15 41 98 99 19 48 61 85 87 53 31 39 34 50 74 20 7 9 64 1 14 24 89 8 78 91 21 47 90 2 17 66 0 
bonus: 5 36 30 42 59 92 83 97 96 27 46 67 73 54 79 11 23 72 37 18 62 56 38 29 12 43 65 3 93 26 10 70 86 40 75 82 44 22 6 69 94 87 31 39 34 50 74 20 7 9 64 1 14 24 89 8 78 91 21 47 90 2 17 66 
passengers: 118 119 112 115 117 36 64 96 85 86 90 176 229 189 297 290 284 272 212 152 154 155 50 33 28 345 340 

2815.8	12097	26617
tour: 0 5 36 30 42 59 92 83 97 96 27 46 67 73 54 79 11 23 72 37 18 62 56 38 29 12 84 43 35 33 77 45 88 13 32 82 44 48 19 68 16 25 76 55 95 60 51 49 57 52 28 63 58 81 71 65 3 93 26 10 70 86 40 75 22 6 69 94 4 80 15 41 98 99 61 85 87 53 31 39 34 50 74 20 7 9 64 1 14 24 89 8 78 91 21 47 90 2 17 66 0 
bonus: 5 36 30 42 59 92 83 97 96 27 46 67 73 54 79 11 23 72 37 18 62 71 65 3 93 26 10 70 86 40 75 22 6 69 94 4 80 15 41 98 99 66 
passengers: 118 119 112 115 120 36 64 106 85 90 363 124 166 176 177 229 297 290 70 284 14 272 275 212 152 154 33 28 345 

2925.28	13099	43300
tour: 0 66 29 12 84 43 35 48 19 68 16 25 76 55 95 60 51 49 57 52 28 63 58 81 71 65 3 93 26 10 70 86 40 75 22 6 69 94 4 80 15 41 33 77 45 88 13 32 82 44 17 2 90 47 21 91 78 8 89 24 14 1 64 9 7 20 74 50 34 39 31 53 87 85 61 99 98 38 56 62 18 37 72 23 11 79 54 73 67 46 27 96 97 83 92 59 42 30 36 5 0 
bonus: 66 29 12 84 43 35 48 19 68 16 25 76 55 95 60 51 49 57 52 28 63 58 81 71 65 3 93 26 10 70 86 40 75 22 6 9 7 20 74 50 34 39 31 53 87 85 61 99 98 38 56 62 18 37 72 23 11 79 54 73 67 46 27 96 97 83 92 59 42 30 36 5 
passengers: 247 249 245 85 86 166 202 176 177 182 137 190 297 293 21 272 331 361 1 34 27 311 153 389 214 97 98 299 66 160 200 

2604.22	11078	6795
tour: 0 66 5 36 30 42 59 92 83 97 96 57 52 28 63 58 81 71 65 3 93 26 10 70 86 40 75 82 49 51 60 95 55 76 25 16 99 98 41 15 80 4 94 69 6 22 44 17 2 90 47 21 91 78 8 89 24 14 1 64 9 7 20 74 50 34 39 31 53 87 85 61 48 19 68 32 13 88 45 77 33 35 43 84 12 29 38 56 62 18 37 72 23 11 79 54 73 67 46 27 0 
bonus: 66 5 36 30 42 59 96 79 54 73 67 46 27 
passengers: 247 248 245 121 116 368 176 297 70 285 128 203 163 323 272 21 239 34 153 156 325 93 57 

2963.07	13198	45125
tour: 0 66 5 36 30 42 45 77 33 35 43 84 12 29 38 98 99 19 48 61 85 87 53 31 39 34 50 74 20 7 9 64 1 14 24 89 8 78 91 21 47 90 2 17 44 82 49 51 60 95 55 76 25 16 68 32 13 88 59 92 83 97 96 57 52 28 63 58 81 71 65 3 93 26 10 70 86 40 75 22 6 69 94 4 80 15 41 56 62 18 37 72 23 11 79 54 73 67 46 27 0 
bonus: 66 5 36 30 42 45 77 33 35 43 84 12 29 38 98 99 19 48 61 85 87 53 31 39 24 89 8 78 91 21 47 95 55 76 25 16 68 32 13 88 59 92 83 97 96 57 52 28 63 58 81 71 65 3 93 26 10 70 86 40 75 22 6 69 94 23 11 79 54 73 67 46 27 
passengers: 118 113 111 120 108 88 122 209 391 152 25 33 40 43 363 128 132 205 202 166 162 176 137 138 297 78 70 286 12 273 170 214 97 299 57 

2628.47	11570	16402
tour: 0 66 5 36 30 42 59 92 83 97 96 57 52 28 63 58 81 71 65 3 93 26 10 70 86 40 75 22 6 69 94 4 80 15 41 33 35 43 84 12 29 20 74 50 34 39 31 53 87 85 61 48 19 68 32 13 88 45 77 7 9 64 1 14 24 89 8 78 91 21 47 90 2 17 44 82 49 51 60 95 55 76 25 16 99 98 38 56 62 18 37 72 23 11 79 54 73 67 46 27 0 
bonus: 66 5 36 30 42 59 92 83 97 96 57 52 28 63 58 81 71 65 3 93 26 10 70 67 46 27 
passengers: 247 248 110 118 116 368 176 296 76 284 21 88 82 152 154 209 267 330 34 44 361 206 170 214 218 219 299 57 

2773.9	12578	33074
tour: 0 66 29 35 43 84 12 11 79 54 73 88 13 32 68 16 25 76 55 95 60 51 63 28 52 57 49 82 44 17 2 90 47 21 91 78 8 58 81 71 65 3 93 26 10 70 86 40 75 22 6 69 94 4 80 15 41 33 77 45 42 59 92 83 97 96 27 46 67 18 62 56 38 98 99 19 48 61 85 87 53 31 39 34 50 74 20 7 9 64 1 14 24 89 37 72 23 30 36 5 0 
bonus: 66 29 35 43 84 12 11 79 54 73 88 13 32 68 16 25 76 55 95 60 51 63 28 52 49 82 44 17 2 90 47 21 91 78 8 58 81 71 65 3 93 26 10 70 86 40 75 22 6 69 72 23 30 36 5 
passengers: 244 247 249 245 85 267 166 202 137 183 176 177 363 335 297 295 240 289 272 349 88 119 201 251 220 122 212 152 311 34 32 97 

2650.77	12641	36817
tour: 0 66 5 36 30 42 59 92 83 97 96 57 52 28 63 58 81 71 65 3 93 26 10 70 86 40 75 22 6 64 1 14 24 89 8 78 91 21 69 94 4 80 15 41 98 99 19 48 61 85 87 53 31 39 34 50 74 20 7 9 55 95 60 51 49 82 44 17 2 90 47 76 25 16 68 32 13 88 45 77 33 35 43 84 12 29 38 56 62 18 37 72 23 11 79 54 73 67 46 27 0 
bonus: 66 5 36 30 42 59 92 83 97 96 57 52 28 63 58 81 71 65 3 93 26 10 70 86 40 75 22 64 24 89 8 78 91 21 69 94 4 80 15 41 98 99 19 48 61 2 90 47 76 68 11 79 54 73 67 46 27 
passengers: 247 248 110 113 116 368 183 297 70 14 18 39 345 282 272 122 152 310 34 25 130 361 44 84 170 214 218 219 97 299 57 

2678.22	11118	7637
tour: 0 66 5 36 30 42 59 92 83 97 96 57 52 28 63 58 81 71 65 3 93 26 10 70 86 40 75 22 44 82 49 51 60 95 55 9 7 20 74 50 34 39 31 53 87 85 61 48 19 99 98 41 15 80 4 94 69 6 64 1 14 24 89 8 78 91 21 47 76 25 16 68 32 13 88 45 77 33 35 43 90 2 17 84 12 29 38 56 62 18 37 72 23 11 79 54 73 67 46 27 0 
bonus: 66 5 36 30 42 59 92 83 97 57 46 27 
passengers: 247 248 245 111 116 368 176 293 79 284 163 27 144 148 390 349 10 275 239 334 93 89 44 382 170 214 218 299 

2728.42	12127	25610
tour: 0 27 46 67 73 54 79 11 23 72 37 18 62 56 41 15 80 4 94 69 21 91 78 8 89 24 14 1 64 6 22 75 40 86 70 10 26 93 3 65 71 81 58 63 28 52 57 96 97 83 92 59 88 13 32 68 19 48 61 85 87 53 31 39 34 50 74 20 7 9 55 95 60 51 49 82 44 17 2 90 47 76 25 16 99 98 38 29 12 84 43 35 33 77 45 42 30 36 5 66 0 
bonus: 27 46 67 73 54 79 11 23 72 37 18 62 56 41 15 80 61 85 87 53 31 39 34 50 74 20 7 9 55 95 60 51 49 25 16 99 98 38 29 12 84 
passengers: 251 252 256 159 347 102 221 283 344 39 237 312 79 81 139 141 122 124 209 152 310 25 133 364 388 92 324 

2755.53	11878	21147
tour: 0 5 36 30 23 72 37 89 24 14 1 64 9 7 20 74 50 34 39 31 53 87 85 61 48 19 68 16 25 76 55 95 60 51 63 28 52 57 49 82 44 22 6 69 94 4 80 15 41 33 35 43 84 17 2 90 47 21 91 78 8 58 81 71 65 3 93 26 10 70 86 40 75 99 98 38 56 62 18 67 46 27 96 97 83 92 59 42 32 13 88 45 77 73 54 79 11 12 29 66 0 
bonus: 5 36 30 23 72 37 89 24 14 1 64 9 7 20 74 50 34 39 31 53 85 86 40 75 99 98 38 56 62 18 79 11 12 29 66 
passengers: 56 58 60 307 300 304 144 146 390 124 317 166 183 176 363 349 89 376 336 354 356 240 289 170 214 223 254 198 112 324 348 36 

2795.3	11302	10746
tour: 0 27 46 67 73 54 79 11 12 84 43 35 29 38 98 99 61 85 87 53 31 39 34 50 74 20 7 9 55 95 60 51 49 82 44 17 2 90 47 21 91 78 8 89 24 14 1 64 6 22 75 40 86 70 10 26 93 3 65 71 81 58 63 28 52 57 96 97 83 92 59 42 32 13 88 45 77 33 41 15 80 4 94 69 48 19 68 16 25 76 56 62 18 37 72 23 30 36 5 66 0 
bonus: 27 46 67 73 54 79 11 12 84 43 35 29 38 98 99 61 57 96 
passengers: 250 309 346 348 36 82 209 213 152 50 25 33 202 363 45 237 79 241 240 187 138 369 118 92 125 258 170 218 

2623.18	12796	38238
tour: 0 66 5 36 30 42 59 92 83 97 96 57 52 28 63 58 81 71 65 3 93 26 10 70 86 40 75 22 6 64 1 14 24 89 8 78 91 21 69 94 4 80 15 41 33 35 43 84 12 29 20 74 50 34 39 31 53 87 85 61 48 19 68 32 13 88 45 77 7 9 55 95 60 51 49 82 44 17 2 90 47 76 25 16 99 98 38 56 62 18 37 72 23 11 79 54 73 67 46 27 0 
bonus: 66 5 36 30 42 59 92 83 97 96 57 52 28 63 58 81 71 65 3 93 26 10 70 86 40 75 22 64 24 89 8 78 91 21 69 49 82 44 17 2 90 47 76 25 16 99 98 38 56 62 18 37 72 23 11 79 54 73 67 46 27 
passengers: 247 248 110 113 116 368 183 297 76 14 39 335 282 272 349 88 82 152 209 124 34 31 164 206 130 170 214 218 299 57 

2696.33	12417	30848
tour: 0 5 36 30 42 59 92 83 97 96 27 46 67 18 62 56 38 98 99 16 25 76 47 90 2 17 44 22 6 64 1 14 24 89 37 72 23 11 79 54 73 77 45 88 13 32 68 19 48 61 85 87 53 31 39 34 50 74 20 7 9 55 95 60 51 63 28 52 57 49 82 75 40 86 70 10 26 93 3 65 71 81 58 8 78 91 21 69 94 4 80 15 41 33 35 43 84 12 29 66 0 
bonus: 5 36 30 42 59 92 83 96 61 85 87 53 31 39 34 50 74 20 7 9 55 40 86 70 10 26 93 3 65 71 81 58 8 78 91 21 69 94 4 80 15 41 33 35 43 84 12 29 66 
passengers: 110 119 113 114 120 42 21 39 97 307 161 332 122 124 126 392 152 25 166 137 183 176 363 288 76 297 188 335 338 278 349 92 387 

2683.83	13250	44485
tour: 0 66 5 36 30 42 45 77 73 54 79 11 23 72 37 89 24 14 1 64 9 7 96 97 83 92 59 88 13 32 68 19 48 61 85 87 53 31 39 34 50 74 20 29 12 84 43 35 33 41 15 80 4 94 69 6 22 75 40 86 70 10 26 93 3 65 71 81 58 8 78 91 21 47 90 2 17 44 82 49 57 52 28 63 51 60 95 55 76 25 16 99 98 38 56 62 18 67 46 27 0 
bonus: 66 5 36 30 42 45 77 73 54 79 11 23 72 37 89 14 88 13 32 68 19 48 61 85 87 53 31 39 34 50 74 20 29 12 84 43 35 33 41 15 80 4 69 8 78 91 21 47 90 2 17 44 82 49 57 52 28 63 51 60 95 55 76 25 16 99 98 38 56 62 18 67 46 27 
passengers: 244 248 119 113 111 161 99 39 27 198 122 213 144 155 310 51 86 376 5 242 243 355 190 186 3 361 141 128 206 165 321 170 214 

2565.82	12220	26265
tour: 0 66 5 36 30 23 72 37 18 62 56 41 15 80 4 99 98 38 29 20 7 9 55 95 60 51 49 82 44 17 2 90 47 76 25 16 68 19 48 69 94 61 85 87 53 31 39 34 50 74 21 91 78 8 89 24 14 1 64 6 22 75 40 86 70 10 26 93 3 65 71 81 58 63 28 52 57 96 97 83 92 59 42 32 13 88 45 77 33 35 43 84 12 11 79 54 73 67 46 27 0 
bonus: 66 5 36 30 23 72 37 18 62 56 41 15 80 4 99 20 51 87 53 31 39 58 63 28 52 57 96 97 83 92 59 42 32 13 88 45 33 79 54 73 67 46 27 
passengers: 249 245 246 56 65 307 169 163 203 362 213 145 157 147 237 71 81 240 354 142 374 118 325 93 

2749.28	11954	20303
tour: 0 66 17 2 90 47 76 25 16 99 98 38 56 62 18 67 46 27 96 97 83 92 59 88 13 32 68 19 48 61 85 87 53 31 39 34 50 74 21 91 78 8 58 81 71 65 3 93 26 10 70 86 40 75 22 44 82 49 57 52 28 63 51 60 95 55 9 7 20 29 12 84 43 35 33 41 15 80 4 94 69 6 64 1 14 24 89 37 72 23 11 79 54 73 77 45 42 30 36 5 0 
bonus: 66 17 2 90 47 76 25 16 99 98 38 56 62 18 67 46 27 96 97 83 92 7 20 29 12 84 43 35 73 77 45 42 30 36 5 
passengers: 248 246 44 46 1 169 170 214 253 201 267 122 209 152 145 355 242 359 128 204 205 164 34 31 26 388 91 38 57 160 

2561.65	12216	25888
tour: 0 66 5 36 30 23 72 37 18 62 56 41 15 80 4 99 98 38 29 20 7 9 55 95 60 51 49 82 44 17 2 90 47 76 25 16 68 19 48 69 94 61 85 87 53 31 39 34 50 74 21 91 78 8 89 24 14 1 64 6 22 75 40 86 70 10 26 93 3 65 71 81 58 63 28 52 57 96 97 83 92 59 88 13 32 42 45 77 33 35 43 84 12 11 79 54 73 67 46 27 0 
bonus: 66 5 36 30 23 72 37 18 62 56 41 15 80 4 99 20 51 87 53 31 39 58 63 28 52 57 96 97 83 92 59 88 13 32 42 45 43 79 54 73 67 46 27 
passengers: 249 245 246 56 65 307 169 163 203 362 213 145 157 147 237 71 81 240 354 142 374 118 325 93 

2583.15	12448	28788
tour: 0 66 5 36 30 42 59 32 13 88 45 77 33 35 43 84 12 29 20 7 9 55 95 60 51 49 82 44 17 2 90 47 76 25 16 68 19 48 69 94 61 85 87 53 31 39 34 50 74 21 91 78 8 89 24 14 1 64 6 22 75 40 86 70 10 26 93 3 65 71 81 58 63 28 52 57 96 97 83 92 41 15 80 4 99 98 38 56 62 18 37 72 23 11 79 54 73 67 46 27 0 
bonus: 66 5 36 30 42 59 32 13 88 45 77 33 35 43 84 12 29 20 7 51 49 82 44 17 2 90 85 87 53 31 39 34 50 74 21 99 98 38 56 62 18 37 72 23 11 79 54 73 67 46 27 
passengers: 248 249 245 118 111 198 88 82 27 163 203 213 145 157 147 150 78 243 354 138 369 8 214 97 299 57 

2743.92	11789	19340
tour: 0 66 5 36 30 23 72 37 18 62 56 38 98 99 4 80 15 41 33 77 45 88 13 32 42 59 92 83 97 96 57 52 28 63 58 81 71 65 3 93 26 10 70 86 40 75 22 6 64 1 14 24 89 8 78 91 21 74 50 34 39 31 53 87 85 61 94 69 48 19 68 16 25 76 47 90 2 17 44 82 49 51 60 95 55 9 7 20 29 35 43 84 12 11 79 54 73 67 46 27 0 
bonus: 66 5 36 30 23 72 37 18 62 56 38 98 99 4 80 15 71 65 3 93 26 10 70 86 40 49 73 67 46 27 
passengers: 247 248 246 64 66 171 368 371 183 229 296 297 314 337 152 390 282 123 268 359 128 204 205 164 31 382 

2737.27	11431	12443
tour: 0 66 5 36 30 42 32 13 88 45 77 33 35 43 84 12 11 79 54 73 67 46 17 44 82 49 51 60 95 55 9 7 20 29 38 56 62 18 37 72 23 2 90 47 76 25 16 68 19 48 69 94 4 80 15 41 98 99 61 85 87 53 31 39 34 50 74 21 91 78 8 89 24 14 1 64 6 22 75 40 86 70 10 26 93 3 57 52 28 63 58 81 71 65 59 92 83 97 96 27 0 
bonus: 66 5 36 30 42 32 13 31 39 34 50 74 21 78 59 92 83 97 96 27 
passengers: 244 249 245 246 118 95 159 203 165 169 170 222 102 323 269 213 157 147 344 237 16 81 177 137 294 

2633.13	11797	17800
tour: 0 27 96 97 83 92 59 42 30 36 5 21 91 78 8 58 81 71 65 3 93 26 10 70 86 40 75 22 44 82 49 57 52 28 63 51 60 95 55 9 7 20 74 50 34 39 31 53 87 85 61 48 19 99 98 38 56 62 18 67 46 17 2 90 47 76 25 16 68 32 13 88 45 77 73 54 79 11 23 72 37 89 24 14 1 64 6 69 94 4 80 15 41 33 35 43 84 12 29 66 0 
bonus: 27 96 97 83 87 85 61 48 19 89 24 14 1 64 6 69 94 4 80 15 41 33 35 43 84 12 29 66 
passengers: 368 371 367 370 200 111 292 284 313 235 128 203 27 311 153 154 390 123 42 2 158 159 348 36 104 238 349 92 387 

2546	11838	17847
tour: 0 66 5 36 30 42 32 13 88 45 77 73 54 79 11 23 72 37 89 24 14 1 34 39 31 53 87 85 61 94 69 48 19 68 16 25 76 55 95 60 51 63 28 52 57 49 82 44 17 2 90 47 21 91 78 8 58 81 71 65 3 93 26 10 70 86 40 75 22 6 64 9 7 96 97 83 92 59 50 74 20 29 12 84 43 35 33 41 15 80 4 99 98 38 56 62 18 67 46 27 0 
bonus: 66 5 36 30 42 32 13 88 45 77 73 54 79 11 23 37 8 58 81 71 65 3 93 26 10 70 86 40 75 22 46 27 
passengers: 244 245 119 113 112 161 62 102 39 124 126 166 162 137 183 176 336 341 342 295 293 289 12 238 198 84 388 93 8 170 214 

2768.72	11400	11204
tour: 0 27 46 67 18 62 56 38 98 99 61 85 87 53 31 39 34 50 74 21 91 78 8 58 81 71 65 3 93 32 13 88 45 42 59 92 83 97 96 57 52 28 63 51 60 95 55 9 7 20 29 35 43 84 12 11 79 54 73 77 33 41 15 80 4 94 69 48 19 68 16 25 76 47 90 2 17 44 82 49 26 10 70 86 40 75 22 6 64 1 14 24 89 37 72 23 30 36 5 66 0 
bonus: 27 46 67 18 62 56 38 98 99 61 85 87 72 23 30 36 5 66 
passengers: 253 251 250 217 220 169 209 213 310 292 242 240 118 235 128 204 205 164 83 158 161 159 91 95 275 258 364 362 97 

2675.9	11898	18738
tour: 0 66 5 36 30 42 45 77 73 54 79 11 23 72 37 89 24 14 1 64 6 22 75 40 86 70 10 26 49 82 44 17 2 90 47 76 25 16 68 19 48 69 94 61 85 87 53 31 39 34 50 74 21 91 78 8 58 81 71 65 3 93 32 13 88 59 92 83 97 96 57 52 28 63 51 60 95 55 9 7 20 29 12 84 43 35 33 41 15 80 4 99 98 38 56 62 18 67 46 27 0 
bonus: 66 5 36 30 42 45 77 73 54 79 7 20 29 12 84 43 35 33 41 15 80 4 99 98 38 56 62 18 67 46 27 
passengers: 244 110 119 113 112 161 35 102 39 16 79 122 282 283 152 336 355 292 231 232 128 206 165 26 29 388 93 8 170 214 

2660.57	11558	14784
tour: 0 5 36 30 23 72 37 89 24 14 1 64 6 22 75 40 86 70 10 26 93 3 57 52 28 63 51 49 82 44 17 2 90 47 76 25 16 68 19 48 69 94 61 85 87 53 31 39 34 50 74 21 91 78 8 58 81 71 65 59 92 83 97 96 27 46 67 18 62 56 38 98 99 4 80 15 41 33 35 43 84 12 11 79 54 73 88 13 32 42 45 77 7 9 55 95 60 20 29 66 0 
bonus: 5 36 30 23 72 37 89 24 14 1 64 6 22 75 40 86 70 10 26 93 3 57 28 
passengers: 56 65 59 60 307 305 313 132 363 361 318 144 193 200 374 223 349 92 36 346 111 324 52 

2506.35	11020	3941
tour: 0 27 46 67 18 62 56 38 98 99 61 85 87 53 31 39 34 50 74 20 60 95 55 9 7 96 97 83 92 59 65 71 81 58 8 78 91 21 5 36 30 42 32 13 88 45 77 73 54 79 11 23 72 37 89 24 14 1 64 6 22 75 40 86 70 10 26 93 3 57 52 28 63 51 49 82 44 17 2 90 47 76 25 16 68 19 48 69 94 4 80 15 41 33 35 43 84 12 29 66 0 
bonus: 27 46 67 18 62 56 
passengers: 253 251 250 219 220 169 209 213 311 204 240 292 110 159 347 106 100 19 313 312 76 235 133 364 268 278 387 

3321.17	13522	48403
tour: 0 66 5 36 30 42 45 77 33 41 15 80 4 94 69 48 19 68 16 25 76 47 90 2 23 72 37 89 24 14 1 64 6 22 75 40 86 70 10 26 93 3 65 71 81 58 8 78 91 21 74 50 34 39 31 53 87 85 61 99 98 38 56 62 18 67 46 17 44 82 49 57 52 28 63 51 60 95 55 9 7 20 29 35 43 84 12 11 79 54 73 88 13 32 59 92 83 97 96 27 0 
bonus: 66 5 36 30 42 45 77 33 41 15 80 4 94 69 48 19 68 16 25 90 72 37 89 24 14 1 64 6 22 75 40 86 70 10 26 93 3 65 71 81 58 8 78 91 21 74 44 49 57 52 28 63 51 60 95 55 9 7 20 29 35 43 84 12 11 79 54 73 88 13 32 59 92 83 97 96 27 
passengers: 110 118 119 113 115 91 64 102 237 16 19 314 73 290 356 337 152 209 170 214 42 43 358 204 164 31 

2667.37	12187	23411
tour: 0 27 96 97 83 92 59 32 13 88 75 40 86 70 10 26 93 3 65 71 81 58 8 78 91 21 74 50 34 39 31 53 87 85 61 99 98 38 56 62 18 67 46 17 2 90 47 76 25 16 68 19 48 69 94 4 80 15 41 33 35 43 84 12 29 20 7 9 55 95 60 51 63 28 52 57 49 82 44 22 6 64 1 14 24 89 37 72 23 11 79 54 73 77 45 42 30 36 5 66 0 
bonus: 27 96 97 83 92 59 32 13 88 75 40 86 70 10 26 93 3 65 71 81 58 8 78 91 21 74 50 34 23 11 79 54 73 77 45 42 30 36 5 66 
passengers: 368 371 367 370 314 284 286 296 310 152 144 170 214 255 268 258 349 90 377 85 34 224 178 364 299 303 57 160 324 

2614.65	11960	19722
tour: 0 27 96 97 83 92 59 32 13 88 73 54 79 11 23 72 37 89 24 14 1 64 6 69 94 61 85 87 53 31 39 34 50 74 21 91 78 8 58 81 71 65 3 93 26 10 70 86 40 75 22 44 82 49 57 52 28 63 51 60 95 55 9 7 20 29 12 84 43 35 48 19 68 16 25 76 47 90 2 17 46 67 18 62 56 38 98 99 4 80 15 41 33 77 45 42 30 36 5 66 0 
bonus: 27 96 97 83 92 59 16 25 76 47 90 2 17 46 67 18 62 38 98 99 4 80 15 41 33 77 45 42 30 36 5 66 
passengers: 368 369 374 366 370 347 307 282 391 310 296 76 128 130 206 84 388 262 223 173 349 92 324 

2633.03	11566	13399
tour: 0 66 5 36 30 42 32 13 88 45 77 73 54 79 11 23 72 37 89 24 14 1 64 6 22 75 40 86 70 10 26 93 3 57 52 28 63 51 49 82 44 17 2 90 47 76 25 16 68 19 48 69 94 61 85 87 53 31 39 34 50 74 21 91 78 8 58 81 71 65 59 92 83 97 96 7 9 55 95 60 20 29 12 84 43 35 33 41 15 80 4 99 98 38 56 62 18 67 46 27 0 
bonus: 66 5 36 30 42 32 13 88 45 59 92 96 4 99 98 38 56 62 18 67 46 27 
passengers: 244 247 110 119 113 159 106 99 39 19 313 183 132 363 122 152 310 335 198 26 29 84 388 380 93 8 170 214 

2455.92	11810	16752
tour: 0 66 5 36 30 42 32 13 88 45 77 73 54 79 11 12 29 20 60 95 55 9 7 96 97 83 92 59 65 71 81 58 8 78 91 21 74 50 34 39 31 53 87 85 61 94 69 48 19 68 16 25 76 47 90 2 23 72 37 89 24 14 1 64 6 22 75 40 86 70 10 26 93 3 57 52 28 63 51 49 82 44 17 84 43 35 33 41 15 80 4 99 98 38 56 62 18 67 46 27 0 
bonus: 66 5 36 30 42 32 13 88 45 77 73 43 35 33 41 15 80 4 99 98 38 56 62 18 67 46 27 
passengers: 244 248 249 245 111 346 51 203 163 34 201 241 156 149 126 268 0 56 65 306 174 130 361 388 380 93 8 214 

2577.3	13245	43066
tour: 0 66 5 36 30 42 45 88 13 32 59 92 83 97 96 57 52 28 63 51 49 82 44 17 2 90 47 76 25 16 68 19 48 69 94 61 85 87 53 31 39 34 50 74 21 91 78 8 58 81 71 65 3 93 26 10 70 86 40 75 22 6 64 1 14 24 89 37 72 23 11 79 54 73 77 7 9 55 95 60 20 29 12 84 43 35 33 41 15 80 4 99 98 38 56 62 18 67 46 27 0 
bonus: 66 5 36 30 42 45 88 13 32 59 92 83 97 96 57 52 28 63 51 49 82 44 17 2 90 47 76 25 16 3 93 26 10 70 86 40 75 22 6 64 1 14 24 89 37 72 11 55 95 60 20 12 84 43 35 33 41 15 80 4 99 98 38 56 62 18 67 46 27 
passengers: 247 248 114 121 120 201 183 132 45 122 277 145 344 192 354 78 76 104 97 306 158 26 84 388 380 93 89 8 170 214 

2526.48	11601	13084
tour: 0 66 5 36 30 42 45 88 13 32 59 92 83 97 96 57 52 28 63 51 49 82 75 40 86 70 10 26 93 3 65 71 81 58 8 78 91 21 74 50 34 39 31 53 87 85 61 94 69 48 19 68 16 25 76 47 90 2 17 44 22 6 64 1 14 24 89 37 72 23 11 79 54 73 77 7 9 55 95 60 20 29 12 84 43 35 33 41 15 80 4 99 98 38 56 62 18 67 46 27 0 
bonus: 66 5 36 30 42 45 43 35 33 41 15 80 4 99 98 38 56 62 18 46 27 
passengers: 247 248 121 116 120 368 183 132 70 241 296 344 123 124 268 21 104 158 325 165 388 93 89 8 170 214 

2593.52	11609	13242
tour: 0 66 5 36 30 42 32 13 88 45 77 73 54 79 11 23 72 37 89 24 14 1 64 6 22 44 82 49 51 63 28 52 57 3 93 26 10 70 86 40 75 17 2 90 47 76 25 16 68 19 48 69 94 61 85 87 53 31 39 34 50 74 21 91 78 8 58 81 71 65 59 92 83 97 96 7 9 55 95 60 20 29 12 84 43 35 33 41 15 80 4 99 98 38 56 62 18 67 46 27 0 
bonus: 66 5 36 30 42 32 13 88 45 77 73 54 4 99 98 38 56 62 18 67 46 27 
passengers: 244 247 110 119 113 159 106 99 39 19 358 183 314 122 152 144 310 335 198 26 84 388 380 93 8 170 214 

2729.22	11462	11297
tour: 0 27 46 67 18 62 56 38 98 99 4 80 15 41 33 35 43 84 12 29 20 60 95 55 9 7 91 78 8 58 81 71 65 3 93 26 10 70 86 40 75 88 13 32 59 92 83 97 96 57 52 28 63 51 49 82 44 22 6 64 1 14 24 89 37 72 23 11 79 54 73 77 45 42 30 36 5 21 74 50 34 39 31 53 87 85 61 94 69 48 19 68 16 25 76 47 90 2 17 66 0 
bonus: 27 46 67 18 62 56 38 98 99 88 13 32 59 92 83 97 66 
passengers: 253 251 221 168 7 5 205 202 162 197 242 78 313 138 139 131 129 38 97 307 300 114 154 149 390 275 

