Fo(cost)	Fo(time)	Fo(bonus)

5595.5	12169	33699
tour: 0 48 84 75 7 29 44 81 10 99 69 64 26 40 90 89 15 46 8 88 42 45 9 27 23 14 43 94 11 41 77 24 66 87 95 52 71 57 96 92 5 33 74 20 55 80 72 63 70 31 37 18 61 21 86 91 49 13 60 36 79 19 98 3 68 12 56 97 73 22 35 78 50 53 25 2 85 34 6 28 76 17 38 83 58 93 4 51 65 16 32 67 82 62 47 54 1 30 39 59 0 
bonus: 48 84 75 7 29 44 81 10 99 69 64 26 40 90 89 15 46 8 88 42 45 9 27 23 14 43 94 11 37 18 61 86 34 6 28 76 17 38 83 58 93 4 51 65 16 32 67 82 62 47 54 1 30 39 59 
passengers: 5 140 137 33 129 43 167 103 62 99 92 78 125 142 98 72 

10148.5	12255	36096
tour: 0 48 84 75 7 29 44 81 10 99 69 64 26 40 90 36 60 13 49 91 86 21 61 18 37 31 70 63 72 80 55 20 74 33 5 92 96 57 71 52 95 87 66 24 77 41 11 94 43 14 23 79 19 98 3 68 12 56 97 73 22 35 78 50 53 25 2 85 34 6 28 89 15 46 27 9 45 42 88 8 76 17 38 83 58 93 4 51 65 16 32 67 82 62 47 54 1 30 39 59 0 
bonus: 48 84 75 7 29 44 81 10 99 69 64 26 40 90 36 60 13 49 91 86 21 61 18 37 31 70 55 20 74 33 5 92 45 42 88 8 76 17 38 83 58 93 4 51 65 16 32 67 82 62 47 54 1 30 39 59 
passengers: 5 2 137 138 130 52 173 92 127 28 23 169 47 161 72 

6831	11672	24420
tour: 0 59 39 30 36 60 13 49 91 86 21 61 18 37 31 70 63 72 80 55 20 74 33 5 92 96 57 71 52 95 87 66 24 77 41 11 94 43 14 23 79 19 98 3 68 12 56 97 73 22 29 44 81 10 99 69 64 26 40 90 89 15 46 27 9 45 42 88 8 35 78 50 53 25 2 85 34 6 28 76 17 38 83 58 93 4 51 65 16 32 67 82 62 47 54 1 7 75 84 48 0 
bonus: 59 39 30 36 60 13 49 91 86 21 61 18 37 31 70 63 72 80 55 20 74 33 5 92 64 51 65 16 32 67 82 62 47 54 1 7 75 84 48 
passengers: 2 68 108 124 28 186 158 23 91 201 47 104 125 72 113 

8562.5	12609	40874
tour: 0 48 84 75 7 29 44 41 11 94 43 14 23 27 9 45 42 88 8 46 15 89 90 40 26 64 69 86 21 61 18 37 31 67 82 62 47 54 1 30 39 70 63 72 80 55 20 74 33 5 92 96 57 71 52 95 87 66 24 77 91 49 13 60 36 79 19 98 3 68 12 56 97 73 22 35 78 50 53 25 2 85 34 6 28 76 17 38 83 58 93 4 51 65 16 32 81 10 99 59 0 
bonus: 48 84 75 7 29 44 41 11 94 43 14 23 27 9 45 42 88 8 46 15 89 90 40 26 64 69 86 21 61 18 37 31 62 47 54 1 30 39 60 36 79 19 98 3 68 12 56 97 73 22 35 78 50 53 25 2 85 34 6 28 76 17 38 83 99 59 
passengers: 5 3 140 137 99 100 82 79 132 186 153 158 180 69 126 95 21 98 130 52 

8714	12397	38665
tour: 0 59 99 10 69 64 26 40 38 58 83 87 95 66 24 77 41 11 94 43 14 23 79 19 98 3 68 12 56 97 73 22 29 44 81 32 16 65 51 4 93 30 39 70 63 72 80 55 20 74 33 5 92 96 57 71 52 17 76 28 6 34 85 2 25 53 50 78 35 8 88 42 45 9 27 46 15 89 90 36 60 13 49 91 86 21 61 18 37 31 67 82 62 47 54 1 7 75 84 48 0 
bonus: 59 99 10 69 64 26 40 38 58 83 87 95 66 24 77 41 11 94 43 14 23 79 19 98 3 68 12 56 97 73 22 29 44 81 32 16 65 51 4 93 30 39 70 63 72 61 18 37 31 67 82 62 47 54 1 7 75 84 48 
passengers: 4 1 202 90 135 126 198 91 187 189 27 170 177 76 77 113 

9555.5	13506	57220
tour: 0 59 39 30 93 4 51 65 16 76 17 38 58 83 87 95 66 24 77 37 18 61 21 86 91 49 13 60 36 79 19 98 3 68 12 56 97 73 22 29 44 41 11 94 43 14 23 27 9 45 42 88 8 46 15 26 40 90 89 28 6 34 85 2 25 53 84 75 7 1 54 47 62 82 52 71 57 96 92 5 33 74 20 55 80 72 63 70 31 67 32 81 10 99 69 64 50 78 35 48 0 
bonus: 59 39 30 93 4 51 65 16 76 17 38 58 83 87 95 66 24 77 37 18 61 21 86 91 49 13 60 36 79 19 98 3 68 12 56 97 73 22 29 44 41 11 94 46 15 26 40 90 89 28 6 34 85 2 25 53 84 75 7 1 54 47 62 82 52 71 57 96 92 5 33 74 20 55 80 72 63 70 31 67 32 81 10 99 69 64 50 78 35 48 
passengers: 4 1 191 134 80 118 176 200 161 165 40 41 142 138 11 111 181 130 52 

6187	11743	24691
tour: 0 36 60 13 49 91 86 21 61 18 37 31 67 32 81 44 29 22 73 97 56 12 68 3 98 19 79 23 14 43 94 11 41 77 24 66 95 87 83 58 38 17 76 16 65 51 4 93 30 39 70 63 72 80 55 20 74 33 5 92 96 57 71 52 82 62 47 54 1 7 75 84 48 35 78 50 53 25 2 85 34 6 28 89 90 40 26 15 46 27 9 45 42 88 8 64 69 10 99 59 0 
bonus: 36 60 13 49 91 86 21 61 18 37 31 67 32 81 44 29 22 73 97 56 12 68 3 92 96 57 71 52 82 62 47 54 8 64 69 10 99 59 
passengers: 1 67 68 91 198 126 187 192 182 113 116 94 165 166 52 

4787.08	13108	47948
tour: 0 36 60 13 49 91 86 21 61 18 37 85 34 6 28 89 90 40 26 15 46 27 9 45 42 88 8 64 69 99 10 81 32 67 31 70 63 72 80 55 20 74 33 5 92 96 57 71 52 82 62 47 54 1 7 75 84 48 35 78 50 53 25 2 73 22 29 44 97 56 12 68 3 98 19 79 23 14 43 94 11 41 77 24 66 95 87 83 58 38 17 76 16 65 51 4 93 30 39 59 0 
bonus: 36 60 13 49 91 86 21 61 18 37 85 34 6 28 89 90 40 26 15 46 27 9 45 42 88 8 64 69 99 10 81 32 67 31 70 63 72 80 55 20 74 33 5 92 96 57 71 52 82 62 47 98 19 79 23 14 43 94 11 41 77 24 66 95 87 83 58 38 17 76 16 65 51 4 93 30 39 59 
passengers: 66 68 108 124 50 202 59 93 197 36 37 15 126 155 98 

13410	11289	17165
tour: 0 48 35 78 50 53 84 75 7 1 54 47 62 82 52 17 76 16 65 51 4 93 30 39 70 63 72 80 55 20 74 33 5 92 71 57 96 25 2 85 34 6 28 89 90 36 60 13 49 91 86 21 61 18 37 31 67 32 81 44 29 22 73 97 56 12 68 3 98 19 79 23 14 43 94 11 41 77 24 66 95 87 83 58 38 40 26 15 46 27 9 45 42 88 8 64 69 10 99 59 0 
bonus: 48 35 78 50 53 84 75 7 1 54 47 62 82 52 17 76 16 65 51 4 93 33 18 37 31 67 59 
passengers: 5 0 3 125 34 10 114 133 73 145 172 124 23 61 165 52 

13394	11880	28723
tour: 0 48 84 75 7 1 54 47 62 82 52 17 76 16 65 51 4 93 30 39 70 63 72 80 55 20 74 33 5 92 71 57 96 25 53 50 78 35 22 29 44 41 11 94 43 14 23 79 19 98 3 68 12 56 97 73 2 85 34 6 28 89 90 36 60 13 49 91 77 24 66 95 87 83 58 38 40 26 15 46 27 9 45 42 88 8 64 69 86 21 61 18 37 31 67 32 81 10 99 59 0 
bonus: 48 84 75 7 1 54 47 62 82 52 17 76 16 65 51 11 94 43 14 23 79 68 28 89 90 36 60 13 49 91 77 24 66 95 87 37 31 67 32 81 10 99 59 
passengers: 5 3 2 36 133 70 127 101 62 64 63 170 66 103 88 75 130 52 

3896.08	11945	29911
tour: 0 59 99 10 81 32 67 31 37 18 61 21 86 69 64 8 46 15 26 40 90 89 28 6 34 85 2 25 96 57 71 92 5 33 74 20 55 80 72 63 70 39 30 93 4 51 65 16 76 17 38 83 58 88 42 45 9 27 23 14 43 94 11 41 44 29 22 73 97 56 12 68 3 98 19 79 36 60 13 49 91 77 24 66 87 95 52 82 62 47 54 1 7 75 84 53 50 78 35 48 0 
bonus: 59 99 10 81 32 67 31 37 18 61 21 86 69 64 8 46 15 26 40 90 89 28 6 25 96 9 27 23 14 43 94 11 41 44 29 22 73 97 7 75 84 53 50 78 35 48 
passengers: 202 60 55 57 41 141 20 28 24 102 89 62 63 22 69 36 

8069	11303	17737
tour: 0 59 99 10 69 64 8 88 42 1 54 47 62 82 52 17 76 16 65 51 4 93 30 39 70 63 72 80 55 20 74 45 9 27 46 15 26 40 38 58 83 87 95 66 24 77 41 11 94 43 14 23 79 19 98 3 68 12 56 97 73 22 29 44 81 32 67 31 37 18 61 21 86 91 49 13 60 36 90 89 28 6 34 85 2 25 96 57 71 92 5 33 7 75 84 53 50 78 35 48 0 
bonus: 59 99 10 69 64 8 88 42 1 54 47 62 82 52 17 76 16 65 75 84 53 50 78 35 48 
passengers: 3 2 201 133 70 102 48 99 22 92 78 31 144 36 

6362	12651	41079
tour: 0 59 99 10 81 32 67 31 37 18 61 21 86 69 64 8 23 14 43 94 11 41 44 29 22 35 78 50 53 25 96 57 71 92 5 33 74 20 55 80 72 63 70 39 30 93 4 51 65 16 76 17 38 83 58 88 42 45 9 27 46 15 26 40 90 89 28 6 34 85 2 73 97 56 12 68 3 98 19 79 36 60 13 49 91 77 24 66 87 95 52 82 62 47 54 1 7 75 84 48 0 
bonus: 59 99 10 81 32 67 31 37 18 61 21 86 69 64 8 23 50 53 25 96 57 71 92 5 33 74 20 55 80 72 63 70 39 30 93 4 51 65 16 76 17 38 83 58 36 60 13 49 91 77 24 66 87 95 52 82 62 47 54 1 7 75 84 48 
passengers: 0 202 60 57 91 26 127 25 74 145 63 107 177 157 113 

13258	12811	45088
tour: 0 48 35 78 50 53 84 75 7 33 5 92 22 29 44 41 11 94 43 14 23 79 19 98 3 68 12 56 97 73 2 25 96 57 71 52 82 62 47 54 1 42 88 8 64 69 86 21 61 18 37 85 34 6 28 89 90 40 26 15 46 27 9 45 74 20 55 80 72 63 70 31 67 32 81 10 99 59 39 30 93 4 51 65 16 76 17 38 58 83 87 95 66 24 77 91 49 13 60 36 0 
bonus: 48 35 78 50 53 84 75 7 33 5 92 22 29 44 43 64 69 86 21 61 18 37 85 34 6 28 89 90 40 26 15 46 27 9 45 74 20 55 80 72 63 70 31 67 32 81 10 99 59 39 30 93 4 51 65 16 76 17 38 58 83 87 95 66 24 77 91 49 13 60 36 
passengers: 5 1 0 125 140 99 200 10 41 78 141 30 173 103 130 52 56 191 189 153 

13242	12618	41515
tour: 0 48 35 78 50 53 84 75 7 33 5 92 71 57 96 25 2 85 34 6 28 89 90 40 26 15 46 27 9 45 74 20 55 80 72 63 70 39 30 93 4 51 65 16 76 17 38 83 58 88 42 1 54 47 62 82 52 95 87 66 24 77 91 49 13 60 36 79 19 98 3 68 12 56 97 73 22 29 44 41 11 94 43 14 23 8 64 69 86 21 61 18 37 31 67 32 81 10 99 59 0 
bonus: 48 35 78 50 53 84 75 7 33 5 92 83 58 88 42 1 54 47 62 82 52 95 87 66 24 77 91 49 13 60 36 79 19 98 3 68 12 56 97 73 22 29 44 41 94 43 14 23 8 64 69 86 21 61 18 37 31 67 32 81 10 99 59 
passengers: 5 0 2 139 33 191 189 96 153 180 178 200 61 38 124 130 52 

6536.17	13055	47383
tour: 0 36 60 13 49 91 73 2 25 96 57 71 52 82 62 47 54 1 42 88 8 64 69 86 21 61 18 37 85 34 6 28 89 90 40 26 15 46 27 9 45 74 20 55 80 72 63 70 31 67 32 81 10 99 59 39 30 93 4 51 65 16 76 17 38 58 83 87 95 66 24 77 41 11 94 43 14 23 79 19 98 3 68 12 56 97 44 29 22 92 5 33 7 75 84 53 50 78 35 48 0 
bonus: 36 60 13 49 91 73 2 25 96 57 71 62 15 46 27 9 45 74 20 55 80 72 63 70 31 67 32 81 10 99 59 39 30 93 4 51 65 16 76 17 38 58 83 87 95 66 24 77 41 11 94 43 14 23 79 19 98 3 68 12 56 97 44 29 22 92 5 33 7 75 84 53 50 78 35 48 
passengers: 3 66 108 116 165 41 124 141 47 103 130 52 190 191 193 101 199 22 198 36 

13202	12234	34492
tour: 0 48 35 78 50 53 84 75 7 33 5 92 71 57 96 25 2 85 34 6 28 89 90 40 26 15 46 27 9 45 74 20 55 80 72 63 70 39 30 93 4 51 65 16 76 17 38 83 58 88 42 1 54 47 62 82 52 95 87 66 24 77 91 49 13 60 36 79 23 14 43 19 98 3 68 12 56 97 73 22 29 44 41 11 94 8 64 69 86 21 61 18 37 31 67 32 81 10 99 59 0 
bonus: 48 35 78 50 53 84 75 7 33 5 92 83 58 88 42 1 54 47 62 82 52 95 87 66 24 77 91 49 13 60 36 79 23 14 43 19 94 8 64 69 86 21 61 18 37 31 67 32 81 10 99 59 
passengers: 5 0 2 139 33 191 189 96 153 180 178 200 61 38 124 130 52 

13189	11729	24425
tour: 0 59 99 10 16 65 51 4 93 30 39 70 63 72 80 55 20 74 45 9 27 46 15 26 40 38 58 83 87 95 66 24 77 41 11 94 43 14 23 79 19 98 3 68 12 56 97 73 91 49 13 60 36 90 89 28 76 17 52 82 62 47 54 1 42 88 8 64 69 86 21 61 18 37 31 67 32 81 44 29 22 6 34 85 2 25 96 57 71 92 5 33 7 75 84 53 50 78 35 48 0 
bonus: 59 99 10 16 65 51 4 93 30 19 98 68 37 31 67 32 81 44 29 22 6 34 85 2 25 96 57 92 5 33 7 75 84 53 50 78 35 48 
passengers: 4 1 2 105 135 99 89 200 11 41 78 144 14 183 36 

5510.17	12109	30486
tour: 0 36 60 13 49 91 86 21 61 18 37 85 34 42 88 8 64 69 68 3 12 56 6 28 89 90 40 26 15 46 27 9 45 98 19 79 23 14 43 94 11 41 77 24 66 95 87 83 58 38 17 76 16 65 51 4 93 30 39 59 99 10 81 32 67 31 70 63 72 80 55 20 74 33 5 92 22 29 44 97 73 2 25 96 57 71 52 82 62 47 54 1 7 75 84 53 50 78 35 48 0 
bonus: 36 60 13 49 91 86 21 61 18 37 85 34 42 88 8 64 69 68 3 12 56 6 23 87 83 58 38 17 76 16 65 51 4 93 30 39 59 99 10 81 32 67 75 84 53 50 78 35 48 
passengers: 1 66 108 121 47 126 196 194 192 202 59 18 113 36 

13143	11553	21644
tour: 0 48 35 78 50 53 84 75 7 33 5 92 71 57 96 25 2 85 34 6 28 89 90 40 26 15 46 36 60 13 49 91 77 24 66 87 95 52 82 62 47 54 1 42 88 58 83 38 17 76 16 65 51 4 93 30 39 70 63 72 80 55 20 74 45 9 27 43 14 23 79 19 98 3 68 12 56 97 73 22 29 44 41 11 94 8 64 69 86 21 61 18 37 31 67 32 81 10 99 59 0 
bonus: 48 35 78 50 53 84 75 7 17 76 16 65 51 4 93 30 39 11 94 8 64 69 86 21 61 18 37 31 67 32 81 10 99 59 
passengers: 5 0 3 125 139 133 12 98 70 74 193 200 65 99 38 88 75 130 52 

13106	10911	9093
tour: 0 36 60 13 49 91 77 24 66 87 95 52 82 62 47 54 1 42 88 58 83 38 17 76 28 89 90 40 26 15 46 27 9 45 74 20 55 80 72 63 70 31 67 32 16 65 51 4 93 30 39 59 99 10 81 44 29 22 6 34 85 37 18 61 21 86 69 64 8 41 11 94 43 14 23 79 19 98 3 68 12 56 97 73 2 25 96 57 71 92 5 33 7 75 84 53 50 78 35 48 0 
bonus: 36 76 61 21 86 69 64 8 41 53 50 78 35 48 
passengers: 4 3 2 112 136 134 47 127 194 202 60 32 77 40 101 199 36 

13092	11270	15316
tour: 0 36 60 13 49 91 77 24 66 87 95 52 82 62 47 54 1 42 88 58 83 38 17 76 28 6 34 85 37 18 61 21 86 69 64 8 41 11 94 43 14 23 79 19 98 3 68 12 56 97 73 2 25 96 57 71 92 5 33 7 75 84 53 50 78 22 29 44 81 10 99 59 39 30 93 4 51 65 16 32 67 31 70 63 72 80 55 20 74 45 9 27 46 15 26 40 90 89 35 48 0 
bonus: 24 19 51 65 16 32 67 31 70 63 72 80 55 20 74 45 9 27 46 15 26 40 90 89 35 48 
passengers: 4 1 3 131 134 75 61 126 130 52 56 201 71 104 45 44 174 

13078	12050	30753
tour: 0 48 35 78 50 53 84 75 7 33 5 92 71 57 96 25 2 73 97 56 12 68 3 98 19 79 36 60 13 49 91 77 24 66 87 95 52 82 62 47 54 1 42 88 58 83 38 17 76 16 65 51 4 93 30 39 70 63 72 80 55 20 74 45 9 27 46 15 26 40 90 89 28 6 22 29 44 41 11 94 43 14 23 8 64 69 86 21 61 18 34 85 37 31 67 32 81 10 99 59 0 
bonus: 48 35 78 50 53 84 75 7 33 5 92 93 30 39 70 63 72 80 55 20 74 45 9 27 46 15 26 11 94 43 14 23 8 64 69 86 21 61 18 34 85 37 31 67 32 81 10 99 59 
passengers: 5 1 0 125 139 126 10 98 70 24 172 99 100 61 88 78 130 52 

4132.08	13246	50920
tour: 0 59 99 10 81 32 67 31 37 85 34 18 61 21 86 69 64 8 94 11 41 44 29 22 6 28 89 90 40 26 15 46 27 9 45 74 20 55 80 72 63 70 39 30 93 4 51 65 16 76 17 38 83 58 88 42 1 54 47 62 82 52 95 87 66 24 77 91 49 13 60 36 79 23 14 43 19 98 3 68 12 56 97 73 2 25 96 57 71 92 5 33 7 75 84 53 50 78 35 48 0 
bonus: 59 99 10 81 32 67 31 37 85 34 18 61 21 86 69 64 45 74 20 55 80 72 63 70 39 30 93 4 51 65 16 76 17 38 83 58 88 42 1 54 47 62 82 52 95 87 66 24 77 91 49 13 60 36 23 14 43 19 98 3 68 12 56 97 73 2 25 96 57 71 92 5 33 7 75 84 53 50 78 35 48 
passengers: 201 202 60 58 91 169 47 191 72 74 115 196 153 180 199 22 14 183 36 

7968	11629	24390
tour: 0 48 35 89 90 40 26 15 46 36 60 13 49 91 73 97 56 12 68 3 98 19 79 23 14 43 27 9 45 74 20 55 80 72 63 70 39 30 93 4 51 65 16 32 67 31 37 18 61 21 86 69 64 8 94 11 41 77 24 66 87 95 52 82 62 47 54 1 42 88 58 83 38 17 76 28 6 34 85 2 25 96 57 71 92 5 33 7 75 84 53 50 78 22 29 44 81 10 99 59 0 
bonus: 48 35 89 90 40 26 15 46 36 60 13 49 91 73 97 56 12 68 34 85 2 5 33 7 75 84 53 50 78 22 29 44 81 10 99 59 
passengers: 1 2 169 126 127 24 72 154 112 29 144 183 137 130 52 

13005	13168	49794
tour: 0 48 35 78 50 53 84 75 7 33 5 92 71 57 96 25 2 73 91 49 13 60 36 79 23 14 43 19 98 3 68 12 56 97 44 29 22 6 28 89 90 40 26 15 46 27 9 45 74 20 55 80 72 63 70 39 30 93 4 51 65 16 76 17 38 83 58 88 42 1 54 47 62 82 52 95 87 66 24 77 41 11 94 8 64 69 86 21 61 18 34 85 37 31 67 32 81 10 99 59 0 
bonus: 48 35 78 50 53 84 75 7 33 5 92 71 57 96 25 2 73 91 49 13 60 36 79 23 14 43 19 98 3 68 12 56 97 44 29 22 6 28 89 90 40 26 15 46 27 9 45 74 20 55 80 72 63 70 39 30 93 4 51 65 16 76 95 8 64 69 86 21 61 18 34 85 37 31 67 32 81 10 99 59 
passengers: 5 1 0 37 28 23 91 169 47 190 24 72 115 156 61 41 38 130 52 

12979	12892	43780
tour: 0 48 35 78 50 53 84 75 7 33 5 92 71 57 96 25 2 73 97 56 12 68 3 98 19 79 23 14 43 27 9 45 74 20 55 80 72 63 70 39 30 93 4 51 65 16 76 17 38 83 58 88 42 1 54 47 62 82 52 95 87 66 24 77 91 49 13 60 36 46 15 26 40 90 89 28 6 22 29 44 41 11 94 8 64 69 86 21 61 18 34 85 37 31 67 32 81 10 99 59 0 
bonus: 48 35 78 50 53 84 75 7 33 5 92 71 57 96 25 2 73 97 56 12 68 3 98 19 79 23 14 43 27 9 45 74 20 55 80 72 63 70 39 30 93 4 51 65 16 76 17 83 22 29 44 41 11 94 8 64 69 86 21 61 18 34 85 37 31 67 32 81 10 99 59 
passengers: 5 1 0 33 37 126 89 127 72 10 115 153 178 172 32 99 100 88 124 78 130 52 

12946	11874	27011
tour: 0 48 35 78 50 53 84 75 7 33 5 92 71 57 96 25 2 73 91 49 13 60 36 46 15 26 40 90 89 28 6 22 29 44 97 56 12 68 3 98 19 79 23 14 43 27 9 45 74 20 55 80 72 63 70 39 30 93 4 51 65 16 76 17 38 83 58 88 42 1 54 47 62 82 52 95 87 66 24 77 41 11 94 8 64 69 86 21 61 18 34 85 37 31 67 32 81 10 99 59 0 
bonus: 48 35 78 46 23 14 43 27 9 45 74 20 55 80 72 63 70 39 30 93 4 51 65 16 76 95 8 64 69 86 21 61 18 34 85 37 31 67 32 81 10 99 59 
passengers: 5 1 0 28 197 23 126 89 47 190 24 6 61 41 146 130 52 

12940	13896	61980
tour: 0 48 35 78 50 53 84 75 7 33 5 92 22 29 44 97 73 2 25 96 57 71 52 82 62 47 54 1 42 88 8 64 69 86 91 49 13 60 36 46 27 9 45 74 20 55 80 72 63 70 39 30 93 4 51 65 16 76 17 38 58 83 87 95 66 24 77 41 11 94 43 14 23 79 19 98 3 68 12 56 6 28 89 90 40 26 15 18 61 21 34 85 37 31 67 32 81 10 99 59 0 
bonus: 48 35 78 50 53 84 75 7 33 5 92 22 29 44 97 73 2 25 96 57 71 52 82 62 47 54 1 42 88 8 64 69 86 91 49 13 60 36 46 27 9 45 74 20 55 80 72 63 70 39 30 93 4 51 65 16 76 17 38 58 83 87 95 66 24 77 41 11 94 43 14 23 79 19 98 3 68 12 56 6 28 89 90 40 26 15 18 61 21 34 85 37 31 67 32 81 10 99 59 
passengers: 5 0 3 125 137 18 132 12 6 148 47 190 191 136 99 65 78 75 88 130 52 

4907.33	12936	45823
tour: 0 59 99 10 16 65 51 4 93 30 39 70 63 72 80 55 20 74 94 11 41 8 64 69 86 21 61 18 37 31 67 32 81 44 29 22 78 50 53 84 75 7 33 5 92 71 57 96 25 2 73 97 56 12 68 3 98 19 79 23 14 43 27 9 45 85 34 6 28 76 17 38 83 58 88 42 1 54 47 62 82 52 95 87 66 24 77 91 49 13 60 36 46 15 26 40 90 89 35 48 0 
bonus: 59 99 10 16 65 51 4 93 30 39 70 63 72 80 55 20 74 94 11 41 8 64 69 86 21 61 18 37 31 67 32 81 44 29 22 78 50 53 84 75 7 33 5 92 71 57 96 25 2 73 97 56 12 68 3 98 19 79 23 14 43 27 9 60 36 46 15 26 40 90 89 35 48 
passengers: 2 202 60 56 24 128 62 40 139 33 63 142 136 115 153 66 69 174 

5090.5	11775	25147
tour: 0 59 99 10 16 65 51 4 93 30 39 70 63 72 80 55 20 74 45 9 27 46 36 60 13 49 91 77 24 66 87 95 52 82 62 47 54 1 42 88 58 83 38 17 76 28 6 34 85 37 31 67 32 81 44 29 22 78 50 53 84 75 7 33 5 92 71 57 96 25 2 73 97 56 12 68 3 98 19 79 23 14 43 94 11 41 8 64 69 86 21 61 18 15 26 40 90 89 35 48 0 
bonus: 59 99 10 16 65 51 4 93 30 39 70 63 72 52 82 62 47 54 1 42 88 58 76 41 8 64 69 86 21 61 18 15 26 40 90 89 35 48 
passengers: 2 201 202 56 191 127 46 177 196 112 96 29 140 15 65 99 100 81 117 174 

4362.5	13177	50542
tour: 0 59 99 10 81 32 67 31 37 85 34 18 61 21 86 69 64 8 46 15 26 40 90 89 28 6 22 29 44 97 56 12 68 3 98 19 79 23 14 43 94 11 41 77 24 66 87 95 52 82 62 47 54 1 42 88 58 83 38 17 76 16 65 51 27 9 45 74 20 55 80 72 63 70 39 30 93 4 36 60 13 49 91 73 2 25 96 57 71 92 5 33 7 75 84 53 50 78 35 48 0 
bonus: 59 99 10 81 32 67 31 37 85 34 18 61 21 86 69 64 8 46 15 26 40 90 89 28 6 22 29 44 97 56 12 68 3 98 19 79 23 14 43 94 11 41 77 24 66 87 95 52 82 62 47 54 1 42 88 58 83 38 17 76 16 65 51 27 25 96 57 71 92 5 33 7 75 84 53 50 78 35 48 
passengers: 202 60 58 129 90 172 32 89 157 196 133 12 71 128 189 179 14 183 36 

5213.67	11458	19278
tour: 0 59 99 10 81 32 67 31 37 85 34 18 61 21 86 69 64 26 40 90 89 28 6 22 29 44 41 11 94 8 46 15 51 65 16 76 17 38 83 58 88 42 1 54 47 62 82 52 95 87 66 24 77 91 49 13 60 36 4 93 30 39 70 63 72 80 55 20 74 45 9 27 43 14 23 79 19 98 3 68 12 56 97 73 2 25 96 57 71 92 5 33 7 75 84 53 50 78 35 48 0 
bonus: 81 58 88 42 1 54 47 62 82 68 12 56 97 73 2 25 96 57 71 92 5 33 7 75 84 53 50 78 35 48 
passengers: 4 202 60 58 32 43 39 135 161 162 12 192 199 22 183 36 

12899	13266	52080
tour: 0 48 35 78 50 53 84 75 7 33 5 92 22 29 44 97 73 2 25 96 57 71 52 82 62 47 54 1 42 88 8 94 11 41 77 24 66 95 87 83 58 38 17 76 16 65 51 4 93 30 39 70 63 72 80 55 20 74 45 9 27 43 14 23 79 19 98 3 68 12 56 6 28 89 90 40 26 64 69 86 91 49 13 60 36 46 15 18 61 21 34 85 37 31 67 32 81 10 99 59 0 
bonus: 48 35 78 50 53 84 75 7 33 5 92 22 29 44 97 73 2 25 96 57 71 52 82 62 47 54 1 42 88 8 94 11 41 77 24 66 95 87 83 58 38 17 76 16 65 51 4 93 30 39 70 63 72 80 55 20 56 6 28 89 90 40 26 64 69 86 91 49 13 60 34 85 37 31 67 32 81 10 99 59 
passengers: 5 0 3 125 140 131 12 62 101 187 65 64 170 78 88 130 52 

5711.5	12430	35645
tour: 0 59 99 10 81 32 67 31 37 18 61 21 34 85 45 9 27 43 14 23 79 19 98 3 68 12 56 6 28 89 90 40 26 15 46 36 60 13 49 91 86 69 64 8 82 62 47 54 1 42 88 58 83 38 17 76 16 65 51 4 93 30 39 70 63 72 80 55 20 74 94 11 41 77 24 66 87 95 52 71 57 96 25 2 73 97 44 29 22 92 5 33 7 75 84 53 50 78 35 48 0 
bonus: 59 99 10 81 32 67 31 37 18 61 21 34 85 45 9 27 43 14 23 79 19 98 3 68 12 56 6 28 89 90 77 24 66 87 95 52 71 57 96 25 2 73 97 44 29 22 92 5 33 7 75 84 53 50 78 35 48 
passengers: 1 201 202 58 45 200 169 175 43 167 70 154 158 157 196 15 198 183 36 

12884	13288	51827
tour: 0 48 35 78 50 53 84 75 7 33 5 92 71 57 96 25 2 73 97 56 12 68 3 98 19 79 23 14 43 94 11 41 8 46 27 9 45 74 20 55 80 72 63 70 39 30 93 4 36 60 13 49 91 77 24 66 87 95 52 82 62 47 54 1 42 88 58 83 38 17 76 28 89 90 40 26 64 69 86 21 61 18 15 51 65 16 32 67 31 37 85 34 6 22 29 44 81 10 99 59 0 
bonus: 48 35 78 50 53 84 75 7 33 5 92 71 57 96 25 2 73 97 74 20 55 80 72 63 70 39 30 93 4 36 60 13 49 91 77 24 66 87 95 52 82 62 47 54 1 42 88 58 83 38 17 76 28 89 90 40 26 64 69 86 21 61 18 15 51 65 16 32 67 31 37 85 34 6 22 29 44 81 10 99 59 
passengers: 5 1 0 140 33 126 47 191 187 66 112 136 170 146 88 124 130 52 

12859	13654	57352
tour: 0 48 35 78 50 53 84 75 7 33 5 92 71 57 96 25 2 73 97 44 29 22 6 56 12 68 3 98 19 79 23 14 43 94 11 41 77 24 66 87 95 16 65 51 4 93 30 39 70 63 72 80 55 20 74 45 9 27 46 8 64 69 86 91 49 13 60 36 90 89 28 76 17 52 82 62 47 54 1 42 88 58 83 38 40 26 15 18 61 21 34 85 37 31 67 32 81 10 99 59 0 
bonus: 48 35 78 50 53 84 75 7 33 5 92 71 57 96 25 2 73 97 44 29 22 6 56 12 68 3 98 19 77 24 66 87 95 16 65 51 4 93 30 39 70 63 72 80 55 20 74 45 9 27 46 8 64 69 86 91 49 13 60 36 90 89 28 76 17 52 82 62 47 54 1 42 88 58 83 38 40 26 15 18 61 21 34 85 37 31 67 32 81 10 99 59 
passengers: 5 1 0 140 137 91 126 153 187 189 177 178 170 112 136 78 124 88 130 52 

12839	12098	32016
tour: 0 48 35 78 50 53 84 75 7 33 5 92 22 29 44 97 73 2 25 96 57 71 52 95 87 66 24 77 41 11 94 8 82 62 47 54 1 42 88 58 83 38 17 76 16 65 51 4 93 30 39 70 63 72 80 55 20 74 45 9 27 43 14 23 79 19 98 3 68 12 56 6 28 89 90 40 26 64 69 86 91 49 13 60 36 46 15 18 61 21 34 85 37 31 67 32 81 10 99 59 0 
bonus: 48 35 78 50 53 84 75 7 33 5 92 22 29 44 97 73 2 25 96 57 71 52 95 87 24 42 88 58 40 26 64 69 86 91 49 13 60 34 85 37 31 67 32 81 10 99 59 
passengers: 5 0 3 125 140 101 133 10 74 65 64 173 78 88 130 52 

12799	11580	20260
tour: 0 48 35 78 50 53 84 75 7 33 5 92 22 29 44 97 73 2 25 96 57 71 24 77 41 11 94 8 88 42 1 54 47 62 82 52 95 87 83 58 38 17 76 16 65 51 4 93 30 39 70 63 72 80 55 66 20 74 45 9 27 43 14 23 79 19 98 3 68 12 56 6 28 89 90 40 26 64 69 86 91 49 13 60 36 46 15 18 61 21 34 85 37 31 67 32 81 10 99 59 0 
bonus: 48 79 19 98 3 68 12 56 6 28 89 90 40 26 64 69 86 91 49 13 60 34 85 37 31 67 32 81 10 99 59 
passengers: 4 5 0 125 140 101 12 135 187 65 64 170 78 88 130 52 

4081	11718	23084
tour: 0 59 99 10 81 32 67 31 37 85 34 21 61 18 15 46 8 94 11 41 77 24 66 87 95 16 65 51 4 93 30 39 70 63 72 80 55 20 74 45 9 27 43 14 23 79 19 98 3 68 12 56 6 28 76 17 38 83 58 88 42 1 54 47 62 82 52 71 92 5 33 7 75 84 53 50 78 22 29 44 97 73 2 25 96 57 40 26 64 69 86 91 49 13 60 36 90 89 35 48 0 
bonus: 59 99 10 81 32 67 31 37 85 34 21 61 18 15 28 76 17 38 83 58 88 42 1 54 47 62 82 52 71 92 5 33 75 89 35 48 
passengers: 202 60 129 92 62 101 89 29 136 10 14 69 174 

12742	13153	48381
tour: 0 48 35 78 50 53 84 75 7 33 5 92 22 29 44 97 73 2 25 96 57 71 52 82 62 47 54 1 60 36 46 8 64 69 86 91 49 13 66 87 95 24 77 41 11 94 74 20 55 80 72 63 70 39 30 93 4 51 65 16 76 17 38 83 58 88 42 45 9 27 43 14 23 79 19 98 3 68 12 56 6 28 89 90 40 26 15 18 61 21 34 85 37 31 67 32 81 10 99 59 0 
bonus: 48 35 78 50 53 84 75 7 33 5 92 22 29 44 97 73 2 25 96 57 71 52 82 62 47 54 1 60 36 46 8 64 69 86 91 49 13 66 87 95 24 77 41 11 42 45 9 27 43 14 23 79 19 98 3 56 6 28 89 90 40 26 15 18 61 21 34 85 37 31 67 32 81 10 99 59 
passengers: 5 0 3 125 137 18 131 12 6 151 62 187 162 65 64 170 78 88 130 52 

12721	13681	57352
tour: 0 48 35 78 50 53 84 75 7 33 5 92 71 57 96 25 2 73 97 44 29 22 6 56 12 68 3 98 19 79 23 14 43 94 11 41 77 24 95 87 67 31 37 85 34 21 61 18 15 26 40 38 83 58 88 42 1 54 47 62 82 52 17 76 28 89 90 36 60 13 49 91 86 69 64 8 46 27 9 45 74 20 66 55 80 72 63 70 39 30 93 4 51 65 16 32 81 10 99 59 0 
bonus: 48 35 78 50 53 84 75 7 33 5 92 71 57 96 25 2 73 97 44 29 22 6 56 12 68 3 98 19 77 24 95 87 67 31 37 85 34 21 61 18 15 26 40 38 83 58 88 42 1 54 47 62 82 52 17 76 28 89 90 36 60 13 49 91 86 69 64 8 46 27 9 45 74 20 66 55 80 72 63 70 39 30 93 4 51 65 16 32 81 10 99 59 
passengers: 5 1 0 140 137 32 89 99 100 81 76 10 132 106 110 176 194 130 52 

3997.92	11327	15372
tour: 0 59 99 10 81 32 67 31 37 85 34 21 61 18 15 46 8 41 11 94 74 20 55 80 72 63 70 39 30 93 4 36 60 13 49 91 86 69 64 26 40 90 89 28 76 17 38 83 58 88 42 1 54 47 62 82 52 71 57 96 92 5 33 7 75 84 51 65 16 95 87 66 24 77 14 23 79 19 43 27 9 45 98 3 68 12 56 6 22 29 44 97 73 2 25 53 50 78 35 48 0 
bonus: 59 99 10 81 32 67 31 37 85 34 21 61 18 15 46 8 41 11 94 74 20 75 35 48 
passengers: 202 60 129 143 118 42 128 177 151 161 11 113 186 36 137 158 

12679	13117	47996
tour: 0 48 35 78 50 53 25 2 73 97 44 29 22 6 56 12 68 3 98 19 79 23 14 43 27 9 45 74 20 66 55 80 72 63 70 39 30 93 4 36 60 13 49 91 86 69 64 26 40 90 89 28 76 17 38 58 83 87 95 52 82 62 47 54 1 42 88 81 32 67 31 37 85 34 21 61 18 15 46 8 94 11 41 77 24 71 57 96 92 5 33 7 75 84 51 65 16 10 99 59 0 
bonus: 48 35 78 50 53 25 2 73 97 44 29 22 6 56 12 68 3 98 72 63 70 39 30 93 4 36 60 13 49 91 86 69 64 26 40 52 82 62 47 54 1 42 88 81 32 67 31 37 85 34 21 61 18 15 46 8 94 11 41 77 24 71 57 96 92 5 33 7 75 84 51 65 16 10 99 59 
passengers: 1 0 2 21 63 126 191 66 68 173 131 93 143 124 61 52 

7801.5	11814	26979
tour: 0 59 99 10 16 65 51 84 75 7 33 5 92 71 57 96 24 77 41 11 94 8 46 15 18 61 21 34 85 37 31 67 32 81 88 42 1 54 47 62 82 52 95 87 83 58 38 17 76 28 89 90 40 26 64 69 86 91 49 13 60 36 4 93 30 39 70 63 72 80 55 66 20 74 45 9 27 43 14 23 79 19 98 3 68 12 56 6 22 29 44 97 73 2 25 53 50 78 35 48 0 
bonus: 59 99 10 16 65 51 84 75 33 52 95 87 83 58 38 17 76 28 89 90 40 26 64 69 86 91 49 13 44 97 73 2 25 53 50 78 35 48 
passengers: 5 3 202 59 140 34 99 79 112 132 153 136 176 180 67 102 29 

12646	13469	54760
tour: 0 48 35 78 50 53 25 2 73 97 44 29 22 6 56 12 68 3 98 19 79 23 14 43 27 9 45 74 20 66 55 80 72 63 70 39 30 93 4 36 60 13 49 91 86 69 64 26 40 90 89 28 76 17 38 83 58 88 42 1 54 47 62 82 52 95 87 67 31 37 85 34 21 61 18 15 46 8 94 11 41 77 24 71 57 96 92 5 33 7 75 84 51 65 16 32 81 10 99 59 0 
bonus: 48 35 78 50 53 25 2 73 97 44 29 22 6 56 12 68 3 98 72 63 70 39 30 93 4 36 60 13 49 91 86 69 64 26 40 90 89 28 76 17 38 83 58 88 42 1 54 47 62 82 52 95 87 67 31 37 85 34 21 61 18 15 46 8 94 11 41 77 24 71 57 96 92 5 33 7 75 84 51 65 16 32 81 10 99 59 
passengers: 1 0 2 21 63 126 187 66 68 173 170 93 143 82 124 183 130 52 

3867.83	11886	25775
tour: 0 59 99 10 81 32 16 65 51 15 46 8 94 11 41 77 24 95 87 67 31 37 85 34 18 61 21 86 91 49 13 60 36 4 93 30 39 70 63 72 80 55 66 20 74 45 9 27 43 14 23 79 19 98 3 68 69 64 26 40 90 89 28 76 17 38 83 58 88 42 1 54 47 62 82 52 71 57 96 25 2 73 97 44 29 22 6 56 12 92 5 33 7 75 84 53 50 78 35 48 0 
bonus: 59 99 10 81 32 16 65 51 15 46 8 94 11 41 77 24 95 87 67 31 37 85 34 18 61 21 86 91 49 13 60 36 4 93 75 84 53 50 78 35 48 
passengers: 202 60 129 70 41 42 99 145 80 148 22 161 168 11 183 36 

8453.5	13130	47951
tour: 0 48 35 89 90 40 26 64 69 68 3 98 19 79 23 14 43 27 9 45 74 20 55 80 72 63 70 39 30 93 4 36 60 67 31 37 85 34 18 61 21 86 91 49 13 66 87 95 52 82 62 47 54 1 42 88 58 83 38 17 76 28 6 56 12 92 5 33 7 75 84 53 50 78 22 29 44 97 73 2 25 96 57 71 24 77 41 11 94 8 46 15 51 65 16 32 81 10 99 59 0 
bonus: 48 35 89 90 40 26 64 69 68 3 98 19 79 23 14 43 27 9 45 74 20 55 80 72 63 70 39 30 93 4 36 60 67 31 37 85 34 18 61 95 56 12 92 5 33 7 75 84 53 50 78 22 29 44 97 73 2 25 96 57 71 24 77 41 11 94 8 46 15 51 65 16 32 81 10 99 59 
passengers: 1 2 171 126 47 127 191 92 196 32 29 13 14 61 38 130 52 

5340.67	13427	53527
tour: 0 59 99 10 81 32 16 65 51 4 93 30 39 70 63 72 80 55 66 20 74 94 11 41 8 46 15 18 61 21 34 85 37 31 67 87 95 52 82 62 47 54 1 42 88 58 83 38 17 76 28 89 90 36 60 13 49 91 86 69 64 26 40 57 71 24 77 14 23 79 19 43 27 9 45 98 3 68 12 56 6 22 29 44 97 73 2 25 96 92 5 33 7 75 84 53 50 78 35 48 0 
bonus: 59 99 10 81 32 16 65 51 4 93 30 39 70 63 72 80 55 66 20 74 94 11 41 8 46 15 18 61 21 34 85 37 31 67 87 95 52 82 62 47 54 1 42 88 58 83 38 17 76 28 89 90 36 60 13 49 91 86 69 64 26 40 57 71 24 77 14 44 97 73 2 25 96 92 5 33 7 75 84 53 50 78 35 48 
passengers: 2 202 60 56 24 99 100 43 79 81 153 162 172 176 102 22 198 14 183 36 

12550	11239	14053
tour: 0 48 35 89 90 36 60 13 49 91 86 69 64 26 40 57 96 25 2 73 97 44 29 22 78 50 53 84 75 7 33 5 92 71 24 77 14 23 79 19 43 27 9 45 98 3 68 12 56 6 28 76 17 38 83 58 88 42 1 54 47 62 82 52 95 87 67 31 37 85 34 21 61 18 15 46 8 41 11 94 74 20 66 55 80 72 63 70 39 30 93 4 51 65 16 32 81 10 99 59 0 
bonus: 48 35 89 90 36 60 13 49 91 86 64 4 51 65 16 32 81 10 99 59 
passengers: 5 1 0 125 138 49 12 155 143 124 194 130 52 

12532	11514	20181
tour: 0 48 35 78 50 53 84 75 7 33 5 92 12 56 6 22 29 44 97 73 2 25 96 57 71 24 77 14 23 79 19 43 27 9 45 98 3 68 69 64 26 40 90 89 28 76 17 38 83 58 88 42 1 54 47 62 82 52 95 87 67 31 37 85 34 18 61 21 86 91 49 13 60 36 4 93 30 39 70 63 72 80 55 66 20 74 94 11 41 8 46 15 51 65 16 32 81 10 99 59 0 
bonus: 48 35 78 50 53 84 54 47 62 82 52 95 87 67 31 37 85 41 8 46 15 51 65 16 32 81 10 99 59 
passengers: 5 1 0 137 139 18 45 173 96 12 143 124 194 61 52 

5713.67	12452	35805
tour: 0 59 99 10 81 32 16 65 51 15 46 8 41 11 94 74 20 66 55 80 72 63 70 39 30 93 4 36 60 13 49 91 86 21 61 18 34 85 37 31 67 87 95 52 82 62 47 54 1 42 88 58 83 38 17 76 28 6 56 12 92 5 33 7 75 84 53 50 78 22 29 44 97 73 2 25 96 57 71 24 77 14 23 79 19 43 27 9 45 98 3 68 69 64 26 40 90 89 35 48 0 
bonus: 59 99 10 81 32 16 36 60 13 49 91 86 21 61 18 34 85 37 56 12 92 5 33 7 75 84 53 50 78 22 29 44 97 73 2 25 96 57 24 79 19 43 27 9 45 98 3 68 69 64 26 40 90 89 35 48 
passengers: 2 202 60 56 41 127 68 142 92 112 135 29 183 137 14 19 197 45 174 

7822	12559	38192
tour: 0 59 99 10 81 32 16 65 51 4 93 30 39 70 63 72 80 55 20 74 94 11 41 77 24 71 57 96 85 34 42 88 58 83 38 17 76 28 89 90 40 26 15 18 61 21 86 91 49 13 66 87 95 52 82 62 47 54 1 60 36 46 8 64 69 68 3 98 45 9 27 43 19 79 23 14 37 31 67 84 75 7 33 5 92 12 56 6 22 29 44 97 73 2 25 53 50 78 35 48 0 
bonus: 59 99 10 81 32 16 65 51 4 93 30 39 70 63 72 24 38 17 76 28 89 90 40 26 15 18 61 95 98 45 9 27 43 19 79 23 14 37 31 67 84 75 7 33 5 92 12 56 6 22 29 44 97 73 2 25 53 50 78 35 48 
passengers: 4 2 202 56 24 99 100 136 90 79 87 159 22 199 102 36 29 

5729.67	12457	37614
tour: 0 59 99 10 81 32 16 65 51 15 46 8 41 11 94 74 20 55 80 72 63 70 39 30 93 4 36 60 67 31 37 85 34 18 61 21 86 91 49 13 66 87 95 52 82 62 47 54 1 42 88 58 83 38 17 76 28 6 56 12 92 5 33 7 75 84 53 50 78 22 29 44 97 73 2 25 96 57 71 24 77 14 23 79 19 43 27 9 45 98 3 68 69 64 26 40 90 89 35 48 0 
bonus: 59 99 10 81 32 16 65 51 15 46 4 36 60 67 31 37 85 34 18 61 95 56 12 92 5 33 7 75 84 53 50 78 22 29 44 97 73 2 25 96 57 24 79 19 43 27 9 45 98 3 68 69 64 26 40 90 89 35 48 
passengers: 2 202 60 56 41 127 92 142 112 135 29 183 137 14 19 197 45 174 

4874.17	13295	51184
tour: 0 59 99 10 81 32 16 65 51 4 93 30 39 70 63 72 80 55 66 20 74 94 8 46 15 18 61 21 34 85 96 25 2 73 97 44 29 22 6 56 12 68 3 98 45 9 27 43 19 79 23 14 37 31 67 87 95 24 77 41 11 52 82 62 47 54 1 42 88 58 83 38 17 76 28 89 90 36 60 13 49 91 86 69 64 26 40 57 71 92 5 33 7 75 84 53 50 78 35 48 0 
bonus: 59 99 10 81 32 16 65 51 4 93 30 39 70 63 72 80 55 66 20 74 94 8 46 15 18 61 21 34 85 96 25 2 73 97 44 29 22 6 56 12 68 3 98 43 95 24 77 41 11 52 82 62 47 54 1 42 88 58 83 38 17 76 86 69 64 26 40 57 71 92 5 33 7 75 84 53 50 78 35 48 
passengers: 2 202 60 56 190 127 41 79 145 32 89 153 132 10 174 66 179 183 

5464.17	12250	32704
tour: 0 59 99 10 81 32 16 65 51 4 93 30 39 70 63 72 80 55 66 20 74 94 11 41 77 24 71 57 40 26 88 42 1 54 47 62 82 52 95 87 83 58 38 17 76 28 89 90 36 60 13 49 91 86 69 64 8 46 15 18 61 21 34 85 96 92 5 33 7 75 84 67 31 37 14 23 79 19 43 27 9 45 98 3 68 12 56 6 22 29 44 97 73 2 25 53 50 78 35 48 0 
bonus: 59 99 10 81 32 16 65 54 47 62 82 52 95 87 83 58 38 76 34 85 96 92 5 33 7 75 84 37 14 23 79 19 43 27 9 45 98 3 68 44 97 73 2 25 53 50 78 35 48 
passengers: 2 202 54 56 24 99 100 10 173 78 82 145 183 137 92 51 29 

4817.33	13017	44084
tour: 0 48 35 89 90 40 26 64 69 68 3 98 45 9 27 43 19 79 23 14 77 24 71 57 96 25 2 73 97 44 29 22 78 50 53 84 75 7 33 5 92 12 56 6 28 76 17 38 83 58 88 42 1 54 47 62 82 52 95 87 66 13 49 91 86 46 8 41 11 94 74 20 55 80 72 63 70 39 30 93 4 36 60 67 31 37 85 34 21 61 18 15 51 65 16 32 81 10 99 59 0 
bonus: 48 35 89 90 40 26 64 69 68 3 98 45 9 27 43 19 79 23 14 77 24 71 2 54 47 62 82 52 95 87 66 13 49 91 86 46 8 41 11 94 74 20 55 80 72 63 70 39 30 93 4 36 60 67 31 37 85 34 21 61 18 15 51 65 16 32 81 10 99 59 
passengers: 1 171 172 89 18 125 12 6 7 153 178 41 194 143 124 75 130 52 

12383	14013	61980
tour: 0 48 35 78 50 53 25 2 73 97 44 29 22 6 56 12 92 5 33 7 75 84 67 31 37 14 23 79 19 43 27 9 45 98 3 68 69 86 91 49 13 60 36 38 17 76 28 89 90 40 26 64 8 46 15 18 61 21 34 85 96 57 71 52 82 62 47 54 1 42 88 58 83 87 95 24 77 41 11 94 74 20 66 55 80 72 63 70 39 30 93 4 51 65 16 32 81 10 99 59 0 
bonus: 48 35 78 50 53 25 2 73 97 44 29 22 6 56 12 92 5 33 7 75 84 67 31 37 14 23 79 19 43 27 9 45 98 3 68 69 86 91 49 13 60 36 38 17 76 28 89 90 40 26 64 8 46 15 18 61 21 34 85 96 57 71 52 82 62 47 54 1 42 88 58 83 87 95 24 77 41 11 94 74 20 66 55 80 72 63 70 39 30 93 4 51 65 16 32 81 10 99 59 
passengers: 5 1 0 21 30 138 45 46 50 177 175 131 112 155 61 194 130 52 

7568.5	11638	22305
tour: 0 59 99 10 81 32 16 65 51 15 18 61 21 34 85 96 57 71 52 82 62 47 54 1 60 36 4 93 30 39 70 63 72 80 55 20 74 94 11 41 8 46 86 91 49 13 66 87 95 24 77 42 88 58 83 38 17 76 28 89 90 40 26 64 69 68 3 98 45 9 27 43 19 79 23 14 37 31 67 84 75 7 33 5 92 12 56 6 22 29 44 97 73 2 25 53 50 78 35 48 0 
bonus: 59 99 10 81 32 16 65 51 15 18 61 21 14 37 31 67 84 75 7 33 5 92 12 56 44 97 73 2 25 53 50 78 35 48 
passengers: 3 2 202 54 131 10 101 43 162 172 22 92 36 29 

7813	12378	34792
tour: 0 59 99 10 46 8 64 26 40 90 89 28 76 17 38 58 83 87 95 52 82 62 47 54 1 42 88 81 32 16 65 51 15 18 61 21 34 85 96 57 71 24 77 41 11 94 74 20 66 55 80 72 63 70 39 30 93 4 36 60 13 49 91 86 69 68 3 98 45 9 27 43 19 79 23 14 37 31 67 84 75 7 33 5 92 12 56 6 22 29 44 97 73 2 25 53 50 78 35 48 0 
bonus: 59 99 10 46 8 64 26 40 90 89 28 76 17 38 58 83 87 95 52 82 62 47 54 1 81 32 16 65 51 15 18 61 21 34 85 96 57 71 24 77 22 29 44 97 73 2 25 53 50 78 35 48 
passengers: 4 3 202 60 43 134 131 167 78 145 62 127 92 29 31 

12322	11209	13427
tour: 0 48 35 78 50 53 25 2 73 97 44 29 22 6 56 12 92 5 33 7 75 84 67 31 37 14 23 79 19 43 27 9 21 34 85 96 57 71 52 82 62 47 54 1 42 88 26 40 90 89 28 76 17 38 58 83 87 95 24 77 41 11 94 8 64 69 86 91 49 13 60 36 46 15 18 61 68 3 98 45 74 20 66 55 80 72 63 70 39 30 93 4 51 65 16 32 81 10 99 59 0 
bonus: 48 35 78 50 53 25 2 33 42 88 26 40 90 32 81 10 99 59 
passengers: 5 1 0 18 138 89 45 10 6 175 169 99 176 75 194 130 52 

4043	12610	37679
tour: 0 59 99 10 81 32 16 65 51 27 9 45 98 3 68 12 56 6 22 29 44 97 73 2 25 96 85 34 21 61 18 15 46 8 64 69 86 91 49 13 66 55 80 72 63 70 39 30 93 4 36 60 67 31 37 14 23 79 19 43 94 74 20 90 89 28 76 17 38 58 83 87 95 24 77 41 11 52 82 62 47 54 1 42 88 26 40 57 71 92 5 33 7 75 84 53 50 78 35 48 0 
bonus: 59 99 10 81 32 16 65 51 9 64 69 86 91 49 13 66 55 80 72 63 70 39 30 93 19 43 94 89 87 95 24 77 41 11 52 82 62 47 54 1 42 88 26 40 57 71 92 5 33 7 75 84 53 50 78 35 48 
passengers: 201 202 60 55 46 14 145 42 148 180 175 96 136 113 116 163 183 36 

3738.83	12859	41923
tour: 0 48 35 89 90 20 74 94 43 27 9 45 42 88 26 40 57 71 92 5 33 7 75 46 8 64 69 86 91 49 13 66 55 80 72 63 70 39 30 93 4 36 60 1 54 47 62 82 52 11 41 77 24 95 87 83 58 38 17 76 28 6 56 12 68 3 98 19 79 23 14 37 31 67 84 53 50 78 22 29 44 97 73 2 25 96 85 34 21 61 18 15 51 65 16 32 81 10 99 59 0 
bonus: 48 35 89 90 20 74 94 43 27 9 45 42 88 26 40 57 71 92 5 33 7 46 64 69 86 52 11 41 77 24 95 87 83 58 38 17 76 28 6 56 12 68 3 98 19 79 23 14 37 31 67 84 53 50 78 22 97 15 51 65 16 32 81 10 99 59 
passengers: 94 47 46 42 147 177 191 112 131 62 196 134 64 14 143 124 75 130 52 

4579.5	12573	35007
tour: 0 59 99 10 81 32 16 65 51 4 93 30 39 70 63 72 80 55 66 13 49 91 86 69 64 8 94 11 41 77 24 71 57 40 26 88 42 1 54 47 62 82 52 95 87 83 58 38 17 76 28 89 90 20 74 45 98 3 68 61 18 15 46 36 60 67 31 37 14 23 79 19 43 27 9 21 34 85 96 25 2 73 97 44 29 22 6 56 12 92 5 33 7 75 84 53 50 78 35 48 0 
bonus: 59 99 10 81 32 16 65 51 4 93 30 39 70 63 72 80 55 66 13 49 91 86 69 64 8 94 11 41 77 24 71 57 40 26 88 42 1 54 47 62 82 68 61 18 15 46 36 60 67 75 84 53 50 78 35 48 
passengers: 2 202 60 56 24 66 43 99 90 161 10 172 22 78 144 31 36 

3872.83	11798	23088
tour: 0 59 99 10 81 32 16 65 51 15 18 61 21 34 85 96 25 2 73 97 44 29 22 6 56 12 3 68 69 64 8 46 86 91 49 13 66 55 80 72 63 70 39 30 93 4 36 60 67 31 37 14 23 79 19 98 45 9 27 43 94 74 20 90 89 28 76 17 38 58 83 87 95 24 77 41 11 52 82 62 47 54 1 42 88 26 40 57 71 92 5 33 7 75 84 53 50 78 35 48 0 
bonus: 59 99 10 81 32 16 65 51 15 18 61 21 34 85 96 25 2 73 12 42 88 26 40 57 71 92 5 33 7 75 84 53 50 78 35 48 
passengers: 202 60 55 58 21 30 63 42 148 68 89 105 136 113 11 183 36 

3940.42	13702	55622
tour: 0 59 99 10 81 32 16 65 51 15 18 61 21 34 85 96 25 2 73 97 44 29 22 6 56 64 69 86 91 49 13 66 55 80 72 63 70 39 30 93 4 36 60 1 54 47 62 82 52 71 57 40 26 88 42 77 24 95 87 83 58 38 17 76 28 89 90 20 74 94 11 41 8 46 75 7 33 5 92 12 68 3 98 45 9 27 43 19 79 23 14 37 31 67 84 53 50 78 35 48 0 
bonus: 59 99 10 81 32 16 65 51 15 18 61 21 34 85 96 25 2 73 97 44 29 22 6 56 64 69 86 91 49 13 66 55 80 72 63 70 39 30 93 4 36 60 1 54 47 62 82 52 71 57 40 42 77 24 95 87 83 58 38 17 76 28 89 90 20 74 94 11 41 8 46 75 7 33 5 92 12 68 3 98 45 9 53 50 78 35 48 
passengers: 202 55 58 73 118 18 151 177 10 112 165 135 173 40 

8557	13739	56216
tour: 0 59 99 10 81 32 16 65 51 15 18 61 68 3 12 56 6 28 76 17 38 58 83 87 95 24 77 41 11 52 82 62 47 54 1 60 36 4 93 30 39 70 63 72 80 55 66 13 49 91 86 69 64 8 46 75 7 33 5 92 71 57 40 26 88 42 45 98 19 79 23 14 37 31 67 84 53 50 78 22 29 44 97 73 2 25 96 85 34 21 9 27 43 94 74 20 90 89 35 48 0 
bonus: 59 99 10 81 32 16 65 51 15 18 61 68 3 12 56 6 28 76 17 38 58 83 87 95 24 77 41 11 52 82 62 47 54 1 60 36 4 93 30 39 86 69 64 8 46 75 7 33 5 92 71 57 40 26 88 42 45 98 19 79 23 14 37 31 67 84 53 50 78 22 29 44 97 73 2 25 96 85 34 21 9 27 43 94 74 20 90 89 35 48 
passengers: 4 3 202 58 32 153 132 12 189 66 176 180 102 103 137 13 14 81 45 174 

12090	13860	57826
tour: 0 59 99 10 81 32 16 65 51 15 18 61 21 34 85 96 25 2 73 97 44 29 22 78 50 53 84 67 31 37 14 23 79 19 98 45 42 88 26 40 57 71 52 82 62 47 54 1 60 36 4 93 30 39 70 63 72 80 55 66 13 49 91 86 69 68 3 12 92 5 33 7 75 46 8 64 56 6 28 76 17 38 58 83 87 95 24 77 41 11 94 43 27 9 74 20 90 89 35 48 0 
bonus: 59 99 10 81 32 16 65 51 15 18 61 21 34 85 96 25 2 73 97 44 29 22 67 31 37 19 98 45 42 88 26 40 57 71 52 82 62 47 54 1 60 36 4 93 30 39 70 63 72 80 55 66 13 49 91 86 69 68 3 12 92 5 33 7 75 46 8 64 56 6 28 76 17 38 58 83 87 95 24 77 41 11 94 43 27 9 74 20 90 89 35 48 
passengers: 5 1 0 125 138 89 126 12 11 25 189 148 186 39 152 156 157 45 44 174 

8383	13993	60306
tour: 0 48 35 89 90 20 74 9 27 43 94 11 41 77 24 68 3 12 56 6 28 76 17 38 58 83 87 95 54 47 62 82 52 71 92 5 33 7 75 46 8 64 69 86 91 49 13 66 55 80 72 63 70 39 30 93 4 36 60 1 42 88 26 40 57 96 25 2 73 97 44 29 22 78 50 53 84 67 31 37 14 23 79 19 98 45 85 34 21 61 18 15 51 65 16 32 81 10 99 59 0 
bonus: 48 35 89 90 20 74 9 27 43 94 11 41 77 24 68 3 12 56 6 28 76 17 38 58 83 87 95 54 47 62 82 52 71 92 5 33 7 75 46 8 64 69 86 91 49 13 66 55 80 72 63 70 39 30 93 4 36 1 26 40 57 96 25 2 73 97 44 29 22 78 50 53 84 67 31 37 14 23 79 19 98 45 85 34 21 61 18 15 51 65 16 32 81 10 99 59 
passengers: 4 3 175 22 153 132 43 179 66 15 16 138 143 88 124 

3714.25	13236	44384
tour: 0 48 35 89 90 20 74 9 27 43 94 11 41 77 24 68 3 12 92 5 33 7 75 46 8 64 69 86 91 49 13 66 55 80 72 63 70 39 30 93 4 36 60 1 65 51 15 18 61 21 34 85 96 25 2 73 97 44 29 22 78 50 53 84 67 31 37 14 23 79 19 98 45 42 88 26 40 57 71 52 82 62 47 54 95 87 83 58 38 17 76 28 6 56 81 32 16 10 99 59 0 
bonus: 48 35 89 90 20 74 9 27 43 94 11 41 77 4 36 60 1 65 51 15 61 21 34 85 96 25 2 73 97 44 29 22 78 50 53 84 67 31 37 14 23 79 19 98 45 42 88 26 40 57 71 52 82 62 47 54 95 87 83 58 38 17 76 28 6 56 81 32 16 10 99 59 
passengers: 94 175 47 99 41 192 78 145 141 15 138 92 166 164 130 52 

8337.5	14171	61980
tour: 0 48 16 32 81 56 12 3 68 24 77 41 11 52 82 62 47 54 95 87 83 58 38 17 76 28 6 22 29 44 97 73 2 25 96 85 34 21 61 18 15 51 65 1 42 88 26 40 57 71 92 5 33 7 75 84 53 50 78 35 89 90 20 74 94 43 27 9 45 98 19 79 23 14 37 31 67 60 36 4 93 30 39 70 63 72 80 55 66 13 49 91 86 69 64 8 46 10 99 59 0 
bonus: 48 16 32 81 56 12 3 68 24 77 41 11 52 82 62 47 54 95 87 83 58 38 17 76 28 6 22 29 44 97 73 2 25 96 85 34 21 61 18 15 51 65 1 42 88 26 40 57 71 92 5 33 7 75 84 53 50 78 35 89 90 20 74 94 43 27 9 45 98 19 79 23 14 37 31 67 60 36 4 93 30 39 70 63 72 80 55 66 13 49 91 86 69 64 8 46 10 99 59 
passengers: 4 3 72 112 115 158 136 134 198 80 163 183 28 36 138 171 194 189 52 

5219.33	12546	35102
tour: 0 48 16 32 81 56 64 69 86 91 49 13 66 55 80 72 63 70 39 30 93 4 36 60 67 31 25 2 73 97 44 29 22 6 28 76 17 52 82 62 47 54 95 87 83 58 38 40 26 88 42 1 65 51 15 18 61 68 3 12 92 5 33 7 75 84 53 50 78 35 89 90 20 74 45 98 19 79 23 14 37 77 24 71 57 96 85 34 21 9 27 43 94 11 41 8 46 10 99 59 0 
bonus: 48 16 32 81 56 64 69 86 91 49 13 66 55 80 72 63 70 39 4 58 38 40 26 88 42 1 65 51 15 18 61 68 3 12 92 5 33 7 75 84 53 50 78 35 89 90 20 74 45 24 46 10 99 59 
passengers: 2 148 150 127 112 154 136 134 90 77 22 183 36 140 94 170 88 52 

3632.08	12513	33185
tour: 0 59 99 10 16 32 81 56 64 8 46 75 7 33 5 92 12 3 68 69 86 91 49 13 66 55 80 72 63 70 39 30 93 4 36 60 67 84 53 50 78 96 85 34 21 61 18 15 51 65 1 42 88 26 40 57 71 24 77 41 11 52 82 62 47 54 95 87 83 58 38 17 76 28 6 22 29 44 97 73 2 25 31 37 14 23 79 19 98 45 9 27 43 94 74 20 90 89 35 48 0 
bonus: 59 99 10 16 32 81 56 64 8 46 75 7 33 5 92 12 3 68 69 86 91 49 13 66 55 80 72 61 18 15 73 2 25 31 37 14 23 79 19 98 45 9 27 43 94 74 20 90 89 35 48 
passengers: 202 59 60 57 41 36 27 125 142 86 8 167 112 115 158 135 13 104 45 174 

3650.58	12394	27690
tour: 0 59 99 10 46 8 94 43 27 9 21 34 85 96 57 40 26 88 42 1 65 51 15 18 61 68 3 12 92 5 33 7 75 84 53 50 78 35 89 90 20 74 45 98 19 79 23 14 37 77 24 71 52 11 41 82 62 47 54 95 87 83 58 38 17 76 28 6 22 29 44 97 73 2 25 31 67 60 36 4 93 30 39 70 63 72 80 55 66 13 49 91 86 69 64 56 81 32 16 48 0 
bonus: 59 99 10 46 8 94 43 27 9 21 34 85 96 57 40 26 88 42 1 65 51 15 18 61 68 3 12 33 20 74 45 98 19 79 23 14 37 77 24 71 52 11 41 82 62 47 48 
passengers: 201 202 59 60 43 45 161 10 36 171 172 175 112 115 153 98 91 189 146 

3763.17	13563	49485
tour: 0 59 99 10 46 75 7 33 5 92 12 3 68 61 18 15 51 65 1 60 36 4 93 30 39 70 63 72 69 86 91 49 13 66 55 80 43 27 9 21 34 85 96 57 40 26 88 42 45 98 19 79 23 14 37 77 24 71 52 11 41 82 62 47 54 95 87 83 58 38 17 76 28 6 22 29 44 97 73 2 25 31 67 84 53 50 78 35 89 90 20 74 94 8 64 56 81 32 16 48 0 
bonus: 59 99 10 46 75 7 33 5 92 12 3 68 61 18 15 51 65 1 60 36 4 93 30 39 70 63 72 69 86 91 49 13 66 55 80 43 27 9 21 34 85 96 57 40 26 88 42 45 98 19 79 23 14 37 77 24 71 52 11 41 82 62 47 54 95 87 83 76 44 97 73 2 25 31 67 84 53 50 78 89 48 
passengers: 202 59 54 56 35 118 12 189 192 176 180 167 102 112 113 98 13 94 38 

3641.75	12843	36670
tour: 0 59 99 10 46 75 7 33 5 92 12 3 68 61 18 15 51 65 1 60 36 4 93 30 39 70 63 72 80 55 66 13 49 91 86 69 43 27 9 21 34 85 96 57 40 26 88 42 45 98 19 79 23 14 37 77 24 71 52 82 62 47 54 95 87 83 58 38 17 76 28 6 22 29 44 97 73 2 25 31 67 84 53 50 78 35 89 90 20 74 94 11 41 8 64 56 81 32 16 48 0 
bonus: 59 99 10 46 75 7 33 5 92 12 3 68 61 18 15 51 65 1 60 36 4 93 30 39 70 63 72 80 55 66 86 69 43 27 9 21 34 85 96 57 40 26 88 42 45 98 19 79 23 14 37 77 24 22 29 44 97 73 2 48 
passengers: 202 59 54 56 35 118 12 189 192 176 180 164 102 112 98 32 13 38 

3405.42	11470	14075
tour: 0 59 99 10 46 75 7 33 5 92 12 3 68 61 18 15 51 65 1 42 88 26 40 57 96 85 34 21 9 27 43 69 86 91 49 13 66 55 80 72 63 70 39 30 93 4 36 60 67 84 53 50 78 35 89 90 20 74 45 98 19 79 23 14 37 31 25 2 73 97 44 29 22 6 28 76 17 38 58 83 87 95 54 47 62 82 52 71 24 77 41 11 94 8 64 56 81 32 16 48 0 
bonus: 59 99 10 46 75 7 33 5 92 12 3 68 61 18 15 51 65 1 42 26 48 
passengers: 201 202 59 54 35 118 10 47 176 187 169 172 102 32 98 38 

4396.5	13033	42044
tour: 0 59 99 10 46 75 7 33 5 92 12 3 68 24 77 41 11 52 71 57 40 26 88 42 1 65 51 15 18 61 21 34 85 96 78 35 89 90 20 74 94 8 82 62 47 54 95 87 83 58 38 17 76 28 6 22 29 44 97 73 2 25 31 37 14 23 79 19 98 45 9 27 43 80 55 66 13 49 91 86 69 72 63 70 39 30 93 4 36 60 67 84 53 50 64 56 81 32 16 48 0 
bonus: 59 99 10 46 75 7 33 5 92 12 3 68 24 77 41 11 52 71 57 40 26 88 42 1 65 51 35 89 90 20 74 94 8 82 62 47 54 95 87 83 76 73 2 25 31 37 14 23 79 19 98 45 9 36 60 67 84 53 50 64 56 81 32 16 48 
passengers: 202 59 54 57 36 27 10 86 94 172 39 135 91 126 47 

4637.5	12328	30372
tour: 0 59 99 10 46 75 7 33 5 92 12 3 68 61 18 15 51 65 1 60 36 4 93 30 39 70 63 72 80 55 66 13 49 91 86 69 43 27 9 21 34 85 96 78 35 89 90 20 74 94 8 41 11 52 71 57 40 26 88 42 45 98 19 79 23 14 37 77 24 82 62 47 54 95 87 83 58 38 17 76 28 6 22 29 44 97 73 2 25 31 67 84 53 50 64 56 81 32 16 48 0 
bonus: 59 99 10 46 75 7 33 5 92 12 3 68 61 18 15 51 65 1 60 36 4 93 30 39 70 63 72 80 55 66 44 97 73 2 25 31 67 84 53 50 64 56 81 32 16 48 
passengers: 202 59 54 56 35 118 10 24 176 172 164 102 29 

