Fo(cost)	Fo(time)	Fo(bonus)

2752.25	2838	8898
tour: 0 19 16 18 14 9 13 17 15 11 10 4 2 5 3 1 8 7 12 6 0 
bonus: 19 16 18 9 11 10 4 2 5 3 1 8 7 12 6 
passengers: 16 15 14 

1488.42	2448	2489
tour: 0 19 16 13 17 8 1 3 9 14 18 15 11 10 4 2 5 7 12 6 0 
bonus: 19 16 18 6 
passengers: 25 12 11 0 1 16 15 5 4 

2392.5	2881	9369
tour: 0 19 16 12 7 6 5 3 1 8 17 13 9 14 18 15 11 10 4 2 0 
bonus: 19 16 12 7 6 5 3 1 8 17 13 9 14 18 4 2 
passengers: 0 12 11 1 16 15 

2414.25	2738	6708
tour: 0 19 16 18 14 9 3 1 8 13 17 15 11 10 4 2 5 7 12 6 0 
bonus: 19 16 18 14 9 3 1 8 13 17 15 6 
passengers: 5 4 6 

2323.25	2771	7922
tour: 0 19 16 18 14 9 13 17 15 11 10 4 2 8 1 3 5 7 12 6 0 
bonus: 19 16 18 9 11 10 4 1 3 5 7 12 6 
passengers: 16 15 14 24 

2253	2902	9422
tour: 0 6 12 7 8 1 3 9 13 17 15 11 5 2 4 10 14 18 16 19 0 
bonus: 6 12 7 8 17 15 11 5 2 4 10 14 18 16 19 
passengers: 9 7 0 18 17 

2019.08	2869	9006
tour: 0 6 12 7 5 4 2 8 1 3 9 13 17 15 11 10 14 18 16 19 0 
bonus: 6 12 7 5 4 2 8 1 3 9 13 17 18 16 19 
passengers: 0 1 12 11 18 17 

2186.33	2826	7951
tour: 0 19 16 18 14 10 4 2 11 15 17 13 9 8 1 3 5 7 12 6 0 
bonus: 19 16 18 14 17 13 9 8 1 3 5 7 12 6 
passengers: 16 15 3 20 24 23 26 

2414.75	3040	11290
tour: 0 19 16 18 14 10 4 2 8 1 3 9 13 17 15 11 5 7 12 6 0 
bonus: 19 16 18 14 10 4 2 8 1 3 9 13 17 15 11 5 7 12 6 
passengers: 0 5 4 6 

2461.5	3022	10444
tour: 0 6 14 18 11 15 17 13 9 10 4 2 8 1 3 5 7 12 16 19 0 
bonus: 6 14 18 11 17 13 9 10 4 2 8 1 3 5 7 12 16 19 
passengers: 16 15 14 20 23 22 1 

2288	3067	11290
tour: 0 19 16 12 7 8 1 3 5 4 2 11 15 17 13 9 10 14 18 6 0 
bonus: 19 16 12 7 8 1 3 5 4 2 11 15 17 13 9 10 14 18 6 
passengers: 25 20 23 22 12 11 10 

1884.17	2796	7101
tour: 0 19 16 12 7 5 3 1 8 9 13 17 15 11 2 4 10 14 18 6 0 
bonus: 19 16 12 7 5 3 1 8 9 17 18 6 
passengers: 7 0 12 

1543	2590	3715
tour: 0 19 16 12 7 5 11 15 17 13 9 3 1 8 2 4 10 14 18 6 0 
bonus: 19 16 12 7 18 6 
passengers: 9 7 20 26 12 1 

1582.08	2837	7255
tour: 0 19 16 12 7 5 3 1 8 17 13 9 14 10 4 2 11 15 18 6 0 
bonus: 19 16 12 7 5 3 1 8 13 9 14 18 6 
passengers: 7 0 12 11 1 16 15 3 

1689.33	2794	5729
tour: 0 19 16 12 7 5 4 2 11 15 17 13 8 1 3 9 10 14 18 6 0 
bonus: 19 16 12 8 1 3 9 10 14 18 6 
passengers: 7 20 24 26 12 0 1 

2093.83	3074	10628
tour: 0 19 16 12 7 5 3 1 8 2 4 10 14 9 13 17 15 11 18 6 0 
bonus: 19 16 12 7 5 3 1 8 2 4 10 14 13 17 15 11 18 6 
passengers: 0 2 16 

1471.92	3102	11290
tour: 0 6 18 15 17 13 8 1 3 9 14 10 4 2 11 5 7 12 16 19 0 
bonus: 6 18 15 17 13 8 1 3 9 14 10 4 2 11 5 7 12 16 19 
passengers: 20 24 23 26 12 0 1 3 2 5 4 6 

1529	2749	5147
tour: 0 1 3 9 13 17 8 2 4 10 14 6 18 15 11 5 7 12 16 19 0 
bonus: 1 3 9 6 18 15 11 7 19 
passengers: 12 11 26 2 16 15 19 5 4 

1442.58	2887	6174
tour: 0 6 18 15 11 5 7 12 16 19 17 13 8 2 4 10 14 9 3 1 0 
bonus: 6 18 15 11 13 2 4 10 14 3 1 
passengers: 19 22 5 9 25 26 12 0 

1838	2943	7951
tour: 0 6 18 14 10 4 2 11 15 17 13 8 1 3 9 5 7 12 16 19 0 
bonus: 6 18 14 17 13 8 1 3 9 5 7 12 16 19 
passengers: 16 15 3 20 24 23 26 0 

2227	3063	9952
tour: 0 19 16 12 7 5 9 3 1 8 13 17 15 18 11 2 4 10 14 6 0 
bonus: 19 16 12 7 5 9 1 17 15 18 11 2 4 10 14 6 
passengers: 7 

1815.5	2973	7973
tour: 0 19 16 12 7 5 9 3 1 8 13 17 15 11 18 6 14 10 4 2 0 
bonus: 19 16 12 7 5 9 1 17 15 18 10 4 2 
passengers: 7 12 

1735	3012	7951
tour: 0 18 6 14 10 4 2 11 15 17 13 8 1 3 9 5 7 12 16 19 0 
bonus: 18 6 14 17 13 8 1 3 9 5 7 12 16 19 
passengers: 16 15 3 20 24 23 26 0 

