Fo(cost)	Fo(time)	Fo(bonus)

3028	2842	9684
tour: 0 7 2 8 9 15 11 19 17 14 6 13 1 18 4 5 12 10 16 3 0 
bonus: 7 2 8 17 14 6 13 1 18 4 5 12 10 16 3 
passengers: 0 24 27 14 13 12 

3023.75	3010	12655
tour: 0 3 12 10 16 14 6 13 1 18 17 19 11 15 9 4 5 8 2 7 0 
bonus: 3 12 10 16 14 6 13 1 18 17 19 11 15 9 4 5 8 2 7 
passengers: 14 13 12 

2940	2837	9475
tour: 0 7 2 8 18 1 13 6 14 17 19 11 15 9 4 5 12 10 16 3 0 
bonus: 13 6 14 17 19 11 15 9 4 5 12 10 16 3 
passengers: 5 0 24 14 13 12 

2358.5	2787	8079
tour: 0 7 2 8 5 12 4 18 1 13 6 14 17 19 11 15 9 10 16 3 0 
bonus: 7 2 8 14 17 19 11 15 9 10 16 3 
passengers: 0 24 16 18 15 

2846	3040	12655
tour: 0 3 16 10 12 5 8 2 7 11 19 17 14 6 13 1 18 4 9 15 0 
bonus: 3 16 10 12 5 8 2 7 11 19 17 14 6 13 1 18 4 9 15 
passengers: 27 26 25 

2665.33	2973	10882
tour: 0 3 13 1 18 6 14 17 19 11 15 9 4 16 10 12 5 8 2 7 0 
bonus: 3 13 1 18 6 14 17 19 11 15 9 4 16 12 8 2 7 
passengers: 5 14 13 12 

2996	2686	5758
tour: 0 1 13 6 14 11 19 17 18 4 9 15 7 2 8 5 12 10 16 3 0 
bonus: 1 17 18 4 9 15 7 2 8 
passengers: 4 1 2 24 7 8 

2332.83	2921	9707
tour: 0 3 13 1 18 6 14 17 19 11 7 2 8 5 12 10 16 4 9 15 0 
bonus: 3 13 1 18 6 14 17 7 5 12 10 16 4 9 15 
passengers: 5 20 19 23 24 

2919	2903	9338
tour: 0 3 13 1 18 17 19 11 5 8 2 7 15 9 4 12 10 16 14 6 0 
bonus: 3 11 5 8 2 7 15 9 4 12 10 16 14 6 
passengers: 4 1 3 

2858	2913	8841
tour: 0 7 2 8 5 11 19 17 18 1 13 6 14 15 9 4 12 10 16 3 0 
bonus: 7 17 18 1 13 6 14 15 9 4 12 10 16 3 
passengers: 4 1 3 

2735.5	3141	12655
tour: 0 3 16 10 9 15 7 2 8 5 12 4 13 1 18 17 19 11 14 6 0 
bonus: 3 16 10 9 15 7 2 8 5 12 4 13 1 18 17 19 11 14 6 
passengers: 24 

2160.5	3074	10882
tour: 0 6 14 15 9 4 16 10 12 5 8 2 7 11 19 17 18 1 13 3 0 
bonus: 6 14 15 9 4 16 12 8 2 7 11 19 17 18 1 13 3 
passengers: 14 13 12 27 26 25 

1969.08	3083	11324
tour: 0 3 16 10 9 4 12 5 8 2 7 11 19 17 18 1 13 6 14 15 0 
bonus: 3 16 4 12 5 8 2 7 11 19 17 18 1 13 6 14 15 
passengers: 10 9 14 13 12 27 26 25 

2647.5	3181	12655
tour: 0 7 2 8 5 12 4 9 10 16 15 6 14 11 19 17 18 1 13 3 0 
bonus: 7 2 8 5 12 4 9 10 16 15 6 14 11 19 17 18 1 13 3 
passengers: 0 24 

1986	3250	12655
tour: 0 6 16 10 9 4 12 5 8 2 7 15 14 11 19 17 18 1 13 3 0 
bonus: 6 16 10 9 4 12 5 8 2 7 15 14 11 19 17 18 1 13 3 
passengers: 14 13 12 27 25 28 

1981	2984	7090
tour: 0 3 6 13 1 18 17 19 11 7 2 8 5 12 4 9 10 16 15 14 0 
bonus: 3 8 5 12 4 9 10 16 15 14 
passengers: 5 20 6 24 

1729	3367	11184
tour: 0 14 15 6 16 10 9 4 12 5 8 2 7 13 1 18 17 19 11 3 0 
bonus: 14 15 6 16 10 9 4 12 5 8 2 7 13 1 18 11 3 
passengers: 14 13 12 27 25 28 

1689.75	3243	8165
tour: 0 14 15 16 10 9 4 12 5 8 2 7 13 1 6 18 17 19 11 3 0 
bonus: 14 15 16 10 9 4 12 5 8 2 11 3 
passengers: 14 13 12 25 28 

1722.08	3632	12655
tour: 0 3 6 4 9 10 16 12 14 15 1 13 7 2 8 5 11 19 17 18 0 
bonus: 3 6 4 9 10 16 12 14 15 1 13 7 2 8 5 11 19 17 18 
passengers: 10 9 11 6 24 27 

