Fo(cost)	Fo(time)	Fo(bonus)

3125	2747	9595
tour: 0 14 1 10 17 11 9 12 6 5 19 16 2 15 8 18 4 3 7 13 0 
bonus: 14 1 10 17 11 9 12 6 5 19 16 7 13 
passengers: 1 3 2 23 24 9 

3079	2972	13725
tour: 0 14 1 10 17 15 8 6 11 9 12 18 4 5 19 2 16 3 7 13 0 
bonus: 14 1 10 17 15 8 6 11 9 12 18 4 5 19 2 16 3 7 13 
passengers: 1 3 2 13 15 14 9 8 

3030	2979	13725
tour: 0 14 1 10 17 15 8 18 4 5 19 2 16 3 11 9 12 6 7 13 0 
bonus: 14 1 10 17 15 8 18 4 5 19 2 16 3 11 9 12 6 7 13 
passengers: 1 3 2 13 15 14 9 8 22 21 20 

2977	2646	5627
tour: 0 14 1 10 17 15 2 16 19 5 4 18 8 6 12 9 11 3 7 13 0 
bonus: 14 16 19 5 4 18 8 3 13 
passengers: 1 5 3 6 7 16 18 17 22 

2928	3008	13725
tour: 0 14 1 10 17 7 3 11 9 12 6 5 19 16 2 15 8 18 4 13 0 
bonus: 14 1 10 17 7 3 11 9 12 6 5 19 16 2 15 8 18 4 13 
passengers: 1 3 2 29 28 27 23 24 

2926	3014	13725
tour: 0 14 1 10 17 7 3 11 9 12 6 8 18 4 5 19 16 2 15 13 0 
bonus: 14 1 10 17 7 3 11 9 12 6 8 18 4 5 19 16 2 15 13 
passengers: 1 3 2 29 28 27 23 24 13 15 14 

2898	2825	9751
tour: 0 14 1 10 17 15 8 18 4 5 19 16 2 6 12 9 11 3 7 13 0 
bonus: 14 1 10 17 15 8 18 4 5 19 16 2 3 13 
passengers: 1 3 2 13 15 14 16 18 17 22 

2896	3033	13725
tour: 0 13 7 17 10 1 18 4 5 6 12 9 11 3 8 15 2 19 16 14 0 
bonus: 13 7 17 10 1 18 4 5 6 12 9 11 3 8 15 2 19 16 14 
passengers: 1 3 2 13 15 14 16 18 17 23 24 

2875	2721	6557
tour: 0 4 18 8 15 17 10 1 14 16 2 19 5 6 12 9 11 3 7 13 0 
bonus: 4 18 8 14 16 2 19 5 3 13 
passengers: 1 3 4 6 7 16 18 17 22 

1876.42	2806	9521
tour: 0 13 7 17 15 8 18 4 9 12 6 5 19 2 16 3 11 10 1 14 0 
bonus: 13 17 12 6 5 19 2 16 3 11 10 1 14 
passengers: 29 28 25 13 9 8 

2405.83	2980	12822
tour: 0 9 12 6 11 3 7 17 10 1 14 16 2 19 5 4 18 8 15 13 0 
bonus: 9 12 6 11 17 10 1 14 16 2 19 5 4 18 8 15 13 
passengers: 0 22 21 20 6 7 

2372.25	2996	13089
tour: 0 13 7 17 10 11 3 8 15 2 16 19 5 6 12 9 4 18 1 14 0 
bonus: 13 7 17 10 11 15 2 16 19 5 6 12 9 4 18 1 14 
passengers: 25 16 18 17 

2781	2795	8443
tour: 0 10 17 15 8 18 1 14 16 2 19 5 4 9 12 6 11 3 7 13 0 
bonus: 17 14 16 2 19 5 4 9 12 11 13 
passengers: 1 3 2 6 7 16 18 17 22 21 20 

2730	2893	9852
tour: 0 13 15 8 18 1 14 16 2 19 5 4 9 12 6 11 3 7 17 10 0 
bonus: 13 15 14 16 2 19 5 4 9 12 11 17 10 
passengers: 1 3 2 6 7 16 18 17 22 21 20 

2697	2934	9751
tour: 0 16 19 2 6 12 9 11 3 7 17 10 1 14 5 4 18 8 15 13 0 
bonus: 16 19 2 3 17 10 1 14 5 4 18 8 15 13 
passengers: 5 22 

1649.5	2867	7829
tour: 0 13 15 8 3 7 17 10 11 6 12 9 4 18 1 14 5 19 2 16 0 
bonus: 13 15 8 3 17 4 18 1 19 2 16 
passengers: 29 28 13 15 14 

2632	3159	13725
tour: 0 16 2 19 5 14 1 10 11 6 12 9 4 18 8 3 7 17 15 13 0 
bonus: 16 2 19 5 14 1 10 11 6 12 9 4 18 8 3 7 17 15 13 
passengers: 1 5 3 16 23 24 

2328.83	3140	12853
tour: 0 4 9 12 6 5 19 2 16 14 1 10 11 3 7 17 15 8 18 13 0 
bonus: 4 9 12 5 19 2 16 14 1 10 11 3 7 17 15 8 18 13 
passengers: 0 13 15 25 

2177.25	3165	12853
tour: 0 13 7 3 11 10 17 15 8 18 1 14 5 4 9 12 6 2 19 16 0 
bonus: 13 7 3 11 10 17 15 8 18 1 14 5 4 9 12 2 19 16 
passengers: 16 18 17 

2102.25	3210	12853
tour: 0 13 18 8 15 17 7 3 11 10 1 14 5 4 9 12 6 2 19 16 0 
bonus: 13 18 8 15 17 7 3 11 10 1 14 5 4 9 12 2 19 16 
passengers: 16 18 17 

2367	3273	13725
tour: 0 16 2 19 10 11 6 12 9 4 5 14 1 18 8 3 7 17 15 13 0 
bonus: 16 2 19 10 11 6 12 9 4 5 14 1 18 8 3 7 17 15 13 
passengers: 5 13 15 14 

2018.5	3342	13725
tour: 0 13 7 17 15 8 3 11 10 19 2 16 14 1 18 9 4 5 6 12 0 
bonus: 13 7 17 15 8 3 11 10 19 2 16 14 1 18 9 4 5 6 12 
passengers: 25 13 15 14 16 18 17 

2001.67	3148	9602
tour: 0 16 19 2 6 12 10 11 3 7 17 9 4 5 14 1 18 8 15 13 0 
bonus: 16 19 2 6 12 10 5 14 1 18 8 15 13 
passengers: 5 8 12 11 10 13 15 14 

1953.67	3197	9602
tour: 0 12 6 2 16 19 10 11 3 7 17 9 4 5 14 1 18 8 15 13 0 
bonus: 12 6 2 16 19 10 5 14 1 18 8 15 13 
passengers: 5 8 12 11 10 13 15 14 

1785.17	3496	13725
tour: 0 12 10 11 5 4 9 18 1 14 16 19 2 6 8 3 7 17 15 13 0 
bonus: 12 10 11 5 4 9 18 1 14 16 19 2 6 8 3 7 17 15 13 
passengers: 6 7 9 8 23 

1782.83	3328	9435
tour: 0 12 6 2 17 7 3 11 5 4 9 10 19 16 14 1 18 8 15 13 0 
bonus: 12 6 2 17 10 19 16 14 1 18 8 15 13 
passengers: 5 22 21 9 29 12 11 

1578.42	3493	10772
tour: 0 12 6 8 3 7 14 1 18 9 4 5 11 10 19 16 2 17 15 13 0 
bonus: 12 6 8 3 7 4 5 11 10 19 16 2 17 15 13 
passengers: 23 22 21 29 28 27 13 15 14 

