Fo(cost)	Fo(time)	Fo(bonus)

3663	2833	10210
tour: 0 19 10 5 9 7 4 11 2 12 14 3 15 17 13 1 18 8 16 6 0 
bonus: 19 10 9 12 14 3 15 17 13 1 18 8 16 6 
passengers: 1 8 3 2 47 40 13 12 

3084.5	2866	10318
tour: 0 19 3 14 10 5 9 7 4 11 2 12 15 17 13 1 18 8 16 6 0 
bonus: 19 3 14 11 2 12 15 17 13 1 18 8 16 6 
passengers: 1 3 2 45 44 47 46 19 16 18 17 40 

3168	2795	7059
tour: 0 6 16 8 18 5 9 1 13 17 15 12 2 11 4 7 10 14 3 19 0 
bonus: 6 13 17 15 11 4 7 10 14 3 19 
passengers: 0 7 4 38 10 9 15 14 24 26 25 

3258.5	2683	6689
tour: 0 19 3 14 10 7 4 11 8 18 5 9 1 13 17 15 12 2 16 6 0 
bonus: 19 9 1 13 17 15 16 6 
passengers: 1 3 2 45 44 47 46 19 16 27 10 9 

2508.92	3031	12957
tour: 0 6 2 11 4 7 16 8 18 12 15 17 13 1 9 5 10 14 3 19 0 
bonus: 6 2 11 4 7 16 8 18 12 15 17 13 1 9 5 10 14 
passengers: 8 15 14 24 27 26 25 11 33 32 31 

3112.5	2963	10793
tour: 0 19 3 15 12 2 11 4 14 10 7 9 5 17 13 1 18 8 16 6 0 
bonus: 19 3 15 12 2 11 14 10 7 9 5 17 13 16 6 
passengers: 1 8 3 2 45 44 47 46 16 15 14 24 26 25 39 29 28 30 

2502.5	2873	9910
tour: 0 6 4 11 2 16 8 18 12 15 17 13 1 9 5 10 7 14 3 19 0 
bonus: 6 4 11 2 16 18 12 15 17 13 1 9 
passengers: 8 27 33 32 31 

2231.17	2900	8783
tour: 0 19 12 15 3 14 10 7 9 5 17 13 1 18 8 16 2 11 4 6 0 
bonus: 19 12 15 3 14 17 13 16 2 11 4 6 
passengers: 1 3 2 45 44 46 19 18 17 39 29 28 30 10 9 43 42 41 15 14 23 22 21 

2971	3153	13866
tour: 0 19 3 15 12 2 16 8 18 1 13 17 5 9 7 10 14 4 11 6 0 
bonus: 19 3 15 12 2 16 8 18 1 13 17 5 9 7 10 14 4 11 6 
passengers: 1 8 3 2 45 44 46 23 22 21 

2495.33	2676	3159
tour: 0 6 2 16 8 11 4 1 13 17 5 9 7 10 14 3 15 12 18 19 0 
bonus: 15 12 18 19 
passengers: 0 8 7 38 15 14 24 11 

1480.27	3114	11605
tour: 0 10 14 7 9 5 17 13 1 18 19 3 15 12 8 16 2 11 4 6 0 
bonus: 10 14 7 9 5 17 13 3 15 12 8 16 2 11 4 6 
passengers: 39 33 32 11 45 44 46 43 42 41 15 14 23 22 21 

2790	3227	13866
tour: 0 5 17 13 1 9 7 14 10 18 19 3 15 12 8 16 2 11 4 6 0 
bonus: 5 17 13 1 9 7 14 10 18 19 3 15 12 8 16 2 11 4 6 
passengers: 5 7 6 4 45 44 46 43 42 41 15 14 23 22 21 

2163	2957	7402
tour: 0 10 14 3 19 18 12 15 7 9 5 17 13 1 8 16 2 11 4 6 0 
bonus: 10 14 3 17 13 8 16 2 11 4 6 
passengers: 1 3 2 19 18 39 29 28 30 10 9 43 42 41 15 14 23 22 21 

2345.33	2672	1286
tour: 0 6 2 16 8 11 4 1 13 17 5 9 7 15 12 18 19 3 14 10 0 
bonus: 3 14 10 
passengers: 0 8 7 38 15 14 24 33 45 44 46 

2142.5	3035	10285
tour: 0 6 11 4 14 3 19 18 10 7 15 12 2 16 8 5 9 1 17 13 0 
bonus: 6 11 3 15 12 2 16 8 5 9 1 17 13 
passengers: 24 40 

1469.83	3009	7449
tour: 0 10 14 7 15 12 9 5 17 13 1 18 19 3 4 11 8 16 2 6 0 
bonus: 10 14 7 15 12 9 5 17 13 3 11 
passengers: 33 32 11 45 44 47 46 16 23 27 43 42 41 

1947.5	3003	8186
tour: 0 6 2 16 8 11 4 14 10 7 1 13 17 5 9 12 15 3 19 18 0 
bonus: 6 2 16 8 14 10 7 1 13 17 18 
passengers: 0 8 15 14 24 26 25 39 33 32 31 

2110.83	3071	8202
tour: 0 18 19 3 14 10 4 11 9 5 17 13 1 7 15 12 8 16 2 6 0 
bonus: 18 19 3 14 10 17 13 1 7 15 8 6 
passengers: 1 3 2 45 44 47 46 19 16 18 10 40 43 42 41 

1942.1	3326	13482
tour: 0 10 14 4 11 9 5 17 13 1 7 15 12 18 19 3 8 16 2 6 0 
bonus: 10 14 4 11 9 5 17 13 1 7 15 12 18 19 8 16 2 6 
passengers: 11 45 44 46 43 42 41 

1403.4	3139	9852
tour: 0 10 14 7 15 12 9 1 13 17 5 8 16 2 6 11 4 3 19 18 0 
bonus: 10 14 7 15 12 9 1 13 17 5 2 19 18 
passengers: 39 10 29 28 30 43 42 41 15 14 13 

1838.23	3383	13866
tour: 0 6 2 16 11 4 10 14 7 15 12 9 1 13 17 5 8 3 19 18 0 
bonus: 6 2 16 11 4 10 14 7 15 12 9 1 13 17 5 8 3 19 18 
passengers: 8 15 14 24 26 25 39 11 29 33 28 32 

1967.63	2919	2970
tour: 0 4 11 6 2 16 8 3 19 18 10 14 7 15 12 9 5 17 1 13 0 
bonus: 19 18 10 14 13 
passengers: 8 23 27 22 21 13 12 39 

1302.67	3072	5582
tour: 0 4 11 12 9 5 17 1 13 19 18 10 14 7 15 3 8 16 2 6 0 
bonus: 4 11 12 9 17 10 8 6 
passengers: 33 32 31 45 46 40 43 42 41 

1257.27	3055	4339
tour: 0 6 11 4 10 14 7 15 12 9 5 17 1 13 2 16 8 3 19 18 0 
bonus: 6 11 4 10 14 19 18 
passengers: 24 26 25 39 30 10 9 11 13 12 

1122.67	3039	3814
tour: 0 18 10 14 7 15 12 9 5 17 1 13 19 3 8 16 2 6 11 4 0 
bonus: 18 10 14 6 11 4 
passengers: 39 33 32 31 30 10 45 44 46 43 42 41 15 14 

1669	2927	2669
tour: 0 6 2 16 11 4 3 8 10 14 7 15 12 9 5 17 1 13 19 18 0 
bonus: 6 2 18 
passengers: 8 15 14 13 24 27 39 33 32 31 

1183.67	3155	5415
tour: 0 6 11 4 10 14 7 15 16 2 13 1 17 5 9 12 8 3 19 18 0 
bonus: 6 11 4 10 14 17 9 18 
passengers: 24 26 25 39 40 11 29 33 28 32 

1348.95	3257	7013
tour: 0 6 11 4 10 14 7 1 13 2 16 15 12 9 5 17 8 3 19 18 0 
bonus: 13 2 16 15 12 9 5 18 
passengers: 38 24 26 25 39 40 10 9 29 33 28 32 30 

