Fo(cost)	Fo(time)	Fo(bonus)

3228.5	2809	10418
tour: 0 12 10 9 14 5 18 11 3 7 8 13 4 1 17 16 19 2 6 15 0 
bonus: 12 10 9 14 5 18 3 4 1 17 16 19 2 6 15 
passengers: 1 8 7 20 4 

1951.1	2339	1837
tour: 0 12 10 16 17 1 4 13 8 7 3 15 9 14 5 18 11 6 19 2 0 
bonus: 12 2 
passengers: 1 6 5 11 10 13 12 23 22 21 25 20 

2873.5	2721	9002
tour: 0 12 10 16 17 1 4 13 8 7 3 19 2 6 11 18 5 14 9 15 0 
bonus: 12 8 7 3 19 2 6 11 18 5 14 9 15 
passengers: 1 6 5 

2761.25	2728	9002
tour: 0 12 10 16 17 1 4 13 15 3 7 8 9 14 5 18 11 6 19 2 0 
bonus: 12 15 3 7 8 9 14 5 18 11 6 19 2 
passengers: 1 6 5 11 10 13 12 20 

2452.35	2755	9349
tour: 0 2 6 19 15 9 14 5 18 11 3 7 8 13 4 1 17 16 10 12 0 
bonus: 2 6 19 15 9 14 3 4 1 17 16 10 12 
passengers: 23 22 21 20 4 

2432.35	2762	9349
tour: 0 6 2 19 15 9 14 5 18 11 3 7 8 13 4 1 17 16 10 12 0 
bonus: 6 2 19 15 9 14 3 4 1 17 16 10 12 
passengers: 23 22 21 20 4 

1424.75	2738	7689
tour: 0 2 6 19 15 3 7 8 1 4 13 16 17 14 5 18 11 9 10 12 0 
bonus: 2 6 16 17 14 5 18 11 9 10 12 
passengers: 37 38 9 31 32 20 35 34 33 3 2 

1404.75	2745	7689
tour: 0 6 2 19 15 3 7 8 1 4 13 16 17 14 5 18 11 9 10 12 0 
bonus: 6 2 16 17 14 5 18 11 9 10 12 
passengers: 37 38 9 31 32 20 35 34 33 3 2 

2036.5	2928	11373
tour: 0 12 10 16 17 14 5 18 11 9 8 13 4 1 7 3 15 19 6 2 0 
bonus: 12 10 14 5 18 11 9 8 13 4 1 7 3 15 19 6 2 
passengers: 1 8 7 31 32 20 4 11 10 24 26 25 

2016.5	2935	11373
tour: 0 12 10 16 17 14 5 18 11 9 8 13 4 1 7 3 15 19 2 6 0 
bonus: 12 10 14 5 18 11 9 8 13 4 1 7 3 15 19 2 6 
passengers: 1 8 7 31 32 20 4 11 10 24 26 25 

3036	2713	7384
tour: 0 12 10 9 11 18 5 14 17 16 13 4 1 8 7 3 19 15 6 2 0 
bonus: 12 10 9 11 18 17 16 1 6 2 
passengers: 0 1 7 19 18 16 15 17 11 

2531.67	2638	5161
tour: 0 12 10 16 17 14 9 11 18 5 13 4 1 8 7 3 15 19 6 2 0 
bonus: 18 5 13 4 8 19 6 2 
passengers: 0 1 8 7 31 32 20 4 11 10 24 26 25 

2435.83	2922	10743
tour: 0 12 10 16 17 14 5 18 11 9 15 13 4 1 8 7 3 19 6 2 0 
bonus: 12 10 14 5 18 11 9 15 4 1 8 7 3 19 6 2 
passengers: 1 8 7 31 32 20 4 

1851.58	2869	9540
tour: 0 12 10 16 17 14 5 18 11 9 19 3 7 8 1 4 13 15 6 2 0 
bonus: 12 10 14 5 18 11 9 19 3 7 8 15 6 2 
passengers: 1 8 7 31 32 20 37 38 11 10 13 12 

1828.5	2877	9540
tour: 0 12 10 16 17 14 5 18 11 9 15 19 3 7 8 1 4 13 2 6 0 
bonus: 12 10 14 5 18 11 9 15 19 3 7 8 2 6 
passengers: 1 8 7 31 32 20 24 26 25 37 38 

1799.5	2890	9540
tour: 0 12 10 16 17 14 5 18 11 9 15 19 3 7 8 1 4 13 6 2 0 
bonus: 12 10 14 5 18 11 9 15 19 3 7 8 6 2 
passengers: 1 8 7 31 32 20 24 26 25 37 38 

2486	3121	13031
tour: 0 12 1 8 7 3 19 15 13 4 17 16 10 9 11 18 5 14 6 2 0 
bonus: 12 1 8 7 3 19 15 13 4 17 16 10 9 11 18 5 14 6 2 
passengers: 1 37 36 38 31 32 

2014.93	2835	7918
tour: 0 2 6 14 5 18 11 9 10 16 17 4 1 8 7 3 19 15 13 12 0 
bonus: 2 6 4 1 8 7 3 19 15 13 12 
passengers: 0 19 16 15 20 37 36 38 

2185.92	3172	13031
tour: 0 6 2 13 15 19 3 7 12 10 16 17 4 1 8 9 11 18 5 14 0 
bonus: 6 2 13 15 19 3 7 12 10 16 17 4 1 8 9 11 18 5 14 
passengers: 11 10 13 12 24 26 25 31 32 

2156.92	3185	13031
tour: 0 2 6 13 15 19 3 7 12 10 16 17 4 1 8 9 11 18 5 14 0 
bonus: 2 6 13 15 19 3 7 12 10 16 17 4 1 8 9 11 18 5 14 
passengers: 11 10 13 12 24 26 25 31 32 

1447.58	2977	9207
tour: 0 14 17 16 10 12 5 18 11 9 15 19 3 7 8 1 4 13 2 6 0 
bonus: 14 17 16 10 12 9 15 19 3 7 8 2 6 
passengers: 19 18 16 15 17 31 32 24 26 25 37 38 

1303.17	2850	6673
tour: 0 2 18 5 14 17 16 10 12 11 9 15 19 3 7 8 1 4 13 6 0 
bonus: 2 11 9 15 19 3 7 8 6 
passengers: 35 34 33 19 18 31 32 24 26 25 37 38 

1828.22	3258	13031
tour: 0 6 13 15 19 3 7 8 1 4 17 16 10 12 11 9 14 5 18 2 0 
bonus: 6 13 15 19 3 7 8 1 4 17 16 10 12 11 9 14 5 18 2 
passengers: 11 10 13 12 24 26 25 31 32 8 7 20 

1917.5	3132	10393
tour: 0 6 2 18 5 14 9 11 12 13 15 19 3 7 8 1 4 17 16 10 0 
bonus: 6 2 18 14 13 15 19 3 7 8 1 4 17 16 10 
passengers: 35 34 33 3 2 6 5 11 10 13 12 24 26 25 

1698.33	3742	9594
tour: 0 2 18 5 1 9 11 12 3 19 15 13 6 4 10 8 7 16 17 14 0 
bonus: 2 18 5 1 9 3 19 6 4 10 8 7 16 17 14 
passengers: 33 3 2 6 5 37 36 38 

1734.6	3912	13031
tour: 0 2 18 11 12 5 1 9 3 19 15 13 6 14 4 17 16 7 8 10 0 
bonus: 2 18 11 12 5 1 9 3 19 15 13 6 14 4 17 16 7 8 10 
passengers: 0 35 34 33 3 2 37 36 38 9 19 18 16 15 17 

1696.25	3826	9921
tour: 0 14 17 16 1 5 12 11 18 2 7 8 10 4 6 13 15 19 9 3 0 
bonus: 14 17 18 2 7 8 10 4 6 13 15 19 9 3 
passengers: 19 18 16 15 17 31 32 11 10 13 12 24 26 25 

1453	3903	9668
tour: 0 10 8 17 16 7 2 18 11 12 5 1 9 3 19 15 13 6 4 14 0 
bonus: 10 8 17 16 7 2 12 5 1 9 3 19 15 13 14 
passengers: 31 32 35 34 33 3 2 37 36 38 9 

