Fo(cost)	Fo(time)	Fo(bonus)

3227	2863	12407
tour: 0 1 16 19 7 5 4 18 9 14 15 17 6 13 2 8 12 3 11 10 0 
bonus: 1 16 19 7 5 4 9 14 15 17 6 13 2 8 12 3 11 10 
passengers: 7 6 5 2 0 32 31 30 21 20 16 17 15 

2755	2914	13012
tour: 0 10 11 3 12 8 2 4 18 9 14 6 13 17 15 5 7 19 16 1 0 
bonus: 10 11 3 12 8 2 4 18 9 14 6 13 17 15 5 7 19 16 1 
passengers: 13 

2738.5	2720	7763
tour: 0 10 7 5 11 3 12 8 2 4 18 9 15 17 13 6 14 19 16 1 0 
bonus: 10 7 4 18 9 15 17 13 6 14 19 16 1 
passengers: 0 19 18 14 

2977	2729	7905
tour: 0 10 11 5 7 19 14 6 13 17 15 9 18 4 2 8 12 3 16 1 0 
bonus: 10 11 5 7 19 14 6 13 17 15 9 18 4 
passengers: 7 5 0 27 29 28 22 12 11 

2458.25	2747	7763
tour: 0 1 16 14 6 13 17 15 5 11 3 12 8 2 4 18 9 19 7 10 0 
bonus: 1 16 14 6 13 17 15 4 18 9 19 7 10 
passengers: 14 32 31 30 

2236.17	2767	7763
tour: 0 10 1 16 14 6 13 17 15 9 19 7 5 11 3 12 8 2 4 18 0 
bonus: 10 1 16 14 6 13 17 15 9 19 7 4 18 
passengers: 32 31 30 19 18 14 

2505.75	2982	13012
tour: 0 14 6 13 17 15 9 18 4 2 8 12 3 16 19 7 5 11 10 1 0 
bonus: 14 6 13 17 15 9 18 4 2 8 12 3 16 19 7 5 11 10 1 
passengers: 22 32 31 30 13 

2425.33	2978	11435
tour: 0 1 2 8 12 3 16 14 6 17 13 4 18 7 19 9 15 5 11 10 0 
bonus: 1 2 8 12 3 16 14 6 17 13 4 18 7 19 9 11 10 
passengers: 23 26 

2833	2715	5528
tour: 0 1 10 11 5 7 19 9 15 14 6 13 17 16 3 12 8 2 4 18 0 
bonus: 10 9 15 14 6 13 3 4 18 
passengers: 7 5 0 27 29 28 17 15 

1835.6	2875	7905
tour: 0 10 11 5 13 17 6 14 15 9 19 7 18 4 2 8 12 3 16 1 0 
bonus: 10 11 5 13 17 6 14 15 9 19 7 18 4 
passengers: 32 31 30 33 21 20 18 22 12 11 

2149.6	3082	12065
tour: 0 1 10 11 5 15 9 19 7 18 4 2 8 12 3 16 14 6 13 17 0 
bonus: 1 10 11 5 15 9 19 7 18 4 2 8 12 16 14 6 13 17 
passengers: 32 31 30 33 21 20 18 22 

2146.6	3083	12065
tour: 0 1 10 11 5 15 9 19 7 18 4 2 8 12 3 16 17 13 6 14 0 
bonus: 1 10 11 5 15 9 19 7 18 4 2 8 12 16 17 13 6 14 
passengers: 32 31 30 33 21 20 18 22 

2125.6	3092	12065
tour: 0 1 10 11 5 15 9 19 7 18 4 2 8 12 3 16 13 17 6 14 0 
bonus: 1 10 11 5 15 9 19 7 18 4 2 8 12 16 13 17 6 14 
passengers: 32 31 30 33 21 20 18 22 

1620.93	2977	8962
tour: 0 1 10 11 5 15 9 19 7 18 4 13 17 6 14 16 3 12 2 8 0 
bonus: 1 10 11 5 15 9 14 16 3 12 2 8 
passengers: 32 27 31 30 29 21 20 22 17 15 

2218.6	3357	13012
tour: 0 1 10 6 17 13 5 11 12 3 16 14 15 9 19 7 18 4 2 8 0 
bonus: 1 10 6 17 13 5 11 12 3 16 14 15 9 19 7 18 4 2 8 
passengers: 32 31 30 33 21 20 22 

1992.6	3396	13012
tour: 0 1 10 13 17 6 14 16 3 5 11 12 15 9 19 7 18 4 2 8 0 
bonus: 1 10 13 17 6 14 16 3 5 11 12 15 9 19 7 18 4 2 8 
passengers: 17 32 31 30 33 21 20 22 

1936.6	3416	13012
tour: 0 8 2 12 11 5 15 9 19 7 18 4 17 13 3 16 14 6 10 1 0 
bonus: 8 2 12 11 5 15 9 19 7 18 4 17 13 3 16 14 6 10 1 
passengers: 32 31 30 33 21 20 18 22 

2004.15	3385	11297
tour: 0 8 2 12 15 9 19 7 18 4 11 5 3 16 14 6 17 13 10 1 0 
bonus: 8 2 12 7 18 4 11 5 3 16 14 6 17 13 10 1 
passengers: 5 32 31 30 33 21 20 18 23 22 

1853.1	3557	13012
tour: 0 1 10 6 17 13 5 3 16 14 15 9 19 7 18 4 11 12 2 8 0 
bonus: 1 10 6 17 13 5 3 16 14 15 9 19 7 18 4 11 12 2 8 
passengers: 17 32 31 30 33 21 20 22 

1827	3469	9825
tour: 0 8 2 12 11 4 18 7 19 9 15 5 13 3 16 14 6 17 10 1 0 
bonus: 8 2 12 11 4 18 7 19 9 16 14 6 17 10 1 
passengers: 23 26 18 

1809	3551	9825
tour: 0 8 2 12 11 4 17 18 7 19 9 15 5 13 3 16 14 6 10 1 0 
bonus: 8 2 12 11 4 17 18 7 19 9 16 14 6 10 1 
passengers: 23 26 18 

1811.83	3716	13012
tour: 0 1 10 17 6 14 16 3 13 5 15 12 7 19 9 18 4 11 2 8 0 
bonus: 1 10 17 6 14 16 3 13 5 15 12 7 19 9 18 4 11 2 8 
passengers: 17 21 20 33 22 

1799	4024	10226
tour: 0 8 2 11 4 15 9 18 17 1 10 6 14 16 3 13 5 12 7 19 0 
bonus: 8 2 11 4 15 10 6 14 16 3 13 5 12 7 19 
passengers: 12 17 

