Fo(cost)	Fo(time)	Fo(bonus)

8075.92	24794	80260
tour: 0 39 36 113 57 11 110 146 14 115 147 175 107 195 161 194 140 37 126 181 151 2 43 60 88 122 142 22 20 78 61 67 128 69 114 187 33 105 179 163 198 42 24 72 13 41 82 158 134 31 190 8 81 150 46 139 185 59 76 47 157 97 51 153 168 68 188 123 83 73 93 1 12 58 183 119 70 130 50 44 111 89 167 145 85 92 172 112 197 162 66 6 152 29 102 148 27 98 164 71 100 56 129 144 30 77 53 180 169 19 34 28 45 137 40 91 75 80 160 192 90 94 143 84 101 199 141 54 99 154 159 32 63 9 52 103 86 178 26 55 184 138 118 35 149 87 65 106 5 117 191 96 116 64 127 79 189 25 48 182 165 131 170 95 10 120 74 109 124 176 17 196 7 132 38 21 49 3 18 125 174 104 133 23 16 121 166 186 62 4 177 171 135 108 155 136 173 15 193 156 0 
bonus: 39 36 113 57 11 110 146 14 115 147 175 107 195 161 194 140 37 126 181 151 2 43 60 88 122 142 22 20 78 61 67 128 69 114 187 33 105 179 163 198 42 24 72 13 41 82 158 134 31 190 8 81 150 46 139 185 59 76 47 157 97 51 153 168 68 188 123 83 73 93 1 12 58 183 119 70 130 50 44 111 89 167 145 85 92 172 112 197 162 66 6 152 29 102 148 27 98 164 71 100 56 129 144 178 26 55 184 138 118 35 149 87 65 106 5 117 191 96 116 155 136 173 15 193 156 
passengers: 141 137 26 421 362 317 397 89 231 215 240 266 412 392 245 403 336 205 

7655.33	25832	98440
tour: 0 156 193 15 173 136 155 108 135 171 177 4 62 186 166 121 16 23 133 104 174 125 18 3 49 21 38 132 7 196 17 176 124 109 74 120 10 95 170 131 165 182 48 25 189 79 127 64 116 47 76 59 185 139 46 150 81 8 190 31 134 158 82 41 13 72 24 42 198 163 179 105 33 187 114 69 128 67 61 78 20 22 142 122 88 60 43 2 151 181 126 37 140 194 161 195 107 175 147 115 14 157 97 51 153 168 68 188 123 83 73 93 1 12 58 183 119 70 130 50 44 111 89 167 145 85 92 172 112 197 162 66 6 152 29 102 148 27 98 164 71 100 56 129 144 30 77 53 180 169 19 34 28 45 137 40 91 75 80 160 192 90 94 143 84 101 199 141 54 99 154 159 32 63 9 52 103 86 178 26 55 184 138 118 35 149 87 65 106 5 117 191 96 146 110 11 57 113 36 39 0 
bonus: 156 193 15 173 136 155 108 135 171 177 4 62 186 166 121 16 23 133 104 174 125 18 3 49 21 38 132 7 196 17 176 124 109 74 120 10 95 170 131 165 182 48 25 189 79 127 64 116 47 76 59 185 139 46 150 81 8 190 31 134 158 82 41 13 72 24 42 198 163 179 105 33 187 114 69 128 67 61 78 20 22 142 122 88 60 43 29 102 148 27 98 164 71 100 56 129 144 30 77 53 180 169 19 34 28 45 137 40 91 75 80 160 192 90 94 143 84 101 199 141 54 99 154 159 32 63 9 52 103 86 178 26 55 184 138 118 35 149 87 65 106 5 117 191 96 146 110 11 57 113 36 39 
passengers: 38 308 152 108 437 271 105 103 397 177 266 419 384 75 410 415 396 76 16 247 330 

7859	25191	82560
tour: 0 156 193 15 173 136 155 108 67 128 69 114 187 33 105 179 163 198 42 24 72 13 41 82 158 134 31 190 8 81 88 122 142 22 20 78 61 44 50 130 70 119 183 58 12 1 93 166 121 16 23 133 104 174 125 18 19 169 180 53 77 30 144 129 56 100 71 164 98 27 148 102 29 152 6 66 162 197 112 172 92 85 145 167 89 111 76 59 185 139 46 150 186 62 4 177 171 135 14 115 147 175 107 195 161 194 140 37 126 181 151 2 43 60 3 49 21 38 132 7 196 17 176 124 109 74 120 10 95 170 131 165 182 48 25 189 79 127 64 116 47 157 97 51 153 168 68 188 123 83 73 65 87 80 75 91 40 137 45 28 34 160 192 90 94 143 84 101 199 141 54 99 154 159 32 63 9 52 103 86 178 26 55 184 138 118 35 149 106 5 117 191 96 146 110 11 57 113 36 39 0 
bonus: 156 193 15 173 136 155 108 67 128 69 114 187 33 105 179 163 198 42 24 72 13 41 82 158 134 31 190 8 81 88 122 142 22 20 78 61 44 50 130 70 119 183 58 12 1 93 185 139 46 150 186 62 4 177 171 135 14 115 147 175 107 195 161 194 140 37 126 181 151 60 189 79 127 64 116 47 157 97 51 153 168 68 188 123 83 73 65 87 80 75 91 40 137 45 28 34 160 192 90 94 143 84 101 199 141 54 99 154 159 32 63 9 52 103 86 178 26 55 184 138 118 35 149 106 5 117 191 96 146 110 11 57 113 36 39 
passengers: 39 308 182 35 119 74 136 146 347 4 203 431 277 201 164 283 16 247 330 

7556.17	23944	64929
tour: 0 156 193 15 173 136 155 108 67 128 69 114 187 33 105 179 163 198 42 24 72 13 41 82 158 134 31 190 8 81 150 46 139 185 59 76 111 89 167 145 85 92 172 112 197 162 66 6 152 29 102 148 27 98 65 87 80 75 91 40 137 45 28 34 19 169 180 53 77 30 144 129 56 100 71 164 189 79 127 64 116 96 191 117 5 106 149 35 118 138 184 55 26 178 86 103 52 9 63 32 159 154 99 54 141 199 101 84 143 94 90 192 160 135 171 177 4 62 186 166 121 16 23 133 104 174 125 18 3 49 21 38 132 7 196 17 176 124 109 74 120 10 95 170 131 165 182 48 25 194 140 37 126 181 151 2 43 60 88 122 142 22 119 183 58 12 1 93 73 83 123 188 68 168 153 51 97 157 47 20 78 61 44 50 130 70 161 195 107 175 147 115 14 146 110 11 57 113 36 39 0 
bonus: 156 193 15 173 136 155 108 67 128 69 114 187 33 105 179 163 198 42 24 72 13 41 82 158 134 31 190 8 81 150 135 171 177 4 62 186 166 121 16 23 133 104 174 125 18 3 49 21 38 132 7 196 17 176 124 109 74 120 10 95 170 131 165 182 48 25 194 140 37 126 181 151 2 43 60 88 122 142 22 119 183 58 12 1 93 73 83 123 188 68 168 153 51 47 11 57 113 36 39 
passengers: 39 308 182 29 215 119 131 324 130 285 392 3 206 407 354 227 148 

7359.5	24963	81743
tour: 0 39 36 113 57 11 166 121 16 23 133 104 174 125 18 3 49 21 38 132 7 196 17 176 124 109 74 120 10 95 170 131 165 182 48 25 194 140 37 126 110 146 14 115 147 175 107 195 161 70 130 50 44 111 76 59 185 139 46 150 81 8 190 31 134 158 82 41 13 72 24 42 198 163 179 105 33 187 114 69 128 67 61 78 20 47 157 97 51 153 168 68 188 123 83 73 93 1 12 58 183 119 22 142 122 88 60 43 2 151 181 77 30 144 129 56 100 71 164 189 79 127 64 116 96 191 117 5 106 160 192 90 94 143 84 101 199 141 54 99 154 159 32 63 9 52 103 86 178 26 55 184 138 118 35 149 53 180 169 19 34 28 45 137 40 91 75 80 87 65 98 27 148 102 29 152 6 66 162 197 112 172 92 85 145 167 89 186 62 4 177 171 135 108 155 136 173 15 193 156 0 
bonus: 39 36 113 57 11 166 121 16 23 133 104 174 125 18 3 49 21 38 132 7 196 17 176 124 109 74 120 10 95 170 131 165 182 48 25 194 140 37 126 110 146 14 24 42 198 163 179 105 33 187 114 69 128 67 61 78 20 47 157 97 51 153 168 68 188 123 83 73 93 1 12 58 183 119 22 142 122 88 60 43 2 151 181 77 30 144 129 56 100 71 164 189 79 127 64 116 96 191 117 5 106 94 143 84 101 199 141 54 99 154 92 85 145 167 89 186 62 4 177 171 135 108 155 136 173 15 193 156 
passengers: 85 86 140 407 354 96 196 318 388 158 256 154 211 165 299 

8781.17	25348	91217
tour: 0 156 193 15 173 136 155 108 67 128 69 114 187 33 105 179 163 198 42 24 72 13 41 82 158 134 31 190 8 81 150 46 139 185 59 76 111 89 167 145 85 92 172 112 197 162 66 6 152 29 102 148 27 98 164 71 100 56 129 60 43 2 151 181 126 37 140 194 161 195 107 175 147 115 14 135 171 177 4 62 186 166 121 16 23 133 88 122 142 22 20 78 61 44 50 130 70 119 183 58 12 1 93 73 83 123 188 68 168 153 51 97 157 47 116 64 127 79 189 25 48 182 165 131 170 95 10 120 74 109 124 176 17 196 7 132 38 21 49 3 18 125 174 104 144 30 77 53 180 169 19 34 28 45 137 40 91 75 80 160 192 90 94 143 84 101 199 141 54 99 154 159 32 63 9 52 103 86 178 26 55 184 138 118 35 149 87 65 106 5 117 191 96 146 110 11 57 113 36 39 0 
bonus: 156 193 15 173 136 155 108 67 128 69 114 187 33 105 179 163 198 42 24 72 13 41 82 158 134 31 190 8 81 150 46 139 185 59 76 111 89 167 145 85 92 172 112 197 162 66 6 152 29 102 148 27 98 164 71 100 56 129 60 43 2 151 181 126 37 140 194 161 195 107 175 147 115 14 135 171 177 4 62 186 166 3 18 125 174 104 144 30 77 53 180 169 19 34 28 45 137 40 91 75 80 160 192 90 94 143 84 101 199 141 54 99 154 159 32 63 9 52 103 86 178 26 55 184 138 118 35 149 87 65 106 5 117 191 96 146 110 11 57 113 36 39 
passengers: 308 182 177 36 217 170 147 82 422 53 254 275 388 112 410 78 396 154 247 330 

7452.75	22747	43964
tour: 0 39 36 113 57 11 110 146 96 34 28 45 137 40 91 75 80 160 192 90 94 143 84 101 199 141 54 99 154 159 32 63 9 52 103 86 178 26 55 184 138 118 35 149 87 65 106 5 117 191 169 19 180 53 77 30 144 104 174 125 18 3 49 21 38 132 7 196 17 176 124 109 74 120 10 95 170 131 165 182 48 25 189 79 127 64 116 47 157 97 51 153 168 68 188 123 83 73 93 1 12 58 183 119 70 130 50 44 61 78 20 22 142 122 88 133 23 16 121 166 186 62 4 177 171 135 14 115 147 175 107 195 161 194 140 37 126 181 151 2 43 60 129 56 100 71 164 98 27 148 102 29 152 6 66 162 197 112 172 92 85 145 167 89 111 76 59 185 139 46 150 81 8 190 31 134 158 82 41 13 72 24 42 198 163 179 105 33 187 114 69 128 67 108 155 136 173 15 193 156 0 
bonus: 39 36 113 57 11 110 146 96 34 28 164 98 27 148 102 29 152 6 66 162 197 112 172 92 85 145 167 89 111 76 59 185 139 46 150 81 8 190 31 134 158 82 41 13 72 24 42 198 163 179 105 33 187 114 69 128 67 108 155 136 173 15 193 156 
passengers: 87 84 140 209 203 407 277 184 236 52 81 133 294 239 32 

7575	23246	50948
tour: 0 156 193 15 173 136 155 108 67 128 69 114 187 33 105 179 163 198 42 24 72 13 41 82 158 134 31 190 8 81 150 46 139 185 59 76 111 44 50 130 70 119 183 58 12 1 93 73 83 123 188 68 168 153 51 97 157 47 116 64 127 79 189 25 48 182 165 131 170 95 10 120 74 109 124 176 17 196 7 132 38 21 49 3 18 125 174 104 144 30 77 53 180 169 19 34 28 45 137 40 91 75 80 160 192 90 94 143 84 101 199 141 54 99 154 159 32 63 9 52 103 86 178 89 167 145 85 92 172 112 197 162 66 6 152 29 102 148 27 98 164 71 100 56 129 60 43 2 151 181 126 37 140 194 161 195 107 175 147 115 14 135 171 177 4 62 186 166 121 16 23 133 88 122 142 22 20 78 61 26 55 184 138 118 35 149 87 65 106 5 117 191 96 146 110 11 57 113 36 39 0 
bonus: 156 193 15 173 136 155 108 67 128 69 114 187 33 105 179 163 198 42 24 72 13 41 82 158 134 31 190 8 81 150 46 139 185 59 76 111 44 50 130 70 119 183 58 12 1 93 73 83 123 188 68 168 153 51 49 3 18 125 174 35 149 87 65 106 5 117 191 96 146 110 11 57 113 36 39 
passengers: 308 182 176 33 146 403 336 40 49 3 230 132 134 148 330 

7181.83	23055	47889
tour: 0 39 36 113 57 11 110 146 96 191 117 5 106 65 87 149 35 118 138 184 55 26 178 86 103 52 9 63 32 159 154 99 54 141 199 101 84 143 94 90 192 160 80 75 91 40 137 45 28 34 19 169 180 53 77 30 144 129 56 100 71 164 189 79 127 64 116 47 157 97 51 153 168 68 188 123 83 73 93 1 12 58 183 119 107 195 161 70 130 50 44 175 147 115 14 135 171 177 4 62 186 166 121 16 23 133 104 174 125 18 3 49 21 38 132 7 196 17 176 124 109 74 120 10 95 170 131 165 182 48 25 194 140 37 126 181 151 2 43 60 88 122 142 22 20 78 61 67 128 69 114 187 33 105 179 163 198 42 24 72 13 41 82 158 134 31 190 8 81 150 46 139 185 59 76 111 89 167 145 85 92 172 112 197 162 66 6 152 29 102 148 27 98 108 155 136 173 15 193 156 0 
bonus: 39 36 113 57 11 110 146 96 191 117 5 106 65 87 149 35 130 50 44 175 147 115 14 135 171 177 4 62 186 166 121 16 23 133 104 174 125 18 3 49 21 38 132 7 196 17 176 124 109 74 120 10 95 170 131 48 187 33 105 42 29 102 148 27 98 108 155 136 173 15 193 156 
passengers: 87 84 85 211 184 188 347 57 108 437 271 253 182 317 32 299 

7318.17	25528	92340
tour: 0 39 36 113 57 186 62 4 177 171 135 14 115 147 175 107 195 161 70 130 50 44 61 78 20 22 142 122 88 60 43 2 151 181 126 37 140 194 25 48 182 165 131 183 119 58 12 1 93 73 83 123 188 68 168 153 51 97 157 47 116 64 127 79 189 164 71 100 56 129 144 30 77 170 95 10 120 74 109 124 176 17 196 7 132 38 21 49 3 18 125 174 104 133 23 16 121 166 11 110 146 96 191 117 5 106 160 192 90 94 143 84 101 199 141 54 99 154 159 32 63 9 52 103 86 178 26 55 184 138 118 35 149 53 180 169 19 34 28 45 137 40 91 75 80 87 65 98 27 148 102 29 152 6 66 162 197 112 172 92 85 145 167 89 111 76 59 185 139 46 150 81 8 190 31 134 158 82 41 13 72 24 42 198 163 179 105 33 187 114 69 128 67 108 155 136 173 15 193 156 0 
bonus: 39 36 113 57 186 62 4 177 171 135 14 115 147 175 107 195 161 70 130 50 44 61 78 20 22 142 122 88 60 43 2 151 181 126 37 140 194 25 48 182 165 131 183 119 58 12 1 93 73 83 123 188 68 168 153 51 97 157 47 116 64 127 79 189 164 71 100 56 129 144 30 3 18 125 174 104 133 23 16 121 166 11 110 146 96 191 117 5 106 160 192 90 94 143 84 101 199 141 54 99 154 159 32 63 86 85 145 167 89 111 76 59 185 139 46 150 81 8 190 31 134 158 82 41 13 72 24 42 198 163 179 105 33 187 114 69 128 67 108 155 136 173 15 193 156 
passengers: 84 85 140 188 403 184 336 112 4 52 154 44 165 294 313 239 32 401 

7763.08	24526	72813
tour: 0 156 193 15 173 136 155 108 67 128 69 114 187 33 105 179 163 198 42 24 72 13 41 82 158 134 31 190 8 81 150 46 139 185 59 76 111 89 167 145 85 92 172 112 197 162 66 6 152 29 102 148 27 98 164 71 100 56 129 60 43 2 151 181 120 10 95 170 131 165 182 48 25 189 79 127 64 116 47 157 97 51 153 168 68 188 123 83 73 93 1 12 58 183 119 70 130 50 44 61 78 20 22 142 122 88 133 23 16 121 166 186 62 4 177 171 135 14 115 147 175 107 195 161 194 140 37 126 74 109 124 176 17 196 7 132 38 21 49 3 18 125 174 104 144 30 77 53 180 169 19 34 28 45 137 40 91 75 80 160 192 90 94 143 84 101 199 141 54 99 154 159 32 63 9 52 103 86 178 26 55 184 138 118 35 149 87 65 106 5 117 191 96 146 110 11 57 113 36 39 0 
bonus: 156 193 15 173 136 155 108 67 128 69 114 187 33 105 179 163 198 42 24 72 13 41 82 158 134 31 190 8 81 150 46 139 185 59 76 111 89 167 145 85 92 172 112 197 162 66 6 102 189 79 127 64 116 153 176 17 196 7 132 38 21 49 3 18 125 174 104 144 30 77 53 180 169 19 34 28 45 137 40 91 75 80 160 192 90 94 143 84 52 103 86 178 26 55 184 138 118 35 149 87 65 106 5 117 191 96 146 110 11 57 113 36 39 
passengers: 308 182 176 34 218 404 59 431 199 364 337 205 435 302 76 16 247 330 

7308.33	25330	89000
tour: 0 39 36 113 57 11 110 146 96 191 117 5 106 65 87 149 35 118 138 184 55 26 178 86 103 52 9 63 32 159 154 99 54 141 199 101 84 143 94 90 192 160 80 75 91 40 137 45 28 34 19 169 180 53 77 30 144 104 174 125 18 3 49 21 38 132 7 196 17 176 124 109 74 120 10 95 170 131 165 182 48 25 194 140 37 126 181 151 2 43 60 129 56 100 71 164 189 79 127 64 116 47 157 97 51 153 168 68 188 123 83 73 93 1 12 58 183 119 107 195 161 70 130 50 44 175 147 115 14 135 171 177 4 62 186 166 121 16 23 133 88 122 142 22 20 78 61 67 128 69 114 187 33 105 179 163 198 42 24 72 13 41 82 158 134 31 190 8 81 150 46 139 185 59 76 111 89 167 145 85 92 172 112 197 162 66 6 152 29 102 148 27 98 108 155 136 173 15 193 156 0 
bonus: 39 36 113 57 11 110 146 96 191 117 5 106 65 87 149 35 118 138 182 48 25 194 140 37 126 181 151 2 43 60 129 56 100 71 164 189 79 127 64 116 47 157 97 51 153 168 68 188 123 83 73 93 1 12 58 183 119 107 195 161 70 130 50 44 175 147 115 14 135 171 177 4 62 186 166 121 16 23 133 88 122 142 22 20 78 61 67 128 69 114 187 33 105 179 163 198 42 24 72 13 41 82 158 134 31 190 8 81 150 46 139 185 59 76 111 89 167 145 85 92 172 112 197 162 66 6 152 29 102 148 27 98 108 155 136 173 15 193 156 
passengers: 87 140 144 164 285 209 203 273 407 354 191 277 235 96 182 187 317 89 32 231 222 299 

7285.92	25304	86470
tour: 0 39 36 113 57 11 166 121 16 23 133 88 122 142 22 20 78 61 67 128 69 114 187 33 105 179 163 198 42 24 72 13 41 82 158 134 31 190 8 81 150 46 139 185 59 76 111 44 50 130 70 161 195 107 119 183 58 12 1 93 73 83 123 188 68 168 153 51 97 157 47 116 64 127 79 189 164 71 100 56 129 60 43 2 151 181 77 30 144 104 174 125 18 19 169 180 53 149 35 118 138 184 55 26 178 86 103 52 9 63 32 159 154 99 54 141 199 101 84 143 94 90 192 160 106 5 117 191 96 34 28 45 137 40 91 75 80 87 65 98 27 148 102 29 152 6 66 162 197 112 172 92 85 145 167 89 186 62 4 177 171 135 108 155 136 173 15 193 156 3 49 21 38 132 7 196 17 176 124 109 74 120 10 95 170 131 165 182 48 25 194 140 37 126 110 146 14 115 147 175 0 
bonus: 39 36 113 57 11 166 121 16 23 133 88 122 142 22 20 78 61 67 128 69 114 187 33 105 179 163 198 42 24 72 13 41 82 158 134 31 190 8 81 150 46 139 185 59 76 111 44 50 107 157 47 116 64 127 79 189 164 71 100 56 129 60 43 2 151 181 77 30 144 104 174 125 18 19 169 180 53 149 35 118 138 184 55 26 178 86 103 52 9 63 32 159 154 99 54 141 199 101 84 143 94 90 192 160 106 5 117 191 96 34 28 45 137 40 91 75 80 87 148 120 10 95 170 131 165 182 48 25 194 140 37 126 110 146 14 115 147 175 
passengers: 85 86 137 362 320 196 189 275 190 131 225 75 302 17 281 282 8 297 38 108 437 206 407 408 372 

7603.33	24623	75067
tour: 0 156 193 15 173 136 155 108 67 128 69 114 187 33 105 179 163 198 42 24 72 13 41 82 158 134 31 190 8 50 130 70 161 195 107 119 183 58 12 1 93 73 83 123 188 68 168 153 51 97 157 47 116 64 127 79 189 164 71 100 56 118 138 184 55 26 178 86 103 52 9 63 32 159 154 99 54 141 199 101 84 143 94 90 192 160 35 149 87 80 75 91 40 137 45 28 34 19 169 180 53 77 30 144 129 60 43 2 151 181 126 37 140 194 25 48 182 165 131 170 95 10 120 74 109 124 176 17 196 7 132 38 21 49 3 18 125 174 104 133 23 16 121 166 186 62 4 177 171 135 14 115 147 175 44 61 78 20 22 142 122 88 81 150 46 139 185 59 76 111 89 167 145 85 92 172 112 197 162 66 6 152 29 102 148 27 98 65 106 5 117 191 96 146 110 11 57 113 36 39 0 
bonus: 156 193 15 173 136 155 108 67 128 69 114 187 33 105 179 163 198 42 24 72 13 41 82 158 134 31 190 8 50 130 70 161 195 107 119 183 58 12 1 93 73 83 123 188 68 168 153 51 97 157 47 116 64 127 79 189 164 71 100 56 118 138 184 55 26 178 86 103 52 9 63 32 159 154 99 54 141 199 101 84 143 75 139 185 59 76 111 89 167 145 85 92 172 112 197 162 66 6 152 29 102 148 27 98 65 106 5 117 191 96 146 110 11 57 113 36 39 
passengers: 182 175 187 90 29 388 430 190 134 330 243 77 285 381 82 336 3 152 148 103 220 298 

8244.33	24864	81275
tour: 0 156 193 15 173 136 155 108 98 27 148 102 29 152 6 66 162 197 112 172 92 85 145 167 89 111 76 59 185 139 46 150 81 8 190 31 134 158 82 41 13 72 24 42 198 163 179 105 33 187 114 69 128 67 61 78 20 22 142 122 88 60 43 2 151 181 120 10 95 170 131 165 182 48 25 194 140 37 126 74 109 124 176 17 196 7 132 38 21 49 3 18 125 174 104 133 23 16 121 166 186 62 4 177 171 135 14 115 147 175 44 50 130 70 161 195 107 119 183 58 12 1 93 73 83 123 188 68 168 153 51 97 157 47 116 64 127 79 189 164 71 100 56 129 144 30 77 53 180 169 19 34 28 45 137 40 91 75 80 160 192 90 94 143 84 101 199 141 54 99 154 159 32 63 9 52 103 86 178 26 55 184 138 118 35 149 87 65 106 5 117 191 96 146 110 11 57 113 36 39 0 
bonus: 156 193 15 173 136 155 108 98 27 148 102 29 152 6 66 162 197 112 172 92 85 145 167 89 111 76 59 185 139 46 150 81 8 190 31 134 158 82 41 13 72 24 42 198 163 179 105 33 196 7 132 38 21 49 3 18 125 174 104 133 23 16 121 166 186 62 4 177 171 135 14 115 147 175 44 12 1 93 73 83 123 188 68 168 153 51 97 157 47 116 64 127 79 189 164 71 100 56 129 144 30 77 53 180 184 138 118 35 149 87 65 106 5 117 191 96 146 110 11 57 113 36 39 
passengers: 308 294 301 146 425 59 339 40 53 1 275 132 410 396 247 330 

7252.92	24767	79572
tour: 0 39 36 113 57 186 62 4 177 171 135 14 115 147 175 107 195 161 70 130 50 44 61 78 20 22 142 122 88 60 43 2 151 181 120 10 95 170 77 30 144 129 56 100 71 164 189 79 127 64 116 47 157 97 51 153 168 68 188 123 83 73 93 1 12 58 119 183 131 165 182 48 25 194 140 37 126 74 109 124 176 17 196 7 132 38 21 49 3 18 125 174 104 133 23 16 121 166 11 110 146 96 191 117 5 106 160 192 90 94 143 84 101 199 141 54 99 154 159 32 63 9 52 103 86 178 26 55 184 138 118 35 149 53 180 169 19 34 28 45 137 40 91 75 80 87 65 98 27 148 102 29 152 6 66 162 197 112 172 92 85 145 167 89 111 76 59 185 139 46 150 81 8 190 31 134 158 82 41 13 72 24 42 198 163 179 105 33 187 114 69 128 67 108 155 136 173 15 193 156 0 
bonus: 39 36 113 57 186 62 4 177 171 135 14 115 147 175 107 195 161 70 130 50 44 61 78 20 22 142 122 88 60 43 2 151 181 120 10 95 170 77 30 144 129 56 100 71 164 189 79 153 3 18 125 174 104 133 23 16 121 166 11 110 146 96 191 117 5 106 160 192 90 94 143 84 101 199 141 54 99 154 159 32 63 86 85 145 167 89 111 76 59 185 139 46 150 81 8 190 31 134 158 82 41 13 72 24 42 198 163 179 105 33 187 114 69 128 67 108 155 136 173 15 193 156 
passengers: 84 85 140 188 184 404 435 112 52 246 44 313 239 222 32 401 

7980.33	23018	44955
tour: 0 156 193 15 173 136 155 108 67 128 69 114 187 33 105 179 163 198 42 24 72 13 41 82 158 134 31 190 8 81 150 46 139 185 59 76 111 44 50 130 70 161 195 107 175 147 115 14 135 171 177 4 62 186 166 121 16 23 133 104 174 125 18 3 49 21 38 132 7 196 17 176 124 109 74 126 37 140 194 25 48 182 165 131 183 119 58 12 1 93 73 83 123 188 68 168 153 51 97 157 47 116 64 127 79 189 164 71 100 56 129 144 30 77 170 95 10 120 181 151 2 43 60 88 122 142 22 20 78 61 26 55 184 138 118 35 149 53 180 169 19 34 28 45 137 40 91 75 80 87 65 98 27 148 102 29 152 6 66 162 197 112 172 92 85 145 167 89 178 86 103 52 9 63 32 159 154 99 54 141 199 101 84 143 94 90 192 160 106 5 117 191 96 146 110 11 57 113 36 39 0 
bonus: 156 193 15 173 136 155 108 67 128 131 183 119 58 12 1 93 73 83 123 188 68 168 153 51 97 157 47 116 64 127 79 189 164 71 100 56 129 144 30 77 170 95 10 120 181 151 26 85 145 167 89 178 86 103 52 9 63 32 159 154 106 5 117 191 96 146 110 11 57 113 36 39 
passengers: 308 182 176 33 146 47 40 203 403 279 134 253 330 410 240 241 243 283 259 

7159.5	23911	61228
tour: 0 156 193 15 173 136 155 108 67 128 69 114 187 33 105 179 163 198 42 24 72 13 41 82 158 134 31 190 8 81 150 46 139 185 59 76 111 89 167 145 85 92 172 112 197 162 66 6 152 29 102 148 27 98 65 87 80 75 91 40 137 45 28 34 19 169 180 53 77 30 144 129 60 43 2 151 181 120 10 95 170 131 165 182 48 25 194 140 37 126 74 109 124 176 17 196 7 132 38 21 49 3 18 125 174 104 133 23 16 121 166 186 62 4 177 171 135 14 115 147 175 88 122 142 22 20 78 61 44 50 130 70 161 195 107 119 183 58 12 1 93 73 83 123 188 68 168 153 51 97 157 47 116 64 127 79 189 164 71 100 56 118 138 184 55 26 178 86 103 52 9 63 32 159 154 99 54 141 199 101 84 143 94 90 192 160 35 149 106 5 117 191 96 146 110 11 57 113 36 39 0 
bonus: 156 193 15 173 136 155 108 67 128 69 114 187 33 105 179 163 198 42 24 72 13 41 82 158 134 31 190 8 81 150 196 7 132 38 21 49 3 18 125 174 104 133 23 16 121 166 186 62 4 177 171 135 14 115 147 175 88 122 142 22 20 78 12 1 93 73 83 123 188 68 168 153 51 97 157 47 116 64 127 79 189 164 71 100 56 118 138 184 55 26 178 86 103 57 113 36 39 
passengers: 39 308 182 35 146 120 74 59 339 40 53 145 388 132 76 

7615.5	24363	70858
tour: 0 39 36 113 57 11 110 146 96 191 117 5 106 65 87 149 35 118 138 184 55 26 178 86 103 52 9 63 32 159 154 99 54 141 199 101 84 143 94 90 192 160 80 75 91 40 137 45 28 34 19 169 180 53 77 30 144 104 174 125 18 3 49 21 38 132 7 196 17 176 124 109 74 126 37 140 194 25 48 182 165 131 170 95 10 120 181 151 2 43 60 129 56 100 71 164 189 79 127 64 116 47 157 97 51 153 168 68 188 123 83 73 93 1 12 58 183 119 107 195 161 70 130 50 44 175 147 115 14 135 171 177 4 62 186 166 121 16 23 133 88 122 142 22 20 78 61 67 128 69 114 187 33 105 179 163 198 42 24 72 13 41 82 158 134 31 190 8 81 150 46 139 185 59 76 111 89 167 145 85 92 172 112 197 162 66 6 152 29 102 148 27 98 108 155 136 173 15 193 156 0 
bonus: 39 36 113 57 11 110 146 96 191 117 5 106 118 181 151 2 43 60 129 56 100 71 164 189 79 127 64 116 47 157 97 51 153 168 68 188 123 83 73 93 1 12 58 183 119 107 195 161 70 130 50 44 175 133 88 122 142 22 20 78 187 33 105 179 163 198 42 24 72 13 41 82 158 134 31 190 8 81 150 46 139 185 59 76 111 89 167 145 85 92 172 112 197 162 66 6 152 29 102 148 27 98 108 155 136 173 15 193 156 
passengers: 87 140 144 164 285 209 203 403 147 133 277 235 52 187 317 89 231 222 299 

