Fo(cost)	Fo(time)	Fo(bonus)

7980.33	22635	39209
tour: 0 186 64 143 61 173 19 184 105 195 80 142 30 21 17 127 139 88 97 135 72 66 103 145 62 188 23 160 24 191 77 93 28 76 79 70 38 59 63 36 75 122 46 91 198 34 29 193 1 35 170 69 159 94 148 152 144 65 166 15 177 154 84 58 151 43 120 171 157 87 95 131 45 48 108 2 175 100 121 40 22 82 115 196 167 16 106 172 124 81 60 185 153 165 109 134 176 85 133 136 123 41 50 128 179 110 178 189 86 146 92 104 199 102 112 181 183 187 197 7 26 20 57 138 111 119 169 180 156 126 129 18 98 117 155 33 5 53 74 162 132 149 67 54 192 125 116 47 14 78 137 8 39 32 13 107 44 90 56 55 6 3 37 118 52 96 101 141 147 27 49 163 113 68 158 11 164 174 150 99 161 194 83 9 4 168 130 31 10 42 12 73 51 190 140 114 182 71 89 25 0 
bonus: 186 64 143 61 173 19 184 105 195 80 142 30 21 17 127 139 88 97 135 72 66 112 181 183 187 197 7 26 20 57 138 111 119 169 180 156 126 129 18 98 117 54 99 161 194 83 9 4 168 130 31 10 42 12 73 51 190 140 114 182 71 89 25 
passengers: 211 212 215 258 218 207 297 163 317 261 344 92 189 186 225 399 271 158 

7069.5	25880	98353
tour: 0 186 64 143 61 173 19 142 80 195 105 184 98 18 129 126 82 115 196 167 16 106 172 124 81 60 185 153 165 109 134 176 85 133 136 123 41 50 128 179 110 178 189 86 146 92 104 199 102 112 181 183 187 197 7 26 49 163 113 68 158 27 11 164 174 150 99 161 194 83 9 4 168 130 31 10 42 12 73 51 190 140 114 182 71 20 57 138 22 40 121 100 175 2 108 48 45 131 95 87 157 171 120 43 151 58 84 154 177 15 166 65 144 152 148 94 159 69 170 35 1 193 29 34 198 91 46 122 75 36 63 59 38 70 79 76 28 93 77 191 24 160 23 188 62 145 103 66 72 135 97 88 139 127 17 21 30 111 119 169 180 156 147 141 101 96 52 118 37 3 6 55 56 90 44 107 13 32 39 8 137 78 14 47 116 125 192 54 67 149 132 162 74 53 5 33 155 117 89 25 0 
bonus: 186 64 143 61 173 19 142 80 195 105 184 98 18 129 126 82 115 196 167 16 106 172 124 81 60 185 153 165 109 134 176 85 133 136 123 41 50 128 179 110 178 189 86 146 92 104 199 102 112 181 183 187 197 7 26 49 163 113 68 158 27 11 164 174 150 99 161 194 83 9 4 168 130 31 10 42 12 73 51 190 140 114 182 71 20 57 138 22 40 121 100 175 2 108 48 45 131 95 87 157 171 120 43 151 58 84 154 177 15 166 65 144 152 148 94 159 69 170 35 193 29 34 198 91 46 122 75 36 63 59 38 70 79 76 28 93 77 191 24 160 23 188 62 145 103 66 72 135 97 88 139 17 5 33 155 117 89 25 
passengers: 215 75 74 259 425 323 409 382 153 279 403 0 201 84 209 7 183 

7058.75	22930	40518
tour: 0 186 64 143 61 173 19 142 80 195 105 184 98 18 129 126 156 180 169 119 111 138 57 20 71 182 114 140 190 51 73 12 42 10 31 130 168 4 9 83 194 161 99 150 174 123 136 133 85 176 134 109 165 153 185 60 81 124 172 106 16 167 196 115 82 22 40 121 100 175 2 108 48 45 131 95 87 157 171 120 43 151 58 84 154 177 15 166 65 144 152 148 94 159 69 127 139 88 97 135 72 66 103 145 62 188 23 160 24 191 77 93 28 76 79 70 38 59 63 36 75 122 46 91 198 34 29 193 1 35 170 30 21 17 41 50 128 179 110 178 189 86 146 92 104 199 102 112 181 183 187 197 7 26 164 11 158 68 113 163 49 27 147 141 101 96 52 118 37 3 6 55 56 90 44 107 13 32 39 8 137 78 14 47 116 125 192 54 67 149 132 162 74 53 5 33 155 117 89 25 0 
bonus: 186 64 143 61 173 19 142 80 195 105 184 98 18 129 126 156 180 169 119 111 138 57 20 71 182 114 140 190 51 73 12 42 10 31 130 168 4 3 6 55 56 90 44 107 13 32 39 8 137 78 14 47 116 125 192 54 67 149 132 162 74 53 5 33 155 117 89 25 
passengers: 213 215 75 258 353 430 55 1 50 202 11 92 134 7 243 183 

7272.75	24589	73231
tour: 0 186 64 143 61 173 19 142 80 195 105 184 98 18 129 126 156 180 169 119 111 138 57 20 71 182 114 140 190 51 73 148 94 159 69 127 139 88 97 135 72 66 103 145 62 188 23 160 24 191 77 93 28 76 79 70 38 59 63 36 75 122 46 91 198 34 29 193 1 35 170 30 21 17 41 50 128 179 110 178 189 86 146 92 152 144 65 166 15 177 154 84 58 151 43 120 171 157 87 95 131 45 48 108 2 175 100 121 40 22 82 115 196 167 16 106 172 124 81 60 185 153 165 109 134 176 85 133 136 123 174 150 99 161 194 83 9 4 168 130 31 10 42 12 104 199 102 112 181 183 187 197 7 26 164 11 158 68 113 163 49 27 147 141 101 96 52 118 37 3 6 55 56 90 44 107 13 32 39 8 137 78 14 47 116 125 192 54 67 149 132 162 74 53 5 33 155 117 89 25 0 
bonus: 186 64 143 61 173 19 142 80 195 105 184 98 18 129 126 156 180 169 119 111 138 57 20 71 182 114 140 190 51 73 148 94 159 69 127 139 88 97 135 72 66 103 145 62 188 23 77 2 175 100 121 40 22 82 115 196 167 16 106 172 124 81 60 185 153 165 109 134 176 85 133 136 123 174 150 99 161 194 83 9 4 168 130 31 10 42 12 104 199 102 112 181 183 187 197 7 26 107 32 39 8 137 78 14 47 116 125 192 54 67 149 132 162 74 53 5 33 155 117 89 25 
passengers: 211 213 212 239 221 86 106 79 332 362 267 398 3 134 13 15 165 243 183 

7298.33	24293	69853
tour: 0 186 64 143 61 173 19 142 80 195 105 184 98 18 129 126 156 180 169 119 111 138 57 20 71 182 114 140 190 51 73 148 94 159 69 16 167 196 115 82 22 40 121 100 175 2 108 48 45 193 1 35 170 30 21 17 127 139 88 97 135 72 66 103 145 62 188 23 160 24 191 77 93 28 76 79 70 38 59 63 36 75 122 46 91 198 34 29 26 7 197 187 183 181 112 102 199 104 12 42 10 31 130 168 4 9 83 194 161 99 150 174 164 11 158 68 113 163 49 27 147 141 101 96 52 118 37 3 6 55 56 90 44 107 13 32 39 8 137 78 106 172 124 81 60 185 153 165 109 134 176 85 133 136 123 41 50 128 179 110 178 189 86 146 92 152 144 65 166 15 177 154 84 58 151 43 131 95 87 157 171 120 25 89 117 155 33 5 53 74 162 132 149 67 54 192 125 116 47 14 0 
bonus: 186 64 188 23 160 24 191 77 93 28 76 79 70 38 59 63 36 75 122 46 91 198 34 29 26 7 197 187 183 181 112 102 199 104 12 42 10 31 130 168 4 9 83 194 161 99 150 174 164 11 158 68 113 163 49 27 147 141 101 96 52 118 37 3 6 55 56 90 44 107 13 32 39 8 137 78 106 172 124 81 60 185 128 179 110 178 189 86 146 89 117 155 33 5 53 74 162 132 149 67 54 192 125 116 47 14 
passengers: 211 213 212 239 79 220 208 325 272 169 7 173 290 282 186 224 

7017.75	25530	91008
tour: 0 25 89 117 155 33 5 53 74 162 132 149 67 54 192 125 116 47 14 78 137 8 39 32 13 107 44 90 56 55 6 3 37 118 52 96 101 141 147 156 143 61 173 19 142 80 195 105 184 98 18 129 126 82 115 196 167 16 106 172 124 81 60 185 153 165 109 134 176 85 133 136 123 41 50 128 179 110 178 189 86 146 92 152 144 65 166 15 177 154 84 58 151 43 120 171 157 87 95 131 45 48 108 2 175 100 121 40 22 138 57 20 71 182 114 140 190 51 73 148 94 159 69 170 35 1 193 29 34 198 91 46 122 75 36 63 59 38 70 79 76 28 93 77 191 24 160 23 188 62 145 103 66 72 135 97 88 139 127 17 21 30 111 119 169 180 164 11 27 158 68 113 163 49 26 7 197 187 183 181 112 102 199 104 12 42 10 31 130 168 4 9 83 194 161 99 150 174 64 186 0 
bonus: 25 89 117 155 33 5 53 74 162 132 149 67 54 192 125 116 47 14 78 137 8 39 32 13 107 44 90 56 55 6 3 37 118 52 96 101 141 147 156 143 61 173 19 142 80 195 105 184 98 18 129 126 82 115 196 167 16 106 172 124 81 60 185 153 165 109 134 176 85 133 136 182 114 140 190 51 73 148 94 159 69 170 35 1 193 29 34 198 91 46 122 75 36 63 59 38 70 79 76 28 93 77 191 24 160 23 188 62 145 103 66 72 135 97 88 139 127 17 21 30 111 197 187 183 181 112 102 199 104 12 42 10 31 130 168 4 9 83 194 161 99 150 174 64 186 
passengers: 88 283 282 5 135 137 75 258 424 1 317 200 239 79 118 344 383 17 

7353.42	23725	58741
tour: 0 25 89 117 155 33 5 53 74 162 132 149 67 54 192 125 116 47 14 78 137 8 39 32 13 107 44 90 56 55 6 3 37 118 52 96 101 141 147 156 143 61 41 50 128 179 110 178 189 86 146 92 152 144 65 166 15 177 154 84 58 151 43 131 95 87 168 130 31 10 42 12 73 148 94 159 69 170 35 1 193 45 48 108 197 7 26 49 163 113 68 158 27 11 164 123 136 133 85 176 134 109 165 153 185 60 81 124 172 106 16 167 196 115 82 126 129 18 98 184 105 195 80 142 19 173 29 34 198 91 46 122 75 36 63 59 38 70 79 76 28 93 77 191 24 160 23 188 62 145 103 66 72 135 97 88 139 127 17 21 30 111 119 169 180 187 183 181 112 102 199 104 157 171 120 140 190 51 114 182 71 20 57 138 22 40 121 100 175 2 4 9 83 194 161 99 150 174 64 186 0 
bonus: 25 89 117 155 33 5 53 74 162 132 149 67 54 192 125 116 47 14 78 137 8 39 32 13 107 44 90 56 55 6 3 37 118 52 96 101 141 147 156 143 128 49 38 70 79 76 28 93 77 191 24 160 23 188 62 145 103 66 72 135 97 88 139 127 17 21 30 111 119 169 180 187 183 181 112 102 199 104 157 171 175 2 4 9 83 194 161 99 150 174 64 186 
passengers: 88 283 282 186 386 357 359 121 162 93 64 201 83 210 145 150 17 

7254.5	26548	108047
tour: 0 25 89 117 155 33 5 53 74 162 132 149 67 54 192 125 116 47 14 78 137 8 39 32 13 107 44 90 56 55 6 3 37 118 52 96 101 141 147 156 143 61 173 19 142 80 195 105 184 98 18 129 126 82 115 196 167 16 106 172 124 81 60 185 153 165 109 134 176 85 133 136 123 164 11 27 158 68 113 163 49 26 7 197 108 48 45 131 95 87 157 171 120 43 151 58 84 154 177 15 166 65 144 152 92 146 86 189 178 110 179 128 50 41 103 145 62 188 23 160 24 191 77 93 28 76 79 70 38 59 63 36 75 122 46 91 198 34 29 193 1 35 170 69 159 94 148 73 51 190 140 114 182 71 20 57 138 22 40 121 100 175 2 66 72 135 97 88 139 127 17 21 30 111 119 169 180 187 183 181 112 102 199 104 12 42 10 31 130 168 4 9 83 194 161 99 150 174 64 186 0 
bonus: 25 89 117 155 33 5 53 74 162 132 149 67 54 192 125 116 47 14 78 137 8 39 32 13 107 44 90 56 55 6 3 37 118 52 96 101 141 147 156 143 61 173 19 142 80 195 105 184 98 18 129 126 82 115 167 7 197 108 48 45 131 95 87 157 171 120 43 151 58 84 154 177 15 166 65 144 152 92 146 86 189 178 110 179 128 50 41 103 145 62 188 23 160 24 191 77 93 28 76 79 70 38 59 63 36 75 122 46 91 198 34 29 193 1 35 170 69 159 94 148 73 51 190 140 114 182 71 20 57 138 22 40 121 100 175 2 66 72 135 97 88 139 127 17 21 30 111 119 169 180 187 183 181 112 102 199 104 12 42 10 31 130 168 4 9 83 194 161 99 150 174 64 186 
passengers: 88 283 282 5 137 357 75 255 428 363 35 409 168 91 162 279 174 86 100 128 106 354 145 220 377 79 344 323 157 383 17 

8689.08	23576	52516
tour: 0 186 64 174 150 99 161 194 83 9 158 68 113 163 49 27 11 164 123 136 133 85 176 134 109 165 153 185 60 81 124 172 106 16 167 196 115 82 126 129 18 98 184 105 195 80 142 19 173 29 34 198 91 46 122 75 36 63 59 38 70 79 76 28 93 77 191 24 160 23 188 62 145 103 66 72 135 97 88 139 127 17 21 30 111 119 169 180 187 183 181 112 102 199 104 12 42 10 31 130 168 4 2 175 100 121 40 22 138 57 20 26 7 197 108 48 45 193 1 35 170 69 159 94 148 73 51 190 140 114 182 71 89 117 155 33 5 53 74 162 132 149 67 54 192 125 116 47 14 78 137 8 39 32 13 107 44 90 56 55 6 3 37 118 52 96 101 141 147 156 143 61 41 50 128 179 110 178 189 86 146 92 152 144 65 166 15 177 154 84 58 151 43 131 95 87 157 171 120 25 0 
bonus: 186 64 174 150 99 161 194 83 9 158 68 113 163 49 27 11 164 123 136 133 85 176 134 109 165 185 20 26 7 197 108 48 45 193 1 35 170 69 159 94 148 73 51 190 140 114 182 71 89 117 155 33 5 53 74 162 132 149 67 107 44 143 128 179 110 178 189 86 146 92 152 144 65 166 15 177 154 84 58 151 43 131 95 87 157 171 120 25 
passengers: 215 397 274 29 258 127 132 317 362 80 91 198 193 182 

7381.33	24615	74789
tour: 0 186 64 143 61 173 19 142 80 195 105 184 98 18 129 126 156 147 141 101 96 52 118 37 3 6 55 56 70 38 59 63 36 75 122 46 91 198 34 29 193 1 35 170 79 76 28 93 77 191 24 160 23 188 62 145 103 66 72 135 97 88 139 127 69 159 94 148 73 51 190 140 114 182 71 20 57 138 22 82 115 196 167 16 106 172 124 81 60 185 153 165 109 134 176 85 133 136 123 174 150 99 161 194 83 9 158 68 113 163 49 27 11 164 26 7 197 108 48 45 131 95 87 157 171 120 43 151 58 84 154 177 15 166 65 144 152 92 146 86 189 178 110 179 128 50 41 17 21 30 111 119 169 180 187 183 181 112 102 199 104 12 42 10 31 130 168 4 2 175 100 121 40 90 44 107 13 32 39 8 137 78 14 47 116 125 192 54 67 149 132 162 74 53 5 33 155 117 89 25 0 
bonus: 186 64 143 61 173 19 142 80 195 105 184 98 18 129 126 156 147 141 101 96 52 118 37 3 148 73 51 190 140 114 182 71 20 57 138 22 82 115 196 167 16 106 172 124 81 60 185 153 165 109 134 176 85 133 136 123 174 150 99 161 194 83 9 158 68 113 30 111 119 169 180 187 183 181 112 102 199 104 12 42 10 31 130 168 4 2 175 100 121 40 90 44 107 13 32 39 8 137 78 14 47 116 125 192 54 67 149 132 162 74 53 5 33 155 117 89 25 
passengers: 211 212 215 257 210 218 298 294 200 427 409 51 400 118 25 318 146 165 369 243 

7177.67	22563	35524
tour: 0 186 64 174 150 99 161 194 83 9 158 68 113 163 49 27 11 164 143 61 173 19 142 80 195 105 184 98 117 155 33 5 53 74 162 132 149 67 54 192 125 116 47 14 78 137 8 39 32 13 107 44 90 56 55 6 3 37 118 52 96 101 141 147 156 126 129 18 87 95 131 45 48 108 197 7 26 20 57 138 111 119 169 180 187 183 181 112 102 199 104 157 171 120 43 151 58 84 154 177 15 166 65 144 152 92 146 86 189 178 110 179 128 50 41 123 136 133 85 176 134 109 165 153 185 60 81 124 172 106 16 167 196 115 82 22 40 121 100 175 2 4 168 130 31 10 42 12 17 21 30 170 35 1 193 29 34 198 91 46 122 75 36 63 59 38 70 79 76 28 93 77 191 24 160 23 188 62 145 103 66 72 135 97 88 139 127 69 159 94 148 73 51 190 140 114 182 71 89 25 0 
bonus: 186 64 174 150 99 161 194 83 9 158 68 113 163 49 27 11 164 143 61 173 19 142 157 171 120 43 151 58 84 28 93 77 191 24 160 23 188 62 145 103 66 72 135 97 88 139 127 69 159 94 148 73 51 190 140 114 182 71 89 25 
passengers: 214 215 398 259 420 357 408 91 325 175 366 205 262 361 201 140 101 84 

7286.67	25354	87553
tour: 0 52 96 101 141 147 156 143 61 173 19 142 80 195 105 184 98 18 129 126 82 115 196 167 16 106 172 124 81 60 185 153 165 109 134 176 85 133 136 123 41 50 128 179 110 178 189 86 146 92 152 144 65 166 15 177 154 84 58 151 43 131 95 87 157 171 120 25 89 117 155 33 5 53 74 162 132 149 67 54 192 125 116 47 14 78 137 8 39 32 13 107 44 90 56 55 6 3 37 118 23 188 62 145 103 66 72 135 97 88 139 127 17 21 30 111 119 169 180 187 183 181 112 102 199 104 12 42 10 31 130 168 4 2 175 100 121 40 22 138 57 20 71 182 114 140 190 51 73 148 94 159 69 170 35 1 193 45 48 108 197 7 26 29 34 198 91 46 122 75 36 63 59 38 70 79 76 28 93 77 191 24 160 164 11 27 49 163 113 68 158 9 83 194 161 99 150 174 64 186 0 
bonus: 52 96 101 141 147 156 143 61 173 19 142 80 195 105 184 98 18 129 126 82 115 196 167 16 106 172 124 81 60 185 153 165 109 134 176 85 133 136 123 41 50 128 179 110 178 189 86 146 92 152 144 65 166 15 177 154 84 58 151 43 131 95 87 157 171 120 25 89 117 5 168 4 2 175 100 121 40 22 138 57 20 71 182 114 140 190 51 73 148 94 159 69 170 35 1 193 45 48 108 197 7 26 29 34 198 91 46 122 75 36 63 59 38 70 79 76 28 93 77 191 24 160 164 11 27 49 163 113 68 158 9 83 194 161 99 150 174 64 186 
passengers: 182 177 301 173 341 88 225 133 210 1 317 242 240 10 111 127 201 85 35 94 17 

7395.42	23890	61244
tour: 0 186 64 143 61 173 19 142 80 195 105 184 98 18 129 126 156 147 141 101 96 52 118 37 3 6 55 56 90 44 107 13 32 39 8 137 78 14 47 116 125 192 54 67 149 132 162 74 53 5 33 155 117 89 25 120 171 157 87 95 131 43 151 58 84 154 177 15 166 65 174 150 99 161 194 83 9 158 68 113 163 49 27 11 164 123 136 133 85 176 134 109 165 153 185 60 81 124 172 106 16 167 196 115 82 77 191 24 160 23 188 62 145 93 28 76 79 70 38 59 63 36 75 122 46 91 198 34 29 26 7 197 108 48 45 193 1 35 170 69 159 94 148 73 51 190 140 114 182 71 20 57 138 22 40 121 100 175 2 4 168 130 31 10 42 12 104 199 102 112 181 183 187 180 169 119 111 30 21 17 127 139 88 97 135 72 66 103 41 50 128 179 110 178 189 86 146 92 152 144 0 
bonus: 186 64 143 61 173 19 142 80 195 105 184 98 18 129 126 156 147 141 101 96 52 118 37 3 6 55 56 90 44 107 13 32 8 155 117 89 25 120 171 157 87 95 131 43 151 58 84 154 177 15 166 65 174 150 99 161 194 83 9 158 68 113 163 49 27 11 164 123 136 133 85 176 134 109 165 185 59 63 36 75 122 46 91 198 34 29 26 128 179 110 178 189 86 146 92 152 144 
passengers: 214 215 436 256 245 123 279 86 83 139 286 106 200 382 

7004.17	23121	47866
tour: 0 186 64 143 61 173 19 142 80 195 105 184 98 18 129 126 156 147 141 101 96 52 118 37 3 6 55 56 70 38 59 63 36 75 122 46 91 198 34 29 193 1 35 170 79 76 28 93 77 191 24 160 23 188 62 145 103 66 72 135 97 88 139 127 69 159 94 148 73 51 190 140 114 182 71 20 57 138 22 82 115 196 167 16 106 172 124 81 60 185 153 165 109 134 176 85 133 136 123 41 50 128 179 110 178 189 86 146 92 152 144 65 166 15 177 154 84 58 151 43 120 171 157 104 199 102 112 181 183 187 180 169 119 111 30 21 17 12 42 10 31 130 168 87 95 131 45 48 108 197 7 26 49 163 113 68 158 27 11 164 174 150 99 161 194 83 9 4 2 175 100 121 40 90 44 107 13 32 39 8 137 78 14 47 116 125 192 54 67 149 132 162 74 53 5 33 155 117 89 25 0 
bonus: 186 64 143 61 173 19 142 80 195 105 184 98 18 129 126 156 147 141 101 96 52 118 37 3 148 73 51 190 140 114 182 71 20 57 138 22 82 112 181 183 187 180 169 119 111 30 21 17 12 42 10 31 130 168 87 95 131 45 48 108 197 7 26 49 163 113 68 158 27 11 164 174 150 25 
passengers: 211 212 215 257 210 218 297 298 200 278 320 118 79 62 25 3 318 13 165 

7130.25	26107	101299
tour: 0 25 89 71 182 114 51 190 140 120 171 157 104 199 102 112 181 183 187 180 169 119 2 175 100 121 40 22 82 115 196 167 16 106 172 124 81 60 185 153 165 109 134 176 85 133 136 123 41 50 128 179 110 178 189 86 146 92 152 144 65 166 15 177 154 84 58 151 43 131 95 87 18 129 126 156 143 61 173 19 142 80 195 105 184 98 117 155 33 5 53 74 162 132 149 67 54 192 125 116 47 14 78 137 8 39 32 13 107 44 90 56 55 6 3 37 118 52 96 29 34 198 91 46 122 75 36 63 59 38 70 79 76 28 93 77 191 24 160 23 188 62 145 103 66 72 135 97 88 139 127 17 21 30 111 138 57 20 101 141 147 27 49 163 113 68 158 11 164 26 7 197 108 48 45 193 1 35 170 69 159 94 148 73 12 42 10 31 130 168 4 9 83 194 161 99 150 174 64 186 0 
bonus: 25 89 71 182 114 51 190 140 120 171 157 104 199 102 112 181 183 187 180 169 119 2 175 100 121 40 22 82 115 196 167 16 106 172 124 81 60 185 153 165 109 134 80 195 105 184 98 117 155 33 5 53 74 162 132 149 67 54 192 125 116 47 14 78 137 8 39 32 13 107 44 90 56 55 6 3 37 118 52 96 29 34 198 91 46 122 75 36 63 59 38 70 79 76 28 93 77 191 24 160 23 188 62 145 103 66 72 135 97 88 139 127 17 21 30 111 138 57 20 101 141 147 27 49 163 113 68 158 11 164 26 7 197 108 48 45 193 1 35 170 69 159 94 148 73 12 42 10 31 130 168 4 9 83 194 161 99 150 174 64 186 
passengers: 89 284 238 149 81 50 69 390 367 48 133 207 218 118 235 38 383 17 

8110.17	24588	73293
tour: 0 14 47 116 125 192 54 67 149 132 162 74 53 5 33 155 117 89 25 120 171 157 87 95 131 43 151 58 84 154 177 15 166 65 144 152 92 146 86 189 178 110 179 128 50 41 123 136 133 85 176 134 109 165 153 185 60 81 124 172 106 78 137 8 39 32 13 107 44 90 99 161 194 83 9 158 68 113 163 49 27 11 164 145 62 188 23 160 24 191 77 93 28 76 79 170 35 1 193 45 48 108 197 7 26 29 34 198 91 46 122 75 36 63 59 38 70 56 55 6 3 37 118 52 96 101 141 147 156 143 61 173 19 142 80 195 105 184 98 18 129 126 82 115 196 167 16 69 159 94 148 73 51 190 140 114 182 71 20 57 138 22 40 121 100 175 2 4 168 130 31 10 42 12 104 199 102 112 181 183 187 180 169 119 111 30 21 17 127 139 88 97 135 72 66 103 150 174 64 186 0 
bonus: 14 47 116 125 192 54 67 149 132 162 74 53 5 33 155 117 89 25 120 171 157 87 95 131 43 151 58 84 154 177 15 166 65 144 152 92 146 86 189 178 110 179 128 50 191 77 93 28 76 79 170 35 1 193 45 48 108 197 7 26 29 34 198 91 46 122 75 36 63 59 38 70 56 55 6 3 37 118 52 96 143 100 175 2 4 168 130 31 10 42 12 104 199 102 112 181 183 187 180 169 119 111 30 21 17 127 139 88 97 135 72 66 103 150 174 64 186 
passengers: 49 165 369 243 279 280 52 97 86 246 163 334 93 106 288 140 141 315 235 297 383 26 320 344 

6855.92	24097	68208
tour: 0 186 64 174 150 99 161 194 83 9 158 68 113 163 49 27 11 164 143 61 173 19 142 80 195 105 184 98 117 155 33 5 53 74 162 132 149 67 54 192 125 116 47 14 78 137 8 39 32 13 107 44 90 40 121 100 175 2 4 168 130 31 10 42 12 17 21 30 111 119 169 180 187 183 181 112 102 199 104 157 171 120 43 151 58 84 154 177 15 166 65 144 152 92 146 86 189 178 110 179 128 50 41 123 136 133 85 176 134 109 165 153 185 60 81 124 172 106 16 167 196 115 82 22 138 57 20 26 7 197 108 48 45 131 95 87 18 129 126 156 147 141 101 96 52 118 37 3 6 55 56 70 38 59 63 36 75 122 46 91 198 34 29 193 1 35 170 79 76 28 93 77 191 24 160 23 188 62 145 103 66 72 135 97 88 139 127 69 159 94 148 73 51 190 140 114 182 71 89 25 0 
bonus: 186 64 174 150 99 161 194 83 9 158 68 113 163 136 133 85 176 134 109 165 153 185 60 81 124 172 106 16 167 196 115 82 22 138 57 20 26 7 197 108 48 45 131 95 87 18 129 126 156 147 141 101 96 52 118 37 3 6 55 56 70 38 59 63 36 75 122 46 91 198 34 29 193 1 35 170 79 76 28 93 77 191 24 160 23 188 62 145 103 66 72 135 97 88 139 127 69 159 94 148 73 51 190 25 
passengers: 214 215 399 258 416 317 152 365 426 199 78 63 302 7 9 433 84 372 

6983.92	25885	95515
tour: 0 25 89 117 155 33 5 53 74 162 132 149 67 54 192 125 116 47 14 78 137 8 39 32 13 107 44 90 40 121 100 175 2 4 9 83 194 161 99 150 174 123 136 133 85 176 134 109 165 153 185 60 81 124 172 106 16 167 196 115 82 22 138 57 20 71 182 114 140 190 51 73 148 94 159 69 127 139 88 97 135 72 66 103 41 50 128 179 110 178 189 86 146 92 152 144 65 166 15 177 154 84 58 151 43 120 171 157 104 199 102 112 181 183 187 180 169 119 111 30 21 17 12 42 10 31 130 168 87 95 131 45 48 108 197 7 26 49 163 113 68 158 27 11 164 145 62 188 23 160 24 191 77 93 28 76 79 170 35 1 193 29 34 198 91 46 122 75 36 63 59 38 70 56 55 6 3 37 118 52 96 101 141 147 156 126 129 18 98 184 105 195 80 142 19 173 61 143 64 186 0 
bonus: 25 89 117 155 33 5 53 74 162 132 149 67 54 192 125 116 47 14 78 137 8 39 32 13 107 44 90 40 121 100 175 2 4 9 83 194 161 99 150 174 123 136 133 85 176 134 109 165 153 185 60 81 124 172 106 16 167 196 115 82 22 138 57 20 71 182 114 140 190 51 73 148 94 159 69 127 139 88 97 135 72 66 103 41 50 128 179 110 178 189 86 146 92 152 144 65 166 15 177 154 84 58 151 43 120 171 157 104 199 102 112 181 183 187 180 169 119 111 30 21 17 12 42 10 31 130 168 87 95 131 45 48 26 118 52 96 101 141 147 156 126 129 18 98 184 105 195 80 142 19 173 61 143 64 186 
passengers: 89 282 284 189 145 144 317 365 81 200 353 52 50 59 162 86 248 110 137 305 404 76 

7242	23922	58962
tour: 0 25 89 71 182 114 140 190 51 73 148 94 159 69 127 139 88 97 135 72 66 2 175 100 121 40 90 44 107 13 32 39 8 137 78 14 47 116 125 192 54 67 149 132 162 74 53 5 33 155 117 98 184 105 195 80 142 19 173 61 143 156 126 129 18 87 95 131 45 48 108 197 7 26 20 57 138 22 82 115 196 167 16 106 172 124 81 60 185 153 165 109 134 176 85 133 136 123 164 11 158 68 113 163 49 27 147 141 101 96 52 118 37 3 6 55 56 70 38 59 63 36 75 122 46 91 198 34 29 193 1 35 170 79 76 28 93 77 191 24 160 23 188 62 145 103 41 50 128 179 110 178 189 86 146 92 152 144 65 166 15 177 154 84 58 151 43 120 171 157 104 199 102 112 181 183 187 180 169 119 111 30 21 17 12 42 10 31 130 168 4 9 83 194 161 99 150 174 64 186 0 
bonus: 25 89 71 182 114 140 190 51 73 148 94 159 69 127 139 88 97 135 72 66 2 175 100 121 40 90 44 107 13 32 39 8 137 78 14 47 116 125 192 54 67 149 132 162 74 117 128 179 110 178 189 86 146 92 152 144 65 166 15 177 154 84 58 151 43 120 171 157 104 199 102 112 181 183 187 180 169 119 111 30 21 17 12 42 10 31 130 168 4 9 83 194 161 99 150 174 64 186 
passengers: 89 282 284 146 147 369 386 245 124 91 139 286 433 338 341 289 344 383 

7026.42	22157	26986
tour: 0 186 64 174 150 99 161 194 83 9 4 168 130 31 10 42 12 104 157 171 120 25 89 71 182 114 140 190 51 73 148 94 159 69 170 35 1 193 45 48 108 197 7 26 20 57 138 111 30 21 17 127 139 88 97 135 72 66 103 145 62 188 23 118 37 3 6 55 56 90 44 107 13 32 39 8 137 78 14 47 116 125 192 54 67 149 132 162 74 53 5 33 155 117 98 184 105 195 80 142 19 173 29 34 198 91 46 122 75 36 63 59 38 70 79 76 28 93 77 191 24 160 84 154 177 15 166 65 144 152 92 146 86 189 178 110 179 128 50 41 61 143 156 126 129 18 87 95 131 43 151 58 199 102 112 181 183 187 180 169 119 2 175 100 121 40 22 82 115 196 167 16 106 172 124 81 60 185 153 165 109 134 176 85 133 136 123 164 11 158 68 113 163 49 27 147 141 101 96 52 0 
bonus: 186 64 174 150 99 161 194 83 9 4 168 130 31 10 42 12 25 188 23 118 37 3 6 55 56 90 44 107 13 32 39 8 137 78 14 47 116 125 192 54 67 149 132 162 
passengers: 211 213 212 239 59 219 209 188 316 75 72 248 393 428 363 35 411 

7356.58	22217	31772
tour: 0 25 120 171 157 104 199 102 112 181 183 187 180 169 119 111 30 21 17 12 42 10 31 130 168 87 95 131 43 151 58 84 154 177 15 166 65 144 152 92 146 86 189 178 110 179 128 50 41 61 143 156 126 129 18 98 184 105 195 80 142 19 173 29 34 198 91 46 122 75 36 63 59 38 70 56 55 6 3 37 118 52 96 101 141 147 27 49 163 113 68 158 11 164 123 136 133 85 176 134 109 165 153 185 60 81 124 172 106 16 167 196 115 82 22 138 57 20 26 7 197 108 48 45 193 1 35 170 79 76 28 93 77 191 24 160 23 188 62 145 103 66 72 135 97 88 139 127 69 159 94 148 73 51 190 140 114 182 71 89 117 155 33 5 53 74 162 132 149 67 54 192 125 116 47 14 78 137 8 39 32 13 107 44 90 40 121 100 175 2 4 9 83 194 161 99 150 174 64 186 0 
bonus: 25 120 171 157 104 199 102 112 181 183 187 180 169 119 111 30 21 17 12 42 11 164 123 136 133 85 176 134 109 165 153 185 60 81 124 172 106 16 167 196 115 82 22 138 57 20 26 108 186 
passengers: 325 323 322 151 176 255 138 413 430 204 328 56 209 189 184 17 

