Fo(cost)	Fo(time)	Fo(bonus)

5052.9	22873	43678
tour: 0 188 34 73 8 17 163 43 9 128 170 21 77 191 18 160 2 86 71 6 164 176 132 90 199 100 114 134 28 49 109 198 94 155 120 56 89 39 47 82 159 122 190 68 137 29 10 85 189 63 46 15 58 4 78 60 64 93 123 35 193 95 75 11 129 38 141 97 152 125 36 52 126 102 180 136 83 67 26 195 175 150 19 65 84 105 30 179 186 5 130 79 173 70 119 72 161 3 45 50 196 106 153 16 184 156 80 57 91 169 116 41 62 154 113 143 145 40 187 27 37 172 1 87 32 13 55 185 14 69 76 171 181 147 31 33 133 115 144 138 59 149 157 142 174 7 61 140 12 88 124 139 53 108 166 92 51 165 24 99 54 23 74 101 146 121 177 197 44 81 111 107 48 118 22 98 96 183 112 182 131 25 151 42 162 178 167 127 117 158 103 194 192 20 148 168 110 104 66 135 0 
bonus: 188 8 30 179 186 5 130 79 173 70 119 72 161 3 45 50 196 106 153 16 184 156 80 57 91 169 116 41 62 154 113 143 145 40 187 27 37 172 1 87 32 13 55 185 14 69 76 171 181 147 31 33 133 115 144 138 59 149 157 142 174 7 61 140 12 88 124 139 110 104 66 135 
passengers: 149 146 144 24 656 436 111 205 43 359 361 500 489 504 378 118 311 475 14 213 779 455 338 681 561 550 665 98 99 364 626 757 76 668 

5008.2	23958	64122
tour: 0 73 8 17 163 43 9 128 170 21 77 191 18 160 2 86 71 6 164 141 38 129 11 98 96 183 112 182 131 25 151 42 162 178 167 127 117 158 103 194 192 20 148 168 186 5 172 1 87 32 13 55 185 130 79 173 70 119 72 161 3 45 50 196 106 153 16 184 156 80 57 91 169 116 41 62 154 113 143 176 81 111 107 48 118 22 44 197 177 121 146 101 74 23 97 152 125 36 52 126 102 180 136 83 67 26 195 175 150 19 65 84 105 30 179 82 159 122 190 68 137 29 10 85 189 63 46 15 58 4 78 60 64 93 123 35 193 95 75 174 7 61 140 12 88 132 90 199 100 114 145 40 187 27 37 147 31 33 133 115 144 138 59 149 157 142 14 69 76 171 181 134 28 49 109 198 94 155 120 56 89 39 47 124 139 53 108 166 92 51 165 24 99 54 110 104 66 135 34 188 0 
bonus: 73 8 17 163 43 9 128 170 21 77 191 18 160 2 86 71 6 164 141 38 129 11 98 96 183 112 182 131 25 151 42 162 178 167 127 117 158 103 194 192 20 148 168 186 5 1 45 50 196 106 153 16 184 156 80 57 91 169 116 41 62 154 113 143 176 81 111 63 46 15 58 4 78 60 64 93 123 35 193 95 120 56 89 39 47 124 139 53 108 166 92 51 165 24 99 54 110 104 66 135 34 188 
passengers: 23 653 646 658 645 104 754 141 236 310 288 17 15 214 616 700 418 153 274 273 282 750 270 205 49 431 434 447 721 535 389 390 219 665 

5652.35	22426	35294
tour: 0 188 34 135 66 104 110 157 149 59 138 144 115 133 33 31 147 37 27 187 40 145 114 100 199 90 132 88 12 140 61 7 174 142 14 69 76 171 181 134 28 49 109 198 94 155 120 56 89 39 47 124 139 53 108 166 92 51 165 24 99 54 23 74 101 146 121 177 197 44 81 111 107 48 118 22 98 96 183 112 182 131 25 151 42 162 189 63 46 15 58 4 78 60 64 93 123 35 193 95 75 11 129 38 141 97 152 125 36 52 126 102 180 136 83 67 26 195 175 150 19 65 84 105 30 179 82 159 122 190 68 137 29 10 85 178 167 127 117 158 103 194 192 20 148 168 186 5 172 1 87 32 13 55 185 130 79 173 70 119 72 161 3 45 50 196 106 153 16 184 156 80 57 91 169 116 41 62 154 113 143 176 164 6 71 86 2 160 18 191 77 21 170 128 9 43 163 17 8 73 0 
bonus: 188 34 135 66 104 110 157 149 59 138 144 115 133 33 31 147 37 27 187 40 145 114 100 199 90 132 88 12 10 85 178 167 127 117 158 103 194 192 20 164 6 71 86 2 160 18 191 77 21 170 128 9 43 163 17 8 73 
passengers: 149 148 147 407 415 431 721 388 389 663 100 418 80 358 150 157 330 116 465 631 475 15 452 451 

5377.25	23930	63998
tour: 0 188 34 135 66 104 110 157 149 59 138 144 115 133 33 31 147 37 27 187 40 145 114 100 199 90 132 131 182 112 183 96 98 22 118 48 107 111 81 44 197 177 121 146 101 74 23 54 99 24 165 51 92 166 108 53 139 124 88 12 140 61 7 174 142 14 69 76 171 181 134 28 49 109 198 94 155 120 56 89 39 47 82 159 122 190 68 137 29 10 85 178 167 127 117 158 103 194 192 20 148 168 25 151 42 162 189 63 46 15 58 4 78 60 64 93 123 35 193 95 75 11 129 38 141 97 152 125 36 52 126 102 180 136 83 67 26 195 175 150 19 65 84 105 30 179 186 5 172 1 87 32 13 55 185 130 79 173 70 119 72 161 3 45 50 196 106 153 16 184 156 80 57 91 169 116 41 62 154 113 143 176 164 6 71 86 2 160 18 191 77 21 170 128 9 43 163 17 8 73 0 
bonus: 188 34 135 66 104 110 157 149 59 138 144 115 133 33 31 147 37 27 187 40 145 114 100 199 90 132 131 182 112 183 96 98 22 118 48 107 111 81 44 197 177 121 146 101 74 23 54 24 179 186 5 172 1 87 32 13 55 185 130 79 173 70 119 72 161 3 45 50 196 106 153 16 184 156 80 57 91 169 116 41 62 154 113 143 176 164 6 71 86 2 160 18 191 77 21 170 128 9 43 163 17 8 73 
passengers: 149 148 147 415 261 571 437 82 83 419 388 549 534 396 176 285 516 515 359 500 489 525 504 118 711 475 15 767 768 452 451 

4883.17	22455	36062
tour: 0 73 8 17 163 43 9 128 170 21 77 191 18 160 2 86 71 6 164 176 143 113 154 62 41 116 169 91 57 80 156 184 16 153 106 196 50 45 3 161 72 119 70 173 79 130 185 55 13 32 87 1 172 5 186 179 30 105 151 42 162 178 167 127 117 158 103 194 192 20 148 168 25 131 182 112 183 96 98 22 118 48 107 111 81 44 197 177 121 146 34 135 66 104 110 157 149 59 138 144 115 133 33 31 147 37 27 187 40 145 114 100 199 90 132 88 12 140 61 7 174 142 14 69 76 171 181 134 28 49 109 198 94 155 120 56 89 39 47 124 139 53 108 166 92 51 165 24 99 54 23 74 101 82 159 122 190 68 137 29 10 85 189 63 46 15 58 4 78 60 64 93 123 35 193 95 75 11 129 38 141 97 152 125 36 52 126 102 180 136 83 67 26 195 175 150 19 65 84 188 0 
bonus: 73 8 17 163 43 9 128 170 21 77 191 18 160 2 86 71 6 164 176 143 113 154 62 41 116 169 131 182 112 183 96 98 22 118 48 107 111 81 44 197 177 121 144 115 108 166 92 51 165 24 99 54 23 19 65 84 188 
passengers: 23 653 646 658 645 8 238 39 133 759 105 82 407 540 561 718 396 620 226 663 302 520 156 

4905.83	23181	49548
tour: 0 188 84 65 19 150 175 195 26 67 83 136 180 102 126 52 36 125 152 97 141 38 129 11 75 95 193 35 123 93 64 60 78 4 58 15 46 63 189 85 10 29 137 68 190 122 159 82 47 39 89 56 120 155 94 198 109 49 28 134 181 171 76 69 14 142 174 7 61 140 12 88 124 139 53 108 166 92 51 165 24 99 54 23 74 101 146 121 132 90 199 100 114 145 40 187 27 37 147 31 33 133 115 144 138 59 149 157 110 104 66 135 34 73 8 17 163 43 9 128 170 21 77 191 18 160 2 86 71 6 164 176 143 113 154 62 41 116 169 91 57 80 156 184 16 153 106 196 50 45 3 161 72 119 70 173 79 130 185 55 13 32 87 1 172 5 186 179 30 105 151 42 162 178 167 127 117 158 103 194 192 20 148 168 25 131 182 112 183 96 98 22 118 48 107 111 81 44 197 177 0 
bonus: 188 84 65 19 150 175 195 166 24 99 54 23 74 101 146 121 132 90 199 100 114 145 40 187 27 37 147 31 33 133 115 161 72 119 70 173 79 130 185 55 13 32 87 1 172 5 186 179 30 105 151 42 162 178 167 127 117 158 103 194 192 20 148 168 25 131 182 112 183 96 98 22 118 48 107 111 81 44 197 177 
passengers: 328 329 332 322 274 752 280 535 675 389 665 373 97 483 542 146 606 52 10 300 6 709 185 510 585 103 731 

5092.47	24187	64973
tour: 0 115 144 138 59 149 157 110 104 66 135 34 188 84 65 19 150 175 195 26 67 83 136 180 102 126 52 36 125 152 97 141 38 129 11 75 95 193 35 123 93 64 60 78 4 58 15 46 63 189 85 10 29 137 68 190 122 159 82 47 39 89 56 120 155 94 198 109 49 28 134 181 171 76 69 14 142 174 7 61 140 12 88 132 90 199 100 114 145 40 187 27 37 147 31 33 133 165 24 99 54 23 74 101 146 121 177 197 44 81 111 107 48 118 22 98 96 183 112 182 131 25 168 148 20 192 194 103 158 117 127 167 178 162 42 151 105 30 179 186 5 172 1 87 32 13 55 185 130 79 173 70 119 72 161 3 51 92 166 108 53 139 124 45 50 196 106 153 16 184 156 80 57 91 169 116 41 62 154 113 143 176 164 6 71 86 2 160 18 191 77 21 170 128 9 43 163 17 8 73 0 
bonus: 115 144 138 59 149 157 110 104 66 135 34 188 24 99 54 23 74 101 146 121 177 197 44 81 111 107 48 118 22 98 96 183 112 182 131 25 168 148 20 192 194 103 158 117 127 167 178 162 42 151 105 30 179 186 5 172 1 87 32 13 119 72 161 3 51 92 166 108 53 139 124 45 50 196 106 153 16 184 156 80 57 91 169 116 41 62 154 113 143 176 164 6 71 86 2 160 18 191 77 21 170 128 9 43 163 17 8 73 
passengers: 447 439 440 442 443 540 601 622 722 681 307 561 266 550 108 665 661 373 421 673 513 288 15 11 220 57 452 608 610 

5237.43	23403	55500
tour: 0 135 66 104 110 157 149 59 138 144 115 133 33 31 147 37 27 187 40 145 114 100 199 90 132 88 12 140 61 7 174 142 14 69 76 171 181 134 28 49 109 198 94 155 120 56 89 39 47 82 159 122 190 68 137 29 10 85 189 63 46 15 58 4 78 60 64 93 123 35 193 95 75 11 129 38 141 97 152 26 67 83 136 180 102 126 52 36 125 163 17 8 73 34 188 84 65 19 150 175 195 16 184 156 80 57 91 169 116 41 62 154 113 143 176 164 6 71 86 2 160 18 191 77 21 170 128 9 43 121 146 101 74 23 54 99 24 165 51 92 166 108 53 139 124 45 50 196 106 153 79 173 70 119 72 161 3 130 185 55 13 32 87 1 172 5 186 179 30 105 151 42 162 178 167 127 117 158 103 194 192 20 148 168 25 131 182 112 183 96 98 22 118 48 107 111 81 44 197 177 0 
bonus: 135 66 104 110 157 149 59 138 144 115 133 33 31 147 37 27 187 40 145 114 100 199 90 132 88 12 140 61 7 174 142 14 69 76 171 181 134 28 49 109 198 94 155 120 56 89 39 47 82 159 122 190 68 137 29 38 141 97 152 67 151 42 162 178 167 127 117 158 103 194 192 20 148 168 25 131 182 112 183 96 98 22 118 48 107 81 197 177 
passengers: 407 261 258 259 260 540 567 109 553 304 718 203 20 492 523 25 146 591 455 28 27 96 661 215 300 299 37 185 183 103 731 

5842.75	22573	37944
tour: 0 188 84 65 19 150 175 195 26 67 83 136 180 102 126 52 36 125 152 97 141 38 129 11 75 95 193 35 123 93 64 60 78 4 58 15 46 63 189 85 10 29 137 68 190 122 159 21 77 191 18 160 2 86 71 6 164 176 143 113 154 62 41 116 169 91 57 80 156 184 16 153 106 196 50 45 124 88 12 140 61 7 174 142 14 69 76 171 181 134 28 49 109 198 94 155 120 56 89 39 47 82 101 74 23 54 99 24 165 132 90 199 100 114 145 40 187 27 37 147 31 33 133 115 144 138 59 149 157 110 104 66 135 34 146 121 177 197 44 81 111 107 48 118 22 98 96 183 112 182 131 25 168 148 20 192 194 103 158 117 127 167 178 162 42 151 105 30 179 186 5 172 1 87 32 13 55 185 130 79 173 70 119 72 161 3 51 92 166 108 53 139 170 128 9 43 163 17 8 73 0 
bonus: 188 84 65 19 150 175 195 26 67 83 136 180 102 126 52 36 125 152 97 141 38 129 11 75 95 193 35 123 93 64 60 78 4 58 55 185 130 79 173 70 119 72 161 3 51 92 166 108 53 139 170 128 9 43 163 17 8 73 
passengers: 332 330 274 273 275 303 270 750 279 702 380 681 96 98 99 437 79 105 673 182 179 378 118 341 141 38 

5661.63	23760	58163
tour: 0 135 66 104 110 157 149 59 138 144 115 133 33 31 147 181 171 76 69 167 127 117 158 103 194 192 20 148 168 186 5 119 72 161 3 130 79 173 70 25 131 182 112 183 96 98 22 118 48 107 111 81 176 164 6 71 86 2 160 18 191 77 21 159 82 47 39 89 56 120 155 94 198 109 49 28 134 114 100 199 90 132 187 40 145 143 113 154 62 41 116 169 91 57 80 156 184 16 153 106 196 50 45 124 88 12 140 61 7 174 142 14 185 55 13 32 87 1 172 37 27 122 190 68 137 29 10 85 178 162 189 63 46 15 58 4 78 60 64 93 84 65 19 150 175 195 26 67 83 136 180 102 126 52 36 125 152 97 141 38 129 11 75 95 193 35 123 179 30 105 151 42 44 197 177 121 146 101 74 23 54 99 24 165 51 92 166 108 53 139 170 128 9 43 163 17 8 73 34 188 0 
bonus: 135 66 104 110 157 149 59 138 144 115 133 33 31 147 181 171 76 69 167 127 117 158 103 194 192 20 148 168 186 5 119 72 161 3 130 79 173 70 25 131 182 112 183 96 98 22 118 48 107 111 81 176 164 6 71 86 2 160 18 191 77 21 159 82 47 39 89 56 120 155 94 198 109 49 61 7 174 142 14 185 55 13 1 53 139 170 128 9 43 163 17 8 73 34 188 
passengers: 416 406 407 405 414 720 667 104 419 704 636 67 175 348 250 213 546 266 268 340 110 280 111 359 328 152 525 492 712 485 25 

4701.63	24372	70280
tour: 0 188 84 65 95 193 35 123 93 64 60 78 4 58 158 117 127 167 178 162 189 85 10 29 137 68 190 122 27 37 172 1 87 32 13 55 185 14 69 76 171 181 147 31 33 133 165 24 99 15 46 63 70 173 79 130 3 161 72 119 5 186 179 30 105 151 42 44 197 177 121 146 101 74 23 54 110 104 66 135 34 73 8 17 163 43 9 128 170 139 53 108 166 92 51 19 150 175 195 26 67 83 136 180 102 126 52 36 125 152 97 141 38 129 11 75 103 194 192 20 148 168 25 131 182 112 183 96 98 22 118 48 107 111 81 176 164 6 71 86 2 160 18 191 77 21 159 82 47 39 89 56 120 155 94 198 109 49 28 134 114 100 199 90 132 187 40 145 143 113 154 62 41 116 169 91 57 80 156 184 16 153 106 196 50 45 124 88 12 140 61 7 174 142 157 149 59 138 144 115 0 
bonus: 188 84 65 95 193 35 123 93 64 60 78 4 58 158 117 127 167 178 162 189 85 10 29 137 68 190 122 27 37 172 1 87 32 13 55 185 14 69 76 171 181 147 31 33 133 165 24 99 15 46 63 70 173 79 130 3 161 72 119 146 101 74 23 54 110 104 66 135 34 73 8 17 163 43 9 128 170 139 53 96 98 22 118 48 107 111 81 176 164 6 71 86 2 160 18 191 77 21 159 82 47 39 89 157 149 59 138 144 115 
passengers: 328 329 332 327 276 632 752 683 718 665 373 309 10 300 482 488 588 589 585 104 739 363 419 175 394 779 213 557 261 260 

5181.85	23060	46581
tour: 0 73 8 17 163 125 36 52 126 102 180 136 83 67 26 152 97 141 38 129 11 75 95 193 35 123 93 64 60 78 4 58 15 161 3 173 70 119 72 192 194 103 158 117 127 167 178 162 42 151 105 30 179 186 5 172 1 87 32 13 55 185 130 79 153 106 196 50 45 124 139 53 108 166 92 51 165 24 99 54 23 74 101 146 121 43 9 128 170 21 77 191 18 160 2 86 71 6 164 176 143 113 154 62 41 116 169 91 57 80 156 184 16 195 175 150 19 65 84 188 34 135 66 104 110 157 149 59 138 144 115 133 33 31 147 37 27 187 40 145 114 100 199 90 132 88 12 140 61 7 174 142 14 69 76 171 181 134 28 49 109 198 94 155 120 56 89 39 47 82 159 122 190 68 137 29 10 85 189 63 46 20 148 168 25 131 182 112 183 96 98 22 118 48 107 111 81 44 197 177 0 
bonus: 73 8 17 163 125 36 52 126 102 180 136 83 67 26 152 97 141 38 129 11 75 95 193 35 123 93 64 60 78 4 58 15 161 3 169 91 57 80 156 184 16 195 175 150 19 65 84 188 34 138 144 115 133 33 31 147 37 27 187 40 145 114 100 199 90 118 48 107 111 81 44 197 177 
passengers: 653 646 654 658 645 150 15 475 754 128 245 313 779 219 97 700 463 65 278 416 261 259 571 532 206 75 103 

4696.63	23768	59763
tour: 0 135 66 104 110 54 23 74 101 146 121 177 197 44 81 111 107 48 118 22 98 96 183 112 182 131 25 168 148 20 46 63 70 173 79 130 3 161 72 119 15 99 24 165 132 90 199 100 114 145 40 187 27 37 147 31 33 133 115 144 138 59 149 157 142 174 7 61 140 12 88 124 45 50 196 106 153 16 184 156 80 57 91 169 116 41 62 154 113 143 176 164 6 71 86 2 160 18 191 77 21 170 139 53 108 166 92 51 19 150 175 195 26 67 83 136 180 102 126 52 36 125 152 97 141 38 129 11 75 103 194 192 134 28 49 109 198 94 155 120 56 89 39 47 82 159 122 190 68 137 29 10 85 189 162 178 167 127 117 158 58 4 78 60 64 93 123 35 193 95 65 84 188 34 73 8 17 163 43 9 128 181 171 76 69 14 185 55 13 32 87 1 172 5 186 179 30 105 151 42 0 
bonus: 135 66 104 110 54 23 74 101 146 121 177 197 44 81 111 107 48 118 22 98 96 183 112 182 131 25 108 166 92 51 19 150 175 195 26 67 83 198 94 155 120 56 89 39 47 82 159 122 190 68 137 29 10 85 189 162 178 167 127 117 158 58 4 78 60 64 93 123 35 193 95 65 84 188 34 73 8 76 69 14 185 55 13 32 87 1 172 5 186 179 30 105 151 42 
passengers: 537 538 416 405 415 87 105 670 201 439 540 549 767 770 640 638 70 226 588 524 301 396 397 467 20 492 329 722 723 684 682 306 744 238 37 343 

5612.43	21619	19543
tour: 0 188 34 135 66 104 110 16 184 156 80 57 91 169 116 41 62 154 113 143 145 40 187 132 90 199 100 114 10 85 189 162 178 167 127 117 158 103 194 192 20 46 63 70 173 3 161 72 119 15 58 4 78 60 64 93 123 35 193 95 75 84 65 19 150 175 195 26 67 83 136 180 102 126 52 36 125 152 97 141 38 129 11 98 96 183 112 182 131 25 168 148 29 137 68 190 122 27 37 147 31 33 133 115 144 138 59 149 157 142 174 7 61 140 12 88 124 45 50 196 106 153 79 130 185 14 69 76 171 181 134 28 49 109 198 94 155 120 56 89 39 47 82 159 21 77 191 18 160 2 86 71 6 164 176 81 111 107 48 118 22 55 13 32 87 1 172 5 186 179 30 105 151 42 44 197 177 121 146 101 74 23 54 99 24 165 51 92 166 108 53 139 170 128 9 43 163 17 8 73 0 
bonus: 188 34 135 126 52 36 125 152 97 141 38 129 11 98 96 183 112 94 155 92 166 108 53 139 170 128 9 43 163 17 8 73 
passengers: 145 149 144 537 411 437 516 205 43 356 357 152 505 524 528 423 447 548 305 683 720 723 623 643 315 382 712 123 485 578 

5054.02	23740	55922
tour: 0 135 66 104 110 16 184 156 80 57 91 169 116 41 62 154 113 143 176 164 6 71 86 2 160 18 191 77 21 159 122 190 68 137 29 10 85 189 63 46 15 119 72 161 3 173 70 25 131 182 112 183 96 98 22 118 48 107 111 81 44 197 177 121 146 101 74 23 54 99 24 165 132 90 199 100 114 145 40 187 27 37 147 31 33 133 115 144 138 59 149 157 142 174 7 61 140 12 88 124 45 50 196 106 153 79 130 185 14 69 76 171 181 134 28 49 109 198 94 155 120 56 89 39 47 82 179 30 105 151 42 162 178 167 127 117 55 13 32 87 1 172 5 186 168 148 20 192 194 103 158 58 4 78 60 64 93 123 35 193 95 65 84 75 11 129 38 141 97 152 125 36 52 126 102 180 136 83 67 26 195 175 150 19 51 92 166 108 53 139 170 128 9 43 163 17 8 73 34 188 0 
bonus: 135 66 104 110 16 184 156 80 57 91 169 116 41 62 154 113 143 176 164 6 71 86 2 160 18 191 77 21 159 122 190 68 137 29 10 85 189 63 46 15 70 47 82 179 30 105 151 42 162 178 167 127 117 55 84 75 11 129 38 141 97 152 125 36 52 126 102 180 136 83 67 26 195 175 150 19 51 92 166 108 53 139 170 128 9 43 163 17 8 73 34 188 
passengers: 537 376 416 406 414 701 69 68 206 205 46 300 293 104 102 731 82 83 554 549 214 534 396 174 125 516 245 633 492 275 302 520 156 374 25 

5052.67	20950	7778
tour: 0 188 84 65 19 150 175 195 16 184 156 80 57 91 169 116 41 62 154 113 143 176 164 6 71 86 2 160 18 191 77 21 170 139 53 108 166 92 51 165 24 99 54 23 74 101 146 121 43 9 128 181 171 76 69 14 142 174 7 61 140 12 88 124 45 50 196 106 153 79 130 185 55 13 32 87 1 172 5 186 179 30 105 151 42 162 178 167 127 117 158 103 194 192 134 28 49 109 198 94 155 120 56 89 39 47 82 159 122 190 68 137 29 10 85 189 63 46 20 148 168 25 70 173 3 161 72 119 15 58 4 78 60 64 93 123 35 193 95 75 11 129 38 141 97 152 26 67 83 136 180 102 126 52 36 125 163 17 8 73 34 135 66 104 110 157 149 59 138 144 115 133 33 31 147 37 27 187 40 145 114 100 199 90 132 131 182 112 183 96 98 22 118 48 107 111 81 44 197 177 0 
bonus: 188 84 65 19 169 118 48 107 111 81 44 197 177 
passengers: 328 329 330 327 326 608 702 665 96 28 681 304 215 37 180 630 203 668 299 356 25 149 415 433 731 736 

5299.52	23096	46673
tour: 0 188 34 135 66 104 110 16 184 156 80 57 91 169 116 41 62 154 113 143 145 40 187 132 90 199 100 114 134 28 49 109 198 94 155 120 56 89 39 47 82 159 122 190 68 137 29 10 85 178 162 189 63 46 15 119 72 161 3 173 70 25 131 182 112 183 96 98 22 118 48 107 111 81 176 164 6 71 86 2 160 18 191 77 21 170 139 53 108 166 92 51 19 150 175 195 26 67 83 136 180 102 126 52 36 125 152 97 141 38 129 11 75 103 194 192 20 148 168 186 5 172 1 87 32 13 55 117 127 167 158 58 4 78 60 64 93 84 65 95 193 35 123 179 30 105 151 42 44 197 177 121 146 101 74 23 54 99 24 165 27 37 147 31 33 133 115 144 138 59 149 157 142 174 7 61 140 12 88 124 45 50 196 106 153 79 130 185 14 69 76 171 181 128 9 43 163 17 8 73 0 
bonus: 188 34 135 66 104 110 16 166 92 51 19 150 175 195 26 67 83 136 180 102 30 105 151 42 44 197 177 121 146 101 74 23 54 99 24 165 27 37 147 31 33 133 115 144 138 59 149 157 142 174 7 61 140 12 88 124 45 50 196 106 153 79 130 185 14 69 76 171 181 128 9 43 163 17 8 73 
passengers: 149 148 147 537 376 433 206 421 87 417 643 70 388 217 301 343 137 357 712 122 192 190 485 662 447 448 216 768 683 

4877.68	25747	94617
tour: 0 188 34 135 66 104 110 54 23 74 101 146 121 177 197 44 42 151 105 30 179 186 5 119 72 161 3 130 79 173 70 63 46 33 31 147 181 171 76 69 14 185 55 13 32 87 1 172 37 27 122 190 68 137 29 10 85 189 162 178 167 127 117 158 103 194 192 20 148 168 25 131 182 112 183 96 98 22 118 48 107 111 81 176 164 6 71 86 2 160 18 191 77 21 159 82 47 39 89 56 120 155 94 198 109 49 28 134 114 100 199 90 132 187 40 145 143 113 154 62 41 116 169 91 57 80 156 184 16 153 106 196 50 45 124 88 12 140 61 7 174 142 157 149 59 138 144 115 133 165 24 99 15 58 4 78 60 64 93 123 35 193 95 65 84 75 11 129 38 141 97 152 125 36 52 126 102 180 136 83 67 26 195 175 150 19 51 92 166 108 53 139 170 128 9 43 163 17 8 73 0 
bonus: 188 34 135 66 104 110 54 23 74 101 146 121 177 197 44 42 151 105 30 179 186 5 119 72 161 3 130 79 173 70 63 46 33 31 147 181 171 76 69 14 185 55 13 32 87 1 172 37 27 122 190 68 137 29 10 85 189 162 178 167 127 117 158 103 194 192 20 148 168 25 131 182 112 183 81 176 164 6 71 86 2 160 18 191 77 21 159 82 47 39 89 56 120 155 94 198 109 49 28 134 114 100 199 90 132 187 40 145 143 113 154 62 41 116 169 91 57 75 11 129 38 141 97 152 125 36 52 126 102 180 136 83 67 26 195 175 150 19 51 92 166 108 53 139 170 128 9 43 163 17 8 73 
passengers: 146 143 536 537 539 182 378 118 125 473 200 243 338 750 627 72 419 317 175 624 434 351 352 427 268 438 663 359 492 302 520 164 156 374 

4788.47	21833	24041
tour: 0 188 34 73 8 17 163 43 9 128 181 171 76 69 14 185 55 13 32 87 1 172 5 186 179 30 105 151 42 162 189 85 10 29 137 68 190 122 159 82 47 39 89 56 120 155 94 198 109 49 28 134 192 194 103 158 117 127 167 178 99 24 165 132 90 199 100 114 145 40 187 27 37 147 31 33 133 115 144 138 59 149 157 142 174 7 61 140 12 88 124 45 50 196 106 153 16 184 156 80 57 91 169 116 41 62 154 113 143 176 164 6 71 86 2 160 18 191 77 21 170 139 53 108 166 92 51 19 150 175 195 26 67 83 136 180 102 126 52 36 125 152 97 141 38 129 11 75 84 65 95 193 35 123 93 64 60 78 4 58 15 119 72 161 3 130 79 173 70 63 46 20 148 168 25 131 182 112 183 96 98 22 118 48 107 111 81 44 197 177 121 146 101 74 23 54 110 104 66 135 0 
bonus: 188 34 73 8 17 163 43 9 128 144 138 149 20 148 168 25 131 182 112 183 96 98 22 118 48 107 111 81 44 197 177 121 146 101 74 23 54 110 104 66 135 
passengers: 149 146 143 24 653 136 340 184 117 112 175 394 664 431 434 439 440 567 540 559 545 215 616 388 356 354 45 300 206 103 731 316 191 193 481 

4924.48	22456	37360
tour: 0 73 8 17 163 125 36 52 126 102 180 136 83 67 26 152 97 141 38 129 11 75 95 193 35 123 93 64 60 78 4 58 158 103 194 192 20 46 63 70 173 3 161 72 119 15 99 24 165 51 92 166 108 53 139 170 128 9 43 121 146 101 74 23 54 110 104 66 135 34 188 84 65 19 150 175 195 16 153 106 196 50 45 124 88 12 140 61 7 174 142 157 149 59 138 144 115 133 33 31 147 37 27 122 190 68 137 29 148 168 25 131 182 112 183 96 98 22 118 48 107 111 81 176 164 6 71 86 2 160 18 191 77 21 159 82 47 39 89 56 120 155 94 198 109 49 28 134 181 171 76 69 14 185 130 79 184 156 80 57 91 169 116 41 62 154 113 143 145 40 187 132 90 199 100 114 10 85 189 162 178 167 127 117 55 13 32 87 1 172 5 186 179 30 105 151 42 44 197 177 0 
bonus: 73 8 17 163 125 36 52 126 102 180 136 83 67 26 152 97 141 38 129 11 75 95 193 35 50 45 124 88 12 140 61 7 174 142 157 149 59 138 144 115 133 33 13 32 87 1 172 5 186 179 30 105 151 42 44 197 177 
passengers: 25 656 646 654 657 150 201 8 476 220 482 148 588 380 779 256 543 419 178 174 397 306 311 457 238 37 137 343 0 

4852.43	23250	47575
tour: 0 177 197 44 42 151 105 30 179 186 5 119 72 161 3 173 70 63 46 15 58 4 78 60 64 93 123 35 193 95 65 84 75 11 129 38 141 97 152 26 67 83 136 180 102 126 52 36 125 163 17 8 73 34 188 165 24 99 54 23 74 101 146 121 43 9 128 170 139 53 108 166 92 51 19 150 175 195 16 184 156 80 57 91 169 116 41 62 154 113 143 145 40 187 132 90 199 100 114 134 28 49 109 198 94 155 120 56 89 39 47 82 159 21 77 191 18 160 2 86 71 6 164 176 81 111 107 48 118 22 98 96 183 112 182 131 25 168 148 20 192 194 103 158 117 127 167 178 162 189 85 10 29 137 68 190 122 27 37 172 1 87 32 13 55 185 130 79 153 106 196 50 45 124 88 12 140 61 7 174 142 14 69 76 171 181 147 31 33 133 115 144 138 59 149 157 110 104 66 135 0 
bonus: 177 197 44 42 151 105 30 179 186 5 119 72 161 3 173 70 63 46 15 58 4 78 60 64 93 123 35 193 95 65 43 9 128 170 139 53 108 166 92 51 19 150 175 195 16 184 156 80 57 91 169 116 41 62 154 143 7 174 142 14 69 76 171 181 147 31 33 133 115 144 138 59 149 157 110 104 66 135 
passengers: 193 187 188 182 180 378 118 476 477 359 492 495 507 97 578 482 26 231 588 53 348 397 175 644 726 729 747 279 7 39 779 777 213 557 556 439 

4817.4	22782	42682
tour: 0 188 165 24 99 54 23 74 101 146 121 43 9 128 170 139 53 108 166 92 51 19 150 175 195 16 184 156 80 57 91 169 116 41 62 154 113 143 145 40 187 132 90 199 100 114 10 85 189 162 178 167 127 117 158 103 194 192 20 46 63 70 173 3 161 72 119 15 58 4 78 60 64 93 123 35 193 95 65 84 75 11 129 38 141 97 152 26 67 83 136 180 102 126 52 36 125 163 17 8 73 34 135 66 104 110 157 149 59 138 144 115 133 33 31 147 37 27 122 190 68 137 29 148 168 25 131 182 112 183 96 98 22 118 48 107 111 81 176 164 6 71 86 2 160 18 191 77 21 159 82 47 39 89 56 120 155 94 198 109 49 28 134 181 171 76 69 14 142 174 7 61 140 12 88 124 45 50 196 106 153 79 130 185 55 13 32 87 1 172 5 186 179 30 105 151 42 44 197 177 0 
bonus: 188 165 24 101 75 11 129 38 141 97 152 26 67 83 136 180 102 126 52 36 125 163 17 8 135 164 6 71 86 2 160 18 191 77 21 159 82 47 39 89 56 120 155 94 198 109 49 140 12 88 124 45 50 196 106 172 5 186 179 30 105 151 42 44 197 177 
passengers: 663 665 661 664 373 97 56 351 8 300 356 331 330 540 104 422 726 702 307 267 547 212 238 37 137 0 

5140.17	24525	71958
tour: 0 73 8 17 163 43 9 128 170 139 53 108 166 92 51 165 24 99 54 23 74 101 82 159 21 77 191 18 160 2 86 71 6 164 176 81 111 107 48 118 22 98 96 183 112 182 131 25 168 148 20 192 194 103 158 58 4 78 60 64 93 123 35 193 95 75 11 129 38 141 97 152 125 36 52 126 102 180 136 83 67 26 195 175 150 19 65 84 188 34 146 121 177 197 44 42 151 105 30 179 186 5 172 1 87 32 13 55 117 127 167 69 76 171 181 134 28 49 109 198 94 155 120 56 89 39 47 124 88 12 140 61 7 174 142 14 185 130 79 173 70 63 46 15 119 72 161 3 45 50 196 106 153 16 184 156 114 100 199 90 132 187 40 145 143 113 154 62 41 116 169 91 57 80 178 162 189 85 10 29 137 68 190 122 27 37 147 31 33 133 115 144 138 59 149 157 110 104 66 135 0 
bonus: 73 8 17 163 43 9 128 170 139 53 108 166 92 51 165 24 99 54 23 74 101 82 159 21 77 191 18 160 2 86 71 6 164 176 81 111 107 48 118 22 98 96 183 112 182 131 25 168 148 20 192 194 103 158 58 4 78 60 64 93 95 129 72 161 3 45 50 196 106 153 16 184 156 114 100 199 90 132 187 40 145 143 113 154 62 41 116 169 91 57 80 178 162 189 85 10 29 137 68 190 122 27 37 147 31 33 133 115 144 138 59 149 157 110 104 66 135 
passengers: 23 657 645 647 648 222 22 418 102 74 759 33 150 378 118 304 624 175 266 200 475 474 434 348 463 115 106 439 

4853.67	21645	17719
tour: 0 135 66 104 110 16 184 156 80 57 91 169 116 41 62 154 113 143 145 40 187 132 90 199 100 114 134 28 49 109 198 94 155 120 56 89 39 47 82 159 122 190 68 137 29 10 85 178 162 189 63 46 20 148 168 25 131 182 112 183 96 98 22 118 48 107 111 81 176 164 6 71 86 2 160 18 191 77 21 170 139 53 108 166 92 51 19 150 175 195 26 67 83 136 180 102 126 52 36 125 152 97 141 38 129 11 75 84 65 95 193 35 123 93 64 60 78 4 58 15 161 3 173 70 119 72 192 194 103 158 167 127 117 55 13 32 87 1 172 5 186 179 30 105 151 42 44 197 177 121 146 101 74 23 54 99 24 165 27 37 147 31 33 133 115 144 138 59 149 157 142 174 7 61 140 12 88 124 45 50 196 106 153 79 130 185 14 69 76 171 181 128 9 43 163 17 8 73 34 188 0 
bonus: 135 66 104 110 16 184 156 80 57 91 169 116 41 62 154 113 130 185 14 69 76 171 181 128 9 43 163 17 8 73 34 188 
passengers: 537 376 416 406 405 206 666 105 87 700 643 69 226 522 276 287 632 712 377 485 478 95 662 574 683 25 

5086.87	23891	62349
tour: 0 73 8 17 163 125 36 52 126 102 180 136 83 67 26 152 97 141 38 129 11 75 84 65 95 193 35 123 93 64 60 78 4 58 15 119 72 192 194 103 158 117 127 167 178 162 189 85 10 29 137 68 190 122 159 82 47 39 89 56 120 155 94 198 109 49 28 134 114 100 199 90 132 187 40 145 143 113 154 62 41 116 169 91 57 80 156 184 16 195 175 150 19 51 92 166 108 53 139 170 21 77 191 18 160 2 86 71 6 164 176 81 111 107 48 118 22 98 96 183 112 182 131 25 168 148 20 46 63 70 173 3 161 177 197 44 42 151 105 30 179 186 5 172 1 87 32 13 55 185 130 79 153 106 196 50 45 124 88 12 140 61 7 174 142 14 69 76 171 181 128 9 43 121 146 101 74 23 54 99 24 165 27 37 147 31 33 133 115 144 138 59 149 157 110 104 66 135 34 188 0 
bonus: 73 8 17 163 125 36 52 126 102 180 136 83 67 26 152 97 141 38 129 11 75 84 65 95 193 35 123 93 64 60 78 4 58 195 175 150 19 51 92 166 108 53 139 170 21 77 191 18 160 153 106 196 50 45 124 88 12 140 61 7 174 142 14 69 76 171 181 128 9 43 121 146 101 74 23 54 99 24 165 27 37 147 31 33 133 115 144 138 59 149 157 110 104 66 135 34 188 
passengers: 24 654 645 649 648 150 31 274 475 759 116 280 624 426 616 457 52 391 386 201 712 128 313 779 768 683 717 485 481 579 106 439 574 

5383.18	21748	23240
tour: 0 188 34 135 66 104 110 157 149 59 138 144 115 133 33 31 147 37 27 165 24 99 54 23 74 101 146 121 177 197 44 42 151 105 30 179 186 5 172 1 87 32 13 55 117 127 167 158 103 194 192 20 148 168 25 131 182 112 183 96 98 22 118 48 107 111 81 176 164 6 71 86 2 160 18 191 77 21 170 139 53 108 166 92 51 19 150 175 154 113 143 145 40 187 132 90 199 100 114 134 28 49 109 198 94 155 120 56 89 39 47 82 159 122 190 68 137 29 10 85 178 162 189 63 46 15 58 4 78 60 64 93 123 35 193 95 65 84 75 11 129 38 141 97 152 125 36 52 126 102 180 136 83 67 26 195 16 184 156 80 57 91 169 116 41 62 142 174 7 61 140 12 88 124 45 50 196 106 153 79 173 70 119 72 161 3 130 185 14 69 76 171 181 128 9 43 163 17 8 73 0 
bonus: 188 34 135 66 104 110 157 149 59 138 144 115 133 33 31 147 37 27 165 24 99 54 23 74 101 146 121 177 197 44 42 55 43 163 17 8 73 
passengers: 146 148 143 147 536 182 378 125 127 338 627 72 382 419 700 388 223 348 436 175 279 359 492 500 276 215 216 309 14 683 

4980.02	22302	32643
tour: 0 177 197 44 42 151 105 30 179 186 5 172 1 87 32 13 55 117 127 167 158 103 194 192 134 28 49 109 198 94 155 120 56 89 39 47 82 159 122 190 68 137 29 10 85 189 162 178 80 57 91 169 116 41 62 154 113 143 145 40 187 27 37 147 31 33 133 115 144 138 59 149 157 142 174 7 61 140 12 88 124 45 50 196 106 153 79 130 185 14 69 76 171 181 128 9 43 163 17 8 73 34 135 66 104 110 16 184 156 114 100 199 90 132 121 146 101 74 23 54 99 24 165 51 92 166 108 53 139 170 21 77 191 18 160 2 86 71 6 164 176 81 111 107 48 118 22 98 96 183 112 182 131 25 168 148 20 46 63 70 173 3 161 72 119 15 58 4 78 60 64 93 123 35 193 95 75 11 129 38 141 97 152 125 36 52 126 102 180 136 83 67 26 195 175 150 19 65 84 188 0 
bonus: 177 197 44 42 151 105 30 179 186 5 172 1 87 32 13 55 117 127 167 158 103 194 192 134 28 49 120 174 7 61 140 12 88 124 171 181 128 9 43 163 17 8 73 34 135 66 104 110 16 184 199 188 
passengers: 192 190 195 186 189 517 533 622 109 531 447 561 304 305 720 56 663 222 644 418 727 205 43 359 302 31 156 

4799.13	21910	24486
tour: 0 177 197 44 42 151 105 30 179 186 5 172 1 87 32 13 55 117 127 167 158 58 4 78 60 64 93 123 35 193 95 65 84 188 34 73 8 17 163 125 36 52 126 102 180 136 83 67 26 152 97 141 38 129 11 75 103 194 192 134 28 49 109 198 94 155 120 56 89 39 47 82 159 122 190 68 137 29 10 85 189 162 178 80 57 91 169 116 41 62 154 113 143 145 40 187 132 90 199 100 114 156 184 16 195 175 150 19 51 92 166 108 53 139 170 21 77 191 18 160 2 86 71 6 164 176 81 111 107 48 118 22 98 96 183 112 182 131 25 168 148 20 46 63 70 173 3 161 72 119 15 99 24 165 27 37 147 31 33 133 115 144 138 59 149 157 142 174 7 61 140 12 88 124 45 50 196 106 153 79 130 185 14 69 76 171 181 128 9 43 121 146 101 74 23 54 110 104 66 135 0 
bonus: 177 197 44 42 151 105 30 179 186 5 1 156 184 16 195 175 150 19 119 15 99 24 165 27 37 147 31 33 133 115 144 138 59 149 157 142 174 7 61 140 
passengers: 195 188 189 182 180 378 125 516 630 359 497 496 145 598 528 784 624 116 425 349 431 433 589 389 383 423 476 45 662 556 216 683 677 715 481 

4842.23	22153	30221
tour: 0 73 8 17 163 125 36 52 126 165 24 99 15 119 72 161 3 173 70 63 46 20 192 194 103 75 11 129 38 141 97 152 26 67 83 136 180 102 6 164 176 81 111 107 48 118 22 98 96 183 112 182 131 25 168 148 29 137 68 190 122 27 37 147 31 33 133 115 144 138 59 149 157 142 174 7 61 140 12 88 124 45 50 196 106 153 79 130 185 14 69 76 171 181 134 28 49 109 198 94 155 120 56 89 39 47 82 159 21 77 191 18 160 2 86 71 10 85 189 162 178 80 57 91 169 116 41 62 154 113 143 145 40 187 132 90 199 100 114 156 184 16 195 175 150 19 51 92 166 108 53 139 170 128 9 43 121 146 101 74 23 54 110 104 66 135 34 188 84 65 95 193 35 123 93 64 60 78 4 58 158 167 127 117 55 13 32 87 1 172 5 186 179 30 105 151 42 44 197 177 0 
bonus: 73 8 17 163 125 36 52 126 165 24 99 15 119 72 161 3 173 70 63 46 20 64 60 78 4 58 158 167 127 117 55 13 32 87 1 172 5 186 179 30 105 151 42 44 197 177 
passengers: 23 24 656 646 654 150 473 14 206 383 87 104 117 447 256 216 745 683 718 719 637 455 608 592 27 486 96 89 358 238 37 137 

5032.05	22978	43886
tour: 0 73 8 17 163 125 36 52 126 102 180 188 34 135 66 104 110 54 23 74 101 146 121 43 9 128 181 171 76 69 14 185 130 79 153 106 196 50 45 124 88 12 140 61 7 174 142 157 149 59 138 136 83 67 26 152 97 141 38 129 11 75 84 65 95 193 35 123 93 64 60 78 4 58 158 103 194 192 20 46 63 70 173 3 161 72 119 15 99 24 165 27 37 147 31 33 133 115 144 6 164 176 81 111 107 48 118 22 98 96 183 112 182 131 25 168 148 29 137 68 190 122 159 82 47 39 89 56 120 155 94 198 109 49 28 134 114 100 199 90 132 187 40 145 143 113 154 62 41 116 169 91 57 80 156 184 16 195 175 150 19 51 92 166 108 53 139 170 21 77 191 18 160 2 86 71 10 85 189 162 178 167 127 117 55 13 32 87 1 172 5 186 179 30 105 151 42 44 197 177 0 
bonus: 73 8 17 163 125 36 52 126 102 180 104 20 46 63 70 173 3 161 72 119 15 99 24 165 27 37 147 31 33 133 115 144 6 98 53 139 170 21 77 191 18 160 2 86 71 10 85 189 162 178 167 127 117 55 13 32 87 1 172 5 186 179 30 105 151 42 44 197 177 
passengers: 25 654 659 645 648 157 144 266 34 356 627 759 531 315 382 421 624 606 52 217 231 233 643 343 0 

5110.3	22025	28152
tour: 0 177 197 44 42 151 105 30 179 186 5 172 1 87 32 13 55 117 127 167 158 58 4 78 60 64 93 123 35 193 95 65 84 188 34 135 66 104 110 54 23 74 101 146 121 43 9 128 170 139 53 108 166 92 51 19 150 175 195 16 184 156 114 100 199 90 132 187 40 145 143 113 154 62 41 116 169 91 57 80 178 162 189 85 10 71 6 164 176 81 111 107 48 118 22 98 96 183 112 182 131 25 168 148 29 137 68 190 122 27 37 147 31 33 133 115 144 138 59 149 157 142 174 7 61 140 12 88 124 45 50 196 106 153 79 130 185 14 69 76 171 181 134 28 49 109 198 94 155 120 56 89 39 47 82 159 21 77 191 18 160 2 86 102 180 136 83 67 26 152 97 141 38 129 11 75 103 194 192 20 46 63 70 173 3 161 72 119 15 99 24 165 126 52 36 125 163 17 8 73 0 
bonus: 177 197 44 42 151 105 30 179 186 5 172 1 87 32 13 55 117 127 167 196 106 153 79 130 185 14 69 76 171 181 134 28 49 120 24 165 126 52 36 125 163 17 8 73 
passengers: 191 193 194 188 189 514 492 416 577 482 29 232 589 591 461 383 104 670 447 258 215 216 769 313 720 641 523 477 43 151 

4911.57	24812	78428
tour: 0 73 8 17 163 125 36 52 126 102 180 136 83 67 26 152 97 141 38 129 11 75 103 194 192 20 148 168 25 131 182 112 183 96 98 22 118 48 107 111 81 176 164 6 71 86 2 160 18 191 77 21 159 82 47 39 89 56 120 155 94 198 109 49 28 134 181 171 76 69 14 185 130 79 153 106 196 50 45 124 88 12 140 61 7 174 142 157 149 59 138 144 115 133 165 24 99 15 119 72 161 3 173 70 63 46 33 31 147 37 27 122 190 68 137 29 10 85 189 162 178 80 57 91 169 116 41 62 154 113 143 145 40 187 132 90 199 100 114 156 184 16 195 175 150 19 51 92 166 108 53 139 170 128 9 43 121 146 101 74 23 54 110 104 66 135 34 188 84 65 95 193 35 123 93 64 60 78 4 58 158 167 127 117 55 13 32 87 1 172 5 186 179 30 105 151 42 44 197 177 0 
bonus: 73 8 17 163 125 36 52 126 102 180 136 83 67 26 152 97 141 38 129 11 75 103 194 192 20 148 168 25 131 182 112 183 96 98 22 118 48 107 111 81 176 164 6 71 86 2 160 18 191 77 21 159 82 47 39 89 56 120 155 119 72 161 3 173 70 63 46 33 31 147 37 27 122 190 68 137 29 10 85 189 162 178 80 57 91 169 116 41 62 154 113 65 95 193 35 123 93 64 60 78 4 58 158 167 127 117 55 13 32 87 1 172 5 186 179 30 105 151 42 44 197 177 
passengers: 23 654 645 647 648 152 524 33 759 104 21 622 684 304 307 740 215 266 47 17 271 200 110 752 750 437 217 486 96 327 238 37 137 343 0 

4775.27	23702	55808
tour: 0 73 8 17 163 43 9 128 181 171 76 69 14 185 62 41 116 169 91 57 80 178 162 189 85 10 29 137 68 190 122 159 82 47 39 89 56 120 155 94 198 109 49 28 134 192 194 103 75 11 129 38 141 97 152 125 36 52 126 102 180 136 83 67 26 195 175 154 113 143 145 40 187 132 90 199 100 114 156 184 16 153 106 196 50 45 124 88 12 140 61 7 174 142 157 149 59 138 144 115 133 33 31 147 37 27 165 24 99 15 119 72 161 3 130 79 173 70 63 46 20 148 168 25 131 182 112 183 96 98 22 118 48 107 111 81 176 164 6 71 86 2 160 18 191 77 21 170 139 53 108 166 92 51 19 150 78 60 84 65 95 193 35 123 93 64 4 58 158 167 127 117 55 13 32 87 1 172 5 186 179 30 105 151 42 44 197 177 121 146 101 74 23 54 110 104 66 135 34 188 0 
bonus: 73 8 17 163 43 9 128 181 171 76 69 14 185 62 41 116 169 91 57 80 178 162 189 85 10 29 137 68 190 122 159 82 47 39 89 56 120 155 94 198 109 49 28 134 192 194 103 75 11 65 95 193 35 123 93 64 4 58 158 167 127 117 55 13 32 87 1 172 5 186 179 30 105 151 42 44 197 177 121 146 101 74 23 54 110 104 66 135 34 188 
passengers: 24 654 645 649 648 116 756 30 150 427 53 561 261 571 663 473 726 87 417 643 327 277 632 137 343 0 712 377 191 193 481 479 101 

5060.63	22589	38082
tour: 0 177 197 44 42 151 105 30 179 186 5 172 1 87 32 13 55 117 127 167 178 162 189 85 10 29 137 68 190 122 159 82 47 39 89 56 120 155 94 198 109 49 28 134 192 194 103 158 58 4 78 60 64 93 123 35 193 95 65 84 75 11 129 38 141 97 152 26 67 83 136 180 102 126 52 36 125 163 17 8 73 34 135 66 104 110 54 23 74 101 146 121 43 9 128 181 171 76 69 14 185 130 79 153 106 196 50 45 124 88 12 140 61 7 174 142 157 149 59 138 144 115 133 33 31 147 37 27 80 57 91 169 116 41 62 154 113 143 145 40 187 132 90 199 100 114 156 184 16 195 175 150 19 51 92 166 108 53 139 170 21 77 191 18 160 2 86 71 6 164 176 81 111 107 48 118 22 98 96 183 112 182 131 25 168 148 20 46 63 70 173 3 161 72 119 15 99 24 165 188 0 
bonus: 177 197 44 42 151 105 30 179 186 5 172 1 87 32 13 55 117 127 167 178 162 189 85 10 29 137 68 190 122 159 82 47 39 89 69 14 185 130 79 153 106 196 50 45 124 88 12 140 61 7 174 142 157 119 15 99 24 165 188 
passengers: 195 188 189 182 180 378 125 514 622 632 359 492 495 97 482 483 28 305 215 616 53 589 222 385 79 732 581 205 298 

4787.88	21731	21903
tour: 0 135 66 104 110 157 149 59 138 144 115 133 33 31 147 37 27 165 24 99 54 23 74 101 146 121 177 197 44 42 151 105 30 179 186 5 172 1 87 32 13 55 117 127 167 158 103 194 192 134 28 49 109 198 94 155 120 56 89 39 47 82 159 122 190 68 137 29 10 85 189 162 178 80 57 91 169 116 41 62 142 174 7 61 140 12 88 124 45 50 196 106 153 16 195 26 67 83 136 180 102 126 52 36 125 152 97 141 38 129 11 75 84 65 95 193 35 123 93 64 60 78 4 58 15 119 72 161 3 173 70 63 46 20 148 168 25 131 182 112 183 96 98 22 118 48 107 111 81 176 164 6 71 86 2 160 18 191 77 21 170 139 53 108 166 92 51 19 150 175 154 113 143 145 40 187 132 90 199 100 114 156 184 79 130 185 14 69 76 171 181 128 9 43 163 17 8 73 34 188 0 
bonus: 135 66 104 110 157 149 59 138 144 115 133 33 31 147 37 27 165 24 99 93 64 60 78 4 58 15 72 43 163 17 8 73 34 188 
passengers: 536 538 539 375 410 182 378 125 6 41 243 516 628 396 175 458 268 215 150 152 526 529 499 20 473 300 206 105 728 87 315 642 230 223 608 683 25 

