Fo(cost)	Fo(time)	Fo(bonus)

5578.83	6633	24982
tour: 0 2 41 20 14 19 38 34 18 28 13 46 4 16 44 10 37 5 25 33 49 1 31 8 12 3 6 29 15 40 22 9 11 45 27 7 39 36 17 30 26 48 21 42 35 24 47 43 23 32 0 
bonus: 2 41 20 14 19 38 34 18 28 13 46 4 16 44 10 37 5 25 33 49 1 31 40 45 27 7 39 36 17 30 26 48 21 42 35 24 47 43 23 32 
passengers: 4 60 57 13 49 51 38 10 19 47 22 

7373	6435	20808
tour: 0 2 41 20 14 19 38 31 1 49 33 34 18 28 13 46 4 16 44 10 37 5 25 26 30 17 36 39 7 27 45 11 9 22 40 15 29 6 3 12 8 48 21 42 35 24 47 43 23 32 0 
bonus: 2 41 20 14 19 38 31 1 49 33 34 18 28 13 46 4 16 44 10 37 5 25 26 8 48 21 42 35 24 47 43 23 32 
passengers: 2 4 3 68 6 74 75 13 49 15 55 11 28 31 

7292	6941	29656
tour: 0 2 38 19 14 20 41 15 29 6 3 12 8 48 21 42 40 22 9 11 45 27 7 39 36 17 30 26 25 5 37 10 44 16 4 46 13 28 18 34 33 49 1 31 35 24 47 43 23 32 0 
bonus: 2 38 19 14 20 41 15 29 6 3 12 8 48 21 42 40 22 9 11 45 27 7 39 36 17 30 26 25 5 37 10 44 16 4 46 13 28 18 34 33 49 1 31 35 24 47 43 23 32 
passengers: 1 0 5 11 30 22 24 53 52 

5644.5	6054	14559
tour: 0 32 23 43 47 24 35 42 21 48 45 27 7 39 36 17 30 26 25 33 49 1 31 28 13 46 4 16 44 10 37 5 14 19 38 34 18 8 12 3 6 29 15 40 22 9 11 20 41 2 0 
bonus: 32 23 47 1 31 28 13 46 4 16 44 10 37 5 14 19 38 34 18 20 41 2 
passengers: 1 2 22 53 52 74 13 49 51 38 19 47 46 37 

4193.67	5905	11393
tour: 0 32 23 43 47 24 35 42 21 48 26 30 17 36 39 7 27 45 8 12 3 6 29 20 41 15 40 22 4 16 44 11 9 34 18 46 13 28 31 1 49 33 25 5 37 10 14 19 38 2 0 
bonus: 32 23 43 47 24 35 42 21 48 26 30 17 7 6 29 20 41 
passengers: 1 73 55 26 19 68 47 46 37 36 7 75 

5537	6607	22126
tour: 0 32 23 6 3 12 8 45 27 7 39 36 17 30 26 48 21 42 43 47 24 35 31 1 49 33 25 5 37 10 14 19 38 34 18 28 13 46 4 16 44 11 9 22 40 15 29 20 41 2 0 
bonus: 32 23 6 3 12 8 45 27 7 39 36 17 30 26 21 42 43 47 24 35 31 1 49 33 25 5 37 16 44 11 9 22 40 15 29 20 41 2 
passengers: 1 5 11 10 28 22 6 7 74 16 12 14 49 37 72 

3869.17	6395	19823
tour: 0 2 38 19 14 10 37 5 25 26 30 17 36 39 7 27 45 8 12 3 48 21 42 43 47 24 35 31 1 49 33 34 18 28 13 46 4 16 44 11 9 22 40 15 41 20 29 6 23 32 0 
bonus: 2 38 19 14 10 37 5 25 26 30 17 36 39 7 27 45 8 12 3 48 16 44 11 9 22 40 15 41 20 29 6 23 32 
passengers: 4 44 45 15 24 28 40 6 56 12 14 

5085	6267	17543
tour: 0 32 30 26 25 33 49 1 31 28 13 46 4 16 44 10 37 5 14 19 38 34 18 17 36 39 7 27 45 8 12 3 48 21 42 35 24 47 43 23 6 29 15 40 22 9 11 20 41 2 0 
bonus: 32 30 26 25 33 49 1 31 28 13 46 4 16 44 10 37 5 14 19 38 34 18 17 36 39 7 41 2 
passengers: 2 3 74 75 6 13 51 15 44 26 71 19 47 37 

3261.17	5855	9903
tour: 0 32 16 44 10 37 5 14 19 38 34 18 46 13 28 31 1 49 33 25 26 30 17 36 39 7 27 45 8 12 3 48 21 42 35 24 47 43 23 6 29 15 40 4 22 9 11 20 41 2 0 
bonus: 32 16 44 10 37 5 34 27 45 8 12 3 48 21 9 11 2 
passengers: 16 17 44 30 28 31 71 19 47 72 37 

4106.17	6733	24960
tour: 0 32 23 43 47 24 35 42 21 48 26 30 17 36 39 7 27 45 8 12 3 6 29 15 41 20 11 9 40 22 4 34 18 46 13 28 31 1 49 33 25 44 16 10 37 5 14 19 38 2 0 
bonus: 32 23 43 47 24 35 42 21 48 26 30 17 7 6 29 15 41 20 11 9 40 22 4 34 18 46 13 28 31 1 33 25 44 16 10 37 5 14 19 38 2 
passengers: 1 73 55 26 19 47 46 68 36 32 7 75 

3630.83	6260	17464
tour: 0 32 16 44 10 14 37 5 19 38 34 18 46 13 28 31 1 49 33 25 26 30 17 36 39 7 27 45 8 12 3 48 21 42 35 24 47 43 23 6 29 15 40 4 22 9 11 20 41 2 0 
bonus: 32 16 44 10 14 37 5 19 38 34 18 46 13 28 31 25 36 39 7 27 45 8 12 3 48 21 9 11 2 
passengers: 16 17 60 59 30 28 31 71 19 47 72 37 

5992.5	6039	11726
tour: 0 32 23 6 29 15 41 20 11 9 40 22 4 46 13 28 18 34 33 49 1 31 35 24 47 43 42 21 48 3 12 8 45 27 7 39 36 17 30 26 25 44 16 10 37 5 14 19 38 2 0 
bonus: 32 23 6 29 15 20 1 24 30 26 25 44 16 10 37 5 14 19 38 2 
passengers: 0 2 19 47 36 58 73 11 10 22 54 

3504	6371	18677
tour: 0 2 38 19 14 16 44 10 37 5 25 26 30 17 36 39 7 27 45 8 12 3 48 21 42 43 47 24 35 31 1 49 33 34 18 28 13 46 4 22 40 9 11 20 41 15 29 6 23 32 0 
bonus: 2 38 19 14 16 44 10 37 5 25 26 30 17 36 39 7 27 12 3 48 22 40 9 11 20 41 15 29 6 23 32 
passengers: 4 44 45 51 24 28 40 6 56 12 14 

4917.5	5704	6078
tour: 0 2 38 19 14 5 37 10 44 16 4 22 40 9 11 20 41 15 29 34 18 46 13 28 31 35 24 47 43 42 21 48 8 45 27 7 1 49 33 25 26 30 17 36 39 12 3 6 23 32 0 
bonus: 2 38 19 36 39 12 3 6 23 32 
passengers: 0 4 60 61 66 67 58 22 

5928.5	5817	7664
tour: 0 2 38 19 14 5 37 10 44 16 4 22 40 9 11 20 41 15 29 6 3 48 21 42 43 47 24 35 31 28 13 46 18 34 33 49 1 7 27 45 8 12 39 36 17 30 26 25 23 32 0 
bonus: 2 38 19 37 41 15 29 6 30 26 25 23 32 
passengers: 0 4 61 62 66 67 10 59 22 

5604.5	7050	29656
tour: 0 2 38 19 14 37 5 25 26 30 17 36 39 1 7 27 45 8 12 3 48 21 42 43 47 24 35 31 28 13 46 18 34 33 49 10 44 16 4 22 40 9 11 20 41 15 29 6 23 32 0 
bonus: 2 38 19 14 37 5 25 26 30 17 36 39 1 7 27 45 8 12 3 48 21 42 43 47 24 35 31 28 13 46 18 34 33 49 10 44 16 4 22 40 9 11 20 41 15 29 6 23 32 
passengers: 4 3 44 45 24 28 31 57 74 49 50 12 

3703	6166	13590
tour: 0 2 38 19 14 5 37 10 16 44 25 26 30 17 36 39 12 8 45 27 7 1 49 33 34 18 3 48 21 42 43 47 24 35 31 28 13 46 4 22 40 9 11 20 41 15 29 6 23 32 0 
bonus: 2 38 19 14 5 37 10 16 1 49 33 34 18 3 48 21 42 43 47 24 23 32 
passengers: 4 44 45 15 28 31 23 56 42 43 

3637.67	6900	26522
tour: 0 32 30 26 25 44 16 4 22 40 9 11 20 41 15 29 46 13 28 31 1 7 27 45 8 48 21 42 35 24 47 43 23 6 3 12 39 36 17 18 34 33 49 10 37 5 14 19 38 2 0 
bonus: 32 30 26 25 44 16 4 22 40 9 11 20 41 15 29 46 13 28 31 1 7 27 45 8 48 21 42 35 24 47 43 23 6 3 34 33 49 10 37 5 14 19 38 2 
passengers: 0 49 50 36 70 66 24 28 73 18 41 75 

4632	5715	5273
tour: 0 2 38 19 14 5 37 10 49 33 34 18 46 13 28 31 35 42 21 48 26 25 44 16 4 22 40 9 11 20 41 15 29 24 47 43 23 6 3 12 8 45 27 7 1 39 36 17 30 32 0 
bonus: 2 38 19 37 39 36 17 30 32 
passengers: 2 4 60 64 74 56 12 36 35 11 22 

4993	6563	20553
tour: 0 32 30 17 36 39 1 7 27 45 8 12 3 6 23 43 47 24 29 15 41 20 11 9 40 22 4 16 44 10 49 33 34 18 46 13 28 31 35 42 21 48 26 25 5 37 14 19 38 2 0 
bonus: 32 30 17 36 41 20 11 9 40 22 4 16 44 10 49 33 34 18 46 13 28 31 35 42 21 48 26 25 5 37 14 19 38 2 
passengers: 5 3 55 26 19 47 48 68 32 71 

5244.33	6622	22178
tour: 0 2 38 19 14 5 37 10 16 44 25 26 30 17 36 39 41 20 11 9 22 4 40 15 29 24 47 43 42 21 48 35 31 28 13 46 18 34 33 49 1 7 27 45 8 12 3 6 23 32 0 
bonus: 2 38 19 14 5 37 10 16 44 25 26 30 17 36 39 41 20 9 4 40 15 29 24 47 43 42 21 48 35 31 28 13 7 23 32 
passengers: 4 62 64 49 65 39 42 

4858	6079	11456
tour: 0 2 38 19 14 5 37 10 16 44 25 26 48 21 42 35 31 28 13 46 18 34 33 49 1 7 27 45 8 12 3 6 23 43 47 24 29 15 40 4 22 9 11 20 41 39 36 17 30 32 0 
bonus: 2 38 19 37 23 43 47 15 40 22 9 11 20 41 39 36 17 30 32 
passengers: 1 4 60 63 42 56 74 19 47 46 12 

4623.5	6594	20783
tour: 0 32 30 17 36 39 41 20 11 9 22 4 40 15 29 24 47 43 23 6 3 12 8 45 27 7 1 49 33 34 18 46 13 28 31 35 42 21 48 26 25 5 37 10 44 16 14 19 38 2 0 
bonus: 32 30 17 36 39 41 20 11 9 22 4 40 15 29 24 47 43 23 6 3 12 8 27 26 25 5 37 10 44 16 14 19 38 2 
passengers: 0 55 65 11 10 28 31 23 71 

5181	7006	28277
tour: 0 32 23 6 3 48 21 42 43 47 24 35 31 28 13 46 29 15 41 20 11 9 40 4 22 18 34 33 49 1 7 27 45 8 12 39 36 17 30 26 25 5 37 10 44 16 14 19 38 2 0 
bonus: 32 23 6 3 48 21 42 43 47 24 35 31 28 13 41 20 11 9 40 4 22 18 34 33 49 1 7 27 45 8 12 39 36 17 30 26 25 5 37 10 44 16 14 19 38 2 
passengers: 1 5 19 47 46 68 36 32 75 7 22 54 

5051.5	6622	21131
tour: 0 32 23 6 3 48 21 42 43 47 24 35 31 28 13 46 29 15 41 20 11 9 40 4 22 18 34 33 49 1 7 27 45 8 12 39 36 17 30 26 25 44 16 14 10 37 5 19 38 2 0 
bonus: 32 23 6 3 48 21 42 43 47 24 35 31 28 13 41 20 11 9 40 4 22 18 34 33 49 1 7 27 45 8 12 19 38 2 
passengers: 1 5 19 47 46 68 36 32 75 7 22 54 

3569	6984	27497
tour: 0 32 30 26 25 23 6 29 15 41 20 11 9 40 22 4 46 13 28 31 35 24 47 43 42 21 1 7 27 45 8 48 3 12 39 36 17 18 34 33 49 10 44 16 14 37 5 19 38 2 0 
bonus: 32 30 26 25 23 6 29 15 41 20 11 9 40 22 4 46 13 28 31 35 24 47 42 7 27 45 8 48 3 12 39 36 17 34 33 49 10 44 16 14 37 5 19 38 2 
passengers: 0 19 47 46 36 35 22 23 24 54 57 75 

4610	5849	6596
tour: 0 2 38 19 5 37 10 14 16 44 25 26 48 21 42 35 31 28 13 46 29 15 40 4 22 9 11 20 41 39 36 12 3 6 23 43 47 24 8 45 27 7 1 49 33 34 18 17 30 32 0 
bonus: 2 38 19 5 37 33 34 18 17 30 32 
passengers: 1 4 64 63 47 46 36 35 33 59 58 

4098.83	6859	24803
tour: 0 2 38 19 14 37 5 25 26 30 17 18 34 33 49 10 16 44 11 9 40 22 4 46 13 28 31 35 42 21 48 3 12 36 39 1 7 27 45 8 24 47 43 29 15 41 20 6 23 32 0 
bonus: 2 38 19 14 37 5 25 26 30 17 18 34 33 49 10 28 31 35 42 21 48 3 12 36 39 1 7 27 45 8 24 47 43 29 15 41 20 6 23 32 
passengers: 4 60 64 53 57 49 39 73 11 10 26 27 

2675.42	6910	25251
tour: 0 32 23 6 20 41 15 29 43 47 24 8 45 27 7 1 21 42 35 31 28 13 46 4 22 40 9 11 44 16 10 49 33 34 18 48 3 12 39 36 17 30 26 25 5 37 14 19 38 2 0 
bonus: 32 23 6 20 41 15 29 27 21 42 35 31 28 13 46 4 22 40 9 11 44 16 10 49 33 34 18 48 3 12 39 36 17 30 26 25 5 37 14 19 38 2 
passengers: 19 70 30 28 6 12 14 32 33 51 75 59 41 54 

2591.17	6056	9393
tour: 0 32 23 6 20 41 15 29 43 47 24 8 45 27 7 1 39 36 12 3 48 21 42 35 31 28 13 46 4 22 40 9 11 44 16 14 37 10 49 33 34 18 17 30 26 25 5 19 38 2 0 
bonus: 32 23 6 20 41 15 29 27 39 21 42 35 31 22 40 9 37 
passengers: 19 70 66 28 6 12 14 13 37 75 59 

3840.5	6067	9970
tour: 0 32 30 26 25 33 49 10 37 5 19 14 16 44 17 36 12 3 6 23 43 47 24 8 45 27 7 1 39 41 20 11 9 22 4 40 15 29 46 13 28 31 35 42 21 48 18 34 38 2 0 
bonus: 32 30 26 25 33 49 10 37 5 19 40 15 29 46 13 28 31 
passengers: 2 75 38 15 62 40 11 30 65 72 71 

4724	6157	12264
tour: 0 32 23 6 3 12 36 39 1 7 27 45 8 24 47 43 29 15 41 20 11 9 40 22 4 46 13 28 31 35 42 21 48 18 34 33 49 10 37 14 16 44 17 30 26 25 5 19 38 2 0 
bonus: 32 23 6 3 12 36 39 46 13 28 31 35 42 21 48 18 34 37 14 44 
passengers: 5 3 19 11 6 30 47 33 13 71 75 

3072.83	6340	14166
tour: 0 10 49 33 34 18 17 30 26 25 44 16 14 37 5 19 38 2 41 15 29 43 47 24 8 45 27 7 1 39 36 12 3 48 21 42 35 31 28 13 46 4 22 40 9 11 20 6 23 32 0 
bonus: 10 49 33 34 18 17 30 26 25 44 16 14 37 5 19 38 3 48 21 42 6 23 32 
passengers: 2 75 59 58 54 55 44 15 28 26 40 42 12 

3837.33	6154	11910
tour: 0 31 28 13 46 18 34 33 49 10 44 16 14 37 5 19 38 2 4 22 40 9 11 20 41 15 29 43 47 24 35 42 21 1 7 27 45 8 48 26 25 23 6 3 12 39 36 17 30 32 0 
bonus: 31 28 13 46 18 34 33 49 10 29 43 47 24 35 7 27 25 30 32 
passengers: 2 56 57 74 49 12 36 70 22 31 73 

3277.17	6750	21692
tour: 0 32 30 26 25 33 49 10 37 5 19 14 16 44 17 36 39 12 4 22 40 9 11 20 41 15 29 46 13 28 31 35 42 21 1 7 27 45 8 24 47 43 23 6 3 48 18 34 38 2 0 
bonus: 32 30 26 25 33 49 10 37 5 19 14 16 44 17 36 39 12 4 22 40 9 11 20 41 15 29 46 13 7 27 45 8 24 47 34 2 
passengers: 2 74 75 15 62 40 12 14 36 70 71 23 24 

3477.83	6542	17280
tour: 0 10 49 33 34 18 46 13 28 31 35 42 21 23 6 3 48 26 25 44 16 14 37 5 19 38 2 4 22 40 9 11 20 41 15 29 43 47 24 8 45 27 7 1 39 12 36 17 30 32 0 
bonus: 10 49 33 34 18 46 13 28 31 35 42 21 23 6 3 48 26 25 44 16 14 37 22 39 12 36 17 30 32 
passengers: 2 42 43 71 21 18 49 45 12 36 70 22 

3268	6452	14688
tour: 0 32 30 26 25 23 6 3 12 39 36 17 44 16 14 37 5 19 38 2 4 22 40 9 11 20 41 15 29 46 13 28 31 35 24 47 43 42 21 1 7 27 45 8 48 18 34 33 49 10 0 
bonus: 32 30 26 25 23 6 3 12 39 36 17 44 16 14 37 5 19 38 2 22 18 34 33 49 10 
passengers: 5 21 18 40 49 16 12 36 66 23 24 

4435.17	7298	28912
tour: 0 31 28 13 46 35 42 21 1 7 27 45 8 24 47 43 29 15 41 39 36 12 3 48 18 34 33 49 10 37 14 16 44 17 30 26 25 5 19 38 2 4 22 40 9 11 20 6 23 32 0 
bonus: 31 28 13 46 35 42 21 1 7 27 45 8 24 47 43 29 15 41 39 36 12 3 48 18 34 33 49 10 37 14 16 44 30 26 25 5 19 38 2 4 22 40 9 11 20 6 23 32 
passengers: 3 31 48 59 58 49 61 62 

2998.5	6682	18254
tour: 0 31 28 13 46 35 42 21 1 39 36 12 3 6 23 7 27 45 8 24 47 43 29 15 41 20 11 9 40 22 4 2 38 19 5 25 26 48 18 34 33 49 10 37 14 16 44 17 30 32 0 
bonus: 31 28 13 46 35 42 21 39 23 7 27 45 8 24 47 43 29 15 41 20 11 25 10 37 14 16 44 30 32 
passengers: 3 42 43 11 19 26 30 47 68 37 72 60 59 58 

4087.42	7453	29656
tour: 0 31 28 13 46 35 42 21 23 25 26 30 17 44 16 14 37 10 49 33 34 18 48 3 6 20 11 9 4 40 22 5 19 38 2 41 15 29 43 47 24 8 45 27 7 1 39 36 12 32 0 
bonus: 31 28 13 46 35 42 21 23 25 26 30 17 44 16 14 37 10 49 33 34 18 48 3 6 20 11 9 4 40 22 5 19 38 2 41 15 29 43 47 24 8 45 27 7 1 39 36 12 32 
passengers: 54 49 50 38 19 39 37 72 

3588.17	7365	27823
tour: 0 31 28 13 46 35 42 21 1 7 27 45 8 24 47 43 29 15 41 39 36 12 3 6 20 11 9 5 19 38 2 4 22 40 23 25 26 48 18 34 33 49 10 37 14 16 44 17 30 32 0 
bonus: 31 28 13 46 35 42 21 1 7 27 45 8 24 47 43 29 15 41 39 36 12 3 6 20 11 9 5 19 38 2 40 23 25 26 48 18 34 33 49 10 37 14 16 44 30 32 
passengers: 3 26 27 47 65 66 37 13 59 58 

2924.75	7476	28937
tour: 0 32 30 26 25 23 6 20 11 17 44 16 14 37 9 40 22 4 2 38 19 5 48 3 12 36 39 41 15 29 43 47 24 8 45 27 7 1 21 42 35 31 28 13 46 34 18 33 49 10 0 
bonus: 32 30 26 25 23 6 20 11 17 44 16 14 37 9 40 22 4 2 38 19 5 48 3 12 36 39 41 15 29 43 47 24 8 45 27 7 1 21 42 35 31 28 13 46 34 33 49 10 
passengers: 21 18 20 51 37 72 15 73 11 28 23 24 

2626.25	7244	24578
tour: 0 32 30 26 25 23 7 27 45 8 24 47 43 29 15 41 39 36 12 3 6 20 11 17 44 16 14 37 10 49 33 34 18 48 9 40 22 5 19 38 2 4 1 21 42 35 46 13 28 31 0 
bonus: 32 30 26 25 23 7 27 45 8 24 47 43 29 15 41 39 36 12 3 37 49 33 34 18 48 9 40 22 5 19 38 2 4 1 21 42 35 46 13 28 31 
passengers: 26 27 48 68 66 74 75 37 16 

2517.75	6947	18904
tour: 0 32 30 26 25 23 7 27 45 8 24 47 43 29 15 41 2 38 19 5 22 40 4 9 37 14 16 10 49 33 34 18 48 3 6 20 11 17 44 12 36 39 1 21 42 35 46 13 28 31 0 
bonus: 32 30 26 25 23 7 5 22 40 4 9 37 14 16 48 3 6 20 11 17 44 12 36 39 1 21 42 35 46 13 28 31 
passengers: 25 30 29 60 12 13 32 38 59 58 70 53 52 

3429.83	7398	26407
tour: 0 28 31 47 43 29 15 41 39 12 36 13 46 35 42 21 1 7 27 45 8 24 26 25 23 40 22 4 2 38 19 5 9 11 20 6 3 48 18 34 33 49 10 37 14 16 44 17 30 32 0 
bonus: 28 31 47 43 29 15 41 39 12 36 13 46 35 42 21 1 7 27 45 8 24 26 25 23 40 9 11 20 6 3 48 18 34 33 49 10 37 14 16 44 17 30 32 
passengers: 71 6 7 12 9 32 33 21 

2759.83	7566	28510
tour: 0 31 47 43 29 15 41 39 36 12 44 16 14 37 10 49 33 34 18 48 3 6 20 28 13 46 35 42 21 1 7 27 45 8 24 26 25 23 40 22 4 2 38 19 5 9 11 17 30 32 0 
bonus: 31 47 43 29 15 41 39 36 12 44 16 14 37 10 49 33 34 18 48 3 6 20 28 13 46 35 42 21 1 7 27 24 26 25 23 40 22 4 2 38 19 5 9 11 17 30 32 
passengers: 48 38 73 11 10 70 6 30 29 72 12 14 

2613.17	7530	24138
tour: 0 28 31 47 43 29 15 41 39 36 12 44 16 14 37 10 49 33 25 26 24 8 45 27 9 23 7 1 21 42 35 46 13 6 3 48 18 34 19 5 22 40 4 2 38 20 11 17 30 32 0 
bonus: 28 31 47 43 29 15 41 39 36 12 44 16 14 37 10 49 33 25 26 24 8 1 21 42 35 46 13 34 19 5 22 40 4 2 38 20 11 17 30 32 
passengers: 48 44 45 28 36 23 7 71 58 72 

2454	7544	15021
tour: 0 28 35 46 13 44 12 29 15 41 39 45 8 24 26 25 23 9 27 7 1 21 42 43 47 31 36 40 22 4 2 38 20 6 3 48 5 19 34 18 33 49 10 37 14 16 11 17 30 32 0 
bonus: 28 35 46 13 44 12 29 15 41 39 25 27 7 1 21 42 43 47 38 6 11 17 30 32 
passengers: 47 46 28 37 36 6 71 13 9 8 21 18 49 50 

2434.67	7822	18331
tour: 0 28 21 42 43 29 15 41 16 14 37 9 23 25 26 24 8 45 39 1 7 27 11 17 30 32 12 44 13 46 35 36 31 47 40 22 4 2 38 20 6 3 48 5 19 34 18 33 49 10 0 
bonus: 28 21 42 43 29 15 41 16 14 37 9 23 25 26 24 8 45 39 1 7 27 17 30 32 12 44 13 2 38 6 
passengers: 47 46 49 36 35 22 39 53 52 72 13 9 8 60 

3966.83	8616	29656
tour: 0 32 30 17 11 16 14 37 10 49 33 18 34 19 38 2 4 1 7 13 44 12 20 6 3 48 5 22 40 47 31 36 35 46 27 9 23 25 26 24 8 45 39 41 15 29 43 42 21 28 0 
bonus: 32 30 17 11 16 14 37 10 49 33 18 34 19 38 2 4 1 7 13 44 12 20 6 3 48 5 22 40 47 31 36 35 46 27 9 23 25 26 24 8 45 39 41 15 29 43 42 21 28 
passengers: 2 54 39 44 74 7 26 42 65 28 

3459.08	9035	29656
tour: 0 28 46 27 9 23 7 13 44 17 11 16 14 37 32 30 26 25 41 15 29 12 40 22 5 48 3 6 20 38 2 4 1 21 42 43 47 31 36 35 39 45 8 24 19 34 18 33 49 10 0 
bonus: 28 46 27 9 23 7 13 44 17 11 16 14 37 32 30 26 25 41 15 29 12 40 22 5 48 3 6 20 38 2 4 1 21 42 43 47 31 36 35 39 45 8 24 19 34 18 33 49 10 
passengers: 22 54 55 51 40 41 72 73 70 60 

