Fo(cost)	Fo(time)	Fo(bonus)

5876	6246	17161
tour: 0 33 42 46 17 21 18 43 12 22 11 47 37 20 35 14 16 45 40 13 1 29 6 2 26 34 31 41 38 19 39 30 7 5 32 49 15 48 3 28 9 23 44 24 25 10 4 36 27 8 0 
bonus: 33 14 16 45 40 13 1 6 26 34 31 5 32 49 15 48 3 28 9 23 44 24 25 10 4 36 27 8 
passengers: 1 0 61 32 31 26 9 6 27 21 22 69 14 28 

6482.5	6649	25531
tour: 0 33 42 46 45 16 14 35 20 37 47 11 22 12 43 18 21 17 25 24 10 4 44 23 9 28 3 48 15 49 32 5 7 30 39 19 38 41 31 34 26 2 6 29 1 13 40 36 27 8 0 
bonus: 33 42 46 45 16 14 35 20 37 47 11 22 12 43 18 21 17 25 24 10 44 23 9 28 3 48 15 49 32 5 7 30 39 19 38 41 31 27 8 
passengers: 1 0 63 28 62 68 70 24 41 38 8 

6453	6551	23337
tour: 0 33 42 46 17 21 18 43 12 22 11 47 37 20 35 14 2 26 34 31 41 38 19 39 30 7 5 32 49 15 48 3 28 9 23 44 24 25 10 4 36 27 8 6 29 1 13 40 45 16 0 
bonus: 33 14 2 26 34 31 41 38 19 39 30 7 5 32 49 15 48 3 28 9 23 44 24 25 10 4 36 27 8 6 29 1 13 40 45 16 
passengers: 1 0 61 32 9 6 27 21 22 69 14 28 16 15 

7259	6439	21444
tour: 0 8 27 36 40 45 16 14 35 20 37 47 11 22 12 43 18 21 17 25 24 10 4 44 13 1 29 6 2 26 34 31 41 38 19 39 30 7 5 32 49 15 23 9 28 3 48 46 42 33 0 
bonus: 8 27 36 40 45 16 14 35 20 37 22 2 26 34 31 41 38 19 39 30 7 5 32 49 15 23 9 28 3 48 46 42 33 
passengers: 2 1 0 33 31 66 28 5 26 9 6 51 27 21 11 10 

3334.25	6316	18326
tour: 0 33 21 17 46 42 22 11 3 28 9 23 25 24 10 4 44 13 1 29 6 2 26 34 31 41 38 19 39 30 7 5 32 49 15 48 12 43 18 47 37 20 35 14 16 45 40 36 27 8 0 
bonus: 33 21 17 46 42 22 29 6 2 26 34 31 41 38 19 39 30 7 5 32 49 15 48 12 43 18 47 36 27 8 
passengers: 60 14 28 5 26 9 6 54 39 43 36 37 

3885.92	6955	30036
tour: 0 16 45 40 25 24 10 4 44 23 9 28 3 48 15 49 32 5 7 30 39 36 27 8 6 29 1 13 19 38 41 31 34 26 2 14 35 20 37 47 11 22 12 43 18 21 17 46 42 33 0 
bonus: 16 45 40 25 24 10 4 44 23 9 28 3 48 15 49 32 5 7 30 39 36 27 8 6 29 1 13 19 38 41 26 2 14 35 20 37 47 11 22 12 43 18 21 17 46 42 33 
passengers: 63 48 49 62 68 70 24 41 4 40 

6165.5	6583	23337
tour: 0 33 42 46 17 21 18 43 12 22 11 47 37 20 35 14 2 26 34 31 41 38 19 39 30 7 5 32 49 15 48 3 28 9 23 25 24 10 4 44 13 1 29 6 8 27 36 40 45 16 0 
bonus: 33 14 2 26 34 31 41 38 19 39 30 7 5 32 49 15 48 3 28 9 23 25 24 10 4 44 13 1 29 6 8 27 36 40 45 16 
passengers: 1 0 61 32 9 6 27 21 22 69 14 28 16 15 

3838.17	6001	12022
tour: 0 36 27 8 1 29 6 2 26 34 31 41 38 19 39 30 7 5 32 49 15 48 3 28 9 23 25 24 10 4 44 13 40 45 16 14 35 20 37 47 11 22 12 43 18 21 17 46 42 33 0 
bonus: 36 27 8 1 29 6 2 26 34 31 41 38 19 16 14 35 20 33 
passengers: 2 5 26 9 6 50 43 42 45 47 

3273	6617	24339
tour: 0 8 1 13 44 4 10 24 25 23 9 28 3 11 22 29 6 2 26 34 31 41 38 19 39 30 7 5 32 49 15 48 12 43 18 47 37 20 35 14 16 45 40 36 27 21 17 46 42 33 0 
bonus: 8 1 13 44 4 10 24 25 23 9 28 3 11 22 29 6 2 26 34 31 41 38 19 39 30 7 5 32 49 15 43 36 27 21 17 46 42 33 
passengers: 62 26 9 6 7 54 43 42 36 45 46 

2856.83	6403	20068
tour: 0 33 42 46 17 21 18 43 39 30 7 5 32 49 15 48 3 28 9 23 25 24 10 4 44 13 19 38 41 31 34 26 2 6 29 1 8 27 36 40 45 16 14 35 20 37 47 11 22 12 0 
bonus: 33 42 46 17 21 18 43 39 30 7 5 3 28 9 23 25 24 10 4 44 13 19 38 40 45 16 37 47 11 22 12 
passengers: 55 56 57 70 69 14 28 38 39 8 

3491.5	6051	12103
tour: 0 33 42 46 17 21 18 47 11 22 12 43 39 30 7 5 32 49 15 48 3 28 9 23 25 24 10 4 44 13 19 38 41 31 34 26 2 6 29 1 8 27 36 40 45 16 14 35 20 37 0 
bonus: 33 42 46 17 21 18 47 11 22 12 43 39 30 40 45 16 14 35 20 37 
passengers: 67 44 27 21 70 14 38 50 8 

3626.25	6569	22927
tour: 0 11 22 29 6 2 26 34 31 41 38 19 39 30 7 5 32 49 15 48 3 28 9 23 25 24 10 4 44 13 1 8 27 36 40 45 16 14 35 20 37 47 12 43 18 21 17 46 42 33 0 
bonus: 11 22 29 6 2 26 34 31 41 38 19 39 30 7 5 32 49 15 48 3 28 9 23 25 24 10 4 44 12 43 18 21 17 46 42 33 
passengers: 26 9 6 7 27 21 22 69 14 28 19 18 4 

4934.33	6878	28271
tour: 0 16 45 40 36 27 8 1 13 44 4 10 24 25 23 9 28 3 48 15 49 32 5 7 30 39 19 38 41 31 34 26 2 14 35 20 37 6 29 22 11 47 12 43 18 21 17 46 42 33 0 
bonus: 16 45 40 36 27 8 1 13 44 4 10 24 25 23 9 28 3 48 15 49 32 5 7 30 39 19 38 41 31 34 20 37 6 29 22 11 47 12 43 18 21 17 46 42 33 
passengers: 2 63 48 33 62 68 72 70 41 40 31 

6960	7039	31262
tour: 0 11 22 12 47 37 20 35 14 16 45 40 36 27 8 1 29 6 2 26 34 31 41 38 19 13 44 4 10 24 25 23 9 28 3 48 15 49 32 5 7 30 39 43 18 21 17 46 42 33 0 
bonus: 11 22 12 47 37 20 35 14 16 45 40 36 27 8 1 29 6 2 26 34 31 41 38 19 13 44 4 10 24 25 23 9 28 3 48 15 49 32 5 7 30 39 43 18 21 17 46 42 33 
passengers: 2 1 0 31 63 33 26 9 62 13 11 12 

4920.83	7042	31262
tour: 0 36 27 8 1 29 6 2 26 34 31 41 38 19 13 44 4 10 24 25 23 9 28 3 11 22 12 48 15 49 32 5 7 30 39 43 18 47 37 20 35 14 16 45 40 21 17 46 42 33 0 
bonus: 36 27 8 1 29 6 2 26 34 31 41 38 19 13 44 4 10 24 25 23 9 28 3 11 22 12 48 15 49 32 5 7 30 39 43 18 47 37 20 35 14 16 45 40 21 17 46 42 33 
passengers: 2 5 26 9 29 62 13 12 68 43 36 37 45 46 

2434.83	6567	22333
tour: 0 33 42 46 17 21 18 43 12 48 15 49 32 5 7 30 39 19 38 41 31 34 26 2 6 29 22 11 47 37 20 35 14 16 45 40 36 27 8 1 13 44 4 10 24 25 23 9 28 3 0 
bonus: 33 42 46 17 21 18 43 12 48 15 49 32 5 7 30 39 19 38 41 31 34 6 36 27 8 1 13 44 4 10 24 25 23 9 28 3 
passengers: 55 56 57 68 70 41 43 40 8 36 63 48 49 62 

2464.67	6235	17105
tour: 0 33 42 46 17 21 18 43 39 30 7 5 32 49 15 48 12 22 11 47 37 20 35 14 16 45 40 36 27 8 1 29 6 2 26 34 31 41 38 19 13 44 4 10 24 25 23 9 28 3 0 
bonus: 33 42 46 17 21 18 43 39 30 7 5 31 41 38 19 13 44 4 10 24 25 23 9 28 3 
passengers: 55 56 57 72 70 66 31 26 9 29 62 

2240.92	6433	18679
tour: 0 33 42 22 11 47 12 43 18 21 17 46 48 15 49 32 5 7 30 39 36 27 8 1 29 6 37 20 35 14 2 26 34 31 41 38 19 13 44 4 10 24 25 23 9 28 3 40 45 16 0 
bonus: 33 42 22 11 47 12 43 32 5 7 30 39 36 27 8 1 19 13 44 4 10 24 25 23 9 28 3 40 45 16 
passengers: 55 56 57 68 72 70 41 9 29 50 62 16 

6789	6538	21191
tour: 0 33 1 29 6 8 27 36 40 45 16 14 35 20 37 47 11 22 42 46 17 21 18 43 12 48 15 49 32 5 7 30 39 2 26 34 31 41 38 19 13 44 4 10 24 25 23 9 28 3 0 
bonus: 33 1 29 6 8 27 36 20 37 47 11 22 42 46 30 39 2 26 34 31 41 38 19 13 44 4 10 24 25 23 9 28 3 
passengers: 2 1 0 45 32 67 55 68 41 44 9 62 

2968.5	6464	20493
tour: 0 33 42 46 17 21 18 43 39 36 27 8 1 30 7 5 32 49 15 48 12 47 11 22 29 6 37 20 35 14 2 26 34 31 41 38 19 13 44 4 10 24 25 23 9 28 3 40 45 16 0 
bonus: 33 42 46 17 21 18 43 20 35 14 2 26 34 31 41 38 19 13 44 4 10 24 25 23 9 28 3 40 45 16 
passengers: 2 60 57 4 3 72 36 37 9 8 29 50 16 

2444.58	6388	19254
tour: 0 33 42 46 17 21 18 43 39 30 7 5 32 49 15 48 12 47 11 22 29 1 8 27 36 40 45 16 14 35 20 37 6 2 26 34 31 41 38 19 13 44 4 10 24 25 23 9 28 3 0 
bonus: 33 42 46 17 21 18 43 39 30 7 5 12 2 26 34 31 41 38 19 13 44 4 10 24 25 23 9 28 3 
passengers: 55 56 57 72 71 66 31 35 26 9 29 62 

2846.33	6543	21930
tour: 0 33 42 46 17 21 1 8 27 36 39 30 7 5 32 49 15 48 12 43 18 47 11 22 29 6 37 20 35 14 2 26 34 31 41 38 19 13 44 4 10 24 25 23 9 28 3 40 45 16 0 
bonus: 33 42 46 21 12 43 18 47 11 22 29 6 37 20 14 2 31 41 38 19 13 44 4 10 24 25 23 9 28 3 40 45 16 
passengers: 2 55 56 21 72 70 61 9 8 29 50 16 

2927.5	6676	23573
tour: 0 33 42 46 17 21 18 43 39 30 7 5 32 49 15 48 12 47 41 31 34 26 2 14 35 20 38 19 13 44 4 10 24 25 23 9 28 3 11 22 29 6 37 1 8 27 36 40 45 16 0 
bonus: 33 42 46 17 21 18 43 39 30 7 5 12 47 41 31 34 26 2 14 35 20 38 19 13 44 4 10 24 37 1 8 27 36 40 45 16 
passengers: 55 56 57 72 70 29 31 39 

3172.08	6820	26507
tour: 0 3 28 9 23 25 24 10 4 44 13 19 38 41 31 34 26 2 39 30 7 5 32 49 15 48 12 43 18 47 11 22 29 6 37 20 35 14 16 45 40 36 27 8 1 21 17 46 42 33 0 
bonus: 3 28 9 23 25 24 10 4 44 13 19 38 41 31 34 26 2 39 30 7 5 49 11 22 29 6 37 20 14 16 45 40 36 27 8 1 21 17 46 42 33 
passengers: 14 28 54 53 30 21 72 66 36 37 45 46 

2685.17	5754	4962
tour: 0 33 42 46 17 21 18 43 12 48 15 49 32 5 7 30 39 36 27 8 1 29 22 11 47 41 31 34 26 2 6 37 28 9 23 25 24 10 4 44 13 19 38 20 35 14 16 45 40 3 0 
bonus: 33 27 8 1 29 22 11 40 3 
passengers: 2 55 56 68 70 44 33 50 29 28 16 15 

3160.42	6857	26426
tour: 0 3 28 9 23 25 24 10 4 44 13 19 38 41 47 11 22 29 6 37 1 8 27 36 40 45 16 14 35 20 31 34 26 2 39 30 7 5 32 49 15 48 12 43 18 21 17 46 42 33 0 
bonus: 3 28 9 23 25 24 10 4 44 13 19 38 41 47 11 22 29 6 37 1 8 27 36 40 45 31 39 30 7 5 32 49 15 48 12 43 18 21 17 46 42 33 
passengers: 14 28 19 18 40 66 26 36 37 32 30 6 21 22 20 

2339.92	6110	12466
tour: 0 33 42 46 17 21 18 43 12 48 15 49 32 5 7 30 39 2 26 34 31 20 35 14 16 45 40 36 27 8 1 13 19 38 41 47 11 22 29 6 37 28 9 23 25 24 10 4 44 3 0 
bonus: 33 42 46 17 21 18 43 12 48 15 49 32 5 7 30 39 2 34 44 3 
passengers: 55 56 57 68 72 70 41 31 63 40 28 62 

2076.17	6398	17460
tour: 0 33 42 46 17 21 18 43 12 48 15 49 9 23 25 24 44 4 10 28 37 6 29 22 11 47 41 31 34 26 2 14 35 20 38 19 13 1 8 27 36 39 30 7 5 32 16 45 40 3 0 
bonus: 33 42 46 17 21 18 43 12 48 15 49 9 23 25 24 44 4 10 28 37 6 29 26 2 14 20 3 
passengers: 55 56 57 69 70 19 36 50 8 32 27 

2815.33	5916	8718
tour: 0 33 42 46 17 21 18 43 12 48 15 49 32 5 7 30 39 36 27 8 1 37 6 29 22 11 47 41 31 34 26 2 14 35 20 38 19 13 44 4 10 28 9 23 25 24 16 45 40 3 0 
bonus: 33 27 8 1 37 26 2 14 35 20 13 40 3 
passengers: 2 55 56 68 70 44 4 36 50 29 62 16 

3294	6022	10679
tour: 0 33 42 46 17 21 18 43 39 36 27 8 1 37 6 29 22 11 47 12 48 15 49 32 5 7 30 41 31 34 26 2 14 35 20 38 19 13 44 4 10 28 9 23 25 24 16 45 40 3 0 
bonus: 33 42 46 17 21 18 43 39 37 6 29 14 35 20 13 3 
passengers: 2 60 59 4 3 26 67 68 50 29 8 16 

3333.5	5875	6419
tour: 0 33 42 46 17 21 18 43 12 48 15 49 32 5 7 30 39 36 27 8 1 13 19 38 41 47 2 26 34 31 20 35 14 16 45 40 3 44 4 10 24 25 23 9 28 37 6 29 22 11 0 
bonus: 33 24 25 23 9 28 37 6 29 22 11 
passengers: 2 55 56 68 70 27 33 29 14 

2365.92	6887	24853
tour: 0 33 42 46 17 21 18 43 12 48 30 7 5 15 49 32 39 2 26 34 31 20 35 14 16 45 40 36 27 8 1 37 6 29 22 11 47 41 38 19 13 44 4 10 24 25 23 9 28 3 0 
bonus: 33 42 46 17 21 18 32 39 2 26 34 31 20 35 14 16 45 40 36 27 8 1 37 6 29 22 11 47 41 38 19 13 10 24 25 23 9 28 3 
passengers: 55 56 57 68 21 72 70 71 31 63 33 62 

3835.42	7169	30362
tour: 0 3 40 45 16 24 25 23 9 28 10 4 44 13 19 38 20 35 14 2 26 34 31 41 30 7 5 32 49 15 48 12 43 18 47 11 22 29 6 37 1 8 27 36 39 21 17 46 42 33 0 
bonus: 3 40 45 16 24 25 23 9 28 10 4 13 19 38 20 35 14 2 26 34 31 41 30 7 5 32 49 15 48 12 43 18 47 11 22 29 6 37 1 8 27 36 39 21 17 46 42 33 
passengers: 48 49 63 32 9 30 54 21 22 66 

1996	6310	14776
tour: 0 33 42 46 17 21 18 43 12 48 15 49 32 5 7 30 41 47 11 22 29 6 37 1 8 27 36 39 2 26 34 31 20 35 14 38 19 13 44 4 10 24 25 23 9 28 16 45 40 3 0 
bonus: 33 42 46 17 21 18 43 12 48 15 49 32 5 7 30 41 22 31 20 35 14 38 3 
passengers: 55 56 57 68 70 24 54 66 26 5 8 29 62 16 

2699.92	6830	23630
tour: 0 33 42 46 17 21 18 43 12 48 30 7 5 15 49 9 23 25 24 44 4 10 28 37 6 29 22 11 47 41 31 34 26 2 14 35 20 38 19 13 1 8 27 36 39 32 16 45 40 3 0 
bonus: 33 42 46 17 21 18 9 23 25 24 44 4 10 28 37 6 29 22 11 47 41 31 34 26 2 14 35 20 38 19 13 1 8 27 36 40 3 
passengers: 55 56 57 68 21 19 18 36 50 8 38 43 

3606.17	7275	31262
tour: 0 3 40 45 16 28 10 4 44 24 25 23 9 49 32 39 36 27 8 1 37 6 29 22 11 47 41 31 34 26 2 14 35 20 38 19 13 30 7 5 15 48 12 43 18 21 17 46 42 33 0 
bonus: 3 40 45 16 28 10 4 44 24 25 23 9 49 32 39 36 27 8 1 37 6 29 22 11 47 41 31 34 26 2 14 35 20 38 19 13 30 7 5 15 48 12 43 18 21 17 46 42 33 
passengers: 14 48 49 44 4 3 36 37 30 32 20 

2579.17	6819	22424
tour: 0 33 42 46 17 21 18 43 12 48 15 5 7 30 4 44 3 40 45 16 14 35 20 31 34 26 2 47 41 38 19 13 1 8 27 36 39 32 49 9 23 25 24 10 28 37 6 29 22 11 0 
bonus: 33 42 46 17 21 18 43 12 48 15 5 7 30 4 44 3 40 41 38 19 13 1 8 27 36 39 32 49 9 23 25 24 37 6 29 22 11 
passengers: 55 65 64 68 27 19 18 9 38 39 4 33 

2118.75	5935	6510
tour: 0 33 42 46 17 21 18 43 2 26 11 22 29 6 37 1 8 27 36 39 32 49 15 5 7 30 48 12 47 41 31 34 14 35 20 38 19 13 44 4 10 24 25 23 9 28 16 45 40 3 0 
bonus: 33 19 13 44 4 10 24 40 3 
passengers: 60 65 61 6 41 44 20 50 29 62 16 

2097.92	6602	18158
tour: 0 33 42 46 17 21 18 43 12 48 30 7 5 15 49 32 39 36 27 8 1 37 6 29 22 11 26 2 14 35 20 31 34 47 41 38 19 13 44 4 10 28 9 23 25 24 16 45 40 3 0 
bonus: 33 42 46 17 21 18 32 39 36 37 47 41 38 19 13 44 4 10 28 9 23 25 24 16 45 40 3 
passengers: 55 56 57 68 21 72 70 71 29 50 62 16 

3090.75	7113	27354
tour: 0 33 42 46 17 21 39 32 49 15 5 7 30 48 12 43 18 4 10 28 9 23 25 24 44 13 19 38 20 35 14 2 26 34 31 41 47 11 22 29 6 37 1 8 27 36 16 45 40 3 0 
bonus: 33 42 46 17 21 39 32 49 15 5 7 30 48 12 43 18 4 10 28 9 23 25 24 44 13 19 26 34 31 41 47 11 22 29 6 37 1 8 27 36 16 45 40 3 
passengers: 55 56 57 20 69 61 39 31 9 54 66 

3013.17	7340	31262
tour: 0 33 42 46 17 21 18 43 12 48 30 7 5 15 34 31 20 35 14 2 26 13 19 38 41 47 11 22 29 6 37 1 8 27 36 39 32 49 9 23 25 24 44 4 10 28 16 45 40 3 0 
bonus: 33 42 46 17 21 18 43 12 48 30 7 5 15 34 31 20 35 14 2 26 13 19 38 41 47 11 22 29 6 37 1 8 27 36 39 32 49 9 23 25 24 44 4 10 28 16 45 40 3 
passengers: 55 65 64 68 31 9 40 54 66 33 34 43 

2872.83	7168	25276
tour: 0 33 42 46 17 21 39 32 49 15 5 7 30 48 12 47 41 31 34 14 35 20 38 19 13 26 2 43 18 4 10 28 9 23 25 24 44 3 40 45 16 36 27 8 1 37 6 29 22 11 0 
bonus: 33 42 46 17 21 39 32 49 15 5 7 30 48 12 47 41 31 34 14 35 20 38 10 28 9 23 25 24 44 3 40 16 36 27 8 1 37 6 29 22 11 
passengers: 55 56 57 72 70 29 8 16 15 4 3 

2955.67	7455	28488
tour: 0 3 40 45 16 18 4 44 13 19 38 41 47 2 26 11 22 29 6 37 1 8 27 36 5 7 30 48 12 43 23 9 28 10 24 25 17 21 39 32 49 15 34 31 20 35 14 46 42 33 0 
bonus: 3 40 45 16 18 4 44 13 19 38 41 47 2 26 11 22 6 1 8 27 36 5 7 30 48 12 43 23 9 28 10 24 25 17 21 39 32 15 34 31 20 35 14 46 42 33 
passengers: 14 48 49 40 39 54 66 33 34 21 72 70 71 

2247.83	7026	19513
tour: 0 11 26 2 47 41 38 19 13 30 7 5 15 34 31 20 35 14 46 17 21 39 32 49 9 28 10 24 25 23 43 12 48 45 16 18 4 44 3 40 36 27 8 1 37 6 29 22 42 33 0 
bonus: 11 26 2 47 41 38 19 13 30 7 5 15 34 31 20 35 46 17 21 39 32 36 27 8 1 37 6 29 22 42 33 
passengers: 9 67 51 52 21 43 28 63 62 11 10 45 

2855.25	7832	28949
tour: 0 11 22 29 30 12 48 45 31 34 43 23 9 28 10 24 25 17 46 14 35 20 42 26 2 47 41 38 19 13 7 5 15 49 32 39 21 4 18 16 36 40 3 44 27 8 6 37 1 33 0 
bonus: 11 22 29 30 12 48 45 31 34 43 23 9 24 25 17 46 14 35 20 42 2 47 41 38 19 13 7 5 15 49 32 39 21 4 18 16 36 40 3 44 27 8 6 37 1 33 
passengers: 69 61 65 64 9 27 21 22 43 42 48 49 14 

2284.83	7686	24334
tour: 0 11 22 29 6 37 13 19 38 41 47 2 26 42 20 35 14 46 17 25 23 43 34 31 45 48 12 30 7 5 15 49 32 39 21 4 18 16 36 40 3 9 28 10 24 44 27 8 1 33 0 
bonus: 11 22 29 6 37 13 19 38 41 47 2 26 42 20 12 30 7 5 15 49 32 39 21 4 18 16 36 40 3 9 28 10 24 44 27 8 1 33 
passengers: 26 36 37 55 32 65 68 27 21 22 43 42 48 49 14 

2420.83	8027	27578
tour: 0 33 1 8 27 6 37 12 48 45 31 34 43 23 25 17 14 46 15 5 7 13 19 38 41 47 2 26 42 20 35 21 39 32 49 9 28 10 24 44 3 40 36 16 18 4 30 29 22 11 0 
bonus: 33 1 8 27 6 37 12 48 45 31 34 43 23 25 17 14 46 15 5 7 13 19 2 26 42 20 35 21 49 9 28 10 24 44 3 40 36 16 18 4 30 29 22 11 
passengers: 4 3 35 30 61 65 21 22 8 28 62 

2231.25	7734	20701
tour: 0 11 26 2 47 41 46 14 38 19 13 7 5 15 34 31 45 48 12 30 4 18 16 36 40 3 44 27 8 1 23 43 24 25 17 22 29 6 37 28 10 32 49 9 39 21 35 20 42 33 0 
bonus: 11 26 2 47 41 46 14 38 19 13 7 5 15 34 31 45 48 12 30 4 18 16 36 40 32 49 9 39 21 35 20 42 33 
passengers: 9 67 50 51 65 27 20 63 33 34 13 36 72 71 

2569.5	8226	28794
tour: 0 33 1 23 43 34 31 45 48 12 30 4 41 47 2 26 42 20 35 21 39 9 28 10 32 49 15 5 7 13 19 38 14 46 17 25 24 44 27 8 3 40 36 16 18 37 6 29 22 11 0 
bonus: 33 1 23 43 34 31 45 48 12 30 4 41 47 2 26 42 20 35 21 39 9 28 15 5 7 13 19 38 14 46 17 25 24 44 27 8 3 40 36 16 18 37 6 29 22 11 
passengers: 61 29 63 19 18 6 7 56 41 27 39 62 

2821.75	8261	29288
tour: 0 33 42 20 31 34 15 5 7 13 19 38 45 48 12 30 29 22 11 26 2 47 41 4 18 16 36 40 3 44 24 25 17 46 14 35 21 39 9 49 32 10 28 37 6 27 8 1 23 43 0 
bonus: 33 42 20 31 34 15 5 7 13 19 12 30 29 22 11 26 2 47 41 4 18 16 36 40 3 44 24 25 17 46 14 35 21 39 9 49 32 10 28 37 6 27 8 1 23 43 
passengers: 55 30 20 63 9 8 51 17 48 31 

2313.42	8402	30141
tour: 0 33 42 20 31 34 43 23 1 8 27 6 37 28 10 32 49 9 39 21 35 14 46 15 5 7 13 19 38 45 48 12 30 29 22 17 25 24 44 3 40 36 16 18 4 41 47 2 26 11 0 
bonus: 33 42 20 31 34 43 23 1 8 27 6 37 28 10 32 49 9 39 21 35 14 46 15 5 7 13 19 38 45 48 12 30 29 22 17 25 24 44 3 40 36 16 41 47 2 26 11 
passengers: 60 59 4 3 36 37 72 32 65 64 20 27 63 62 19 18 54 

2943.42	8548	31262
tour: 0 11 22 29 30 12 48 45 38 19 13 7 5 15 46 14 17 25 24 44 3 26 2 47 41 4 18 16 36 40 37 6 27 8 1 23 43 34 31 49 32 10 28 9 39 21 35 20 42 33 0 
bonus: 11 22 29 30 12 48 45 38 19 13 7 5 15 46 14 17 25 24 44 3 26 2 47 41 4 18 16 36 40 37 6 27 8 1 23 43 34 31 49 32 10 28 9 39 21 35 20 42 33 
passengers: 68 27 62 9 8 66 33 47 72 71 

2242.75	8334	26121
tour: 0 11 26 2 47 41 4 34 31 45 38 19 13 7 5 15 46 14 25 17 22 29 30 12 48 18 16 36 40 3 44 24 43 23 1 8 27 6 37 28 10 32 49 9 39 21 35 20 42 33 0 
bonus: 11 26 2 47 41 4 34 31 45 38 19 13 7 5 15 46 14 25 17 22 44 24 43 23 1 8 27 6 37 28 10 32 49 9 39 21 35 20 42 33 
passengers: 9 67 50 51 27 20 33 34 13 4 36 72 71 

2056.58	8321	23998
tour: 0 33 1 23 43 34 31 45 38 19 13 7 5 15 46 14 25 17 22 29 30 12 48 49 32 42 20 35 21 39 9 28 10 24 44 3 8 27 6 37 40 36 16 18 4 41 47 2 26 11 0 
bonus: 33 1 23 43 34 31 45 38 19 13 7 5 15 46 14 25 17 22 29 30 12 24 44 3 8 27 6 37 40 36 16 18 4 41 47 2 26 11 
passengers: 5 30 21 22 20 69 72 71 31 43 28 26 19 18 

