Fo(cost)	Fo(time)	Fo(bonus)

3972.67	6987	30137
tour: 0 5 34 36 35 14 26 23 4 2 31 7 30 45 13 40 1 19 18 20 21 25 10 6 46 15 38 24 28 48 27 41 22 32 16 8 33 44 9 49 47 37 3 11 17 43 29 12 42 39 0 
bonus: 5 34 36 35 14 26 23 4 2 31 7 30 45 13 40 1 19 18 20 21 25 10 6 46 15 38 24 28 48 27 41 22 32 16 8 33 44 9 49 47 37 3 11 17 43 29 12 42 39 
passengers: 40 10 11 3 59 58 50 49 51 45 

3941.42	6930	29208
tour: 0 5 34 26 14 35 36 31 7 22 32 16 23 4 2 30 45 13 40 1 19 18 20 21 25 10 6 46 15 38 24 28 48 27 41 8 33 44 9 49 47 37 3 11 17 43 29 12 42 39 0 
bonus: 5 34 26 14 35 36 31 7 22 32 16 23 4 2 30 45 13 40 1 19 21 25 10 6 46 15 38 24 28 48 27 41 8 33 44 9 49 47 37 3 11 17 43 29 12 42 39 
passengers: 35 10 59 58 7 50 51 31 45 

3912.42	6311	16616
tour: 0 39 42 12 29 43 17 11 21 20 18 19 1 40 25 10 6 46 15 38 24 28 48 27 33 8 41 22 32 16 23 4 2 30 45 13 44 9 49 47 37 3 7 31 36 35 14 26 34 5 0 
bonus: 39 42 12 29 43 17 11 21 20 18 19 1 40 25 10 6 33 8 41 22 32 16 36 35 14 26 34 5 
passengers: 7 6 59 50 27 26 36 10 11 47 40 

2614.75	6421	19274
tour: 0 5 34 21 20 18 19 1 40 25 10 6 46 15 38 24 28 48 27 41 22 32 16 8 33 44 13 45 30 2 4 23 26 14 35 36 31 7 9 49 47 37 3 11 17 43 29 12 42 39 0 
bonus: 5 34 21 20 18 19 1 40 25 10 6 46 15 38 24 28 48 27 41 22 32 16 8 33 44 13 45 30 2 4 23 26 
passengers: 39 38 7 50 14 27 36 11 24 20 34 45 

2789.58	6547	21477
tour: 0 39 42 12 29 43 17 11 3 37 47 49 9 7 31 2 4 23 16 26 14 35 36 34 5 25 21 20 18 19 1 40 45 30 10 6 46 15 38 24 28 48 27 33 8 41 22 32 44 13 0 
bonus: 39 42 12 29 43 17 11 3 37 47 49 9 7 31 2 4 23 16 14 35 36 34 5 21 20 19 48 27 33 8 41 22 32 44 13 
passengers: 67 4 32 0 3 22 43 7 50 27 26 

2626.25	6157	15107
tour: 0 5 34 21 20 18 19 1 40 25 10 6 46 15 38 24 28 48 27 33 8 41 22 32 44 13 45 30 2 4 23 16 26 14 35 36 31 7 9 49 47 37 3 11 17 43 29 12 42 39 0 
bonus: 5 34 21 20 18 19 1 40 25 10 6 46 15 38 24 28 48 27 33 8 41 22 16 26 
passengers: 39 38 7 50 14 27 36 11 24 20 34 45 

4173.17	6537	22032
tour: 0 13 44 32 22 45 30 10 6 46 15 38 24 28 48 27 41 8 33 21 20 18 19 1 40 25 5 34 36 35 14 26 16 23 4 2 31 7 9 49 47 37 3 11 17 43 29 12 42 39 0 
bonus: 13 44 32 22 45 30 10 6 46 15 38 24 28 48 27 41 8 33 21 20 18 19 1 40 25 5 34 36 35 14 26 31 12 42 39 
passengers: 50 51 14 17 18 16 44 40 20 21 45 

2525.25	6454	19274
tour: 0 13 40 1 19 18 20 21 34 5 25 10 6 46 15 38 24 28 48 27 41 8 33 44 32 22 45 30 2 4 23 16 26 14 35 36 31 7 9 49 47 37 3 11 17 43 29 12 42 39 0 
bonus: 13 40 1 19 18 20 21 34 5 25 10 6 46 15 38 24 28 48 27 41 8 33 44 32 22 45 30 2 4 23 16 26 
passengers: 59 58 7 50 49 27 36 11 24 20 34 45 

3239.25	5954	11727
tour: 0 39 42 12 29 43 17 11 3 37 47 49 9 7 35 36 31 2 4 23 16 22 32 44 33 8 41 27 48 28 24 38 15 46 6 10 30 45 13 40 1 19 18 20 21 25 14 26 34 5 0 
bonus: 39 48 28 24 38 15 46 10 1 19 18 20 21 25 14 26 34 5 
passengers: 53 55 54 41 42 43 25 16 

2851.67	6658	23540
tour: 0 5 34 21 20 18 19 1 40 25 14 26 16 23 4 2 31 36 35 7 9 44 32 22 41 8 33 27 48 28 24 38 15 46 6 10 30 45 13 49 47 37 3 11 17 43 29 12 42 39 0 
bonus: 5 34 21 20 18 19 1 40 25 14 26 16 23 4 2 31 36 35 7 9 44 32 22 48 38 15 46 6 10 30 45 13 49 47 37 3 43 42 39 
passengers: 39 17 18 19 42 41 2 31 33 45 

2479.33	6839	25694
tour: 0 5 34 26 14 25 40 1 19 18 20 21 33 8 41 27 48 28 24 38 15 46 6 10 30 45 13 44 32 22 16 23 4 2 31 36 35 7 9 49 47 37 3 11 17 43 29 12 42 39 0 
bonus: 5 34 26 14 25 40 1 19 18 20 21 33 38 15 46 6 10 30 45 13 44 32 22 16 23 4 2 31 36 35 7 9 49 47 37 3 11 17 43 29 12 42 39 
passengers: 39 38 22 59 13 48 49 11 34 44 45 

3428.42	5893	10880
tour: 0 39 42 12 29 43 17 11 3 37 47 49 9 7 31 36 35 14 26 16 23 4 2 30 45 22 32 44 33 8 41 27 48 28 24 38 15 46 6 10 1 19 18 20 21 34 5 25 40 13 0 
bonus: 39 42 12 15 46 6 10 1 19 18 20 21 34 5 25 40 13 
passengers: 53 55 67 0 42 40 22 10 37 39 

2828.5	6251	15217
tour: 0 5 34 21 20 18 13 45 30 10 6 46 15 38 24 28 48 27 41 8 33 44 32 22 36 35 7 31 2 4 23 16 26 14 25 40 1 19 9 49 47 37 3 11 17 43 29 12 42 39 0 
bonus: 5 34 21 20 18 13 45 30 10 6 46 15 38 41 8 33 44 32 22 36 35 7 31 16 26 25 
passengers: 7 6 50 27 26 36 40 3 24 20 57 45 

3219.25	5855	9487
tour: 0 39 42 12 29 43 17 11 3 37 47 49 9 7 35 36 31 2 4 23 16 26 14 25 40 1 19 44 32 22 41 8 33 27 48 28 24 38 15 46 6 10 30 45 13 18 20 21 34 5 0 
bonus: 39 24 38 15 46 6 10 30 45 13 18 20 21 34 5 
passengers: 53 55 54 40 42 43 22 

3294.25	6610	22420
tour: 0 39 42 12 29 43 17 11 3 37 47 49 13 44 32 33 8 41 22 45 30 10 6 46 15 38 24 28 48 27 9 7 35 36 31 2 4 23 16 26 14 25 40 1 19 18 20 21 34 5 0 
bonus: 39 42 12 29 43 17 11 3 37 47 49 13 44 32 33 8 22 10 6 46 15 38 24 28 48 27 9 7 31 1 19 18 20 21 34 5 
passengers: 67 46 37 48 12 25 16 

2990.58	6520	19934
tour: 0 13 45 30 10 6 46 15 38 24 28 48 25 40 1 19 18 20 21 17 11 3 37 47 49 9 7 35 36 31 2 4 27 41 8 33 44 32 22 16 23 43 29 12 42 39 14 26 34 5 0 
bonus: 13 45 30 10 6 46 15 38 24 28 48 31 2 4 27 41 8 33 44 32 22 16 23 43 29 12 42 39 14 26 34 5 
passengers: 31 17 19 47 41 42 34 27 26 64 63 4 52 

2634.17	6622	22560
tour: 0 5 34 21 20 18 19 1 40 25 48 28 24 38 15 46 6 10 30 45 22 32 44 33 8 41 27 9 7 35 36 31 2 4 23 16 26 14 39 42 12 29 43 17 11 3 37 47 49 13 0 
bonus: 5 34 21 20 18 19 1 40 25 48 28 24 38 15 46 6 10 30 45 22 32 44 33 8 41 27 12 29 43 17 11 3 37 47 49 13 
passengers: 39 38 7 14 15 13 36 64 63 9 67 

3825.33	7109	30137
tour: 0 13 45 30 10 6 46 15 38 24 28 48 27 41 8 33 44 32 22 16 23 4 2 31 36 35 7 9 49 47 37 3 11 21 17 43 29 12 42 20 18 19 1 40 25 5 34 26 14 39 0 
bonus: 13 45 30 10 6 46 15 38 24 28 48 27 41 8 33 44 32 22 16 23 4 2 31 36 35 7 9 49 47 37 3 11 21 17 43 29 12 42 20 18 19 1 40 25 5 34 26 14 39 
passengers: 50 48 49 36 11 45 4 60 16 24 23 

2532.83	6445	18558
tour: 0 5 34 21 20 18 13 49 47 37 3 11 17 43 29 12 42 48 28 24 38 15 46 6 10 30 45 22 32 44 33 8 41 27 4 23 16 26 14 25 40 1 19 9 7 35 36 31 2 39 0 
bonus: 5 34 21 20 18 13 49 47 37 3 11 17 43 29 28 24 38 15 46 6 10 30 45 22 32 4 23 16 2 39 
passengers: 7 8 45 5 14 15 36 62 25 11 60 

3231.58	6924	26795
tour: 0 13 23 16 26 14 39 42 12 29 43 17 11 3 37 47 49 9 7 35 36 31 2 4 27 41 8 33 44 32 22 45 30 10 6 46 15 38 24 28 48 25 40 1 19 18 20 21 34 5 0 
bonus: 13 23 16 26 14 39 42 12 29 43 17 11 3 36 31 2 4 27 41 8 33 44 32 22 45 30 10 6 46 15 38 24 28 48 25 40 1 19 18 20 21 34 5 
passengers: 9 24 20 53 32 47 41 42 27 26 37 16 

3123.25	7127	30137
tour: 0 39 41 8 33 44 32 22 45 30 10 6 46 15 38 24 28 48 27 4 2 31 36 35 7 9 19 1 40 25 14 26 16 23 43 29 12 42 20 18 13 49 47 37 3 11 17 21 34 5 0 
bonus: 39 41 8 33 44 32 22 45 30 10 6 46 15 38 24 28 48 27 4 2 31 36 35 7 9 19 1 40 25 14 26 16 23 43 29 12 42 20 18 13 49 47 37 3 11 17 21 34 5 
passengers: 37 48 12 25 34 44 57 67 

3247.83	6322	17915
tour: 0 39 42 12 29 43 23 16 26 14 25 40 1 19 44 32 33 8 41 22 45 30 10 6 46 15 38 24 28 48 27 4 2 31 36 35 7 9 49 47 17 11 3 37 5 34 21 20 18 13 0 
bonus: 39 42 12 29 43 24 28 48 27 4 2 31 36 35 7 9 49 47 17 3 37 5 34 21 20 18 13 
passengers: 4 10 22 59 48 12 31 

2469.5	6569	19334
tour: 0 13 18 20 32 22 45 30 10 6 46 15 38 24 28 48 27 41 8 33 44 19 1 40 25 14 39 42 12 29 43 17 21 11 3 37 47 49 9 7 35 36 31 2 4 23 16 26 34 5 0 
bonus: 13 18 20 32 22 45 30 10 6 46 15 41 8 33 44 19 1 40 25 14 39 42 12 29 36 31 2 4 16 26 34 5 
passengers: 7 6 50 25 27 64 57 60 53 67 0 47 40 

2550.5	6789	23700
tour: 0 39 14 25 40 1 19 44 32 33 8 41 22 45 30 10 6 46 15 38 24 28 48 27 4 2 31 36 35 7 9 49 47 37 3 11 21 17 43 29 12 42 20 18 13 23 16 26 34 5 0 
bonus: 39 14 25 40 1 19 44 32 33 8 41 24 28 48 27 4 2 31 36 35 7 9 49 47 37 3 11 21 17 43 29 12 42 13 16 26 34 5 
passengers: 59 58 37 48 12 31 34 44 0 4 

2391.42	6270	14466
tour: 0 13 18 20 32 44 33 8 41 22 45 30 10 6 46 15 38 24 28 48 27 4 2 31 36 35 7 9 19 1 40 25 14 26 34 5 37 3 11 21 17 47 49 16 23 43 29 12 42 39 0 
bonus: 13 18 20 32 44 33 8 48 27 4 2 31 36 35 7 9 19 1 40 25 14 26 34 37 
passengers: 7 37 48 12 25 40 3 57 16 24 45 0 9 

2571.17	6363	15944
tour: 0 39 14 25 40 1 19 44 32 33 8 41 22 45 30 10 6 46 15 38 24 28 48 27 4 2 31 36 35 7 9 49 47 17 21 11 3 37 5 34 26 16 23 43 29 12 42 20 18 13 0 
bonus: 39 14 25 40 1 19 44 32 33 8 41 24 28 48 27 4 2 31 36 35 7 9 42 20 18 13 
passengers: 59 58 37 48 12 31 34 44 0 9 

2906.08	6059	10942
tour: 0 13 18 20 42 12 29 43 23 16 32 44 33 8 41 22 45 30 10 6 46 15 38 24 28 48 27 4 2 31 36 35 7 9 49 47 17 21 11 3 37 5 34 26 1 19 40 25 14 39 0 
bonus: 13 18 20 42 12 29 43 23 22 4 2 31 36 35 7 14 39 
passengers: 8 5 10 37 48 12 3 39 24 

2155.75	5794	5391
tour: 0 13 18 20 32 22 45 30 10 6 46 15 38 24 28 48 42 12 29 43 23 16 26 34 5 37 3 11 21 17 47 49 9 7 35 36 31 2 4 27 41 8 33 44 19 1 40 25 14 39 0 
bonus: 13 18 20 32 22 45 30 14 39 
passengers: 7 8 33 31 5 32 3 41 25 27 62 60 

2466.25	6580	19694
tour: 0 39 14 25 40 1 19 18 20 32 44 33 8 41 22 45 30 10 6 46 15 38 24 28 47 49 9 7 35 36 31 2 4 27 48 42 12 29 43 17 21 11 3 37 5 34 26 16 23 13 0 
bonus: 39 14 25 40 1 47 49 9 7 35 36 31 2 4 27 48 42 12 29 43 17 21 11 3 37 5 34 26 16 23 13 
passengers: 59 58 7 48 12 41 34 30 28 67 4 0 

2607.75	6064	11055
tour: 0 13 49 47 14 25 40 1 19 18 20 32 44 33 8 41 22 45 30 10 6 46 15 38 24 28 48 27 9 7 35 36 31 2 4 23 16 26 34 5 37 3 11 21 17 43 29 12 42 39 0 
bonus: 13 49 47 14 25 40 1 48 27 9 7 35 36 21 12 42 39 
passengers: 59 58 7 48 12 31 34 9 

2275.75	6108	9723
tour: 0 13 18 20 42 12 29 43 23 16 26 34 5 37 3 11 17 47 49 9 7 35 36 31 2 4 27 48 28 24 38 21 33 8 41 22 45 30 10 6 46 15 32 44 19 1 40 25 14 39 0 
bonus: 13 18 20 42 12 29 43 23 38 21 33 8 41 10 25 14 39 
passengers: 8 67 5 32 1 2 27 14 15 62 61 60 

2379.92	6467	17627
tour: 0 13 23 43 29 12 42 48 28 24 38 15 46 6 10 30 45 22 16 26 34 5 37 3 11 21 17 47 49 9 7 35 36 31 2 4 27 41 8 33 44 32 20 18 19 1 40 25 14 39 0 
bonus: 13 23 43 29 12 42 48 28 24 45 22 37 49 2 4 27 41 8 33 44 32 20 18 19 1 25 14 39 
passengers: 10 9 4 31 20 21 47 41 42 25 27 26 62 61 60 

2743.25	6364	16279
tour: 0 39 42 12 29 47 49 9 7 35 36 31 2 4 27 48 28 24 38 21 34 5 37 3 11 17 43 23 16 26 14 25 40 1 19 44 33 8 41 22 45 30 10 6 46 15 32 20 18 13 0 
bonus: 39 42 12 29 47 49 9 7 35 36 31 2 4 27 48 28 24 10 6 46 15 32 20 18 13 
passengers: 53 55 54 41 42 43 30 31 50 0 10 35 

2630	6661	20695
tour: 0 39 14 25 40 19 1 26 34 5 37 3 11 21 38 24 28 48 27 41 8 33 44 32 15 46 6 10 30 45 22 16 23 4 2 31 36 35 7 9 49 47 17 43 29 12 42 20 18 13 0 
bonus: 39 14 25 40 19 1 26 34 5 37 3 11 21 38 24 28 48 27 41 8 33 44 32 4 2 31 36 7 12 42 20 18 13 
passengers: 52 16 59 38 1 50 14 15 36 9 11 34 44 

2519.67	6382	15559
tour: 0 39 14 25 40 1 19 44 33 8 41 22 45 30 10 6 46 15 32 38 24 28 48 27 4 2 31 36 35 7 9 49 47 17 21 11 3 37 5 34 26 16 23 43 29 12 42 20 18 13 0 
bonus: 39 14 25 40 1 19 44 33 8 41 24 28 48 27 4 2 31 36 35 7 9 42 20 18 13 
passengers: 59 58 37 48 12 31 34 44 0 9 

3125.5	5878	6430
tour: 0 13 18 20 42 12 29 43 23 16 22 45 30 10 6 46 15 32 38 24 28 48 44 33 8 41 27 4 2 31 36 35 7 9 49 47 17 21 11 3 37 5 34 26 1 19 40 25 14 39 0 
bonus: 13 18 4 2 31 36 35 7 14 39 
passengers: 7 8 5 10 50 3 39 24 

2248.08	6960	25065
tour: 0 13 18 20 42 12 29 43 17 21 11 3 37 5 34 26 16 23 4 27 48 28 24 38 32 15 46 6 10 30 45 22 41 8 33 44 19 1 40 25 14 47 49 9 7 35 36 31 2 39 0 
bonus: 13 18 20 42 12 29 43 17 21 11 3 37 5 34 26 16 23 4 27 48 28 24 15 8 33 44 19 1 40 25 14 47 49 9 7 35 36 31 2 39 
passengers: 8 67 5 1 0 10 27 14 62 61 60 17 18 

2354.08	6094	9151
tour: 0 39 14 25 40 1 19 44 33 8 41 27 4 2 31 36 35 7 9 49 47 17 11 3 37 5 34 21 38 24 28 48 42 12 29 43 23 16 26 22 45 30 10 6 46 15 32 20 18 13 0 
bonus: 39 7 9 49 48 42 12 29 43 23 16 26 20 18 13 
passengers: 53 55 17 43 2 1 13 4 10 35 

2905.25	7369	30137
tour: 0 39 14 47 49 9 7 35 36 31 2 4 27 1 26 16 23 43 29 12 42 34 5 37 3 11 17 21 38 24 28 48 25 40 19 44 33 8 41 22 45 30 10 6 46 15 32 20 18 13 0 
bonus: 39 14 47 49 9 7 35 36 31 2 4 27 1 26 16 23 43 29 12 42 34 5 37 3 11 17 21 38 24 28 48 25 40 19 44 33 8 41 22 45 30 10 6 46 15 32 20 18 13 
passengers: 53 55 54 41 40 42 30 28 22 67 39 1 50 14 35 

2806.42	7159	26494
tour: 0 13 18 20 32 15 46 6 10 30 45 22 26 16 23 43 29 12 42 36 35 7 9 31 2 4 27 41 8 33 44 19 1 49 47 17 11 3 37 5 34 21 38 24 28 48 40 25 14 39 0 
bonus: 13 18 20 32 15 46 6 10 30 45 12 42 36 35 7 9 31 2 4 27 41 8 33 44 19 1 49 47 17 11 3 37 5 34 21 38 24 28 48 40 25 14 39 
passengers: 8 33 9 32 5 42 27 26 37 1 39 60 

3017.92	7200	27050
tour: 0 39 14 25 40 48 28 24 38 32 15 46 6 10 30 45 22 27 41 8 33 44 19 1 26 16 23 43 29 12 42 34 5 37 3 11 21 17 47 49 9 4 2 31 7 35 36 20 18 13 0 
bonus: 39 14 25 40 48 28 24 38 32 15 46 6 10 30 45 22 27 41 8 33 44 19 1 26 16 23 43 29 12 42 34 5 37 3 11 21 49 7 35 36 20 18 13 
passengers: 59 58 14 50 49 27 64 36 20 9 67 47 

2103.83	6379	11505
tour: 0 39 2 31 36 35 7 9 4 27 41 8 15 46 6 10 30 45 22 26 16 23 43 29 12 42 34 5 37 3 11 21 17 47 49 1 19 44 33 14 25 40 48 28 24 38 32 20 18 13 0 
bonus: 39 2 31 36 35 7 9 4 27 41 8 15 6 49 38 32 20 18 13 
passengers: 53 55 54 42 41 27 26 64 63 65 67 39 38 37 59 13 49 35 

1928.33	6611	13989
tour: 0 5 34 42 12 29 43 17 21 11 3 37 49 47 14 25 40 48 28 24 38 32 15 46 6 10 30 45 22 41 8 33 44 19 1 26 16 23 13 18 20 36 35 4 27 9 7 31 2 39 0 
bonus: 5 34 42 12 29 43 38 32 15 46 6 10 30 45 22 41 33 44 19 1 26 16 23 13 
passengers: 39 38 67 1 59 14 15 50 36 24 23 11 

2027.33	6440	12340
tour: 0 39 2 31 36 35 7 9 4 27 41 8 15 46 24 28 48 40 25 14 33 44 19 1 49 47 17 11 3 37 5 34 21 38 32 6 10 30 45 22 26 16 23 43 29 12 42 20 18 13 0 
bonus: 39 2 31 36 35 7 9 4 27 41 8 15 46 32 6 10 30 45 18 13 
passengers: 53 55 54 42 41 3 25 27 62 59 57 16 46 49 35 33 9 

2353.25	6669	16149
tour: 0 13 18 20 36 35 7 9 31 2 4 27 41 8 15 46 24 28 48 40 25 14 33 44 19 1 26 22 45 30 10 6 32 38 21 34 5 37 3 11 17 47 49 16 23 43 29 12 42 39 0 
bonus: 13 18 20 36 35 7 9 31 4 48 40 25 14 33 3 11 17 47 49 16 23 43 29 12 42 39 
passengers: 7 6 42 25 27 62 59 57 58 45 0 9 

2286.5	6386	11749
tour: 0 13 18 20 36 35 7 9 4 27 41 8 33 44 19 1 49 47 14 25 40 48 28 24 38 21 17 11 3 37 5 34 42 12 29 43 23 16 26 22 45 30 10 6 46 15 32 31 2 39 0 
bonus: 13 18 20 36 7 24 38 21 17 11 3 37 5 34 42 12 2 39 
passengers: 6 42 43 25 27 62 59 57 31 0 46 45 10 11 

2344.83	6915	19150
tour: 0 39 9 4 2 31 7 35 36 20 18 13 23 16 26 1 19 44 33 8 41 27 22 45 30 10 6 46 15 32 38 24 28 48 40 25 14 47 49 37 3 11 21 17 43 29 12 42 34 5 0 
bonus: 39 9 4 2 31 7 35 36 20 18 13 23 16 26 1 19 44 25 14 47 49 37 3 11 21 17 43 29 12 42 34 5 
passengers: 53 55 54 40 42 6 22 25 31 57 56 45 

1909.33	6633	13289
tour: 0 5 34 42 12 29 43 17 21 11 3 37 49 47 14 25 40 48 28 24 38 32 15 46 6 10 30 45 22 27 41 8 33 44 19 1 26 16 23 13 18 20 36 35 4 9 7 31 2 39 0 
bonus: 5 34 42 12 29 43 38 32 15 46 6 10 30 44 19 1 26 16 23 13 18 20 36 
passengers: 39 38 67 1 59 14 15 50 36 24 23 11 

2217.42	6586	13765
tour: 0 39 2 31 7 9 4 35 36 20 18 13 23 16 26 1 19 44 33 14 25 40 48 28 24 46 15 8 41 27 22 45 30 10 6 32 38 21 11 3 37 49 47 17 43 29 12 42 34 5 0 
bonus: 39 2 31 7 9 4 35 36 20 18 13 23 16 19 24 15 29 12 42 34 5 
passengers: 53 55 54 40 43 7 37 31 13 65 45 

2067.75	6862	16431
tour: 0 13 23 16 26 1 49 47 17 43 29 12 42 34 5 37 3 11 21 38 32 6 10 30 45 22 27 41 8 15 46 24 28 48 40 25 14 33 44 19 18 20 36 35 4 9 7 31 2 39 0 
bonus: 13 23 16 26 1 49 47 17 43 29 12 42 34 5 37 3 11 21 38 32 6 10 45 44 19 18 20 36 
passengers: 9 22 20 5 46 50 25 27 62 60 17 

2827.92	7558	29211
tour: 0 13 18 20 36 35 41 8 15 46 24 28 48 40 25 49 47 14 33 44 19 1 26 16 23 43 29 12 42 34 5 37 3 11 17 21 38 32 6 10 30 45 22 27 4 9 7 31 2 39 0 
bonus: 13 18 20 36 35 41 8 15 46 24 28 48 40 25 49 47 14 33 44 19 1 26 16 23 43 29 12 42 34 5 37 3 11 17 21 38 32 6 10 30 45 22 4 9 7 31 2 39 
passengers: 7 43 62 36 22 20 9 5 46 48 

2108.58	7279	23418
tour: 0 13 23 16 26 1 49 47 17 43 29 12 42 34 5 37 3 11 21 38 32 15 8 41 35 36 20 18 19 44 33 14 25 40 48 28 24 46 6 10 30 45 22 27 4 9 7 31 2 39 0 
bonus: 13 23 16 26 1 49 47 17 43 29 12 42 34 5 37 3 11 21 38 32 15 8 41 35 36 20 18 19 44 33 14 25 40 48 28 24 46 6 10 
passengers: 9 22 20 67 50 49 51 35 7 37 60 12 

2113.33	7231	22749
tour: 0 13 23 16 26 1 49 47 17 43 29 12 42 34 5 37 3 11 21 38 32 6 10 30 45 22 27 4 9 7 35 41 8 15 46 24 28 48 40 25 14 33 44 19 18 20 36 31 2 39 0 
bonus: 13 23 16 26 1 49 47 17 43 29 12 42 34 5 37 3 11 21 38 32 6 10 30 45 22 27 4 25 14 33 44 19 18 20 36 31 2 39 
passengers: 9 22 20 5 46 49 25 27 26 62 61 60 19 

2061.5	6568	13643
tour: 0 39 2 31 7 9 4 35 36 20 18 19 44 33 14 47 49 1 27 41 8 15 46 24 28 48 40 25 11 3 37 5 34 42 12 29 43 17 21 38 32 6 10 30 45 22 26 16 23 13 0 
bonus: 39 2 31 7 9 4 35 36 19 48 40 25 11 3 45 22 26 16 23 13 
passengers: 53 55 54 41 42 43 25 27 64 31 59 46 4 49 

2485.67	7723	30137
tour: 0 39 2 31 7 9 4 35 36 20 18 13 23 16 10 6 46 24 28 48 40 25 11 3 37 49 47 14 33 44 19 30 45 22 26 1 27 41 8 15 32 38 21 17 43 29 12 42 34 5 0 
bonus: 39 2 31 7 9 4 35 36 20 18 13 23 16 10 6 46 24 28 48 40 25 11 3 37 49 47 14 33 44 19 30 45 22 26 1 27 41 8 15 32 38 21 17 43 29 12 42 34 5 
passengers: 53 55 54 43 7 14 31 57 46 22 27 26 64 63 

2218.08	7127	19374
tour: 0 5 34 42 12 29 43 17 21 38 32 6 10 37 3 11 25 40 48 28 24 46 15 8 41 35 7 9 4 27 22 45 30 19 44 33 14 47 49 1 26 16 23 13 18 20 36 31 2 39 0 
bonus: 5 34 42 12 29 43 17 21 38 32 40 48 28 24 46 15 7 14 47 49 1 26 16 23 13 18 20 36 31 2 39 
passengers: 39 67 49 1 17 18 14 41 36 24 23 11 

2227.42	6882	16789
tour: 0 39 2 31 7 9 4 35 36 20 18 19 30 45 44 33 14 47 49 1 26 22 27 41 8 15 46 24 28 48 40 25 11 3 37 5 34 42 12 29 43 17 21 38 32 6 10 16 23 13 0 
bonus: 39 2 31 7 9 4 35 36 20 41 8 15 46 24 28 48 40 25 11 3 6 10 16 23 13 
passengers: 53 55 54 42 6 37 25 27 64 13 59 49 

2483.92	7729	28869
tour: 0 13 18 20 36 35 41 8 15 32 38 21 17 43 29 12 42 34 5 23 16 10 6 46 24 28 48 40 25 11 3 37 49 47 14 33 44 45 30 19 1 26 22 27 4 9 7 31 2 39 0 
bonus: 13 18 20 36 35 41 8 15 32 38 21 17 12 42 34 5 23 16 10 6 46 24 28 48 40 25 11 3 37 49 47 14 33 44 45 30 19 1 26 22 27 4 9 7 31 2 39 
passengers: 8 44 64 39 38 14 15 46 24 23 

2161	7453	24604
tour: 0 13 18 20 36 6 10 16 23 43 29 12 42 34 5 37 3 11 17 21 38 32 26 1 27 22 45 30 19 44 33 14 47 49 25 40 48 28 24 46 15 8 41 35 4 9 7 31 2 39 0 
bonus: 13 18 20 36 6 10 16 23 43 29 12 42 34 5 37 3 11 17 21 38 32 26 1 27 22 45 30 19 49 48 28 24 46 15 8 41 35 4 7 
passengers: 8 44 9 5 4 67 50 25 37 17 60 12 

2480.25	7742	28576
tour: 0 13 18 20 36 6 10 16 23 43 29 12 42 34 5 37 3 11 17 21 38 32 26 1 49 47 14 33 44 19 30 45 22 27 4 9 7 35 41 8 15 46 24 28 48 25 40 31 2 39 0 
bonus: 13 18 20 36 6 10 16 23 43 29 12 42 34 5 37 3 11 17 21 38 32 26 1 49 47 14 33 44 19 30 45 22 27 4 9 7 35 41 8 15 28 48 25 40 31 2 39 
passengers: 8 44 9 4 67 50 49 37 27 26 62 61 12 60 

2078.83	7300	18947
tour: 0 39 2 31 44 33 14 47 49 16 23 5 34 42 12 29 43 17 21 38 32 26 1 19 30 45 22 27 4 9 7 35 41 8 15 46 24 28 48 40 25 11 3 37 10 6 36 20 18 13 0 
bonus: 39 2 31 44 33 14 47 49 16 23 34 42 12 29 43 17 21 38 32 26 1 19 30 25 11 3 37 10 6 36 20 18 13 
passengers: 52 34 36 9 5 4 68 25 27 3 62 57 56 19 

2056.17	7109	15289
tour: 0 13 23 16 10 6 36 20 18 19 30 45 42 34 5 37 3 11 25 48 28 24 46 15 8 41 35 4 9 7 31 40 44 33 14 47 49 1 27 22 26 32 38 21 17 43 29 12 2 39 0 
bonus: 13 23 16 10 6 36 20 18 19 30 45 42 34 5 37 3 11 24 46 15 8 7 2 39 
passengers: 10 43 7 67 1 14 15 12 34 30 24 

2269.75	7818	26478
tour: 0 39 2 31 7 9 4 35 41 8 15 32 38 21 17 43 29 12 42 45 30 19 1 26 22 27 46 24 28 48 40 44 33 14 47 49 37 3 11 25 34 5 23 16 10 6 36 20 18 13 0 
bonus: 39 2 31 7 9 4 35 41 8 15 32 38 21 17 43 29 12 42 45 30 19 1 26 22 27 46 24 28 48 3 11 25 34 5 23 16 10 6 36 20 18 13 
passengers: 53 54 34 64 63 5 20 21 25 57 0 16 19 

2206	8082	25998
tour: 0 13 18 20 36 6 10 16 23 5 34 42 45 27 22 26 32 15 8 41 35 4 9 7 31 40 44 33 14 47 46 24 28 48 25 11 3 37 49 1 19 30 38 21 17 43 29 12 2 39 0 
bonus: 13 18 20 36 6 10 16 23 5 34 42 45 22 26 32 15 8 41 35 4 9 7 31 40 44 33 14 24 11 3 37 49 1 19 30 38 21 17 43 29 12 2 39 
passengers: 6 42 27 26 62 61 3 57 56 46 45 33 

2041.25	8391	16182
tour: 0 13 23 5 34 25 11 3 48 38 21 6 36 20 18 14 33 44 17 43 29 47 46 24 28 45 27 1 49 37 10 16 30 19 41 8 15 32 26 22 31 40 9 4 35 7 42 12 2 39 0 
bonus: 13 23 5 34 25 11 3 48 38 21 6 36 20 18 14 33 44 17 43 29 47 46 28 45 27 1 49 
passengers: 39 19 50 51 43 37 13 27 26 64 62 24 60 

1998.67	9037	16528
tour: 0 13 27 22 31 40 9 4 35 37 10 6 21 49 1 12 42 7 16 30 19 41 8 15 43 29 32 26 47 46 39 2 38 48 3 11 14 33 44 17 18 20 36 23 5 34 25 45 28 24 0 
bonus: 13 27 22 31 40 9 4 35 37 19 41 8 15 43 29 47 46 39 2 38 48 3 5 34 25 
passengers: 25 34 57 56 46 4 65 66 24 22 23 50 51 0 36 37 39 38 

