Fo(cost)	Fo(time)	Fo(bonus)

2542.98	5964	11766
tour: 0 26 7 9 34 12 35 44 22 27 36 24 19 45 48 47 11 5 28 33 30 16 21 31 41 38 20 37 8 10 1 32 14 4 39 23 40 18 49 25 29 15 46 42 2 17 43 3 13 6 0 
bonus: 26 7 9 34 12 35 44 22 27 36 24 19 45 31 41 38 20 37 8 
passengers: 109 112 110 96 54 53 33 34 103 101 45 10 11 67 127 84 

7371	5611	6019
tour: 0 6 13 3 43 17 2 42 46 15 29 25 49 18 23 40 24 19 45 48 47 11 39 4 14 32 1 10 8 37 20 38 41 31 21 16 30 33 28 5 36 27 22 44 35 12 34 9 7 26 0 
bonus: 6 13 3 44 35 34 9 7 26 
passengers: 1 4 0 5 6 80 76 75 120 125 124 119 23 24 73 74 49 97 98 105 

5742	6071	14073
tour: 0 26 7 9 8 10 1 32 14 4 39 37 20 38 41 31 21 16 30 33 28 5 11 47 48 45 19 24 36 27 22 44 35 12 34 40 23 18 49 25 29 15 46 42 2 17 43 3 13 6 0 
bonus: 26 7 9 8 10 1 32 14 4 39 37 31 49 25 29 15 46 42 2 17 43 3 
passengers: 7 8 2 3 47 73 71 27 26 97 105 104 29 31 32 114 115 108 60 121 122 127 128 88 89 

7225	5701	6237
tour: 0 5 28 33 30 16 21 31 41 38 20 37 39 4 14 32 1 10 8 2 42 46 15 29 25 49 18 23 40 27 36 24 19 45 48 47 11 22 44 35 12 34 9 7 26 17 43 3 13 6 0 
bonus: 5 28 33 30 16 21 31 41 13 6 
passengers: 7 8 3 5 9 33 101 23 24 67 68 16 76 75 123 93 96 55 52 88 89 

6383	6552	21262
tour: 0 6 13 3 43 17 2 42 46 15 29 45 48 47 11 5 19 24 36 27 22 44 35 12 34 40 23 18 49 25 28 33 30 16 21 31 41 38 20 37 39 4 14 32 1 10 8 9 7 26 0 
bonus: 6 13 3 43 17 2 42 46 15 48 19 24 36 25 28 33 30 16 21 31 41 38 20 37 39 4 14 32 1 10 8 9 7 26 
passengers: 4 5 6 9 62 19 77 78 29 30 31 114 124 86 85 101 23 24 12 

2039.57	5842	9335
tour: 0 5 28 33 30 45 19 24 36 27 40 23 18 49 25 29 15 46 42 2 16 21 31 41 38 20 37 8 10 1 32 14 4 39 11 47 48 22 44 35 12 34 9 7 26 17 43 3 13 6 0 
bonus: 5 28 33 30 45 19 24 36 27 40 23 49 25 29 
passengers: 9 29 30 31 32 121 122 124 80 81 14 16 45 10 11 22 88 

3614.17	5985	12401
tour: 0 26 7 9 34 12 35 44 22 11 47 48 45 19 24 39 4 14 32 1 10 8 37 20 38 41 31 21 16 30 33 28 5 36 27 40 23 18 49 25 29 15 46 42 2 17 43 3 13 6 0 
bonus: 26 30 33 28 5 36 27 40 49 25 29 15 46 42 2 17 43 3 
passengers: 7 8 3 47 48 23 24 27 26 73 71 49 105 107 28 29 30 121 127 128 84 88 89 

7104	6180	14296
tour: 0 26 7 9 8 10 1 32 14 4 39 37 20 38 43 17 2 42 46 16 21 31 41 19 24 36 27 22 44 35 12 34 40 23 18 49 25 29 15 33 28 5 11 47 48 45 30 3 13 6 0 
bonus: 26 7 9 8 10 1 32 14 4 39 37 20 38 43 17 2 42 33 28 5 11 47 6 
passengers: 7 8 2 3 5 73 71 27 26 97 103 102 114 115 60 123 116 126 84 

7099	5485	2857
tour: 0 26 17 43 38 20 37 39 4 14 32 1 45 29 15 5 11 47 48 22 44 35 12 34 9 7 10 8 2 42 46 16 21 31 41 19 24 36 27 40 23 18 49 25 28 33 30 3 13 6 0 
bonus: 26 17 13 6 
passengers: 7 8 2 3 9 23 24 74 12 82 83 54 109 44 45 107 123 116 127 128 

2323.9	6363	18311
tour: 0 6 13 3 30 45 48 47 11 22 44 35 12 34 9 7 26 17 43 38 20 37 39 4 14 32 1 10 8 2 42 46 16 21 31 41 19 24 36 27 40 23 18 49 25 29 15 33 28 5 0 
bonus: 6 13 3 30 45 48 47 11 22 44 35 12 34 9 7 26 24 36 27 40 23 18 49 25 29 15 33 28 5 
passengers: 6 37 36 66 19 18 55 52 111 57 47 44 101 23 24 73 69 70 107 103 102 116 126 

2928	6408	21007
tour: 0 5 11 47 48 22 44 35 12 34 40 27 36 24 19 45 29 15 46 42 2 16 21 31 41 38 20 37 30 33 28 25 49 18 23 39 4 14 32 1 10 8 9 7 26 17 43 3 13 6 0 
bonus: 5 11 47 48 22 44 35 12 34 40 27 36 24 19 45 29 15 46 42 2 16 21 31 10 7 26 17 43 3 13 6 
passengers: 9 109 110 82 83 77 78 16 86 85 90 91 23 24 10 11 46 88 89 

2089.17	5646	5346
tour: 0 26 7 9 34 12 35 44 22 48 47 11 5 36 27 40 23 18 49 25 28 33 30 16 21 31 41 38 20 37 8 10 1 32 14 4 39 24 19 45 29 15 46 42 2 17 43 3 13 6 0 
bonus: 26 7 9 34 12 35 44 13 
passengers: 58 114 112 115 108 53 120 124 91 103 46 45 10 25 84 82 88 

6939	6245	18196
tour: 0 6 13 3 43 38 20 37 30 33 28 25 49 18 23 39 4 14 32 1 10 8 9 7 26 17 2 42 46 16 21 31 41 19 24 36 27 40 34 12 35 44 22 11 47 48 45 29 15 5 0 
bonus: 6 10 8 9 7 26 17 2 42 46 16 21 31 41 19 24 36 27 40 35 47 48 45 29 15 5 
passengers: 7 8 1 0 3 90 91 23 24 73 72 12 44 96 58 

1908.37	6136	11648
tour: 0 6 13 3 43 38 20 37 30 45 48 47 11 22 44 35 12 34 40 27 36 24 19 41 31 21 16 46 42 2 17 26 7 9 8 10 1 32 14 4 39 23 18 49 25 29 15 33 28 5 0 
bonus: 6 13 3 43 38 20 37 30 1 32 39 23 18 49 25 29 15 33 28 5 
passengers: 6 37 36 19 18 20 52 109 112 110 57 93 94 105 86 47 48 49 67 25 116 126 

6877	6181	14675
tour: 0 6 13 3 43 38 20 37 8 10 1 32 14 4 39 21 31 41 19 24 36 27 40 23 18 49 25 28 33 30 45 48 47 11 22 44 35 12 34 9 7 26 17 2 42 46 16 29 15 5 0 
bonus: 6 13 3 43 38 14 39 21 31 41 19 49 28 26 17 2 42 46 16 29 15 5 
passengers: 7 8 2 3 6 17 73 67 69 107 116 90 55 52 44 87 

6849	5793	7707
tour: 0 6 13 3 43 17 2 42 46 16 21 31 41 19 24 39 4 14 32 1 10 8 37 20 38 36 27 40 23 18 49 25 28 33 30 45 29 15 5 11 47 48 22 44 35 12 34 9 7 26 0 
bonus: 10 11 47 48 22 44 35 12 34 9 7 26 
passengers: 7 8 4 3 5 86 85 23 24 67 68 71 49 116 126 55 52 

4157.67	6265	15934
tour: 0 26 17 2 42 46 16 21 31 41 19 24 36 27 40 23 18 49 25 28 33 30 45 29 15 5 11 47 48 22 44 35 12 34 7 9 8 10 1 32 14 4 39 37 20 38 43 3 13 6 0 
bonus: 26 17 2 42 46 16 21 31 41 19 24 36 27 5 11 47 48 22 35 38 43 3 13 6 
passengers: 4 0 5 107 103 102 116 126 80 81 34 54 55 47 46 10 11 22 99 

2938.38	6611	21303
tour: 0 5 11 47 48 22 44 35 12 34 9 7 26 17 2 42 46 16 30 45 29 15 33 28 25 49 18 23 40 27 36 24 19 41 31 21 39 4 14 32 1 10 8 37 20 38 43 3 13 6 0 
bonus: 5 11 47 48 22 44 35 12 34 9 7 26 17 2 42 46 16 30 45 29 15 33 28 25 49 18 23 40 27 36 24 31 13 6 
passengers: 9 28 55 52 44 76 75 77 78 120 125 123 124 119 23 24 71 10 11 50 99 

6184.5	6864	24917
tour: 0 26 7 9 8 10 1 32 14 4 39 37 20 38 41 31 21 35 12 34 40 27 36 24 19 45 30 33 28 25 49 18 23 44 22 48 47 11 5 15 29 16 46 42 2 17 43 3 13 6 0 
bonus: 26 7 9 8 10 1 32 14 4 39 37 20 38 41 31 21 35 12 34 40 27 36 24 19 45 30 33 28 25 49 18 23 44 22 48 47 17 43 3 13 6 
passengers: 7 8 2 3 47 73 71 97 98 126 121 122 123 28 84 88 89 

2999.33	6646	21724
tour: 0 6 13 3 43 38 20 24 19 5 11 47 48 22 44 35 12 34 9 7 10 8 37 39 4 14 32 1 45 30 33 28 25 49 18 23 40 27 36 41 31 21 16 29 15 46 42 2 17 26 0 
bonus: 6 13 3 43 38 20 24 19 5 11 47 48 22 44 35 12 34 9 7 10 8 37 39 4 14 32 1 45 30 33 28 25 40 17 26 
passengers: 6 9 37 36 19 18 54 55 52 56 57 47 23 24 73 67 68 72 121 122 105 106 103 82 83 

2143.07	6057	10923
tour: 0 26 7 9 34 12 35 44 22 48 47 11 5 36 27 40 23 18 49 25 28 33 15 29 45 19 24 20 38 41 31 21 39 4 14 32 1 10 8 37 30 16 46 42 2 17 43 3 13 6 0 
bonus: 26 7 9 34 12 35 44 22 48 24 20 8 37 30 16 46 42 2 
passengers: 58 114 109 115 108 29 124 116 80 81 94 95 23 10 11 50 51 46 

2083.95	5727	5574
tour: 0 26 7 9 34 12 35 44 22 48 47 11 5 36 27 40 29 15 33 28 25 49 18 23 39 4 14 32 1 10 8 37 30 45 19 24 20 38 41 31 21 16 46 42 2 17 43 3 13 6 0 
bonus: 26 7 9 34 12 35 44 22 48 
passengers: 58 114 115 108 53 29 91 92 120 125 23 73 10 46 45 99 105 88 

2734.67	6049	11868
tour: 0 26 17 2 42 46 16 30 37 8 10 7 9 34 12 35 44 22 48 47 11 5 36 27 40 23 18 49 25 28 33 15 29 45 1 32 14 4 39 21 31 41 19 24 20 38 43 3 13 6 0 
bonus: 26 17 2 42 46 16 30 37 8 10 7 35 36 27 40 13 6 
passengers: 4 5 87 15 13 14 16 49 58 114 115 29 30 120 125 123 80 81 10 11 73 22 99 

5033.5	6758	23162
tour: 0 6 13 3 43 38 20 37 30 45 19 24 39 4 14 32 1 10 8 9 7 34 12 35 44 22 48 47 11 5 28 33 15 29 25 49 18 23 40 27 36 41 31 21 16 46 42 2 17 26 0 
bonus: 6 13 3 43 38 20 37 8 9 7 34 12 35 44 22 48 47 11 5 28 33 15 29 25 49 18 40 27 36 41 31 21 16 46 42 17 26 
passengers: 7 8 3 6 43 17 23 24 74 12 49 58 114 115 108 29 30 121 122 105 106 104 

2790.83	5781	6630
tour: 0 6 13 3 43 38 20 24 19 45 29 15 5 11 47 48 22 44 35 12 34 7 9 8 10 1 32 14 4 39 37 30 33 28 25 49 18 23 40 27 36 41 31 21 16 46 42 2 17 26 0 
bonus: 6 13 3 43 24 16 46 42 17 26 
passengers: 6 9 37 36 62 19 80 54 55 108 56 47 73 67 68 121 122 105 106 104 

2503.42	5803	6236
tour: 0 5 11 47 48 22 44 35 12 34 9 7 26 17 2 42 46 16 29 15 33 28 25 49 18 23 40 27 36 38 20 24 19 41 31 21 39 4 14 32 1 10 8 37 30 45 43 3 13 6 0 
bonus: 5 11 47 48 22 44 35 12 13 6 
passengers: 9 28 55 52 108 44 76 75 77 78 120 123 124 119 101 23 10 11 50 51 

1916.32	5913	6670
tour: 0 5 11 47 48 22 44 35 12 34 40 29 15 33 28 25 49 18 23 27 36 38 20 24 19 41 31 21 16 46 42 2 17 26 7 9 8 10 1 32 14 4 39 37 30 45 43 3 13 6 0 
bonus: 5 11 47 48 22 1 32 14 4 39 37 45 
passengers: 9 29 34 114 115 108 121 122 93 94 95 15 13 47 48 46 50 51 22 

4802.5	6689	22166
tour: 0 6 13 3 43 38 20 24 19 45 30 37 39 4 14 32 1 10 8 9 7 34 12 35 44 22 48 47 11 5 40 29 15 33 28 25 49 18 23 27 36 41 31 21 16 46 42 2 17 26 0 
bonus: 6 13 3 43 38 20 24 8 9 7 34 12 35 44 22 48 47 11 5 40 29 15 28 27 36 41 31 21 16 46 42 2 17 26 
passengers: 7 8 3 6 43 17 23 24 74 12 49 58 114 115 108 29 30 121 122 105 106 104 

2385.25	6220	12317
tour: 0 6 13 12 35 44 22 48 47 11 5 19 24 20 38 36 27 23 18 49 25 28 33 15 29 40 34 16 46 42 2 17 43 3 21 31 41 45 30 37 39 4 14 32 1 10 8 9 7 26 0 
bonus: 6 13 12 35 48 21 31 41 45 30 37 39 4 14 32 1 10 8 7 26 
passengers: 9 37 40 36 63 111 114 29 121 122 84 82 83 16 17 23 24 12 

4331.83	6864	21906
tour: 0 26 17 2 42 46 16 34 12 35 44 22 48 47 11 5 19 24 20 38 43 3 21 31 41 45 30 37 39 4 14 36 28 33 15 29 40 27 23 18 49 25 32 1 10 8 9 7 13 6 0 
bonus: 26 17 2 42 46 16 34 12 19 24 20 38 43 3 21 36 28 33 15 29 40 27 23 18 49 25 32 1 10 8 9 7 13 6 
passengers: 4 5 9 87 58 111 109 33 31 32 101 103 102 23 24 67 68 80 81 76 120 90 91 10 11 12 

4525.5	7040	24221
tour: 0 6 13 7 9 8 10 1 32 14 40 27 23 18 49 25 28 33 15 29 44 22 48 47 4 39 37 30 45 41 31 21 35 12 34 16 46 36 38 20 24 19 5 11 43 3 42 2 17 26 0 
bonus: 6 13 7 9 8 10 1 32 18 49 25 28 33 15 29 44 22 48 47 4 39 37 30 45 46 36 38 20 24 19 5 11 43 3 42 2 17 26 
passengers: 2 0 3 38 40 74 67 124 112 113 27 26 105 104 58 96 28 

5075	7424	30364
tour: 0 9 7 13 14 40 27 23 18 49 26 17 2 42 46 36 38 20 24 19 5 11 43 3 21 31 41 45 30 37 39 4 47 48 22 44 29 15 33 28 25 32 1 10 8 35 12 34 16 6 0 
bonus: 9 7 13 14 40 27 23 49 26 17 2 42 46 36 38 20 24 19 5 11 43 3 21 31 41 45 30 37 39 4 47 48 22 44 29 15 33 28 25 32 1 10 8 35 12 34 16 6 
passengers: 1 0 5 44 61 67 126 87 96 103 102 25 80 81 10 11 50 51 

2001.47	7008	22955
tour: 0 6 12 35 44 29 15 33 28 40 34 16 46 42 2 17 26 36 27 23 18 49 25 32 1 10 8 39 37 30 45 41 31 21 3 43 38 20 24 19 5 11 22 48 47 4 14 13 7 9 0 
bonus: 6 12 35 44 29 15 33 28 40 34 16 46 42 2 17 26 36 27 23 10 39 37 30 45 41 31 21 3 11 22 48 47 4 14 13 7 9 
passengers: 82 83 77 78 14 120 123 49 46 45 19 18 99 100 55 52 23 

2082.75	6719	17241
tour: 0 9 7 38 20 24 19 5 11 43 3 21 31 41 45 30 37 39 4 47 48 22 44 29 15 33 28 40 27 23 18 49 25 32 1 10 8 35 12 34 16 46 42 2 17 26 36 14 13 6 0 
bonus: 9 7 38 20 24 19 5 11 43 3 21 45 47 48 22 44 29 15 33 28 40 27 23 18 49 25 32 
passengers: 6 9 47 48 96 103 102 25 114 115 80 81 76 120 121 116 10 11 50 51 88 

4608.5	7321	26531
tour: 0 6 12 35 48 47 4 25 32 1 10 8 39 37 30 45 41 31 21 3 43 38 20 24 19 5 11 29 44 22 34 16 15 33 28 40 27 23 18 49 26 17 2 42 46 36 14 13 7 9 0 
bonus: 6 12 35 48 47 4 25 10 8 39 37 30 45 41 31 21 3 43 38 20 24 19 5 11 29 15 33 28 40 27 23 18 49 26 17 42 46 36 14 13 7 9 
passengers: 7 8 2 3 43 46 45 105 103 104 19 18 114 115 82 76 75 121 122 116 90 15 13 16 

1531.47	7022	20600
tour: 0 9 7 13 14 40 28 33 15 16 34 23 27 36 46 42 2 17 26 49 18 4 47 48 22 44 29 11 5 19 24 20 38 43 3 21 31 41 45 30 37 39 8 10 1 32 25 35 12 6 0 
bonus: 9 7 13 14 40 28 33 15 16 34 23 27 36 46 42 2 17 26 49 4 47 48 22 44 29 11 5 19 24 20 6 
passengers: 61 62 63 65 64 82 76 75 86 85 121 122 87 126 111 109 112 33 31 94 97 98 17 50 51 10 

2048.75	6889	13583
tour: 0 16 15 33 28 20 24 19 5 11 29 44 22 34 23 27 40 14 13 7 9 36 26 17 2 42 46 48 47 4 18 49 25 32 1 10 8 39 37 30 45 41 31 21 3 43 38 35 12 6 0 
bonus: 16 15 33 28 2 42 46 48 47 4 39 37 30 45 41 31 21 3 43 38 35 12 6 
passengers: 9 99 101 93 96 28 55 66 44 47 48 14 91 92 10 11 46 45 20 21 

5634	7889	30670
tour: 0 6 12 35 38 43 3 21 31 48 47 4 18 49 25 32 1 10 8 39 37 30 45 41 42 46 36 26 17 2 27 23 34 22 44 29 11 5 19 24 20 16 15 33 28 40 14 13 7 9 0 
bonus: 6 12 35 38 43 3 21 31 48 47 4 18 49 25 32 1 10 8 39 37 30 45 41 42 46 36 26 17 2 27 23 34 22 44 29 11 5 19 24 20 16 15 33 28 40 14 13 7 9 
passengers: 7 8 0 3 6 17 91 92 87 111 109 110 52 33 93 99 100 101 

1707.4	7390	20775
tour: 0 6 12 35 38 7 13 14 40 27 23 34 22 44 29 11 5 19 24 20 2 17 26 49 18 4 47 48 31 41 42 46 36 9 10 8 43 3 21 39 37 30 45 1 32 25 28 33 15 16 0 
bonus: 6 12 35 38 7 13 14 40 27 23 34 44 29 11 26 49 18 4 47 43 3 21 39 37 30 45 1 32 25 28 33 15 16 
passengers: 37 38 36 60 59 61 66 74 121 111 109 110 16 91 46 45 105 103 104 102 

1383.65	6918	11241
tour: 0 6 12 35 38 7 13 14 40 27 23 34 22 44 29 11 5 19 24 20 28 33 15 16 42 41 31 21 3 43 47 48 46 36 26 17 2 49 18 4 25 32 1 45 30 37 39 8 10 9 0 
bonus: 6 12 35 38 7 13 14 40 27 23 34 44 29 11 25 32 10 9 
passengers: 37 38 36 60 59 61 63 74 123 111 109 110 84 77 78 85 14 16 91 92 

1623.35	6483	4140
tour: 0 6 12 35 20 24 19 5 11 29 44 22 34 23 27 2 17 26 36 9 10 8 39 37 30 45 1 32 25 49 18 4 47 48 46 42 41 31 21 3 43 38 7 13 14 40 28 33 15 16 0 
bonus: 6 40 28 33 15 16 
passengers: 9 37 38 36 57 28 114 115 120 121 122 15 14 47 48 45 12 90 23 24 61 62 63 

1662.97	7476	21309
tour: 0 6 12 35 38 7 13 14 40 27 23 24 19 5 11 29 44 22 34 37 30 45 1 32 25 43 3 21 39 8 10 9 36 46 42 41 31 48 47 4 18 49 26 17 2 20 28 33 15 16 0 
bonus: 6 12 35 38 7 13 14 40 27 23 24 19 5 11 29 44 34 10 9 36 46 42 41 31 48 47 4 18 49 26 17 2 20 
passengers: 38 60 59 58 61 74 69 70 120 96 53 112 113 17 47 48 25 27 26 

1985.92	8093	30670
tour: 0 16 15 33 28 40 27 23 34 22 44 29 11 5 19 14 13 7 38 35 12 42 41 31 21 3 43 47 48 46 36 9 10 8 39 37 30 45 1 32 25 4 18 49 26 17 2 20 24 6 0 
bonus: 16 15 33 28 40 27 23 34 22 44 29 11 5 19 14 13 7 38 35 12 42 41 31 21 3 43 47 48 46 36 9 10 8 39 37 30 45 1 32 25 4 18 49 26 17 2 20 24 6 
passengers: 76 75 109 110 52 31 32 73 72 57 17 47 48 10 11 127 128 88 

1902.88	6792	8385
tour: 0 6 12 35 20 24 19 5 11 29 44 22 34 23 27 2 17 26 32 1 45 30 37 39 8 10 9 36 46 42 41 31 48 47 4 25 49 18 21 3 43 38 7 13 14 40 28 33 15 16 0 
bonus: 6 36 46 48 43 38 7 40 28 33 15 16 
passengers: 9 37 38 43 36 28 114 115 120 121 122 15 14 45 47 48 23 24 22 90 61 62 63 

3228.45	7846	23093
tour: 0 16 15 33 28 40 27 23 24 20 25 32 1 45 30 44 29 21 3 43 26 17 2 49 18 4 47 48 31 41 42 46 36 9 10 8 39 37 34 22 11 5 19 14 13 7 38 35 12 6 0 
bonus: 16 15 33 28 40 27 23 24 20 25 32 45 30 44 29 21 3 43 26 17 2 49 39 37 34 22 11 5 19 14 13 7 38 35 12 6 
passengers: 3 80 81 76 75 120 123 106 107 15 16 91 49 109 110 52 31 32 

1493.77	7534	16443
tour: 0 6 12 13 7 38 35 20 24 23 27 40 14 19 5 11 29 44 22 34 37 39 8 10 9 36 46 42 41 31 48 47 4 25 43 3 21 18 49 2 17 26 32 1 45 30 28 33 15 16 0 
bonus: 6 12 13 7 38 35 20 24 23 27 40 29 44 22 34 9 36 46 21 18 49 2 17 26 32 
passengers: 38 60 59 58 61 101 74 69 70 93 94 95 54 46 45 47 48 105 106 107 103 104 

