Fo(cost)	Fo(time)	Fo(bonus)

3699.92	6034	12684
tour: 0 30 29 34 11 7 28 25 2 47 23 46 12 20 5 41 8 27 13 32 31 36 1 45 33 21 37 39 18 43 14 38 17 6 26 40 16 35 42 19 15 10 24 3 49 44 22 48 9 4 0 
bonus: 30 29 34 11 7 28 25 2 47 23 46 12 20 5 41 8 16 35 44 22 48 9 4 
passengers: 1 2 13 9 12 120 119 87 85 65 6 79 40 100 107 54 60 92 17 131 

3731.58	5913	10456
tour: 0 30 29 34 11 7 28 25 2 47 23 46 12 20 5 41 8 27 13 32 31 36 1 45 33 21 37 38 17 14 43 6 26 40 16 35 42 19 15 10 24 3 49 44 22 48 18 39 9 4 0 
bonus: 30 29 34 11 7 28 25 2 47 23 46 12 20 5 41 8 39 9 4 
passengers: 1 2 13 12 120 119 118 87 88 65 68 6 74 75 54 92 17 

3545.47	5704	6593
tour: 0 38 14 17 6 26 40 16 35 42 19 10 15 24 3 49 44 22 48 18 43 4 9 39 37 21 33 45 1 36 31 32 13 27 8 41 5 20 12 46 23 47 2 25 28 7 11 34 29 30 0 
bonus: 38 14 17 6 26 25 28 7 11 34 29 30 
passengers: 3 74 75 83 53 56 41 103 105 42 5 4 115 116 34 

4813.25	6178	14315
tour: 0 30 29 34 11 7 28 25 2 47 23 46 12 20 27 8 41 5 19 15 10 24 3 49 44 22 48 18 43 14 38 17 6 26 40 16 35 42 32 13 31 36 1 45 33 21 37 39 9 4 0 
bonus: 30 29 34 11 7 28 25 2 47 23 46 12 20 27 8 41 5 19 15 10 24 3 49 22 
passengers: 1 2 13 12 17 15 16 18 131 128 124 103 108 82 93 6 114 43 46 

3519.08	6075	12291
tour: 0 4 9 39 37 42 35 16 40 26 6 17 38 21 33 45 1 36 31 32 13 11 7 28 25 2 47 23 46 12 20 27 8 41 5 19 15 10 24 3 49 44 22 48 18 43 14 34 29 30 0 
bonus: 4 9 39 37 42 35 16 40 26 6 17 38 45 1 36 31 32 13 43 14 34 29 30 
passengers: 0 3 28 29 76 55 42 5 4 67 68 35 13 12 90 17 15 16 129 38 

4391.17	6010	11881
tour: 0 30 29 34 4 9 39 37 21 33 45 1 36 31 32 13 11 7 28 25 2 47 23 46 12 20 27 8 41 5 19 10 15 24 3 49 44 22 48 18 43 14 42 35 16 40 26 6 17 38 0 
bonus: 30 29 34 4 9 39 37 21 33 45 1 36 31 32 13 43 26 6 17 38 
passengers: 1 0 2 30 28 29 76 42 5 4 67 68 35 13 12 87 88 90 17 128 40 84 

3383.33	6037	11610
tour: 0 30 29 34 4 9 39 37 42 35 16 40 26 6 17 14 43 18 48 22 44 49 3 24 10 15 19 5 41 8 27 20 12 46 23 47 2 25 28 7 11 13 32 31 36 1 45 33 21 38 0 
bonus: 30 29 34 4 9 39 37 42 35 16 40 26 6 17 14 43 18 48 22 44 49 
passengers: 1 2 3 47 48 51 52 92 53 100 107 105 106 135 134 20 21 118 119 121 122 34 37 65 66 7 8 45 

4098.17	5778	7524
tour: 0 30 29 34 4 9 39 37 42 35 18 48 22 44 49 3 24 15 10 19 5 41 8 27 20 12 46 23 47 2 25 28 7 11 13 32 31 36 1 45 33 21 38 17 14 43 6 26 40 16 0 
bonus: 30 29 34 4 9 39 37 42 18 23 47 2 16 
passengers: 1 2 3 49 51 50 32 92 54 135 134 20 118 119 121 122 10 65 66 7 8 

2736.03	6469	19603
tour: 0 4 9 39 37 38 21 33 45 1 36 31 32 13 11 7 28 25 2 47 23 46 12 20 5 41 8 27 10 15 19 42 35 16 40 26 6 17 14 43 18 48 22 44 49 3 24 34 29 30 0 
bonus: 4 9 39 37 38 21 33 45 1 36 31 32 13 11 7 28 47 23 46 12 20 5 26 6 17 14 43 49 3 24 34 29 30 
passengers: 0 30 28 29 76 42 5 4 67 10 13 11 14 12 89 87 92 91 100 107 106 

2239.32	6071	11590
tour: 0 16 40 26 6 17 14 38 21 33 45 1 36 31 32 13 11 7 28 25 2 47 23 46 12 20 27 8 41 5 19 10 15 24 3 49 44 22 48 18 43 4 9 39 37 42 35 34 29 30 0 
bonus: 16 40 26 6 17 14 38 21 33 45 1 36 31 32 13 43 4 35 34 29 30 
passengers: 0 84 80 81 73 42 5 67 68 35 13 12 85 88 90 17 128 38 108 77 78 

3517.17	5502	1446
tour: 0 30 29 34 24 3 49 44 22 48 18 43 14 17 6 26 40 16 35 42 19 15 10 27 8 41 1 36 31 32 13 11 7 28 25 2 47 23 46 12 20 5 45 33 21 38 37 39 9 4 0 
bonus: 30 29 1 
passengers: 1 2 3 47 48 49 51 80 81 58 95 85 67 33 9 114 45 43 

2260.28	5809	6314
tour: 0 4 9 39 37 42 35 16 40 26 6 3 24 15 10 19 5 45 1 41 8 27 20 12 46 23 47 2 25 33 21 38 17 14 43 18 48 22 44 49 28 7 11 13 32 31 36 34 29 30 0 
bonus: 4 9 39 37 42 35 16 40 26 6 34 29 30 
passengers: 3 32 28 31 29 55 16 20 113 7 90 118 73 100 99 38 34 

3672	6859	24957
tour: 0 38 21 33 45 1 41 8 27 10 15 19 5 20 12 46 23 47 2 25 28 7 11 13 32 31 36 34 29 30 24 3 49 44 22 48 18 43 14 17 6 26 40 16 35 42 37 39 9 4 0 
bonus: 38 21 33 45 1 41 8 27 10 15 19 5 20 12 46 23 47 2 25 28 7 29 30 24 3 49 44 22 48 18 43 14 17 6 26 40 16 35 42 37 39 9 4 
passengers: 0 115 118 119 34 35 36 62 61 48 131 128 124 40 108 82 83 

3679.55	6434	18122
tour: 0 16 40 26 6 43 14 17 38 21 33 45 1 41 8 27 10 15 19 5 20 12 46 23 47 2 25 28 7 11 13 32 31 36 34 29 30 24 3 49 44 22 48 18 35 42 37 39 9 4 0 
bonus: 16 40 26 6 43 14 17 38 21 33 45 1 8 25 28 7 29 30 24 3 49 44 22 48 18 35 42 37 39 9 4 
passengers: 0 84 103 105 115 118 119 34 35 36 62 61 51 131 128 40 

2231.17	6452	18060
tour: 0 4 9 39 37 21 33 45 5 19 15 10 27 8 41 1 36 31 20 12 46 23 47 2 25 28 7 11 13 32 42 35 16 40 26 6 17 38 14 43 18 48 22 44 49 3 24 34 29 30 0 
bonus: 4 9 39 37 21 33 45 5 19 15 10 27 8 41 1 36 31 20 12 46 23 2 14 43 48 49 3 24 34 29 30 
passengers: 0 28 29 76 42 87 88 5 4 67 117 121 10 92 53 84 74 75 100 107 38 39 

4034.2	6585	21254
tour: 0 4 9 39 37 42 35 16 40 26 6 3 49 44 22 48 18 43 14 17 38 21 33 45 5 19 20 12 46 23 47 2 25 28 7 11 13 32 31 36 1 41 8 27 10 15 24 34 29 30 0 
bonus: 4 9 39 14 17 38 21 33 45 5 19 20 12 46 23 47 2 25 28 7 11 13 32 31 36 1 41 8 27 10 15 24 34 29 30 
passengers: 3 32 23 24 25 53 17 131 129 118 119 13 12 34 65 66 

3830.17	6183	12936
tour: 0 30 29 34 24 3 49 44 22 48 18 43 14 38 17 6 26 40 16 35 42 32 31 36 13 11 7 28 25 2 47 23 46 12 20 5 19 15 10 27 8 41 1 45 33 21 37 39 9 4 0 
bonus: 30 29 34 24 3 22 32 31 36 13 2 47 23 46 12 20 5 19 15 10 9 4 
passengers: 1 2 3 48 51 52 17 128 105 80 58 96 95 67 13 9 120 85 86 6 

2559.18	6711	22625
tour: 0 4 9 39 37 38 21 33 45 5 19 15 10 27 8 41 1 36 31 20 12 46 23 47 2 25 28 7 11 13 32 42 35 16 40 26 6 17 14 43 18 48 22 44 49 3 24 34 29 30 0 
bonus: 4 9 39 37 38 21 33 45 5 19 15 10 27 8 41 1 36 31 20 12 46 23 2 26 6 17 14 43 18 48 22 44 49 3 24 34 29 30 
passengers: 0 28 29 76 42 87 88 5 4 67 117 10 11 92 53 100 107 106 99 

2125.13	5641	3065
tour: 0 38 14 17 6 26 40 16 35 42 32 13 11 7 28 25 2 47 23 46 12 20 31 36 1 41 8 27 10 15 19 5 45 33 21 37 39 9 4 43 18 48 22 44 49 3 24 34 29 30 0 
bonus: 38 14 17 6 29 30 
passengers: 3 73 80 81 58 59 13 120 118 65 68 66 6 85 90 77 78 32 100 

2714.9	6573	19532
tour: 0 38 14 17 6 26 40 16 35 42 32 31 36 13 11 7 28 25 2 47 23 46 12 20 5 19 15 10 27 8 41 1 45 33 21 37 39 9 4 43 18 48 22 44 49 3 24 34 29 30 0 
bonus: 38 14 17 6 26 40 16 35 42 32 31 36 13 11 7 28 25 2 47 23 46 12 20 5 19 15 10 9 4 43 18 48 22 29 30 
passengers: 3 80 81 58 59 57 67 13 9 120 85 90 86 77 78 32 23 100 

4560.67	6254	14157
tour: 0 30 29 34 24 3 49 44 22 48 18 35 42 32 31 36 13 11 7 28 25 2 47 23 46 12 20 5 19 15 10 27 8 41 1 45 33 21 37 39 9 4 43 14 38 17 6 26 40 16 0 
bonus: 30 29 34 24 3 49 22 12 20 5 19 15 10 8 39 9 4 43 14 38 17 6 26 40 16 
passengers: 1 2 3 51 17 20 21 110 58 96 13 120 87 85 90 86 

3326.77	6311	16225
tour: 0 38 21 33 45 5 19 15 10 27 8 41 1 36 31 32 13 11 7 28 25 2 47 23 46 12 20 14 17 6 26 40 16 35 42 37 39 9 4 43 18 48 22 44 49 3 24 34 29 30 0 
bonus: 38 21 33 45 5 19 15 10 27 8 41 1 36 31 32 20 37 39 9 4 43 18 48 22 29 30 
passengers: 0 42 87 5 4 67 10 11 14 9 82 83 53 92 77 78 32 100 

4209	6239	13940
tour: 0 30 29 34 24 3 49 44 22 48 18 35 42 37 39 9 4 43 14 20 12 46 23 47 2 25 28 7 11 13 32 31 36 1 41 8 27 10 15 19 5 45 33 21 38 17 6 26 40 16 0 
bonus: 30 29 34 24 14 20 12 2 25 28 7 11 13 32 31 36 1 41 8 27 17 6 26 40 16 
passengers: 1 2 3 51 52 17 15 128 53 96 95 104 105 118 119 13 12 34 65 66 7 8 87 114 45 44 

3062.15	7100	29173
tour: 0 4 9 39 37 21 38 17 6 26 11 7 28 32 13 36 31 20 12 46 23 47 2 25 33 45 5 19 15 10 27 8 41 1 40 16 35 42 14 43 18 48 22 44 49 3 24 34 29 30 0 
bonus: 4 9 39 37 21 38 17 6 26 11 7 28 32 13 36 31 20 12 46 23 47 2 25 33 45 5 19 15 10 27 8 41 1 40 16 35 42 14 43 18 48 22 44 49 3 24 34 29 30 
passengers: 71 72 73 67 10 13 11 12 113 89 87 53 54 60 92 100 38 

2225.38	5823	5585
tour: 0 38 21 37 42 35 16 40 1 41 8 27 10 15 19 5 45 33 25 2 47 23 46 12 20 31 36 13 32 28 7 11 26 6 17 14 43 4 9 39 18 48 22 44 49 3 24 34 29 30 0 
bonus: 38 21 37 42 35 2 24 34 29 30 
passengers: 3 93 94 95 97 55 114 42 9 119 118 68 69 70 34 35 32 77 38 

2320.63	6323	16414
tour: 0 38 21 37 39 9 4 43 18 48 22 44 49 28 7 11 13 32 31 36 1 41 8 27 10 15 19 5 45 33 25 2 47 23 46 12 20 14 17 42 35 16 40 26 6 3 24 34 29 30 0 
bonus: 38 21 37 39 9 4 43 18 48 22 44 49 28 7 11 13 32 31 26 6 3 24 34 29 30 
passengers: 74 75 71 72 23 41 127 126 34 67 65 66 87 88 114 10 11 14 

2543.37	6450	16423
tour: 0 4 9 39 37 21 38 17 14 43 18 48 22 44 49 28 7 11 13 36 31 32 42 35 16 40 1 41 8 27 10 15 19 5 45 33 25 2 47 23 46 12 20 26 6 3 24 34 29 30 0 
bonus: 4 9 39 37 21 38 17 14 43 48 16 40 1 41 8 33 25 2 47 23 46 12 20 26 6 3 24 34 29 30 
passengers: 23 24 79 71 72 128 124 34 65 66 93 55 114 115 116 

1969.92	6214	12893
tour: 0 4 43 14 17 38 21 37 39 9 16 40 1 41 8 27 10 15 19 5 45 33 25 2 47 23 46 12 20 31 36 13 32 42 35 18 48 22 44 49 28 7 11 26 6 3 24 34 29 30 0 
bonus: 4 43 14 17 38 35 18 48 22 44 49 28 7 11 26 6 3 24 34 29 30 
passengers: 28 29 103 105 76 88 113 114 42 14 119 62 61 92 91 38 110 111 109 34 

2784.57	5788	6097
tour: 0 16 40 1 41 8 27 10 15 19 5 45 33 25 2 47 23 46 12 20 31 36 13 11 26 6 3 24 30 29 34 35 42 32 7 28 49 44 22 48 18 43 14 17 38 21 37 39 9 4 0 
bonus: 16 43 14 17 38 21 37 39 9 4 
passengers: 0 80 81 114 42 119 115 68 69 35 36 17 16 51 92 129 108 

2004.97	6952	25603
tour: 0 38 21 37 39 9 4 43 14 17 6 26 11 7 28 36 31 20 12 46 23 47 2 25 33 45 5 19 15 10 27 8 41 1 40 16 35 42 32 13 18 48 22 44 49 3 24 34 29 30 0 
bonus: 38 21 37 39 9 7 28 36 31 20 12 46 23 47 2 25 33 45 5 19 15 10 27 8 41 1 40 16 35 42 32 13 18 48 22 44 49 3 24 34 29 30 
passengers: 73 71 72 30 105 67 10 13 11 12 113 89 87 54 60 92 91 38 

1994.32	5700	2649
tour: 0 16 40 1 45 5 19 15 10 27 41 8 49 44 22 48 18 35 42 37 39 9 4 43 14 17 38 21 33 25 2 47 23 46 12 20 31 36 13 32 28 7 11 26 6 3 24 34 29 30 0 
bonus: 16 40 1 23 29 30 
passengers: 83 113 112 89 85 40 53 58 96 76 30 104 42 119 115 118 68 69 34 

1758.72	6249	13681
tour: 0 38 17 14 21 37 39 9 4 43 18 48 22 44 49 28 7 32 42 35 16 40 1 41 8 27 10 15 19 5 45 33 25 2 47 23 46 12 20 31 36 13 11 26 6 3 24 34 29 30 0 
bonus: 38 17 14 21 37 39 9 4 43 18 48 22 44 49 28 7 32 42 35 2 29 30 
passengers: 74 75 71 72 79 40 128 93 94 95 55 56 114 42 119 115 118 116 68 69 

2640.6	6415	16668
tour: 0 38 17 14 43 4 9 39 37 21 33 25 2 47 23 46 12 20 31 36 1 45 5 19 15 10 27 41 8 49 44 22 48 18 13 11 7 28 32 42 35 16 40 26 6 3 24 34 29 30 0 
bonus: 38 17 14 43 4 9 39 37 21 33 25 2 47 23 46 12 20 31 18 13 11 7 28 32 42 40 29 30 
passengers: 0 104 105 108 30 28 42 13 12 119 62 61 113 87 88 131 110 128 38 

3500.75	6708	21027
tour: 0 30 29 34 24 3 6 26 11 7 28 49 44 22 48 18 13 36 31 32 42 35 16 40 1 41 8 27 10 15 19 5 45 33 25 2 47 23 46 12 20 9 39 37 21 38 17 14 43 4 0 
bonus: 30 29 34 24 3 6 26 11 7 28 49 44 22 48 18 13 36 31 32 42 35 16 40 1 41 8 33 25 37 21 38 17 14 43 4 
passengers: 1 2 17 35 36 131 137 128 124 127 41 40 65 93 55 85 86 114 45 43 46 108 

3684.17	5936	7125
tour: 0 30 29 34 24 3 6 26 11 35 42 32 7 28 49 44 22 48 18 13 36 31 20 12 46 23 47 2 25 33 45 5 19 15 10 27 8 41 1 40 16 9 39 37 21 38 17 14 43 4 0 
bonus: 30 29 34 24 3 26 21 38 17 14 43 4 
passengers: 1 2 3 51 17 20 21 56 92 127 41 67 120 10 13 87 85 90 84 82 108 

2605.63	6293	13969
tour: 0 16 40 1 41 8 27 10 15 19 5 45 33 25 2 47 23 46 12 20 31 36 28 7 32 42 35 34 29 30 24 3 49 44 22 48 18 13 11 26 6 17 14 43 4 9 39 37 21 38 0 
bonus: 16 35 34 29 30 24 44 22 48 18 13 11 26 6 17 14 43 4 9 39 37 21 38 
passengers: 0 80 81 88 114 42 14 62 68 69 92 91 17 16 131 111 129 108 

2926.85	6065	9842
tour: 0 38 17 14 43 4 9 39 37 21 33 25 2 47 23 46 12 20 31 36 13 18 48 22 44 49 8 41 27 10 15 19 5 45 1 40 16 35 42 32 28 7 11 26 6 3 24 34 29 30 0 
bonus: 38 17 14 43 9 32 28 7 11 26 6 3 24 34 29 30 
passengers: 0 74 104 105 108 30 42 13 12 119 62 61 128 124 132 89 87 34 

1869.15	6088	9839
tour: 0 16 40 1 45 5 19 15 10 27 41 8 49 44 22 48 18 13 32 42 35 34 29 30 24 3 6 26 11 7 28 36 31 20 12 46 23 47 2 25 33 21 37 39 9 4 43 14 17 38 0 
bonus: 16 40 1 45 5 19 15 10 27 41 8 49 44 22 28 36 
passengers: 113 112 89 88 131 109 38 39 95 97 16 20 33 120 121 122 

2872.17	6024	8168
tour: 0 30 29 34 24 3 6 26 11 13 18 48 22 44 49 8 41 27 10 15 19 5 45 1 40 16 35 42 32 7 28 36 31 20 12 46 23 47 2 25 33 21 37 39 9 4 43 14 17 38 0 
bonus: 30 29 34 24 3 6 26 11 13 48 43 14 17 38 
passengers: 1 2 17 18 19 35 36 128 124 109 114 5 83 96 33 67 120 9 45 

2038.38	6581	17347
tour: 0 38 17 14 43 4 9 39 37 21 33 25 2 47 23 46 12 20 31 36 28 7 32 42 35 34 29 30 24 3 6 26 11 13 18 48 22 44 49 8 41 27 10 15 19 5 45 1 40 16 0 
bonus: 38 17 14 43 4 9 39 37 21 33 25 2 47 23 46 12 20 31 36 28 7 32 35 34 29 49 8 41 1 40 16 
passengers: 0 104 105 108 30 76 42 14 119 115 117 68 69 92 60 49 17 18 124 132 133 87 

2129.87	6707	20314
tour: 0 16 40 1 45 5 19 15 10 27 41 8 49 44 22 48 18 13 11 7 32 28 36 31 20 12 46 23 47 2 25 33 21 37 42 35 34 29 30 24 3 6 26 39 9 4 43 14 17 38 0 
bonus: 16 40 1 45 5 19 15 10 27 41 8 49 44 22 48 18 13 11 7 32 28 36 31 20 12 46 2 25 6 26 39 14 17 38 
passengers: 113 112 131 134 136 110 41 67 68 69 115 120 14 53 52 15 16 

1987.13	7189	28873
tour: 0 16 40 1 45 5 19 15 10 27 41 8 49 44 22 48 18 13 11 7 28 36 31 32 42 35 34 29 30 24 3 6 26 39 37 21 33 25 2 47 23 46 12 20 14 43 4 9 17 38 0 
bonus: 16 40 1 45 5 19 15 10 27 41 8 49 44 22 48 18 13 11 7 28 36 31 32 42 35 34 29 30 24 3 6 26 39 37 21 33 25 2 47 23 12 20 14 43 4 9 17 38 
passengers: 113 112 88 131 137 110 128 38 41 68 69 95 97 16 20 21 121 108 

1873.15	6051	6969
tour: 0 16 40 1 41 27 8 49 44 22 48 18 13 11 35 42 32 7 28 36 31 15 10 19 5 45 33 25 2 47 23 46 12 20 14 43 4 9 17 38 21 37 39 26 6 3 24 34 29 30 0 
bonus: 16 40 1 31 15 39 26 6 3 24 34 29 30 
passengers: 5 89 88 131 137 110 128 93 94 95 67 70 114 45 43 9 107 32 77 78 

1853.65	6842	21639
tour: 0 16 40 1 45 5 19 15 10 27 41 8 49 44 22 48 18 13 11 7 28 36 31 32 42 35 34 29 30 24 26 6 3 2 25 33 21 37 39 9 20 12 46 23 47 4 43 14 17 38 0 
bonus: 16 40 1 45 5 19 15 10 27 41 8 49 44 22 48 18 13 11 7 28 36 31 32 42 35 34 29 30 24 26 2 4 43 14 17 38 
passengers: 113 112 88 131 137 110 128 38 41 68 69 95 97 16 20 21 121 122 

1807.75	6243	9369
tour: 0 16 40 1 41 27 10 15 31 36 28 32 7 11 13 18 48 22 44 49 8 35 42 37 21 38 17 14 43 4 9 39 26 6 3 2 25 33 45 5 19 20 12 46 23 47 29 34 24 30 0 
bonus: 16 40 1 41 27 10 15 31 36 28 23 47 29 34 24 30 
passengers: 80 81 5 4 88 62 61 34 33 35 40 128 130 53 95 104 107 105 32 20 18 115 116 

1803.6	7090	22449
tour: 0 16 40 31 36 28 32 7 11 4 43 14 17 38 21 37 42 35 8 49 44 22 48 18 13 1 41 27 10 15 19 5 45 33 25 2 3 6 26 39 9 20 12 46 23 47 29 34 24 30 0 
bonus: 16 40 31 36 28 32 7 11 4 43 14 18 13 1 41 27 10 15 19 5 45 33 25 2 3 6 26 39 9 20 12 46 23 47 29 34 24 30 
passengers: 84 82 83 80 81 70 34 35 23 74 92 91 127 126 85 86 114 46 9 20 77 78 115 116 

1799.27	7110	22449
tour: 0 16 40 28 36 31 32 7 11 4 43 14 17 38 21 37 42 35 8 49 44 22 48 18 13 1 41 27 10 15 19 5 45 33 25 2 3 6 26 39 9 20 12 46 23 47 29 34 24 30 0 
bonus: 16 40 28 36 31 32 7 11 4 43 14 18 13 1 41 27 10 15 19 5 45 33 25 2 3 6 26 39 9 20 12 46 23 47 29 34 24 30 
passengers: 84 82 83 80 81 70 34 35 23 74 92 91 127 126 85 86 114 46 9 20 77 78 115 116 

1759.87	6982	19421
tour: 0 16 40 28 36 31 15 10 27 41 1 13 18 48 22 44 49 8 35 42 32 7 14 43 4 11 47 23 46 12 20 9 17 38 21 37 39 26 6 3 2 25 33 45 5 19 24 34 29 30 0 
bonus: 16 40 28 36 31 15 10 32 7 14 43 4 11 47 23 46 12 20 9 17 38 21 37 39 25 33 45 5 19 24 34 29 30 
passengers: 80 81 62 61 65 66 89 40 128 129 130 53 96 95 107 105 106 120 77 76 18 19 

1665.07	6941	13473
tour: 0 16 40 28 36 31 1 13 18 48 22 44 41 27 10 15 19 5 45 30 24 34 29 47 23 46 12 20 21 37 39 26 6 3 2 25 33 11 4 43 9 17 14 7 32 42 35 8 49 38 0 
bonus: 16 40 28 36 31 1 13 18 48 22 44 41 26 6 3 2 25 33 11 4 43 9 
passengers: 80 81 61 65 66 38 127 126 85 86 120 123 76 79 15 16 14 45 100 99 

1530.07	7265	13733
tour: 0 37 39 26 6 41 27 10 49 8 35 42 32 7 36 28 9 17 14 43 4 19 15 31 1 13 18 48 22 44 5 45 30 24 34 29 16 40 3 2 25 33 11 47 23 46 12 20 21 38 0 
bonus: 37 39 26 6 10 22 44 5 45 30 24 34 29 16 40 3 2 25 33 11 47 23 46 12 20 
passengers: 3 71 72 79 89 53 98 33 65 66 103 23 38 39 124 125 114 47 48 84 20 21 22 45 121 

1610.53	7678	20769
tour: 0 38 49 30 24 21 20 12 46 23 32 7 36 28 9 17 14 43 4 19 15 31 1 13 18 48 22 44 5 45 8 35 42 37 39 26 6 41 27 10 34 29 47 11 33 25 2 3 40 16 0 
bonus: 38 49 30 24 21 20 12 46 23 32 7 36 28 9 17 13 18 48 22 44 5 45 39 26 6 41 11 33 25 2 3 40 16 
passengers: 135 134 118 33 65 66 70 103 23 24 6 40 128 127 126 59 96 77 87 47 48 37 10 11 

1681.3	7422	14709
tour: 0 16 40 4 43 42 35 8 19 15 31 1 13 18 48 22 44 41 6 26 39 37 21 20 12 46 23 32 7 36 28 9 17 14 3 2 25 33 11 47 29 34 24 30 45 5 27 10 49 38 0 
bonus: 16 40 4 43 22 44 41 6 26 37 36 28 9 17 14 3 2 25 33 11 47 29 34 24 30 
passengers: 3 23 24 28 29 60 6 127 126 110 109 85 86 71 72 118 34 67 68 69 18 19 22 45 121 122 

1653.65	6976	1695
tour: 0 38 49 30 24 21 20 12 46 45 5 27 10 16 29 34 8 35 42 43 14 17 9 28 36 7 32 23 47 11 33 25 2 3 40 4 19 15 31 1 13 18 48 22 44 41 6 26 39 37 0 
bonus: 6 26 39 37 
passengers: 2 132 135 133 134 115 117 48 51 52 53 59 96 107 105 37 35 10 13 23 24 28 6 127 126 85 86 

1802.8	8554	29173
tour: 0 37 39 26 6 41 44 22 48 18 13 1 31 15 19 4 43 42 40 16 10 27 5 45 46 12 20 21 35 8 34 29 47 23 32 7 36 28 9 11 33 25 2 3 14 17 24 30 49 38 0 
bonus: 37 39 26 6 41 44 22 48 18 13 1 31 15 19 4 43 42 40 16 10 27 5 45 46 12 20 21 35 8 34 29 47 23 32 7 36 28 9 11 33 25 2 3 14 17 24 30 49 38 
passengers: 87 88 90 128 124 93 94 95 115 117 118 116 59 119 34 67 68 69 37 45 44 

1294.72	8095	12755
tour: 0 38 49 30 24 17 14 7 32 23 43 42 1 13 18 48 31 15 19 4 40 3 2 25 16 10 27 5 45 46 12 20 21 35 8 34 29 47 44 22 33 11 9 28 36 41 6 26 39 37 0 
bonus: 38 49 30 40 3 2 25 16 10 27 5 45 46 12 20 21 35 8 41 6 26 39 37 
passengers: 74 75 130 137 33 103 124 125 32 30 31 20 18 19 21 114 115 117 118 116 54 49 50 111 43 85 86 

1448.83	7973	11786
tour: 0 38 49 30 45 5 27 10 16 25 2 3 40 4 19 15 31 48 18 13 1 42 43 23 32 7 14 17 35 8 46 12 20 21 24 34 29 47 44 22 33 11 9 28 36 41 6 26 39 37 0 
bonus: 38 49 30 45 5 27 16 13 1 42 43 44 22 33 11 9 41 
passengers: 132 133 113 112 10 11 16 23 24 128 129 40 95 97 58 59 57 115 118 116 49 50 120 119 85 86 

