Fo(cost)	Fo(time)	Fo(bonus)

4585.5	6204	16705
tour: 0 18 32 30 27 14 23 37 39 22 38 47 13 21 4 11 49 16 41 42 5 7 12 35 36 24 8 45 19 46 26 20 31 6 48 28 25 17 15 34 40 2 44 3 1 29 10 33 9 43 0 
bonus: 18 32 30 27 14 23 37 39 22 38 47 13 21 4 11 49 16 35 36 24 1 29 10 33 9 43 
passengers: 4 2 3 46 49 59 57 55 90 96 64 37 42 45 44 43 85 86 92 26 11 10 

2824.4	6017	12444
tour: 0 18 32 30 6 31 20 13 47 4 21 26 46 19 45 8 24 36 35 12 7 5 42 41 16 49 11 15 38 22 39 37 23 14 27 43 9 33 10 29 1 3 44 2 40 34 48 28 25 17 0 
bonus: 18 32 35 12 7 5 42 41 16 9 33 10 29 1 40 34 48 28 25 17 
passengers: 1 90 91 88 39 34 25 71 73 66 65 68 58 47 54 53 83 23 6 84 17 61 60 92 

2865.53	5737	6895
tour: 0 18 32 30 6 31 20 26 46 19 45 8 24 36 35 12 7 5 42 41 16 49 11 15 17 25 28 48 34 40 2 44 3 1 29 10 27 14 23 37 39 22 38 47 13 21 4 33 9 43 0 
bonus: 18 32 30 6 31 20 26 46 19 45 36 
passengers: 1 88 86 42 39 37 21 71 97 62 15 10 5 46 58 55 89 

4585.17	5660	5322
tour: 0 43 9 33 4 21 13 47 38 22 39 37 23 14 27 30 6 31 20 26 46 19 45 8 24 36 35 12 7 5 42 41 16 49 11 15 17 25 28 48 34 40 2 44 3 1 29 10 32 18 0 
bonus: 43 9 33 4 1 29 10 32 18 
passengers: 4 2 3 76 78 91 30 88 86 42 37 25 21 71 11 12 

2413.43	6186	14166
tour: 0 43 9 33 4 47 13 21 30 32 18 6 31 20 40 2 44 3 1 29 10 27 14 23 37 39 22 38 15 11 49 16 41 42 5 7 12 35 36 24 8 45 19 46 26 34 48 28 25 17 0 
bonus: 43 9 33 4 47 38 42 5 7 12 35 36 24 8 45 19 46 26 34 48 28 25 17 
passengers: 83 78 23 62 11 18 5 7 8 59 32 96 64 45 44 43 92 

4560.83	6122	13002
tour: 0 43 33 9 42 23 37 39 22 38 15 17 25 28 48 34 40 20 31 6 26 46 19 45 8 24 36 35 12 7 5 41 16 49 11 4 47 13 21 30 27 14 2 44 3 1 29 10 32 18 0 
bonus: 43 33 9 42 19 45 7 5 41 16 49 11 4 47 13 44 3 29 10 32 18 
passengers: 4 2 3 76 79 47 48 27 94 95 63 88 38 25 24 21 20 11 12 

4899.33	6068	12741
tour: 0 43 33 9 42 23 37 39 22 38 15 17 25 28 48 46 19 45 8 24 36 35 12 7 5 41 16 49 11 4 47 13 21 26 34 40 20 31 6 30 27 14 2 44 3 1 29 10 32 18 0 
bonus: 43 47 13 21 26 20 31 6 30 27 14 2 44 3 1 29 10 32 18 
passengers: 4 2 3 76 75 47 48 56 94 95 88 37 38 25 11 12 

2350.72	6435	19719
tour: 0 18 32 10 27 14 2 44 3 1 29 13 47 4 11 49 16 41 5 7 12 35 36 24 8 45 19 46 26 21 30 6 31 20 40 34 48 28 25 17 15 38 22 39 37 23 42 9 33 43 0 
bonus: 18 32 10 27 14 2 44 3 1 29 13 47 4 11 49 16 41 5 7 12 35 36 26 37 23 42 9 33 43 
passengers: 15 11 18 12 16 7 8 90 91 96 64 37 35 45 44 43 61 60 62 93 26 58 73 72 

2631.27	6183	13531
tour: 0 18 32 10 27 14 11 49 16 41 5 7 12 35 36 24 8 45 19 46 26 34 40 20 31 6 30 21 13 47 4 37 39 22 38 15 17 25 28 48 29 1 3 44 2 23 42 9 33 43 0 
bonus: 18 32 10 27 14 11 49 16 41 5 7 12 24 8 45 19 46 26 34 33 43 
passengers: 1 96 64 37 35 45 44 43 87 61 60 62 20 58 29 26 10 9 84 73 72 

3159.5	6009	10549
tour: 0 43 33 9 42 23 37 4 47 13 21 30 6 31 20 40 2 44 3 1 29 39 22 38 15 17 25 28 48 34 26 46 19 45 8 24 36 35 12 7 5 41 16 49 11 14 27 10 32 18 0 
bonus: 29 39 22 38 15 17 25 28 41 16 49 11 14 27 10 32 18 
passengers: 2 3 83 78 23 54 53 61 17 5 57 29 32 28 27 94 38 25 

2456.12	6047	10960
tour: 0 43 33 9 42 23 14 27 30 21 13 47 38 22 39 37 4 11 49 16 41 5 7 12 35 36 24 8 45 19 46 48 28 25 17 15 34 26 6 31 20 40 2 44 3 1 29 10 32 18 0 
bonus: 43 33 9 42 23 14 27 5 7 12 35 36 1 29 10 32 18 
passengers: 4 78 81 80 71 90 55 96 64 37 42 45 44 43 85 86 92 11 12 

2587.37	6355	16818
tour: 0 43 33 9 42 23 2 44 3 1 29 26 34 40 20 31 6 30 21 13 47 4 37 39 22 38 15 17 25 28 48 46 19 45 8 24 36 35 12 7 5 41 16 49 11 14 27 10 32 18 0 
bonus: 43 33 9 42 23 2 44 3 1 29 26 34 40 20 6 7 5 41 16 49 11 14 27 10 32 18 
passengers: 83 23 22 74 70 5 6 61 60 62 90 59 29 28 27 94 38 25 

2257.87	6112	12282
tour: 0 18 32 10 27 14 23 2 44 3 1 29 26 34 40 20 31 6 30 21 13 47 4 37 39 22 38 15 17 25 28 48 46 19 11 49 16 45 8 24 36 35 12 7 5 41 42 9 33 43 0 
bonus: 18 32 10 27 14 23 2 44 3 1 29 26 34 40 20 6 25 33 43 
passengers: 15 11 12 5 6 61 60 62 47 57 29 26 28 27 94 38 25 73 72 

3052.47	6226	14685
tour: 0 43 33 9 42 23 2 44 3 1 29 13 47 4 37 39 22 38 15 17 25 28 48 34 40 20 31 6 30 21 26 46 19 45 8 24 36 35 12 7 5 41 16 49 11 14 27 10 32 18 0 
bonus: 43 33 39 22 38 15 17 25 28 48 34 40 7 5 41 16 49 11 14 27 10 32 18 
passengers: 2 83 78 23 22 5 47 48 29 27 94 95 63 88 38 25 

3679.25	5872	7209
tour: 0 18 32 10 27 14 23 42 41 5 7 12 35 36 24 8 45 16 49 11 15 17 25 28 48 34 26 46 19 22 38 47 13 21 30 6 31 20 40 2 44 3 1 29 39 37 4 33 9 43 0 
bonus: 18 32 36 24 8 45 16 47 21 33 9 43 
passengers: 1 0 71 64 34 45 44 43 99 98 93 87 55 56 11 12 10 5 58 

4020.5	6671	21042
tour: 0 43 9 33 4 37 39 22 38 47 13 29 1 3 44 2 40 20 31 6 30 21 26 34 48 28 25 17 15 11 49 16 41 5 7 12 35 36 24 8 45 19 46 42 23 14 27 10 32 18 0 
bonus: 43 9 33 4 37 39 22 38 28 25 17 15 11 49 16 41 5 7 12 35 36 24 8 45 19 46 42 23 14 27 10 32 18 
passengers: 4 2 3 83 78 47 54 6 84 17 18 61 60 94 92 28 27 96 64 45 44 39 43 

2435.9	5889	5708
tour: 0 43 9 33 26 34 40 20 31 6 30 21 13 47 38 22 2 44 3 1 29 39 37 4 25 17 15 11 49 16 45 19 46 48 28 8 24 36 35 12 7 5 41 42 23 14 27 10 32 18 0 
bonus: 29 41 42 23 14 27 10 32 18 
passengers: 4 83 78 23 62 55 56 29 5 57 47 28 27 96 94 39 38 25 

2192.82	6035	9140
tour: 0 43 33 9 42 23 14 27 10 32 34 26 21 30 6 31 20 40 2 44 3 1 29 13 47 4 37 39 22 38 15 17 25 28 48 46 19 11 49 16 45 8 24 36 35 12 7 5 41 18 0 
bonus: 43 33 9 42 23 10 2 44 3 25 28 48 41 18 
passengers: 70 69 61 60 62 15 17 47 29 28 27 94 95 88 38 25 

4147	6719	21190
tour: 0 43 9 33 4 37 39 22 38 47 13 29 1 3 44 2 26 34 40 20 31 6 30 21 25 17 15 11 49 16 45 19 46 48 28 8 24 36 35 12 7 5 41 42 23 14 27 10 32 18 0 
bonus: 43 9 33 4 37 39 22 38 47 13 29 1 3 44 2 26 34 40 20 31 6 30 21 7 5 41 42 23 14 27 10 32 18 
passengers: 4 2 3 83 78 54 53 6 84 17 18 61 60 28 27 96 88 94 39 38 25 

2359.4	6354	14024
tour: 0 18 32 10 27 14 11 49 16 7 5 41 39 37 4 47 13 29 1 3 44 2 22 38 15 17 25 28 48 34 26 21 30 6 31 20 40 12 35 36 24 8 45 19 46 23 42 9 33 43 0 
bonus: 18 32 10 27 14 15 17 25 28 48 34 26 36 24 8 45 19 46 23 42 9 33 
passengers: 2 100 99 97 21 47 54 53 84 17 29 30 28 27 94 95 41 45 44 40 39 73 72 

2735.05	6792	22757
tour: 0 18 32 10 27 14 23 42 46 19 8 24 36 35 45 16 49 11 4 37 39 41 5 7 12 40 20 31 6 30 21 26 34 48 28 25 17 15 38 22 2 44 3 1 29 13 47 9 33 43 0 
bonus: 18 32 10 27 14 23 42 46 19 8 24 36 35 45 16 49 5 7 12 40 20 31 6 30 22 2 44 3 1 29 13 47 9 33 43 
passengers: 1 71 87 44 43 37 100 97 47 48 59 67 61 60 93 92 26 15 11 12 16 10 89 

2208.13	5948	6700
tour: 0 43 33 9 42 23 14 27 10 32 34 26 21 30 6 31 20 40 2 44 3 1 29 13 47 38 22 39 37 4 25 17 15 11 49 16 45 19 46 48 28 8 24 36 35 12 7 5 41 18 0 
bonus: 43 33 9 42 23 10 22 7 5 41 18 
passengers: 70 69 61 60 62 15 17 55 29 28 27 96 88 94 38 25 

4698.67	6867	24943
tour: 0 43 9 33 4 37 39 41 5 7 1 29 13 47 38 22 2 44 3 8 24 36 35 12 40 20 31 6 30 21 26 34 48 28 25 17 15 11 49 16 45 19 46 42 23 14 27 10 32 18 0 
bonus: 43 9 33 4 39 22 44 3 8 24 36 35 12 40 20 31 6 30 21 26 34 28 25 17 15 11 49 16 45 19 46 42 23 14 27 10 32 18 
passengers: 4 2 3 83 78 54 53 90 91 32 17 37 61 60 92 

2067.47	6566	17083
tour: 0 43 9 33 26 34 40 20 31 6 30 21 25 17 15 11 49 16 45 19 46 48 28 8 24 36 35 12 39 37 4 3 44 2 22 38 47 13 29 1 7 5 41 42 23 14 27 10 32 18 0 
bonus: 43 9 33 26 34 40 39 37 4 3 44 2 22 38 47 13 29 1 7 41 42 23 14 27 10 32 18 
passengers: 76 81 80 61 60 28 27 100 97 87 25 24 57 54 20 84 15 16 7 9 8 

3189.62	5966	7885
tour: 0 18 32 10 27 14 23 42 41 5 7 1 29 39 37 4 3 44 2 22 38 47 13 25 17 15 11 49 16 45 19 46 48 28 8 24 36 35 12 40 20 31 6 30 21 34 26 33 9 43 0 
bonus: 18 32 10 4 3 44 2 22 47 40 20 
passengers: 2 71 74 66 65 68 47 54 53 46 84 15 17 14 90 91 94 95 41 37 

2871.25	6864	23770
tour: 0 43 29 1 3 44 2 22 38 47 13 25 17 15 34 26 21 30 6 31 20 40 12 35 36 24 8 28 48 46 19 45 16 49 11 7 5 41 39 37 4 33 9 42 23 14 27 10 32 18 0 
bonus: 43 29 1 3 44 2 22 38 47 13 25 17 15 34 26 21 30 6 31 20 40 12 35 36 24 37 4 33 9 42 23 14 27 10 32 18 
passengers: 4 83 78 84 15 16 29 90 91 28 27 63 25 36 35 38 45 88 66 65 68 58 

2551.08	6999	24775
tour: 0 43 33 9 42 23 14 27 10 32 34 26 21 30 6 31 20 40 12 35 36 24 8 28 39 37 4 25 17 15 11 49 16 45 19 46 48 3 44 2 22 38 47 13 29 1 7 5 41 18 0 
bonus: 43 33 9 42 23 10 12 35 36 24 8 28 39 37 4 25 17 15 11 49 16 45 19 46 48 3 44 2 22 38 47 13 29 1 7 5 41 18 
passengers: 70 69 61 60 63 24 33 36 47 54 99 98 85 93 84 15 16 7 8 

2977.35	6733	20074
tour: 0 18 41 5 7 16 49 11 15 17 25 13 47 38 22 2 44 3 48 28 39 37 4 33 9 42 23 14 27 10 32 34 26 21 30 6 31 20 40 12 35 36 24 8 45 19 46 1 29 43 0 
bonus: 18 41 5 7 16 49 11 15 17 25 44 3 37 4 33 9 42 23 10 12 35 36 24 8 45 19 46 1 29 43 
passengers: 4 67 21 100 99 55 56 17 11 58 70 69 63 41 45 44 40 43 10 

2007.3	6512	14984
tour: 0 43 29 1 46 19 45 16 49 11 15 17 25 21 30 6 31 20 40 12 35 36 24 8 28 48 34 26 33 9 27 14 23 42 7 5 41 39 37 4 3 44 2 22 38 47 13 10 32 18 0 
bonus: 43 29 1 46 19 45 16 49 11 15 17 25 21 30 6 20 2 22 38 47 13 10 32 18 
passengers: 76 83 75 77 81 96 26 28 27 63 25 35 38 42 23 21 66 54 53 84 15 16 

1943.48	7355	30373
tour: 0 43 29 1 7 5 41 42 23 46 19 45 16 49 11 15 17 25 13 47 38 22 2 44 3 48 28 8 24 36 35 34 26 21 30 6 31 20 40 12 39 37 4 33 9 27 14 10 32 18 0 
bonus: 43 29 1 7 5 41 42 23 46 19 45 16 49 11 15 17 25 13 47 38 22 2 44 3 48 28 8 24 36 35 34 26 21 30 6 31 20 40 4 33 9 27 14 10 32 18 
passengers: 76 83 75 77 81 7 67 85 86 99 98 32 31 30 94 95 37 33 36 35 24 58 

2163.52	6499	13235
tour: 0 18 41 5 42 23 14 27 10 32 34 26 21 30 6 31 20 40 12 9 33 13 47 38 22 2 44 3 48 46 19 45 35 36 24 8 28 39 37 4 25 17 15 11 49 16 7 1 29 43 0 
bonus: 18 41 5 42 23 10 12 9 33 13 47 38 25 17 15 11 49 16 7 1 29 43 
passengers: 70 69 62 23 22 55 56 32 94 92 33 49 52 20 10 

1935.65	7346	29795
tour: 0 43 29 1 7 41 5 42 23 46 19 45 16 49 11 15 17 25 13 47 38 22 2 44 3 48 28 8 24 36 35 34 26 21 30 6 31 20 40 12 39 37 4 33 9 27 14 10 32 18 0 
bonus: 43 29 1 7 41 5 42 23 46 19 45 16 49 11 15 17 25 13 47 22 2 44 3 48 28 8 24 36 35 34 26 21 30 6 31 20 40 4 33 9 27 14 10 32 18 
passengers: 76 83 75 77 81 7 67 85 86 99 98 32 31 30 94 95 37 33 36 35 24 58 

1970.08	7230	25852
tour: 0 43 29 1 42 23 46 19 45 16 49 11 15 17 25 13 47 38 22 2 44 3 48 28 8 24 36 35 34 26 21 30 6 31 20 40 12 39 41 5 7 37 4 33 9 27 14 10 32 18 0 
bonus: 43 29 1 42 23 46 19 45 16 49 11 15 17 25 13 47 38 22 35 34 26 21 30 6 31 20 40 12 39 41 5 7 37 4 33 9 27 14 10 32 18 
passengers: 76 83 75 77 81 9 85 86 99 98 96 32 31 94 95 37 36 35 38 25 24 58 57 66 

1826.43	6292	10341
tour: 0 25 17 15 11 49 16 7 1 29 43 33 9 27 14 23 42 46 19 45 35 36 24 8 28 48 3 44 2 22 38 47 13 10 32 34 26 21 30 6 31 20 40 12 39 37 4 5 41 18 0 
bonus: 25 17 15 11 49 16 7 1 29 43 33 2 22 5 41 18 
passengers: 26 96 10 9 76 75 23 74 85 86 42 84 15 16 55 56 90 91 25 24 57 

4417.67	7566	32082
tour: 0 18 41 5 4 37 39 12 40 20 7 16 49 11 15 17 25 21 30 6 31 28 8 24 36 35 45 19 46 48 3 44 2 22 38 47 13 10 32 34 26 33 9 27 14 23 42 1 29 43 0 
bonus: 18 41 5 4 37 39 12 40 20 7 16 49 11 15 17 25 21 30 6 31 28 8 24 36 35 45 19 46 48 3 44 2 22 38 47 13 10 32 34 26 33 9 27 14 23 42 1 29 43 
passengers: 2 3 66 65 68 49 59 61 60 96 42 45 44 43 34 85 86 93 84 15 16 89 73 72 10 

2499.87	7039	21606
tour: 0 43 29 1 7 16 49 11 15 17 25 21 30 6 31 28 42 23 14 27 9 33 26 34 32 10 13 47 38 22 2 44 3 48 46 19 45 8 24 36 35 20 40 12 39 37 4 5 41 18 0 
bonus: 43 29 1 7 16 49 11 15 17 25 21 30 6 31 28 42 23 14 27 9 33 26 34 32 10 13 47 38 22 2 44 5 41 18 
passengers: 83 81 80 26 23 90 91 56 32 94 37 33 25 24 57 

2283.6	6855	18968
tour: 0 43 29 1 7 16 49 11 15 17 25 21 30 6 31 20 40 12 9 33 4 37 26 34 42 23 14 27 5 41 39 28 8 24 36 35 45 19 46 48 3 44 2 22 38 47 13 10 32 18 0 
bonus: 43 29 1 7 16 49 11 15 17 25 21 30 6 31 20 40 12 9 33 4 37 26 34 3 22 47 13 10 32 18 
passengers: 83 81 80 26 28 27 25 24 47 48 71 64 68 67 42 45 93 84 15 16 

1953.17	6873	19033
tour: 0 43 29 1 7 16 49 11 15 17 25 21 30 6 31 20 40 12 9 33 26 34 32 10 13 47 38 22 2 44 3 48 46 19 45 35 36 24 8 28 42 23 14 27 5 4 37 39 41 18 0 
bonus: 43 29 1 7 16 49 11 15 17 25 21 30 6 31 20 40 2 44 48 46 19 45 35 36 24 8 28 42 18 
passengers: 83 81 80 26 28 27 62 23 32 31 30 17 94 95 33 36 35 38 39 71 

1849.72	6572	13876
tour: 0 43 29 1 7 12 40 20 31 6 30 21 25 17 15 11 49 16 42 23 14 27 9 33 26 34 32 10 13 47 38 22 2 44 3 48 46 19 45 35 36 24 8 28 39 37 4 5 41 18 0 
bonus: 43 29 1 7 12 40 20 31 6 30 21 25 17 15 11 49 16 42 33 5 41 18 
passengers: 83 81 80 6 61 60 26 99 23 55 56 32 31 94 33 36 57 

4106.92	7274	26228
tour: 0 18 41 5 4 37 7 16 49 11 15 17 25 21 30 6 31 20 40 12 39 28 8 24 36 35 45 19 46 48 3 44 2 22 38 47 13 10 32 34 26 33 9 27 14 23 42 1 29 43 0 
bonus: 18 41 5 4 37 7 16 49 11 15 17 25 21 30 35 45 19 46 48 3 44 2 22 38 47 13 10 32 34 26 33 9 27 14 23 42 1 29 43 
passengers: 2 3 66 65 49 100 96 28 27 63 42 45 44 43 34 85 86 93 84 15 16 89 73 72 10 

1815.23	6553	8143
tour: 0 25 17 15 11 49 16 42 23 46 19 45 48 3 44 2 22 38 47 13 33 9 27 14 10 32 34 26 21 30 6 31 20 40 12 39 28 8 24 36 35 43 29 1 7 37 4 5 41 18 0 
bonus: 25 49 39 28 8 24 36 35 43 29 1 7 41 18 
passengers: 26 99 98 74 85 84 15 16 90 89 91 63 25 57 41 40 33 83 7 8 

1830.48	6902	12713
tour: 0 42 23 46 19 45 16 49 11 15 17 25 48 3 44 2 22 38 47 13 33 9 27 14 10 32 34 26 21 30 6 31 20 40 12 39 28 8 24 36 35 43 29 1 7 37 4 5 41 18 0 
bonus: 42 23 46 2 22 38 47 13 33 9 39 28 8 24 36 35 43 29 1 7 41 18 
passengers: 74 85 86 99 98 84 15 16 90 89 91 63 25 57 41 40 33 83 7 8 

2234.62	7815	32082
tour: 0 43 29 1 46 19 45 16 49 11 15 17 25 48 3 44 2 22 38 47 13 10 32 33 9 27 14 23 42 34 26 21 30 6 31 36 35 20 40 12 39 28 8 24 7 37 4 5 41 18 0 
bonus: 43 29 1 46 19 45 16 49 11 15 17 25 48 3 44 2 22 38 47 13 10 32 33 9 27 14 23 42 34 26 21 30 6 31 36 35 20 40 12 39 28 8 24 7 37 4 5 41 18 
passengers: 76 83 75 79 77 85 86 99 98 93 84 15 16 89 70 69 37 33 36 25 24 57 

1863.72	6961	16623
tour: 0 43 29 1 46 19 45 16 49 11 15 17 25 48 3 44 2 22 38 47 13 10 32 33 9 12 39 28 8 24 36 35 20 40 31 6 30 21 26 34 42 23 14 27 5 4 37 7 41 18 0 
bonus: 43 29 1 46 19 45 16 49 11 15 17 25 48 3 44 2 22 38 47 33 4 37 7 41 18 
passengers: 76 83 75 79 77 85 86 99 98 93 84 15 16 32 90 89 91 57 39 37 71 

1779.03	6782	12435
tour: 0 47 13 10 32 33 9 49 11 7 37 4 3 44 2 22 38 15 17 25 48 34 26 21 30 6 31 20 40 12 39 28 8 24 36 35 43 29 1 46 19 45 16 42 23 14 27 5 41 18 0 
bonus: 47 13 10 32 33 9 49 4 3 44 2 22 38 15 17 25 48 18 
passengers: 2 89 23 22 99 98 47 84 17 29 28 27 94 95 63 57 41 38 76 83 75 7 88 71 

1866.5	7855	20130
tour: 0 18 41 7 20 40 1 29 13 10 32 34 26 45 19 46 17 25 48 3 44 2 22 38 15 28 39 8 24 36 35 43 16 42 23 14 27 5 4 37 33 21 30 6 31 11 49 9 12 47 0 
bonus: 18 41 7 20 40 1 29 13 10 32 34 26 45 19 46 25 48 3 44 2 22 38 15 28 39 43 16 42 23 14 27 9 12 
passengers: 61 60 85 86 94 93 95 84 32 31 30 41 33 81 80 46 49 

1766.82	8060	23125
tour: 0 18 41 48 25 17 16 42 23 14 27 5 4 37 7 20 40 46 19 45 26 34 32 10 43 35 36 31 6 30 21 33 13 29 1 11 49 9 12 3 44 2 22 38 15 28 39 8 24 47 0 
bonus: 18 41 48 25 17 16 7 20 40 46 19 26 36 31 6 30 21 33 13 29 1 11 49 9 12 3 44 2 22 38 15 28 39 8 24 47 
passengers: 66 65 92 70 69 63 83 81 80 42 5 100 99 98 84 15 

1637.72	8264	15956
tour: 0 2 22 45 26 34 32 10 14 23 42 16 17 25 30 21 44 3 12 9 49 11 19 46 40 20 7 37 4 27 5 48 41 18 1 29 43 35 36 31 6 13 33 38 15 28 39 8 24 47 0 
bonus: 2 22 26 12 9 49 48 41 18 1 29 43 35 36 31 6 13 33 38 15 28 39 8 24 47 
passengers: 13 12 85 86 74 26 25 24 97 88 87 47 20 94 95 64 67 10 34 36 35 

1499.57	8260	10922
tour: 0 2 33 32 34 26 45 22 27 5 48 41 18 1 29 13 6 31 36 35 43 10 14 23 42 16 17 25 30 21 44 3 12 9 49 11 19 46 40 20 7 37 4 38 15 28 39 8 24 47 0 
bonus: 2 33 32 34 26 45 22 27 5 48 41 43 10 8 24 47 
passengers: 17 13 30 94 95 64 10 42 81 80 74 26 24 100 99 98 97 46 

