1.369359691e+00 1.586588864e+00 1.568591418e+00 
1.829486156e+00 1.591039462e+00 1.599090821e+00 
1.600231751e+00 1.667787558e+00 2.000000000e+00 
1.351829455e+00 1.563050143e+00 1.386658929e+00 
1.331470624e+00 1.599347246e+00 1.561595254e+00 
1.525549451e+00 1.562456730e+00 1.373569333e+00 
1.373875008e+00 1.622292553e+00 1.728761647e+00 
1.311265271e+00 1.529126694e+00 1.144114518e+00 
1.368157959e+00 1.621995846e+00 1.708385724e+00 
1.349788201e+00 1.618830976e+00 1.705387368e+00 
1.321479219e+00 1.656710513e+00 1.898410549e+00 
1.336065750e+00 1.557907230e+00 1.299448689e+00 
1.380038676e+00 1.615468302e+00 1.611632331e+00 
1.357261035e+00 1.590248244e+00 1.482122707e+00 
1.463667199e+00 1.609929779e+00 1.597736725e+00 
1.706627172e+00 1.555929186e+00 1.270658026e+00 
1.344761802e+00 1.576401938e+00 1.366540929e+00 
1.530868991e+00 1.578775591e+00 1.387980785e+00 
1.311348149e+00 1.569280981e+00 1.327562305e+00 
1.306921849e+00 1.607457225e+00 1.543218235e+00 
1.304658051e+00 1.602116507e+00 1.520424283e+00 
1.370848425e+00 1.674512907e+00 1.971499500e+00 
1.321413224e+00 1.597665908e+00 1.519037947e+00 
1.354024188e+00 1.614874889e+00 1.597962408e+00 
1.277306771e+00 1.549500544e+00 1.211110036e+00 
1.336722635e+00 1.585105331e+00 1.381145823e+00 
1.313176070e+00 1.560775393e+00 1.226359738e+00 
1.318517097e+00 1.624666205e+00 1.656865590e+00 
1.242502609e+00 1.577390960e+00 1.284489151e+00 
1.301456504e+00 1.637919098e+00 1.586065706e+00 
1.280112346e+00 1.600039561e+00 1.340265016e+00 
1.258215667e+00 1.615468302e+00 1.339007641e+00 
1.265183559e+00 1.643853229e+00 1.505206822e+00 
1.289047824e+00 1.661260014e+00 1.594899571e+00 
1.292249371e+00 1.642864207e+00 1.379920689e+00 
1.276671373e+00 1.714667194e+00 1.573427475e+00 
1.260801768e+00 1.714271585e+00 1.414353419e+00 
1.281772976e+00 1.762140243e+00 1.718219041e+00 
1.262872184e+00 1.791909801e+00 1.530160880e+00 
1.449950887e+00 1.892097715e+00 1.991810942e+00 
1.308171158e+00 1.867965582e+00 1.724376955e+00 
