1.656366812e+00 1.651593412e+00 2.000000000e+00 
1.586652124e+00 1.652080694e+00 2.000000000e+00 
1.578195298e+00 1.652470519e+00 2.000000000e+00 
1.318079008e+00 1.653445083e+00 2.000000000e+00 
1.293438415e+00 1.656173862e+00 2.000000000e+00 
1.273247661e+00 1.667186434e+00 2.000000000e+00 
1.272980310e+00 1.678101550e+00 2.000000000e+00 
1.258797576e+00 1.683461651e+00 2.000000000e+00 
1.251720151e+00 1.687359906e+00 2.000000000e+00 
1.227456801e+00 1.689211578e+00 2.000000000e+00 
1.208214078e+00 1.716499367e+00 2.000000000e+00 
