1.841624304e+00 1.689719626e+00 1.922851498e+00 
1.737967176e+00 1.706542056e+00 2.000000000e+00 
1.525723586e+00 1.696015740e+00 1.956239710e+00 
1.472954981e+00 1.708509592e+00 2.000000000e+00 
1.434732482e+00 1.645351697e+00 1.598090221e+00 
1.394258992e+00 1.680865716e+00 1.815673362e+00 
1.476213879e+00 1.677422528e+00 1.805004939e+00 
1.414282733e+00 1.678406296e+00 1.797991439e+00 
1.557461887e+00 1.676832268e+00 1.743332236e+00 
1.394460573e+00 1.693162814e+00 1.873328943e+00 
1.344569205e+00 1.650368913e+00 1.582910767e+00 
1.349799568e+00 1.642793901e+00 1.573526506e+00 
1.529206911e+00 1.688932612e+00 1.848238393e+00 
1.373854934e+00 1.700442696e+00 1.899637800e+00 
1.860304170e+00 1.637088047e+00 1.491208429e+00 
1.857750807e+00 1.660993606e+00 1.605301284e+00 
1.843371342e+00 1.675061485e+00 1.706420810e+00 
1.838399004e+00 1.664043286e+00 1.625386895e+00 
1.835711253e+00 1.630988687e+00 1.446921304e+00 
1.835308091e+00 1.673389080e+00 1.698189002e+00 
1.603646847e+00 1.675159862e+00 1.680276589e+00 
1.358960765e+00 1.691883915e+00 1.784425420e+00 
1.826976064e+00 1.662567634e+00 1.623510043e+00 
1.719197271e+00 1.676635514e+00 1.734804083e+00 
1.678679433e+00 1.665322184e+00 1.643990780e+00 
1.343863671e+00 1.698278406e+00 1.791043793e+00 
1.444979531e+00 1.731529759e+00 2.000000000e+00 
1.613635872e+00 1.674766355e+00 1.644287125e+00 
1.338152201e+00 1.720609936e+00 1.940467567e+00 
1.651734735e+00 1.664535170e+00 1.628975963e+00 
1.313750115e+00 1.672798819e+00 1.621270991e+00 
1.802114373e+00 1.676143630e+00 1.687652288e+00 
1.382209807e+00 1.719035908e+00 1.914059928e+00 
1.419267166e+00 1.736251845e+00 2.000000000e+00 
1.316280632e+00 1.707919331e+00 1.827889365e+00 
1.388324439e+00 1.736448598e+00 1.982844913e+00 
1.575940172e+00 1.599114609e+00 1.140434639e+00 
1.342095131e+00 1.706542056e+00 1.691043793e+00 
1.352554512e+00 1.752090507e+00 2.000000000e+00 
1.280321218e+00 1.671323168e+00 1.494863352e+00 
1.344625648e+00 1.753271028e+00 2.000000000e+00 
1.266166181e+00 1.651549434e+00 1.320019756e+00 
1.300725276e+00 1.778848992e+00 1.885610800e+00 
1.259737082e+00 1.720118052e+00 1.459993415e+00 
1.284329998e+00 1.834136744e+00 1.741718801e+00 
1.270891246e+00 1.841318249e+00 1.777839974e+00 
1.272638284e+00 1.831677324e+00 1.710273296e+00 
