1.633597827e+00 1.666106221e+00 2.000000000e+00 
1.484102769e+00 1.667589754e+00 2.000000000e+00 
1.439690896e+00 1.667886460e+00 2.000000000e+00 
1.435378169e+00 1.669567797e+00 2.000000000e+00 
1.415321689e+00 1.671941450e+00 2.000000000e+00 
1.408255571e+00 1.673326081e+00 2.000000000e+00 
1.385594573e+00 1.673721689e+00 2.000000000e+00 
1.329727116e+00 1.674216200e+00 2.000000000e+00 
1.307638590e+00 1.685787756e+00 2.000000000e+00 
1.306889619e+00 1.686578973e+00 2.000000000e+00 
1.287021917e+00 1.695480170e+00 2.000000000e+00 
1.284105838e+00 1.714963901e+00 2.000000000e+00 
1.281519737e+00 1.730986055e+00 2.000000000e+00 
