1.414526568e+00 1.681583998e+00 2.000000000e+00 
1.402783363e+00 1.681710274e+00 2.000000000e+00 
1.402415396e+00 1.682594201e+00 2.000000000e+00 
1.401686788e+00 1.682796242e+00 2.000000000e+00 
1.398979949e+00 1.682947773e+00 2.000000000e+00 
1.380194892e+00 1.683099303e+00 2.000000000e+00 
1.376038978e+00 1.683856955e+00 2.000000000e+00 
1.373252359e+00 1.686129912e+00 2.000000000e+00 
1.372055651e+00 1.687973533e+00 2.000000000e+00 
1.368559147e+00 1.688604910e+00 2.000000000e+00 
1.368111400e+00 1.688983736e+00 2.000000000e+00 
1.367959165e+00 1.690650571e+00 2.000000000e+00 
1.364187501e+00 1.690701081e+00 2.000000000e+00 
