1.332339372e+00 1.616660057e+00 1.668669064e+00 
1.329151177e+00 1.588901556e+00 1.487679208e+00 
1.329237344e+00 1.549320908e+00 1.269331871e+00 
1.329746471e+00 1.552071974e+00 1.288917738e+00 
1.323439508e+00 1.608332507e+00 1.625602735e+00 
1.354533637e+00 1.638965996e+00 1.813228725e+00 
1.344242785e+00 1.577897294e+00 1.464577723e+00 
1.362124741e+00 1.576286309e+00 1.450595881e+00 
1.368369663e+00 1.662758997e+00 1.947378606e+00 
1.323201686e+00 1.573758303e+00 1.400272541e+00 
1.316973012e+00 1.554525627e+00 1.276500185e+00 
1.319890395e+00 1.565777734e+00 1.354311471e+00 
1.336524646e+00 1.582457619e+00 1.459223661e+00 
1.319751050e+00 1.545082780e+00 1.266404877e+00 
1.326853707e+00 1.637701993e+00 1.802818946e+00 
1.336947605e+00 1.542653911e+00 1.243569482e+00 
1.320271994e+00 1.591578269e+00 1.540897289e+00 
1.332036062e+00 1.544711014e+00 1.223306294e+00 
1.363253288e+00 1.604193516e+00 1.607323131e+00 
1.352810289e+00 1.528452464e+00 1.159654244e+00 
1.353191887e+00 1.670293447e+00 1.980115790e+00 
1.332577686e+00 1.555393080e+00 1.299706494e+00 
1.315639633e+00 1.603796966e+00 1.604638036e+00 
1.308709311e+00 1.590091207e+00 1.508055282e+00 
1.339109669e+00 1.615470407e+00 1.673773162e+00 
1.309677340e+00 1.572196887e+00 1.383057298e+00 
1.354788200e+00 1.666526222e+00 1.957022368e+00 
1.373244277e+00 1.584911272e+00 1.474987502e+00 
1.345416632e+00 1.625334589e+00 1.739392669e+00 
1.357881857e+00 1.559259443e+00 1.338192843e+00 
1.311696120e+00 1.585183900e+00 1.462392556e+00 
1.371960136e+00 1.667591950e+00 1.959030141e+00 
1.348818029e+00 1.529592545e+00 1.138818559e+00 
1.340882256e+00 1.617725786e+00 1.682409005e+00 
1.333845578e+00 1.569644096e+00 1.384492574e+00 
1.339360293e+00 1.569396253e+00 1.397789031e+00 
1.326073769e+00 1.543124814e+00 1.213404506e+00 
1.351665493e+00 1.630241896e+00 1.764187457e+00 
1.364114962e+00 1.567710915e+00 1.379452983e+00 
1.359511160e+00 1.577005056e+00 1.442193875e+00 
1.308857026e+00 1.544934074e+00 1.230748762e+00 
1.327740001e+00 1.631728958e+00 1.754213098e+00 
1.321695972e+00 1.653787053e+00 1.874768179e+00 
1.320128217e+00 1.602458610e+00 1.597324582e+00 
1.332327062e+00 1.570536334e+00 1.380533471e+00 
1.305713639e+00 1.562407059e+00 1.354037317e+00 
1.309078599e+00 1.611504907e+00 1.642729281e+00 
1.314814888e+00 1.540522455e+00 1.199108194e+00 
1.319742679e+00 1.582804600e+00 1.469383477e+00 
1.362896309e+00 1.607688113e+00 1.623909433e+00 
1.344472729e+00 1.671607019e+00 1.982268703e+00 
1.323759558e+00 1.620675126e+00 1.666604848e+00 
1.315569714e+00 1.643501537e+00 1.814470480e+00 
1.330107389e+00 1.553410330e+00 1.299335580e+00 
1.326004343e+00 1.612570635e+00 1.647720492e+00 
1.314851817e+00 1.570561118e+00 1.395458724e+00 
1.365202149e+00 1.588281947e+00 1.497508426e+00 
1.312553855e+00 1.601343313e+00 1.565909787e+00 
1.324054990e+00 1.663081194e+00 1.920576045e+00 
1.319102579e+00 1.587017944e+00 1.476963021e+00 
1.307211475e+00 1.604540498e+00 1.601082101e+00 
1.308261732e+00 1.603326063e+00 1.556604686e+00 
1.317650042e+00 1.561886587e+00 1.328242674e+00 
1.312065408e+00 1.602954298e+00 1.563692367e+00 
1.333467919e+00 1.578690394e+00 1.416576626e+00 
1.324740390e+00 1.538688411e+00 1.183287910e+00 
1.349421201e+00 1.636561911e+00 1.775008467e+00 
1.297942322e+00 1.598964013e+00 1.533567708e+00 
1.305393588e+00 1.582457619e+00 1.458707607e+00 
1.342814868e+00 1.652845246e+00 1.848957409e+00 
1.313120098e+00 1.676415188e+00 2.000000000e+00 
1.304983431e+00 1.574799247e+00 1.394886226e+00 
1.319964253e+00 1.618320611e+00 1.643051815e+00 
1.306136598e+00 1.601467235e+00 1.555693528e+00 
1.317018312e+00 1.659165262e+00 1.896934316e+00 
1.308372519e+00 1.531178745e+00 1.134286958e+00 
1.305873664e+00 1.629424011e+00 1.750358819e+00 
1.305311852e+00 1.604342223e+00 1.571699269e+00 
1.327916275e+00 1.578739962e+00 1.414657550e+00 
1.311454358e+00 1.646376524e+00 1.834322437e+00 
1.341846839e+00 1.585481313e+00 1.481994549e+00 
1.333143929e+00 1.539679786e+00 1.187908207e+00 
1.311068328e+00 1.652349559e+00 1.837757422e+00 
1.324264253e+00 1.531451373e+00 1.143729136e+00 
1.309993451e+00 1.540572023e+00 1.191254495e+00 
1.340476038e+00 1.599558838e+00 1.556483736e+00 
1.317604743e+00 1.649871121e+00 1.837209115e+00 
1.315225045e+00 1.576162387e+00 1.399522650e+00 
1.340558266e+00 1.624764548e+00 1.699600058e+00 
1.318409300e+00 1.594626747e+00 1.539316873e+00 
1.300675060e+00 1.580871419e+00 1.435614185e+00 
1.299157036e+00 1.619014573e+00 1.651171604e+00 
1.319771238e+00 1.589942500e+00 1.499072715e+00 
1.308824036e+00 1.586968375e+00 1.463666565e+00 
1.317998651e+00 1.650565084e+00 1.846490026e+00 
1.303502336e+00 1.612644989e+00 1.626860617e+00 
1.304216295e+00 1.568751859e+00 1.333758003e+00 
1.307531525e+00 1.656067215e+00 1.876453418e+00 
1.307313891e+00 1.626871220e+00 1.686642262e+00 
1.313526316e+00 1.596931694e+00 1.529431212e+00 
1.302903104e+00 1.612843264e+00 1.628247512e+00 
1.299477087e+00 1.584390800e+00 1.451950523e+00 
1.317272383e+00 1.599657976e+00 1.548259124e+00 
1.340829078e+00 1.607812035e+00 1.607218307e+00 
1.308454747e+00 1.620873401e+00 1.660815366e+00 
1.305418207e+00 1.667988500e+00 1.935396475e+00 
1.314113239e+00 1.589521166e+00 1.481099518e+00 
1.318097128e+00 1.578987806e+00 1.447072199e+00 
1.319832786e+00 1.624194508e+00 1.686005257e+00 
1.315582024e+00 1.638395955e+00 1.751729588e+00 
1.300182675e+00 1.616858333e+00 1.632488832e+00 
1.330645074e+00 1.586076138e+00 1.476850135e+00 
1.313862615e+00 1.663329037e+00 1.918205422e+00 
1.332220707e+00 1.618692376e+00 1.664919608e+00 
