1.404379723e+00 1.592962685e+00 1.496568984e+00 
1.373768203e+00 1.615752567e+00 1.633040804e+00 
1.376475068e+00 1.541647884e+00 1.201346234e+00 
1.386744062e+00 1.574104683e+00 1.404884392e+00 
1.394764810e+00 1.536388680e+00 1.184227960e+00 
1.371184877e+00 1.615827698e+00 1.632108418e+00 
1.365373453e+00 1.575882795e+00 1.403387668e+00 
1.375370829e+00 1.551890809e+00 1.269394031e+00 
1.377075841e+00 1.528850488e+00 1.143898190e+00 
1.364126213e+00 1.636814425e+00 1.758790189e+00 
1.367264620e+00 1.599123466e+00 1.540333860e+00 
1.364418138e+00 1.543300776e+00 1.218579012e+00 
1.380980868e+00 1.575006261e+00 1.381820115e+00 
1.364328445e+00 1.558903080e+00 1.295713480e+00 
1.397731446e+00 1.590583521e+00 1.473561959e+00 
1.363600748e+00 1.563135487e+00 1.325909689e+00 
1.352476286e+00 1.606085650e+00 1.562776546e+00 
1.374649901e+00 1.609967443e+00 1.592342987e+00 
1.370245640e+00 1.552992737e+00 1.278995968e+00 
1.398866992e+00 1.590533434e+00 1.474109940e+00 
1.356130004e+00 1.519158527e+00 1.062289907e+00 
1.383987274e+00 1.547082394e+00 1.230626416e+00 
1.363854596e+00 1.568895567e+00 1.356424873e+00 
1.358869023e+00 1.554720761e+00 1.269107772e+00 
1.358137095e+00 1.563636364e+00 1.333475100e+00 
1.365462299e+00 1.586200851e+00 1.440478625e+00 
1.364350446e+00 1.614199850e+00 1.612332027e+00 
1.361815351e+00 1.627197596e+00 1.695109882e+00 
1.384118429e+00 1.602829952e+00 1.549019768e+00 
1.346458399e+00 1.566791886e+00 1.339772792e+00 
1.360688266e+00 1.581492612e+00 1.421250215e+00 
1.360935345e+00 1.549336339e+00 1.233415394e+00 
1.367127542e+00 1.607037315e+00 1.572002257e+00 
1.356023388e+00 1.585274230e+00 1.438761072e+00 
1.471873651e+00 1.623841723e+00 1.668733182e+00 
1.366711231e+00 1.594815928e+00 1.492855799e+00 
1.411954544e+00 1.527873779e+00 1.106749982e+00 
1.348017025e+00 1.514074631e+00 1.026401237e+00 
1.354001066e+00 1.614425244e+00 1.613019048e+00 
1.353425678e+00 1.559679439e+00 1.300080970e+00 
1.377728230e+00 1.574054596e+00 1.369257445e+00 
1.356993087e+00 1.580966692e+00 1.407746980e+00 
1.362192738e+00 1.590633609e+00 1.461898959e+00 
1.353336831e+00 1.547833709e+00 1.220533750e+00 
1.371651958e+00 1.580390684e+00 1.404598134e+00 
1.350723043e+00 1.554144753e+00 1.254827550e+00 
1.368560090e+00 1.670348109e+00 1.924084176e+00 
1.413327862e+00 1.581367393e+00 1.411411092e+00 
1.365500377e+00 1.532406712e+00 1.122984943e+00 
1.355618077e+00 1.568119209e+00 1.340198091e+00 
1.351019199e+00 1.526846982e+00 1.090923961e+00 
1.356975318e+00 1.547633358e+00 1.205100313e+00 
1.374451054e+00 1.591760581e+00 1.476980706e+00 
1.350904968e+00 1.548334586e+00 1.217851096e+00 
1.359850568e+00 1.600150263e+00 1.530322982e+00 
1.348366489e+00 1.539318808e+00 1.159094441e+00 
1.364692294e+00 1.576508891e+00 1.395936761e+00 
1.364062751e+00 1.602779865e+00 1.547760230e+00 
1.352717442e+00 1.580616078e+00 1.400590511e+00 
1.351202816e+00 1.589656900e+00 1.452517850e+00 
1.354010374e+00 1.578637616e+00 1.388780292e+00 
1.374114282e+00 1.540621087e+00 1.163453753e+00 
1.373551586e+00 1.626045580e+00 1.671931102e+00 
1.356095311e+00 1.565389432e+00 1.301389582e+00 
1.360194955e+00 1.575582269e+00 1.377272690e+00 
1.345942241e+00 1.546030553e+00 1.192799365e+00 
1.361703658e+00 1.614249937e+00 1.588687054e+00 
1.356264543e+00 1.574780867e+00 1.369044795e+00 
1.344382769e+00 1.544152266e+00 1.180858286e+00 
1.358365558e+00 1.612246431e+00 1.576206172e+00 
1.340873745e+00 1.574154771e+00 1.358690407e+00 
1.345343160e+00 1.534886051e+00 1.128562899e+00 
1.347866408e+00 1.556373654e+00 1.243589848e+00 
1.336274020e+00 1.544928625e+00 1.185209419e+00 
1.364955450e+00 1.624743301e+00 1.651565835e+00 
1.365507146e+00 1.539393939e+00 1.159634243e+00 
1.344612924e+00 1.525394440e+00 1.069078329e+00 
1.342605833e+00 1.533884298e+00 1.119950600e+00 
1.357505013e+00 1.557225144e+00 1.255367352e+00 
1.342254677e+00 1.571875783e+00 1.343494156e+00 
1.331450910e+00 1.605359379e+00 1.553043749e+00 
1.344329461e+00 1.575181568e+00 1.360072628e+00 
1.344368384e+00 1.535111445e+00 1.124857893e+00 
1.350932045e+00 1.557851240e+00 1.264429486e+00 
1.349628959e+00 1.609541698e+00 1.560903596e+00 
1.348732030e+00 1.558001503e+00 1.264560347e+00 
