1.396006282e+00 1.587757245e+00 1.465392268e+00 
1.380797540e+00 1.567402666e+00 1.371533700e+00 
1.375475684e+00 1.610587382e+00 1.583009601e+00 
1.378362346e+00 1.674476757e+00 1.985574190e+00 
1.393908732e+00 1.543672326e+00 1.230228665e+00 
1.390305740e+00 1.603935886e+00 1.559100815e+00 
1.380647050e+00 1.606336426e+00 1.590479123e+00 
1.378827495e+00 1.632217249e+00 1.744772914e+00 
1.372725830e+00 1.550773924e+00 1.279617523e+00 
1.357362220e+00 1.612962917e+00 1.595848336e+00 
1.419646815e+00 1.660148533e+00 1.885296254e+00 
1.390127889e+00 1.623590308e+00 1.694183880e+00 
1.383401829e+00 1.611212523e+00 1.598153938e+00 
1.366236723e+00 1.568427896e+00 1.369741330e+00 
1.406358318e+00 1.645420220e+00 1.794524983e+00 
1.372160537e+00 1.561801405e+00 1.326850799e+00 
1.360440414e+00 1.578630192e+00 1.427807782e+00 
1.359086009e+00 1.568752969e+00 1.367593645e+00 
1.394250754e+00 1.609737191e+00 1.622023246e+00 
1.377459409e+00 1.578605186e+00 1.437796096e+00 
1.380337315e+00 1.603610812e+00 1.556321458e+00 
1.368170102e+00 1.570828436e+00 1.380392900e+00 
1.378813814e+00 1.615713536e+00 1.658802350e+00 
1.358712248e+00 1.564527019e+00 1.352425621e+00 
1.365347467e+00 1.611737641e+00 1.623649801e+00 
1.380806843e+00 1.594333725e+00 1.512167583e+00 
1.359857062e+00 1.538371134e+00 1.175628514e+00 
1.357184369e+00 1.552724363e+00 1.273869307e+00 
1.370960999e+00 1.640944212e+00 1.762396564e+00 
1.359003924e+00 1.569378110e+00 1.369204409e+00 
1.357754587e+00 1.614063164e+00 1.640886552e+00 
1.353531578e+00 1.540271561e+00 1.187717137e+00 
1.364991764e+00 1.563801855e+00 1.330017055e+00 
1.352756694e+00 1.589307594e+00 1.474741014e+00 
1.364754812e+00 1.583656323e+00 1.443773293e+00 
1.357079847e+00 1.605911330e+00 1.546625292e+00 
1.363368119e+00 1.635367958e+00 1.760691049e+00 
1.352054045e+00 1.642394539e+00 1.788097720e+00 
1.357750209e+00 1.598709710e+00 1.556218811e+00 
1.357184369e+00 1.587257133e+00 1.462510265e+00 
1.366364228e+00 1.585981846e+00 1.446063104e+00 
1.365881020e+00 1.608336876e+00 1.581848904e+00 
1.373888703e+00 1.604786077e+00 1.571805319e+00 
1.359036211e+00 1.591533095e+00 1.480986672e+00 
1.420581491e+00 1.597909530e+00 1.540592824e+00 
1.372019350e+00 1.647495687e+00 1.822966016e+00 
1.396740671e+00 1.578780226e+00 1.440070116e+00 
1.375357481e+00 1.650346328e+00 1.839436864e+00 
1.391413890e+00 1.678602686e+00 1.989774809e+00 
1.414881496e+00 1.528894001e+00 1.104786495e+00 
1.368494065e+00 1.593033433e+00 1.507880109e+00 
1.394382637e+00 1.608386887e+00 1.597774935e+00 
1.358069247e+00 1.578155085e+00 1.417914219e+00 
1.378631585e+00 1.588932510e+00 1.473130251e+00 
1.370012641e+00 1.622590083e+00 1.665221717e+00 
1.378166436e+00 1.610062264e+00 1.584051860e+00 
1.373551607e+00 1.646695506e+00 1.814280526e+00 
1.393388859e+00 1.667275137e+00 1.928542101e+00 
1.369661317e+00 1.540921707e+00 1.188340913e+00 
1.365949425e+00 1.628741467e+00 1.705332891e+00 
1.360330967e+00 1.681053237e+00 2.000000000e+00 
1.375420960e+00 1.610762422e+00 1.597632809e+00 
1.369934934e+00 1.663599310e+00 1.889678479e+00 
1.365484275e+00 1.597984547e+00 1.530146548e+00 
1.370960999e+00 1.558100573e+00 1.286526435e+00 
1.375179630e+00 1.646170388e+00 1.810514181e+00 
1.354867925e+00 1.605961341e+00 1.544777651e+00 
1.363851875e+00 1.652671851e+00 1.825240035e+00 
1.368206767e+00 1.622164987e+00 1.660831596e+00 
1.354078813e+00 1.632992423e+00 1.733300171e+00 
1.360436036e+00 1.547023080e+00 1.208206999e+00 
1.351169714e+00 1.618089070e+00 1.619299160e+00 
1.378234840e+00 1.669150559e+00 1.930508180e+00 
1.372561660e+00 1.607461679e+00 1.568220580e+00 
1.345601602e+00 1.635593008e+00 1.733923947e+00 
1.364686407e+00 1.662549074e+00 1.880400796e+00 
1.362907895e+00 1.577429922e+00 1.396871644e+00 
1.346463497e+00 1.561926433e+00 1.290205925e+00 
1.368033294e+00 1.624065415e+00 1.663358284e+00 
1.364298418e+00 1.605936336e+00 1.564051544e+00 
1.355405857e+00 1.632392288e+00 1.708972901e+00 
1.358516338e+00 1.631992198e+00 1.712147053e+00 
1.351871816e+00 1.590782926e+00 1.470635146e+00 
1.361028692e+00 1.597259383e+00 1.510809488e+00 
1.388905914e+00 1.673976645e+00 1.943662750e+00 
1.355629675e+00 1.632367283e+00 1.709967785e+00 
1.404780094e+00 1.664874597e+00 1.890783905e+00 
1.365238020e+00 1.631567103e+00 1.723667172e+00 
1.366241101e+00 1.550248806e+00 1.229312741e+00 
1.361334596e+00 1.627466180e+00 1.662639757e+00 
1.352026683e+00 1.606336426e+00 1.531820479e+00 
1.349979479e+00 1.583056188e+00 1.408075927e+00 
1.360075956e+00 1.612112725e+00 1.578200998e+00 
1.349514329e+00 1.576929809e+00 1.390823384e+00 
1.368179405e+00 1.534045160e+00 1.115951298e+00 
1.352496758e+00 1.653772099e+00 1.830798749e+00 
1.353335668e+00 1.571178515e+00 1.331959447e+00 
1.349632532e+00 1.594808832e+00 1.510225191e+00 
1.345318682e+00 1.575579505e+00 1.358173836e+00 
1.360924170e+00 1.562926658e+00 1.291342935e+00 
1.351511735e+00 1.592933410e+00 1.497418041e+00 
