1.552696838e+00 1.751229796e+00 2.000000000e+00 
1.504649721e+00 1.823612087e+00 2.000000000e+00 
1.503874768e+00 1.868587491e+00 2.000000000e+00 
1.498708153e+00 1.883345046e+00 2.000000000e+00 
1.497933199e+00 1.928320450e+00 2.000000000e+00 
1.610818351e+00 1.658468025e+00 1.923584906e+00 
1.472618568e+00 1.806043570e+00 1.923584906e+00 
1.552696838e+00 1.733661279e+00 1.923584906e+00 
1.550371978e+00 1.735769501e+00 1.923584906e+00 
1.583694978e+00 1.708362614e+00 1.923584906e+00 
1.471843614e+00 1.851018974e+00 1.923584906e+00 
1.532509299e+00 1.803232607e+00 1.923584906e+00 
1.418759299e+00 1.924806746e+00 1.923584906e+00 
1.448878642e+00 1.914265636e+00 1.923584906e+00 
1.381742095e+00 1.702740689e+00 1.908726415e+00 
1.346559206e+00 1.756851722e+00 1.908726415e+00 
1.422504650e+00 1.689388616e+00 1.908726415e+00 
1.337207843e+00 1.799718904e+00 1.908726415e+00 
1.584624923e+00 1.657765285e+00 1.883490566e+00 
1.358958462e+00 1.698524245e+00 1.880660377e+00 
1.371357719e+00 1.693605060e+00 1.880660377e+00 
1.344234346e+00 1.743499649e+00 1.880660377e+00 
1.786732796e+00 1.648629656e+00 1.845283019e+00 
1.364383137e+00 1.583274772e+00 1.832311321e+00 
1.319848884e+00 1.680252987e+00 1.832311321e+00 
1.438003720e+00 1.582572031e+00 1.832311321e+00 
1.314528053e+00 1.739283204e+00 1.832311321e+00 
1.642746435e+00 1.565003514e+00 1.807075472e+00 
1.190148016e+00 1.725931131e+00 1.804245283e+00 
1.220267359e+00 1.715390021e+00 1.804245283e+00 
1.339326565e+00 1.676036543e+00 1.804245283e+00 
1.351105859e+00 1.666198173e+00 1.792216981e+00 
1.351363918e+00 1.593815882e+00 1.792216981e+00 
1.117947923e+00 1.557976107e+00 1.789386792e+00 
1.112006355e+00 1.617709065e+00 1.789386792e+00 
1.644916305e+00 1.544624034e+00 1.768867925e+00 
1.290142591e+00 1.557273366e+00 1.715801887e+00 
1.396311221e+00 1.489810260e+00 1.715801887e+00 
1.438933664e+00 1.474349965e+00 1.715801887e+00 
1.427309361e+00 1.487702038e+00 1.715801887e+00 
1.085916770e+00 1.540407590e+00 1.712971698e+00 
1.232279138e+00 1.460295151e+00 1.712971698e+00 
1.301611903e+00 1.438510190e+00 1.712971698e+00 
1.289987601e+00 1.451862263e+00 1.712971698e+00 
1.144968227e+00 1.480674631e+00 1.672877358e+00 
1.085916770e+00 1.538299368e+00 1.672877358e+00 
1.100705208e+00 1.534785664e+00 1.634669811e+00 
1.366604929e+00 1.434996486e+00 1.605660377e+00 
1.385306882e+00 1.418130710e+00 1.605660377e+00 
1.199473032e+00 1.358397751e+00 1.596462264e+00 
1.122171420e+00 1.463106114e+00 1.596462264e+00 
1.069900806e+00 1.520730850e+00 1.596462264e+00 
1.333539988e+00 1.345045678e+00 1.596462264e+00 
1.052696838e+00 1.496837667e+00 1.574292453e+00 
1.190328580e+00 1.458889670e+00 1.574292453e+00 
1.065251085e+00 1.393534786e+00 1.562735849e+00 
1.059309516e+00 1.453267744e+00 1.562735849e+00 
1.266377092e+00 1.346451160e+00 1.558254717e+00 
1.335709857e+00 1.324666198e+00 1.558254717e+00 
1.172969622e+00 1.339423753e+00 1.497877358e+00 
1.052696838e+00 1.479269150e+00 1.497877358e+00 
1.374612523e+00 1.323260717e+00 1.489150943e+00 
1.033219932e+00 1.375966268e+00 1.486320755e+00 
1.198181184e+00 1.305692200e+00 1.486320755e+00 
1.237290763e+00 1.287420942e+00 1.486320755e+00 
1.071605704e+00 1.343640197e+00 1.457783019e+00 
1.306261624e+00 1.269852424e+00 1.450943396e+00 
1.089429634e+00 1.313422347e+00 1.446226415e+00 
1.033219932e+00 1.373858046e+00 1.446226415e+00 
1.193273404e+00 1.300070274e+00 1.446226415e+00 
1.367637942e+00 1.231201687e+00 1.441745283e+00 
1.110198388e+00 1.262825018e+00 1.408018868e+00 
1.065251085e+00 1.370344343e+00 1.408018868e+00 
1.056106634e+00 1.224174280e+00 1.381367925e+00 
1.073930564e+00 1.193956430e+00 1.369811321e+00 
1.017203968e+00 1.356289529e+00 1.369811321e+00 
1.000000000e+00 1.332396346e+00 1.347641509e+00 
1.338189709e+00 1.176387913e+00 1.334433962e+00 
1.140834625e+00 1.140548138e+00 1.331603774e+00 
1.054362988e+00 1.320449754e+00 1.303066038e+00 
1.019218847e+00 1.184820801e+00 1.271226415e+00 
1.000000000e+00 1.314827829e+00 1.271226415e+00 
1.018908865e+00 1.179198876e+00 1.231132075e+00 
1.000000000e+00 1.312719606e+00 1.231132075e+00 
1.163050217e+00 1.110330288e+00 1.226650943e+00 
1.056571606e+00 1.170765987e+00 1.215094340e+00 
1.140834625e+00 1.120871398e+00 1.215094340e+00 
1.232796032e+00 1.047083626e+00 1.215094340e+00 
1.000000000e+00 1.309205903e+00 1.192924528e+00 
1.003409795e+00 1.059732959e+00 1.154716981e+00 
1.000000000e+00 1.295151089e+00 1.154716981e+00 
1.081525108e+00 1.019676739e+00 1.116509434e+00 
1.000000000e+00 1.291637386e+00 1.116509434e+00 
1.063856169e+00 1.048489108e+00 1.076415094e+00 
1.000000000e+00 1.289529164e+00 1.076415094e+00 
1.003409795e+00 1.036542516e+00 1.000000000e+00 
1.081525108e+00 1.000000000e+00 1.000000000e+00 
1.063856169e+00 1.030920590e+00 1.000000000e+00 
1.000000000e+00 1.271960647e+00 1.000000000e+00 
