1.224697232e+00 1.863473910e+00 2.000000000e+00 
1.285899654e+00 1.843459614e+00 2.000000000e+00 
1.340614187e+00 1.821300929e+00 2.000000000e+00 
1.331314879e+00 1.840600429e+00 2.000000000e+00 
1.401384083e+00 1.786275911e+00 2.000000000e+00 
1.437716263e+00 1.785561115e+00 2.000000000e+00 
1.772491349e+00 1.784846319e+00 2.000000000e+00 
1.240700692e+00 1.716940672e+00 1.902608330e+00 
1.180795848e+00 1.823445318e+00 1.902608330e+00 
1.480103806e+00 1.694067191e+00 1.902608330e+00 
1.671280277e+00 1.693352395e+00 1.902608330e+00 
1.755190311e+00 1.680486061e+00 1.902608330e+00 
1.187067474e+00 1.815582559e+00 1.875052587e+00 
1.519896194e+00 1.690493209e+00 1.875052587e+00 
1.554498270e+00 1.689778413e+00 1.875052587e+00 
1.112240484e+00 1.661901358e+00 1.852334876e+00 
1.511029412e+00 1.661186562e+00 1.852334876e+00 
1.713667820e+00 1.660471766e+00 1.852334876e+00 
1.090614187e+00 1.671193710e+00 1.834875894e+00 
1.664359862e+00 1.648320229e+00 1.825620530e+00 
1.500865052e+00 1.646890636e+00 1.804585612e+00 
1.626297578e+00 1.641172266e+00 1.804585612e+00 
1.652249135e+00 1.626876340e+00 1.804585612e+00 
1.321799308e+00 1.628305933e+00 1.777660917e+00 
1.365700692e+00 1.608291637e+00 1.777660917e+00 
1.311202422e+00 1.656897784e+00 1.777660917e+00 
1.356401384e+00 1.627591137e+00 1.777660917e+00 
1.487889273e+00 1.579699786e+00 1.777660917e+00 
1.524221453e+00 1.578984989e+00 1.777660917e+00 
1.068339100e+00 1.621872766e+00 1.754943206e+00 
1.249134948e+00 1.593280915e+00 1.754943206e+00 
1.240484429e+00 1.611865618e+00 1.754943206e+00 
1.456747405e+00 1.569692638e+00 1.754943206e+00 
1.046712803e+00 1.631165118e+00 1.737484224e+00 
1.192474048e+00 1.566118656e+00 1.737484224e+00 
