1.479884547e+00 1.885853066e+00 2.000000000e+00 
1.552841918e+00 1.854280510e+00 2.000000000e+00 
1.465379218e+00 1.934426230e+00 2.000000000e+00 
1.607770870e+00 1.845173042e+00 2.000000000e+00 
1.621092362e+00 1.839101396e+00 2.000000000e+00 
1.684147425e+00 1.831815422e+00 2.000000000e+00 
1.790186501e+00 1.795992714e+00 2.000000000e+00 
1.760746004e+00 1.829993928e+00 2.000000000e+00 
1.848801066e+00 1.782635094e+00 2.000000000e+00 
1.394626998e+00 1.837279903e+00 1.915537489e+00 
1.467584369e+00 1.805707347e+00 1.915537489e+00 
1.510079929e+00 1.801457195e+00 1.915537489e+00 
1.522513321e+00 1.796599879e+00 1.915537489e+00 
1.535834813e+00 1.790528233e+00 1.915537489e+00 
1.583037300e+00 1.769884639e+00 1.915537489e+00 
1.679174067e+00 1.758348512e+00 1.915537489e+00 
1.704928952e+00 1.747419551e+00 1.915537489e+00 
1.763543517e+00 1.734061931e+00 1.915537489e+00 
1.759991119e+00 1.744990893e+00 1.915537489e+00 
1.924511545e+00 1.726775956e+00 1.915537489e+00 
1.410612789e+00 1.741955070e+00 1.904245709e+00 
1.450577265e+00 1.717668488e+00 1.904245709e+00 
1.483570160e+00 1.710382514e+00 1.904245709e+00 
1.396107460e+00 1.790528233e+00 1.904245709e+00 
1.529973357e+00 1.700060716e+00 1.904245709e+00 
1.632992895e+00 1.668488160e+00 1.904245709e+00 
1.597468917e+00 1.692774742e+00 1.904245709e+00 
1.838365897e+00 1.661202186e+00 1.904245709e+00 
1.438128774e+00 1.685488767e+00 1.850045167e+00 
1.434813499e+00 1.702489375e+00 1.850045167e+00 
1.423919183e+00 1.739526412e+00 1.850045167e+00 
1.562699822e+00 1.661809350e+00 1.850045167e+00 
1.541385435e+00 1.679417122e+00 1.850045167e+00 
1.656838366e+00 1.612629022e+00 1.850045167e+00 
1.639431616e+00 1.653309047e+00 1.850045167e+00 
1.325355240e+00 1.693381906e+00 1.819783198e+00 
1.365319716e+00 1.669095325e+00 1.819783198e+00 
1.398312611e+00 1.661809350e+00 1.819783198e+00 
1.444715808e+00 1.651487553e+00 1.819783198e+00 
1.521980462e+00 1.630843959e+00 1.819783198e+00 
1.547735346e+00 1.619914997e+00 1.819783198e+00 
1.512211368e+00 1.644201579e+00 1.819783198e+00 
1.722024867e+00 1.606557377e+00 1.819783198e+00 
1.767317940e+00 1.599271403e+00 1.819783198e+00 
1.352871226e+00 1.636915604e+00 1.765582656e+00 
1.349555950e+00 1.653916211e+00 1.765582656e+00 
1.496743339e+00 1.574984821e+00 1.765582656e+00 
1.455002664e+00 1.607164542e+00 1.765582656e+00 
1.571580817e+00 1.564055859e+00 1.765582656e+00 
1.708703375e+00 1.557984214e+00 1.765582656e+00 
1.433703375e+00 1.599271403e+00 1.764227642e+00 
1.528197158e+00 1.573770492e+00 1.764227642e+00 
1.616119005e+00 1.550091075e+00 1.764227642e+00 
1.706039076e+00 1.549483910e+00 1.764227642e+00 
1.769094139e+00 1.542197936e+00 1.764227642e+00 
1.334221137e+00 1.522768670e+00 1.754290876e+00 
1.587921847e+00 1.473588342e+00 1.754290876e+00 
1.298712256e+00 1.709775349e+00 1.729674797e+00 
1.300192718e+00 1.663023679e+00 1.718383017e+00 
1.312921847e+00 1.514875531e+00 1.679765131e+00 
1.375976909e+00 1.507589557e+00 1.679765131e+00 
1.495337478e+00 1.465695203e+00 1.679765131e+00 
1.540630551e+00 1.458409229e+00 1.679765131e+00 
1.297380107e+00 1.649058895e+00 1.679765131e+00 
1.248963588e+00 1.474195507e+00 1.669828365e+00 
1.476909414e+00 1.435944141e+00 1.669828365e+00 
1.502664298e+00 1.425015179e+00 1.669828365e+00 
1.229440497e+00 1.565877353e+00 1.633920506e+00 
1.400177620e+00 1.468123862e+00 1.625564589e+00 
1.452575488e+00 1.451123254e+00 1.625564589e+00 
1.336234458e+00 1.403764420e+00 1.614272809e+00 
1.518650089e+00 1.354584092e+00 1.614272809e+00 
1.223223801e+00 1.506982392e+00 1.589656730e+00 
1.274718472e+00 1.430479660e+00 1.579719964e+00 
1.325636767e+00 1.388585307e+00 1.568428184e+00 
1.272883659e+00 1.443837280e+00 1.568428184e+00 
1.256660746e+00 1.426836673e+00 1.558491418e+00 
1.242155417e+00 1.475409836e+00 1.558491418e+00 
1.233214920e+00 1.355191257e+00 1.529810298e+00 
1.348667851e+00 1.288403157e+00 1.529810298e+00 
1.209413854e+00 1.454159077e+00 1.529810298e+00 
1.209413854e+00 1.444444444e+00 1.521680217e+00 
1.153952043e+00 1.363084396e+00 1.493902439e+00 
1.318605684e+00 1.313904068e+00 1.493902439e+00 
1.153048845e+00 1.346690953e+00 1.483965673e+00 
1.254884547e+00 1.291438980e+00 1.483965673e+00 
1.399644760e+00 1.287795993e+00 1.466124661e+00 
1.178152753e+00 1.323618701e+00 1.439701897e+00 
1.267761989e+00 1.269581056e+00 1.428410117e+00 
1.296625222e+00 1.239222829e+00 1.381662150e+00 
1.255328597e+00 1.276259866e+00 1.381662150e+00 
1.146240675e+00 1.347905282e+00 1.372628726e+00 
1.217362345e+00 1.247115968e+00 1.345754291e+00 
1.153952043e+00 1.333333333e+00 1.345754291e+00 
1.126642984e+00 1.143897996e+00 1.343947606e+00 
1.113499112e+00 1.326654523e+00 1.343947606e+00 
1.113499112e+00 1.316939891e+00 1.335817525e+00 
1.075488455e+00 1.250758956e+00 1.288166215e+00 
1.190053286e+00 1.027929569e+00 1.195799458e+00 
1.126642984e+00 1.114146934e+00 1.195799458e+00 
1.103019538e+00 1.125683060e+00 1.185862692e+00 
1.000000000e+00 1.047965999e+00 1.148148148e+00 
1.000000000e+00 1.018214936e+00 1.000000000e+00 
1.190053286e+00 1.000000000e+00 1.000000000e+00 
