1.358275952e+00 1.758398856e+00 1.902608330e+00 
1.477220588e+00 1.695496783e+00 1.852334876e+00 
1.307670415e+00 1.423874196e+00 1.562473706e+00 
1.757785467e+00 1.704074339e+00 1.875052587e+00 
1.641868512e+00 1.723373838e+00 1.902608330e+00 
1.289504325e+00 1.611865618e+00 1.754943206e+00 
1.438581315e+00 1.489635454e+00 1.630206142e+00 
1.347173875e+00 1.670478914e+00 1.834875894e+00 
1.478085640e+00 1.736240172e+00 1.902608330e+00 
1.357843426e+00 1.716940672e+00 1.852334876e+00 
1.355536332e+00 1.416011437e+00 1.562263357e+00 
1.518166090e+00 1.546819157e+00 1.700673117e+00 
1.433967993e+00 1.745532523e+00 1.902608330e+00 
1.288350346e+00 1.863473910e+00 2.000000000e+00 
1.312283737e+00 1.422444603e+00 1.531973075e+00 
1.136101211e+00 1.511079342e+00 1.687210770e+00 
1.715397924e+00 1.442458899e+00 1.603281447e+00 
1.055363322e+00 1.356683345e+00 1.415439630e+00 
1.523068339e+00 1.834167262e+00 2.000000000e+00 
1.538350346e+00 1.799142244e+00 2.000000000e+00 
1.077566609e+00 1.471050751e+00 1.589819100e+00 
1.171568339e+00 1.671193710e+00 1.834875894e+00 
1.329584775e+00 1.656897784e+00 1.777660917e+00 
1.505190311e+00 1.579699786e+00 1.777660917e+00 
1.097462803e+00 1.413867048e+00 1.446992007e+00 
1.126297578e+00 1.404574696e+00 1.464450989e+00 
1.229815744e+00 1.823445318e+00 1.902608330e+00 
1.077566609e+00 1.450321658e+00 1.491796382e+00 
1.097462803e+00 1.406719085e+00 1.420067312e+00 
1.639273356e+00 1.663330951e+00 1.834875894e+00 
1.444348616e+00 1.553252323e+00 1.727597812e+00 
1.077566609e+00 1.443173695e+00 1.464871687e+00 
1.324971453e+00 1.771979986e+00 1.902608330e+00 
1.241493945e+00 1.566118656e+00 1.737484224e+00 
1.135813149e+00 1.350964975e+00 1.438157341e+00 
1.697231834e+00 1.483917084e+00 1.630206142e+00 
1.113033737e+00 1.610436026e+00 1.639461506e+00 
1.110726644e+00 1.648320229e+00 1.687210770e+00 
1.097462803e+00 1.434596140e+00 1.545014724e+00 
1.383217993e+00 1.627591137e+00 1.777660917e+00 
1.222318339e+00 1.423874196e+00 1.491796382e+00 
1.294117647e+00 1.496783417e+00 1.629995793e+00 
1.643598616e+00 1.641172266e+00 1.804585612e+00 
1.415224913e+00 1.841315225e+00 2.000000000e+00 
1.105536332e+00 1.426018585e+00 1.512831300e+00 
1.108131488e+00 1.664760543e+00 1.660496424e+00 
1.113033737e+00 1.603288063e+00 1.612536811e+00 
1.448096886e+00 1.427448177e+00 1.579932688e+00 
1.614186851e+00 1.664045747e+00 1.834875894e+00 
1.120242215e+00 1.383130808e+00 1.455616323e+00 
1.344290657e+00 1.457469621e+00 1.612536811e+00 
1.494809689e+00 1.609006433e+00 1.777660917e+00 
1.295847751e+00 1.352394568e+00 1.491796382e+00 
1.197231834e+00 1.388849178e+00 1.482541018e+00 
1.250000000e+00 1.365260901e+00 1.482541018e+00 
1.061995675e+00 1.274481773e+00 1.397349600e+00 
1.177335640e+00 1.304503217e+00 1.464871687e+00 
1.154844291e+00 1.416726233e+00 1.482541018e+00 
1.113033737e+00 1.631165118e+00 1.737484224e+00 
1.072664360e+00 1.504646176e+00 1.512831300e+00 
1.201989619e+00 1.319513939e+00 1.465082036e+00 
1.212802768e+00 1.464617584e+00 1.612536811e+00 
1.047000865e+00 1.385989993e+00 1.415439630e+00 
1.138408304e+00 1.334524660e+00 1.464871687e+00 
1.389850346e+00 1.549678342e+00 1.710138830e+00 
1.141580450e+00 1.428877770e+00 1.589819100e+00 
1.096597751e+00 1.264474625e+00 1.414808582e+00 
1.434256055e+00 1.450321658e+00 1.602650400e+00 
1.207612457e+00 1.661186562e+00 1.754312158e+00 
1.133506055e+00 1.445318084e+00 1.562473706e+00 
1.057093426e+00 1.308077198e+00 1.320361801e+00 
1.170415225e+00 1.258041458e+00 1.366848969e+00 
1.337370242e+00 1.411007863e+00 1.514514093e+00 
1.833910035e+00 1.791994282e+00 2.000000000e+00 
1.342560554e+00 1.333095068e+00 1.505258729e+00 
1.038062284e+00 1.180128663e+00 1.272402188e+00 
1.637543253e+00 1.538956397e+00 1.727597812e+00 
1.038062284e+00 1.159399571e+00 1.174379470e+00 
1.035467128e+00 1.196568978e+00 1.245687842e+00 
1.760380623e+00 1.722659042e+00 1.902608330e+00 
1.601211073e+00 1.505360972e+00 1.639461506e+00 
1.079584775e+00 1.190850608e+00 1.290492217e+00 
1.236159170e+00 1.388134382e+00 1.505258729e+00 
1.102941176e+00 1.250893495e+00 1.357593605e+00 
1.225778547e+00 1.417441029e+00 1.514514093e+00 
1.184833045e+00 1.185132237e+00 1.289861170e+00 
1.111014706e+00 1.343817012e+00 1.415439630e+00 
1.167820069e+00 1.215153681e+00 1.312789230e+00 
1.022491349e+00 1.027877055e+00 1.124947413e+00 
1.038062284e+00 1.224446033e+00 1.317416912e+00 
1.197231834e+00 1.218012866e+00 1.340134623e+00 
1.079584775e+00 1.170121515e+00 1.192469499e+00 
1.124567474e+00 1.058613295e+00 1.192469499e+00 
1.000000000e+00 1.036454610e+00 1.098022718e+00 
1.022491349e+00 1.000000000e+00 1.000000000e+00 
1.031429931e+00 1.189421015e+00 1.222970130e+00 
1.107266436e+00 1.133666905e+00 1.174379470e+00 
1.254325260e+00 1.169406719e+00 1.222339083e+00 
1.022491349e+00 1.100071480e+00 1.147665124e+00 
1.000000000e+00 1.015725518e+00 1.000000000e+00 
1.034602076e+00 1.077912795e+00 1.165124106e+00 

1.529123702e+00 1.694067191e+00 1.902608330e+00 
1.241493945e+00 1.566118656e+00 1.737484224e+00 
1.252883218e+00 1.703359543e+00 1.852334876e+00 
1.347173875e+00 1.670478914e+00 1.834875894e+00 
1.444348616e+00 1.553252323e+00 1.727597812e+00 
1.241637543e+00 1.455325232e+00 1.629995793e+00 
1.105536332e+00 1.426018585e+00 1.512831300e+00 
1.383217993e+00 1.627591137e+00 1.777660917e+00 
1.477220588e+00 1.695496783e+00 1.852334876e+00 
1.538350346e+00 1.799142244e+00 2.000000000e+00 
1.512687716e+00 1.855611151e+00 2.000000000e+00 
1.288350346e+00 1.863473910e+00 2.000000000e+00 
1.136101211e+00 1.511079342e+00 1.687210770e+00 
1.505190311e+00 1.579699786e+00 1.777660917e+00 
1.149076990e+00 1.641887062e+00 1.754943206e+00 
1.448096886e+00 1.427448177e+00 1.579932688e+00 
1.643598616e+00 1.641172266e+00 1.804585612e+00 
1.097462803e+00 1.406719085e+00 1.420067312e+00 
1.489331315e+00 1.717655468e+00 1.902608330e+00 
1.171568339e+00 1.671193710e+00 1.834875894e+00 
1.462802768e+00 1.505360972e+00 1.639461506e+00 
1.523068339e+00 1.834167262e+00 2.000000000e+00 
1.433967993e+00 1.745532523e+00 1.902608330e+00 
1.358275952e+00 1.758398856e+00 1.902608330e+00 
1.077566609e+00 1.443173695e+00 1.464871687e+00 
1.355536332e+00 1.416011437e+00 1.562263357e+00 
1.229815744e+00 1.823445318e+00 1.902608330e+00 
1.329584775e+00 1.656897784e+00 1.777660917e+00 
1.905709343e+00 1.661901358e+00 1.852334876e+00 
1.487601211e+00 1.674052895e+00 1.852334876e+00 
1.361159170e+00 1.483917084e+00 1.630206142e+00 
1.324971453e+00 1.771979986e+00 1.902608330e+00 
1.113033737e+00 1.631165118e+00 1.737484224e+00 
1.777396194e+00 1.680486061e+00 1.902608330e+00 
1.652249135e+00 1.626876340e+00 1.804585612e+00 
1.225778547e+00 1.417441029e+00 1.514514093e+00 
1.409746540e+00 1.563259471e+00 1.710138830e+00 
1.113898789e+00 1.396711937e+00 1.512831300e+00 
1.307670415e+00 1.423874196e+00 1.562473706e+00 
1.212802768e+00 1.464617584e+00 1.612536811e+00 
1.113033737e+00 1.603288063e+00 1.612536811e+00 
1.478085640e+00 1.736240172e+00 1.902608330e+00 
1.487312284e+00 1.569692638e+00 1.754943206e+00 
1.491349481e+00 1.609006433e+00 1.777660917e+00 
1.097462803e+00 1.434596140e+00 1.545014724e+00 
1.135813149e+00 1.350964975e+00 1.438157341e+00 
1.756920415e+00 1.693352395e+00 1.902608330e+00 
1.289504325e+00 1.611865618e+00 1.754943206e+00 
1.077566609e+00 1.450321658e+00 1.491796382e+00 
1.077566609e+00 1.471050751e+00 1.589819100e+00 
1.113033737e+00 1.610436026e+00 1.639461506e+00 
1.434256055e+00 1.450321658e+00 1.602650400e+00 
1.342560554e+00 1.333095068e+00 1.505258729e+00 
1.097462803e+00 1.413867048e+00 1.446992007e+00 
1.197231834e+00 1.388849178e+00 1.482541018e+00 
1.732698962e+00 1.546819157e+00 1.700673117e+00 
1.312283737e+00 1.422444603e+00 1.531973075e+00 
1.489619377e+00 1.447462473e+00 1.630206142e+00 
1.236159170e+00 1.388134382e+00 1.505258729e+00 
1.177335640e+00 1.304503217e+00 1.464871687e+00 
1.096597751e+00 1.264474625e+00 1.414808582e+00 
1.475778547e+00 1.411007863e+00 1.514514093e+00 
1.120242215e+00 1.383130808e+00 1.455616323e+00 
1.141580450e+00 1.428877770e+00 1.589819100e+00 
1.111014706e+00 1.343817012e+00 1.415439630e+00 
1.500865052e+00 1.442458899e+00 1.603281447e+00 
1.201989619e+00 1.319513939e+00 1.465082036e+00 
1.055363322e+00 1.356683345e+00 1.415439630e+00 
1.609861592e+00 1.578984989e+00 1.777660917e+00 
1.079584775e+00 1.190850608e+00 1.290492217e+00 
1.061995675e+00 1.274481773e+00 1.397349600e+00 
1.170415225e+00 1.258041458e+00 1.366848969e+00 
1.295847751e+00 1.352394568e+00 1.491796382e+00 
1.250000000e+00 1.365260901e+00 1.482541018e+00 
1.184833045e+00 1.185132237e+00 1.289861170e+00 
1.047000865e+00 1.385989993e+00 1.415439630e+00 
1.038062284e+00 1.180128663e+00 1.272402188e+00 
1.167820069e+00 1.215153681e+00 1.312789230e+00 
1.095155709e+00 1.451751251e+00 1.494741271e+00 
1.038062284e+00 1.159399571e+00 1.174379470e+00 
1.031429931e+00 1.189421015e+00 1.222970130e+00 
1.038062284e+00 1.224446033e+00 1.317416912e+00 
1.254325260e+00 1.169406719e+00 1.222339083e+00 
1.102941176e+00 1.250893495e+00 1.357593605e+00 
1.197231834e+00 1.218012866e+00 1.340134623e+00 
1.138408304e+00 1.334524660e+00 1.464871687e+00 
1.079584775e+00 1.170121515e+00 1.192469499e+00 
1.057093426e+00 1.308077198e+00 1.320361801e+00 
1.072664360e+00 1.504646176e+00 1.512831300e+00 
1.035467128e+00 1.196568978e+00 1.245687842e+00 
1.000000000e+00 1.015725518e+00 1.000000000e+00 
1.022491349e+00 1.000000000e+00 1.000000000e+00 
1.022491349e+00 1.027877055e+00 1.124947413e+00 
1.000000000e+00 1.036454610e+00 1.098022718e+00 
1.124567474e+00 1.058613295e+00 1.192469499e+00 
1.107266436e+00 1.133666905e+00 1.174379470e+00 
1.022491349e+00 1.100071480e+00 1.147665124e+00 
1.034602076e+00 1.077912795e+00 1.165124106e+00 

1.373269896e+00 1.863473910e+00 2.000000000e+00 
1.133506055e+00 1.424588992e+00 1.464450989e+00 
1.197231834e+00 1.388849178e+00 1.482541018e+00 
1.418685121e+00 1.841315225e+00 2.000000000e+00 
1.478085640e+00 1.736240172e+00 1.902608330e+00 
1.313004325e+00 1.736954968e+00 1.902608330e+00 
1.207612457e+00 1.681915654e+00 1.852334876e+00 
1.394463668e+00 1.609006433e+00 1.777660917e+00 
1.113033737e+00 1.610436026e+00 1.639461506e+00 
1.307670415e+00 1.423874196e+00 1.562473706e+00 
1.361159170e+00 1.483917084e+00 1.630206142e+00 
1.635813149e+00 1.722659042e+00 1.902608330e+00 
1.347173875e+00 1.670478914e+00 1.834875894e+00 
1.255767301e+00 1.428877770e+00 1.579932688e+00 
1.775086505e+00 1.660471766e+00 1.852334876e+00 
1.492502595e+00 1.785561115e+00 2.000000000e+00 
1.487601211e+00 1.674052895e+00 1.852334876e+00 
1.110726644e+00 1.648320229e+00 1.687210770e+00 
1.489619377e+00 1.447462473e+00 1.630206142e+00 
1.133506055e+00 1.445318084e+00 1.562473706e+00 
1.533737024e+00 1.578984989e+00 1.777660917e+00 
1.312283737e+00 1.422444603e+00 1.531973075e+00 
1.409746540e+00 1.563259471e+00 1.710138830e+00 
1.816608997e+00 1.680486061e+00 1.902608330e+00 
1.434256055e+00 1.450321658e+00 1.602650400e+00 
1.237601211e+00 1.431022159e+00 1.562263357e+00 
1.500865052e+00 1.442458899e+00 1.603281447e+00 
1.355536332e+00 1.416011437e+00 1.562263357e+00 
1.342560554e+00 1.333095068e+00 1.505258729e+00 
1.621972318e+00 1.669764117e+00 1.804585612e+00 
1.136101211e+00 1.511079342e+00 1.687210770e+00 
1.492214533e+00 1.558970693e+00 1.727387463e+00 
1.057093426e+00 1.308077198e+00 1.320361801e+00 
1.241493945e+00 1.566118656e+00 1.737484224e+00 
1.775086505e+00 1.551822731e+00 1.727597812e+00 
1.395328720e+00 1.396711937e+00 1.512831300e+00 
1.596885813e+00 1.552537527e+00 1.737484224e+00 
1.462802768e+00 1.505360972e+00 1.639461506e+00 
1.111014706e+00 1.343817012e+00 1.415439630e+00 
1.055363322e+00 1.356683345e+00 1.415439630e+00 
1.225778547e+00 1.417441029e+00 1.514514093e+00 
1.583044983e+00 1.731951394e+00 1.902608330e+00 
1.149076990e+00 1.641887062e+00 1.754943206e+00 
1.201989619e+00 1.319513939e+00 1.465082036e+00 
1.314878893e+00 1.454610436e+00 1.585191418e+00 
1.581314879e+00 1.689778413e+00 1.875052587e+00 
1.141580450e+00 1.408148678e+00 1.491796382e+00 
1.047000865e+00 1.385989993e+00 1.415439630e+00 
1.487312284e+00 1.569692638e+00 1.754943206e+00 
1.096597751e+00 1.264474625e+00 1.414808582e+00 
1.337370242e+00 1.411007863e+00 1.514514093e+00 
1.241637543e+00 1.455325232e+00 1.629995793e+00 
1.652249135e+00 1.626876340e+00 1.804585612e+00 
1.035467128e+00 1.196568978e+00 1.245687842e+00 
1.289504325e+00 1.611865618e+00 1.754943206e+00 
1.077566609e+00 1.443173695e+00 1.464871687e+00 
1.167820069e+00 1.215153681e+00 1.312789230e+00 
1.221165225e+00 1.438884918e+00 1.562473706e+00 
1.567474048e+00 1.549678342e+00 1.710138830e+00 
1.236159170e+00 1.388134382e+00 1.505258729e+00 
1.383217993e+00 1.627591137e+00 1.777660917e+00 
1.038062284e+00 1.180128663e+00 1.272402188e+00 
1.295847751e+00 1.352394568e+00 1.491796382e+00 
1.077566609e+00 1.450321658e+00 1.491796382e+00 
1.177335640e+00 1.304503217e+00 1.464871687e+00 
1.250000000e+00 1.365260901e+00 1.482541018e+00 
1.226643599e+00 1.457469621e+00 1.589819100e+00 
1.079584775e+00 1.170121515e+00 1.192469499e+00 
1.038062284e+00 1.159399571e+00 1.174379470e+00 
1.102941176e+00 1.250893495e+00 1.357593605e+00 
1.120242215e+00 1.383130808e+00 1.455616323e+00 
1.138408304e+00 1.334524660e+00 1.464871687e+00 
1.135813149e+00 1.350964975e+00 1.438157341e+00 
1.170415225e+00 1.258041458e+00 1.366848969e+00 
1.213379758e+00 1.456754825e+00 1.579932688e+00 
1.077566609e+00 1.471050751e+00 1.589819100e+00 
1.061995675e+00 1.274481773e+00 1.397349600e+00 
1.197231834e+00 1.218012866e+00 1.340134623e+00 
1.254325260e+00 1.169406719e+00 1.222339083e+00 
1.416089965e+00 1.428877770e+00 1.589819100e+00 
1.079584775e+00 1.190850608e+00 1.290492217e+00 
1.022491349e+00 1.000000000e+00 1.000000000e+00 
1.022491349e+00 1.100071480e+00 1.147665124e+00 
1.000000000e+00 1.015725518e+00 1.000000000e+00 
1.031429931e+00 1.189421015e+00 1.222970130e+00 
1.034602076e+00 1.077912795e+00 1.165124106e+00 
1.107266436e+00 1.133666905e+00 1.174379470e+00 
1.448096886e+00 1.427448177e+00 1.579932688e+00 
1.022491349e+00 1.027877055e+00 1.124947413e+00 
1.184833045e+00 1.185132237e+00 1.289861170e+00 
1.124567474e+00 1.058613295e+00 1.192469499e+00 
1.000000000e+00 1.036454610e+00 1.098022718e+00 
1.038062284e+00 1.224446033e+00 1.317416912e+00 

1.113033737e+00 1.603288063e+00 1.612536811e+00 
1.289792388e+00 1.455325232e+00 1.585191418e+00 
1.358131488e+00 1.628305933e+00 1.777660917e+00 
1.313004325e+00 1.736954968e+00 1.902608330e+00 
1.255767301e+00 1.428877770e+00 1.579932688e+00 
1.097462803e+00 1.413867048e+00 1.446992007e+00 
1.386101211e+00 1.840600429e+00 2.000000000e+00 
1.711937716e+00 1.690493209e+00 1.875052587e+00 
1.113033737e+00 1.610436026e+00 1.639461506e+00 
1.416089965e+00 1.428877770e+00 1.589819100e+00 
1.715397924e+00 1.442458899e+00 1.603281447e+00 
1.110726644e+00 1.648320229e+00 1.687210770e+00 
1.487312284e+00 1.569692638e+00 1.754943206e+00 
1.533737024e+00 1.578984989e+00 1.777660917e+00 
1.444348616e+00 1.553252323e+00 1.727597812e+00 
1.448096886e+00 1.427448177e+00 1.579932688e+00 
1.510957612e+00 1.806290207e+00 2.000000000e+00 
1.314013841e+00 1.870621873e+00 2.000000000e+00 
1.636678201e+00 1.551822731e+00 1.727597812e+00 
1.319204152e+00 1.458184417e+00 1.612536811e+00 
1.077566609e+00 1.471050751e+00 1.589819100e+00 
1.194348616e+00 1.663330951e+00 1.754943206e+00 
1.241493945e+00 1.566118656e+00 1.737484224e+00 
1.207612457e+00 1.681915654e+00 1.852334876e+00 
1.408592561e+00 1.608291637e+00 1.777660917e+00 
1.047000865e+00 1.385989993e+00 1.415439630e+00 
1.138696367e+00 1.638313081e+00 1.737484224e+00 
1.113898789e+00 1.396711937e+00 1.512831300e+00 
1.237601211e+00 1.431022159e+00 1.562263357e+00 
1.212802768e+00 1.464617584e+00 1.612536811e+00 
1.138408304e+00 1.334524660e+00 1.464871687e+00 
1.171568339e+00 1.671193710e+00 1.834875894e+00 
1.300750000e+00 1.593280915e+00 1.754943206e+00 
1.097462803e+00 1.434596140e+00 1.545014724e+00 
1.255478374e+00 1.830593281e+00 1.902608330e+00 
1.489619377e+00 1.447462473e+00 1.630206142e+00 
1.221165225e+00 1.438884918e+00 1.562473706e+00 
1.312283737e+00 1.422444603e+00 1.531973075e+00 
1.294117647e+00 1.496783417e+00 1.629995793e+00 
1.621972318e+00 1.669764117e+00 1.804585612e+00 
1.077566609e+00 1.443173695e+00 1.464871687e+00 
1.095155709e+00 1.451751251e+00 1.494741271e+00 
1.120242215e+00 1.383130808e+00 1.455616323e+00 
1.136101211e+00 1.511079342e+00 1.687210770e+00 
1.111014706e+00 1.343817012e+00 1.415439630e+00 
1.462802768e+00 1.505360972e+00 1.639461506e+00 
1.175028547e+00 1.456040029e+00 1.580563736e+00 
1.077566609e+00 1.450321658e+00 1.491796382e+00 
1.505190311e+00 1.579699786e+00 1.777660917e+00 
1.072664360e+00 1.504646176e+00 1.512831300e+00 
1.105536332e+00 1.426018585e+00 1.512831300e+00 
1.055363322e+00 1.356683345e+00 1.415439630e+00 
1.225778547e+00 1.417441029e+00 1.514514093e+00 
1.226643599e+00 1.457469621e+00 1.589819100e+00 
1.307670415e+00 1.423874196e+00 1.562473706e+00 
1.236159170e+00 1.388134382e+00 1.505258729e+00 
1.361159170e+00 1.483917084e+00 1.630206142e+00 
1.135813149e+00 1.350964975e+00 1.438157341e+00 
1.096597751e+00 1.264474625e+00 1.414808582e+00 
1.344290657e+00 1.457469621e+00 1.612536811e+00 
1.057093426e+00 1.308077198e+00 1.320361801e+00 
1.250000000e+00 1.365260901e+00 1.482541018e+00 
1.061995675e+00 1.274481773e+00 1.397349600e+00 
1.337370242e+00 1.411007863e+00 1.514514093e+00 
1.594867647e+00 1.703359543e+00 1.902608330e+00 
1.201989619e+00 1.319513939e+00 1.465082036e+00 
1.652249135e+00 1.626876340e+00 1.804585612e+00 
1.197231834e+00 1.388849178e+00 1.482541018e+00 
1.102941176e+00 1.250893495e+00 1.357593605e+00 
1.031429931e+00 1.189421015e+00 1.222970130e+00 
1.038062284e+00 1.224446033e+00 1.317416912e+00 
1.038062284e+00 1.180128663e+00 1.272402188e+00 
1.170415225e+00 1.258041458e+00 1.366848969e+00 
1.035467128e+00 1.196568978e+00 1.245687842e+00 
1.295847751e+00 1.352394568e+00 1.491796382e+00 
1.079584775e+00 1.170121515e+00 1.192469499e+00 
1.197231834e+00 1.218012866e+00 1.340134623e+00 
1.342560554e+00 1.333095068e+00 1.505258729e+00 
1.355536332e+00 1.416011437e+00 1.562263357e+00 
1.314878893e+00 1.454610436e+00 1.585191418e+00 
1.184833045e+00 1.185132237e+00 1.289861170e+00 
1.177335640e+00 1.304503217e+00 1.464871687e+00 
1.000000000e+00 1.036454610e+00 1.098022718e+00 
1.038062284e+00 1.159399571e+00 1.174379470e+00 
1.034602076e+00 1.077912795e+00 1.165124106e+00 
1.079584775e+00 1.190850608e+00 1.290492217e+00 
1.254325260e+00 1.169406719e+00 1.222339083e+00 
1.022491349e+00 1.000000000e+00 1.000000000e+00 
1.167820069e+00 1.215153681e+00 1.312789230e+00 
1.022491349e+00 1.100071480e+00 1.147665124e+00 
1.000000000e+00 1.015725518e+00 1.000000000e+00 
1.107266436e+00 1.133666905e+00 1.174379470e+00 
1.124567474e+00 1.058613295e+00 1.192469499e+00 
1.022491349e+00 1.027877055e+00 1.124947413e+00 

1.113033737e+00 1.603288063e+00 1.612536811e+00 
1.113033737e+00 1.610436026e+00 1.639461506e+00 
1.775086505e+00 1.660471766e+00 1.852334876e+00 
1.358131488e+00 1.628305933e+00 1.777660917e+00 
1.097462803e+00 1.406719085e+00 1.420067312e+00 
1.416089965e+00 1.428877770e+00 1.589819100e+00 
1.467128028e+00 1.922802001e+00 2.000000000e+00 
1.581314879e+00 1.689778413e+00 1.875052587e+00 
1.360726644e+00 1.977841315e+00 2.000000000e+00 
1.207612457e+00 1.681915654e+00 1.852334876e+00 
1.593425606e+00 1.569692638e+00 1.754943206e+00 
1.621972318e+00 1.669764117e+00 1.804585612e+00 
1.347173875e+00 1.670478914e+00 1.834875894e+00 
1.126297578e+00 1.425303788e+00 1.562473706e+00 
1.409746540e+00 1.563259471e+00 1.710138830e+00 
1.255767301e+00 1.428877770e+00 1.579932688e+00 
1.391435986e+00 1.935668335e+00 2.000000000e+00 
1.072664360e+00 1.504646176e+00 1.512831300e+00 
1.295847751e+00 1.352394568e+00 1.491796382e+00 
1.296712803e+00 1.470335954e+00 1.589819100e+00 
1.434256055e+00 1.450321658e+00 1.602650400e+00 
1.487601211e+00 1.674052895e+00 1.852334876e+00 
1.095155709e+00 1.451751251e+00 1.494741271e+00 
1.047000865e+00 1.385989993e+00 1.415439630e+00 
1.138696367e+00 1.638313081e+00 1.737484224e+00 
1.055363322e+00 1.356683345e+00 1.415439630e+00 
1.149076990e+00 1.641887062e+00 1.754943206e+00 
1.596885813e+00 1.552537527e+00 1.737484224e+00 
1.135813149e+00 1.350964975e+00 1.438157341e+00 
1.241493945e+00 1.566118656e+00 1.737484224e+00 
1.682525952e+00 1.647605432e+00 1.804585612e+00 
1.077566609e+00 1.471050751e+00 1.589819100e+00 
1.452999135e+00 1.538956397e+00 1.727597812e+00 
1.816608997e+00 1.680486061e+00 1.902608330e+00 
1.289504325e+00 1.611865618e+00 1.754943206e+00 
1.164647924e+00 1.452466047e+00 1.563104754e+00 
1.529123702e+00 1.694067191e+00 1.902608330e+00 
1.280853806e+00 1.463902788e+00 1.589188052e+00 
1.057093426e+00 1.308077198e+00 1.320361801e+00 
1.136101211e+00 1.511079342e+00 1.687210770e+00 
1.314878893e+00 1.454610436e+00 1.585191418e+00 
1.225778547e+00 1.417441029e+00 1.514514093e+00 
1.219290657e+00 1.451751251e+00 1.563104754e+00 
1.394463668e+00 1.609006433e+00 1.777660917e+00 
1.625865052e+00 1.842030021e+00 2.000000000e+00 
1.175028547e+00 1.456040029e+00 1.580563736e+00 
1.448096886e+00 1.427448177e+00 1.579932688e+00 
1.562283737e+00 1.871336669e+00 2.000000000e+00 
1.511245675e+00 1.913509650e+00 2.000000000e+00 
1.538927336e+00 1.586132952e+00 1.777660917e+00 
1.639273356e+00 1.663330951e+00 1.834875894e+00 
1.289792388e+00 1.455325232e+00 1.585191418e+00 
1.061995675e+00 1.274481773e+00 1.397349600e+00 
1.111014706e+00 1.343817012e+00 1.415439630e+00 
1.077566609e+00 1.450321658e+00 1.491796382e+00 
1.077566609e+00 1.443173695e+00 1.464871687e+00 
1.249134948e+00 1.493924232e+00 1.612536811e+00 
1.394463668e+00 1.498927806e+00 1.630206142e+00 
1.096597751e+00 1.264474625e+00 1.414808582e+00 
1.123125433e+00 1.441744103e+00 1.545014724e+00 
1.294117647e+00 1.496783417e+00 1.629995793e+00 
1.319204152e+00 1.458184417e+00 1.612536811e+00 
1.110726644e+00 1.648320229e+00 1.687210770e+00 
1.113898789e+00 1.396711937e+00 1.512831300e+00 
1.489619377e+00 1.447462473e+00 1.630206142e+00 
1.120242215e+00 1.383130808e+00 1.455616323e+00 
1.197231834e+00 1.388849178e+00 1.482541018e+00 
1.197231834e+00 1.678341673e+00 1.834875894e+00 
1.500865052e+00 1.442458899e+00 1.603281447e+00 
1.105536332e+00 1.426018585e+00 1.512831300e+00 
1.254325260e+00 1.169406719e+00 1.222339083e+00 
1.250000000e+00 1.365260901e+00 1.482541018e+00 
1.307670415e+00 1.423874196e+00 1.562473706e+00 
1.438581315e+00 1.489635454e+00 1.630206142e+00 
1.344290657e+00 1.457469621e+00 1.612536811e+00 
1.035467128e+00 1.196568978e+00 1.245687842e+00 
1.236159170e+00 1.388134382e+00 1.505258729e+00 
1.031429931e+00 1.189421015e+00 1.222970130e+00 
1.305795848e+00 1.716940672e+00 1.902608330e+00 
1.355536332e+00 1.416011437e+00 1.562263357e+00 
1.342560554e+00 1.333095068e+00 1.505258729e+00 
1.038062284e+00 1.159399571e+00 1.174379470e+00 
1.197231834e+00 1.218012866e+00 1.340134623e+00 
1.184833045e+00 1.185132237e+00 1.289861170e+00 
1.312283737e+00 1.422444603e+00 1.531973075e+00 
1.138408304e+00 1.334524660e+00 1.464871687e+00 
1.337370242e+00 1.411007863e+00 1.514514093e+00 
1.170415225e+00 1.258041458e+00 1.366848969e+00 
1.079584775e+00 1.190850608e+00 1.290492217e+00 
1.177335640e+00 1.304503217e+00 1.464871687e+00 
1.038062284e+00 1.224446033e+00 1.317416912e+00 
1.201989619e+00 1.319513939e+00 1.465082036e+00 
1.167820069e+00 1.215153681e+00 1.312789230e+00 
1.102941176e+00 1.250893495e+00 1.357593605e+00 
1.079584775e+00 1.170121515e+00 1.192469499e+00 
1.124567474e+00 1.058613295e+00 1.192469499e+00 
1.000000000e+00 1.036454610e+00 1.098022718e+00 
1.038062284e+00 1.180128663e+00 1.272402188e+00 
1.022491349e+00 1.100071480e+00 1.147665124e+00 
1.107266436e+00 1.133666905e+00 1.174379470e+00 
1.034602076e+00 1.077912795e+00 1.165124106e+00 
1.022491349e+00 1.027877055e+00 1.124947413e+00 
1.022491349e+00 1.000000000e+00 1.000000000e+00 
1.000000000e+00 1.015725518e+00 1.000000000e+00 

1.477220588e+00 1.695496783e+00 1.852334876e+00 
1.252883218e+00 1.703359543e+00 1.852334876e+00 
1.536620242e+00 1.661186562e+00 1.852334876e+00 
1.507785467e+00 1.670478914e+00 1.834875894e+00 
1.609861592e+00 1.578984989e+00 1.777660917e+00 
1.487601211e+00 1.674052895e+00 1.852334876e+00 
1.300750000e+00 1.593280915e+00 1.754943206e+00 
1.434256055e+00 1.450321658e+00 1.602650400e+00 
1.305795848e+00 1.716940672e+00 1.902608330e+00 
1.289504325e+00 1.611865618e+00 1.754943206e+00 
1.462802768e+00 1.505360972e+00 1.639461506e+00 
1.141580450e+00 1.428877770e+00 1.589819100e+00 
1.628027682e+00 1.447462473e+00 1.630206142e+00 
1.307670415e+00 1.423874196e+00 1.562473706e+00 
1.141868512e+00 1.621872766e+00 1.754943206e+00 
1.711937716e+00 1.690493209e+00 1.875052587e+00 
1.491349481e+00 1.609006433e+00 1.777660917e+00 
1.683391003e+00 1.691208006e+00 1.875052587e+00 
1.373990484e+00 1.664760543e+00 1.777660917e+00 
1.512687716e+00 1.855611151e+00 2.000000000e+00 
1.138408304e+00 1.334524660e+00 1.464871687e+00 
1.500865052e+00 1.442458899e+00 1.603281447e+00 
1.523068339e+00 1.834167262e+00 2.000000000e+00 
1.448096886e+00 1.427448177e+00 1.579932688e+00 
1.505190311e+00 1.579699786e+00 1.777660917e+00 
1.113898789e+00 1.396711937e+00 1.512831300e+00 
1.431372837e+00 1.659042173e+00 1.777029870e+00 
1.288350346e+00 1.863473910e+00 2.000000000e+00 
1.361159170e+00 1.483917084e+00 1.630206142e+00 
1.643598616e+00 1.641172266e+00 1.804585612e+00 
1.538350346e+00 1.799142244e+00 2.000000000e+00 
1.096597751e+00 1.264474625e+00 1.414808582e+00 
1.241493945e+00 1.566118656e+00 1.737484224e+00 
1.229815744e+00 1.823445318e+00 1.902608330e+00 
1.135813149e+00 1.350964975e+00 1.438157341e+00 
1.105536332e+00 1.426018585e+00 1.512831300e+00 
1.444348616e+00 1.553252323e+00 1.727597812e+00 
1.136101211e+00 1.511079342e+00 1.687210770e+00 
1.055363322e+00 1.356683345e+00 1.415439630e+00 
1.337370242e+00 1.411007863e+00 1.514514093e+00 
1.171568339e+00 1.671193710e+00 1.834875894e+00 
1.201989619e+00 1.319513939e+00 1.465082036e+00 
1.097462803e+00 1.413867048e+00 1.446992007e+00 
1.097462803e+00 1.406719085e+00 1.420067312e+00 
1.097462803e+00 1.434596140e+00 1.545014724e+00 
1.212802768e+00 1.464617584e+00 1.612536811e+00 
1.077566609e+00 1.443173695e+00 1.464871687e+00 
1.047000865e+00 1.385989993e+00 1.415439630e+00 
1.113033737e+00 1.631165118e+00 1.737484224e+00 
1.113033737e+00 1.603288063e+00 1.612536811e+00 
1.077566609e+00 1.450321658e+00 1.491796382e+00 
1.113033737e+00 1.610436026e+00 1.639461506e+00 
1.355536332e+00 1.416011437e+00 1.562263357e+00 
1.632352941e+00 1.704074339e+00 1.875052587e+00 
1.038062284e+00 1.224446033e+00 1.317416912e+00 
1.126297578e+00 1.425303788e+00 1.562473706e+00 
1.295847751e+00 1.352394568e+00 1.491796382e+00 
1.077566609e+00 1.471050751e+00 1.589819100e+00 
1.452710208e+00 1.614724803e+00 1.777660917e+00 
1.241637543e+00 1.455325232e+00 1.629995793e+00 
1.079584775e+00 1.170121515e+00 1.192469499e+00 
1.038062284e+00 1.180128663e+00 1.272402188e+00 
1.038062284e+00 1.159399571e+00 1.174379470e+00 
1.110726644e+00 1.648320229e+00 1.687210770e+00 
1.236159170e+00 1.388134382e+00 1.505258729e+00 
1.061995675e+00 1.274481773e+00 1.397349600e+00 
1.197231834e+00 1.218012866e+00 1.340134623e+00 
1.184833045e+00 1.185132237e+00 1.289861170e+00 
1.170415225e+00 1.258041458e+00 1.366848969e+00 
1.057093426e+00 1.308077198e+00 1.320361801e+00 
1.167820069e+00 1.215153681e+00 1.312789230e+00 
1.035467128e+00 1.196568978e+00 1.245687842e+00 
1.342560554e+00 1.333095068e+00 1.505258729e+00 
1.197231834e+00 1.388849178e+00 1.482541018e+00 
1.111014706e+00 1.343817012e+00 1.415439630e+00 
1.250000000e+00 1.365260901e+00 1.482541018e+00 
1.225778547e+00 1.417441029e+00 1.514514093e+00 
1.177335640e+00 1.304503217e+00 1.464871687e+00 
1.031429931e+00 1.189421015e+00 1.222970130e+00 
1.312283737e+00 1.422444603e+00 1.531973075e+00 
1.102941176e+00 1.250893495e+00 1.357593605e+00 
1.254325260e+00 1.169406719e+00 1.222339083e+00 
1.000000000e+00 1.015725518e+00 1.000000000e+00 
1.022491349e+00 1.100071480e+00 1.147665124e+00 
1.120242215e+00 1.383130808e+00 1.455616323e+00 
1.000000000e+00 1.036454610e+00 1.098022718e+00 
1.107266436e+00 1.133666905e+00 1.174379470e+00 
1.034602076e+00 1.077912795e+00 1.165124106e+00 
1.124567474e+00 1.058613295e+00 1.192469499e+00 
1.022491349e+00 1.027877055e+00 1.124947413e+00 
1.022491349e+00 1.000000000e+00 1.000000000e+00 
1.079584775e+00 1.190850608e+00 1.290492217e+00 

1.533737024e+00 1.578984989e+00 1.777660917e+00 
1.452999135e+00 1.538956397e+00 1.727597812e+00 
1.344290657e+00 1.457469621e+00 1.612536811e+00 
1.477220588e+00 1.695496783e+00 1.852334876e+00 
1.487601211e+00 1.674052895e+00 1.852334876e+00 
1.347173875e+00 1.670478914e+00 1.834875894e+00 
1.551615052e+00 1.735525375e+00 1.875052587e+00 
1.108131488e+00 1.664760543e+00 1.660496424e+00 
1.584775087e+00 1.455325232e+00 1.629995793e+00 
1.149076990e+00 1.641887062e+00 1.754943206e+00 
1.434256055e+00 1.450321658e+00 1.602650400e+00 
1.312283737e+00 1.422444603e+00 1.531973075e+00 
1.241493945e+00 1.566118656e+00 1.737484224e+00 
1.301758651e+00 1.692637598e+00 1.834875894e+00 
1.247116782e+00 1.709077913e+00 1.777660917e+00 
1.487312284e+00 1.569692638e+00 1.754943206e+00 
1.656574394e+00 1.646890636e+00 1.804585612e+00 
1.355536332e+00 1.416011437e+00 1.562263357e+00 
1.441176471e+00 1.611150822e+00 1.754943206e+00 
1.427335640e+00 1.634024303e+00 1.777660917e+00 
1.472318339e+00 1.510364546e+00 1.687210770e+00 
1.507497405e+00 1.739099357e+00 1.901977282e+00 
1.289504325e+00 1.611865618e+00 1.754943206e+00 
1.469290657e+00 1.565403860e+00 1.737484224e+00 
1.433967993e+00 1.745532523e+00 1.902608330e+00 
1.389850346e+00 1.549678342e+00 1.710138830e+00 
1.136101211e+00 1.511079342e+00 1.687210770e+00 
1.358275952e+00 1.758398856e+00 1.902608330e+00 
1.327566609e+00 1.800571837e+00 1.902608330e+00 
1.077566609e+00 1.443173695e+00 1.464871687e+00 
1.077566609e+00 1.450321658e+00 1.491796382e+00 
1.252883218e+00 1.703359543e+00 1.852334876e+00 
1.077566609e+00 1.471050751e+00 1.589819100e+00 
1.294117647e+00 1.496783417e+00 1.629995793e+00 
1.491349481e+00 1.609006433e+00 1.777660917e+00 
1.105536332e+00 1.426018585e+00 1.512831300e+00 
1.462802768e+00 1.505360972e+00 1.639461506e+00 
1.212802768e+00 1.464617584e+00 1.612536811e+00 
1.701557093e+00 1.696211580e+00 1.875052587e+00 
1.113898789e+00 1.396711937e+00 1.512831300e+00 
1.120242215e+00 1.383130808e+00 1.455616323e+00 
1.628027682e+00 1.447462473e+00 1.630206142e+00 
1.500865052e+00 1.442458899e+00 1.603281447e+00 
1.097462803e+00 1.434596140e+00 1.545014724e+00 
1.448096886e+00 1.427448177e+00 1.579932688e+00 
1.225778547e+00 1.417441029e+00 1.514514093e+00 
1.096597751e+00 1.264474625e+00 1.414808582e+00 
1.177335640e+00 1.304503217e+00 1.464871687e+00 
1.236159170e+00 1.388134382e+00 1.505258729e+00 
1.716842561e+00 1.716940672e+00 1.902608330e+00 
1.596597751e+00 1.722659042e+00 1.902608330e+00 
1.307670415e+00 1.423874196e+00 1.562473706e+00 
1.141580450e+00 1.428877770e+00 1.589819100e+00 
1.342560554e+00 1.333095068e+00 1.505258729e+00 
1.295847751e+00 1.352394568e+00 1.491796382e+00 
1.777396194e+00 1.680486061e+00 1.902608330e+00 
1.201989619e+00 1.319513939e+00 1.465082036e+00 
1.057093426e+00 1.308077198e+00 1.320361801e+00 
1.438581315e+00 1.489635454e+00 1.630206142e+00 
1.035467128e+00 1.196568978e+00 1.245687842e+00 
1.097462803e+00 1.406719085e+00 1.420067312e+00 
1.138408304e+00 1.334524660e+00 1.464871687e+00 
1.097462803e+00 1.413867048e+00 1.446992007e+00 
1.557670415e+00 1.552537527e+00 1.737484224e+00 
1.337370242e+00 1.411007863e+00 1.514514093e+00 
1.388408304e+00 1.664760543e+00 1.777660917e+00 
1.135813149e+00 1.350964975e+00 1.438157341e+00 
1.055363322e+00 1.356683345e+00 1.415439630e+00 
1.394463668e+00 1.498927806e+00 1.630206142e+00 
1.197231834e+00 1.388849178e+00 1.482541018e+00 
1.250000000e+00 1.365260901e+00 1.482541018e+00 
1.472895329e+00 1.662616154e+00 1.825620530e+00 
1.047000865e+00 1.385989993e+00 1.415439630e+00 
1.167820069e+00 1.215153681e+00 1.312789230e+00 
1.038062284e+00 1.224446033e+00 1.317416912e+00 
1.111014706e+00 1.343817012e+00 1.415439630e+00 
1.197231834e+00 1.218012866e+00 1.340134623e+00 
1.170415225e+00 1.258041458e+00 1.366848969e+00 
1.038062284e+00 1.159399571e+00 1.174379470e+00 
1.061995675e+00 1.274481773e+00 1.397349600e+00 
1.254325260e+00 1.169406719e+00 1.222339083e+00 
1.079584775e+00 1.190850608e+00 1.290492217e+00 
1.079584775e+00 1.170121515e+00 1.192469499e+00 
1.102941176e+00 1.250893495e+00 1.357593605e+00 
1.022491349e+00 1.100071480e+00 1.147665124e+00 
1.184833045e+00 1.185132237e+00 1.289861170e+00 
1.031429931e+00 1.189421015e+00 1.222970130e+00 
1.022491349e+00 1.027877055e+00 1.124947413e+00 
1.038062284e+00 1.180128663e+00 1.272402188e+00 
1.107266436e+00 1.133666905e+00 1.174379470e+00 
1.000000000e+00 1.036454610e+00 1.098022718e+00 
1.022491349e+00 1.000000000e+00 1.000000000e+00 
1.124567474e+00 1.058613295e+00 1.192469499e+00 
1.000000000e+00 1.015725518e+00 1.000000000e+00 
1.034602076e+00 1.077912795e+00 1.165124106e+00 

1.164647924e+00 1.452466047e+00 1.563104754e+00 
1.229815744e+00 1.823445318e+00 1.902608330e+00 
1.529123702e+00 1.694067191e+00 1.902608330e+00 
1.324971453e+00 1.771979986e+00 1.902608330e+00 
1.656574394e+00 1.646890636e+00 1.804585612e+00 
1.564013841e+00 1.599714081e+00 1.777660917e+00 
1.444348616e+00 1.553252323e+00 1.727597812e+00 
1.097462803e+00 1.413867048e+00 1.446992007e+00 
1.097462803e+00 1.406719085e+00 1.420067312e+00 
1.113033737e+00 1.603288063e+00 1.612536811e+00 
1.394463668e+00 1.609006433e+00 1.777660917e+00 
1.621972318e+00 1.669764117e+00 1.804585612e+00 
1.478085640e+00 1.736240172e+00 1.902608330e+00 
1.489619377e+00 1.447462473e+00 1.630206142e+00 
1.175028547e+00 1.456040029e+00 1.580563736e+00 
1.212802768e+00 1.464617584e+00 1.612536811e+00 
1.171568339e+00 1.671193710e+00 1.834875894e+00 
1.113033737e+00 1.631165118e+00 1.737484224e+00 
1.329584775e+00 1.656897784e+00 1.777660917e+00 
1.289792388e+00 1.455325232e+00 1.585191418e+00 
1.448096886e+00 1.427448177e+00 1.579932688e+00 
1.097462803e+00 1.434596140e+00 1.545014724e+00 
1.289504325e+00 1.611865618e+00 1.754943206e+00 
1.347173875e+00 1.670478914e+00 1.834875894e+00 
1.241493945e+00 1.566118656e+00 1.737484224e+00 
1.462802768e+00 1.505360972e+00 1.639461506e+00 
1.133506055e+00 1.445318084e+00 1.562473706e+00 
1.489331315e+00 1.717655468e+00 1.902608330e+00 
1.487601211e+00 1.674052895e+00 1.852334876e+00 
1.295847751e+00 1.352394568e+00 1.491796382e+00 
1.358275952e+00 1.758398856e+00 1.902608330e+00 
1.409746540e+00 1.563259471e+00 1.710138830e+00 
1.221165225e+00 1.438884918e+00 1.562473706e+00 
1.126297578e+00 1.404574696e+00 1.464450989e+00 
1.136101211e+00 1.511079342e+00 1.687210770e+00 
1.135813149e+00 1.350964975e+00 1.438157341e+00 
1.416089965e+00 1.428877770e+00 1.589819100e+00 
1.500865052e+00 1.442458899e+00 1.603281447e+00 
1.110726644e+00 1.648320229e+00 1.687210770e+00 
1.395328720e+00 1.396711937e+00 1.512831300e+00 
1.344290657e+00 1.457469621e+00 1.612536811e+00 
1.057093426e+00 1.308077198e+00 1.320361801e+00 
1.237601211e+00 1.431022159e+00 1.562263357e+00 
1.361159170e+00 1.483917084e+00 1.630206142e+00 
1.250000000e+00 1.365260901e+00 1.482541018e+00 
1.077566609e+00 1.471050751e+00 1.589819100e+00 
1.225778547e+00 1.417441029e+00 1.514514093e+00 
1.355536332e+00 1.416011437e+00 1.562263357e+00 
1.047000865e+00 1.385989993e+00 1.415439630e+00 
1.319204152e+00 1.458184417e+00 1.612536811e+00 
1.149076990e+00 1.641887062e+00 1.754943206e+00 
1.077566609e+00 1.450321658e+00 1.491796382e+00 
1.358131488e+00 1.628305933e+00 1.777660917e+00 
1.111014706e+00 1.343817012e+00 1.415439630e+00 
1.113033737e+00 1.610436026e+00 1.639461506e+00 
1.095155709e+00 1.451751251e+00 1.494741271e+00 
1.096597751e+00 1.264474625e+00 1.414808582e+00 
1.077566609e+00 1.443173695e+00 1.464871687e+00 
1.294117647e+00 1.496783417e+00 1.629995793e+00 
1.201989619e+00 1.319513939e+00 1.465082036e+00 
1.337370242e+00 1.411007863e+00 1.514514093e+00 
1.061995675e+00 1.274481773e+00 1.397349600e+00 
1.207612457e+00 1.681915654e+00 1.852334876e+00 
1.120242215e+00 1.383130808e+00 1.455616323e+00 
1.197231834e+00 1.218012866e+00 1.340134623e+00 
1.154844291e+00 1.416726233e+00 1.482541018e+00 
1.312283737e+00 1.422444603e+00 1.531973075e+00 
1.236159170e+00 1.388134382e+00 1.505258729e+00 
1.222318339e+00 1.423874196e+00 1.491796382e+00 
1.055363322e+00 1.356683345e+00 1.415439630e+00 
1.079584775e+00 1.170121515e+00 1.192469499e+00 
1.177335640e+00 1.304503217e+00 1.464871687e+00 
1.138408304e+00 1.334524660e+00 1.464871687e+00 
1.038062284e+00 1.180128663e+00 1.272402188e+00 
1.038062284e+00 1.224446033e+00 1.317416912e+00 
1.035467128e+00 1.196568978e+00 1.245687842e+00 
1.197231834e+00 1.388849178e+00 1.482541018e+00 
1.072664360e+00 1.504646176e+00 1.512831300e+00 
1.314878893e+00 1.454610436e+00 1.585191418e+00 
1.105536332e+00 1.426018585e+00 1.512831300e+00 
1.079584775e+00 1.190850608e+00 1.290492217e+00 
1.255767301e+00 1.428877770e+00 1.579932688e+00 
1.170415225e+00 1.258041458e+00 1.366848969e+00 
1.434256055e+00 1.450321658e+00 1.602650400e+00 
1.342560554e+00 1.333095068e+00 1.505258729e+00 
1.167820069e+00 1.215153681e+00 1.312789230e+00 
1.031429931e+00 1.189421015e+00 1.222970130e+00 
1.022491349e+00 1.027877055e+00 1.124947413e+00 
1.184833045e+00 1.185132237e+00 1.289861170e+00 
1.034602076e+00 1.077912795e+00 1.165124106e+00 
1.038062284e+00 1.159399571e+00 1.174379470e+00 
1.022491349e+00 1.000000000e+00 1.000000000e+00 
1.102941176e+00 1.250893495e+00 1.357593605e+00 
1.124567474e+00 1.058613295e+00 1.192469499e+00 
1.022491349e+00 1.100071480e+00 1.147665124e+00 
1.254325260e+00 1.169406719e+00 1.222339083e+00 
1.000000000e+00 1.036454610e+00 1.098022718e+00 
1.107266436e+00 1.133666905e+00 1.174379470e+00 
1.000000000e+00 1.015725518e+00 1.000000000e+00 

1.383217993e+00 1.627591137e+00 1.777660917e+00 
1.097462803e+00 1.406719085e+00 1.420067312e+00 
1.583044983e+00 1.731951394e+00 1.902608330e+00 
1.408592561e+00 1.608291637e+00 1.777660917e+00 
1.347173875e+00 1.670478914e+00 1.834875894e+00 
1.358131488e+00 1.628305933e+00 1.777660917e+00 
1.681660900e+00 1.726947820e+00 1.875052587e+00 
1.113033737e+00 1.610436026e+00 1.639461506e+00 
1.209342561e+00 1.768406004e+00 1.852334876e+00 
1.301758651e+00 1.692637598e+00 1.834875894e+00 
1.123125433e+00 1.441744103e+00 1.545014724e+00 
1.241637543e+00 1.455325232e+00 1.629995793e+00 
1.313004325e+00 1.736954968e+00 1.902608330e+00 
1.126297578e+00 1.425303788e+00 1.562473706e+00 
1.477220588e+00 1.695496783e+00 1.852334876e+00 
1.164647924e+00 1.452466047e+00 1.563104754e+00 
1.636101211e+00 1.730521801e+00 1.902608330e+00 
1.225778547e+00 1.417441029e+00 1.514514093e+00 
1.312283737e+00 1.422444603e+00 1.531973075e+00 
1.386101211e+00 1.840600429e+00 2.000000000e+00 
1.492502595e+00 1.785561115e+00 2.000000000e+00 
1.200403979e+00 1.637598284e+00 1.754943206e+00 
1.601211073e+00 1.505360972e+00 1.639461506e+00 
1.105536332e+00 1.426018585e+00 1.512831300e+00 
1.247116782e+00 1.709077913e+00 1.777660917e+00 
1.314878893e+00 1.454610436e+00 1.585191418e+00 
1.448096886e+00 1.427448177e+00 1.579932688e+00 
1.252883218e+00 1.703359543e+00 1.852334876e+00 
1.057093426e+00 1.308077198e+00 1.320361801e+00 
1.767301038e+00 1.553252323e+00 1.727597812e+00 
1.590830450e+00 1.565403860e+00 1.737484224e+00 
1.795847751e+00 1.689778413e+00 1.875052587e+00 
1.775086505e+00 1.551822731e+00 1.727597812e+00 
1.786332180e+00 1.661186562e+00 1.804585612e+00 
1.538927336e+00 1.586132952e+00 1.777660917e+00 
1.487601211e+00 1.674052895e+00 1.852334876e+00 
1.149076990e+00 1.641887062e+00 1.754943206e+00 
1.111014706e+00 1.343817012e+00 1.415439630e+00 
1.790657439e+00 1.694067191e+00 1.902608330e+00 
1.241493945e+00 1.566118656e+00 1.737484224e+00 
1.175028547e+00 1.456040029e+00 1.580563736e+00 
1.487312284e+00 1.569692638e+00 1.754943206e+00 
1.201989619e+00 1.319513939e+00 1.465082036e+00 
1.628027682e+00 1.447462473e+00 1.630206142e+00 
1.434256055e+00 1.450321658e+00 1.602650400e+00 
1.055363322e+00 1.356683345e+00 1.415439630e+00 
1.500865052e+00 1.442458899e+00 1.603281447e+00 
1.136101211e+00 1.511079342e+00 1.687210770e+00 
1.355536332e+00 1.416011437e+00 1.562263357e+00 
1.113898789e+00 1.396711937e+00 1.512831300e+00 
1.255767301e+00 1.428877770e+00 1.579932688e+00 
1.035467128e+00 1.196568978e+00 1.245687842e+00 
1.110726644e+00 1.648320229e+00 1.687210770e+00 
1.138696367e+00 1.638313081e+00 1.737484224e+00 
1.416089965e+00 1.428877770e+00 1.589819100e+00 
1.138408304e+00 1.334524660e+00 1.464871687e+00 
1.337370242e+00 1.411007863e+00 1.514514093e+00 
1.212802768e+00 1.464617584e+00 1.612536811e+00 
1.047000865e+00 1.385989993e+00 1.415439630e+00 
1.096597751e+00 1.264474625e+00 1.414808582e+00 
1.077566609e+00 1.450321658e+00 1.491796382e+00 
1.177335640e+00 1.304503217e+00 1.464871687e+00 
1.135813149e+00 1.350964975e+00 1.438157341e+00 
1.079584775e+00 1.170121515e+00 1.192469499e+00 
1.072664360e+00 1.504646176e+00 1.512831300e+00 
1.289504325e+00 1.611865618e+00 1.754943206e+00 
1.077566609e+00 1.471050751e+00 1.589819100e+00 
1.361159170e+00 1.483917084e+00 1.630206142e+00 
1.342560554e+00 1.333095068e+00 1.505258729e+00 
1.061995675e+00 1.274481773e+00 1.397349600e+00 
1.038062284e+00 1.180128663e+00 1.272402188e+00 
1.295847751e+00 1.352394568e+00 1.491796382e+00 
1.197231834e+00 1.218012866e+00 1.340134623e+00 
1.038062284e+00 1.224446033e+00 1.317416912e+00 
1.031429931e+00 1.189421015e+00 1.222970130e+00 
1.226643599e+00 1.457469621e+00 1.589819100e+00 
1.077566609e+00 1.443173695e+00 1.464871687e+00 
1.120242215e+00 1.383130808e+00 1.455616323e+00 
1.167820069e+00 1.215153681e+00 1.312789230e+00 
1.197231834e+00 1.388849178e+00 1.482541018e+00 
1.250000000e+00 1.365260901e+00 1.482541018e+00 
1.254325260e+00 1.169406719e+00 1.222339083e+00 
1.079584775e+00 1.190850608e+00 1.290492217e+00 
1.124567474e+00 1.058613295e+00 1.192469499e+00 
1.236159170e+00 1.388134382e+00 1.505258729e+00 
1.022491349e+00 1.027877055e+00 1.124947413e+00 
1.184833045e+00 1.185132237e+00 1.289861170e+00 
1.038062284e+00 1.159399571e+00 1.174379470e+00 
1.000000000e+00 1.036454610e+00 1.098022718e+00 
1.022491349e+00 1.100071480e+00 1.147665124e+00 
1.022491349e+00 1.000000000e+00 1.000000000e+00 
1.034602076e+00 1.077912795e+00 1.165124106e+00 
1.170415225e+00 1.258041458e+00 1.366848969e+00 
1.107266436e+00 1.133666905e+00 1.174379470e+00 
1.102941176e+00 1.250893495e+00 1.357593605e+00 
1.000000000e+00 1.015725518e+00 1.000000000e+00 

1.300750000e+00 1.593280915e+00 1.754943206e+00 
1.337370242e+00 1.411007863e+00 1.514514093e+00 
1.173298443e+00 1.757684060e+00 1.834875894e+00 
1.444348616e+00 1.553252323e+00 1.727597812e+00 
1.394463668e+00 1.609006433e+00 1.777660917e+00 
1.557958478e+00 1.552537527e+00 1.727597812e+00 
1.463955882e+00 1.786275911e+00 2.000000000e+00 
1.529123702e+00 1.694067191e+00 1.902608330e+00 
1.366061419e+00 1.843459614e+00 2.000000000e+00 
1.683391003e+00 1.691208006e+00 1.875052587e+00 
1.411476644e+00 1.821300929e+00 2.000000000e+00 
1.596885813e+00 1.552537527e+00 1.737484224e+00 
1.097462803e+00 1.413867048e+00 1.446992007e+00 
1.200403979e+00 1.661901358e+00 1.852334876e+00 
1.307670415e+00 1.423874196e+00 1.562473706e+00 
1.055363322e+00 1.356683345e+00 1.415439630e+00 
1.212802768e+00 1.464617584e+00 1.612536811e+00 
1.072664360e+00 1.504646176e+00 1.512831300e+00 
1.305795848e+00 1.716940672e+00 1.902608330e+00 
1.505190311e+00 1.579699786e+00 1.777660917e+00 
1.113033737e+00 1.631165118e+00 1.737484224e+00 
1.097462803e+00 1.434596140e+00 1.545014724e+00 
1.329584775e+00 1.656897784e+00 1.777660917e+00 
1.105536332e+00 1.426018585e+00 1.512831300e+00 
1.434256055e+00 1.450321658e+00 1.602650400e+00 
1.113033737e+00 1.603288063e+00 1.612536811e+00 
1.097462803e+00 1.406719085e+00 1.420067312e+00 
1.136101211e+00 1.511079342e+00 1.687210770e+00 
1.141580450e+00 1.428877770e+00 1.589819100e+00 
1.126297578e+00 1.425303788e+00 1.562473706e+00 
1.361159170e+00 1.483917084e+00 1.630206142e+00 
1.141868512e+00 1.621872766e+00 1.754943206e+00 
1.408592561e+00 1.608291637e+00 1.777660917e+00 
1.241493945e+00 1.566118656e+00 1.737484224e+00 
1.682525952e+00 1.647605432e+00 1.804585612e+00 
1.289504325e+00 1.611865618e+00 1.754943206e+00 
1.077566609e+00 1.443173695e+00 1.464871687e+00 
1.500865052e+00 1.442458899e+00 1.603281447e+00 
1.533737024e+00 1.578984989e+00 1.777660917e+00 
1.135813149e+00 1.350964975e+00 1.438157341e+00 
1.111014706e+00 1.343817012e+00 1.415439630e+00 
1.462802768e+00 1.505360972e+00 1.639461506e+00 
1.096597751e+00 1.264474625e+00 1.414808582e+00 
1.355536332e+00 1.416011437e+00 1.562263357e+00 
1.342560554e+00 1.333095068e+00 1.505258729e+00 
1.057093426e+00 1.308077198e+00 1.320361801e+00 
1.184833045e+00 1.185132237e+00 1.289861170e+00 
1.113898789e+00 1.396711937e+00 1.512831300e+00 
1.312283737e+00 1.422444603e+00 1.531973075e+00 
1.120242215e+00 1.383130808e+00 1.455616323e+00 
1.038062284e+00 1.159399571e+00 1.174379470e+00 
1.077566609e+00 1.450321658e+00 1.491796382e+00 
1.138408304e+00 1.334524660e+00 1.464871687e+00 
1.047000865e+00 1.385989993e+00 1.415439630e+00 
1.077566609e+00 1.471050751e+00 1.589819100e+00 
1.102941176e+00 1.250893495e+00 1.357593605e+00 
1.236159170e+00 1.388134382e+00 1.505258729e+00 
1.225778547e+00 1.417441029e+00 1.514514093e+00 
1.241637543e+00 1.455325232e+00 1.629995793e+00 
1.038062284e+00 1.180128663e+00 1.272402188e+00 
1.108131488e+00 1.664760543e+00 1.660496424e+00 
1.079584775e+00 1.190850608e+00 1.290492217e+00 
1.038062284e+00 1.224446033e+00 1.317416912e+00 
1.177335640e+00 1.304503217e+00 1.464871687e+00 
1.167820069e+00 1.215153681e+00 1.312789230e+00 
1.079584775e+00 1.170121515e+00 1.192469499e+00 
1.197231834e+00 1.388849178e+00 1.482541018e+00 
1.201989619e+00 1.319513939e+00 1.465082036e+00 
1.448096886e+00 1.427448177e+00 1.579932688e+00 
1.197231834e+00 1.218012866e+00 1.340134623e+00 
1.250000000e+00 1.365260901e+00 1.482541018e+00 
1.061995675e+00 1.274481773e+00 1.397349600e+00 
1.000000000e+00 1.015725518e+00 1.000000000e+00 
1.035467128e+00 1.196568978e+00 1.245687842e+00 
1.107266436e+00 1.133666905e+00 1.174379470e+00 
1.254325260e+00 1.169406719e+00 1.222339083e+00 
1.170415225e+00 1.258041458e+00 1.366848969e+00 
1.295847751e+00 1.352394568e+00 1.491796382e+00 
1.124567474e+00 1.058613295e+00 1.192469499e+00 
1.000000000e+00 1.036454610e+00 1.098022718e+00 
1.031429931e+00 1.189421015e+00 1.222970130e+00 
1.022491349e+00 1.100071480e+00 1.147665124e+00 
1.022491349e+00 1.000000000e+00 1.000000000e+00 
1.034602076e+00 1.077912795e+00 1.165124106e+00 
1.022491349e+00 1.027877055e+00 1.124947413e+00 

1.105536332e+00 1.426018585e+00 1.512831300e+00 
1.673875433e+00 1.646890636e+00 1.804585612e+00 
1.095155709e+00 1.451751251e+00 1.494741271e+00 
1.111014706e+00 1.343817012e+00 1.415439630e+00 
1.383217993e+00 1.627591137e+00 1.777660917e+00 
1.097462803e+00 1.413867048e+00 1.446992007e+00 
1.782006920e+00 1.694067191e+00 1.902608330e+00 
1.307670415e+00 1.423874196e+00 1.562473706e+00 
1.305795848e+00 1.716940672e+00 1.902608330e+00 
1.241493945e+00 1.566118656e+00 1.737484224e+00 
1.072664360e+00 1.504646176e+00 1.512831300e+00 
1.250000000e+00 1.365260901e+00 1.482541018e+00 
1.510380623e+00 1.828448892e+00 2.000000000e+00 
1.135813149e+00 1.350964975e+00 1.438157341e+00 
1.200403979e+00 1.661901358e+00 1.852334876e+00 
1.113898789e+00 1.396711937e+00 1.512831300e+00 
1.732698962e+00 1.546819157e+00 1.700673117e+00 
1.636678201e+00 1.551822731e+00 1.727597812e+00 
1.057093426e+00 1.308077198e+00 1.320361801e+00 
1.055363322e+00 1.356683345e+00 1.415439630e+00 
1.489619377e+00 1.447462473e+00 1.630206142e+00 
1.500865052e+00 1.442458899e+00 1.603281447e+00 
1.448096886e+00 1.427448177e+00 1.579932688e+00 
1.683391003e+00 1.691208006e+00 1.875052587e+00 
1.141868512e+00 1.621872766e+00 1.754943206e+00 
1.197231834e+00 1.388849178e+00 1.482541018e+00 
1.047000865e+00 1.385989993e+00 1.415439630e+00 
1.389850346e+00 1.549678342e+00 1.710138830e+00 
1.462802768e+00 1.505360972e+00 1.639461506e+00 
1.289504325e+00 1.611865618e+00 1.754943206e+00 
1.355536332e+00 1.416011437e+00 1.562263357e+00 
1.225778547e+00 1.417441029e+00 1.514514093e+00 
1.077566609e+00 1.450321658e+00 1.491796382e+00 
1.201989619e+00 1.319513939e+00 1.465082036e+00 
1.138408304e+00 1.334524660e+00 1.464871687e+00 
1.361159170e+00 1.483917084e+00 1.630206142e+00 
1.416089965e+00 1.428877770e+00 1.589819100e+00 
1.077566609e+00 1.443173695e+00 1.464871687e+00 
1.175028547e+00 1.456040029e+00 1.580563736e+00 
1.505190311e+00 1.579699786e+00 1.777660917e+00 
1.136101211e+00 1.511079342e+00 1.687210770e+00 
1.031429931e+00 1.189421015e+00 1.222970130e+00 
1.565455882e+00 1.706218728e+00 1.875052587e+00 
1.038062284e+00 1.180128663e+00 1.272402188e+00 
1.655132353e+00 1.716225876e+00 1.902608330e+00 
1.536620242e+00 1.661186562e+00 1.852334876e+00 
1.236159170e+00 1.388134382e+00 1.505258729e+00 
1.096597751e+00 1.264474625e+00 1.414808582e+00 
1.038062284e+00 1.159399571e+00 1.174379470e+00 
1.077566609e+00 1.471050751e+00 1.589819100e+00 
1.312283737e+00 1.422444603e+00 1.531973075e+00 
1.126297578e+00 1.425303788e+00 1.562473706e+00 
1.038062284e+00 1.224446033e+00 1.317416912e+00 
1.197231834e+00 1.218012866e+00 1.340134623e+00 
1.408592561e+00 1.608291637e+00 1.777660917e+00 
1.120242215e+00 1.383130808e+00 1.455616323e+00 
1.184833045e+00 1.185132237e+00 1.289861170e+00 
1.061995675e+00 1.274481773e+00 1.397349600e+00 
1.167820069e+00 1.215153681e+00 1.312789230e+00 
1.337370242e+00 1.411007863e+00 1.514514093e+00 
1.034602076e+00 1.077912795e+00 1.165124106e+00 
1.170415225e+00 1.258041458e+00 1.366848969e+00 
1.035467128e+00 1.196568978e+00 1.245687842e+00 
1.241637543e+00 1.455325232e+00 1.629995793e+00 
1.102941176e+00 1.250893495e+00 1.357593605e+00 
1.295847751e+00 1.352394568e+00 1.491796382e+00 
1.342560554e+00 1.333095068e+00 1.505258729e+00 
1.079584775e+00 1.170121515e+00 1.192469499e+00 
1.022491349e+00 1.100071480e+00 1.147665124e+00 
1.079584775e+00 1.190850608e+00 1.290492217e+00 
1.177335640e+00 1.304503217e+00 1.464871687e+00 
1.254325260e+00 1.169406719e+00 1.222339083e+00 
1.226643599e+00 1.457469621e+00 1.589819100e+00 
1.022491349e+00 1.027877055e+00 1.124947413e+00 
1.000000000e+00 1.015725518e+00 1.000000000e+00 
1.124567474e+00 1.058613295e+00 1.192469499e+00 
1.022491349e+00 1.000000000e+00 1.000000000e+00 
1.000000000e+00 1.036454610e+00 1.098022718e+00 
1.107266436e+00 1.133666905e+00 1.174379470e+00 

1.072664360e+00 1.504646176e+00 1.512831300e+00 
1.113033737e+00 1.610436026e+00 1.639461506e+00 
1.858996540e+00 1.799142244e+00 2.000000000e+00 
1.599192907e+00 1.712651894e+00 1.875052587e+00 
1.800173010e+00 1.674767691e+00 1.852334876e+00 
1.198961938e+00 1.764832023e+00 1.834875894e+00 
1.207612457e+00 1.681915654e+00 1.852334876e+00 
1.472895329e+00 1.662616154e+00 1.825620530e+00 
1.964532872e+00 1.786275911e+00 2.000000000e+00 
1.452710208e+00 1.614724803e+00 1.777660917e+00 
1.781141869e+00 1.827019299e+00 2.000000000e+00 
1.136101211e+00 1.511079342e+00 1.687210770e+00 
1.512687716e+00 1.892780558e+00 2.000000000e+00 
1.241493945e+00 1.566118656e+00 1.737484224e+00 
1.422722318e+00 1.681200858e+00 1.807530501e+00 
1.344290657e+00 1.457469621e+00 1.612536811e+00 
1.113898789e+00 1.396711937e+00 1.512831300e+00 
1.358275952e+00 1.758398856e+00 1.902608330e+00 
1.097462803e+00 1.413867048e+00 1.446992007e+00 
1.715397924e+00 1.442458899e+00 1.603281447e+00 
1.410899654e+00 1.905646891e+00 2.000000000e+00 
1.494809689e+00 1.609006433e+00 1.777660917e+00 
1.327566609e+00 1.800571837e+00 1.902608330e+00 
1.149076990e+00 1.641887062e+00 1.754943206e+00 
1.782006920e+00 1.641172266e+00 1.804585612e+00 
1.614186851e+00 1.664045747e+00 1.834875894e+00 
1.418397059e+00 1.754824875e+00 1.875052587e+00 
1.433967993e+00 1.745532523e+00 1.902608330e+00 
1.533737024e+00 1.578984989e+00 1.777660917e+00 
1.905709343e+00 1.661901358e+00 1.852334876e+00 
1.441176471e+00 1.611150822e+00 1.754943206e+00 
1.361159170e+00 1.483917084e+00 1.630206142e+00 
1.138696367e+00 1.638313081e+00 1.737484224e+00 
1.360726644e+00 1.977841315e+00 2.000000000e+00 
1.197231834e+00 1.388849178e+00 1.482541018e+00 
1.135813149e+00 1.350964975e+00 1.438157341e+00 
1.295847751e+00 1.352394568e+00 1.491796382e+00 
1.665512976e+00 1.681200858e+00 1.852334876e+00 
1.562283737e+00 1.871336669e+00 2.000000000e+00 
1.541522491e+00 1.723373838e+00 1.902608330e+00 
1.225778547e+00 1.417441029e+00 1.514514093e+00 
1.095155709e+00 1.451751251e+00 1.494741271e+00 
1.110726644e+00 1.648320229e+00 1.687210770e+00 
1.790657439e+00 1.694067191e+00 1.902608330e+00 
1.133506055e+00 1.445318084e+00 1.562473706e+00 
1.628027682e+00 1.447462473e+00 1.630206142e+00 
1.123125433e+00 1.441744103e+00 1.545014724e+00 
1.391435986e+00 1.935668335e+00 2.000000000e+00 
1.358131488e+00 1.628305933e+00 1.777660917e+00 
1.255478374e+00 1.830593281e+00 1.902608330e+00 
1.472318339e+00 1.510364546e+00 1.687210770e+00 
1.487312284e+00 1.569692638e+00 1.754943206e+00 
1.120242215e+00 1.383130808e+00 1.455616323e+00 
1.319204152e+00 1.458184417e+00 1.612536811e+00 
1.057093426e+00 1.308077198e+00 1.320361801e+00 
1.111014706e+00 1.343817012e+00 1.415439630e+00 
1.096597751e+00 1.264474625e+00 1.414808582e+00 
1.350634083e+00 1.779127949e+00 1.902608330e+00 
1.656574394e+00 1.646890636e+00 1.804585612e+00 
1.047000865e+00 1.385989993e+00 1.415439630e+00 
1.584775087e+00 1.455325232e+00 1.629995793e+00 
1.572664360e+00 1.450321658e+00 1.602650400e+00 
1.289504325e+00 1.611865618e+00 1.754943206e+00 
1.711937716e+00 1.690493209e+00 1.875052587e+00 
1.077566609e+00 1.443173695e+00 1.464871687e+00 
1.138408304e+00 1.334524660e+00 1.464871687e+00 
1.077566609e+00 1.471050751e+00 1.589819100e+00 
1.141580450e+00 1.428877770e+00 1.589819100e+00 
1.250000000e+00 1.365260901e+00 1.482541018e+00 
1.492214533e+00 1.558970693e+00 1.727387463e+00 
1.102941176e+00 1.250893495e+00 1.357593605e+00 
1.201989619e+00 1.319513939e+00 1.465082036e+00 
1.294117647e+00 1.496783417e+00 1.629995793e+00 
1.409746540e+00 1.563259471e+00 1.710138830e+00 
1.079584775e+00 1.190850608e+00 1.290492217e+00 
1.079584775e+00 1.170121515e+00 1.192469499e+00 
1.061995675e+00 1.274481773e+00 1.397349600e+00 
1.077566609e+00 1.450321658e+00 1.491796382e+00 
1.177335640e+00 1.304503217e+00 1.464871687e+00 
1.035467128e+00 1.196568978e+00 1.245687842e+00 
1.038062284e+00 1.224446033e+00 1.317416912e+00 
1.546424740e+00 1.891350965e+00 2.000000000e+00 
1.038062284e+00 1.180128663e+00 1.272402188e+00 
1.236159170e+00 1.388134382e+00 1.505258729e+00 
1.184833045e+00 1.185132237e+00 1.289861170e+00 
1.337370242e+00 1.411007863e+00 1.514514093e+00 
1.197231834e+00 1.218012866e+00 1.340134623e+00 
1.000000000e+00 1.015725518e+00 1.000000000e+00 
1.038062284e+00 1.159399571e+00 1.174379470e+00 
1.312283737e+00 1.422444603e+00 1.531973075e+00 
1.022491349e+00 1.100071480e+00 1.147665124e+00 
1.342560554e+00 1.333095068e+00 1.505258729e+00 
1.031429931e+00 1.189421015e+00 1.222970130e+00 
1.355536332e+00 1.416011437e+00 1.562263357e+00 
1.000000000e+00 1.036454610e+00 1.098022718e+00 
1.107266436e+00 1.133666905e+00 1.174379470e+00 
1.034602076e+00 1.077912795e+00 1.165124106e+00 
1.124567474e+00 1.058613295e+00 1.192469499e+00 
1.022491349e+00 1.027877055e+00 1.124947413e+00 
1.022491349e+00 1.000000000e+00 1.000000000e+00 
1.055363322e+00 1.356683345e+00 1.415439630e+00 
1.170415225e+00 1.258041458e+00 1.366848969e+00 
1.167820069e+00 1.215153681e+00 1.312789230e+00 
1.254325260e+00 1.169406719e+00 1.222339083e+00 

1.307670415e+00 1.423874196e+00 1.562473706e+00 
1.141580450e+00 1.428877770e+00 1.589819100e+00 
1.133506055e+00 1.445318084e+00 1.562473706e+00 
1.472318339e+00 1.510364546e+00 1.687210770e+00 
1.123125433e+00 1.441744103e+00 1.545014724e+00 
1.301758651e+00 1.692637598e+00 1.834875894e+00 
1.294117647e+00 1.496783417e+00 1.629995793e+00 
1.105536332e+00 1.426018585e+00 1.512831300e+00 
1.448096886e+00 1.427448177e+00 1.579932688e+00 
1.596885813e+00 1.552537527e+00 1.737484224e+00 
1.327566609e+00 1.800571837e+00 1.902608330e+00 
1.529123702e+00 1.694067191e+00 1.902608330e+00 
1.149076990e+00 1.641887062e+00 1.754943206e+00 
1.492214533e+00 1.558970693e+00 1.727387463e+00 
1.636678201e+00 1.551822731e+00 1.727597812e+00 
1.252883218e+00 1.703359543e+00 1.852334876e+00 
1.433967993e+00 1.745532523e+00 1.902608330e+00 
1.477220588e+00 1.695496783e+00 1.852334876e+00 
1.347173875e+00 1.670478914e+00 1.834875894e+00 
1.478085640e+00 1.736240172e+00 1.902608330e+00 
1.289504325e+00 1.611865618e+00 1.754943206e+00 
1.358275952e+00 1.758398856e+00 1.902608330e+00 
1.250000000e+00 1.365260901e+00 1.482541018e+00 
1.434256055e+00 1.450321658e+00 1.602650400e+00 
1.225778547e+00 1.417441029e+00 1.514514093e+00 
1.057093426e+00 1.308077198e+00 1.320361801e+00 
1.487601211e+00 1.674052895e+00 1.852334876e+00 
1.197231834e+00 1.388849178e+00 1.482541018e+00 
1.383217993e+00 1.627591137e+00 1.777660917e+00 
1.355536332e+00 1.416011437e+00 1.562263357e+00 
1.096597751e+00 1.264474625e+00 1.414808582e+00 
1.077566609e+00 1.450321658e+00 1.491796382e+00 
1.146481834e+00 1.658327377e+00 1.728228860e+00 
1.047000865e+00 1.385989993e+00 1.415439630e+00 
1.241493945e+00 1.566118656e+00 1.737484224e+00 
1.136101211e+00 1.511079342e+00 1.687210770e+00 
1.344290657e+00 1.457469621e+00 1.612536811e+00 
1.373990484e+00 1.664760543e+00 1.777660917e+00 
1.113898789e+00 1.396711937e+00 1.512831300e+00 
1.593425606e+00 1.569692638e+00 1.754943206e+00 
1.361159170e+00 1.483917084e+00 1.630206142e+00 
1.557958478e+00 1.552537527e+00 1.727597812e+00 
1.111014706e+00 1.343817012e+00 1.415439630e+00 
1.113033737e+00 1.610436026e+00 1.639461506e+00 
1.312283737e+00 1.422444603e+00 1.531973075e+00 
1.077566609e+00 1.471050751e+00 1.589819100e+00 
1.097462803e+00 1.413867048e+00 1.446992007e+00 
1.319204152e+00 1.458184417e+00 1.612536811e+00 
1.055363322e+00 1.356683345e+00 1.415439630e+00 
1.337370242e+00 1.411007863e+00 1.514514093e+00 
1.212802768e+00 1.464617584e+00 1.612536811e+00 
1.061995675e+00 1.274481773e+00 1.397349600e+00 
1.077566609e+00 1.443173695e+00 1.464871687e+00 
1.038062284e+00 1.159399571e+00 1.174379470e+00 
1.197231834e+00 1.218012866e+00 1.340134623e+00 
1.518166090e+00 1.646890636e+00 1.804585612e+00 
1.177335640e+00 1.304503217e+00 1.464871687e+00 
1.079584775e+00 1.170121515e+00 1.192469499e+00 
1.201989619e+00 1.319513939e+00 1.465082036e+00 
1.138408304e+00 1.334524660e+00 1.464871687e+00 
1.031429931e+00 1.189421015e+00 1.222970130e+00 
1.295847751e+00 1.352394568e+00 1.491796382e+00 
1.579584775e+00 1.592566119e+00 1.777660917e+00 
1.120242215e+00 1.383130808e+00 1.455616323e+00 
1.135813149e+00 1.350964975e+00 1.438157341e+00 
1.236159170e+00 1.388134382e+00 1.505258729e+00 
1.500865052e+00 1.442458899e+00 1.603281447e+00 
1.038062284e+00 1.224446033e+00 1.317416912e+00 
1.170415225e+00 1.258041458e+00 1.366848969e+00 
1.489619377e+00 1.447462473e+00 1.630206142e+00 
1.102941176e+00 1.250893495e+00 1.357593605e+00 
1.124567474e+00 1.058613295e+00 1.192469499e+00 
1.342560554e+00 1.333095068e+00 1.505258729e+00 
1.184833045e+00 1.185132237e+00 1.289861170e+00 
1.022491349e+00 1.027877055e+00 1.124947413e+00 
1.000000000e+00 1.036454610e+00 1.098022718e+00 
1.038062284e+00 1.180128663e+00 1.272402188e+00 
1.022491349e+00 1.000000000e+00 1.000000000e+00 
1.167820069e+00 1.215153681e+00 1.312789230e+00 
1.000000000e+00 1.015725518e+00 1.000000000e+00 
1.107266436e+00 1.133666905e+00 1.174379470e+00 
1.079584775e+00 1.190850608e+00 1.290492217e+00 
1.034602076e+00 1.077912795e+00 1.165124106e+00 
1.022491349e+00 1.100071480e+00 1.147665124e+00 
1.254325260e+00 1.169406719e+00 1.222339083e+00 
1.035467128e+00 1.196568978e+00 1.245687842e+00 

1.639273356e+00 1.673338099e+00 1.852334876e+00 
1.136101211e+00 1.511079342e+00 1.687210770e+00 
1.197231834e+00 1.388849178e+00 1.482541018e+00 
1.489619377e+00 1.447462473e+00 1.630206142e+00 
1.462802768e+00 1.505360972e+00 1.639461506e+00 
1.095155709e+00 1.451751251e+00 1.494741271e+00 
1.590830450e+00 1.565403860e+00 1.737484224e+00 
1.347173875e+00 1.670478914e+00 1.834875894e+00 
1.500865052e+00 1.442458899e+00 1.603281447e+00 
1.492214533e+00 1.558970693e+00 1.727387463e+00 
1.492502595e+00 1.785561115e+00 2.000000000e+00 
1.386101211e+00 1.840600429e+00 2.000000000e+00 
1.639273356e+00 1.663330951e+00 1.834875894e+00 
1.113898789e+00 1.396711937e+00 1.512831300e+00 
1.342560554e+00 1.333095068e+00 1.505258729e+00 
1.358131488e+00 1.628305933e+00 1.777660917e+00 
1.732698962e+00 1.546819157e+00 1.700673117e+00 
1.767301038e+00 1.553252323e+00 1.727597812e+00 
1.570069204e+00 1.416011437e+00 1.562263357e+00 
1.295847751e+00 1.352394568e+00 1.491796382e+00 
1.383217993e+00 1.627591137e+00 1.777660917e+00 
1.652249135e+00 1.626876340e+00 1.804585612e+00 
1.057093426e+00 1.308077198e+00 1.320361801e+00 
1.225778547e+00 1.417441029e+00 1.514514093e+00 
1.361159170e+00 1.483917084e+00 1.630206142e+00 
1.201989619e+00 1.319513939e+00 1.465082036e+00 
1.529123702e+00 1.694067191e+00 1.902608330e+00 
1.821799308e+00 1.691208006e+00 1.875052587e+00 
1.344290657e+00 1.457469621e+00 1.612536811e+00 
1.487312284e+00 1.569692638e+00 1.754943206e+00 
1.241493945e+00 1.566118656e+00 1.737484224e+00 
1.120242215e+00 1.383130808e+00 1.455616323e+00 
1.219290657e+00 1.451751251e+00 1.563104754e+00 
1.105536332e+00 1.426018585e+00 1.512831300e+00 
1.434256055e+00 1.450321658e+00 1.602650400e+00 
1.055363322e+00 1.356683345e+00 1.415439630e+00 
1.472895329e+00 1.662616154e+00 1.825620530e+00 
1.289504325e+00 1.611865618e+00 1.754943206e+00 
1.448096886e+00 1.427448177e+00 1.579932688e+00 
1.314878893e+00 1.454610436e+00 1.585191418e+00 
1.226643599e+00 1.457469621e+00 1.589819100e+00 
1.394463668e+00 1.609006433e+00 1.777660917e+00 
1.319204152e+00 1.458184417e+00 1.612536811e+00 
1.416089965e+00 1.428877770e+00 1.589819100e+00 
1.358275952e+00 1.758398856e+00 1.902608330e+00 
1.096597751e+00 1.264474625e+00 1.414808582e+00 
1.327566609e+00 1.800571837e+00 1.902608330e+00 
1.077566609e+00 1.450321658e+00 1.491796382e+00 
1.177335640e+00 1.304503217e+00 1.464871687e+00 
1.077566609e+00 1.443173695e+00 1.464871687e+00 
1.252883218e+00 1.703359543e+00 1.852334876e+00 
1.047000865e+00 1.385989993e+00 1.415439630e+00 
1.312283737e+00 1.422444603e+00 1.531973075e+00 
1.433967993e+00 1.745532523e+00 1.902608330e+00 
1.072664360e+00 1.504646176e+00 1.512831300e+00 
1.236159170e+00 1.388134382e+00 1.505258729e+00 
1.194348616e+00 1.663330951e+00 1.754943206e+00 
1.294117647e+00 1.496783417e+00 1.629995793e+00 
1.123125433e+00 1.441744103e+00 1.545014724e+00 
1.533737024e+00 1.578984989e+00 1.777660917e+00 
1.250000000e+00 1.365260901e+00 1.482541018e+00 
1.478085640e+00 1.736240172e+00 1.902608330e+00 
1.164647924e+00 1.452466047e+00 1.563104754e+00 
1.175028547e+00 1.456040029e+00 1.580563736e+00 
1.487601211e+00 1.674052895e+00 1.852334876e+00 
1.255767301e+00 1.428877770e+00 1.579932688e+00 
1.031429931e+00 1.189421015e+00 1.222970130e+00 
1.337370242e+00 1.411007863e+00 1.514514093e+00 
1.254325260e+00 1.169406719e+00 1.222339083e+00 
1.197231834e+00 1.218012866e+00 1.340134623e+00 
1.409746540e+00 1.563259471e+00 1.710138830e+00 
1.077566609e+00 1.471050751e+00 1.589819100e+00 
1.102941176e+00 1.250893495e+00 1.357593605e+00 
1.126297578e+00 1.425303788e+00 1.562473706e+00 
1.111014706e+00 1.343817012e+00 1.415439630e+00 
1.035467128e+00 1.196568978e+00 1.245687842e+00 
1.167820069e+00 1.215153681e+00 1.312789230e+00 
1.138408304e+00 1.334524660e+00 1.464871687e+00 
1.184833045e+00 1.185132237e+00 1.289861170e+00 
1.289792388e+00 1.455325232e+00 1.585191418e+00 
1.061995675e+00 1.274481773e+00 1.397349600e+00 
1.038062284e+00 1.224446033e+00 1.317416912e+00 
1.038062284e+00 1.159399571e+00 1.174379470e+00 
1.079584775e+00 1.170121515e+00 1.192469499e+00 
1.079584775e+00 1.190850608e+00 1.290492217e+00 
1.038062284e+00 1.180128663e+00 1.272402188e+00 
1.170415225e+00 1.258041458e+00 1.366848969e+00 
1.022491349e+00 1.100071480e+00 1.147665124e+00 
1.124567474e+00 1.058613295e+00 1.192469499e+00 
1.022491349e+00 1.027877055e+00 1.124947413e+00 
1.034602076e+00 1.077912795e+00 1.165124106e+00 
1.000000000e+00 1.036454610e+00 1.098022718e+00 
1.135813149e+00 1.350964975e+00 1.438157341e+00 
1.000000000e+00 1.015725518e+00 1.000000000e+00 
1.022491349e+00 1.000000000e+00 1.000000000e+00 
1.107266436e+00 1.133666905e+00 1.174379470e+00 

1.527681661e+00 1.719085061e+00 1.875052587e+00 
1.477220588e+00 1.695496783e+00 1.852334876e+00 
1.512687716e+00 1.855611151e+00 2.000000000e+00 
1.464244810e+00 1.562544675e+00 1.710138830e+00 
1.529123702e+00 1.694067191e+00 1.902608330e+00 
1.673875433e+00 1.646890636e+00 1.804585612e+00 
1.680795848e+00 1.693352395e+00 1.902608330e+00 
1.557958478e+00 1.552537527e+00 1.727597812e+00 
1.126297578e+00 1.404574696e+00 1.464450989e+00 
1.347173875e+00 1.670478914e+00 1.834875894e+00 
1.110726644e+00 1.648320229e+00 1.687210770e+00 
1.492214533e+00 1.558970693e+00 1.727387463e+00 
1.324971453e+00 1.771979986e+00 1.902608330e+00 
1.113033737e+00 1.603288063e+00 1.612536811e+00 
1.492214533e+00 1.423874196e+00 1.562473706e+00 
1.579584775e+00 1.592566119e+00 1.777660917e+00 
1.596885813e+00 1.552537527e+00 1.737484224e+00 
1.252883218e+00 1.703359543e+00 1.852334876e+00 
1.636678201e+00 1.551822731e+00 1.727597812e+00 
1.487601211e+00 1.674052895e+00 1.852334876e+00 
1.097462803e+00 1.413867048e+00 1.446992007e+00 
1.639273356e+00 1.663330951e+00 1.834875894e+00 
1.105536332e+00 1.426018585e+00 1.512831300e+00 
1.241493945e+00 1.566118656e+00 1.737484224e+00 
1.097462803e+00 1.434596140e+00 1.545014724e+00 
1.229815744e+00 1.823445318e+00 1.902608330e+00 
1.294117647e+00 1.496783417e+00 1.629995793e+00 
1.329584775e+00 1.656897784e+00 1.777660917e+00 
1.358275952e+00 1.758398856e+00 1.902608330e+00 
1.289792388e+00 1.455325232e+00 1.585191418e+00 
1.113033737e+00 1.610436026e+00 1.639461506e+00 
1.113033737e+00 1.631165118e+00 1.737484224e+00 
1.427912630e+00 1.885632595e+00 2.000000000e+00 
1.171568339e+00 1.671193710e+00 1.834875894e+00 
1.433967993e+00 1.745532523e+00 1.902608330e+00 
1.141580450e+00 1.408148678e+00 1.491796382e+00 
1.312283737e+00 1.422444603e+00 1.531973075e+00 
1.489619377e+00 1.447462473e+00 1.630206142e+00 
1.095155709e+00 1.451751251e+00 1.494741271e+00 
1.175028547e+00 1.456040029e+00 1.580563736e+00 
1.295847751e+00 1.352394568e+00 1.491796382e+00 
1.055363322e+00 1.356683345e+00 1.415439630e+00 
1.462802768e+00 1.505360972e+00 1.639461506e+00 
1.096597751e+00 1.264474625e+00 1.414808582e+00 
1.409746540e+00 1.563259471e+00 1.710138830e+00 
1.314878893e+00 1.454610436e+00 1.585191418e+00 
1.472318339e+00 1.510364546e+00 1.687210770e+00 
1.289504325e+00 1.611865618e+00 1.754943206e+00 
1.394463668e+00 1.609006433e+00 1.777660917e+00 
1.614186851e+00 1.664045747e+00 1.834875894e+00 
1.383217993e+00 1.627591137e+00 1.777660917e+00 
1.395328720e+00 1.396711937e+00 1.512831300e+00 
1.225778547e+00 1.417441029e+00 1.514514093e+00 
1.237601211e+00 1.431022159e+00 1.562263357e+00 
1.337370242e+00 1.411007863e+00 1.514514093e+00 
1.643598616e+00 1.579699786e+00 1.777660917e+00 
1.047000865e+00 1.385989993e+00 1.415439630e+00 
1.164647924e+00 1.452466047e+00 1.563104754e+00 
1.057093426e+00 1.308077198e+00 1.320361801e+00 
1.077566609e+00 1.450321658e+00 1.491796382e+00 
1.221165225e+00 1.438884918e+00 1.562473706e+00 
1.344290657e+00 1.457469621e+00 1.612536811e+00 
1.342560554e+00 1.333095068e+00 1.505258729e+00 
1.111014706e+00 1.343817012e+00 1.415439630e+00 
1.177335640e+00 1.304503217e+00 1.464871687e+00 
1.319204152e+00 1.458184417e+00 1.612536811e+00 
1.212802768e+00 1.464617584e+00 1.612536811e+00 
1.136101211e+00 1.511079342e+00 1.687210770e+00 
1.149076990e+00 1.641887062e+00 1.754943206e+00 
1.077566609e+00 1.471050751e+00 1.589819100e+00 
1.487312284e+00 1.569692638e+00 1.754943206e+00 
1.077566609e+00 1.443173695e+00 1.464871687e+00 
1.590830450e+00 1.565403860e+00 1.737484224e+00 
1.061995675e+00 1.274481773e+00 1.397349600e+00 
1.715397924e+00 1.442458899e+00 1.603281447e+00 
1.355536332e+00 1.416011437e+00 1.562263357e+00 
1.097462803e+00 1.406719085e+00 1.420067312e+00 
1.448096886e+00 1.427448177e+00 1.579932688e+00 
1.201989619e+00 1.319513939e+00 1.465082036e+00 
1.079584775e+00 1.170121515e+00 1.192469499e+00 
1.079584775e+00 1.190850608e+00 1.290492217e+00 
1.361159170e+00 1.483917084e+00 1.630206142e+00 
1.170415225e+00 1.258041458e+00 1.366848969e+00 
1.035467128e+00 1.196568978e+00 1.245687842e+00 
1.072664360e+00 1.504646176e+00 1.512831300e+00 
1.120242215e+00 1.383130808e+00 1.455616323e+00 
1.197231834e+00 1.388849178e+00 1.482541018e+00 
1.250000000e+00 1.365260901e+00 1.482541018e+00 
1.434256055e+00 1.450321658e+00 1.602650400e+00 
1.038062284e+00 1.224446033e+00 1.317416912e+00 
1.031429931e+00 1.189421015e+00 1.222970130e+00 
1.184833045e+00 1.185132237e+00 1.289861170e+00 
1.226643599e+00 1.457469621e+00 1.589819100e+00 
1.038062284e+00 1.159399571e+00 1.174379470e+00 
1.135813149e+00 1.350964975e+00 1.438157341e+00 
1.038062284e+00 1.180128663e+00 1.272402188e+00 
1.167820069e+00 1.215153681e+00 1.312789230e+00 
1.254325260e+00 1.169406719e+00 1.222339083e+00 
1.000000000e+00 1.015725518e+00 1.000000000e+00 
1.000000000e+00 1.036454610e+00 1.098022718e+00 
1.138408304e+00 1.334524660e+00 1.464871687e+00 
1.124567474e+00 1.058613295e+00 1.192469499e+00 
1.107266436e+00 1.133666905e+00 1.174379470e+00 
1.102941176e+00 1.250893495e+00 1.357593605e+00 
1.034602076e+00 1.077912795e+00 1.165124106e+00 
1.236159170e+00 1.388134382e+00 1.505258729e+00 
1.197231834e+00 1.218012866e+00 1.340134623e+00 
1.022491349e+00 1.000000000e+00 1.000000000e+00 
1.022491349e+00 1.100071480e+00 1.147665124e+00 
1.022491349e+00 1.027877055e+00 1.124947413e+00 

1.529123702e+00 1.694067191e+00 1.902608330e+00 
1.489619377e+00 1.447462473e+00 1.630206142e+00 
1.492214533e+00 1.423874196e+00 1.562473706e+00 
1.464244810e+00 1.562544675e+00 1.710138830e+00 
1.347173875e+00 1.670478914e+00 1.834875894e+00 
1.072664360e+00 1.504646176e+00 1.512831300e+00 
1.113898789e+00 1.396711937e+00 1.512831300e+00 
1.383217993e+00 1.627591137e+00 1.777660917e+00 
1.487601211e+00 1.674052895e+00 1.852334876e+00 
1.477220588e+00 1.695496783e+00 1.852334876e+00 
1.533737024e+00 1.578984989e+00 1.777660917e+00 
1.636678201e+00 1.551822731e+00 1.727597812e+00 
1.434256055e+00 1.450321658e+00 1.602650400e+00 
1.055363322e+00 1.356683345e+00 1.415439630e+00 
1.057093426e+00 1.308077198e+00 1.320361801e+00 
1.478085640e+00 1.736240172e+00 1.902608330e+00 
1.586505190e+00 1.427448177e+00 1.579932688e+00 
1.590830450e+00 1.565403860e+00 1.737484224e+00 
1.135813149e+00 1.350964975e+00 1.438157341e+00 
1.241493945e+00 1.566118656e+00 1.737484224e+00 
1.621972318e+00 1.669764117e+00 1.804585612e+00 
1.441176471e+00 1.611150822e+00 1.754943206e+00 
1.225778547e+00 1.417441029e+00 1.514514093e+00 
1.462802768e+00 1.505360972e+00 1.639461506e+00 
1.327566609e+00 1.800571837e+00 1.902608330e+00 
1.355536332e+00 1.416011437e+00 1.562263357e+00 
1.337370242e+00 1.411007863e+00 1.514514093e+00 
1.236159170e+00 1.388134382e+00 1.505258729e+00 
1.105536332e+00 1.426018585e+00 1.512831300e+00 
1.141580450e+00 1.428877770e+00 1.589819100e+00 
1.205017301e+00 1.698355969e+00 1.825620530e+00 
1.358275952e+00 1.758398856e+00 1.902608330e+00 
1.472318339e+00 1.510364546e+00 1.687210770e+00 
1.136101211e+00 1.511079342e+00 1.687210770e+00 
1.433967993e+00 1.745532523e+00 1.902608330e+00 
1.301758651e+00 1.692637598e+00 1.834875894e+00 
1.361159170e+00 1.483917084e+00 1.630206142e+00 
1.077566609e+00 1.443173695e+00 1.464871687e+00 
1.252883218e+00 1.703359543e+00 1.852334876e+00 
1.639273356e+00 1.673338099e+00 1.852334876e+00 
1.111014706e+00 1.343817012e+00 1.415439630e+00 
1.241637543e+00 1.455325232e+00 1.629995793e+00 
1.289504325e+00 1.611865618e+00 1.754943206e+00 
1.197231834e+00 1.388849178e+00 1.482541018e+00 
1.077566609e+00 1.471050751e+00 1.589819100e+00 
1.077566609e+00 1.450321658e+00 1.491796382e+00 
1.149076990e+00 1.641887062e+00 1.754943206e+00 
1.061995675e+00 1.274481773e+00 1.397349600e+00 
1.567474048e+00 1.549678342e+00 1.710138830e+00 
1.170415225e+00 1.258041458e+00 1.366848969e+00 
1.096597751e+00 1.264474625e+00 1.414808582e+00 
1.295847751e+00 1.352394568e+00 1.491796382e+00 
1.097462803e+00 1.406719085e+00 1.420067312e+00 
1.312283737e+00 1.422444603e+00 1.531973075e+00 
1.079584775e+00 1.170121515e+00 1.192469499e+00 
1.250000000e+00 1.365260901e+00 1.482541018e+00 
1.201989619e+00 1.319513939e+00 1.465082036e+00 
1.038062284e+00 1.159399571e+00 1.174379470e+00 
1.120242215e+00 1.383130808e+00 1.455616323e+00 
1.492214533e+00 1.558970693e+00 1.727387463e+00 
1.047000865e+00 1.385989993e+00 1.415439630e+00 
1.177335640e+00 1.304503217e+00 1.464871687e+00 
1.138408304e+00 1.334524660e+00 1.464871687e+00 
1.342560554e+00 1.333095068e+00 1.505258729e+00 
1.184833045e+00 1.185132237e+00 1.289861170e+00 
1.035467128e+00 1.196568978e+00 1.245687842e+00 
1.500865052e+00 1.442458899e+00 1.603281447e+00 
1.652249135e+00 1.626876340e+00 1.804585612e+00 
1.097462803e+00 1.413867048e+00 1.446992007e+00 
1.079584775e+00 1.190850608e+00 1.290492217e+00 
1.102941176e+00 1.250893495e+00 1.357593605e+00 
1.038062284e+00 1.224446033e+00 1.317416912e+00 
1.167820069e+00 1.215153681e+00 1.312789230e+00 
1.254325260e+00 1.169406719e+00 1.222339083e+00 
1.022491349e+00 1.000000000e+00 1.000000000e+00 
1.197231834e+00 1.218012866e+00 1.340134623e+00 
1.038062284e+00 1.180128663e+00 1.272402188e+00 
1.022491349e+00 1.100071480e+00 1.147665124e+00 
1.034602076e+00 1.077912795e+00 1.165124106e+00 
1.031429931e+00 1.189421015e+00 1.222970130e+00 
1.124567474e+00 1.058613295e+00 1.192469499e+00 
1.000000000e+00 1.015725518e+00 1.000000000e+00 
1.107266436e+00 1.133666905e+00 1.174379470e+00 
1.022491349e+00 1.027877055e+00 1.124947413e+00 
1.000000000e+00 1.036454610e+00 1.098022718e+00 

1.292387543e+00 1.730521801e+00 1.777660917e+00 
1.715397924e+00 1.442458899e+00 1.603281447e+00 
1.487601211e+00 1.674052895e+00 1.852334876e+00 
1.357843426e+00 1.716940672e+00 1.852334876e+00 
1.529123702e+00 1.694067191e+00 1.902608330e+00 
1.198961938e+00 1.764832023e+00 1.834875894e+00 
1.492214533e+00 1.558970693e+00 1.727387463e+00 
1.477220588e+00 1.695496783e+00 1.852334876e+00 
1.355536332e+00 1.416011437e+00 1.562263357e+00 
1.347173875e+00 1.670478914e+00 1.834875894e+00 
1.136101211e+00 1.511079342e+00 1.687210770e+00 
1.448096886e+00 1.427448177e+00 1.579932688e+00 
1.349769031e+00 1.738384560e+00 1.852334876e+00 
1.301758651e+00 1.692637598e+00 1.834875894e+00 
1.485294118e+00 1.664760543e+00 1.777660917e+00 
1.478085640e+00 1.736240172e+00 1.902608330e+00 
1.221165225e+00 1.438884918e+00 1.562473706e+00 
1.358275952e+00 1.758398856e+00 1.902608330e+00 
1.492214533e+00 1.423874196e+00 1.562473706e+00 
1.299307958e+00 1.503931380e+00 1.629995793e+00 
1.816608997e+00 1.680486061e+00 1.902608330e+00 
1.077566609e+00 1.471050751e+00 1.589819100e+00 
1.241493945e+00 1.566118656e+00 1.737484224e+00 
1.133506055e+00 1.445318084e+00 1.562473706e+00 
1.212802768e+00 1.464617584e+00 1.612536811e+00 
1.564013841e+00 1.599714081e+00 1.777660917e+00 
1.434256055e+00 1.450321658e+00 1.602650400e+00 
1.113033737e+00 1.603288063e+00 1.612536811e+00 
1.788062284e+00 1.690493209e+00 1.875052587e+00 
1.368800173e+00 1.626161544e+00 1.754943206e+00 
1.097462803e+00 1.406719085e+00 1.420067312e+00 
1.335640138e+00 1.498927806e+00 1.629995793e+00 
1.237601211e+00 1.431022159e+00 1.562263357e+00 
1.289792388e+00 1.455325232e+00 1.585191418e+00 
1.105536332e+00 1.426018585e+00 1.512831300e+00 
1.219290657e+00 1.451751251e+00 1.563104754e+00 
1.312283737e+00 1.422444603e+00 1.531973075e+00 
1.146481834e+00 1.658327377e+00 1.728228860e+00 
1.072664360e+00 1.504646176e+00 1.512831300e+00 
1.201989619e+00 1.319513939e+00 1.465082036e+00 
1.518166090e+00 1.646890636e+00 1.804585612e+00 
1.319204152e+00 1.458184417e+00 1.612536811e+00 
1.061995675e+00 1.274481773e+00 1.397349600e+00 
1.113898789e+00 1.396711937e+00 1.512831300e+00 
1.344290657e+00 1.457469621e+00 1.612536811e+00 
1.226643599e+00 1.457469621e+00 1.589819100e+00 
1.342560554e+00 1.333095068e+00 1.505258729e+00 
1.175028547e+00 1.456040029e+00 1.580563736e+00 
1.391003460e+00 1.454610436e+00 1.585191418e+00 
1.236159170e+00 1.388134382e+00 1.505258729e+00 
1.177335640e+00 1.304503217e+00 1.464871687e+00 
1.489619377e+00 1.447462473e+00 1.630206142e+00 
1.077566609e+00 1.443173695e+00 1.464871687e+00 
1.135813149e+00 1.350964975e+00 1.438157341e+00 
1.576989619e+00 1.598284489e+00 1.754943206e+00 
1.491349481e+00 1.609006433e+00 1.777660917e+00 
1.096597751e+00 1.264474625e+00 1.414808582e+00 
1.596885813e+00 1.552537527e+00 1.737484224e+00 
1.255767301e+00 1.428877770e+00 1.579932688e+00 
1.130910900e+00 1.461758399e+00 1.535759361e+00 
1.225778547e+00 1.417441029e+00 1.514514093e+00 
1.462802768e+00 1.505360972e+00 1.639461506e+00 
1.138408304e+00 1.334524660e+00 1.464871687e+00 
1.197231834e+00 1.218012866e+00 1.340134623e+00 
1.557958478e+00 1.552537527e+00 1.727597812e+00 
1.250000000e+00 1.365260901e+00 1.482541018e+00 
1.254325260e+00 1.169406719e+00 1.222339083e+00 
1.077566609e+00 1.450321658e+00 1.491796382e+00 
1.416089965e+00 1.428877770e+00 1.589819100e+00 
1.055363322e+00 1.356683345e+00 1.415439630e+00 
1.111014706e+00 1.343817012e+00 1.415439630e+00 
1.047000865e+00 1.385989993e+00 1.415439630e+00 
1.149076990e+00 1.641887062e+00 1.754943206e+00 
1.057093426e+00 1.308077198e+00 1.320361801e+00 
1.035467128e+00 1.196568978e+00 1.245687842e+00 
1.184833045e+00 1.185132237e+00 1.289861170e+00 
1.197231834e+00 1.388849178e+00 1.482541018e+00 
1.031429931e+00 1.189421015e+00 1.222970130e+00 
1.295847751e+00 1.352394568e+00 1.491796382e+00 
1.038062284e+00 1.224446033e+00 1.317416912e+00 
1.038062284e+00 1.159399571e+00 1.174379470e+00 
1.102941176e+00 1.250893495e+00 1.357593605e+00 
1.361159170e+00 1.483917084e+00 1.630206142e+00 
1.337370242e+00 1.411007863e+00 1.514514093e+00 
1.034602076e+00 1.077912795e+00 1.165124106e+00 
1.167820069e+00 1.215153681e+00 1.312789230e+00 
1.038062284e+00 1.180128663e+00 1.272402188e+00 
1.000000000e+00 1.036454610e+00 1.098022718e+00 
1.079584775e+00 1.190850608e+00 1.290492217e+00 
1.000000000e+00 1.015725518e+00 1.000000000e+00 
1.120242215e+00 1.383130808e+00 1.455616323e+00 
1.107266436e+00 1.133666905e+00 1.174379470e+00 
1.170415225e+00 1.258041458e+00 1.366848969e+00 
1.022491349e+00 1.000000000e+00 1.000000000e+00 
1.079584775e+00 1.170121515e+00 1.192469499e+00 
1.022491349e+00 1.100071480e+00 1.147665124e+00 
1.022491349e+00 1.027877055e+00 1.124947413e+00 
1.124567474e+00 1.058613295e+00 1.192469499e+00 

1.126297578e+00 1.425303788e+00 1.562473706e+00 
1.295847751e+00 1.352394568e+00 1.491796382e+00 
1.347173875e+00 1.670478914e+00 1.834875894e+00 
1.301758651e+00 1.692637598e+00 1.834875894e+00 
1.478085640e+00 1.736240172e+00 1.902608330e+00 
1.533737024e+00 1.578984989e+00 1.777660917e+00 
1.141580450e+00 1.428877770e+00 1.589819100e+00 
1.487601211e+00 1.674052895e+00 1.852334876e+00 
1.126297578e+00 1.404574696e+00 1.464450989e+00 
1.206747405e+00 1.784846319e+00 1.825620530e+00 
1.596885813e+00 1.552537527e+00 1.737484224e+00 
1.487312284e+00 1.569692638e+00 1.754943206e+00 
1.795847751e+00 1.689778413e+00 1.875052587e+00 
1.469290657e+00 1.565403860e+00 1.737484224e+00 
1.638408304e+00 1.723373838e+00 1.902608330e+00 
1.492502595e+00 1.785561115e+00 2.000000000e+00 
1.629757785e+00 1.735525375e+00 1.902608330e+00 
1.096597751e+00 1.264474625e+00 1.414808582e+00 
1.624279412e+00 1.726233024e+00 1.875052587e+00 
1.477220588e+00 1.695496783e+00 1.852334876e+00 
1.444348616e+00 1.553252323e+00 1.727597812e+00 
1.756920415e+00 1.693352395e+00 1.902608330e+00 
1.105536332e+00 1.426018585e+00 1.512831300e+00 
1.138696367e+00 1.638313081e+00 1.737484224e+00 
1.448096886e+00 1.427448177e+00 1.579932688e+00 
1.389850346e+00 1.549678342e+00 1.710138830e+00 
1.358131488e+00 1.628305933e+00 1.777660917e+00 
1.097462803e+00 1.434596140e+00 1.545014724e+00 
1.289504325e+00 1.611865618e+00 1.754943206e+00 
1.433967993e+00 1.745532523e+00 1.902608330e+00 
1.136101211e+00 1.511079342e+00 1.687210770e+00 
1.386101211e+00 1.840600429e+00 2.000000000e+00 
1.601211073e+00 1.505360972e+00 1.639461506e+00 
1.355536332e+00 1.416011437e+00 1.562263357e+00 
1.201989619e+00 1.319513939e+00 1.465082036e+00 
1.241493945e+00 1.566118656e+00 1.737484224e+00 
1.358275952e+00 1.758398856e+00 1.902608330e+00 
1.252883218e+00 1.703359543e+00 1.852334876e+00 
1.077566609e+00 1.443173695e+00 1.464871687e+00 
1.788062284e+00 1.690493209e+00 1.875052587e+00 
1.327566609e+00 1.800571837e+00 1.902608330e+00 
1.077566609e+00 1.450321658e+00 1.491796382e+00 
1.154844291e+00 1.416726233e+00 1.482541018e+00 
1.518166090e+00 1.646890636e+00 1.804585612e+00 
1.361159170e+00 1.483917084e+00 1.630206142e+00 
1.111014706e+00 1.343817012e+00 1.415439630e+00 
1.337370242e+00 1.411007863e+00 1.514514093e+00 
1.434256055e+00 1.450321658e+00 1.602650400e+00 
1.643598616e+00 1.641172266e+00 1.804585612e+00 
1.557958478e+00 1.552537527e+00 1.727597812e+00 
1.491349481e+00 1.609006433e+00 1.777660917e+00 
1.135813149e+00 1.350964975e+00 1.438157341e+00 
1.344290657e+00 1.457469621e+00 1.612536811e+00 
1.500865052e+00 1.442458899e+00 1.603281447e+00 
1.194348616e+00 1.663330951e+00 1.754943206e+00 
1.222318339e+00 1.423874196e+00 1.491796382e+00 
1.079584775e+00 1.190850608e+00 1.290492217e+00 
1.055363322e+00 1.356683345e+00 1.415439630e+00 
1.072664360e+00 1.504646176e+00 1.512831300e+00 
1.489619377e+00 1.447462473e+00 1.630206142e+00 
1.319204152e+00 1.458184417e+00 1.612536811e+00 
1.249134948e+00 1.493924232e+00 1.612536811e+00 
1.395328720e+00 1.396711937e+00 1.512831300e+00 
1.312283737e+00 1.422444603e+00 1.531973075e+00 
1.120242215e+00 1.383130808e+00 1.455616323e+00 
1.197231834e+00 1.388849178e+00 1.482541018e+00 
1.236159170e+00 1.388134382e+00 1.505258729e+00 
1.079584775e+00 1.170121515e+00 1.192469499e+00 
1.077566609e+00 1.471050751e+00 1.589819100e+00 
1.057093426e+00 1.308077198e+00 1.320361801e+00 
1.225778547e+00 1.417441029e+00 1.514514093e+00 
1.184833045e+00 1.185132237e+00 1.289861170e+00 
1.342560554e+00 1.333095068e+00 1.505258729e+00 
1.061995675e+00 1.274481773e+00 1.397349600e+00 
1.294117647e+00 1.496783417e+00 1.629995793e+00 
1.197231834e+00 1.218012866e+00 1.340134623e+00 
1.505190311e+00 1.579699786e+00 1.777660917e+00 
1.167820069e+00 1.215153681e+00 1.312789230e+00 
1.138408304e+00 1.334524660e+00 1.464871687e+00 
1.250000000e+00 1.365260901e+00 1.482541018e+00 
1.170415225e+00 1.258041458e+00 1.366848969e+00 
1.031429931e+00 1.189421015e+00 1.222970130e+00 
1.047000865e+00 1.385989993e+00 1.415439630e+00 
1.038062284e+00 1.224446033e+00 1.317416912e+00 
1.038062284e+00 1.159399571e+00 1.174379470e+00 
1.035467128e+00 1.196568978e+00 1.245687842e+00 
1.038062284e+00 1.180128663e+00 1.272402188e+00 
1.022491349e+00 1.000000000e+00 1.000000000e+00 
1.107266436e+00 1.133666905e+00 1.174379470e+00 
1.177335640e+00 1.304503217e+00 1.464871687e+00 
1.102941176e+00 1.250893495e+00 1.357593605e+00 
1.124567474e+00 1.058613295e+00 1.192469499e+00 
1.022491349e+00 1.027877055e+00 1.124947413e+00 
1.000000000e+00 1.015725518e+00 1.000000000e+00 
1.022491349e+00 1.100071480e+00 1.147665124e+00 
1.000000000e+00 1.036454610e+00 1.098022718e+00 
1.034602076e+00 1.077912795e+00 1.165124106e+00 
1.254325260e+00 1.169406719e+00 1.222339083e+00 

1.097462803e+00 1.406719085e+00 1.420067312e+00 
1.489619377e+00 1.447462473e+00 1.630206142e+00 
1.639273356e+00 1.673338099e+00 1.852334876e+00 
1.113033737e+00 1.610436026e+00 1.639461506e+00 
1.529123702e+00 1.673338099e+00 1.804585612e+00 
1.643598616e+00 1.641172266e+00 1.804585612e+00 
1.501730104e+00 1.675482487e+00 1.804585612e+00 
1.732698962e+00 1.546819157e+00 1.700673117e+00 
1.200403979e+00 1.637598284e+00 1.754943206e+00 
1.833910035e+00 1.784846319e+00 2.000000000e+00 
1.408592561e+00 1.608291637e+00 1.777660917e+00 
1.255478374e+00 1.830593281e+00 1.902608330e+00 
1.391003460e+00 1.454610436e+00 1.585191418e+00 
1.095155709e+00 1.451751251e+00 1.494741271e+00 
1.418685121e+00 1.841315225e+00 2.000000000e+00 
1.373269896e+00 1.863473910e+00 2.000000000e+00 
1.136101211e+00 1.511079342e+00 1.687210770e+00 
1.816608997e+00 1.680486061e+00 1.902608330e+00 
1.077566609e+00 1.471050751e+00 1.589819100e+00 
1.342560554e+00 1.333095068e+00 1.505258729e+00 
1.294117647e+00 1.496783417e+00 1.629995793e+00 
1.197231834e+00 1.678341673e+00 1.834875894e+00 
1.313004325e+00 1.736954968e+00 1.902608330e+00 
1.072664360e+00 1.504646176e+00 1.512831300e+00 
1.314013841e+00 1.870621873e+00 2.000000000e+00 
1.110726644e+00 1.648320229e+00 1.687210770e+00 
1.596885813e+00 1.552537527e+00 1.737484224e+00 
1.197231834e+00 1.388849178e+00 1.482541018e+00 
1.448096886e+00 1.427448177e+00 1.579932688e+00 
1.510957612e+00 1.806290207e+00 2.000000000e+00 
1.123125433e+00 1.441744103e+00 1.545014724e+00 
1.138696367e+00 1.638313081e+00 1.737484224e+00 
1.319204152e+00 1.458184417e+00 1.612536811e+00 
1.289792388e+00 1.455325232e+00 1.585191418e+00 
1.344290657e+00 1.457469621e+00 1.612536811e+00 
1.113898789e+00 1.396711937e+00 1.512831300e+00 
1.635813149e+00 1.722659042e+00 1.902608330e+00 
1.462802768e+00 1.505360972e+00 1.639461506e+00 
1.226643599e+00 1.457469621e+00 1.589819100e+00 
1.538927336e+00 1.586132952e+00 1.777660917e+00 
1.057093426e+00 1.308077198e+00 1.320361801e+00 
1.255767301e+00 1.428877770e+00 1.579932688e+00 
1.077566609e+00 1.443173695e+00 1.464871687e+00 
1.416089965e+00 1.428877770e+00 1.589819100e+00 
1.250000000e+00 1.365260901e+00 1.482541018e+00 
1.201989619e+00 1.319513939e+00 1.465082036e+00 
1.355536332e+00 1.416011437e+00 1.562263357e+00 
1.177335640e+00 1.304503217e+00 1.464871687e+00 
1.047000865e+00 1.385989993e+00 1.415439630e+00 
1.135813149e+00 1.350964975e+00 1.438157341e+00 
1.295847751e+00 1.352394568e+00 1.491796382e+00 
1.358131488e+00 1.628305933e+00 1.777660917e+00 
1.307670415e+00 1.423874196e+00 1.562473706e+00 
1.149076990e+00 1.641887062e+00 1.754943206e+00 
1.225778547e+00 1.417441029e+00 1.514514093e+00 
1.096597751e+00 1.264474625e+00 1.414808582e+00 
1.500865052e+00 1.442458899e+00 1.603281447e+00 
1.361159170e+00 1.483917084e+00 1.630206142e+00 
1.061995675e+00 1.274481773e+00 1.397349600e+00 
1.105536332e+00 1.426018585e+00 1.512831300e+00 
1.138408304e+00 1.334524660e+00 1.464871687e+00 
1.077566609e+00 1.450321658e+00 1.491796382e+00 
1.556228374e+00 1.690493209e+00 1.875052587e+00 
1.775086505e+00 1.660471766e+00 1.852334876e+00 
1.219290657e+00 1.451751251e+00 1.563104754e+00 
1.038062284e+00 1.224446033e+00 1.317416912e+00 
1.207612457e+00 1.681915654e+00 1.852334876e+00 
1.184833045e+00 1.185132237e+00 1.289861170e+00 
1.241493945e+00 1.566118656e+00 1.737484224e+00 
1.312283737e+00 1.422444603e+00 1.531973075e+00 
1.038062284e+00 1.159399571e+00 1.174379470e+00 
1.236159170e+00 1.388134382e+00 1.505258729e+00 
1.126297578e+00 1.425303788e+00 1.562473706e+00 
1.035467128e+00 1.196568978e+00 1.245687842e+00 
1.337370242e+00 1.411007863e+00 1.514514093e+00 
1.111014706e+00 1.343817012e+00 1.415439630e+00 
1.102941176e+00 1.250893495e+00 1.357593605e+00 
1.434256055e+00 1.450321658e+00 1.602650400e+00 
1.120242215e+00 1.383130808e+00 1.455616323e+00 
1.170415225e+00 1.258041458e+00 1.366848969e+00 
1.175028547e+00 1.456040029e+00 1.580563736e+00 
1.022491349e+00 1.100071480e+00 1.147665124e+00 
1.079584775e+00 1.190850608e+00 1.290492217e+00 
1.167820069e+00 1.215153681e+00 1.312789230e+00 
1.124567474e+00 1.058613295e+00 1.192469499e+00 
1.034602076e+00 1.077912795e+00 1.165124106e+00 
1.000000000e+00 1.015725518e+00 1.000000000e+00 
1.079584775e+00 1.170121515e+00 1.192469499e+00 
1.038062284e+00 1.180128663e+00 1.272402188e+00 
1.031429931e+00 1.189421015e+00 1.222970130e+00 
1.107266436e+00 1.133666905e+00 1.174379470e+00 
1.022491349e+00 1.000000000e+00 1.000000000e+00 
1.197231834e+00 1.218012866e+00 1.340134623e+00 
1.254325260e+00 1.169406719e+00 1.222339083e+00 
1.022491349e+00 1.027877055e+00 1.124947413e+00 
1.000000000e+00 1.036454610e+00 1.098022718e+00 

1.307670415e+00 1.423874196e+00 1.562473706e+00 
1.590830450e+00 1.565403860e+00 1.737484224e+00 
1.383217993e+00 1.627591137e+00 1.777660917e+00 
1.461937716e+00 1.498927806e+00 1.630206142e+00 
1.556228374e+00 1.690493209e+00 1.875052587e+00 
1.640715398e+00 1.806290207e+00 2.000000000e+00 
1.448096886e+00 1.427448177e+00 1.579932688e+00 
1.589388408e+00 1.820586133e+00 2.000000000e+00 
1.732698962e+00 1.546819157e+00 1.700673117e+00 
1.373269896e+00 1.863473910e+00 2.000000000e+00 
1.105536332e+00 1.426018585e+00 1.512831300e+00 
1.305795848e+00 1.716940672e+00 1.902608330e+00 
1.047000865e+00 1.385989993e+00 1.415439630e+00 
1.120242215e+00 1.383130808e+00 1.455616323e+00 
1.249134948e+00 1.493924232e+00 1.612536811e+00 
1.250000000e+00 1.365260901e+00 1.482541018e+00 
1.312283737e+00 1.422444603e+00 1.531973075e+00 
1.055363322e+00 1.356683345e+00 1.415439630e+00 
1.656574394e+00 1.646890636e+00 1.804585612e+00 
1.715397924e+00 1.442458899e+00 1.603281447e+00 
1.200403979e+00 1.661901358e+00 1.852334876e+00 
1.300750000e+00 1.593280915e+00 1.754943206e+00 
1.452710208e+00 1.614724803e+00 1.777660917e+00 
1.236159170e+00 1.388134382e+00 1.505258729e+00 
1.319204152e+00 1.458184417e+00 1.612536811e+00 
1.126297578e+00 1.425303788e+00 1.562473706e+00 
1.135813149e+00 1.350964975e+00 1.438157341e+00 
1.434256055e+00 1.450321658e+00 1.602650400e+00 
1.342560554e+00 1.333095068e+00 1.505258729e+00 
1.201989619e+00 1.319513939e+00 1.465082036e+00 
1.337370242e+00 1.411007863e+00 1.514514093e+00 
1.057093426e+00 1.308077198e+00 1.320361801e+00 
1.472318339e+00 1.510364546e+00 1.687210770e+00 
1.225778547e+00 1.417441029e+00 1.514514093e+00 
1.636678201e+00 1.551822731e+00 1.727597812e+00 
1.358131488e+00 1.628305933e+00 1.777660917e+00 
1.355536332e+00 1.416011437e+00 1.562263357e+00 
1.141580450e+00 1.428877770e+00 1.589819100e+00 
1.529123702e+00 1.694067191e+00 1.902608330e+00 
1.096597751e+00 1.264474625e+00 1.414808582e+00 
1.167820069e+00 1.215153681e+00 1.312789230e+00 
1.533737024e+00 1.578984989e+00 1.777660917e+00 
1.294117647e+00 1.496783417e+00 1.629995793e+00 
1.197231834e+00 1.388849178e+00 1.482541018e+00 
1.489619377e+00 1.447462473e+00 1.630206142e+00 
1.136101211e+00 1.511079342e+00 1.687210770e+00 
1.035467128e+00 1.196568978e+00 1.245687842e+00 
1.077566609e+00 1.450321658e+00 1.491796382e+00 
1.556805363e+00 1.661186562e+00 1.852334876e+00 
1.492214533e+00 1.558970693e+00 1.727387463e+00 
1.077566609e+00 1.443173695e+00 1.464871687e+00 
1.138408304e+00 1.334524660e+00 1.464871687e+00 
1.111014706e+00 1.343817012e+00 1.415439630e+00 
1.462802768e+00 1.505360972e+00 1.639461506e+00 
1.197231834e+00 1.218012866e+00 1.340134623e+00 
1.254325260e+00 1.169406719e+00 1.222339083e+00 
1.289504325e+00 1.611865618e+00 1.754943206e+00 
1.061995675e+00 1.274481773e+00 1.397349600e+00 
1.170415225e+00 1.258041458e+00 1.366848969e+00 
1.177335640e+00 1.304503217e+00 1.464871687e+00 
1.038062284e+00 1.224446033e+00 1.317416912e+00 
1.241493945e+00 1.566118656e+00 1.737484224e+00 
1.102941176e+00 1.250893495e+00 1.357593605e+00 
1.295847751e+00 1.352394568e+00 1.491796382e+00 
1.344290657e+00 1.457469621e+00 1.612536811e+00 
1.079584775e+00 1.190850608e+00 1.290492217e+00 
1.079584775e+00 1.170121515e+00 1.192469499e+00 
1.113898789e+00 1.396711937e+00 1.512831300e+00 
1.038062284e+00 1.159399571e+00 1.174379470e+00 
1.149076990e+00 1.641887062e+00 1.754943206e+00 
1.077566609e+00 1.471050751e+00 1.589819100e+00 
1.022491349e+00 1.027877055e+00 1.124947413e+00 
1.022491349e+00 1.100071480e+00 1.147665124e+00 
1.184833045e+00 1.185132237e+00 1.289861170e+00 
1.038062284e+00 1.180128663e+00 1.272402188e+00 
1.034602076e+00 1.077912795e+00 1.165124106e+00 
1.031429931e+00 1.189421015e+00 1.222970130e+00 
1.022491349e+00 1.000000000e+00 1.000000000e+00 
1.000000000e+00 1.036454610e+00 1.098022718e+00 
1.124567474e+00 1.058613295e+00 1.192469499e+00 
1.107266436e+00 1.133666905e+00 1.174379470e+00 
1.000000000e+00 1.015725518e+00 1.000000000e+00 
