1.453451043e+00 1.501107011e+00 1.728216139e+00 
1.414325843e+00 1.688560886e+00 1.890499195e+00 
1.230337079e+00 1.374169742e+00 1.602791197e+00 
1.682182986e+00 1.473800738e+00 1.742887815e+00 
1.580658106e+00 1.618450185e+00 1.874575058e+00 
1.138443018e+00 1.255350554e+00 1.330828413e+00 
1.138443018e+00 1.278966790e+00 1.462515656e+00 
1.229534510e+00 1.519557196e+00 1.633387010e+00 
1.184791332e+00 1.439114391e+00 1.624798712e+00 
1.184791332e+00 1.415498155e+00 1.493111469e+00 
1.452648475e+00 1.670110701e+00 1.890499195e+00 
1.203852327e+00 1.262730627e+00 1.462515656e+00 
1.228531300e+00 1.389667897e+00 1.587940598e+00 
1.212279294e+00 1.408118081e+00 1.480765790e+00 
1.115971108e+00 1.233948339e+00 1.271962784e+00 
1.648876404e+00 1.655350554e+00 1.890499195e+00 
1.239967897e+00 1.134317343e+00 1.330828413e+00 
1.332463884e+00 1.760885609e+00 1.890499195e+00 
1.248394864e+00 1.303321033e+00 1.480765790e+00 
1.331059390e+00 1.398523985e+00 1.633387010e+00 
1.286316212e+00 1.294464945e+00 1.493111469e+00 
1.121187801e+00 1.143911439e+00 1.178207193e+00 
1.229534510e+00 1.543173432e+00 1.765074253e+00 
1.212279294e+00 1.431734317e+00 1.612453033e+00 
1.167536116e+00 1.327675277e+00 1.472177492e+00 
1.121187801e+00 1.167527675e+00 1.309894435e+00 
1.203651685e+00 1.199261993e+00 1.340490249e+00 
1.000000000e+00 1.048708487e+00 1.131687243e+00 
1.099518459e+00 1.033948339e+00 1.152621220e+00 
1.157303371e+00 1.039114391e+00 1.178207193e+00 
1.000000000e+00 1.025092251e+00 1.000000000e+00 
1.179775281e+00 1.022140221e+00 1.162283056e+00 
1.179775281e+00 1.000000000e+00 1.000000000e+00 
1.099518459e+00 1.001476015e+00 1.000000000e+00 

1.315409310e+00 1.507011070e+00 1.721953838e+00 
1.228531300e+00 1.389667897e+00 1.587940598e+00 
1.230337079e+00 1.374169742e+00 1.602791197e+00 
1.936597111e+00 1.809594096e+00 2.000000000e+00 
1.606540931e+00 1.810332103e+00 2.000000000e+00 
1.967094703e+00 1.752029520e+00 2.000000000e+00 
1.184791332e+00 1.415498155e+00 1.493111469e+00 
1.452648475e+00 1.670110701e+00 1.890499195e+00 
1.184791332e+00 1.439114391e+00 1.624798712e+00 
1.648876404e+00 1.655350554e+00 1.890499195e+00 
1.580658106e+00 1.618450185e+00 1.874575058e+00 
1.229534510e+00 1.519557196e+00 1.633387010e+00 
1.414325843e+00 1.688560886e+00 1.890499195e+00 
1.430176565e+00 1.816974170e+00 2.000000000e+00 
1.229534510e+00 1.543173432e+00 1.765074253e+00 
1.324839486e+00 1.750553506e+00 1.874575058e+00 
1.682182986e+00 1.473800738e+00 1.742887815e+00 
1.374398074e+00 1.741697417e+00 1.890499195e+00 
1.383426966e+00 1.683394834e+00 1.874575058e+00 
1.167536116e+00 1.327675277e+00 1.472177492e+00 
1.212279294e+00 1.408118081e+00 1.480765790e+00 
1.248394864e+00 1.303321033e+00 1.480765790e+00 
1.212279294e+00 1.431734317e+00 1.612453033e+00 
1.203651685e+00 1.199261993e+00 1.340490249e+00 
1.331059390e+00 1.398523985e+00 1.633387010e+00 
1.121187801e+00 1.143911439e+00 1.178207193e+00 
1.138443018e+00 1.255350554e+00 1.330828413e+00 
1.203852327e+00 1.262730627e+00 1.462515656e+00 
1.121187801e+00 1.167527675e+00 1.309894435e+00 
1.286316212e+00 1.294464945e+00 1.493111469e+00 
1.115971108e+00 1.233948339e+00 1.271962784e+00 
1.138443018e+00 1.278966790e+00 1.462515656e+00 
1.239967897e+00 1.134317343e+00 1.330828413e+00 
1.000000000e+00 1.025092251e+00 1.000000000e+00 
1.179775281e+00 1.022140221e+00 1.162283056e+00 
1.099518459e+00 1.033948339e+00 1.152621220e+00 
1.099518459e+00 1.001476015e+00 1.000000000e+00 
1.179775281e+00 1.000000000e+00 1.000000000e+00 
1.000000000e+00 1.048708487e+00 1.131687243e+00 
1.157303371e+00 1.039114391e+00 1.178207193e+00 

1.453451043e+00 1.501107011e+00 1.728216139e+00 
1.480738363e+00 1.625092251e+00 1.874575058e+00 
1.331059390e+00 1.398523985e+00 1.633387010e+00 
1.648876404e+00 1.655350554e+00 1.890499195e+00 
1.229534510e+00 1.519557196e+00 1.633387010e+00 
1.452648475e+00 1.670110701e+00 1.890499195e+00 
1.580658106e+00 1.618450185e+00 1.874575058e+00 
1.531701445e+00 1.473800738e+00 1.742887815e+00 
1.229534510e+00 1.543173432e+00 1.765074253e+00 
1.184791332e+00 1.415498155e+00 1.493111469e+00 
1.184791332e+00 1.439114391e+00 1.624798712e+00 
1.436797753e+00 1.740959410e+00 1.847378780e+00 
1.228531300e+00 1.389667897e+00 1.587940598e+00 
1.212279294e+00 1.408118081e+00 1.480765790e+00 
1.138443018e+00 1.255350554e+00 1.330828413e+00 
1.138443018e+00 1.278966790e+00 1.462515656e+00 
1.248394864e+00 1.303321033e+00 1.480765790e+00 
1.203852327e+00 1.262730627e+00 1.462515656e+00 
1.230337079e+00 1.374169742e+00 1.602791197e+00 
1.286316212e+00 1.294464945e+00 1.493111469e+00 
1.212279294e+00 1.431734317e+00 1.612453033e+00 
1.121187801e+00 1.143911439e+00 1.178207193e+00 
1.115971108e+00 1.233948339e+00 1.271962784e+00 
1.099518459e+00 1.001476015e+00 1.000000000e+00 
1.167536116e+00 1.327675277e+00 1.472177492e+00 
1.000000000e+00 1.025092251e+00 1.000000000e+00 
1.239967897e+00 1.134317343e+00 1.330828413e+00 
1.099518459e+00 1.033948339e+00 1.152621220e+00 
1.121187801e+00 1.167527675e+00 1.309894435e+00 
1.000000000e+00 1.048708487e+00 1.131687243e+00 
1.157303371e+00 1.039114391e+00 1.178207193e+00 
1.179775281e+00 1.000000000e+00 1.000000000e+00 
1.203651685e+00 1.199261993e+00 1.340490249e+00 
1.179775281e+00 1.022140221e+00 1.162283056e+00 

1.531701445e+00 1.473800738e+00 1.742887815e+00 
1.704253612e+00 1.819188192e+00 2.000000000e+00 
2.000000000e+00 1.730627306e+00 2.000000000e+00 
1.803772071e+00 1.745387454e+00 2.000000000e+00 
1.648876404e+00 1.655350554e+00 1.890499195e+00 
1.452648475e+00 1.670110701e+00 1.890499195e+00 
1.580658106e+00 1.618450185e+00 1.874575058e+00 
1.453451043e+00 1.501107011e+00 1.728216139e+00 
1.324839486e+00 1.750553506e+00 1.874575058e+00 
1.184791332e+00 1.415498155e+00 1.493111469e+00 
1.229534510e+00 1.543173432e+00 1.765074253e+00 
1.331059390e+00 1.398523985e+00 1.633387010e+00 
1.248394864e+00 1.303321033e+00 1.480765790e+00 
1.228531300e+00 1.389667897e+00 1.587940598e+00 
1.212279294e+00 1.431734317e+00 1.612453033e+00 
1.184791332e+00 1.439114391e+00 1.624798712e+00 
1.581059390e+00 1.838376384e+00 2.000000000e+00 
1.524077047e+00 1.986715867e+00 2.000000000e+00 
1.229534510e+00 1.519557196e+00 1.633387010e+00 
1.286316212e+00 1.294464945e+00 1.493111469e+00 
1.115971108e+00 1.233948339e+00 1.271962784e+00 
1.138443018e+00 1.278966790e+00 1.462515656e+00 
1.212279294e+00 1.408118081e+00 1.480765790e+00 
1.559390048e+00 1.938007380e+00 2.000000000e+00 
1.357945425e+00 1.711439114e+00 1.874575058e+00 
1.167536116e+00 1.327675277e+00 1.472177492e+00 
1.121187801e+00 1.143911439e+00 1.178207193e+00 
1.230337079e+00 1.374169742e+00 1.602791197e+00 
1.203852327e+00 1.262730627e+00 1.462515656e+00 
1.138443018e+00 1.255350554e+00 1.330828413e+00 
1.121187801e+00 1.167527675e+00 1.309894435e+00 
1.203651685e+00 1.199261993e+00 1.340490249e+00 
1.179775281e+00 1.000000000e+00 1.000000000e+00 
1.000000000e+00 1.048708487e+00 1.131687243e+00 
1.239967897e+00 1.134317343e+00 1.330828413e+00 
1.099518459e+00 1.033948339e+00 1.152621220e+00 
1.000000000e+00 1.025092251e+00 1.000000000e+00 
1.099518459e+00 1.001476015e+00 1.000000000e+00 
1.179775281e+00 1.022140221e+00 1.162283056e+00 
1.157303371e+00 1.039114391e+00 1.178207193e+00 

1.184791332e+00 1.415498155e+00 1.493111469e+00 
1.452648475e+00 1.670110701e+00 1.890499195e+00 
1.480738363e+00 1.625092251e+00 1.874575058e+00 
1.229534510e+00 1.543173432e+00 1.765074253e+00 
1.192215088e+00 1.454612546e+00 1.597602433e+00 
1.228531300e+00 1.389667897e+00 1.587940598e+00 
1.648876404e+00 1.655350554e+00 1.890499195e+00 
1.414325843e+00 1.688560886e+00 1.890499195e+00 
1.331059390e+00 1.398523985e+00 1.633387010e+00 
1.531701445e+00 1.473800738e+00 1.742887815e+00 
1.398073836e+00 1.529889299e+00 1.721953838e+00 
1.230337079e+00 1.374169742e+00 1.602791197e+00 
1.194020867e+00 1.439114391e+00 1.612453033e+00 
1.263041734e+00 1.529889299e+00 1.624798712e+00 
1.286316212e+00 1.294464945e+00 1.493111469e+00 
1.469301766e+00 1.542435424e+00 1.728216139e+00 
1.248394864e+00 1.303321033e+00 1.480765790e+00 
1.212279294e+00 1.431734317e+00 1.612453033e+00 
1.167536116e+00 1.327675277e+00 1.472177492e+00 
1.363563403e+00 1.788929889e+00 1.890499195e+00 
1.203651685e+00 1.199261993e+00 1.340490249e+00 
1.138443018e+00 1.255350554e+00 1.330828413e+00 
1.115971108e+00 1.233948339e+00 1.271962784e+00 
1.203852327e+00 1.262730627e+00 1.462515656e+00 
1.212279294e+00 1.408118081e+00 1.480765790e+00 
1.138443018e+00 1.278966790e+00 1.462515656e+00 
1.239967897e+00 1.134317343e+00 1.330828413e+00 
1.121187801e+00 1.167527675e+00 1.309894435e+00 
1.000000000e+00 1.025092251e+00 1.000000000e+00 
1.121187801e+00 1.143911439e+00 1.178207193e+00 
1.000000000e+00 1.048708487e+00 1.131687243e+00 
1.179775281e+00 1.000000000e+00 1.000000000e+00 
1.157303371e+00 1.039114391e+00 1.178207193e+00 
1.099518459e+00 1.033948339e+00 1.152621220e+00 
1.099518459e+00 1.001476015e+00 1.000000000e+00 
1.179775281e+00 1.022140221e+00 1.162283056e+00 

1.374598716e+00 1.507749077e+00 1.728216139e+00 
1.357945425e+00 1.711439114e+00 1.874575058e+00 
1.682182986e+00 1.473800738e+00 1.742887815e+00 
1.563402889e+00 1.507011070e+00 1.721953838e+00 
1.704253612e+00 1.819188192e+00 2.000000000e+00 
1.803772071e+00 1.745387454e+00 2.000000000e+00 
2.000000000e+00 1.730627306e+00 2.000000000e+00 
1.648876404e+00 1.655350554e+00 1.890499195e+00 
1.580658106e+00 1.618450185e+00 1.874575058e+00 
1.327849117e+00 1.374169742e+00 1.602791197e+00 
1.229534510e+00 1.519557196e+00 1.633387010e+00 
1.229534510e+00 1.543173432e+00 1.765074253e+00 
1.429173355e+00 1.751291513e+00 1.890499195e+00 
1.212279294e+00 1.408118081e+00 1.480765790e+00 
1.452648475e+00 1.670110701e+00 1.890499195e+00 
1.138443018e+00 1.255350554e+00 1.330828413e+00 
1.581059390e+00 1.838376384e+00 2.000000000e+00 
1.557584270e+00 1.919557196e+00 2.000000000e+00 
1.248394864e+00 1.303321033e+00 1.480765790e+00 
1.212279294e+00 1.431734317e+00 1.612453033e+00 
1.184791332e+00 1.415498155e+00 1.493111469e+00 
1.138443018e+00 1.278966790e+00 1.462515656e+00 
1.331059390e+00 1.398523985e+00 1.633387010e+00 
1.203852327e+00 1.262730627e+00 1.462515656e+00 
1.228531300e+00 1.389667897e+00 1.587940598e+00 
1.184791332e+00 1.439114391e+00 1.624798712e+00 
1.167536116e+00 1.327675277e+00 1.472177492e+00 
1.286316212e+00 1.294464945e+00 1.493111469e+00 
1.239967897e+00 1.134317343e+00 1.330828413e+00 
1.115971108e+00 1.233948339e+00 1.271962784e+00 
1.121187801e+00 1.167527675e+00 1.309894435e+00 
1.099518459e+00 1.033948339e+00 1.152621220e+00 
1.179775281e+00 1.022140221e+00 1.162283056e+00 
1.000000000e+00 1.025092251e+00 1.000000000e+00 
1.203651685e+00 1.199261993e+00 1.340490249e+00 
1.000000000e+00 1.048708487e+00 1.131687243e+00 
1.099518459e+00 1.001476015e+00 1.000000000e+00 
1.157303371e+00 1.039114391e+00 1.178207193e+00 
1.179775281e+00 1.000000000e+00 1.000000000e+00 
1.121187801e+00 1.143911439e+00 1.178207193e+00 

1.452648475e+00 1.670110701e+00 1.890499195e+00 
1.704253612e+00 1.819188192e+00 2.000000000e+00 
2.000000000e+00 1.730627306e+00 2.000000000e+00 
1.229534510e+00 1.519557196e+00 1.633387010e+00 
1.803772071e+00 1.745387454e+00 2.000000000e+00 
1.765449438e+00 1.763837638e+00 2.000000000e+00 
1.580658106e+00 1.618450185e+00 1.874575058e+00 
1.383426966e+00 1.683394834e+00 1.874575058e+00 
1.563402889e+00 1.507011070e+00 1.721953838e+00 
1.230337079e+00 1.374169742e+00 1.602791197e+00 
1.603531300e+00 1.881918819e+00 2.000000000e+00 
1.643659711e+00 1.867896679e+00 2.000000000e+00 
1.374598716e+00 1.507749077e+00 1.728216139e+00 
1.184791332e+00 1.439114391e+00 1.624798712e+00 
1.228531300e+00 1.389667897e+00 1.587940598e+00 
1.184791332e+00 1.415498155e+00 1.493111469e+00 
1.682182986e+00 1.473800738e+00 1.742887815e+00 
1.229534510e+00 1.543173432e+00 1.765074253e+00 
1.212279294e+00 1.408118081e+00 1.480765790e+00 
1.286316212e+00 1.294464945e+00 1.493111469e+00 
1.167536116e+00 1.327675277e+00 1.472177492e+00 
1.212279294e+00 1.431734317e+00 1.612453033e+00 
1.248394864e+00 1.303321033e+00 1.480765790e+00 
1.203651685e+00 1.199261993e+00 1.340490249e+00 
1.331059390e+00 1.398523985e+00 1.633387010e+00 
1.115971108e+00 1.233948339e+00 1.271962784e+00 
1.138443018e+00 1.278966790e+00 1.462515656e+00 
1.121187801e+00 1.143911439e+00 1.178207193e+00 
1.138443018e+00 1.255350554e+00 1.330828413e+00 
1.121187801e+00 1.167527675e+00 1.309894435e+00 
1.203852327e+00 1.262730627e+00 1.462515656e+00 
1.157303371e+00 1.039114391e+00 1.178207193e+00 
1.099518459e+00 1.033948339e+00 1.152621220e+00 
1.000000000e+00 1.025092251e+00 1.000000000e+00 
1.239967897e+00 1.134317343e+00 1.330828413e+00 
1.000000000e+00 1.048708487e+00 1.131687243e+00 
1.179775281e+00 1.022140221e+00 1.162283056e+00 
1.099518459e+00 1.001476015e+00 1.000000000e+00 
1.179775281e+00 1.000000000e+00 1.000000000e+00 

1.230337079e+00 1.374169742e+00 1.602791197e+00 
1.228531300e+00 1.389667897e+00 1.587940598e+00 
1.469301766e+00 1.542435424e+00 1.728216139e+00 
1.682182986e+00 1.473800738e+00 1.742887815e+00 
1.648876404e+00 1.655350554e+00 1.890499195e+00 
1.580658106e+00 1.618450185e+00 1.874575058e+00 
1.331059390e+00 1.398523985e+00 1.633387010e+00 
1.212279294e+00 1.431734317e+00 1.612453033e+00 
1.563402889e+00 1.507011070e+00 1.721953838e+00 
1.138443018e+00 1.278966790e+00 1.462515656e+00 
1.229534510e+00 1.543173432e+00 1.765074253e+00 
1.203852327e+00 1.262730627e+00 1.462515656e+00 
1.229534510e+00 1.519557196e+00 1.633387010e+00 
1.115971108e+00 1.233948339e+00 1.271962784e+00 
1.138443018e+00 1.255350554e+00 1.330828413e+00 
1.184791332e+00 1.415498155e+00 1.493111469e+00 
1.212279294e+00 1.408118081e+00 1.480765790e+00 
1.239967897e+00 1.134317343e+00 1.330828413e+00 
1.248394864e+00 1.303321033e+00 1.480765790e+00 
1.184791332e+00 1.439114391e+00 1.624798712e+00 
1.452648475e+00 1.670110701e+00 1.890499195e+00 
1.121187801e+00 1.167527675e+00 1.309894435e+00 
1.286316212e+00 1.294464945e+00 1.493111469e+00 
1.121187801e+00 1.143911439e+00 1.178207193e+00 
1.203651685e+00 1.199261993e+00 1.340490249e+00 
1.167536116e+00 1.327675277e+00 1.472177492e+00 
1.000000000e+00 1.025092251e+00 1.000000000e+00 
1.099518459e+00 1.001476015e+00 1.000000000e+00 
1.000000000e+00 1.048708487e+00 1.131687243e+00 
1.179775281e+00 1.022140221e+00 1.162283056e+00 
1.099518459e+00 1.033948339e+00 1.152621220e+00 
1.157303371e+00 1.039114391e+00 1.178207193e+00 
1.179775281e+00 1.000000000e+00 1.000000000e+00 

1.228531300e+00 1.389667897e+00 1.587940598e+00 
1.230337079e+00 1.374169742e+00 1.602791197e+00 
1.374598716e+00 1.507749077e+00 1.728216139e+00 
1.563402889e+00 1.507011070e+00 1.721953838e+00 
1.648876404e+00 1.655350554e+00 1.890499195e+00 
1.452648475e+00 1.670110701e+00 1.890499195e+00 
1.229534510e+00 1.519557196e+00 1.633387010e+00 
1.580658106e+00 1.618450185e+00 1.874575058e+00 
1.212279294e+00 1.408118081e+00 1.480765790e+00 
1.682182986e+00 1.473800738e+00 1.742887815e+00 
1.248394864e+00 1.303321033e+00 1.480765790e+00 
1.229534510e+00 1.543173432e+00 1.765074253e+00 
1.331059390e+00 1.398523985e+00 1.633387010e+00 
1.357945425e+00 1.711439114e+00 1.874575058e+00 
1.138443018e+00 1.278966790e+00 1.462515656e+00 
1.121187801e+00 1.167527675e+00 1.309894435e+00 
1.184791332e+00 1.415498155e+00 1.493111469e+00 
1.115971108e+00 1.233948339e+00 1.271962784e+00 
1.121187801e+00 1.143911439e+00 1.178207193e+00 
1.203852327e+00 1.262730627e+00 1.462515656e+00 
1.212279294e+00 1.431734317e+00 1.612453033e+00 
1.167536116e+00 1.327675277e+00 1.472177492e+00 
1.184791332e+00 1.439114391e+00 1.624798712e+00 
1.239967897e+00 1.134317343e+00 1.330828413e+00 
1.286316212e+00 1.294464945e+00 1.493111469e+00 
1.138443018e+00 1.255350554e+00 1.330828413e+00 
1.203651685e+00 1.199261993e+00 1.340490249e+00 
1.099518459e+00 1.001476015e+00 1.000000000e+00 
1.000000000e+00 1.048708487e+00 1.131687243e+00 
1.179775281e+00 1.022140221e+00 1.162283056e+00 
1.157303371e+00 1.039114391e+00 1.178207193e+00 
1.099518459e+00 1.033948339e+00 1.152621220e+00 
1.179775281e+00 1.000000000e+00 1.000000000e+00 
1.000000000e+00 1.025092251e+00 1.000000000e+00 

1.414325843e+00 1.688560886e+00 1.890499195e+00 
1.331059390e+00 1.398523985e+00 1.633387010e+00 
1.406099518e+00 1.564575646e+00 1.765074253e+00 
1.236958266e+00 1.558671587e+00 1.737877975e+00 
1.332263242e+00 1.766051661e+00 1.847378780e+00 
1.332463884e+00 1.760885609e+00 1.890499195e+00 
1.184791332e+00 1.439114391e+00 1.624798712e+00 
1.371388443e+00 1.569003690e+00 1.765074253e+00 
1.399478331e+00 1.747601476e+00 1.874575058e+00 
1.212279294e+00 1.408118081e+00 1.480765790e+00 
1.369582665e+00 1.584501845e+00 1.750223654e+00 
1.390048154e+00 1.887084871e+00 2.000000000e+00 
1.286918138e+00 1.786715867e+00 1.750223654e+00 
1.505417335e+00 1.752029520e+00 2.000000000e+00 
1.307784912e+00 1.633948339e+00 1.765074253e+00 
1.449638844e+00 1.676752768e+00 1.890499195e+00 
1.248394864e+00 1.303321033e+00 1.480765790e+00 
1.289526485e+00 1.641328413e+00 1.765074253e+00 
1.424959872e+00 1.549815498e+00 1.765074253e+00 
1.480738363e+00 1.625092251e+00 1.874575058e+00 
1.453451043e+00 1.501107011e+00 1.728216139e+00 
1.138443018e+00 1.255350554e+00 1.330828413e+00 
1.531701445e+00 1.473800738e+00 1.742887815e+00 
1.228531300e+00 1.389667897e+00 1.587940598e+00 
1.423354735e+00 1.543173432e+00 1.712292002e+00 
1.212279294e+00 1.431734317e+00 1.612453033e+00 
1.287720706e+00 1.656826568e+00 1.750223654e+00 
1.138443018e+00 1.278966790e+00 1.462515656e+00 
1.184791332e+00 1.415498155e+00 1.493111469e+00 
1.167536116e+00 1.327675277e+00 1.472177492e+00 
1.203852327e+00 1.262730627e+00 1.462515656e+00 
1.121187801e+00 1.167527675e+00 1.309894435e+00 
1.203651685e+00 1.199261993e+00 1.340490249e+00 
1.121187801e+00 1.143911439e+00 1.178207193e+00 
1.230337079e+00 1.374169742e+00 1.602791197e+00 
1.286316212e+00 1.294464945e+00 1.493111469e+00 
1.115971108e+00 1.233948339e+00 1.271962784e+00 
1.239967897e+00 1.134317343e+00 1.330828413e+00 
1.099518459e+00 1.001476015e+00 1.000000000e+00 
1.157303371e+00 1.039114391e+00 1.178207193e+00 
1.000000000e+00 1.025092251e+00 1.000000000e+00 
1.179775281e+00 1.022140221e+00 1.162283056e+00 
1.099518459e+00 1.033948339e+00 1.152621220e+00 
1.000000000e+00 1.048708487e+00 1.131687243e+00 
1.179775281e+00 1.000000000e+00 1.000000000e+00 

1.230337079e+00 1.374169742e+00 1.602791197e+00 
1.563402889e+00 1.507011070e+00 1.721953838e+00 
1.228531300e+00 1.389667897e+00 1.587940598e+00 
1.765449438e+00 1.763837638e+00 2.000000000e+00 
1.704253612e+00 1.819188192e+00 2.000000000e+00 
1.524077047e+00 1.986715867e+00 2.000000000e+00 
2.000000000e+00 1.730627306e+00 2.000000000e+00 
1.803772071e+00 1.745387454e+00 2.000000000e+00 
1.581059390e+00 1.838376384e+00 2.000000000e+00 
1.452648475e+00 1.670110701e+00 1.890499195e+00 
1.229534510e+00 1.519557196e+00 1.633387010e+00 
1.580658106e+00 1.618450185e+00 1.874575058e+00 
1.184791332e+00 1.415498155e+00 1.493111469e+00 
1.648876404e+00 1.655350554e+00 1.890499195e+00 
1.212279294e+00 1.408118081e+00 1.480765790e+00 
1.357945425e+00 1.711439114e+00 1.874575058e+00 
1.203852327e+00 1.262730627e+00 1.462515656e+00 
1.248394864e+00 1.303321033e+00 1.480765790e+00 
1.229534510e+00 1.543173432e+00 1.765074253e+00 
1.212279294e+00 1.431734317e+00 1.612453033e+00 
1.542736758e+00 1.856826568e+00 2.000000000e+00 
1.184791332e+00 1.439114391e+00 1.624798712e+00 
1.682182986e+00 1.473800738e+00 1.742887815e+00 
1.138443018e+00 1.255350554e+00 1.330828413e+00 
1.115971108e+00 1.233948339e+00 1.271962784e+00 
1.331059390e+00 1.398523985e+00 1.633387010e+00 
1.286316212e+00 1.294464945e+00 1.493111469e+00 
1.121187801e+00 1.167527675e+00 1.309894435e+00 
1.138443018e+00 1.278966790e+00 1.462515656e+00 
1.167536116e+00 1.327675277e+00 1.472177492e+00 
1.121187801e+00 1.143911439e+00 1.178207193e+00 
1.203651685e+00 1.199261993e+00 1.340490249e+00 
1.157303371e+00 1.039114391e+00 1.178207193e+00 
1.179775281e+00 1.022140221e+00 1.162283056e+00 
1.099518459e+00 1.001476015e+00 1.000000000e+00 
1.000000000e+00 1.025092251e+00 1.000000000e+00 
1.000000000e+00 1.048708487e+00 1.131687243e+00 
1.239967897e+00 1.134317343e+00 1.330828413e+00 
1.099518459e+00 1.033948339e+00 1.152621220e+00 
1.179775281e+00 1.000000000e+00 1.000000000e+00 

1.607945425e+00 1.922509225e+00 2.000000000e+00 
1.648876404e+00 1.655350554e+00 1.890499195e+00 
1.453451043e+00 1.501107011e+00 1.728216139e+00 
1.704253612e+00 1.819188192e+00 2.000000000e+00 
2.000000000e+00 1.730627306e+00 2.000000000e+00 
1.803772071e+00 1.745387454e+00 2.000000000e+00 
1.557985554e+00 2.000000000e+00 2.000000000e+00 
1.452648475e+00 1.670110701e+00 1.890499195e+00 
1.229534510e+00 1.519557196e+00 1.633387010e+00 
1.580658106e+00 1.618450185e+00 1.874575058e+00 
1.414325843e+00 1.688560886e+00 1.890499195e+00 
1.228531300e+00 1.389667897e+00 1.587940598e+00 
1.229534510e+00 1.543173432e+00 1.765074253e+00 
1.138443018e+00 1.255350554e+00 1.330828413e+00 
1.212279294e+00 1.431734317e+00 1.612453033e+00 
1.184791332e+00 1.439114391e+00 1.624798712e+00 
1.682182986e+00 1.473800738e+00 1.742887815e+00 
1.167536116e+00 1.327675277e+00 1.472177492e+00 
1.331059390e+00 1.398523985e+00 1.633387010e+00 
1.230337079e+00 1.374169742e+00 1.602791197e+00 
1.630216693e+00 1.871586716e+00 2.000000000e+00 
1.203852327e+00 1.262730627e+00 1.462515656e+00 
1.286316212e+00 1.294464945e+00 1.493111469e+00 
1.121187801e+00 1.143911439e+00 1.178207193e+00 
1.248394864e+00 1.303321033e+00 1.480765790e+00 
1.138443018e+00 1.278966790e+00 1.462515656e+00 
1.184791332e+00 1.415498155e+00 1.493111469e+00 
1.212279294e+00 1.408118081e+00 1.480765790e+00 
1.203651685e+00 1.199261993e+00 1.340490249e+00 
1.115971108e+00 1.233948339e+00 1.271962784e+00 
1.000000000e+00 1.048708487e+00 1.131687243e+00 
1.239967897e+00 1.134317343e+00 1.330828413e+00 
1.099518459e+00 1.001476015e+00 1.000000000e+00 
1.179775281e+00 1.000000000e+00 1.000000000e+00 
1.157303371e+00 1.039114391e+00 1.178207193e+00 
1.179775281e+00 1.022140221e+00 1.162283056e+00 
1.000000000e+00 1.025092251e+00 1.000000000e+00 
1.121187801e+00 1.167527675e+00 1.309894435e+00 
1.099518459e+00 1.033948339e+00 1.152621220e+00 

1.581059390e+00 1.838376384e+00 2.000000000e+00 
1.704253612e+00 1.819188192e+00 2.000000000e+00 
2.000000000e+00 1.730627306e+00 2.000000000e+00 
1.357945425e+00 1.711439114e+00 1.874575058e+00 
1.803772071e+00 1.745387454e+00 2.000000000e+00 
1.452648475e+00 1.670110701e+00 1.890499195e+00 
1.229534510e+00 1.519557196e+00 1.633387010e+00 
1.184791332e+00 1.415498155e+00 1.493111469e+00 
1.580658106e+00 1.618450185e+00 1.874575058e+00 
1.414325843e+00 1.688560886e+00 1.890499195e+00 
1.390048154e+00 1.887084871e+00 2.000000000e+00 
1.442415730e+00 1.867158672e+00 2.000000000e+00 
1.229534510e+00 1.543173432e+00 1.765074253e+00 
1.374598716e+00 1.507749077e+00 1.728216139e+00 
1.334269663e+00 1.811808118e+00 1.890499195e+00 
1.648876404e+00 1.655350554e+00 1.890499195e+00 
1.682182986e+00 1.473800738e+00 1.742887815e+00 
1.184791332e+00 1.439114391e+00 1.624798712e+00 
1.325040128e+00 1.408856089e+00 1.602791197e+00 
1.550963082e+00 1.501107011e+00 1.728216139e+00 
1.212279294e+00 1.408118081e+00 1.480765790e+00 
1.228531300e+00 1.389667897e+00 1.587940598e+00 
1.203852327e+00 1.262730627e+00 1.462515656e+00 
1.331059390e+00 1.398523985e+00 1.633387010e+00 
1.167536116e+00 1.327675277e+00 1.472177492e+00 
1.138443018e+00 1.278966790e+00 1.462515656e+00 
1.286316212e+00 1.294464945e+00 1.493111469e+00 
1.327849117e+00 1.374169742e+00 1.602791197e+00 
1.138443018e+00 1.255350554e+00 1.330828413e+00 
1.115971108e+00 1.233948339e+00 1.271962784e+00 
1.212279294e+00 1.431734317e+00 1.612453033e+00 
1.121187801e+00 1.143911439e+00 1.178207193e+00 
1.248394864e+00 1.303321033e+00 1.480765790e+00 
1.203651685e+00 1.199261993e+00 1.340490249e+00 
1.121187801e+00 1.167527675e+00 1.309894435e+00 
1.000000000e+00 1.025092251e+00 1.000000000e+00 
1.179775281e+00 1.022140221e+00 1.162283056e+00 
1.239967897e+00 1.134317343e+00 1.330828413e+00 
1.000000000e+00 1.048708487e+00 1.131687243e+00 
1.157303371e+00 1.039114391e+00 1.178207193e+00 
1.099518459e+00 1.033948339e+00 1.152621220e+00 
1.179775281e+00 1.000000000e+00 1.000000000e+00 
1.099518459e+00 1.001476015e+00 1.000000000e+00 

1.347512039e+00 1.721771218e+00 1.847378780e+00 
1.531701445e+00 1.473800738e+00 1.742887815e+00 
1.300762440e+00 1.588191882e+00 1.721953838e+00 
1.300762440e+00 1.624354244e+00 1.765074253e+00 
1.389646870e+00 1.561623616e+00 1.765074253e+00 
1.424959872e+00 1.549815498e+00 1.765074253e+00 
1.184791332e+00 1.415498155e+00 1.493111469e+00 
1.228531300e+00 1.389667897e+00 1.587940598e+00 
1.430176565e+00 1.816974170e+00 2.000000000e+00 
1.315409310e+00 1.507011070e+00 1.721953838e+00 
1.259630819e+00 1.431734317e+00 1.612453033e+00 
1.669341894e+00 1.677490775e+00 1.890499195e+00 
1.383426966e+00 1.683394834e+00 1.874575058e+00 
1.212279294e+00 1.408118081e+00 1.480765790e+00 
1.269060995e+00 1.651660517e+00 1.633387010e+00 
1.941412520e+00 1.803690037e+00 2.000000000e+00 
1.184791332e+00 1.439114391e+00 1.624798712e+00 
1.550361156e+00 1.698154982e+00 1.890499195e+00 
1.289526485e+00 1.641328413e+00 1.765074253e+00 
1.331059390e+00 1.398523985e+00 1.633387010e+00 
1.248394864e+00 1.303321033e+00 1.480765790e+00 
1.308386838e+00 1.572693727e+00 1.737877975e+00 
1.374398074e+00 1.741697417e+00 1.890499195e+00 
1.453451043e+00 1.501107011e+00 1.728216139e+00 
1.480738363e+00 1.625092251e+00 1.874575058e+00 
1.271067416e+00 1.749815498e+00 1.728216139e+00 
1.374598716e+00 1.507749077e+00 1.728216139e+00 
1.230337079e+00 1.374169742e+00 1.602791197e+00 
1.167536116e+00 1.327675277e+00 1.472177492e+00 
1.138443018e+00 1.255350554e+00 1.330828413e+00 
1.327648475e+00 1.608118081e+00 1.765074253e+00 
1.286316212e+00 1.294464945e+00 1.493111469e+00 
1.203852327e+00 1.262730627e+00 1.462515656e+00 
1.115971108e+00 1.233948339e+00 1.271962784e+00 
1.121187801e+00 1.167527675e+00 1.309894435e+00 
1.121187801e+00 1.143911439e+00 1.178207193e+00 
1.203651685e+00 1.199261993e+00 1.340490249e+00 
1.138443018e+00 1.278966790e+00 1.462515656e+00 
1.239967897e+00 1.134317343e+00 1.330828413e+00 
1.179775281e+00 1.000000000e+00 1.000000000e+00 
1.099518459e+00 1.033948339e+00 1.152621220e+00 
1.099518459e+00 1.001476015e+00 1.000000000e+00 
1.179775281e+00 1.022140221e+00 1.162283056e+00 
1.157303371e+00 1.039114391e+00 1.178207193e+00 
1.000000000e+00 1.048708487e+00 1.131687243e+00 
1.000000000e+00 1.025092251e+00 1.000000000e+00 

1.452648475e+00 1.670110701e+00 1.890499195e+00 
1.648876404e+00 1.655350554e+00 1.890499195e+00 
1.580658106e+00 1.618450185e+00 1.874575058e+00 
1.682182986e+00 1.473800738e+00 1.742887815e+00 
1.229534510e+00 1.519557196e+00 1.633387010e+00 
1.184791332e+00 1.415498155e+00 1.493111469e+00 
1.347512039e+00 1.721771218e+00 1.847378780e+00 
1.229534510e+00 1.543173432e+00 1.765074253e+00 
1.374398074e+00 1.741697417e+00 1.890499195e+00 
1.184791332e+00 1.439114391e+00 1.624798712e+00 
1.331059390e+00 1.398523985e+00 1.633387010e+00 
1.374598716e+00 1.507749077e+00 1.728216139e+00 
1.212279294e+00 1.431734317e+00 1.612453033e+00 
1.248394864e+00 1.303321033e+00 1.480765790e+00 
1.228531300e+00 1.389667897e+00 1.587940598e+00 
1.383426966e+00 1.683394834e+00 1.874575058e+00 
1.138443018e+00 1.255350554e+00 1.330828413e+00 
1.212279294e+00 1.408118081e+00 1.480765790e+00 
1.115971108e+00 1.233948339e+00 1.271962784e+00 
1.230337079e+00 1.374169742e+00 1.602791197e+00 
1.286316212e+00 1.294464945e+00 1.493111469e+00 
1.167536116e+00 1.327675277e+00 1.472177492e+00 
1.203651685e+00 1.199261993e+00 1.340490249e+00 
1.138443018e+00 1.278966790e+00 1.462515656e+00 
1.203852327e+00 1.262730627e+00 1.462515656e+00 
1.121187801e+00 1.167527675e+00 1.309894435e+00 
1.121187801e+00 1.143911439e+00 1.178207193e+00 
1.000000000e+00 1.048708487e+00 1.131687243e+00 
1.239967897e+00 1.134317343e+00 1.330828413e+00 
1.000000000e+00 1.025092251e+00 1.000000000e+00 
1.157303371e+00 1.039114391e+00 1.178207193e+00 
1.099518459e+00 1.033948339e+00 1.152621220e+00 
1.179775281e+00 1.022140221e+00 1.162283056e+00 
1.179775281e+00 1.000000000e+00 1.000000000e+00 
1.099518459e+00 1.001476015e+00 1.000000000e+00 

1.704253612e+00 1.819188192e+00 2.000000000e+00 
1.803772071e+00 1.745387454e+00 2.000000000e+00 
2.000000000e+00 1.730627306e+00 2.000000000e+00 
1.580658106e+00 1.618450185e+00 1.874575058e+00 
1.324839486e+00 1.750553506e+00 1.874575058e+00 
1.229534510e+00 1.519557196e+00 1.633387010e+00 
1.452648475e+00 1.670110701e+00 1.890499195e+00 
1.765449438e+00 1.763837638e+00 2.000000000e+00 
1.518258427e+00 1.859040590e+00 2.000000000e+00 
1.682182986e+00 1.473800738e+00 1.742887815e+00 
1.203852327e+00 1.262730627e+00 1.462515656e+00 
1.414325843e+00 1.688560886e+00 1.890499195e+00 
1.229534510e+00 1.543173432e+00 1.765074253e+00 
1.138443018e+00 1.255350554e+00 1.330828413e+00 
1.212279294e+00 1.408118081e+00 1.480765790e+00 
1.230337079e+00 1.374169742e+00 1.602791197e+00 
1.648876404e+00 1.655350554e+00 1.890499195e+00 
1.212279294e+00 1.431734317e+00 1.612453033e+00 
1.331059390e+00 1.398523985e+00 1.633387010e+00 
1.248394864e+00 1.303321033e+00 1.480765790e+00 
1.184791332e+00 1.415498155e+00 1.493111469e+00 
1.550963082e+00 1.501107011e+00 1.728216139e+00 
1.228531300e+00 1.389667897e+00 1.587940598e+00 
1.115971108e+00 1.233948339e+00 1.271962784e+00 
1.138443018e+00 1.278966790e+00 1.462515656e+00 
1.184791332e+00 1.439114391e+00 1.624798712e+00 
1.167536116e+00 1.327675277e+00 1.472177492e+00 
1.239967897e+00 1.134317343e+00 1.330828413e+00 
1.121187801e+00 1.143911439e+00 1.178207193e+00 
1.203651685e+00 1.199261993e+00 1.340490249e+00 
1.286316212e+00 1.294464945e+00 1.493111469e+00 
1.121187801e+00 1.167527675e+00 1.309894435e+00 
1.099518459e+00 1.033948339e+00 1.152621220e+00 
1.157303371e+00 1.039114391e+00 1.178207193e+00 
1.099518459e+00 1.001476015e+00 1.000000000e+00 
1.179775281e+00 1.022140221e+00 1.162283056e+00 
1.179775281e+00 1.000000000e+00 1.000000000e+00 
1.000000000e+00 1.048708487e+00 1.131687243e+00 
1.000000000e+00 1.025092251e+00 1.000000000e+00 

1.657102729e+00 1.810332103e+00 2.000000000e+00 
1.765449438e+00 1.763837638e+00 2.000000000e+00 
1.613162119e+00 1.867896679e+00 2.000000000e+00 
1.414325843e+00 1.688560886e+00 1.890499195e+00 
2.000000000e+00 1.730627306e+00 2.000000000e+00 
1.453451043e+00 1.501107011e+00 1.728216139e+00 
1.682182986e+00 1.473800738e+00 1.742887815e+00 
1.611556982e+00 1.909225092e+00 2.000000000e+00 
1.803772071e+00 1.745387454e+00 2.000000000e+00 
1.648876404e+00 1.655350554e+00 1.890499195e+00 
1.580658106e+00 1.618450185e+00 1.874575058e+00 
1.229534510e+00 1.519557196e+00 1.633387010e+00 
1.452648475e+00 1.670110701e+00 1.890499195e+00 
1.138443018e+00 1.278966790e+00 1.462515656e+00 
1.212279294e+00 1.408118081e+00 1.480765790e+00 
1.230337079e+00 1.374169742e+00 1.602791197e+00 
1.331059390e+00 1.398523985e+00 1.633387010e+00 
1.248394864e+00 1.303321033e+00 1.480765790e+00 
1.212279294e+00 1.431734317e+00 1.612453033e+00 
1.229534510e+00 1.543173432e+00 1.765074253e+00 
1.121187801e+00 1.167527675e+00 1.309894435e+00 
1.138443018e+00 1.255350554e+00 1.330828413e+00 
1.228531300e+00 1.389667897e+00 1.587940598e+00 
1.184791332e+00 1.415498155e+00 1.493111469e+00 
1.184791332e+00 1.439114391e+00 1.624798712e+00 
1.203852327e+00 1.262730627e+00 1.462515656e+00 
1.115971108e+00 1.233948339e+00 1.271962784e+00 
1.167536116e+00 1.327675277e+00 1.472177492e+00 
1.099518459e+00 1.033948339e+00 1.152621220e+00 
1.000000000e+00 1.048708487e+00 1.131687243e+00 
1.286316212e+00 1.294464945e+00 1.493111469e+00 
1.099518459e+00 1.001476015e+00 1.000000000e+00 
1.121187801e+00 1.143911439e+00 1.178207193e+00 
1.239967897e+00 1.134317343e+00 1.330828413e+00 
1.203651685e+00 1.199261993e+00 1.340490249e+00 
1.179775281e+00 1.000000000e+00 1.000000000e+00 
1.179775281e+00 1.022140221e+00 1.162283056e+00 
1.000000000e+00 1.025092251e+00 1.000000000e+00 
1.157303371e+00 1.039114391e+00 1.178207193e+00 

1.580658106e+00 1.618450185e+00 1.874575058e+00 
1.648876404e+00 1.655350554e+00 1.890499195e+00 
1.452648475e+00 1.670110701e+00 1.890499195e+00 
1.229534510e+00 1.519557196e+00 1.633387010e+00 
1.442415730e+00 1.867158672e+00 2.000000000e+00 
1.429173355e+00 1.751291513e+00 1.890499195e+00 
1.229534510e+00 1.543173432e+00 1.765074253e+00 
1.331059390e+00 1.398523985e+00 1.633387010e+00 
1.184791332e+00 1.415498155e+00 1.493111469e+00 
1.417736758e+00 1.740221402e+00 1.874575058e+00 
1.248394864e+00 1.303321033e+00 1.480765790e+00 
1.212279294e+00 1.408118081e+00 1.480765790e+00 
1.184791332e+00 1.439114391e+00 1.624798712e+00 
1.449638844e+00 1.676752768e+00 1.890499195e+00 
1.228531300e+00 1.389667897e+00 1.587940598e+00 
1.505417335e+00 1.752029520e+00 2.000000000e+00 
1.212279294e+00 1.431734317e+00 1.612453033e+00 
1.453451043e+00 1.501107011e+00 1.728216139e+00 
1.480738363e+00 1.625092251e+00 1.874575058e+00 
1.286316212e+00 1.294464945e+00 1.493111469e+00 
1.115971108e+00 1.233948339e+00 1.271962784e+00 
1.230337079e+00 1.374169742e+00 1.602791197e+00 
1.203852327e+00 1.262730627e+00 1.462515656e+00 
1.167536116e+00 1.327675277e+00 1.472177492e+00 
1.099518459e+00 1.001476015e+00 1.000000000e+00 
1.531701445e+00 1.473800738e+00 1.742887815e+00 
1.121187801e+00 1.167527675e+00 1.309894435e+00 
1.239967897e+00 1.134317343e+00 1.330828413e+00 
1.138443018e+00 1.255350554e+00 1.330828413e+00 
1.121187801e+00 1.143911439e+00 1.178207193e+00 
1.138443018e+00 1.278966790e+00 1.462515656e+00 
1.179775281e+00 1.000000000e+00 1.000000000e+00 
1.157303371e+00 1.039114391e+00 1.178207193e+00 
1.000000000e+00 1.025092251e+00 1.000000000e+00 
1.179775281e+00 1.022140221e+00 1.162283056e+00 
1.000000000e+00 1.048708487e+00 1.131687243e+00 
1.099518459e+00 1.033948339e+00 1.152621220e+00 
1.203651685e+00 1.199261993e+00 1.340490249e+00 

1.580658106e+00 1.618450185e+00 1.874575058e+00 
1.771268058e+00 1.774169742e+00 2.000000000e+00 
1.365971108e+00 1.760885609e+00 1.890499195e+00 
1.585473515e+00 1.734317343e+00 1.890499195e+00 
1.648876404e+00 1.655350554e+00 1.890499195e+00 
1.228531300e+00 1.389667897e+00 1.587940598e+00 
1.331059390e+00 1.398523985e+00 1.633387010e+00 
1.611356340e+00 1.681180812e+00 1.890499195e+00 
1.480738363e+00 1.625092251e+00 1.874575058e+00 
1.682182986e+00 1.946125461e+00 2.000000000e+00 
1.692616372e+00 1.861992620e+00 2.000000000e+00 
1.531701445e+00 1.473800738e+00 1.742887815e+00 
1.184791332e+00 1.415498155e+00 1.493111469e+00 
1.739165329e+00 1.797785978e+00 2.000000000e+00 
1.212279294e+00 1.408118081e+00 1.480765790e+00 
1.229534510e+00 1.543173432e+00 1.765074253e+00 
1.184791332e+00 1.439114391e+00 1.624798712e+00 
1.453451043e+00 1.501107011e+00 1.728216139e+00 
1.374598716e+00 1.507749077e+00 1.728216139e+00 
1.138443018e+00 1.255350554e+00 1.330828413e+00 
1.229534510e+00 1.519557196e+00 1.633387010e+00 
1.286316212e+00 1.294464945e+00 1.493111469e+00 
1.167536116e+00 1.327675277e+00 1.472177492e+00 
1.212279294e+00 1.431734317e+00 1.612453033e+00 
1.248394864e+00 1.303321033e+00 1.480765790e+00 
1.203852327e+00 1.262730627e+00 1.462515656e+00 
1.582664526e+00 1.755719557e+00 1.890499195e+00 
1.230337079e+00 1.374169742e+00 1.602791197e+00 
1.138443018e+00 1.278966790e+00 1.462515656e+00 
1.121187801e+00 1.143911439e+00 1.178207193e+00 
1.121187801e+00 1.167527675e+00 1.309894435e+00 
1.179775281e+00 1.022140221e+00 1.162283056e+00 
1.203651685e+00 1.199261993e+00 1.340490249e+00 
1.000000000e+00 1.025092251e+00 1.000000000e+00 
1.239967897e+00 1.134317343e+00 1.330828413e+00 
1.000000000e+00 1.048708487e+00 1.131687243e+00 
1.115971108e+00 1.233948339e+00 1.271962784e+00 
1.179775281e+00 1.000000000e+00 1.000000000e+00 
1.099518459e+00 1.001476015e+00 1.000000000e+00 
1.099518459e+00 1.033948339e+00 1.152621220e+00 
1.157303371e+00 1.039114391e+00 1.178207193e+00 

1.228531300e+00 1.389667897e+00 1.587940598e+00 
1.452648475e+00 1.670110701e+00 1.890499195e+00 
1.648876404e+00 1.655350554e+00 1.890499195e+00 
1.138443018e+00 1.278966790e+00 1.462515656e+00 
1.229534510e+00 1.519557196e+00 1.633387010e+00 
1.184791332e+00 1.415498155e+00 1.493111469e+00 
1.230337079e+00 1.374169742e+00 1.602791197e+00 
1.374598716e+00 1.507749077e+00 1.728216139e+00 
1.184791332e+00 1.439114391e+00 1.624798712e+00 
1.403892456e+00 1.774907749e+00 1.890499195e+00 
1.580658106e+00 1.618450185e+00 1.874575058e+00 
1.229534510e+00 1.543173432e+00 1.765074253e+00 
1.138443018e+00 1.255350554e+00 1.330828413e+00 
1.212279294e+00 1.408118081e+00 1.480765790e+00 
1.248394864e+00 1.303321033e+00 1.480765790e+00 
1.682182986e+00 1.473800738e+00 1.742887815e+00 
1.331059390e+00 1.398523985e+00 1.633387010e+00 
1.212279294e+00 1.431734317e+00 1.612453033e+00 
1.203852327e+00 1.262730627e+00 1.462515656e+00 
1.286316212e+00 1.294464945e+00 1.493111469e+00 
1.167536116e+00 1.327675277e+00 1.472177492e+00 
1.121187801e+00 1.143911439e+00 1.178207193e+00 
1.239967897e+00 1.134317343e+00 1.330828413e+00 
1.121187801e+00 1.167527675e+00 1.309894435e+00 
1.115971108e+00 1.233948339e+00 1.271962784e+00 
1.099518459e+00 1.033948339e+00 1.152621220e+00 
1.203651685e+00 1.199261993e+00 1.340490249e+00 
1.000000000e+00 1.048708487e+00 1.131687243e+00 
1.157303371e+00 1.039114391e+00 1.178207193e+00 
1.179775281e+00 1.022140221e+00 1.162283056e+00 
1.000000000e+00 1.025092251e+00 1.000000000e+00 
1.099518459e+00 1.001476015e+00 1.000000000e+00 
1.179775281e+00 1.000000000e+00 1.000000000e+00 
