1.426004574e+00 1.682881773e+00 1.804448938e+00 
1.375857563e+00 1.429187192e+00 1.593933266e+00 
1.486769030e+00 1.898399015e+00 2.000000000e+00 
1.545083306e+00 1.556034483e+00 1.754701719e+00 
1.706141784e+00 1.815270936e+00 2.000000000e+00 
1.370793858e+00 1.491995074e+00 1.647320526e+00 
1.282424044e+00 1.622536946e+00 1.695247725e+00 
1.269519765e+00 1.506157635e+00 1.597573306e+00 
1.362463247e+00 1.495073892e+00 1.653387260e+00 
1.579712512e+00 1.634852217e+00 1.848938322e+00 
1.234237177e+00 1.480295567e+00 1.593933266e+00 
1.640967004e+00 1.732758621e+00 1.905763397e+00 
1.269193074e+00 1.447660099e+00 1.593933266e+00 
1.520908200e+00 1.689039409e+00 1.898685541e+00 
1.269519765e+00 1.525246305e+00 1.691809909e+00 
1.612544920e+00 1.469827586e+00 1.685945399e+00 
1.324730480e+00 1.697044335e+00 1.754701719e+00 
1.168082326e+00 1.408251232e+00 1.584630940e+00 
1.754982032e+00 1.534482759e+00 1.748634985e+00 
1.168082326e+00 1.389162562e+00 1.490394338e+00 
1.637700098e+00 1.756773399e+00 1.905763397e+00 
1.454753349e+00 1.699507389e+00 1.898685541e+00 
1.486278994e+00 1.610221675e+00 1.804448938e+00 
1.426004574e+00 1.701970443e+00 1.898685541e+00 
1.074158772e+00 1.318349754e+00 1.280889788e+00 
1.324730480e+00 1.716133005e+00 1.848938322e+00 
1.439725580e+00 1.644088670e+00 1.848938322e+00 
1.921594250e+00 1.729064039e+00 1.905763397e+00 
1.398725907e+00 1.429187192e+00 1.653387260e+00 
1.582979418e+00 1.665024631e+00 1.898685541e+00 
1.688990526e+00 1.576970443e+00 1.804448938e+00 
1.370793858e+00 1.511083744e+00 1.741557128e+00 
1.531688991e+00 1.844827586e+00 2.000000000e+00 
1.292714799e+00 1.498152709e+00 1.653387260e+00 
1.292714799e+00 1.517241379e+00 1.747623862e+00 
1.599803986e+00 1.812807882e+00 1.905763397e+00 
1.534955897e+00 1.820812808e+00 2.000000000e+00 
1.441032342e+00 1.624384236e+00 1.754701719e+00 
1.291734727e+00 1.559113300e+00 1.747623862e+00 
1.167428945e+00 1.418103448e+00 1.506370071e+00 
1.535935969e+00 1.484605911e+00 1.691809909e+00 
1.252041816e+00 1.611453202e+00 1.601011122e+00 
1.289937929e+00 1.514162562e+00 1.601011122e+00 
1.433355113e+00 1.508004926e+00 1.747623862e+00 
1.696014374e+00 1.575123153e+00 1.848938322e+00 
1.237504084e+00 1.326354680e+00 1.590495450e+00 
1.419470761e+00 1.714901478e+00 1.846309403e+00 
1.464717413e+00 1.639162562e+00 1.848938322e+00 
1.289937929e+00 1.533251232e+00 1.695247725e+00 
1.126592617e+00 1.505541872e+00 1.438018200e+00 
1.641293695e+00 1.396551724e+00 1.597573306e+00 
1.180006534e+00 1.247536946e+00 1.436804853e+00 
1.137373407e+00 1.491379310e+00 1.593933266e+00 
1.204344985e+00 1.307266010e+00 1.496258847e+00 
1.139496896e+00 1.485221675e+00 1.568048534e+00 
1.084286181e+00 1.275246305e+00 1.316683519e+00 
1.285200915e+00 1.606527094e+00 1.747623862e+00 
1.136720026e+00 1.501231527e+00 1.515672396e+00 
1.115648481e+00 1.201970443e+00 1.333265925e+00 
1.084939562e+00 1.285098522e+00 1.342568251e+00 
1.016007841e+00 1.229679803e+00 1.101314459e+00 
1.469454427e+00 1.306034483e+00 1.496258847e+00 
1.115648481e+00 1.221059113e+00 1.427502528e+00 
1.084286181e+00 1.294334975e+00 1.410920121e+00 
1.026788631e+00 1.215517241e+00 1.257229525e+00 
1.057497550e+00 1.113300493e+00 1.153690597e+00 
1.139496896e+00 1.466133005e+00 1.473811931e+00 
1.426331264e+00 1.153940887e+00 1.333265925e+00 
1.058150931e+00 1.142241379e+00 1.273811931e+00 
1.395949036e+00 1.445197044e+00 1.601011122e+00 
1.026788631e+00 1.196428571e+00 1.162992922e+00 
1.058150931e+00 1.123152709e+00 1.179575329e+00 
1.319176740e+00 1.215517241e+00 1.342568251e+00 
1.084939562e+00 1.304187192e+00 1.436804853e+00 
1.057497550e+00 1.132389163e+00 1.247927199e+00 
1.255798759e+00 1.000000000e+00 1.000000000e+00 
1.272786671e+00 1.027093596e+00 1.179575329e+00 
1.255798759e+00 1.017241379e+00 1.153690597e+00 
1.000000000e+00 1.034482759e+00 1.000000000e+00 
1.232277034e+00 1.099137931e+00 1.151061678e+00 
1.000000000e+00 1.053571429e+00 1.094236603e+00 

1.136720026e+00 1.501231527e+00 1.515672396e+00 
1.452466514e+00 1.488300493e+00 1.691809909e+00 
1.380431232e+00 1.764778325e+00 1.848938322e+00 
1.370793858e+00 1.511083744e+00 1.741557128e+00 
1.546226723e+00 1.850369458e+00 1.905763397e+00 
1.538876184e+00 1.485221675e+00 1.691809909e+00 
1.139496896e+00 1.466133005e+00 1.473811931e+00 
1.832407710e+00 1.748768473e+00 2.000000000e+00 
1.394478928e+00 1.693965517e+00 1.754701719e+00 
1.282424044e+00 1.546798030e+00 1.601011122e+00 
1.580202548e+00 1.794334975e+00 1.905763397e+00 
1.381084613e+00 1.695197044e+00 1.898685541e+00 
1.237504084e+00 1.326354680e+00 1.590495450e+00 
1.286997713e+00 1.592980296e+00 1.624873610e+00 
1.663018621e+00 1.612068966e+00 1.848938322e+00 
1.540999673e+00 1.620689655e+00 1.754701719e+00 
1.696014374e+00 1.575123153e+00 1.848938322e+00 
1.680169879e+00 1.722290640e+00 1.905763397e+00 
1.331264293e+00 1.729679803e+00 1.752072801e+00 
1.861483175e+00 1.660714286e+00 1.905763397e+00 
1.252041816e+00 1.611453202e+00 1.601011122e+00 
1.234237177e+00 1.480295567e+00 1.593933266e+00 
1.236033976e+00 1.435344828e+00 1.593933266e+00 
1.574812153e+00 1.689039409e+00 1.898685541e+00 
1.356256125e+00 1.798645320e+00 1.846309403e+00 
1.835347926e+00 1.703817734e+00 1.905763397e+00 
1.512414244e+00 1.870073892e+00 2.000000000e+00 
1.586573015e+00 1.665640394e+00 1.898685541e+00 
1.439725580e+00 1.680418719e+00 1.752072801e+00 
1.369813786e+00 1.477216749e+00 1.641456016e+00 
1.566481542e+00 1.584359606e+00 1.754701719e+00 
1.293531526e+00 1.495073892e+00 1.653387260e+00 
1.180006534e+00 1.247536946e+00 1.436804853e+00 
1.293531526e+00 1.514162562e+00 1.747623862e+00 
1.502776870e+00 1.465517241e+00 1.597573306e+00 
1.802025482e+00 1.487068966e+00 1.754701719e+00 
1.700751388e+00 1.570197044e+00 1.748634985e+00 
1.659915060e+00 1.665024631e+00 1.898685541e+00 
1.439888925e+00 1.621921182e+00 1.754701719e+00 
1.625939236e+00 1.758004926e+00 1.905763397e+00 
1.719046063e+00 1.556034483e+00 1.754701719e+00 
1.633616465e+00 1.634852217e+00 1.848938322e+00 
1.660241751e+00 1.610221675e+00 1.804448938e+00 
1.439888925e+00 1.641009852e+00 1.848938322e+00 
1.572688664e+00 1.429187192e+00 1.653387260e+00 
1.126592617e+00 1.505541872e+00 1.438018200e+00 
1.754982032e+00 1.534482759e+00 1.748634985e+00 
1.162855276e+00 1.423645320e+00 1.443882710e+00 
1.487259066e+00 1.508004926e+00 1.747623862e+00 
1.284384188e+00 1.618226601e+00 1.695247725e+00 
1.204344985e+00 1.307266010e+00 1.496258847e+00 
1.394642274e+00 1.493842365e+00 1.653387260e+00 
1.137373407e+00 1.472290640e+00 1.499696663e+00 
1.641293695e+00 1.396551724e+00 1.597573306e+00 
1.688990526e+00 1.576970443e+00 1.804448938e+00 
1.139496896e+00 1.485221675e+00 1.568048534e+00 
1.084286181e+00 1.275246305e+00 1.316683519e+00 
1.168082326e+00 1.389162562e+00 1.490394338e+00 
1.495262986e+00 1.631773399e+00 1.804448938e+00 
1.666775564e+00 1.484605911e+00 1.691809909e+00 
1.429761516e+00 1.429187192e+00 1.593933266e+00 
1.449036263e+00 1.427339901e+00 1.591708797e+00 
1.084939562e+00 1.285098522e+00 1.342568251e+00 
1.115648481e+00 1.221059113e+00 1.427502528e+00 
1.074158772e+00 1.318349754e+00 1.280889788e+00 
1.026788631e+00 1.196428571e+00 1.162992922e+00 
1.084939562e+00 1.304187192e+00 1.436804853e+00 
1.168082326e+00 1.408251232e+00 1.584630940e+00 
1.115648481e+00 1.201970443e+00 1.333265925e+00 
1.482848742e+00 1.387315271e+00 1.591708797e+00 
1.137373407e+00 1.491379310e+00 1.593933266e+00 
1.528748775e+00 1.486453202e+00 1.653387260e+00 
1.570075139e+00 1.443965517e+00 1.647320526e+00 
1.084286181e+00 1.294334975e+00 1.410920121e+00 
1.057497550e+00 1.113300493e+00 1.153690597e+00 
1.057497550e+00 1.132389163e+00 1.247927199e+00 
1.016007841e+00 1.229679803e+00 1.101314459e+00 
1.426331264e+00 1.153940887e+00 1.333265925e+00 
1.058150931e+00 1.142241379e+00 1.273811931e+00 
1.469454427e+00 1.306034483e+00 1.496258847e+00 
1.319176740e+00 1.215517241e+00 1.342568251e+00 
1.255798759e+00 1.017241379e+00 1.153690597e+00 
1.272786671e+00 1.027093596e+00 1.179575329e+00 
1.255798759e+00 1.000000000e+00 1.000000000e+00 
1.232277034e+00 1.099137931e+00 1.151061678e+00 
1.026788631e+00 1.215517241e+00 1.257229525e+00 
1.058150931e+00 1.123152709e+00 1.179575329e+00 
1.000000000e+00 1.053571429e+00 1.094236603e+00 
1.000000000e+00 1.034482759e+00 1.000000000e+00 

1.380431232e+00 1.745689655e+00 1.754701719e+00 
1.759065665e+00 1.749384236e+00 2.000000000e+00 
1.439888925e+00 1.621921182e+00 1.754701719e+00 
1.355439399e+00 1.782019704e+00 1.804448938e+00 
1.696014374e+00 1.575123153e+00 1.848938322e+00 
1.074158772e+00 1.318349754e+00 1.280889788e+00 
1.652564521e+00 1.623152709e+00 1.842871587e+00 
1.625939236e+00 1.758004926e+00 1.905763397e+00 
1.861483175e+00 1.660714286e+00 1.905763397e+00 
1.688990526e+00 1.576970443e+00 1.804448938e+00 
1.486278994e+00 1.913177340e+00 2.000000000e+00 
1.369813786e+00 1.477216749e+00 1.641456016e+00 
1.282424044e+00 1.565886700e+00 1.695247725e+00 
1.644560601e+00 1.785098522e+00 2.000000000e+00 
1.693727540e+00 1.757389163e+00 2.000000000e+00 
1.634269846e+00 1.634852217e+00 1.848938322e+00 
1.464717413e+00 1.620073892e+00 1.754701719e+00 
1.832734401e+00 1.693965517e+00 1.905763397e+00 
1.495262986e+00 1.631773399e+00 1.804448938e+00 
1.439888925e+00 1.641009852e+00 1.848938322e+00 
1.512414244e+00 1.870073892e+00 2.000000000e+00 
1.680169879e+00 1.722290640e+00 1.905763397e+00 
1.252041816e+00 1.611453202e+00 1.601011122e+00 
1.754982032e+00 1.534482759e+00 1.748634985e+00 
1.719046063e+00 1.556034483e+00 1.754701719e+00 
1.495426331e+00 1.615763547e+00 1.754701719e+00 
1.637046717e+00 1.753078818e+00 1.905763397e+00 
1.395949036e+00 1.445197044e+00 1.601011122e+00 
1.660241751e+00 1.610221675e+00 1.804448938e+00 
1.700751388e+00 1.570197044e+00 1.748634985e+00 
1.381084613e+00 1.695197044e+00 1.898685541e+00 
1.321136883e+00 1.801108374e+00 1.848938322e+00 
1.292714799e+00 1.498152709e+00 1.653387260e+00 
1.666775564e+00 1.484605911e+00 1.691809909e+00 
1.370793858e+00 1.511083744e+00 1.741557128e+00 
1.478601764e+00 1.938423645e+00 2.000000000e+00 
1.167428945e+00 1.418103448e+00 1.506370071e+00 
1.508493956e+00 1.502463054e+00 1.685945399e+00 
1.286017641e+00 1.431034483e+00 1.590495450e+00 
1.521234891e+00 1.673645320e+00 1.898685541e+00 
1.293531526e+00 1.495073892e+00 1.653387260e+00 
1.137373407e+00 1.472290640e+00 1.499696663e+00 
1.333551127e+00 1.374384236e+00 1.590495450e+00 
1.293531526e+00 1.514162562e+00 1.747623862e+00 
1.802025482e+00 1.487068966e+00 1.754701719e+00 
1.162855276e+00 1.423645320e+00 1.443882710e+00 
1.204344985e+00 1.307266010e+00 1.496258847e+00 
1.526788631e+00 1.796182266e+00 2.000000000e+00 
1.285200915e+00 1.530788177e+00 1.653387260e+00 
1.368343679e+00 1.326354680e+00 1.590495450e+00 
1.137373407e+00 1.491379310e+00 1.593933266e+00 
1.588533159e+00 1.637931034e+00 1.842871587e+00 
1.139496896e+00 1.485221675e+00 1.568048534e+00 
1.236033976e+00 1.435344828e+00 1.593933266e+00 
1.487259066e+00 1.508004926e+00 1.747623862e+00 
1.168082326e+00 1.408251232e+00 1.584630940e+00 
1.139496896e+00 1.466133005e+00 1.473811931e+00 
1.583306109e+00 1.488300493e+00 1.691809909e+00 
1.115648481e+00 1.201970443e+00 1.333265925e+00 
1.285200915e+00 1.549876847e+00 1.747623862e+00 
1.394642274e+00 1.493842365e+00 1.653387260e+00 
1.084286181e+00 1.294334975e+00 1.410920121e+00 
1.180006534e+00 1.247536946e+00 1.436804853e+00 
1.566481542e+00 1.584359606e+00 1.754701719e+00 
1.641293695e+00 1.396551724e+00 1.597573306e+00 
1.482848742e+00 1.387315271e+00 1.591708797e+00 
1.398725907e+00 1.429187192e+00 1.653387260e+00 
1.115648481e+00 1.221059113e+00 1.427502528e+00 
1.026788631e+00 1.215517241e+00 1.257229525e+00 
1.426331264e+00 1.153940887e+00 1.333265925e+00 
1.244364587e+00 1.403325123e+00 1.499696663e+00 
1.084939562e+00 1.285098522e+00 1.342568251e+00 
1.168082326e+00 1.389162562e+00 1.490394338e+00 
1.084939562e+00 1.304187192e+00 1.436804853e+00 
1.026788631e+00 1.196428571e+00 1.162992922e+00 
1.084286181e+00 1.275246305e+00 1.316683519e+00 
1.469454427e+00 1.306034483e+00 1.496258847e+00 
1.058150931e+00 1.123152709e+00 1.179575329e+00 
1.016007841e+00 1.229679803e+00 1.101314459e+00 
1.057497550e+00 1.132389163e+00 1.247927199e+00 
1.058150931e+00 1.142241379e+00 1.273811931e+00 
1.057497550e+00 1.113300493e+00 1.153690597e+00 
1.232277034e+00 1.099137931e+00 1.151061678e+00 
1.319176740e+00 1.215517241e+00 1.342568251e+00 
1.000000000e+00 1.053571429e+00 1.094236603e+00 
1.255798759e+00 1.017241379e+00 1.153690597e+00 
1.272786671e+00 1.027093596e+00 1.179575329e+00 
1.000000000e+00 1.034482759e+00 1.000000000e+00 
1.255798759e+00 1.000000000e+00 1.000000000e+00 

1.600947403e+00 1.556650246e+00 1.754701719e+00 
1.658771643e+00 1.693965517e+00 1.905763397e+00 
1.282424044e+00 1.603448276e+00 1.601011122e+00 
1.496733094e+00 1.912561576e+00 2.000000000e+00 
1.832407710e+00 1.748768473e+00 2.000000000e+00 
1.292878144e+00 1.524014778e+00 1.669362993e+00 
1.286507677e+00 1.612068966e+00 1.669362993e+00 
1.126592617e+00 1.505541872e+00 1.438018200e+00 
1.252041816e+00 1.611453202e+00 1.601011122e+00 
1.699607971e+00 1.575738916e+00 1.848938322e+00 
1.356256125e+00 1.779556650e+00 1.752072801e+00 
1.647990853e+00 1.665640394e+00 1.898685541e+00 
1.608951323e+00 1.556034483e+00 1.754701719e+00 
1.654034629e+00 1.765394089e+00 1.905763397e+00 
1.356256125e+00 1.798645320e+00 1.846309403e+00 
1.754982032e+00 1.534482759e+00 1.748634985e+00 
1.633616465e+00 1.634852217e+00 1.848938322e+00 
1.574812153e+00 1.689039409e+00 1.898685541e+00 
1.486278994e+00 1.913177340e+00 2.000000000e+00 
1.284384188e+00 1.599137931e+00 1.601011122e+00 
1.553577262e+00 1.778940887e+00 2.000000000e+00 
1.464717413e+00 1.620073892e+00 1.754701719e+00 
1.439725580e+00 1.625000000e+00 1.754701719e+00 
1.439888925e+00 1.621921182e+00 1.754701719e+00 
1.511760862e+00 1.821428571e+00 2.000000000e+00 
1.381084613e+00 1.695197044e+00 1.898685541e+00 
1.439888925e+00 1.641009852e+00 1.848938322e+00 
1.861483175e+00 1.660714286e+00 1.905763397e+00 
1.663018621e+00 1.612068966e+00 1.848938322e+00 
1.566481542e+00 1.584359606e+00 1.754701719e+00 
1.284874224e+00 1.599137931e+00 1.650758342e+00 
1.688990526e+00 1.576970443e+00 1.804448938e+00 
1.369813786e+00 1.477216749e+00 1.641456016e+00 
1.538876184e+00 1.485221675e+00 1.691809909e+00 
1.452466514e+00 1.488300493e+00 1.691809909e+00 
1.236033976e+00 1.435344828e+00 1.593933266e+00 
1.374714146e+00 1.625615764e+00 1.754701719e+00 
1.293531526e+00 1.495073892e+00 1.653387260e+00 
1.398725907e+00 1.429187192e+00 1.653387260e+00 
1.074158772e+00 1.318349754e+00 1.280889788e+00 
1.802025482e+00 1.487068966e+00 1.754701719e+00 
1.666775564e+00 1.484605911e+00 1.691809909e+00 
1.487259066e+00 1.508004926e+00 1.747623862e+00 
1.168082326e+00 1.389162562e+00 1.490394338e+00 
1.659915060e+00 1.665024631e+00 1.898685541e+00 
1.660241751e+00 1.610221675e+00 1.804448938e+00 
1.394642274e+00 1.493842365e+00 1.653387260e+00 
1.482848742e+00 1.387315271e+00 1.591708797e+00 
1.139496896e+00 1.485221675e+00 1.568048534e+00 
1.293531526e+00 1.514162562e+00 1.747623862e+00 
1.168082326e+00 1.408251232e+00 1.584630940e+00 
1.772950016e+00 1.575123153e+00 1.848938322e+00 
1.284384188e+00 1.618226601e+00 1.695247725e+00 
1.162855276e+00 1.423645320e+00 1.443882710e+00 
1.234237177e+00 1.480295567e+00 1.593933266e+00 
1.167428945e+00 1.418103448e+00 1.506370071e+00 
1.641293695e+00 1.396551724e+00 1.597573306e+00 
1.204344985e+00 1.307266010e+00 1.496258847e+00 
1.084286181e+00 1.275246305e+00 1.316683519e+00 
1.115648481e+00 1.201970443e+00 1.333265925e+00 
1.368343679e+00 1.326354680e+00 1.590495450e+00 
1.137373407e+00 1.491379310e+00 1.593933266e+00 
1.084939562e+00 1.285098522e+00 1.342568251e+00 
1.084286181e+00 1.294334975e+00 1.410920121e+00 
1.137373407e+00 1.472290640e+00 1.499696663e+00 
1.115648481e+00 1.221059113e+00 1.427502528e+00 
1.277196994e+00 1.409482759e+00 1.590495450e+00 
1.469454427e+00 1.306034483e+00 1.496258847e+00 
1.333551127e+00 1.374384236e+00 1.590495450e+00 
1.244364587e+00 1.403325123e+00 1.499696663e+00 
1.057497550e+00 1.113300493e+00 1.153690597e+00 
1.026788631e+00 1.196428571e+00 1.162992922e+00 
1.084939562e+00 1.304187192e+00 1.436804853e+00 
1.180006534e+00 1.247536946e+00 1.436804853e+00 
1.426331264e+00 1.153940887e+00 1.333265925e+00 
1.319176740e+00 1.215517241e+00 1.342568251e+00 
1.058150931e+00 1.123152709e+00 1.179575329e+00 
1.000000000e+00 1.053571429e+00 1.094236603e+00 
1.016007841e+00 1.229679803e+00 1.101314459e+00 
1.057497550e+00 1.132389163e+00 1.247927199e+00 
1.026788631e+00 1.215517241e+00 1.257229525e+00 
1.272786671e+00 1.027093596e+00 1.179575329e+00 
1.058150931e+00 1.142241379e+00 1.273811931e+00 
1.232277034e+00 1.099137931e+00 1.151061678e+00 
1.000000000e+00 1.034482759e+00 1.000000000e+00 
1.255798759e+00 1.000000000e+00 1.000000000e+00 
1.255798759e+00 1.017241379e+00 1.153690597e+00 

1.759065665e+00 1.749384236e+00 2.000000000e+00 
1.832407710e+00 1.748768473e+00 2.000000000e+00 
1.608951323e+00 1.556034483e+00 1.754701719e+00 
1.699607971e+00 1.575738916e+00 1.848938322e+00 
1.460633780e+00 2.000000000e+00 1.905763397e+00 
1.600947403e+00 1.556650246e+00 1.754701719e+00 
1.282424044e+00 1.603448276e+00 1.601011122e+00 
1.301208755e+00 1.725985222e+00 1.754701719e+00 
1.747304802e+00 1.772783251e+00 2.000000000e+00 
1.861483175e+00 1.660714286e+00 1.905763397e+00 
1.482848742e+00 1.387315271e+00 1.591708797e+00 
1.486278994e+00 1.913177340e+00 2.000000000e+00 
1.553577262e+00 1.778940887e+00 2.000000000e+00 
1.633616465e+00 1.634852217e+00 1.848938322e+00 
1.586573015e+00 1.665640394e+00 1.898685541e+00 
1.540999673e+00 1.620689655e+00 1.754701719e+00 
1.772950016e+00 1.575123153e+00 1.848938322e+00 
1.511760862e+00 1.821428571e+00 2.000000000e+00 
1.439888925e+00 1.621921182e+00 1.754701719e+00 
1.339921594e+00 1.625615764e+00 1.754701719e+00 
1.754982032e+00 1.534482759e+00 1.748634985e+00 
1.641293695e+00 1.396551724e+00 1.597573306e+00 
1.566481542e+00 1.584359606e+00 1.754701719e+00 
1.381084613e+00 1.676108374e+00 1.804448938e+00 
1.084286181e+00 1.275246305e+00 1.316683519e+00 
1.381084613e+00 1.695197044e+00 1.898685541e+00 
1.574812153e+00 1.689039409e+00 1.898685541e+00 
1.663018621e+00 1.612068966e+00 1.848938322e+00 
1.487259066e+00 1.508004926e+00 1.747623862e+00 
1.168082326e+00 1.389162562e+00 1.490394338e+00 
1.439888925e+00 1.641009852e+00 1.848938322e+00 
1.660241751e+00 1.610221675e+00 1.804448938e+00 
1.284384188e+00 1.618226601e+00 1.695247725e+00 
1.355439399e+00 1.782019704e+00 1.804448938e+00 
1.659915060e+00 1.665024631e+00 1.898685541e+00 
1.688990526e+00 1.576970443e+00 1.804448938e+00 
1.802025482e+00 1.487068966e+00 1.754701719e+00 
1.126592617e+00 1.505541872e+00 1.438018200e+00 
1.625939236e+00 1.758004926e+00 1.905763397e+00 
1.666775564e+00 1.484605911e+00 1.691809909e+00 
1.398725907e+00 1.429187192e+00 1.653387260e+00 
1.084286181e+00 1.294334975e+00 1.410920121e+00 
1.237504084e+00 1.326354680e+00 1.590495450e+00 
1.658771643e+00 1.693965517e+00 1.905763397e+00 
1.284384188e+00 1.599137931e+00 1.601011122e+00 
1.293531526e+00 1.514162562e+00 1.747623862e+00 
1.284874224e+00 1.599137931e+00 1.650758342e+00 
1.137373407e+00 1.472290640e+00 1.499696663e+00 
1.115648481e+00 1.201970443e+00 1.333265925e+00 
1.375857563e+00 1.429187192e+00 1.593933266e+00 
1.495262986e+00 1.631773399e+00 1.804448938e+00 
1.293531526e+00 1.495073892e+00 1.653387260e+00 
1.204344985e+00 1.307266010e+00 1.496258847e+00 
1.369813786e+00 1.477216749e+00 1.641456016e+00 
1.168082326e+00 1.408251232e+00 1.584630940e+00 
1.286507677e+00 1.612068966e+00 1.669362993e+00 
1.137373407e+00 1.491379310e+00 1.593933266e+00 
1.370793858e+00 1.491995074e+00 1.647320526e+00 
1.394642274e+00 1.493842365e+00 1.653387260e+00 
1.084939562e+00 1.304187192e+00 1.436804853e+00 
1.074158772e+00 1.318349754e+00 1.280889788e+00 
1.115648481e+00 1.221059113e+00 1.427502528e+00 
1.162855276e+00 1.423645320e+00 1.443882710e+00 
1.026788631e+00 1.215517241e+00 1.257229525e+00 
1.469454427e+00 1.306034483e+00 1.496258847e+00 
1.236033976e+00 1.435344828e+00 1.593933266e+00 
1.058150931e+00 1.142241379e+00 1.273811931e+00 
1.084939562e+00 1.285098522e+00 1.342568251e+00 
1.016007841e+00 1.229679803e+00 1.101314459e+00 
1.057497550e+00 1.132389163e+00 1.247927199e+00 
1.180006534e+00 1.247536946e+00 1.436804853e+00 
1.426331264e+00 1.153940887e+00 1.333265925e+00 
1.058150931e+00 1.123152709e+00 1.179575329e+00 
1.255798759e+00 1.000000000e+00 1.000000000e+00 
1.057497550e+00 1.113300493e+00 1.153690597e+00 
1.026788631e+00 1.196428571e+00 1.162992922e+00 
1.272786671e+00 1.027093596e+00 1.179575329e+00 
1.255798759e+00 1.017241379e+00 1.153690597e+00 
1.000000000e+00 1.053571429e+00 1.094236603e+00 
1.000000000e+00 1.034482759e+00 1.000000000e+00 
1.319176740e+00 1.215517241e+00 1.342568251e+00 
1.232277034e+00 1.099137931e+00 1.151061678e+00 

1.654034629e+00 1.765394089e+00 1.905763397e+00 
1.439888925e+00 1.621921182e+00 1.754701719e+00 
1.861483175e+00 1.660714286e+00 1.905763397e+00 
1.495262986e+00 1.631773399e+00 1.804448938e+00 
1.660895132e+00 1.613916256e+00 1.804448938e+00 
1.663018621e+00 1.612068966e+00 1.848938322e+00 
1.719046063e+00 1.556034483e+00 1.754701719e+00 
1.395949036e+00 1.445197044e+00 1.601011122e+00 
1.772950016e+00 1.575123153e+00 1.848938322e+00 
1.802025482e+00 1.487068966e+00 1.754701719e+00 
1.282424044e+00 1.603448276e+00 1.601011122e+00 
1.286017641e+00 1.431034483e+00 1.590495450e+00 
1.074158772e+00 1.318349754e+00 1.280889788e+00 
1.612871611e+00 1.801108374e+00 1.905763397e+00 
1.566481542e+00 1.584359606e+00 1.754701719e+00 
1.284874224e+00 1.599137931e+00 1.650758342e+00 
1.588533159e+00 1.637931034e+00 1.842871587e+00 
1.699607971e+00 1.575738916e+00 1.848938322e+00 
1.252041816e+00 1.611453202e+00 1.601011122e+00 
1.666775564e+00 1.484605911e+00 1.691809909e+00 
1.521234891e+00 1.673645320e+00 1.898685541e+00 
1.520254819e+00 1.469827586e+00 1.685945399e+00 
1.381084613e+00 1.695197044e+00 1.898685541e+00 
1.439888925e+00 1.641009852e+00 1.848938322e+00 
1.487259066e+00 1.508004926e+00 1.747623862e+00 
1.356256125e+00 1.798645320e+00 1.846309403e+00 
1.380431232e+00 1.764778325e+00 1.848938322e+00 
1.139496896e+00 1.485221675e+00 1.568048534e+00 
1.084286181e+00 1.294334975e+00 1.410920121e+00 
1.284384188e+00 1.599137931e+00 1.601011122e+00 
1.540999673e+00 1.620689655e+00 1.754701719e+00 
1.634269846e+00 1.634852217e+00 1.848938322e+00 
1.368343679e+00 1.326354680e+00 1.590495450e+00 
1.284384188e+00 1.618226601e+00 1.695247725e+00 
1.482848742e+00 1.387315271e+00 1.591708797e+00 
1.369813786e+00 1.477216749e+00 1.641456016e+00 
1.236033976e+00 1.435344828e+00 1.593933266e+00 
1.688990526e+00 1.576970443e+00 1.804448938e+00 
1.398725907e+00 1.429187192e+00 1.653387260e+00 
1.126592617e+00 1.505541872e+00 1.438018200e+00 
1.293531526e+00 1.514162562e+00 1.747623862e+00 
1.301208755e+00 1.725985222e+00 1.754701719e+00 
1.394642274e+00 1.493842365e+00 1.653387260e+00 
1.582979418e+00 1.665024631e+00 1.898685541e+00 
1.293531526e+00 1.495073892e+00 1.653387260e+00 
1.162855276e+00 1.423645320e+00 1.443882710e+00 
1.204344985e+00 1.307266010e+00 1.496258847e+00 
1.168082326e+00 1.389162562e+00 1.490394338e+00 
1.452466514e+00 1.488300493e+00 1.691809909e+00 
1.084939562e+00 1.285098522e+00 1.342568251e+00 
1.168082326e+00 1.408251232e+00 1.584630940e+00 
1.084939562e+00 1.304187192e+00 1.436804853e+00 
1.084286181e+00 1.275246305e+00 1.316683519e+00 
1.137373407e+00 1.472290640e+00 1.499696663e+00 
1.137373407e+00 1.491379310e+00 1.593933266e+00 
1.244364587e+00 1.403325123e+00 1.499696663e+00 
1.180006534e+00 1.247536946e+00 1.436804853e+00 
1.234237177e+00 1.480295567e+00 1.593933266e+00 
1.333551127e+00 1.374384236e+00 1.590495450e+00 
1.469454427e+00 1.306034483e+00 1.496258847e+00 
1.115648481e+00 1.221059113e+00 1.427502528e+00 
1.115648481e+00 1.201970443e+00 1.333265925e+00 
1.058150931e+00 1.142241379e+00 1.273811931e+00 
1.058150931e+00 1.123152709e+00 1.179575329e+00 
1.641293695e+00 1.396551724e+00 1.597573306e+00 
1.026788631e+00 1.215517241e+00 1.257229525e+00 
1.000000000e+00 1.034482759e+00 1.000000000e+00 
1.319176740e+00 1.215517241e+00 1.342568251e+00 
1.057497550e+00 1.113300493e+00 1.153690597e+00 
1.016007841e+00 1.229679803e+00 1.101314459e+00 
1.426331264e+00 1.153940887e+00 1.333265925e+00 
1.026788631e+00 1.196428571e+00 1.162992922e+00 
1.057497550e+00 1.132389163e+00 1.247927199e+00 
1.255798759e+00 1.000000000e+00 1.000000000e+00 
1.272786671e+00 1.027093596e+00 1.179575329e+00 
1.000000000e+00 1.053571429e+00 1.094236603e+00 
1.255798759e+00 1.017241379e+00 1.153690597e+00 
1.232277034e+00 1.099137931e+00 1.151061678e+00 

1.400686050e+00 1.745073892e+00 1.848938322e+00 
1.395949036e+00 1.445197044e+00 1.601011122e+00 
1.293531526e+00 1.514162562e+00 1.747623862e+00 
1.644560601e+00 1.841748768e+00 2.000000000e+00 
1.528748775e+00 1.486453202e+00 1.653387260e+00 
1.562071219e+00 1.808497537e+00 1.905763397e+00 
1.482848742e+00 1.678571429e+00 1.804448938e+00 
1.422247631e+00 1.735221675e+00 1.804448938e+00 
1.756288795e+00 1.749384236e+00 1.905763397e+00 
1.472067952e+00 1.682266010e+00 1.804448938e+00 
1.167428945e+00 1.418103448e+00 1.506370071e+00 
1.394642274e+00 1.493842365e+00 1.653387260e+00 
1.608951323e+00 1.556034483e+00 1.754701719e+00 
1.282424044e+00 1.622536946e+00 1.695247725e+00 
1.563377981e+00 1.769704433e+00 1.905763397e+00 
1.832407710e+00 1.748768473e+00 2.000000000e+00 
1.414080366e+00 1.739532020e+00 1.848938322e+00 
1.478601764e+00 1.938423645e+00 2.000000000e+00 
1.659915060e+00 1.665024631e+00 1.898685541e+00 
1.558967658e+00 1.884852217e+00 2.000000000e+00 
1.699117935e+00 1.825738916e+00 2.000000000e+00 
1.282424044e+00 1.603448276e+00 1.601011122e+00 
1.355439399e+00 1.782019704e+00 1.804448938e+00 
1.600947403e+00 1.556650246e+00 1.754701719e+00 
1.285200915e+00 1.530788177e+00 1.653387260e+00 
1.495916367e+00 1.645935961e+00 1.804448938e+00 
1.452466514e+00 1.488300493e+00 1.691809909e+00 
1.535282587e+00 1.664408867e+00 1.848938322e+00 
1.535935969e+00 1.863300493e+00 1.905763397e+00 
1.162855276e+00 1.423645320e+00 1.443882710e+00 
1.252041816e+00 1.611453202e+00 1.601011122e+00 
1.754982032e+00 1.534482759e+00 1.748634985e+00 
1.356256125e+00 1.798645320e+00 1.846309403e+00 
1.772950016e+00 1.575123153e+00 1.848938322e+00 
1.861483175e+00 1.660714286e+00 1.905763397e+00 
1.805129043e+00 1.737684729e+00 1.905763397e+00 
1.301208755e+00 1.725985222e+00 1.754701719e+00 
1.699607971e+00 1.575738916e+00 1.848938322e+00 
1.538876184e+00 1.485221675e+00 1.691809909e+00 
1.666775564e+00 1.484605911e+00 1.691809909e+00 
1.835347926e+00 1.703817734e+00 1.905763397e+00 
1.293531526e+00 1.495073892e+00 1.653387260e+00 
1.487095720e+00 1.704433498e+00 1.848938322e+00 
1.495426331e+00 1.615763547e+00 1.754701719e+00 
1.482848742e+00 1.387315271e+00 1.591708797e+00 
1.285200915e+00 1.606527094e+00 1.747623862e+00 
1.421757596e+00 1.813423645e+00 1.898685541e+00 
1.451649788e+00 1.736453202e+00 1.848938322e+00 
1.284384188e+00 1.599137931e+00 1.601011122e+00 
1.459817053e+00 1.683497537e+00 1.804448938e+00 
1.375204182e+00 1.657019704e+00 1.754701719e+00 
1.532669062e+00 1.714285714e+00 1.898685541e+00 
1.126592617e+00 1.505541872e+00 1.438018200e+00 
1.633616465e+00 1.634852217e+00 1.848938322e+00 
1.557824240e+00 1.698891626e+00 1.898685541e+00 
1.370793858e+00 1.491995074e+00 1.647320526e+00 
1.802025482e+00 1.487068966e+00 1.754701719e+00 
1.759065665e+00 1.749384236e+00 2.000000000e+00 
1.284384188e+00 1.618226601e+00 1.695247725e+00 
1.321136883e+00 1.801108374e+00 1.848938322e+00 
1.487912447e+00 1.646551724e+00 1.804448938e+00 
1.470761189e+00 1.629310345e+00 1.754701719e+00 
1.671512578e+00 1.828201970e+00 2.000000000e+00 
1.732930415e+00 1.792487685e+00 2.000000000e+00 
1.168082326e+00 1.389162562e+00 1.490394338e+00 
1.688990526e+00 1.576970443e+00 1.804448938e+00 
1.445932702e+00 1.756157635e+00 1.898685541e+00 
1.204344985e+00 1.307266010e+00 1.496258847e+00 
1.236033976e+00 1.435344828e+00 1.593933266e+00 
1.541163019e+00 1.850985222e+00 1.905763397e+00 
1.572688664e+00 1.429187192e+00 1.653387260e+00 
1.660241751e+00 1.610221675e+00 1.804448938e+00 
1.084939562e+00 1.285098522e+00 1.342568251e+00 
1.586573015e+00 1.665640394e+00 1.898685541e+00 
1.139496896e+00 1.485221675e+00 1.568048534e+00 
1.137373407e+00 1.472290640e+00 1.499696663e+00 
1.641293695e+00 1.396551724e+00 1.597573306e+00 
1.115648481e+00 1.221059113e+00 1.427502528e+00 
1.375857563e+00 1.429187192e+00 1.593933266e+00 
1.369813786e+00 1.477216749e+00 1.641456016e+00 
1.084939562e+00 1.304187192e+00 1.436804853e+00 
1.168082326e+00 1.408251232e+00 1.584630940e+00 
1.180006534e+00 1.247536946e+00 1.436804853e+00 
1.058150931e+00 1.123152709e+00 1.179575329e+00 
1.520908200e+00 1.746921182e+00 1.898685541e+00 
1.139496896e+00 1.466133005e+00 1.473811931e+00 
1.433355113e+00 1.508004926e+00 1.747623862e+00 
1.058150931e+00 1.142241379e+00 1.273811931e+00 
1.084286181e+00 1.275246305e+00 1.316683519e+00 
1.454263313e+00 1.724137931e+00 1.804448938e+00 
1.469454427e+00 1.306034483e+00 1.496258847e+00 
1.237504084e+00 1.326354680e+00 1.590495450e+00 
1.115648481e+00 1.201970443e+00 1.333265925e+00 
1.137373407e+00 1.491379310e+00 1.593933266e+00 
1.026788631e+00 1.215517241e+00 1.257229525e+00 
1.026788631e+00 1.196428571e+00 1.162992922e+00 
1.084286181e+00 1.294334975e+00 1.410920121e+00 
1.637046717e+00 1.753078818e+00 1.905763397e+00 
1.570075139e+00 1.443965517e+00 1.647320526e+00 
1.057497550e+00 1.132389163e+00 1.247927199e+00 
1.426331264e+00 1.153940887e+00 1.333265925e+00 
1.057497550e+00 1.113300493e+00 1.153690597e+00 
1.000000000e+00 1.053571429e+00 1.094236603e+00 
1.319176740e+00 1.215517241e+00 1.342568251e+00 
1.272786671e+00 1.027093596e+00 1.179575329e+00 
1.255798759e+00 1.017241379e+00 1.153690597e+00 
1.232277034e+00 1.099137931e+00 1.151061678e+00 
1.255798759e+00 1.000000000e+00 1.000000000e+00 
1.000000000e+00 1.034482759e+00 1.000000000e+00 
1.016007841e+00 1.229679803e+00 1.101314459e+00 
1.074158772e+00 1.318349754e+00 1.280889788e+00 

1.370793858e+00 1.511083744e+00 1.741557128e+00 
1.381084613e+00 1.676108374e+00 1.804448938e+00 
1.772950016e+00 1.575123153e+00 1.848938322e+00 
1.608951323e+00 1.556034483e+00 1.754701719e+00 
1.508493956e+00 1.502463054e+00 1.685945399e+00 
1.538876184e+00 1.485221675e+00 1.691809909e+00 
1.339921594e+00 1.625615764e+00 1.754701719e+00 
1.553577262e+00 1.778940887e+00 2.000000000e+00 
1.495262986e+00 1.631773399e+00 1.804448938e+00 
1.356256125e+00 1.798645320e+00 1.846309403e+00 
1.659915060e+00 1.665024631e+00 1.898685541e+00 
1.162855276e+00 1.423645320e+00 1.443882710e+00 
1.511760862e+00 1.821428571e+00 2.000000000e+00 
1.680169879e+00 1.722290640e+00 1.905763397e+00 
1.699607971e+00 1.575738916e+00 1.848938322e+00 
1.381084613e+00 1.695197044e+00 1.898685541e+00 
1.139496896e+00 1.466133005e+00 1.473811931e+00 
1.439888925e+00 1.621921182e+00 1.754701719e+00 
1.486278994e+00 1.913177340e+00 2.000000000e+00 
1.625939236e+00 1.758004926e+00 1.905763397e+00 
1.861483175e+00 1.660714286e+00 1.905763397e+00 
1.754982032e+00 1.534482759e+00 1.748634985e+00 
1.464717413e+00 1.620073892e+00 1.754701719e+00 
1.566481542e+00 1.584359606e+00 1.754701719e+00 
1.802025482e+00 1.487068966e+00 1.754701719e+00 
1.647990853e+00 1.665640394e+00 1.898685541e+00 
1.663018621e+00 1.612068966e+00 1.848938322e+00 
1.574812153e+00 1.689039409e+00 1.898685541e+00 
1.369813786e+00 1.477216749e+00 1.641456016e+00 
1.439888925e+00 1.641009852e+00 1.848938322e+00 
1.167428945e+00 1.418103448e+00 1.506370071e+00 
1.666775564e+00 1.484605911e+00 1.691809909e+00 
1.293531526e+00 1.495073892e+00 1.653387260e+00 
1.137373407e+00 1.472290640e+00 1.499696663e+00 
1.289937929e+00 1.514162562e+00 1.601011122e+00 
1.234237177e+00 1.480295567e+00 1.593933266e+00 
1.688990526e+00 1.576970443e+00 1.804448938e+00 
1.633616465e+00 1.634852217e+00 1.848938322e+00 
1.395949036e+00 1.445197044e+00 1.601011122e+00 
1.293531526e+00 1.514162562e+00 1.747623862e+00 
1.375857563e+00 1.429187192e+00 1.593933266e+00 
1.126592617e+00 1.505541872e+00 1.438018200e+00 
1.180006534e+00 1.247536946e+00 1.436804853e+00 
1.487259066e+00 1.508004926e+00 1.747623862e+00 
1.237504084e+00 1.326354680e+00 1.590495450e+00 
1.236033976e+00 1.435344828e+00 1.593933266e+00 
1.641293695e+00 1.396551724e+00 1.597573306e+00 
1.074158772e+00 1.318349754e+00 1.280889788e+00 
1.168082326e+00 1.408251232e+00 1.584630940e+00 
1.432701731e+00 1.643472906e+00 1.804448938e+00 
1.137373407e+00 1.491379310e+00 1.593933266e+00 
1.115648481e+00 1.201970443e+00 1.333265925e+00 
1.832734401e+00 1.693965517e+00 1.905763397e+00 
1.204344985e+00 1.307266010e+00 1.496258847e+00 
1.168082326e+00 1.389162562e+00 1.490394338e+00 
1.084939562e+00 1.285098522e+00 1.342568251e+00 
1.398725907e+00 1.429187192e+00 1.653387260e+00 
1.084286181e+00 1.294334975e+00 1.410920121e+00 
1.284384188e+00 1.618226601e+00 1.695247725e+00 
1.394642274e+00 1.493842365e+00 1.653387260e+00 
1.284384188e+00 1.599137931e+00 1.601011122e+00 
1.026788631e+00 1.215517241e+00 1.257229525e+00 
1.482848742e+00 1.387315271e+00 1.591708797e+00 
1.660241751e+00 1.610221675e+00 1.804448938e+00 
1.084286181e+00 1.275246305e+00 1.316683519e+00 
1.026788631e+00 1.196428571e+00 1.162992922e+00 
1.139496896e+00 1.485221675e+00 1.568048534e+00 
1.510290755e+00 1.863300493e+00 1.905763397e+00 
1.084939562e+00 1.304187192e+00 1.436804853e+00 
1.057497550e+00 1.132389163e+00 1.247927199e+00 
1.115648481e+00 1.221059113e+00 1.427502528e+00 
1.058150931e+00 1.123152709e+00 1.179575329e+00 
1.016007841e+00 1.229679803e+00 1.101314459e+00 
1.469454427e+00 1.306034483e+00 1.496258847e+00 
1.426331264e+00 1.153940887e+00 1.333265925e+00 
1.057497550e+00 1.113300493e+00 1.153690597e+00 
1.000000000e+00 1.053571429e+00 1.094236603e+00 
1.058150931e+00 1.142241379e+00 1.273811931e+00 
1.319176740e+00 1.215517241e+00 1.342568251e+00 
1.255798759e+00 1.000000000e+00 1.000000000e+00 
1.000000000e+00 1.034482759e+00 1.000000000e+00 
1.255798759e+00 1.017241379e+00 1.153690597e+00 
1.272786671e+00 1.027093596e+00 1.179575329e+00 
1.232277034e+00 1.099137931e+00 1.151061678e+00 

1.449036263e+00 1.427339901e+00 1.591708797e+00 
1.355439399e+00 1.782019704e+00 1.804448938e+00 
1.564358053e+00 1.592980296e+00 1.754701719e+00 
1.398725907e+00 1.429187192e+00 1.653387260e+00 
1.553577262e+00 1.778940887e+00 2.000000000e+00 
1.237504084e+00 1.326354680e+00 1.590495450e+00 
1.439888925e+00 1.621921182e+00 1.754701719e+00 
1.289937929e+00 1.514162562e+00 1.601011122e+00 
1.659915060e+00 1.665024631e+00 1.898685541e+00 
1.553577262e+00 1.759852217e+00 1.905763397e+00 
1.511760862e+00 1.821428571e+00 2.000000000e+00 
1.395949036e+00 1.445197044e+00 1.601011122e+00 
1.511760862e+00 1.802339901e+00 1.905763397e+00 
1.269519765e+00 1.525246305e+00 1.691809909e+00 
1.486278994e+00 1.894088670e+00 1.905763397e+00 
1.663018621e+00 1.612068966e+00 1.848938322e+00 
1.608951323e+00 1.556034483e+00 1.754701719e+00 
1.486278994e+00 1.913177340e+00 2.000000000e+00 
1.439888925e+00 1.641009852e+00 1.848938322e+00 
1.139496896e+00 1.485221675e+00 1.568048534e+00 
1.236033976e+00 1.435344828e+00 1.593933266e+00 
1.633616465e+00 1.634852217e+00 1.848938322e+00 
1.754982032e+00 1.534482759e+00 1.748634985e+00 
1.381084613e+00 1.676108374e+00 1.804448938e+00 
1.861483175e+00 1.660714286e+00 1.905763397e+00 
1.284384188e+00 1.618226601e+00 1.695247725e+00 
1.162855276e+00 1.423645320e+00 1.443882710e+00 
1.625939236e+00 1.758004926e+00 1.905763397e+00 
1.452466514e+00 1.488300493e+00 1.691809909e+00 
1.652564521e+00 1.623152709e+00 1.842871587e+00 
1.293531526e+00 1.495073892e+00 1.653387260e+00 
1.759065665e+00 1.749384236e+00 2.000000000e+00 
1.381084613e+00 1.695197044e+00 1.898685541e+00 
1.495426331e+00 1.615763547e+00 1.754701719e+00 
1.658771643e+00 1.693965517e+00 1.905763397e+00 
1.772950016e+00 1.575123153e+00 1.848938322e+00 
1.574812153e+00 1.689039409e+00 1.898685541e+00 
1.660241751e+00 1.610221675e+00 1.804448938e+00 
1.168082326e+00 1.408251232e+00 1.584630940e+00 
1.688990526e+00 1.576970443e+00 1.804448938e+00 
1.137373407e+00 1.491379310e+00 1.593933266e+00 
1.168082326e+00 1.389162562e+00 1.490394338e+00 
1.586573015e+00 1.665640394e+00 1.898685541e+00 
1.074158772e+00 1.318349754e+00 1.280889788e+00 
1.204344985e+00 1.307266010e+00 1.496258847e+00 
1.433355113e+00 1.508004926e+00 1.747623862e+00 
1.126592617e+00 1.505541872e+00 1.438018200e+00 
1.495262986e+00 1.631773399e+00 1.804448938e+00 
1.394642274e+00 1.493842365e+00 1.653387260e+00 
1.369813786e+00 1.477216749e+00 1.641456016e+00 
1.802025482e+00 1.487068966e+00 1.754701719e+00 
1.699607971e+00 1.575738916e+00 1.848938322e+00 
1.482848742e+00 1.387315271e+00 1.591708797e+00 
1.566481542e+00 1.584359606e+00 1.754701719e+00 
1.115648481e+00 1.201970443e+00 1.333265925e+00 
1.234237177e+00 1.480295567e+00 1.593933266e+00 
1.293531526e+00 1.514162562e+00 1.747623862e+00 
1.666775564e+00 1.484605911e+00 1.691809909e+00 
1.180006534e+00 1.247536946e+00 1.436804853e+00 
1.520254819e+00 1.469827586e+00 1.685945399e+00 
1.084939562e+00 1.285098522e+00 1.342568251e+00 
1.137373407e+00 1.472290640e+00 1.499696663e+00 
1.538876184e+00 1.485221675e+00 1.691809909e+00 
1.115648481e+00 1.221059113e+00 1.427502528e+00 
1.469454427e+00 1.306034483e+00 1.496258847e+00 
1.600947403e+00 1.556650246e+00 1.754701719e+00 
1.319176740e+00 1.215517241e+00 1.342568251e+00 
1.084286181e+00 1.294334975e+00 1.410920121e+00 
1.057497550e+00 1.113300493e+00 1.153690597e+00 
1.026788631e+00 1.196428571e+00 1.162992922e+00 
1.426331264e+00 1.153940887e+00 1.333265925e+00 
1.058150931e+00 1.142241379e+00 1.273811931e+00 
1.058150931e+00 1.123152709e+00 1.179575329e+00 
1.641293695e+00 1.396551724e+00 1.597573306e+00 
1.084286181e+00 1.275246305e+00 1.316683519e+00 
1.016007841e+00 1.229679803e+00 1.101314459e+00 
1.084939562e+00 1.304187192e+00 1.436804853e+00 
1.057497550e+00 1.132389163e+00 1.247927199e+00 
1.000000000e+00 1.053571429e+00 1.094236603e+00 
1.000000000e+00 1.034482759e+00 1.000000000e+00 
1.026788631e+00 1.215517241e+00 1.257229525e+00 
1.255798759e+00 1.017241379e+00 1.153690597e+00 
1.255798759e+00 1.000000000e+00 1.000000000e+00 
1.232277034e+00 1.099137931e+00 1.151061678e+00 
1.272786671e+00 1.027093596e+00 1.179575329e+00 

1.520254819e+00 1.469827586e+00 1.685945399e+00 
1.666775564e+00 1.484605911e+00 1.691809909e+00 
1.647990853e+00 1.665640394e+00 1.898685541e+00 
1.422247631e+00 1.698891626e+00 1.898685541e+00 
1.441032342e+00 1.624384236e+00 1.754701719e+00 
1.293531526e+00 1.495073892e+00 1.653387260e+00 
1.282424044e+00 1.565886700e+00 1.695247725e+00 
1.375857563e+00 1.429187192e+00 1.593933266e+00 
1.754982032e+00 1.534482759e+00 1.748634985e+00 
1.234237177e+00 1.480295567e+00 1.593933266e+00 
1.802025482e+00 1.487068966e+00 1.754701719e+00 
1.700751388e+00 1.570197044e+00 1.748634985e+00 
1.439888925e+00 1.641009852e+00 1.848938322e+00 
1.252041816e+00 1.611453202e+00 1.601011122e+00 
1.321136883e+00 1.801108374e+00 1.848938322e+00 
1.282424044e+00 1.546798030e+00 1.601011122e+00 
1.380431232e+00 1.764778325e+00 1.848938322e+00 
1.293531526e+00 1.514162562e+00 1.747623862e+00 
1.355439399e+00 1.782019704e+00 1.804448938e+00 
1.167428945e+00 1.418103448e+00 1.506370071e+00 
1.539039530e+00 1.830049261e+00 1.905763397e+00 
1.696014374e+00 1.575123153e+00 1.848938322e+00 
1.577262333e+00 1.485221675e+00 1.691809909e+00 
1.482848742e+00 1.387315271e+00 1.591708797e+00 
1.292714799e+00 1.498152709e+00 1.653387260e+00 
1.486278994e+00 1.610221675e+00 1.804448938e+00 
1.688500490e+00 1.607758621e+00 1.848938322e+00 
1.204344985e+00 1.307266010e+00 1.496258847e+00 
1.301208755e+00 1.725985222e+00 1.754701719e+00 
1.566481542e+00 1.584359606e+00 1.754701719e+00 
1.400032669e+00 1.732758621e+00 1.898685541e+00 
1.074158772e+00 1.318349754e+00 1.280889788e+00 
1.641293695e+00 1.396551724e+00 1.597573306e+00 
1.433355113e+00 1.508004926e+00 1.747623862e+00 
1.285200915e+00 1.530788177e+00 1.653387260e+00 
1.236033976e+00 1.435344828e+00 1.593933266e+00 
1.395949036e+00 1.445197044e+00 1.601011122e+00 
1.126592617e+00 1.505541872e+00 1.438018200e+00 
1.285200915e+00 1.549876847e+00 1.747623862e+00 
1.137373407e+00 1.472290640e+00 1.499696663e+00 
1.566644887e+00 1.692733990e+00 1.898685541e+00 
1.634596537e+00 1.741379310e+00 1.905763397e+00 
1.794838288e+00 1.737068966e+00 1.905763397e+00 
1.663018621e+00 1.612068966e+00 1.848938322e+00 
1.394642274e+00 1.493842365e+00 1.653387260e+00 
1.168082326e+00 1.389162562e+00 1.490394338e+00 
1.137373407e+00 1.491379310e+00 1.593933266e+00 
1.449036263e+00 1.427339901e+00 1.591708797e+00 
1.432701731e+00 1.643472906e+00 1.804448938e+00 
1.816236524e+00 1.834359606e+00 2.000000000e+00 
1.237504084e+00 1.326354680e+00 1.590495450e+00 
1.563377981e+00 1.769704433e+00 1.905763397e+00 
1.292714799e+00 1.517241379e+00 1.747623862e+00 
1.115648481e+00 1.221059113e+00 1.427502528e+00 
1.026788631e+00 1.215517241e+00 1.257229525e+00 
1.180006534e+00 1.247536946e+00 1.436804853e+00 
1.084939562e+00 1.304187192e+00 1.436804853e+00 
1.139496896e+00 1.466133005e+00 1.473811931e+00 
1.469454427e+00 1.306034483e+00 1.496258847e+00 
1.398725907e+00 1.429187192e+00 1.653387260e+00 
1.084286181e+00 1.275246305e+00 1.316683519e+00 
1.016007841e+00 1.229679803e+00 1.101314459e+00 
1.058150931e+00 1.142241379e+00 1.273811931e+00 
1.168082326e+00 1.408251232e+00 1.584630940e+00 
1.483665469e+00 1.506157635e+00 1.685945399e+00 
1.426331264e+00 1.153940887e+00 1.333265925e+00 
1.084939562e+00 1.285098522e+00 1.342568251e+00 
1.319176740e+00 1.215517241e+00 1.342568251e+00 
1.058150931e+00 1.123152709e+00 1.179575329e+00 
1.139496896e+00 1.485221675e+00 1.568048534e+00 
1.057497550e+00 1.132389163e+00 1.247927199e+00 
1.272786671e+00 1.027093596e+00 1.179575329e+00 
1.026788631e+00 1.196428571e+00 1.162992922e+00 
1.115648481e+00 1.201970443e+00 1.333265925e+00 
1.057497550e+00 1.113300493e+00 1.153690597e+00 
1.232277034e+00 1.099137931e+00 1.151061678e+00 
1.000000000e+00 1.053571429e+00 1.094236603e+00 
1.255798759e+00 1.000000000e+00 1.000000000e+00 
1.084286181e+00 1.294334975e+00 1.410920121e+00 
1.000000000e+00 1.034482759e+00 1.000000000e+00 
1.255798759e+00 1.017241379e+00 1.153690597e+00 

1.438908853e+00 1.942118227e+00 1.905763397e+00 
1.381084613e+00 1.695197044e+00 1.898685541e+00 
1.512904280e+00 1.873152709e+00 1.905763397e+00 
1.370793858e+00 1.491995074e+00 1.647320526e+00 
1.631983012e+00 1.857758621e+00 2.000000000e+00 
1.603724273e+00 1.817733990e+00 1.905763397e+00 
1.495262986e+00 1.631773399e+00 1.804448938e+00 
1.688990526e+00 1.576970443e+00 1.804448938e+00 
1.339594904e+00 1.792487685e+00 1.752072801e+00 
1.754982032e+00 1.534482759e+00 1.748634985e+00 
1.487259066e+00 1.488916256e+00 1.653387260e+00 
1.637046717e+00 1.753078818e+00 1.905763397e+00 
1.566481542e+00 1.584359606e+00 1.754701719e+00 
1.356256125e+00 1.779556650e+00 1.752072801e+00 
1.432701731e+00 1.643472906e+00 1.804448938e+00 
1.395949036e+00 1.445197044e+00 1.601011122e+00 
1.429924861e+00 1.659482759e+00 1.752072801e+00 
1.772950016e+00 1.575123153e+00 1.848938322e+00 
1.495426331e+00 1.615763547e+00 1.754701719e+00 
1.162855276e+00 1.423645320e+00 1.443882710e+00 
1.464717413e+00 1.639162562e+00 1.848938322e+00 
1.293531526e+00 1.495073892e+00 1.653387260e+00 
1.574812153e+00 1.689039409e+00 1.898685541e+00 
1.441032342e+00 1.624384236e+00 1.754701719e+00 
1.282424044e+00 1.565886700e+00 1.695247725e+00 
1.889578569e+00 1.668103448e+00 1.905763397e+00 
1.652564521e+00 1.623152709e+00 1.842871587e+00 
1.790918001e+00 1.736453202e+00 1.905763397e+00 
1.084286181e+00 1.275246305e+00 1.316683519e+00 
1.612381575e+00 1.871305419e+00 2.000000000e+00 
1.666775564e+00 1.484605911e+00 1.691809909e+00 
1.167428945e+00 1.418103448e+00 1.506370071e+00 
1.699607971e+00 1.575738916e+00 1.848938322e+00 
1.538876184e+00 1.485221675e+00 1.691809909e+00 
1.586573015e+00 1.665640394e+00 1.898685541e+00 
1.832734401e+00 1.693965517e+00 1.905763397e+00 
1.290754655e+00 1.533866995e+00 1.601011122e+00 
1.204344985e+00 1.307266010e+00 1.496258847e+00 
1.293531526e+00 1.514162562e+00 1.747623862e+00 
1.356256125e+00 1.798645320e+00 1.846309403e+00 
1.508493956e+00 1.502463054e+00 1.685945399e+00 
1.520254819e+00 1.469827586e+00 1.685945399e+00 
1.802025482e+00 1.487068966e+00 1.754701719e+00 
1.252041816e+00 1.611453202e+00 1.601011122e+00 
1.355439399e+00 1.782019704e+00 1.804448938e+00 
1.572688664e+00 1.429187192e+00 1.653387260e+00 
1.084286181e+00 1.294334975e+00 1.410920121e+00 
1.663018621e+00 1.612068966e+00 1.848938322e+00 
1.237504084e+00 1.326354680e+00 1.590495450e+00 
1.487259066e+00 1.508004926e+00 1.747623862e+00 
1.641293695e+00 1.396551724e+00 1.597573306e+00 
1.074158772e+00 1.318349754e+00 1.280889788e+00 
1.168082326e+00 1.389162562e+00 1.490394338e+00 
1.570075139e+00 1.443965517e+00 1.647320526e+00 
1.126592617e+00 1.505541872e+00 1.438018200e+00 
1.234237177e+00 1.480295567e+00 1.593933266e+00 
1.394642274e+00 1.493842365e+00 1.653387260e+00 
1.236033976e+00 1.435344828e+00 1.593933266e+00 
1.115648481e+00 1.201970443e+00 1.333265925e+00 
1.482848742e+00 1.387315271e+00 1.591708797e+00 
1.168082326e+00 1.408251232e+00 1.584630940e+00 
1.449036263e+00 1.427339901e+00 1.591708797e+00 
1.469454427e+00 1.306034483e+00 1.496258847e+00 
1.660241751e+00 1.610221675e+00 1.804448938e+00 
1.115648481e+00 1.221059113e+00 1.427502528e+00 
1.180006534e+00 1.247536946e+00 1.436804853e+00 
1.426331264e+00 1.153940887e+00 1.333265925e+00 
1.058150931e+00 1.123152709e+00 1.179575329e+00 
1.137373407e+00 1.472290640e+00 1.499696663e+00 
1.137373407e+00 1.491379310e+00 1.593933266e+00 
1.026788631e+00 1.215517241e+00 1.257229525e+00 
1.369813786e+00 1.477216749e+00 1.641456016e+00 
1.084939562e+00 1.304187192e+00 1.436804853e+00 
1.016007841e+00 1.229679803e+00 1.101314459e+00 
1.375857563e+00 1.429187192e+00 1.593933266e+00 
1.057497550e+00 1.132389163e+00 1.247927199e+00 
1.139496896e+00 1.485221675e+00 1.568048534e+00 
1.084939562e+00 1.285098522e+00 1.342568251e+00 
1.026788631e+00 1.196428571e+00 1.162992922e+00 
1.058150931e+00 1.142241379e+00 1.273811931e+00 
1.319176740e+00 1.215517241e+00 1.342568251e+00 
1.057497550e+00 1.113300493e+00 1.153690597e+00 
1.255798759e+00 1.000000000e+00 1.000000000e+00 
1.232277034e+00 1.099137931e+00 1.151061678e+00 
1.000000000e+00 1.053571429e+00 1.094236603e+00 
1.272786671e+00 1.027093596e+00 1.179575329e+00 
1.255798759e+00 1.017241379e+00 1.153690597e+00 
1.000000000e+00 1.034482759e+00 1.000000000e+00 

1.552270500e+00 1.820197044e+00 2.000000000e+00 
1.439888925e+00 1.621921182e+00 1.754701719e+00 
1.600947403e+00 1.556650246e+00 1.754701719e+00 
1.370793858e+00 1.491995074e+00 1.647320526e+00 
1.439888925e+00 1.641009852e+00 1.848938322e+00 
1.334041163e+00 1.713669951e+00 1.804448938e+00 
1.486278994e+00 1.913177340e+00 2.000000000e+00 
1.663018621e+00 1.612068966e+00 1.848938322e+00 
1.861483175e+00 1.660714286e+00 1.905763397e+00 
1.506043777e+00 1.710591133e+00 1.898685541e+00 
1.139496896e+00 1.466133005e+00 1.473811931e+00 
1.139496896e+00 1.485221675e+00 1.568048534e+00 
1.647990853e+00 1.665640394e+00 1.898685541e+00 
1.495262986e+00 1.631773399e+00 1.804448938e+00 
1.512414244e+00 1.870073892e+00 2.000000000e+00 
1.704018295e+00 1.818349754e+00 2.000000000e+00 
1.654034629e+00 1.765394089e+00 1.905763397e+00 
1.759065665e+00 1.749384236e+00 2.000000000e+00 
1.564358053e+00 1.592980296e+00 1.754701719e+00 
1.398725907e+00 1.732142857e+00 1.848938322e+00 
1.719046063e+00 1.556034483e+00 1.754701719e+00 
1.574812153e+00 1.689039409e+00 1.898685541e+00 
1.455570075e+00 1.745073892e+00 1.898685541e+00 
1.234237177e+00 1.480295567e+00 1.593933266e+00 
1.395949036e+00 1.445197044e+00 1.601011122e+00 
1.282424044e+00 1.565886700e+00 1.695247725e+00 
1.495426331e+00 1.615763547e+00 1.754701719e+00 
1.429924861e+00 1.659482759e+00 1.752072801e+00 
1.699607971e+00 1.575738916e+00 1.848938322e+00 
1.398725907e+00 1.713054187e+00 1.754701719e+00 
1.356256125e+00 1.798645320e+00 1.846309403e+00 
1.237504084e+00 1.326354680e+00 1.590495450e+00 
1.688990526e+00 1.576970443e+00 1.804448938e+00 
1.538876184e+00 1.485221675e+00 1.691809909e+00 
1.422247631e+00 1.754310345e+00 1.898685541e+00 
1.633616465e+00 1.634852217e+00 1.848938322e+00 
1.482848742e+00 1.387315271e+00 1.591708797e+00 
1.772950016e+00 1.575123153e+00 1.848938322e+00 
1.375857563e+00 1.429187192e+00 1.593933266e+00 
1.537569422e+00 1.506157635e+00 1.685945399e+00 
1.293531526e+00 1.495073892e+00 1.653387260e+00 
1.464717413e+00 1.639162562e+00 1.848938322e+00 
1.162855276e+00 1.423645320e+00 1.443882710e+00 
1.137373407e+00 1.472290640e+00 1.499696663e+00 
1.487259066e+00 1.508004926e+00 1.747623862e+00 
1.394642274e+00 1.493842365e+00 1.653387260e+00 
1.666775564e+00 1.484605911e+00 1.691809909e+00 
1.570075139e+00 1.443965517e+00 1.647320526e+00 
1.464717413e+00 1.620073892e+00 1.754701719e+00 
1.572688664e+00 1.429187192e+00 1.653387260e+00 
1.539039530e+00 1.830049261e+00 1.905763397e+00 
1.236033976e+00 1.435344828e+00 1.593933266e+00 
1.137373407e+00 1.491379310e+00 1.593933266e+00 
1.204344985e+00 1.307266010e+00 1.496258847e+00 
1.168082326e+00 1.408251232e+00 1.584630940e+00 
1.289937929e+00 1.533251232e+00 1.695247725e+00 
1.754982032e+00 1.534482759e+00 1.748634985e+00 
1.180006534e+00 1.247536946e+00 1.436804853e+00 
1.115648481e+00 1.221059113e+00 1.427502528e+00 
1.566481542e+00 1.584359606e+00 1.754701719e+00 
1.651584450e+00 1.802955665e+00 1.905763397e+00 
1.084939562e+00 1.285098522e+00 1.342568251e+00 
1.449036263e+00 1.427339901e+00 1.591708797e+00 
1.115648481e+00 1.201970443e+00 1.333265925e+00 
1.641293695e+00 1.396551724e+00 1.597573306e+00 
1.660241751e+00 1.610221675e+00 1.804448938e+00 
1.285200915e+00 1.606527094e+00 1.747623862e+00 
1.371610585e+00 1.743226601e+00 1.848938322e+00 
1.084286181e+00 1.275246305e+00 1.316683519e+00 
1.084939562e+00 1.304187192e+00 1.436804853e+00 
1.487259066e+00 1.488916256e+00 1.653387260e+00 
1.369813786e+00 1.477216749e+00 1.641456016e+00 
1.802025482e+00 1.487068966e+00 1.754701719e+00 
1.168082326e+00 1.389162562e+00 1.490394338e+00 
1.167428945e+00 1.418103448e+00 1.506370071e+00 
1.136720026e+00 1.501231527e+00 1.515672396e+00 
1.026788631e+00 1.215517241e+00 1.257229525e+00 
1.084286181e+00 1.294334975e+00 1.410920121e+00 
1.058150931e+00 1.123152709e+00 1.179575329e+00 
1.058150931e+00 1.142241379e+00 1.273811931e+00 
1.293531526e+00 1.514162562e+00 1.747623862e+00 
1.528748775e+00 1.486453202e+00 1.653387260e+00 
1.469454427e+00 1.306034483e+00 1.496258847e+00 
1.426331264e+00 1.153940887e+00 1.333265925e+00 
1.057497550e+00 1.113300493e+00 1.153690597e+00 
1.000000000e+00 1.034482759e+00 1.000000000e+00 
1.016007841e+00 1.229679803e+00 1.101314459e+00 
1.057497550e+00 1.132389163e+00 1.247927199e+00 
1.026788631e+00 1.196428571e+00 1.162992922e+00 
1.255798759e+00 1.017241379e+00 1.153690597e+00 
1.255798759e+00 1.000000000e+00 1.000000000e+00 
1.232277034e+00 1.099137931e+00 1.151061678e+00 
1.319176740e+00 1.215517241e+00 1.342568251e+00 
1.000000000e+00 1.053571429e+00 1.094236603e+00 
1.272786671e+00 1.027093596e+00 1.179575329e+00 

1.383044757e+00 1.813423645e+00 1.898685541e+00 
1.301208755e+00 1.725985222e+00 1.754701719e+00 
1.375857563e+00 1.429187192e+00 1.593933266e+00 
1.285200915e+00 1.530788177e+00 1.653387260e+00 
1.162855276e+00 1.423645320e+00 1.443882710e+00 
1.398725907e+00 1.429187192e+00 1.653387260e+00 
1.252041816e+00 1.611453202e+00 1.601011122e+00 
1.426004574e+00 1.701970443e+00 1.898685541e+00 
1.370793858e+00 1.491995074e+00 1.647320526e+00 
1.754982032e+00 1.534482759e+00 1.748634985e+00 
1.398725907e+00 1.713054187e+00 1.754701719e+00 
1.394642274e+00 1.493842365e+00 1.653387260e+00 
1.284384188e+00 1.618226601e+00 1.695247725e+00 
1.284384188e+00 1.599137931e+00 1.601011122e+00 
1.693400849e+00 1.772783251e+00 2.000000000e+00 
1.422247631e+00 1.679802956e+00 1.804448938e+00 
1.439888925e+00 1.938423645e+00 2.000000000e+00 
1.616955243e+00 1.736453202e+00 1.905763397e+00 
1.380431232e+00 1.764778325e+00 1.848938322e+00 
1.452466514e+00 1.488300493e+00 1.691809909e+00 
1.594740281e+00 1.838054187e+00 2.000000000e+00 
1.289937929e+00 1.514162562e+00 1.601011122e+00 
1.395949036e+00 1.445197044e+00 1.601011122e+00 
1.204344985e+00 1.307266010e+00 1.496258847e+00 
1.284874224e+00 1.599137931e+00 1.650758342e+00 
1.358379615e+00 1.792487685e+00 1.820424671e+00 
1.293531526e+00 1.495073892e+00 1.653387260e+00 
1.167428945e+00 1.418103448e+00 1.506370071e+00 
1.236033976e+00 1.435344828e+00 1.593933266e+00 
1.415550474e+00 1.724137931e+00 1.804448938e+00 
1.285200915e+00 1.606527094e+00 1.747623862e+00 
1.496733094e+00 1.912561576e+00 2.000000000e+00 
1.696014374e+00 1.575123153e+00 1.848938322e+00 
1.651584450e+00 1.815270936e+00 2.000000000e+00 
1.512904280e+00 1.873152709e+00 1.905763397e+00 
1.612544920e+00 1.469827586e+00 1.685945399e+00 
1.552923881e+00 1.887931034e+00 2.000000000e+00 
1.139496896e+00 1.466133005e+00 1.473811931e+00 
1.084286181e+00 1.294334975e+00 1.410920121e+00 
1.755472068e+00 1.748768473e+00 2.000000000e+00 
1.422247631e+00 1.754310345e+00 1.898685541e+00 
1.139496896e+00 1.485221675e+00 1.568048534e+00 
1.520908200e+00 1.689039409e+00 1.898685541e+00 
1.292714799e+00 1.517241379e+00 1.747623862e+00 
1.802025482e+00 1.487068966e+00 1.754701719e+00 
1.454753349e+00 1.699507389e+00 1.898685541e+00 
1.234237177e+00 1.480295567e+00 1.593933266e+00 
1.237504084e+00 1.326354680e+00 1.590495450e+00 
1.137373407e+00 1.472290640e+00 1.499696663e+00 
1.369813786e+00 1.477216749e+00 1.641456016e+00 
1.292714799e+00 1.498152709e+00 1.653387260e+00 
1.482848742e+00 1.387315271e+00 1.591708797e+00 
1.579712512e+00 1.634852217e+00 1.848938322e+00 
1.641293695e+00 1.396551724e+00 1.597573306e+00 
1.396602418e+00 1.725369458e+00 1.754701719e+00 
1.126592617e+00 1.505541872e+00 1.438018200e+00 
1.084286181e+00 1.275246305e+00 1.316683519e+00 
1.565338125e+00 1.874384236e+00 2.000000000e+00 
1.180006534e+00 1.247536946e+00 1.436804853e+00 
1.518294675e+00 1.809113300e+00 1.905763397e+00 
1.486278994e+00 1.610221675e+00 1.804448938e+00 
1.433355113e+00 1.508004926e+00 1.747623862e+00 
1.115648481e+00 1.221059113e+00 1.427502528e+00 
1.562071219e+00 1.808497537e+00 1.905763397e+00 
1.168082326e+00 1.389162562e+00 1.490394338e+00 
1.084939562e+00 1.304187192e+00 1.436804853e+00 
1.439725580e+00 1.625000000e+00 1.754701719e+00 
1.582979418e+00 1.665024631e+00 1.898685541e+00 
1.137373407e+00 1.491379310e+00 1.593933266e+00 
1.469454427e+00 1.306034483e+00 1.496258847e+00 
1.658771643e+00 1.693965517e+00 1.905763397e+00 
1.449036263e+00 1.427339901e+00 1.591708797e+00 
1.439725580e+00 1.644088670e+00 1.848938322e+00 
1.084939562e+00 1.285098522e+00 1.342568251e+00 
1.861483175e+00 1.660714286e+00 1.905763397e+00 
1.074158772e+00 1.318349754e+00 1.280889788e+00 
1.168082326e+00 1.408251232e+00 1.584630940e+00 
1.058150931e+00 1.123152709e+00 1.179575329e+00 
1.426331264e+00 1.153940887e+00 1.333265925e+00 
1.319176740e+00 1.215517241e+00 1.342568251e+00 
1.026788631e+00 1.196428571e+00 1.162992922e+00 
1.545083306e+00 1.556034483e+00 1.754701719e+00 
1.058150931e+00 1.142241379e+00 1.273811931e+00 
1.057497550e+00 1.113300493e+00 1.153690597e+00 
1.016007841e+00 1.229679803e+00 1.101314459e+00 
1.688990526e+00 1.576970443e+00 1.804448938e+00 
1.255798759e+00 1.017241379e+00 1.153690597e+00 
1.115648481e+00 1.201970443e+00 1.333265925e+00 
1.272786671e+00 1.027093596e+00 1.179575329e+00 
1.000000000e+00 1.034482759e+00 1.000000000e+00 
1.255798759e+00 1.000000000e+00 1.000000000e+00 
1.232277034e+00 1.099137931e+00 1.151061678e+00 
1.057497550e+00 1.132389163e+00 1.247927199e+00 
1.026788631e+00 1.215517241e+00 1.257229525e+00 
1.000000000e+00 1.053571429e+00 1.094236603e+00 

1.962757269e+00 1.693349754e+00 1.905763397e+00 
1.269519765e+00 1.506157635e+00 1.597573306e+00 
1.234237177e+00 1.480295567e+00 1.593933266e+00 
1.324730480e+00 1.716133005e+00 1.848938322e+00 
1.126592617e+00 1.505541872e+00 1.438018200e+00 
1.439725580e+00 1.644088670e+00 1.848938322e+00 
1.696014374e+00 1.575123153e+00 1.848938322e+00 
1.282424044e+00 1.565886700e+00 1.695247725e+00 
1.292714799e+00 1.498152709e+00 1.653387260e+00 
1.449036263e+00 1.427339901e+00 1.591708797e+00 
1.362463247e+00 1.495073892e+00 1.653387260e+00 
1.545083306e+00 1.556034483e+00 1.754701719e+00 
1.641293695e+00 1.396551724e+00 1.597573306e+00 
1.688990526e+00 1.576970443e+00 1.804448938e+00 
1.370793858e+00 1.491995074e+00 1.647320526e+00 
1.168082326e+00 1.389162562e+00 1.490394338e+00 
1.439725580e+00 1.625000000e+00 1.754701719e+00 
1.269519765e+00 1.525246305e+00 1.691809909e+00 
1.486278994e+00 1.610221675e+00 1.804448938e+00 
1.433355113e+00 1.508004926e+00 1.747623862e+00 
1.390395296e+00 1.673645320e+00 1.898685541e+00 
1.291734727e+00 1.559113300e+00 1.747623862e+00 
1.802025482e+00 1.487068966e+00 1.754701719e+00 
1.430741588e+00 1.628078818e+00 1.754701719e+00 
1.836001307e+00 1.701354680e+00 1.905763397e+00 
1.563377981e+00 1.769704433e+00 1.905763397e+00 
1.370793858e+00 1.511083744e+00 1.741557128e+00 
1.535935969e+00 1.484605911e+00 1.691809909e+00 
1.375204182e+00 1.657019704e+00 1.754701719e+00 
1.488892519e+00 1.794950739e+00 1.905763397e+00 
1.482848742e+00 1.387315271e+00 1.591708797e+00 
1.292714799e+00 1.517241379e+00 1.747623862e+00 
1.236033976e+00 1.435344828e+00 1.593933266e+00 
1.375857563e+00 1.429187192e+00 1.593933266e+00 
1.717085920e+00 1.765394089e+00 1.905763397e+00 
1.321136883e+00 1.801108374e+00 1.848938322e+00 
1.383044757e+00 1.813423645e+00 1.898685541e+00 
1.168082326e+00 1.408251232e+00 1.584630940e+00 
1.237504084e+00 1.307266010e+00 1.496258847e+00 
1.074158772e+00 1.318349754e+00 1.280889788e+00 
1.137373407e+00 1.472290640e+00 1.499696663e+00 
1.820320157e+00 1.762315271e+00 1.905763397e+00 
1.394642274e+00 1.493842365e+00 1.653387260e+00 
1.237504084e+00 1.326354680e+00 1.590495450e+00 
1.432701731e+00 1.643472906e+00 1.804448938e+00 
1.139496896e+00 1.466133005e+00 1.473811931e+00 
1.115648481e+00 1.201970443e+00 1.333265925e+00 
1.395949036e+00 1.445197044e+00 1.601011122e+00 
1.398725907e+00 1.429187192e+00 1.653387260e+00 
1.139496896e+00 1.485221675e+00 1.568048534e+00 
1.137373407e+00 1.491379310e+00 1.593933266e+00 
1.285200915e+00 1.606527094e+00 1.747623862e+00 
1.084286181e+00 1.294334975e+00 1.410920121e+00 
1.579712512e+00 1.634852217e+00 1.848938322e+00 
1.084939562e+00 1.285098522e+00 1.342568251e+00 
1.180006534e+00 1.247536946e+00 1.436804853e+00 
1.115648481e+00 1.221059113e+00 1.427502528e+00 
1.016007841e+00 1.229679803e+00 1.101314459e+00 
1.026788631e+00 1.215517241e+00 1.257229525e+00 
1.026788631e+00 1.196428571e+00 1.162992922e+00 
1.084286181e+00 1.275246305e+00 1.316683519e+00 
1.469454427e+00 1.306034483e+00 1.496258847e+00 
1.058150931e+00 1.123152709e+00 1.179575329e+00 
1.058150931e+00 1.142241379e+00 1.273811931e+00 
1.084939562e+00 1.304187192e+00 1.436804853e+00 
1.057497550e+00 1.113300493e+00 1.153690597e+00 
1.232277034e+00 1.099137931e+00 1.151061678e+00 
1.426331264e+00 1.153940887e+00 1.333265925e+00 
1.272786671e+00 1.027093596e+00 1.179575329e+00 
1.319176740e+00 1.215517241e+00 1.342568251e+00 
1.057497550e+00 1.132389163e+00 1.247927199e+00 
1.000000000e+00 1.034482759e+00 1.000000000e+00 
1.255798759e+00 1.017241379e+00 1.153690597e+00 
1.255798759e+00 1.000000000e+00 1.000000000e+00 
1.000000000e+00 1.053571429e+00 1.094236603e+00 

1.582979418e+00 1.665024631e+00 1.898685541e+00 
1.375857563e+00 1.429187192e+00 1.593933266e+00 
1.324730480e+00 1.697044335e+00 1.754701719e+00 
1.508003920e+00 1.952586207e+00 2.000000000e+00 
1.374714146e+00 1.644704433e+00 1.848938322e+00 
1.521234891e+00 1.673645320e+00 1.898685541e+00 
1.269519765e+00 1.506157635e+00 1.597573306e+00 
1.293531526e+00 1.495073892e+00 1.653387260e+00 
1.284384188e+00 1.618226601e+00 1.695247725e+00 
1.658771643e+00 1.693965517e+00 1.905763397e+00 
1.293531526e+00 1.514162562e+00 1.747623862e+00 
1.579712512e+00 1.634852217e+00 1.848938322e+00 
1.829304149e+00 1.759852217e+00 2.000000000e+00 
1.520908200e+00 1.689039409e+00 1.898685541e+00 
1.168082326e+00 1.408251232e+00 1.584630940e+00 
1.861483175e+00 1.660714286e+00 1.905763397e+00 
1.236033976e+00 1.435344828e+00 1.593933266e+00 
1.234237177e+00 1.480295567e+00 1.593933266e+00 
1.612544920e+00 1.469827586e+00 1.685945399e+00 
1.269519765e+00 1.525246305e+00 1.691809909e+00 
1.535935969e+00 1.484605911e+00 1.691809909e+00 
1.292714799e+00 1.517241379e+00 1.747623862e+00 
1.449036263e+00 1.427339901e+00 1.591708797e+00 
1.370793858e+00 1.511083744e+00 1.741557128e+00 
1.696014374e+00 1.575123153e+00 1.848938322e+00 
1.395949036e+00 1.445197044e+00 1.601011122e+00 
1.486278994e+00 1.610221675e+00 1.804448938e+00 
1.422247631e+00 1.698891626e+00 1.898685541e+00 
1.137373407e+00 1.491379310e+00 1.593933266e+00 
1.650441032e+00 1.387315271e+00 1.591708797e+00 
1.535282587e+00 1.668103448e+00 1.898685541e+00 
1.394642274e+00 1.493842365e+00 1.653387260e+00 
1.467984319e+00 1.908866995e+00 1.905763397e+00 
1.074158772e+00 1.318349754e+00 1.280889788e+00 
1.433355113e+00 1.508004926e+00 1.747623862e+00 
1.754982032e+00 1.534482759e+00 1.748634985e+00 
1.237504084e+00 1.326354680e+00 1.590495450e+00 
1.139496896e+00 1.485221675e+00 1.568048534e+00 
1.688990526e+00 1.576970443e+00 1.804448938e+00 
1.452466514e+00 1.488300493e+00 1.691809909e+00 
1.430741588e+00 1.628078818e+00 1.754701719e+00 
1.688500490e+00 1.607758621e+00 1.848938322e+00 
1.137373407e+00 1.472290640e+00 1.499696663e+00 
1.545083306e+00 1.556034483e+00 1.754701719e+00 
1.168082326e+00 1.389162562e+00 1.490394338e+00 
1.592126756e+00 1.926724138e+00 2.000000000e+00 
1.084939562e+00 1.285098522e+00 1.342568251e+00 
1.204344985e+00 1.307266010e+00 1.496258847e+00 
1.084286181e+00 1.275246305e+00 1.316683519e+00 
1.016007841e+00 1.229679803e+00 1.101314459e+00 
1.292714799e+00 1.498152709e+00 1.653387260e+00 
1.115648481e+00 1.201970443e+00 1.333265925e+00 
1.398725907e+00 1.429187192e+00 1.653387260e+00 
1.400032669e+00 1.732758621e+00 1.898685541e+00 
1.321136883e+00 1.801108374e+00 1.848938322e+00 
1.802025482e+00 1.487068966e+00 1.754701719e+00 
1.115648481e+00 1.221059113e+00 1.427502528e+00 
1.058150931e+00 1.123152709e+00 1.179575329e+00 
1.126592617e+00 1.505541872e+00 1.438018200e+00 
1.084939562e+00 1.304187192e+00 1.436804853e+00 
1.162855276e+00 1.423645320e+00 1.443882710e+00 
1.180006534e+00 1.247536946e+00 1.436804853e+00 
1.026788631e+00 1.196428571e+00 1.162992922e+00 
1.535935969e+00 1.811576355e+00 1.905763397e+00 
1.058150931e+00 1.142241379e+00 1.273811931e+00 
1.139496896e+00 1.466133005e+00 1.473811931e+00 
1.057497550e+00 1.113300493e+00 1.153690597e+00 
1.432701731e+00 1.643472906e+00 1.804448938e+00 
1.469454427e+00 1.306034483e+00 1.496258847e+00 
1.426331264e+00 1.153940887e+00 1.333265925e+00 
1.084286181e+00 1.294334975e+00 1.410920121e+00 
1.285200915e+00 1.549876847e+00 1.747623862e+00 
1.439235544e+00 1.931650246e+00 1.905763397e+00 
1.000000000e+00 1.034482759e+00 1.000000000e+00 
1.319176740e+00 1.215517241e+00 1.342568251e+00 
1.255798759e+00 1.017241379e+00 1.153690597e+00 
1.057497550e+00 1.132389163e+00 1.247927199e+00 
1.641293695e+00 1.396551724e+00 1.597573306e+00 
1.255798759e+00 1.000000000e+00 1.000000000e+00 
1.026788631e+00 1.215517241e+00 1.257229525e+00 
1.334041163e+00 1.713669951e+00 1.804448938e+00 
1.000000000e+00 1.053571429e+00 1.094236603e+00 
1.232277034e+00 1.099137931e+00 1.151061678e+00 
1.272786671e+00 1.027093596e+00 1.179575329e+00 

1.754982032e+00 1.534482759e+00 1.748634985e+00 
1.137373407e+00 1.472290640e+00 1.499696663e+00 
1.236033976e+00 1.435344828e+00 1.593933266e+00 
1.579712512e+00 1.634852217e+00 1.848938322e+00 
1.527442012e+00 1.916871921e+00 2.000000000e+00 
1.375857563e+00 1.429187192e+00 1.593933266e+00 
1.394642274e+00 1.493842365e+00 1.653387260e+00 
1.520908200e+00 1.689039409e+00 1.898685541e+00 
1.505227050e+00 1.950738916e+00 2.000000000e+00 
1.126592617e+00 1.505541872e+00 1.438018200e+00 
1.321136883e+00 1.801108374e+00 1.848938322e+00 
1.658771643e+00 1.693965517e+00 1.905763397e+00 
1.594740281e+00 1.782635468e+00 2.000000000e+00 
1.552923881e+00 1.825123153e+00 2.000000000e+00 
1.439725580e+00 1.625000000e+00 1.754701719e+00 
1.234237177e+00 1.480295567e+00 1.593933266e+00 
1.400032669e+00 1.732758621e+00 1.898685541e+00 
1.324730480e+00 1.716133005e+00 1.848938322e+00 
1.618915387e+00 1.740763547e+00 1.905763397e+00 
1.469454427e+00 1.306034483e+00 1.496258847e+00 
1.482848742e+00 1.387315271e+00 1.591708797e+00 
1.370793858e+00 1.511083744e+00 1.741557128e+00 
1.535935969e+00 1.484605911e+00 1.691809909e+00 
1.289937929e+00 1.514162562e+00 1.601011122e+00 
1.293531526e+00 1.514162562e+00 1.747623862e+00 
1.518294675e+00 1.809113300e+00 1.905763397e+00 
1.545083306e+00 1.556034483e+00 1.754701719e+00 
1.301208755e+00 1.725985222e+00 1.754701719e+00 
1.339921594e+00 1.625615764e+00 1.754701719e+00 
1.582979418e+00 1.665024631e+00 1.898685541e+00 
1.755472068e+00 1.748768473e+00 2.000000000e+00 
1.486278994e+00 1.610221675e+00 1.804448938e+00 
1.370793858e+00 1.491995074e+00 1.647320526e+00 
1.422247631e+00 1.698891626e+00 1.898685541e+00 
1.641293695e+00 1.396551724e+00 1.597573306e+00 
1.269519765e+00 1.525246305e+00 1.691809909e+00 
1.115648481e+00 1.201970443e+00 1.333265925e+00 
1.084286181e+00 1.275246305e+00 1.316683519e+00 
1.696014374e+00 1.575123153e+00 1.848938322e+00 
1.137373407e+00 1.491379310e+00 1.593933266e+00 
1.483665469e+00 1.506157635e+00 1.685945399e+00 
1.168082326e+00 1.389162562e+00 1.490394338e+00 
1.362463247e+00 1.495073892e+00 1.653387260e+00 
1.237504084e+00 1.307266010e+00 1.496258847e+00 
1.861483175e+00 1.660714286e+00 1.905763397e+00 
1.531035609e+00 1.897783251e+00 2.000000000e+00 
1.588206468e+00 1.765394089e+00 1.905763397e+00 
1.074158772e+00 1.318349754e+00 1.280889788e+00 
1.433355113e+00 1.508004926e+00 1.747623862e+00 
1.237504084e+00 1.326354680e+00 1.590495450e+00 
1.139496896e+00 1.466133005e+00 1.473811931e+00 
1.439725580e+00 1.644088670e+00 1.848938322e+00 
1.139496896e+00 1.485221675e+00 1.568048534e+00 
1.084939562e+00 1.285098522e+00 1.342568251e+00 
1.292714799e+00 1.498152709e+00 1.653387260e+00 
1.449036263e+00 1.427339901e+00 1.591708797e+00 
1.688500490e+00 1.607758621e+00 1.848938322e+00 
1.084939562e+00 1.304187192e+00 1.436804853e+00 
1.802025482e+00 1.487068966e+00 1.754701719e+00 
1.206468474e+00 1.427955665e+00 1.532254803e+00 
1.612544920e+00 1.469827586e+00 1.685945399e+00 
1.688990526e+00 1.576970443e+00 1.804448938e+00 
1.339921594e+00 1.644704433e+00 1.848938322e+00 
1.319176740e+00 1.215517241e+00 1.342568251e+00 
1.426331264e+00 1.153940887e+00 1.333265925e+00 
1.115648481e+00 1.221059113e+00 1.427502528e+00 
1.282424044e+00 1.565886700e+00 1.695247725e+00 
1.285200915e+00 1.549876847e+00 1.747623862e+00 
1.026788631e+00 1.196428571e+00 1.162992922e+00 
1.016007841e+00 1.229679803e+00 1.101314459e+00 
1.026788631e+00 1.215517241e+00 1.257229525e+00 
1.292714799e+00 1.517241379e+00 1.747623862e+00 
1.084286181e+00 1.294334975e+00 1.410920121e+00 
1.180006534e+00 1.247536946e+00 1.436804853e+00 
1.209245345e+00 1.411945813e+00 1.584630940e+00 
1.395949036e+00 1.445197044e+00 1.601011122e+00 
1.058150931e+00 1.123152709e+00 1.179575329e+00 
1.398725907e+00 1.429187192e+00 1.653387260e+00 
1.058150931e+00 1.142241379e+00 1.273811931e+00 
1.057497550e+00 1.132389163e+00 1.247927199e+00 
1.255798759e+00 1.017241379e+00 1.153690597e+00 
1.272786671e+00 1.027093596e+00 1.179575329e+00 
1.057497550e+00 1.113300493e+00 1.153690597e+00 
1.232277034e+00 1.099137931e+00 1.151061678e+00 
1.000000000e+00 1.053571429e+00 1.094236603e+00 
1.000000000e+00 1.034482759e+00 1.000000000e+00 
1.255798759e+00 1.000000000e+00 1.000000000e+00 

1.139496896e+00 1.485221675e+00 1.568048534e+00 
1.629206142e+00 1.805418719e+00 1.905763397e+00 
1.704835021e+00 1.829433498e+00 2.000000000e+00 
1.380431232e+00 1.764778325e+00 1.848938322e+00 
1.395949036e+00 1.445197044e+00 1.601011122e+00 
1.787814440e+00 1.760467980e+00 2.000000000e+00 
1.508493956e+00 1.502463054e+00 1.685945399e+00 
1.577262333e+00 1.485221675e+00 1.691809909e+00 
1.482848742e+00 1.387315271e+00 1.591708797e+00 
1.237504084e+00 1.326354680e+00 1.590495450e+00 
1.658771643e+00 1.693965517e+00 1.905763397e+00 
1.679516498e+00 1.857142857e+00 2.000000000e+00 
1.600947403e+00 1.556650246e+00 1.754701719e+00 
1.512414244e+00 1.870073892e+00 2.000000000e+00 
1.688990526e+00 1.576970443e+00 1.804448938e+00 
1.381084613e+00 1.676108374e+00 1.804448938e+00 
1.861483175e+00 1.660714286e+00 1.905763397e+00 
1.284384188e+00 1.618226601e+00 1.695247725e+00 
1.654688010e+00 1.769088670e+00 1.905763397e+00 
1.084286181e+00 1.294334975e+00 1.410920121e+00 
1.719046063e+00 1.556034483e+00 1.754701719e+00 
1.772950016e+00 1.575123153e+00 1.848938322e+00 
1.539039530e+00 1.830049261e+00 1.905763397e+00 
1.398725907e+00 1.429187192e+00 1.653387260e+00 
1.634269846e+00 1.634852217e+00 1.848938322e+00 
1.699607971e+00 1.575738916e+00 1.848938322e+00 
1.495262986e+00 1.631773399e+00 1.804448938e+00 
1.381084613e+00 1.695197044e+00 1.898685541e+00 
1.663018621e+00 1.612068966e+00 1.848938322e+00 
1.647990853e+00 1.665640394e+00 1.898685541e+00 
1.666775564e+00 1.484605911e+00 1.691809909e+00 
1.566481542e+00 1.584359606e+00 1.754701719e+00 
1.439888925e+00 1.641009852e+00 1.848938322e+00 
1.802025482e+00 1.487068966e+00 1.754701719e+00 
1.137373407e+00 1.491379310e+00 1.593933266e+00 
1.236033976e+00 1.435344828e+00 1.593933266e+00 
1.449036263e+00 1.427339901e+00 1.591708797e+00 
1.286507677e+00 1.612068966e+00 1.669362993e+00 
1.588533159e+00 1.637931034e+00 1.842871587e+00 
1.293531526e+00 1.514162562e+00 1.747623862e+00 
1.282424044e+00 1.546798030e+00 1.601011122e+00 
1.289937929e+00 1.533251232e+00 1.695247725e+00 
1.495426331e+00 1.615763547e+00 1.754701719e+00 
1.167428945e+00 1.418103448e+00 1.506370071e+00 
1.481051944e+00 1.625615764e+00 1.754701719e+00 
1.234237177e+00 1.480295567e+00 1.593933266e+00 
1.660241751e+00 1.610221675e+00 1.804448938e+00 
1.487259066e+00 1.508004926e+00 1.747623862e+00 
1.321136883e+00 1.782019704e+00 1.754701719e+00 
1.168082326e+00 1.389162562e+00 1.490394338e+00 
1.521234891e+00 1.673645320e+00 1.898685541e+00 
1.162855276e+00 1.423645320e+00 1.443882710e+00 
1.074158772e+00 1.318349754e+00 1.280889788e+00 
1.126592617e+00 1.505541872e+00 1.438018200e+00 
1.137373407e+00 1.472290640e+00 1.499696663e+00 
1.292878144e+00 1.524014778e+00 1.669362993e+00 
1.754982032e+00 1.534482759e+00 1.748634985e+00 
1.168082326e+00 1.408251232e+00 1.584630940e+00 
1.394642274e+00 1.493842365e+00 1.653387260e+00 
1.084286181e+00 1.275246305e+00 1.316683519e+00 
1.293531526e+00 1.495073892e+00 1.653387260e+00 
1.115648481e+00 1.201970443e+00 1.333265925e+00 
1.204344985e+00 1.307266010e+00 1.496258847e+00 
1.285200915e+00 1.587438424e+00 1.653387260e+00 
1.641293695e+00 1.396551724e+00 1.597573306e+00 
1.058150931e+00 1.123152709e+00 1.179575329e+00 
1.115648481e+00 1.221059113e+00 1.427502528e+00 
1.084939562e+00 1.285098522e+00 1.342568251e+00 
1.426331264e+00 1.153940887e+00 1.333265925e+00 
1.016007841e+00 1.229679803e+00 1.101314459e+00 
1.058150931e+00 1.142241379e+00 1.273811931e+00 
1.180006534e+00 1.247536946e+00 1.436804853e+00 
1.026788631e+00 1.196428571e+00 1.162992922e+00 
1.084939562e+00 1.304187192e+00 1.436804853e+00 
1.469454427e+00 1.306034483e+00 1.496258847e+00 
1.026788631e+00 1.215517241e+00 1.257229525e+00 
1.057497550e+00 1.113300493e+00 1.153690597e+00 
1.057497550e+00 1.132389163e+00 1.247927199e+00 
1.319176740e+00 1.215517241e+00 1.342568251e+00 
1.255798759e+00 1.000000000e+00 1.000000000e+00 
1.000000000e+00 1.034482759e+00 1.000000000e+00 
1.272786671e+00 1.027093596e+00 1.179575329e+00 
1.000000000e+00 1.053571429e+00 1.094236603e+00 
1.255798759e+00 1.017241379e+00 1.153690597e+00 
1.232277034e+00 1.099137931e+00 1.151061678e+00 

1.285200915e+00 1.606527094e+00 1.747623862e+00 
1.432701731e+00 1.643472906e+00 1.804448938e+00 
1.512414244e+00 1.870073892e+00 2.000000000e+00 
1.608951323e+00 1.556034483e+00 1.754701719e+00 
1.647990853e+00 1.665640394e+00 1.898685541e+00 
1.285200915e+00 1.587438424e+00 1.653387260e+00 
1.792388108e+00 1.794950739e+00 2.000000000e+00 
1.641620385e+00 1.758620690e+00 1.905763397e+00 
1.680169879e+00 1.722290640e+00 1.905763397e+00 
1.832407710e+00 1.748768473e+00 2.000000000e+00 
1.381084613e+00 1.695197044e+00 1.898685541e+00 
1.237504084e+00 1.326354680e+00 1.590495450e+00 
1.772950016e+00 1.575123153e+00 1.848938322e+00 
1.293531526e+00 1.495073892e+00 1.653387260e+00 
1.659915060e+00 1.665024631e+00 1.898685541e+00 
1.321136883e+00 1.801108374e+00 1.848938322e+00 
1.861483175e+00 1.660714286e+00 1.905763397e+00 
1.321136883e+00 1.782019704e+00 1.754701719e+00 
1.291734727e+00 1.540024631e+00 1.653387260e+00 
1.439888925e+00 1.938423645e+00 2.000000000e+00 
1.439888925e+00 1.641009852e+00 1.848938322e+00 
1.646030709e+00 1.668103448e+00 1.898685541e+00 
1.380431232e+00 1.745689655e+00 1.754701719e+00 
1.634269846e+00 1.634852217e+00 1.848938322e+00 
1.699607971e+00 1.575738916e+00 1.848938322e+00 
1.284384188e+00 1.599137931e+00 1.601011122e+00 
1.502776870e+00 1.465517241e+00 1.597573306e+00 
1.704998367e+00 1.810344828e+00 2.000000000e+00 
1.650767723e+00 1.846059113e+00 2.000000000e+00 
1.540999673e+00 1.620689655e+00 1.754701719e+00 
1.496733094e+00 1.912561576e+00 2.000000000e+00 
1.835347926e+00 1.703817734e+00 1.905763397e+00 
1.284874224e+00 1.599137931e+00 1.650758342e+00 
1.380431232e+00 1.764778325e+00 1.848938322e+00 
1.688990526e+00 1.576970443e+00 1.804448938e+00 
1.625939236e+00 1.802339901e+00 1.905763397e+00 
1.293531526e+00 1.514162562e+00 1.747623862e+00 
1.520254819e+00 1.469827586e+00 1.685945399e+00 
1.497223130e+00 1.863300493e+00 1.905763397e+00 
1.482848742e+00 1.387315271e+00 1.591708797e+00 
1.375857563e+00 1.429187192e+00 1.593933266e+00 
1.136720026e+00 1.501231527e+00 1.515672396e+00 
1.252041816e+00 1.611453202e+00 1.601011122e+00 
1.666775564e+00 1.484605911e+00 1.691809909e+00 
1.355439399e+00 1.782019704e+00 1.804448938e+00 
1.660241751e+00 1.610221675e+00 1.804448938e+00 
1.802025482e+00 1.487068966e+00 1.754701719e+00 
1.284384188e+00 1.618226601e+00 1.695247725e+00 
1.487259066e+00 1.508004926e+00 1.747623862e+00 
1.452466514e+00 1.488300493e+00 1.691809909e+00 
1.754982032e+00 1.534482759e+00 1.748634985e+00 
1.236033976e+00 1.435344828e+00 1.593933266e+00 
1.234237177e+00 1.480295567e+00 1.593933266e+00 
1.561581183e+00 1.445197044e+00 1.601011122e+00 
1.168082326e+00 1.389162562e+00 1.490394338e+00 
1.137373407e+00 1.472290640e+00 1.499696663e+00 
1.204344985e+00 1.307266010e+00 1.496258847e+00 
1.566481542e+00 1.584359606e+00 1.754701719e+00 
1.180006534e+00 1.247536946e+00 1.436804853e+00 
1.641293695e+00 1.396551724e+00 1.597573306e+00 
1.495262986e+00 1.631773399e+00 1.804448938e+00 
1.570075139e+00 1.443965517e+00 1.647320526e+00 
1.168082326e+00 1.408251232e+00 1.584630940e+00 
1.162855276e+00 1.423645320e+00 1.443882710e+00 
1.538876184e+00 1.485221675e+00 1.691809909e+00 
1.084939562e+00 1.285098522e+00 1.342568251e+00 
1.126592617e+00 1.505541872e+00 1.438018200e+00 
1.084939562e+00 1.304187192e+00 1.436804853e+00 
1.115648481e+00 1.221059113e+00 1.427502528e+00 
1.572688664e+00 1.429187192e+00 1.653387260e+00 
1.369813786e+00 1.477216749e+00 1.641456016e+00 
1.084286181e+00 1.275246305e+00 1.316683519e+00 
1.137373407e+00 1.491379310e+00 1.593933266e+00 
1.084286181e+00 1.294334975e+00 1.410920121e+00 
1.058150931e+00 1.142241379e+00 1.273811931e+00 
1.394642274e+00 1.493842365e+00 1.653387260e+00 
1.026788631e+00 1.215517241e+00 1.257229525e+00 
1.074158772e+00 1.318349754e+00 1.280889788e+00 
1.026788631e+00 1.196428571e+00 1.162992922e+00 
1.016007841e+00 1.229679803e+00 1.101314459e+00 
1.469454427e+00 1.306034483e+00 1.496258847e+00 
1.057497550e+00 1.113300493e+00 1.153690597e+00 
1.115648481e+00 1.201970443e+00 1.333265925e+00 
1.057497550e+00 1.132389163e+00 1.247927199e+00 
1.426331264e+00 1.153940887e+00 1.333265925e+00 
1.058150931e+00 1.123152709e+00 1.179575329e+00 
1.319176740e+00 1.215517241e+00 1.342568251e+00 
1.000000000e+00 1.053571429e+00 1.094236603e+00 
1.255798759e+00 1.017241379e+00 1.153690597e+00 
1.255798759e+00 1.000000000e+00 1.000000000e+00 
1.000000000e+00 1.034482759e+00 1.000000000e+00 
1.232277034e+00 1.099137931e+00 1.151061678e+00 
1.272786671e+00 1.027093596e+00 1.179575329e+00 

1.395949036e+00 1.445197044e+00 1.601011122e+00 
1.381084613e+00 1.676108374e+00 1.804448938e+00 
1.680169879e+00 1.722290640e+00 1.905763397e+00 
1.126592617e+00 1.505541872e+00 1.438018200e+00 
1.375857563e+00 1.429187192e+00 1.593933266e+00 
1.699607971e+00 1.575738916e+00 1.848938322e+00 
1.538876184e+00 1.485221675e+00 1.691809909e+00 
1.861483175e+00 1.660714286e+00 1.905763397e+00 
1.286997713e+00 1.592980296e+00 1.624873610e+00 
1.772950016e+00 1.575123153e+00 1.848938322e+00 
1.625939236e+00 1.758004926e+00 1.905763397e+00 
1.566481542e+00 1.584359606e+00 1.754701719e+00 
1.162855276e+00 1.423645320e+00 1.443882710e+00 
1.355439399e+00 1.782019704e+00 1.804448938e+00 
1.663018621e+00 1.612068966e+00 1.848938322e+00 
1.647990853e+00 1.665640394e+00 1.898685541e+00 
1.439888925e+00 1.641009852e+00 1.848938322e+00 
1.666775564e+00 1.484605911e+00 1.691809909e+00 
1.234237177e+00 1.480295567e+00 1.593933266e+00 
1.845802025e+00 1.704433498e+00 1.905763397e+00 
1.284384188e+00 1.618226601e+00 1.695247725e+00 
1.356256125e+00 1.798645320e+00 1.846309403e+00 
1.282424044e+00 1.546798030e+00 1.601011122e+00 
1.381084613e+00 1.695197044e+00 1.898685541e+00 
1.293531526e+00 1.495073892e+00 1.653387260e+00 
1.719046063e+00 1.556034483e+00 1.754701719e+00 
1.754982032e+00 1.534482759e+00 1.748634985e+00 
1.236033976e+00 1.435344828e+00 1.593933266e+00 
1.802025482e+00 1.487068966e+00 1.754701719e+00 
1.633616465e+00 1.634852217e+00 1.848938322e+00 
1.293531526e+00 1.514162562e+00 1.747623862e+00 
1.358379615e+00 1.792487685e+00 1.820424671e+00 
1.482848742e+00 1.387315271e+00 1.591708797e+00 
1.486278994e+00 1.610221675e+00 1.804448938e+00 
1.688990526e+00 1.576970443e+00 1.804448938e+00 
1.369813786e+00 1.477216749e+00 1.641456016e+00 
1.252041816e+00 1.611453202e+00 1.601011122e+00 
1.574812153e+00 1.689039409e+00 1.898685541e+00 
1.204344985e+00 1.307266010e+00 1.496258847e+00 
1.168082326e+00 1.408251232e+00 1.584630940e+00 
1.487259066e+00 1.508004926e+00 1.747623862e+00 
1.394642274e+00 1.493842365e+00 1.653387260e+00 
1.641293695e+00 1.396551724e+00 1.597573306e+00 
1.139496896e+00 1.466133005e+00 1.473811931e+00 
1.470761189e+00 1.629310345e+00 1.754701719e+00 
1.137373407e+00 1.491379310e+00 1.593933266e+00 
1.594086900e+00 1.889162562e+00 1.905763397e+00 
1.286507677e+00 1.612068966e+00 1.669362993e+00 
1.469454427e+00 1.306034483e+00 1.496258847e+00 
1.115648481e+00 1.221059113e+00 1.427502528e+00 
1.180006534e+00 1.247536946e+00 1.436804853e+00 
1.292714799e+00 1.517241379e+00 1.747623862e+00 
1.084939562e+00 1.304187192e+00 1.436804853e+00 
1.237504084e+00 1.326354680e+00 1.590495450e+00 
1.084286181e+00 1.275246305e+00 1.316683519e+00 
1.074158772e+00 1.318349754e+00 1.280889788e+00 
1.168082326e+00 1.389162562e+00 1.490394338e+00 
1.953609931e+00 1.946428571e+00 2.000000000e+00 
1.026788631e+00 1.215517241e+00 1.257229525e+00 
1.398725907e+00 1.429187192e+00 1.653387260e+00 
1.139496896e+00 1.485221675e+00 1.568048534e+00 
1.058150931e+00 1.123152709e+00 1.179575329e+00 
1.084939562e+00 1.285098522e+00 1.342568251e+00 
1.137373407e+00 1.472290640e+00 1.499696663e+00 
1.026788631e+00 1.196428571e+00 1.162992922e+00 
1.426331264e+00 1.153940887e+00 1.333265925e+00 
1.058150931e+00 1.142241379e+00 1.273811931e+00 
1.084286181e+00 1.294334975e+00 1.410920121e+00 
1.115648481e+00 1.201970443e+00 1.333265925e+00 
1.057497550e+00 1.132389163e+00 1.247927199e+00 
1.319176740e+00 1.215517241e+00 1.342568251e+00 
1.016007841e+00 1.229679803e+00 1.101314459e+00 
1.057497550e+00 1.113300493e+00 1.153690597e+00 
1.272786671e+00 1.027093596e+00 1.179575329e+00 
1.255798759e+00 1.017241379e+00 1.153690597e+00 
1.000000000e+00 1.034482759e+00 1.000000000e+00 
1.000000000e+00 1.053571429e+00 1.094236603e+00 
1.232277034e+00 1.099137931e+00 1.151061678e+00 
1.255798759e+00 1.000000000e+00 1.000000000e+00 

1.439725580e+00 1.625000000e+00 1.754701719e+00 
1.660241751e+00 1.610221675e+00 1.804448938e+00 
1.301208755e+00 1.725985222e+00 1.754701719e+00 
1.754982032e+00 1.534482759e+00 1.748634985e+00 
1.658771643e+00 1.693965517e+00 1.905763397e+00 
1.755472068e+00 1.748768473e+00 2.000000000e+00 
1.167428945e+00 1.418103448e+00 1.506370071e+00 
1.234237177e+00 1.480295567e+00 1.593933266e+00 
1.289937929e+00 1.514162562e+00 1.601011122e+00 
1.370793858e+00 1.511083744e+00 1.741557128e+00 
1.269519765e+00 1.525246305e+00 1.691809909e+00 
1.495262986e+00 1.631773399e+00 1.804448938e+00 
1.582979418e+00 1.665024631e+00 1.898685541e+00 
1.324730480e+00 1.716133005e+00 1.848938322e+00 
1.252041816e+00 1.611453202e+00 1.601011122e+00 
1.545083306e+00 1.556034483e+00 1.754701719e+00 
1.433355113e+00 1.508004926e+00 1.747623862e+00 
1.126592617e+00 1.505541872e+00 1.438018200e+00 
1.861483175e+00 1.660714286e+00 1.905763397e+00 
1.520908200e+00 1.689039409e+00 1.898685541e+00 
1.688990526e+00 1.576970443e+00 1.804448938e+00 
1.439725580e+00 1.644088670e+00 1.848938322e+00 
1.395949036e+00 1.445197044e+00 1.601011122e+00 
1.535935969e+00 1.484605911e+00 1.691809909e+00 
1.802025482e+00 1.487068966e+00 1.754701719e+00 
1.291734727e+00 1.559113300e+00 1.747623862e+00 
1.579712512e+00 1.634852217e+00 1.848938322e+00 
1.532015681e+00 1.613916256e+00 1.804448938e+00 
1.180006534e+00 1.247536946e+00 1.436804853e+00 
1.430741588e+00 1.628078818e+00 1.754701719e+00 
1.292714799e+00 1.498152709e+00 1.653387260e+00 
1.293531526e+00 1.495073892e+00 1.653387260e+00 
1.422247631e+00 1.698891626e+00 1.898685541e+00 
1.478601764e+00 1.938423645e+00 2.000000000e+00 
1.696014374e+00 1.575123153e+00 1.848938322e+00 
1.651584450e+00 1.815270936e+00 2.000000000e+00 
1.567298269e+00 1.796182266e+00 1.905763397e+00 
1.236033976e+00 1.435344828e+00 1.593933266e+00 
1.293531526e+00 1.514162562e+00 1.747623862e+00 
1.482848742e+00 1.387315271e+00 1.591708797e+00 
1.284384188e+00 1.618226601e+00 1.695247725e+00 
1.237504084e+00 1.326354680e+00 1.590495450e+00 
1.398725907e+00 1.429187192e+00 1.653387260e+00 
1.292714799e+00 1.517241379e+00 1.747623862e+00 
1.483665469e+00 1.506157635e+00 1.685945399e+00 
1.734890559e+00 1.792487685e+00 2.000000000e+00 
1.511597517e+00 1.824507389e+00 2.000000000e+00 
1.204344985e+00 1.307266010e+00 1.496258847e+00 
1.139496896e+00 1.485221675e+00 1.568048534e+00 
1.421757596e+00 1.813423645e+00 1.898685541e+00 
1.449036263e+00 1.427339901e+00 1.591708797e+00 
1.084286181e+00 1.275246305e+00 1.316683519e+00 
1.616955243e+00 1.736453202e+00 1.905763397e+00 
1.641293695e+00 1.396551724e+00 1.597573306e+00 
1.084286181e+00 1.294334975e+00 1.410920121e+00 
1.612544920e+00 1.469827586e+00 1.685945399e+00 
1.139496896e+00 1.466133005e+00 1.473811931e+00 
1.168082326e+00 1.389162562e+00 1.490394338e+00 
1.478601764e+00 1.919334975e+00 1.905763397e+00 
1.115648481e+00 1.221059113e+00 1.427502528e+00 
1.137373407e+00 1.472290640e+00 1.499696663e+00 
1.168082326e+00 1.408251232e+00 1.584630940e+00 
1.074158772e+00 1.318349754e+00 1.280889788e+00 
1.469454427e+00 1.306034483e+00 1.496258847e+00 
1.394642274e+00 1.493842365e+00 1.653387260e+00 
1.137373407e+00 1.491379310e+00 1.593933266e+00 
1.016007841e+00 1.229679803e+00 1.101314459e+00 
1.369813786e+00 1.477216749e+00 1.641456016e+00 
1.115648481e+00 1.201970443e+00 1.333265925e+00 
1.057497550e+00 1.113300493e+00 1.153690597e+00 
1.319176740e+00 1.215517241e+00 1.342568251e+00 
1.084939562e+00 1.304187192e+00 1.436804853e+00 
1.058150931e+00 1.142241379e+00 1.273811931e+00 
1.058150931e+00 1.123152709e+00 1.179575329e+00 
1.057497550e+00 1.132389163e+00 1.247927199e+00 
1.026788631e+00 1.196428571e+00 1.162992922e+00 
1.255798759e+00 1.000000000e+00 1.000000000e+00 
1.084939562e+00 1.285098522e+00 1.342568251e+00 
1.426331264e+00 1.153940887e+00 1.333265925e+00 
1.026788631e+00 1.215517241e+00 1.257229525e+00 
1.232277034e+00 1.099137931e+00 1.151061678e+00 
1.000000000e+00 1.053571429e+00 1.094236603e+00 
1.255798759e+00 1.017241379e+00 1.153690597e+00 
1.000000000e+00 1.034482759e+00 1.000000000e+00 
1.272786671e+00 1.027093596e+00 1.179575329e+00 
