1.369191821e+00 1.859448554e+00 2.000000000e+00 
1.448646543e+00 1.825151311e+00 2.000000000e+00 
1.351119766e+00 1.917955615e+00 2.000000000e+00 
1.525141188e+00 1.803631473e+00 2.000000000e+00 
1.517507303e+00 1.811701412e+00 2.000000000e+00 
1.617370983e+00 1.771351715e+00 2.000000000e+00 
1.741226874e+00 1.755211836e+00 2.000000000e+00 
1.920233690e+00 1.723604573e+00 2.000000000e+00 
1.328841285e+00 1.653665098e+00 1.908477625e+00 
1.326971762e+00 1.746469401e+00 1.908477625e+00 
1.464693281e+00 1.632145259e+00 1.908477625e+00 
1.779240506e+00 1.613315400e+00 1.908477625e+00 
1.803388510e+00 1.600537996e+00 1.908477625e+00 
1.322453749e+00 1.720914593e+00 1.897009220e+00 
