1.575489139e+00 1.651336234e+00 2.000000000e+00 
1.452333065e+00 1.756991920e+00 2.000000000e+00 
1.444891392e+00 1.781230578e+00 2.000000000e+00 
1.409694288e+00 1.808576756e+00 2.000000000e+00 
1.540493162e+00 1.707893101e+00 2.000000000e+00 
1.525207562e+00 1.740211311e+00 2.000000000e+00 
1.528023331e+00 1.739589807e+00 2.000000000e+00 
1.687650845e+00 1.643878185e+00 2.000000000e+00 
1.407280772e+00 1.876942200e+00 2.000000000e+00 
1.801890587e+00 1.639527657e+00 2.000000000e+00 
1.492625101e+00 1.564947172e+00 1.924190476e+00 
1.369469027e+00 1.670602859e+00 1.924190476e+00 
1.362027353e+00 1.694841516e+00 1.924190476e+00 
1.457629123e+00 1.621504040e+00 1.924190476e+00 
1.455215607e+00 1.658172778e+00 1.924190476e+00 
1.604786806e+00 1.557489124e+00 1.924190476e+00 
1.359613837e+00 1.763206961e+00 1.924190476e+00 
1.410565567e+00 1.654443754e+00 1.892000000e+00 
1.380732100e+00 1.631448104e+00 1.865523810e+00 
1.354183427e+00 1.663144810e+00 1.865523810e+00 
1.429873693e+00 1.607209447e+00 1.865523810e+00 
1.373290426e+00 1.655686762e+00 1.865523810e+00 
1.468892196e+00 1.582349285e+00 1.865523810e+00 
1.544917940e+00 1.538222498e+00 1.865523810e+00 
1.539018504e+00 1.550652579e+00 1.865523810e+00 
1.319589702e+00 1.756370416e+00 1.865523810e+00 
1.657079646e+00 1.530764450e+00 1.865523810e+00 
1.454344328e+00 1.602237415e+00 1.829714286e+00 
1.327701529e+00 1.568054692e+00 1.816190476e+00 
1.400442478e+00 1.560596644e+00 1.816190476e+00 
1.454813355e+00 1.523927906e+00 1.816190476e+00 
1.344596138e+00 1.561839652e+00 1.813904762e+00 
1.292236525e+00 1.604101927e+00 1.813904762e+00 
1.517900241e+00 1.516469857e+00 1.816190476e+00 
1.287610619e+00 1.706028589e+00 1.813904762e+00 
1.740144811e+00 1.499689248e+00 1.816190476e+00 
1.761061947e+00 1.492231200e+00 1.816190476e+00 
1.379189863e+00 1.444375388e+00 1.789714286e+00 
1.313958166e+00 1.525170914e+00 1.789714286e+00 
1.306516492e+00 1.549409571e+00 1.789714286e+00 
1.491351569e+00 1.436917340e+00 1.789714286e+00 
1.271922767e+00 1.642635177e+00 1.789714286e+00 
1.371480290e+00 1.515848353e+00 1.753904762e+00 
1.261732100e+00 1.475450590e+00 1.738095238e+00 
1.209372486e+00 1.517712865e+00 1.738095238e+00 
1.553298471e+00 1.436295836e+00 1.689333333e+00 
1.272190668e+00 1.422622747e+00 1.681714286e+00 
1.389648431e+00 1.378495960e+00 1.681714286e+00 
1.344931617e+00 1.415164699e+00 1.681714286e+00 
1.452735318e+00 1.371037912e+00 1.681714286e+00 
1.261665326e+00 1.453697949e+00 1.679428571e+00 
1.174175382e+00 1.585456805e+00 1.679428571e+00 
1.539420756e+00 1.369173400e+00 1.640571429e+00 
1.223920354e+00 1.434431324e+00 1.630095238e+00 
1.209372486e+00 1.494095712e+00 1.630095238e+00 
1.194824618e+00 1.525170914e+00 1.630095238e+00 
1.191271118e+00 1.569297700e+00 1.630095238e+00 
1.258045052e+00 1.395276569e+00 1.619428571e+00 
1.364440869e+00 1.376009944e+00 1.619428571e+00 
1.387570394e+00 1.342448726e+00 1.613523810e+00 
1.361423974e+00 1.374145432e+00 1.613523810e+00 
1.148296862e+00 1.354878807e+00 1.603619048e+00 
1.270112631e+00 1.347420758e+00 1.603619048e+00 
1.288683025e+00 1.342448726e+00 1.603619048e+00 
1.126508447e+00 1.471721566e+00 1.603619048e+00 
1.110820595e+00 1.507768800e+00 1.571428571e+00 
1.188857603e+00 1.345556246e+00 1.567809524e+00 
1.395816573e+00 1.338719702e+00 1.567809524e+00 
1.403057120e+00 1.301429459e+00 1.532571429e+00 
1.275140788e+00 1.292728403e+00 1.511428571e+00 
1.241150442e+00 1.318831572e+00 1.509142857e+00 
1.231496380e+00 1.320696085e+00 1.505523810e+00 
1.348954143e+00 1.276569298e+00 1.505523810e+00 
1.158755430e+00 1.288999378e+00 1.495619048e+00 
1.063153660e+00 1.394033561e+00 1.495619048e+00 
1.148296862e+00 1.331261653e+00 1.495619048e+00 
1.231496380e+00 1.281541330e+00 1.495619048e+00 
1.414320193e+00 1.270975761e+00 1.470285714e+00 
1.357200322e+00 1.272840273e+00 1.459809524e+00 
1.143403057e+00 1.346177750e+00 1.454476190e+00 
1.075422365e+00 1.224984462e+00 1.433333333e+00 
1.273531778e+00 1.220012430e+00 1.391619048e+00 
1.236524537e+00 1.185829708e+00 1.362285714e+00 
1.181818182e+00 1.211932878e+00 1.346476190e+00 
1.063153660e+00 1.380981976e+00 1.346476190e+00 
1.075422365e+00 1.201367309e+00 1.325333333e+00 
1.161705551e+00 1.159105034e+00 1.325333333e+00 
1.015084473e+00 1.296457427e+00 1.325333333e+00 
1.118061142e+00 1.187072716e+00 1.319428571e+00 
1.065768302e+00 1.198881293e+00 1.284190476e+00 
1.234915527e+00 1.154133002e+00 1.283619048e+00 
1.108608206e+00 1.155376010e+00 1.257142857e+00 
1.234111022e+00 1.144188937e+00 1.242476190e+00 
1.196299276e+00 1.141081417e+00 1.210285714e+00 
1.132743363e+00 1.091361094e+00 1.186095238e+00 
1.002413516e+00 1.121193288e+00 1.176190476e+00 
1.068382944e+00 1.117464264e+00 1.170285714e+00 
1.069991955e+00 1.089496582e+00 1.149142857e+00 
1.113435237e+00 1.054692356e+00 1.134476190e+00 
1.120675784e+00 1.023617154e+00 1.108000000e+00 
1.000000000e+00 1.076444997e+00 1.075809524e+00 
1.000000000e+00 1.056556868e+00 1.000000000e+00 
1.120675784e+00 1.000000000e+00 1.000000000e+00 
1.113435237e+00 1.024860162e+00 1.000000000e+00 
