1.493951709e+00 1.763043478e+00 2.000000000e+00 
1.557064308e+00 1.754347826e+00 2.000000000e+00 
1.637580684e+00 1.705072464e+00 2.000000000e+00 
1.438489123e+00 1.913768116e+00 2.000000000e+00 
1.919674874e+00 1.697101449e+00 2.000000000e+00 
1.437532871e+00 1.665217391e+00 1.893525180e+00 
1.379201530e+00 1.797101449e+00 1.893525180e+00 
1.592063113e+00 1.659420290e+00 1.893525180e+00 
1.689218264e+00 1.588405797e+00 1.893525180e+00 
1.407889075e+00 1.714492754e+00 1.881534772e+00 
1.551518049e+00 1.656521739e+00 1.881534772e+00 
1.387807793e+00 1.651449275e+00 1.875059952e+00 
1.378819029e+00 1.688405797e+00 1.875059952e+00 
1.329476452e+00 1.783333333e+00 1.875059952e+00 
1.645230696e+00 1.631159420e+00 1.875059952e+00 
1.592636863e+00 1.650724638e+00 1.861630695e+00 
1.544824289e+00 1.642028986e+00 1.847721823e+00 
1.607936887e+00 1.633333333e+00 1.847721823e+00 
1.605068133e+00 1.640579710e+00 1.847721823e+00 
1.662443223e+00 1.628260870e+00 1.847721823e+00 
1.782930911e+00 1.556521739e+00 1.847721823e+00 
1.325651446e+00 1.643478261e+00 1.775299760e+00 
1.404064069e+00 1.610869565e+00 1.775059952e+00 
1.499880469e+00 1.547826087e+00 1.775299760e+00 
1.519387999e+00 1.539855072e+00 1.775299760e+00 
1.393545302e+00 1.634782609e+00 1.775059952e+00 
1.259670093e+00 1.808695652e+00 1.775299760e+00 
1.351087736e+00 1.571014493e+00 1.768585132e+00 
1.388381544e+00 1.556521739e+00 1.768585132e+00 
1.520918001e+00 1.534057971e+00 1.768585132e+00 
1.628974420e+00 1.500000000e+00 1.768585132e+00 
1.469662921e+00 1.545652174e+00 1.758752998e+00 
1.566818073e+00 1.474637681e+00 1.758752998e+00 
1.343820225e+00 1.621014493e+00 1.756594724e+00 
1.536218025e+00 1.526086957e+00 1.756594724e+00 
1.497011714e+00 1.519565217e+00 1.755155875e+00 
1.560124313e+00 1.510869565e+00 1.755155875e+00 
1.467367918e+00 1.467391304e+00 1.741247002e+00 
1.443461630e+00 1.538405797e+00 1.741247002e+00 
1.322973942e+00 1.671739130e+00 1.736690647e+00 
1.417642840e+00 1.453623188e+00 1.722781775e+00 
1.393736553e+00 1.524637681e+00 1.722781775e+00 
1.163088692e+00 1.583333333e+00 1.668824940e+00 
1.359694000e+00 1.450724638e+00 1.668824940e+00 
1.253167583e+00 1.582608696e+00 1.668824940e+00 
1.318575185e+00 1.581884058e+00 1.668824940e+00 
1.551518049e+00 1.431159420e+00 1.668824940e+00 
1.307482668e+00 1.486231884e+00 1.656834532e+00 
1.113363615e+00 1.569565217e+00 1.650359712e+00 
1.267893856e+00 1.473913043e+00 1.650359712e+00 
1.203442505e+00 1.568840580e+00 1.650359712e+00 
1.480755439e+00 1.426086957e+00 1.640287770e+00 
1.274587617e+00 1.443478261e+00 1.633812950e+00 
1.506574229e+00 1.386231884e+00 1.633812950e+00 
1.390867798e+00 1.407971014e+00 1.630215827e+00 
1.381305283e+00 1.418840580e+00 1.622781775e+00 
1.374611523e+00 1.405797101e+00 1.620383693e+00 
1.331580206e+00 1.405072464e+00 1.604316547e+00 
1.431030361e+00 1.398550725e+00 1.602877698e+00 
1.494142960e+00 1.389855072e+00 1.602877698e+00 
1.543868037e+00 1.354347826e+00 1.588009592e+00 
1.187951231e+00 1.397101449e+00 1.550359712e+00 
1.172268707e+00 1.342753623e+00 1.543884892e+00 
1.163088692e+00 1.560869565e+00 1.550359712e+00 
1.113363615e+00 1.544202899e+00 1.543884892e+00 
1.138226153e+00 1.383333333e+00 1.531894484e+00 
1.429117858e+00 1.317391304e+00 1.534052758e+00 
1.329667703e+00 1.310144928e+00 1.516546763e+00 
1.113363615e+00 1.542753623e+00 1.515587530e+00 
1.279942625e+00 1.296376812e+00 1.498081535e+00 
1.322017691e+00 1.290579710e+00 1.477937650e+00 
