1.507106195e+00 1.436917340e+00 1.789714286e+00 
1.397425583e+00 1.776880050e+00 1.816190476e+00 
1.761061947e+00 1.492231200e+00 1.816190476e+00 
1.477339501e+00 1.573026725e+00 1.816190476e+00 
1.413515688e+00 1.476072094e+00 1.789714286e+00 
1.537677393e+00 1.610316967e+00 1.892000000e+00 
1.459372486e+00 1.656308266e+00 1.865523810e+00 
1.378921963e+00 1.537600994e+00 1.789714286e+00 
1.405470636e+00 1.712243630e+00 1.865523810e+00 
1.515955752e+00 1.524549410e+00 1.816190476e+00 
1.478948512e+00 1.755748912e+00 1.924190476e+00 
1.419147224e+00 1.699813549e+00 1.865523810e+00 
1.337624296e+00 1.647607209e+00 1.789714286e+00 
1.468489944e+00 1.371037912e+00 1.681714286e+00 
1.423169751e+00 1.674953387e+00 1.865523810e+00 
1.118262269e+00 1.507768800e+00 1.571428571e+00 
1.192276750e+00 1.585456805e+00 1.679428571e+00 
1.174577635e+00 1.422622747e+00 1.511428571e+00 
1.504022526e+00 1.638906153e+00 1.924190476e+00 
1.432823813e+00 1.799875699e+00 1.924190476e+00 
1.403057120e+00 1.301429459e+00 1.532571429e+00 
1.300080451e+00 1.342448726e+00 1.603619048e+00 
1.467015286e+00 1.607209447e+00 1.865523810e+00 
1.234647627e+00 1.517712865e+00 1.738095238e+00 
1.248592116e+00 1.500310752e+00 1.619428571e+00 
1.503620274e+00 1.736482287e+00 1.924190476e+00 
1.389648431e+00 1.378495960e+00 1.681714286e+00 
1.799678198e+00 1.558110628e+00 1.924190476e+00 
1.553767498e+00 1.626476072e+00 1.924190476e+00 
1.411906677e+00 1.696084525e+00 1.816190476e+00 
1.627916331e+00 1.590428838e+00 1.924190476e+00 
1.448913918e+00 1.614667495e+00 1.816190476e+00 
1.247251006e+00 1.281541330e+00 1.495619048e+00 
1.572405471e+00 1.602237415e+00 1.865523810e+00 
1.285867257e+00 1.347420758e+00 1.603619048e+00 
1.784931617e+00 1.589807334e+00 1.924190476e+00 
1.788415125e+00 1.580484773e+00 1.829714286e+00 
1.395816573e+00 1.338719702e+00 1.567809524e+00 
1.272190668e+00 1.422622747e+00 1.681714286e+00 
1.416331456e+00 1.444375388e+00 1.789714286e+00 
1.364708769e+00 1.276569298e+00 1.505523810e+00 
1.178332261e+00 1.372280920e+00 1.603619048e+00 
1.338964602e+00 1.550031075e+00 1.789714286e+00 
1.158755430e+00 1.288999378e+00 1.495619048e+00 
1.357200322e+00 1.272840273e+00 1.459809524e+00 
1.473049075e+00 1.590428838e+00 1.816190476e+00 
1.432823813e+00 1.633934121e+00 1.816190476e+00 
1.472244570e+00 1.756370416e+00 1.924190476e+00 
1.275140788e+00 1.292728403e+00 1.511428571e+00 
1.234915527e+00 1.154133002e+00 1.283619048e+00 
1.494770716e+00 1.749533872e+00 1.924190476e+00 
1.086349960e+00 1.380981976e+00 1.346476190e+00 
1.160364441e+00 1.471721566e+00 1.603619048e+00 
1.196299276e+00 1.141081417e+00 1.210285714e+00 
1.133815768e+00 1.187072716e+00 1.319428571e+00 
1.403325020e+00 1.342448726e+00 1.613523810e+00 
1.414320193e+00 1.270975761e+00 1.470285714e+00 
1.086349960e+00 1.394033561e+00 1.495619048e+00 
1.234111022e+00 1.144188937e+00 1.242476190e+00 
1.185438455e+00 1.354878807e+00 1.603619048e+00 
1.247251006e+00 1.320696085e+00 1.505523810e+00 
1.364440869e+00 1.376009944e+00 1.619428571e+00 
1.198712792e+00 1.569297700e+00 1.630095238e+00 
1.089300080e+00 1.201367309e+00 1.325333333e+00 
1.161705551e+00 1.159105034e+00 1.325333333e+00 
1.089300080e+00 1.224984462e+00 1.433333333e+00 
1.271922767e+00 1.395276569e+00 1.619428571e+00 
1.273531778e+00 1.220012430e+00 1.391619048e+00 
1.002413516e+00 1.121193288e+00 1.176190476e+00 
1.218020917e+00 1.525170914e+00 1.630095238e+00 
1.108608206e+00 1.155376010e+00 1.257142857e+00 
1.076427997e+00 1.198881293e+00 1.284190476e+00 
1.181818182e+00 1.211932878e+00 1.346476190e+00 
1.068382944e+00 1.117464264e+00 1.170285714e+00 
1.113435237e+00 1.024860162e+00 1.000000000e+00 
1.069991955e+00 1.089496582e+00 1.149142857e+00 
1.000000000e+00 1.076444997e+00 1.075809524e+00 
1.113435237e+00 1.054692356e+00 1.134476190e+00 
1.132743363e+00 1.091361094e+00 1.186095238e+00 
1.000000000e+00 1.056556868e+00 1.000000000e+00 
1.022526146e+00 1.296457427e+00 1.325333333e+00 
1.236524537e+00 1.185829708e+00 1.362285714e+00 
1.120675784e+00 1.023617154e+00 1.108000000e+00 
1.120675784e+00 1.000000000e+00 1.000000000e+00 

1.358809332e+00 1.722187694e+00 1.816190476e+00 
1.448913918e+00 1.614667495e+00 1.816190476e+00 
1.322606597e+00 1.558110628e+00 1.695238095e+00 
1.241888174e+00 1.666873835e+00 1.738095238e+00 
1.312148029e+00 1.603480423e+00 1.738095238e+00 
1.338964602e+00 1.550031075e+00 1.789714286e+00 
1.336283186e+00 1.620882536e+00 1.753904762e+00 
1.357200322e+00 1.805469236e+00 1.865523810e+00 
1.407884151e+00 1.717837166e+00 1.892000000e+00 
1.389648431e+00 1.378495960e+00 1.681714286e+00 
1.418879324e+00 1.817899316e+00 1.924190476e+00 
1.262268705e+00 1.543194531e+00 1.645904762e+00 
1.258246179e+00 1.532628962e+00 1.630095238e+00 
1.550549477e+00 1.535736482e+00 1.816190476e+00 
1.689726468e+00 1.573648229e+00 1.892000000e+00 
1.322874497e+00 1.536979490e+00 1.738095238e+00 
1.202735318e+00 1.345556246e+00 1.567809524e+00 
1.737996782e+00 1.589807334e+00 1.924190476e+00 
1.410297667e+00 1.658794282e+00 1.816190476e+00 
1.398230088e+00 1.522684897e+00 1.738095238e+00 
1.489675784e+00 1.643878185e+00 1.865523810e+00 
1.678197908e+00 1.569919204e+00 1.865523810e+00 
1.602574417e+00 1.626476072e+00 1.924190476e+00 
1.567444087e+00 1.687383468e+00 1.924190476e+00 
1.198712792e+00 1.569297700e+00 1.630095238e+00 
1.416331456e+00 1.444375388e+00 1.789714286e+00 
1.611423974e+00 1.617775016e+00 1.829714286e+00 
1.262805310e+00 1.529521442e+00 1.679428571e+00 
1.737192277e+00 1.607209447e+00 1.924190476e+00 
1.273531778e+00 1.220012430e+00 1.391619048e+00 
1.378921963e+00 1.537600994e+00 1.789714286e+00 
1.271118262e+00 1.601615911e+00 1.681714286e+00 
1.160364441e+00 1.471721566e+00 1.603619048e+00 
1.636629123e+00 1.614045991e+00 1.924190476e+00 
1.376240547e+00 1.663144810e+00 1.865523810e+00 
1.456691070e+00 1.724673710e+00 1.924190476e+00 
1.534995977e+00 1.629583592e+00 1.829714286e+00 
1.555913113e+00 1.719701678e+00 1.924190476e+00 
1.550818182e+00 1.369173400e+00 1.640571429e+00 
1.468489944e+00 1.371037912e+00 1.681714286e+00 
1.306516492e+00 1.642635177e+00 1.789714286e+00 
1.300080451e+00 1.342448726e+00 1.603619048e+00 
1.272190668e+00 1.422622747e+00 1.681714286e+00 
1.271922767e+00 1.395276569e+00 1.619428571e+00 
1.344328238e+00 1.549409571e+00 1.789714286e+00 
1.158755430e+00 1.288999378e+00 1.495619048e+00 
1.403057120e+00 1.301429459e+00 1.532571429e+00 
1.395816573e+00 1.338719702e+00 1.567809524e+00 
1.392598552e+00 1.528899938e+00 1.757523810e+00 
1.247251006e+00 1.320696085e+00 1.505523810e+00 
1.086349960e+00 1.380981976e+00 1.346476190e+00 
1.364440869e+00 1.376009944e+00 1.619428571e+00 
1.473049075e+00 1.590428838e+00 1.816190476e+00 
1.275140788e+00 1.292728403e+00 1.511428571e+00 
1.174577635e+00 1.422622747e+00 1.511428571e+00 
1.234111022e+00 1.144188937e+00 1.242476190e+00 
1.364708769e+00 1.276569298e+00 1.505523810e+00 
1.086349960e+00 1.394033561e+00 1.495619048e+00 
1.089300080e+00 1.224984462e+00 1.433333333e+00 
1.403325020e+00 1.342448726e+00 1.613523810e+00 
1.133815768e+00 1.187072716e+00 1.319428571e+00 
1.247251006e+00 1.281541330e+00 1.495619048e+00 
1.181818182e+00 1.211932878e+00 1.346476190e+00 
1.196299276e+00 1.141081417e+00 1.210285714e+00 
1.108608206e+00 1.155376010e+00 1.257142857e+00 
1.185438455e+00 1.354878807e+00 1.603619048e+00 
1.089300080e+00 1.201367309e+00 1.325333333e+00 
1.414320193e+00 1.270975761e+00 1.470285714e+00 
1.357200322e+00 1.272840273e+00 1.459809524e+00 
1.360686243e+00 1.415164699e+00 1.681714286e+00 
1.507106195e+00 1.436917340e+00 1.789714286e+00 
1.161705551e+00 1.159105034e+00 1.325333333e+00 
1.076427997e+00 1.198881293e+00 1.284190476e+00 
1.022526146e+00 1.296457427e+00 1.325333333e+00 
1.236524537e+00 1.185829708e+00 1.362285714e+00 
1.002413516e+00 1.121193288e+00 1.176190476e+00 
1.120675784e+00 1.000000000e+00 1.000000000e+00 
1.234915527e+00 1.154133002e+00 1.283619048e+00 
1.132743363e+00 1.091361094e+00 1.186095238e+00 
1.113435237e+00 1.054692356e+00 1.134476190e+00 
1.388576026e+00 1.374145432e+00 1.613523810e+00 
1.113435237e+00 1.024860162e+00 1.000000000e+00 
1.069991955e+00 1.089496582e+00 1.149142857e+00 
1.000000000e+00 1.056556868e+00 1.000000000e+00 
1.120675784e+00 1.023617154e+00 1.108000000e+00 
1.285867257e+00 1.347420758e+00 1.603619048e+00 
1.000000000e+00 1.076444997e+00 1.075809524e+00 
1.068382944e+00 1.117464264e+00 1.170285714e+00 

1.569053097e+00 1.436295836e+00 1.689333333e+00 
1.761061947e+00 1.492231200e+00 1.816190476e+00 
1.416331456e+00 1.444375388e+00 1.789714286e+00 
1.650844730e+00 1.626476072e+00 1.924190476e+00 
1.722711183e+00 1.550031075e+00 1.865523810e+00 
1.468489944e+00 1.371037912e+00 1.681714286e+00 
1.395816573e+00 1.338719702e+00 1.567809524e+00 
1.378921963e+00 1.537600994e+00 1.789714286e+00 
1.533654867e+00 1.516469857e+00 1.816190476e+00 
1.223920354e+00 1.434431324e+00 1.630095238e+00 
1.593992759e+00 1.645742697e+00 1.924190476e+00 
1.198712792e+00 1.569297700e+00 1.630095238e+00 
1.300080451e+00 1.342448726e+00 1.603619048e+00 
1.118262269e+00 1.507768800e+00 1.571428571e+00 
1.814963797e+00 1.607209447e+00 1.924190476e+00 
1.298873693e+00 1.475450590e+00 1.738095238e+00 
1.454813355e+00 1.617153511e+00 1.816190476e+00 
1.285867257e+00 1.347420758e+00 1.603619048e+00 
1.403325020e+00 1.342448726e+00 1.613523810e+00 
1.272190668e+00 1.422622747e+00 1.681714286e+00 
1.247251006e+00 1.281541330e+00 1.495619048e+00 
1.360954948e+00 1.542573027e+00 1.789714286e+00 
1.431751408e+00 1.562461156e+00 1.813904762e+00 
1.410565567e+00 1.654443754e+00 1.892000000e+00 
1.364440869e+00 1.376009944e+00 1.619428571e+00 
1.185438455e+00 1.354878807e+00 1.603619048e+00 
1.247251006e+00 1.320696085e+00 1.505523810e+00 
1.389648431e+00 1.378495960e+00 1.681714286e+00 
1.480289622e+00 1.582349285e+00 1.865523810e+00 
1.509788415e+00 1.668738347e+00 1.924190476e+00 
1.181818182e+00 1.211932878e+00 1.346476190e+00 
1.271922767e+00 1.395276569e+00 1.619428571e+00 
1.394744167e+00 1.670602859e+00 1.924190476e+00 
1.202735318e+00 1.345556246e+00 1.567809524e+00 
1.086349960e+00 1.394033561e+00 1.495619048e+00 
1.364708769e+00 1.276569298e+00 1.505523810e+00 
1.174577635e+00 1.422622747e+00 1.511428571e+00 
1.414320193e+00 1.270975761e+00 1.470285714e+00 
1.273531778e+00 1.220012430e+00 1.391619048e+00 
1.338964602e+00 1.528899938e+00 1.757523810e+00 
1.497988737e+00 1.553760099e+00 1.816190476e+00 
1.234647627e+00 1.517712865e+00 1.738095238e+00 
1.317511665e+00 1.604101927e+00 1.813904762e+00 
1.076427997e+00 1.198881293e+00 1.284190476e+00 
1.196299276e+00 1.141081417e+00 1.210285714e+00 
1.089300080e+00 1.224984462e+00 1.433333333e+00 
1.158755430e+00 1.288999378e+00 1.495619048e+00 
1.022526146e+00 1.296457427e+00 1.325333333e+00 
1.089300080e+00 1.201367309e+00 1.325333333e+00 
1.086349960e+00 1.380981976e+00 1.346476190e+00 
1.161705551e+00 1.159105034e+00 1.325333333e+00 
1.357200322e+00 1.272840273e+00 1.459809524e+00 
1.178332261e+00 1.372280920e+00 1.603619048e+00 
1.133815768e+00 1.187072716e+00 1.319428571e+00 
1.275140788e+00 1.292728403e+00 1.511428571e+00 
1.108608206e+00 1.155376010e+00 1.257142857e+00 
1.236524537e+00 1.185829708e+00 1.362285714e+00 
1.234915527e+00 1.154133002e+00 1.283619048e+00 
1.403057120e+00 1.301429459e+00 1.532571429e+00 
1.234111022e+00 1.144188937e+00 1.242476190e+00 
1.132743363e+00 1.091361094e+00 1.186095238e+00 
1.113435237e+00 1.054692356e+00 1.134476190e+00 
1.120675784e+00 1.023617154e+00 1.108000000e+00 
1.000000000e+00 1.076444997e+00 1.075809524e+00 
1.069991955e+00 1.089496582e+00 1.149142857e+00 
1.002413516e+00 1.121193288e+00 1.176190476e+00 
1.000000000e+00 1.056556868e+00 1.000000000e+00 
1.068382944e+00 1.117464264e+00 1.170285714e+00 
1.113435237e+00 1.024860162e+00 1.000000000e+00 
1.120675784e+00 1.000000000e+00 1.000000000e+00 

1.466613033e+00 1.658172778e+00 1.924190476e+00 
1.273799678e+00 1.592293350e+00 1.738095238e+00 
1.388576026e+00 1.374145432e+00 1.613523810e+00 
1.285867257e+00 1.347420758e+00 1.603619048e+00 
1.351568785e+00 1.559975140e+00 1.705904762e+00 
1.351300885e+00 1.694841516e+00 1.813904762e+00 
1.636629123e+00 1.605966439e+00 1.892000000e+00 
1.306516492e+00 1.642635177e+00 1.789714286e+00 
1.272190668e+00 1.422622747e+00 1.681714286e+00 
1.477339501e+00 1.573026725e+00 1.816190476e+00 
1.646283186e+00 1.456183965e+00 1.789714286e+00 
1.601233307e+00 1.524549410e+00 1.816190476e+00 
1.404934031e+00 1.678060907e+00 1.816190476e+00 
1.319388576e+00 1.581106277e+00 1.738095238e+00 
1.390185036e+00 1.520820385e+00 1.695238095e+00 
1.341914722e+00 1.420136731e+00 1.619428571e+00 
1.721906677e+00 1.614045991e+00 1.924190476e+00 
1.432823813e+00 1.633934121e+00 1.816190476e+00 
1.391794047e+00 1.476072094e+00 1.738095238e+00 
1.497988737e+00 1.614045991e+00 1.865523810e+00 
1.185438455e+00 1.354878807e+00 1.603619048e+00 
1.352373290e+00 1.572405221e+00 1.757523810e+00 
1.413515688e+00 1.476072094e+00 1.789714286e+00 
1.553499598e+00 1.645742697e+00 1.924190476e+00 
1.455617860e+00 1.840894966e+00 1.892000000e+00 
1.378921963e+00 1.537600994e+00 1.789714286e+00 
1.761061947e+00 1.492231200e+00 1.816190476e+00 
1.273531778e+00 1.220012430e+00 1.391619048e+00 
1.247251006e+00 1.320696085e+00 1.505523810e+00 
1.089300080e+00 1.201367309e+00 1.325333333e+00 
1.338428801e+00 1.756370416e+00 1.865523810e+00 
1.275140788e+00 1.292728403e+00 1.511428571e+00 
1.564226066e+00 1.560596644e+00 1.816190476e+00 
1.466076428e+00 1.472343070e+00 1.757523810e+00 
1.178332261e+00 1.372280920e+00 1.603619048e+00 
1.255028158e+00 1.318831572e+00 1.509142857e+00 
1.160364441e+00 1.471721566e+00 1.603619048e+00 
1.419147224e+00 1.699813549e+00 1.865523810e+00 
1.089300080e+00 1.224984462e+00 1.433333333e+00 
1.358809332e+00 1.722187694e+00 1.816190476e+00 
1.271118262e+00 1.601615911e+00 1.681714286e+00 
1.262268705e+00 1.543194531e+00 1.645904762e+00 
1.781174578e+00 1.607830951e+00 1.924190476e+00 
1.716548673e+00 1.587321318e+00 1.865523810e+00 
1.248592116e+00 1.500310752e+00 1.619428571e+00 
1.594931617e+00 1.550652579e+00 1.813904762e+00 
1.468489944e+00 1.371037912e+00 1.681714286e+00 
1.196299276e+00 1.141081417e+00 1.210285714e+00 
1.357200322e+00 1.272840273e+00 1.459809524e+00 
1.403057120e+00 1.301429459e+00 1.532571429e+00 
1.247251006e+00 1.281541330e+00 1.495619048e+00 
1.234915527e+00 1.154133002e+00 1.283619048e+00 
1.429605792e+00 1.658794282e+00 1.816190476e+00 
1.349155270e+00 1.597265382e+00 1.757523810e+00 
1.259587289e+00 1.561218148e+00 1.679428571e+00 
1.405470636e+00 1.744561840e+00 1.865523810e+00 
1.133815768e+00 1.187072716e+00 1.319428571e+00 
1.300080451e+00 1.342448726e+00 1.603619048e+00 
1.198712792e+00 1.569297700e+00 1.630095238e+00 
1.414320193e+00 1.270975761e+00 1.470285714e+00 
1.452936444e+00 1.377874456e+00 1.619428571e+00 
1.550818182e+00 1.369173400e+00 1.640571429e+00 
1.263877715e+00 1.549409571e+00 1.679428571e+00 
1.234111022e+00 1.144188937e+00 1.242476190e+00 
1.360686243e+00 1.415164699e+00 1.681714286e+00 
1.174577635e+00 1.422622747e+00 1.511428571e+00 
1.076427997e+00 1.198881293e+00 1.284190476e+00 
1.389648431e+00 1.378495960e+00 1.681714286e+00 
1.345937249e+00 1.561839652e+00 1.689333333e+00 
1.086349960e+00 1.394033561e+00 1.495619048e+00 
1.364708769e+00 1.276569298e+00 1.505523810e+00 
1.161705551e+00 1.159105034e+00 1.325333333e+00 
1.181818182e+00 1.211932878e+00 1.346476190e+00 
1.236524537e+00 1.185829708e+00 1.362285714e+00 
1.118262269e+00 1.507768800e+00 1.571428571e+00 
1.108608206e+00 1.155376010e+00 1.257142857e+00 
1.000000000e+00 1.056556868e+00 1.000000000e+00 
1.022526146e+00 1.296457427e+00 1.325333333e+00 
1.158755430e+00 1.288999378e+00 1.495619048e+00 
1.113435237e+00 1.024860162e+00 1.000000000e+00 
1.113435237e+00 1.054692356e+00 1.134476190e+00 
1.132743363e+00 1.091361094e+00 1.186095238e+00 
1.002413516e+00 1.121193288e+00 1.176190476e+00 
1.120675784e+00 1.023617154e+00 1.108000000e+00 
1.000000000e+00 1.076444997e+00 1.075809524e+00 
1.086349960e+00 1.380981976e+00 1.346476190e+00 
1.068382944e+00 1.117464264e+00 1.170285714e+00 
1.120675784e+00 1.000000000e+00 1.000000000e+00 
1.069991955e+00 1.089496582e+00 1.149142857e+00 

1.272190668e+00 1.422622747e+00 1.681714286e+00 
1.601233307e+00 1.524549410e+00 1.816190476e+00 
1.234647627e+00 1.517712865e+00 1.738095238e+00 
1.360686243e+00 1.415164699e+00 1.681714286e+00 
1.507106195e+00 1.436917340e+00 1.789714286e+00 
1.255028158e+00 1.318831572e+00 1.509142857e+00 
1.455349960e+00 1.631448104e+00 1.865523810e+00 
1.407884151e+00 1.717837166e+00 1.892000000e+00 
1.405470636e+00 1.744561840e+00 1.865523810e+00 
1.198712792e+00 1.569297700e+00 1.630095238e+00 
1.473049075e+00 1.590428838e+00 1.816190476e+00 
1.331456154e+00 1.634555625e+00 1.757523810e+00 
1.358809332e+00 1.722187694e+00 1.816190476e+00 
1.630193081e+00 1.633934121e+00 1.924190476e+00 
1.300080451e+00 1.342448726e+00 1.603619048e+00 
1.556181014e+00 1.565568676e+00 1.816190476e+00 
1.223920354e+00 1.434431324e+00 1.630095238e+00 
1.737996782e+00 1.589807334e+00 1.924190476e+00 
1.285867257e+00 1.347420758e+00 1.603619048e+00 
1.517296862e+00 1.768178993e+00 1.924190476e+00 
1.389648431e+00 1.378495960e+00 1.681714286e+00 
1.338428801e+00 1.756370416e+00 1.865523810e+00 
1.395816573e+00 1.338719702e+00 1.567809524e+00 
1.455082060e+00 1.793660659e+00 1.924190476e+00 
1.550818182e+00 1.369173400e+00 1.640571429e+00 
1.403325020e+00 1.342448726e+00 1.613523810e+00 
1.118262269e+00 1.507768800e+00 1.571428571e+00 
1.160364441e+00 1.471721566e+00 1.603619048e+00 
1.416331456e+00 1.444375388e+00 1.789714286e+00 
1.761061947e+00 1.492231200e+00 1.816190476e+00 
1.580852776e+00 1.546302051e+00 1.816190476e+00 
1.338964602e+00 1.550031075e+00 1.789714286e+00 
1.404934031e+00 1.678060907e+00 1.816190476e+00 
1.271922767e+00 1.395276569e+00 1.619428571e+00 
1.275140788e+00 1.292728403e+00 1.511428571e+00 
1.418879324e+00 1.817899316e+00 1.924190476e+00 
1.414320193e+00 1.270975761e+00 1.470285714e+00 
1.360954948e+00 1.542573027e+00 1.789714286e+00 
1.306516492e+00 1.642635177e+00 1.789714286e+00 
1.273531778e+00 1.220012430e+00 1.391619048e+00 
1.378921963e+00 1.537600994e+00 1.789714286e+00 
1.468489944e+00 1.371037912e+00 1.681714286e+00 
1.247251006e+00 1.281541330e+00 1.495619048e+00 
1.089300080e+00 1.224984462e+00 1.433333333e+00 
1.086349960e+00 1.380981976e+00 1.346476190e+00 
1.429605792e+00 1.658794282e+00 1.816190476e+00 
1.537677393e+00 1.610316967e+00 1.892000000e+00 
1.837489944e+00 1.586078310e+00 1.892000000e+00 
1.533923572e+00 1.752019888e+00 1.924190476e+00 
1.185438455e+00 1.354878807e+00 1.603619048e+00 
1.108608206e+00 1.155376010e+00 1.257142857e+00 
1.158755430e+00 1.288999378e+00 1.495619048e+00 
1.364708769e+00 1.276569298e+00 1.505523810e+00 
1.089300080e+00 1.201367309e+00 1.325333333e+00 
1.076427997e+00 1.198881293e+00 1.284190476e+00 
1.133815768e+00 1.187072716e+00 1.319428571e+00 
1.236524537e+00 1.185829708e+00 1.362285714e+00 
1.403057120e+00 1.301429459e+00 1.532571429e+00 
1.196299276e+00 1.141081417e+00 1.210285714e+00 
1.181818182e+00 1.211932878e+00 1.346476190e+00 
1.364440869e+00 1.376009944e+00 1.619428571e+00 
1.247251006e+00 1.320696085e+00 1.505523810e+00 
1.161705551e+00 1.159105034e+00 1.325333333e+00 
1.357200322e+00 1.272840273e+00 1.459809524e+00 
1.022526146e+00 1.296457427e+00 1.325333333e+00 
1.388576026e+00 1.374145432e+00 1.613523810e+00 
1.086349960e+00 1.394033561e+00 1.495619048e+00 
1.582059533e+00 1.538222498e+00 1.865523810e+00 
1.132743363e+00 1.091361094e+00 1.186095238e+00 
1.000000000e+00 1.056556868e+00 1.000000000e+00 
1.234915527e+00 1.154133002e+00 1.283619048e+00 
1.000000000e+00 1.076444997e+00 1.075809524e+00 
1.069991955e+00 1.089496582e+00 1.149142857e+00 
1.068382944e+00 1.117464264e+00 1.170285714e+00 
1.113435237e+00 1.054692356e+00 1.134476190e+00 
1.002413516e+00 1.121193288e+00 1.176190476e+00 
1.234111022e+00 1.144188937e+00 1.242476190e+00 
1.120675784e+00 1.023617154e+00 1.108000000e+00 
1.113435237e+00 1.024860162e+00 1.000000000e+00 
1.120675784e+00 1.000000000e+00 1.000000000e+00 
1.174577635e+00 1.422622747e+00 1.511428571e+00 

1.394207562e+00 1.763206961e+00 1.924190476e+00 
1.550818182e+00 1.369173400e+00 1.640571429e+00 
1.741753821e+00 1.715972654e+00 2.000000000e+00 
1.337624296e+00 1.647607209e+00 1.789714286e+00 
1.507106195e+00 1.436917340e+00 1.789714286e+00 
1.160364441e+00 1.471721566e+00 1.603619048e+00 
1.493161706e+00 1.865133623e+00 2.000000000e+00 
1.298873693e+00 1.475450590e+00 1.738095238e+00 
1.358809332e+00 1.722187694e+00 1.816190476e+00 
1.737996782e+00 1.589807334e+00 1.924190476e+00 
1.338964602e+00 1.550031075e+00 1.789714286e+00 
1.300080451e+00 1.342448726e+00 1.603619048e+00 
1.339233307e+00 1.525170914e+00 1.789714286e+00 
1.399302494e+00 1.467992542e+00 1.738095238e+00 
1.234647627e+00 1.517712865e+00 1.738095238e+00 
1.634489139e+00 1.740211311e+00 2.000000000e+00 
1.389648431e+00 1.378495960e+00 1.681714286e+00 
1.403325020e+00 1.342448726e+00 1.613523810e+00 
1.469026549e+00 1.609695463e+00 1.829714286e+00 
1.733974256e+00 1.622747048e+00 1.892000000e+00 
1.285867257e+00 1.347420758e+00 1.603619048e+00 
1.403325020e+00 1.702921069e+00 1.816190476e+00 
1.599356396e+00 1.801118707e+00 2.000000000e+00 
1.405470636e+00 1.744561840e+00 1.865523810e+00 
1.678197908e+00 1.569919204e+00 1.865523810e+00 
1.413515688e+00 1.476072094e+00 1.789714286e+00 
1.364440869e+00 1.376009944e+00 1.619428571e+00 
1.468489944e+00 1.371037912e+00 1.681714286e+00 
1.454813355e+00 1.617153511e+00 1.816190476e+00 
1.419147224e+00 1.699813549e+00 1.865523810e+00 
1.473049075e+00 1.590428838e+00 1.816190476e+00 
1.178332261e+00 1.372280920e+00 1.603619048e+00 
1.089300080e+00 1.224984462e+00 1.433333333e+00 
1.497988737e+00 1.614045991e+00 1.865523810e+00 
1.740144811e+00 1.499689248e+00 1.816190476e+00 
1.198712792e+00 1.569297700e+00 1.630095238e+00 
1.517296862e+00 1.657551274e+00 1.924190476e+00 
1.602574417e+00 1.626476072e+00 1.924190476e+00 
1.737192277e+00 1.607209447e+00 1.924190476e+00 
1.385358005e+00 1.515848353e+00 1.753904762e+00 
1.395816573e+00 1.338719702e+00 1.567809524e+00 
1.592115849e+00 1.585456805e+00 1.829714286e+00 
1.411906677e+00 1.696084525e+00 1.816190476e+00 
1.196299276e+00 1.141081417e+00 1.210285714e+00 
1.118262269e+00 1.507768800e+00 1.571428571e+00 
1.174577635e+00 1.422622747e+00 1.511428571e+00 
1.089300080e+00 1.201367309e+00 1.325333333e+00 
1.416331456e+00 1.444375388e+00 1.789714286e+00 
1.273531778e+00 1.220012430e+00 1.391619048e+00 
1.432823813e+00 1.633934121e+00 1.816190476e+00 
1.272190668e+00 1.422622747e+00 1.681714286e+00 
1.414320193e+00 1.270975761e+00 1.470285714e+00 
1.403057120e+00 1.301429459e+00 1.532571429e+00 
1.331456154e+00 1.634555625e+00 1.757523810e+00 
1.247251006e+00 1.281541330e+00 1.495619048e+00 
1.158755430e+00 1.288999378e+00 1.495619048e+00 
1.133815768e+00 1.187072716e+00 1.319428571e+00 
1.202735318e+00 1.345556246e+00 1.567809524e+00 
1.086349960e+00 1.380981976e+00 1.346476190e+00 
1.076427997e+00 1.198881293e+00 1.284190476e+00 
1.388576026e+00 1.374145432e+00 1.613523810e+00 
1.247251006e+00 1.320696085e+00 1.505523810e+00 
1.323411102e+00 1.414543195e+00 1.619428571e+00 
1.452399839e+00 1.670602859e+00 1.924190476e+00 
1.360686243e+00 1.415164699e+00 1.681714286e+00 
1.181818182e+00 1.211932878e+00 1.346476190e+00 
1.515955752e+00 1.524549410e+00 1.816190476e+00 
1.185438455e+00 1.354878807e+00 1.603619048e+00 
1.357200322e+00 1.272840273e+00 1.459809524e+00 
1.364708769e+00 1.276569298e+00 1.505523810e+00 
1.255028158e+00 1.318831572e+00 1.509142857e+00 
1.086349960e+00 1.394033561e+00 1.495619048e+00 
1.275140788e+00 1.292728403e+00 1.511428571e+00 
1.161705551e+00 1.159105034e+00 1.325333333e+00 
1.234111022e+00 1.144188937e+00 1.242476190e+00 
1.236524537e+00 1.185829708e+00 1.362285714e+00 
1.234915527e+00 1.154133002e+00 1.283619048e+00 
1.022526146e+00 1.296457427e+00 1.325333333e+00 
1.132743363e+00 1.091361094e+00 1.186095238e+00 
1.000000000e+00 1.056556868e+00 1.000000000e+00 
1.108608206e+00 1.155376010e+00 1.257142857e+00 
1.113435237e+00 1.054692356e+00 1.134476190e+00 
1.002413516e+00 1.121193288e+00 1.176190476e+00 
1.068382944e+00 1.117464264e+00 1.170285714e+00 
1.113435237e+00 1.024860162e+00 1.000000000e+00 
1.120675784e+00 1.000000000e+00 1.000000000e+00 
1.000000000e+00 1.076444997e+00 1.075809524e+00 
1.069991955e+00 1.089496582e+00 1.149142857e+00 
1.120675784e+00 1.023617154e+00 1.108000000e+00 

1.271922767e+00 1.395276569e+00 1.619428571e+00 
1.646283186e+00 1.456183965e+00 1.789714286e+00 
1.285867257e+00 1.347420758e+00 1.603619048e+00 
1.761061947e+00 1.492231200e+00 1.816190476e+00 
1.784931617e+00 1.589807334e+00 1.924190476e+00 
1.703403057e+00 1.643878185e+00 2.000000000e+00 
1.395279968e+00 1.513362337e+00 1.705904762e+00 
1.259587289e+00 1.561218148e+00 1.679428571e+00 
1.569053097e+00 1.436295836e+00 1.689333333e+00 
1.185438455e+00 1.354878807e+00 1.603619048e+00 
1.515955752e+00 1.524549410e+00 1.816190476e+00 
1.497988737e+00 1.614045991e+00 1.865523810e+00 
1.532850362e+00 1.606587943e+00 1.865523810e+00 
1.263877715e+00 1.549409571e+00 1.679428571e+00 
1.255028158e+00 1.318831572e+00 1.509142857e+00 
1.413515688e+00 1.476072094e+00 1.789714286e+00 
1.327701529e+00 1.568054692e+00 1.816190476e+00 
1.777956557e+00 1.591050342e+00 1.892000000e+00 
1.300080451e+00 1.342448726e+00 1.603619048e+00 
1.320193081e+00 1.711000622e+00 1.738095238e+00 
1.740144811e+00 1.499689248e+00 1.816190476e+00 
1.493698311e+00 1.625854568e+00 1.865523810e+00 
1.262268705e+00 1.543194531e+00 1.645904762e+00 
1.202735318e+00 1.345556246e+00 1.567809524e+00 
1.357200322e+00 1.272840273e+00 1.459809524e+00 
1.223920354e+00 1.434431324e+00 1.630095238e+00 
1.273531778e+00 1.220012430e+00 1.391619048e+00 
1.521587289e+00 1.645742697e+00 1.924190476e+00 
1.553499598e+00 1.759477937e+00 2.000000000e+00 
1.549209171e+00 1.771286513e+00 2.000000000e+00 
1.632606597e+00 1.619018024e+00 1.924190476e+00 
1.452936444e+00 1.377874456e+00 1.619428571e+00 
1.344328238e+00 1.540708515e+00 1.705904762e+00 
1.426655672e+00 1.670602859e+00 1.924190476e+00 
1.532582462e+00 1.820385333e+00 2.000000000e+00 
1.118262269e+00 1.507768800e+00 1.571428571e+00 
1.389648431e+00 1.378495960e+00 1.681714286e+00 
1.388576026e+00 1.374145432e+00 1.613523810e+00 
1.364708769e+00 1.276569298e+00 1.505523810e+00 
1.672831858e+00 1.530764450e+00 1.865523810e+00 
1.360686243e+00 1.415164699e+00 1.681714286e+00 
1.616516492e+00 1.602858919e+00 1.892000000e+00 
1.387234916e+00 1.564947172e+00 1.757523810e+00 
1.247251006e+00 1.320696085e+00 1.505523810e+00 
1.198712792e+00 1.569297700e+00 1.630095238e+00 
1.468489944e+00 1.371037912e+00 1.681714286e+00 
1.709839099e+00 1.602237415e+00 1.924190476e+00 
1.272190668e+00 1.422622747e+00 1.681714286e+00 
1.488871279e+00 1.660658794e+00 1.823809524e+00 
1.234915527e+00 1.154133002e+00 1.283619048e+00 
1.517296862e+00 1.657551274e+00 1.924190476e+00 
1.271118262e+00 1.601615911e+00 1.681714286e+00 
1.089300080e+00 1.224984462e+00 1.433333333e+00 
1.174577635e+00 1.422622747e+00 1.511428571e+00 
1.247251006e+00 1.281541330e+00 1.495619048e+00 
1.481898632e+00 1.920447483e+00 2.000000000e+00 
1.108608206e+00 1.155376010e+00 1.257142857e+00 
1.181818182e+00 1.211932878e+00 1.346476190e+00 
1.275140788e+00 1.292728403e+00 1.511428571e+00 
1.407884151e+00 1.717837166e+00 1.892000000e+00 
1.550818182e+00 1.369173400e+00 1.640571429e+00 
1.403057120e+00 1.301429459e+00 1.532571429e+00 
1.466076428e+00 1.472343070e+00 1.757523810e+00 
1.418879324e+00 1.817899316e+00 1.924190476e+00 
1.234111022e+00 1.144188937e+00 1.242476190e+00 
1.086349960e+00 1.380981976e+00 1.346476190e+00 
1.158755430e+00 1.288999378e+00 1.495619048e+00 
1.133815768e+00 1.187072716e+00 1.319428571e+00 
1.022526146e+00 1.296457427e+00 1.325333333e+00 
1.089300080e+00 1.201367309e+00 1.325333333e+00 
1.076427997e+00 1.198881293e+00 1.284190476e+00 
1.414320193e+00 1.270975761e+00 1.470285714e+00 
1.196299276e+00 1.141081417e+00 1.210285714e+00 
1.161705551e+00 1.159105034e+00 1.325333333e+00 
1.120675784e+00 1.000000000e+00 1.000000000e+00 
1.132743363e+00 1.091361094e+00 1.186095238e+00 
1.236524537e+00 1.185829708e+00 1.362285714e+00 
1.086349960e+00 1.394033561e+00 1.495619048e+00 
1.069991955e+00 1.089496582e+00 1.149142857e+00 
1.000000000e+00 1.056556868e+00 1.000000000e+00 
1.120675784e+00 1.023617154e+00 1.108000000e+00 
1.068382944e+00 1.117464264e+00 1.170285714e+00 
1.544917940e+00 1.464885022e+00 1.757523810e+00 
1.000000000e+00 1.076444997e+00 1.075809524e+00 
1.002413516e+00 1.121193288e+00 1.176190476e+00 
1.113435237e+00 1.024860162e+00 1.000000000e+00 
1.113435237e+00 1.054692356e+00 1.134476190e+00 

1.410565567e+00 1.634555625e+00 1.816190476e+00 
1.407884151e+00 1.717837166e+00 1.892000000e+00 
1.499061142e+00 1.646985705e+00 1.892000000e+00 
1.337624296e+00 1.647607209e+00 1.789714286e+00 
1.273531778e+00 1.220012430e+00 1.391619048e+00 
1.551890587e+00 1.707893101e+00 2.000000000e+00 
1.403325020e+00 1.342448726e+00 1.613523810e+00 
1.325824618e+00 1.678682411e+00 1.738095238e+00 
1.160364441e+00 1.471721566e+00 1.603619048e+00 
1.320193081e+00 1.711000622e+00 1.738095238e+00 
1.378921963e+00 1.537600994e+00 1.789714286e+00 
1.364440869e+00 1.376009944e+00 1.619428571e+00 
1.223920354e+00 1.434431324e+00 1.630095238e+00 
1.391794047e+00 1.476072094e+00 1.738095238e+00 
1.118262269e+00 1.507768800e+00 1.571428571e+00 
1.517296862e+00 1.657551274e+00 1.924190476e+00 
1.410565567e+00 1.654443754e+00 1.892000000e+00 
1.582729686e+00 1.630826600e+00 1.892000000e+00 
1.851705551e+00 1.696084525e+00 2.000000000e+00 
1.416331456e+00 1.444375388e+00 1.789714286e+00 
1.482703138e+00 1.781230578e+00 2.000000000e+00 
1.285867257e+00 1.347420758e+00 1.603619048e+00 
1.636629123e+00 1.614045991e+00 1.924190476e+00 
1.456691070e+00 1.724673710e+00 1.924190476e+00 
1.515955752e+00 1.524549410e+00 1.816190476e+00 
1.360954948e+00 1.542573027e+00 1.789714286e+00 
1.185438455e+00 1.354878807e+00 1.603619048e+00 
1.262268705e+00 1.543194531e+00 1.645904762e+00 
1.473049075e+00 1.590428838e+00 1.816190476e+00 
1.761061947e+00 1.492231200e+00 1.816190476e+00 
1.089300080e+00 1.224984462e+00 1.433333333e+00 
1.089300080e+00 1.201367309e+00 1.325333333e+00 
1.389648431e+00 1.378495960e+00 1.681714286e+00 
1.784931617e+00 1.589807334e+00 1.924190476e+00 
1.403325020e+00 1.702921069e+00 1.816190476e+00 
1.468489944e+00 1.371037912e+00 1.681714286e+00 
1.480289622e+00 1.582349285e+00 1.865523810e+00 
1.312952534e+00 1.706028589e+00 1.721714286e+00 
1.358809332e+00 1.722187694e+00 1.816190476e+00 
1.379994368e+00 1.491609695e+00 1.705904762e+00 
1.300080451e+00 1.342448726e+00 1.603619048e+00 
1.178332261e+00 1.372280920e+00 1.603619048e+00 
1.272190668e+00 1.422622747e+00 1.681714286e+00 
1.507106195e+00 1.436917340e+00 1.789714286e+00 
1.198712792e+00 1.569297700e+00 1.630095238e+00 
1.448913918e+00 1.614667495e+00 1.816190476e+00 
1.338964602e+00 1.528899938e+00 1.757523810e+00 
1.630193081e+00 1.650714730e+00 1.924190476e+00 
1.413515688e+00 1.476072094e+00 1.789714286e+00 
1.388576026e+00 1.374145432e+00 1.613523810e+00 
1.323411102e+00 1.414543195e+00 1.619428571e+00 
1.360686243e+00 1.415164699e+00 1.681714286e+00 
1.247251006e+00 1.320696085e+00 1.505523810e+00 
1.569053097e+00 1.436295836e+00 1.689333333e+00 
1.357200322e+00 1.272840273e+00 1.459809524e+00 
1.086349960e+00 1.380981976e+00 1.346476190e+00 
1.181818182e+00 1.211932878e+00 1.346476190e+00 
1.234111022e+00 1.144188937e+00 1.242476190e+00 
1.086349960e+00 1.394033561e+00 1.495619048e+00 
1.108608206e+00 1.155376010e+00 1.257142857e+00 
1.158755430e+00 1.288999378e+00 1.495619048e+00 
1.414320193e+00 1.270975761e+00 1.470285714e+00 
1.022526146e+00 1.296457427e+00 1.325333333e+00 
1.234915527e+00 1.154133002e+00 1.283619048e+00 
1.275140788e+00 1.292728403e+00 1.511428571e+00 
1.403057120e+00 1.301429459e+00 1.532571429e+00 
1.247251006e+00 1.281541330e+00 1.495619048e+00 
1.196299276e+00 1.141081417e+00 1.210285714e+00 
1.271118262e+00 1.601615911e+00 1.681714286e+00 
1.174577635e+00 1.422622747e+00 1.511428571e+00 
1.236524537e+00 1.185829708e+00 1.362285714e+00 
1.161705551e+00 1.159105034e+00 1.325333333e+00 
1.364708769e+00 1.276569298e+00 1.505523810e+00 
1.550818182e+00 1.369173400e+00 1.640571429e+00 
1.000000000e+00 1.056556868e+00 1.000000000e+00 
1.076427997e+00 1.198881293e+00 1.284190476e+00 
1.133815768e+00 1.187072716e+00 1.319428571e+00 
1.000000000e+00 1.076444997e+00 1.075809524e+00 
1.120675784e+00 1.023617154e+00 1.108000000e+00 
1.068382944e+00 1.117464264e+00 1.170285714e+00 
1.132743363e+00 1.091361094e+00 1.186095238e+00 
1.113435237e+00 1.054692356e+00 1.134476190e+00 
1.002413516e+00 1.121193288e+00 1.176190476e+00 
1.113435237e+00 1.024860162e+00 1.000000000e+00 
1.069991955e+00 1.089496582e+00 1.149142857e+00 
1.120675784e+00 1.000000000e+00 1.000000000e+00 

1.272190668e+00 1.422622747e+00 1.681714286e+00 
1.664521319e+00 1.732753263e+00 2.000000000e+00 
1.423169751e+00 1.674953387e+00 1.865523810e+00 
1.432823813e+00 1.799875699e+00 1.924190476e+00 
1.750603379e+00 1.720944686e+00 2.000000000e+00 
1.454813355e+00 1.523927906e+00 1.816190476e+00 
1.223920354e+00 1.434431324e+00 1.630095238e+00 
1.344328238e+00 1.540708515e+00 1.705904762e+00 
1.404934031e+00 1.678060907e+00 1.816190476e+00 
1.843386967e+00 1.696084525e+00 2.000000000e+00 
1.517296862e+00 1.657551274e+00 1.924190476e+00 
1.192276750e+00 1.585456805e+00 1.679428571e+00 
1.271922767e+00 1.395276569e+00 1.619428571e+00 
1.539018504e+00 1.550652579e+00 1.865523810e+00 
1.306516492e+00 1.642635177e+00 1.789714286e+00 
1.391257442e+00 1.561218148e+00 1.789714286e+00 
1.185438455e+00 1.354878807e+00 1.603619048e+00 
1.338428801e+00 1.756370416e+00 1.865523810e+00 
1.405470636e+00 1.744561840e+00 1.865523810e+00 
1.416331456e+00 1.444375388e+00 1.789714286e+00 
1.718688656e+00 1.607209447e+00 1.924190476e+00 
1.352373290e+00 1.572405221e+00 1.757523810e+00 
1.594797265e+00 1.631448104e+00 1.924190476e+00 
1.619469027e+00 1.612181479e+00 1.924190476e+00 
1.574148833e+00 1.911746426e+00 2.000000000e+00 
1.695092518e+00 1.598508390e+00 1.892000000e+00 
1.388576026e+00 1.374145432e+00 1.613523810e+00 
1.504692679e+00 1.775015538e+00 1.924190476e+00 
1.398230088e+00 1.522684897e+00 1.738095238e+00 
1.605792438e+00 1.761963953e+00 2.000000000e+00 
1.507106195e+00 1.436917340e+00 1.789714286e+00 
1.578439260e+00 1.899937850e+00 2.000000000e+00 
1.403325020e+00 1.702921069e+00 1.816190476e+00 
1.285867257e+00 1.347420758e+00 1.603619048e+00 
1.389648431e+00 1.378495960e+00 1.681714286e+00 
1.621882542e+00 1.744561840e+00 2.000000000e+00 
1.672831858e+00 1.530764450e+00 1.865523810e+00 
1.550818182e+00 1.369173400e+00 1.640571429e+00 
1.403325020e+00 1.342448726e+00 1.613523810e+00 
1.554304103e+00 2.000000000e+00 2.000000000e+00 
1.429605792e+00 1.658794282e+00 1.816190476e+00 
1.263877715e+00 1.549409571e+00 1.679428571e+00 
1.331456154e+00 1.634555625e+00 1.757523810e+00 
1.259587289e+00 1.561218148e+00 1.679428571e+00 
1.272727273e+00 1.646985705e+00 1.738095238e+00 
1.349155270e+00 1.597265382e+00 1.757523810e+00 
1.247251006e+00 1.320696085e+00 1.505523810e+00 
1.559935640e+00 1.967681790e+00 2.000000000e+00 
1.777956557e+00 1.591050342e+00 1.892000000e+00 
1.401448109e+00 1.510254817e+00 1.738095238e+00 
1.312148029e+00 1.603480423e+00 1.738095238e+00 
1.432823813e+00 1.633934121e+00 1.816190476e+00 
1.358809332e+00 1.722187694e+00 1.816190476e+00 
1.271118262e+00 1.601615911e+00 1.681714286e+00 
1.360686243e+00 1.415164699e+00 1.681714286e+00 
1.541164119e+00 1.643878185e+00 1.924190476e+00 
1.273531778e+00 1.220012430e+00 1.391619048e+00 
1.489675784e+00 1.643878185e+00 1.865523810e+00 
1.300080451e+00 1.342448726e+00 1.603619048e+00 
1.178332261e+00 1.372280920e+00 1.603619048e+00 
1.534191472e+00 1.623990056e+00 1.865523810e+00 
1.357200322e+00 1.272840273e+00 1.459809524e+00 
1.158755430e+00 1.288999378e+00 1.495619048e+00 
1.389917136e+00 1.542573027e+00 1.738095238e+00 
1.089300080e+00 1.224984462e+00 1.433333333e+00 
1.364440869e+00 1.376009944e+00 1.619428571e+00 
1.160364441e+00 1.471721566e+00 1.603619048e+00 
1.086349960e+00 1.380981976e+00 1.346476190e+00 
1.174577635e+00 1.422622747e+00 1.511428571e+00 
1.468489944e+00 1.371037912e+00 1.681714286e+00 
1.196299276e+00 1.141081417e+00 1.210285714e+00 
1.262268705e+00 1.543194531e+00 1.645904762e+00 
1.234111022e+00 1.144188937e+00 1.242476190e+00 
1.492357200e+00 1.796768179e+00 1.892000000e+00 
1.118262269e+00 1.507768800e+00 1.571428571e+00 
1.247251006e+00 1.281541330e+00 1.495619048e+00 
1.086349960e+00 1.394033561e+00 1.495619048e+00 
1.275140788e+00 1.292728403e+00 1.511428571e+00 
1.181818182e+00 1.211932878e+00 1.346476190e+00 
1.161705551e+00 1.159105034e+00 1.325333333e+00 
1.364708769e+00 1.276569298e+00 1.505523810e+00 
1.198712792e+00 1.569297700e+00 1.630095238e+00 
1.089300080e+00 1.201367309e+00 1.325333333e+00 
1.403057120e+00 1.301429459e+00 1.532571429e+00 
1.414320193e+00 1.270975761e+00 1.470285714e+00 
1.133815768e+00 1.187072716e+00 1.319428571e+00 
1.108608206e+00 1.155376010e+00 1.257142857e+00 
1.076427997e+00 1.198881293e+00 1.284190476e+00 
1.022526146e+00 1.296457427e+00 1.325333333e+00 
1.113435237e+00 1.054692356e+00 1.134476190e+00 
1.000000000e+00 1.056556868e+00 1.000000000e+00 
1.002413516e+00 1.121193288e+00 1.176190476e+00 
1.120675784e+00 1.023617154e+00 1.108000000e+00 
1.000000000e+00 1.076444997e+00 1.075809524e+00 
1.234915527e+00 1.154133002e+00 1.283619048e+00 
1.236524537e+00 1.185829708e+00 1.362285714e+00 
1.113435237e+00 1.024860162e+00 1.000000000e+00 
1.132743363e+00 1.091361094e+00 1.186095238e+00 
1.068382944e+00 1.117464264e+00 1.170285714e+00 
1.120675784e+00 1.000000000e+00 1.000000000e+00 
1.069991955e+00 1.089496582e+00 1.149142857e+00 

1.263877715e+00 1.549409571e+00 1.679428571e+00 
1.537677393e+00 1.610316967e+00 1.892000000e+00 
1.539018504e+00 1.550652579e+00 1.865523810e+00 
1.494770716e+00 1.749533872e+00 1.924190476e+00 
1.259587289e+00 1.561218148e+00 1.679428571e+00 
1.477339501e+00 1.573026725e+00 1.816190476e+00 
1.554706356e+00 1.801740211e+00 2.000000000e+00 
1.450522928e+00 1.662523306e+00 1.813904762e+00 
1.784931617e+00 1.589807334e+00 1.924190476e+00 
1.892196299e+00 1.676817899e+00 2.000000000e+00 
1.339233307e+00 1.525170914e+00 1.789714286e+00 
1.174577635e+00 1.422622747e+00 1.511428571e+00 
1.322874497e+00 1.536979490e+00 1.738095238e+00 
1.604448914e+00 1.789310131e+00 2.000000000e+00 
1.659292035e+00 1.720944686e+00 2.000000000e+00 
1.403057120e+00 1.301429459e+00 1.532571429e+00 
1.761061947e+00 1.492231200e+00 1.816190476e+00 
1.506838294e+00 1.935985084e+00 2.000000000e+00 
1.198712792e+00 1.569297700e+00 1.630095238e+00 
1.627916331e+00 1.590428838e+00 1.924190476e+00 
1.223920354e+00 1.434431324e+00 1.630095238e+00 
1.118262269e+00 1.507768800e+00 1.571428571e+00 
1.386967015e+00 1.783716594e+00 1.829714286e+00 
1.302761866e+00 1.466128030e+00 1.640000000e+00 
1.218020917e+00 1.525170914e+00 1.630095238e+00 
1.364440869e+00 1.376009944e+00 1.619428571e+00 
1.468489944e+00 1.371037912e+00 1.681714286e+00 
1.322606597e+00 1.558110628e+00 1.695238095e+00 
1.503620274e+00 1.736482287e+00 1.924190476e+00 
1.504022526e+00 1.638906153e+00 1.924190476e+00 
1.939662108e+00 1.646985705e+00 2.000000000e+00 
1.086349960e+00 1.394033561e+00 1.495619048e+00 
1.510860821e+00 1.869484152e+00 2.000000000e+00 
1.338964602e+00 1.550031075e+00 1.789714286e+00 
1.300080451e+00 1.342448726e+00 1.603619048e+00 
1.317242961e+00 1.483530143e+00 1.681714286e+00 
1.419147224e+00 1.699813549e+00 1.865523810e+00 
1.553767498e+00 1.626476072e+00 1.924190476e+00 
1.507106195e+00 1.436917340e+00 1.789714286e+00 
1.467015286e+00 1.607209447e+00 1.865523810e+00 
1.247251006e+00 1.281541330e+00 1.495619048e+00 
1.550549477e+00 1.535736482e+00 1.816190476e+00 
1.432823813e+00 1.799875699e+00 1.924190476e+00 
1.478948512e+00 1.755748912e+00 1.924190476e+00 
1.403325020e+00 1.342448726e+00 1.613523810e+00 
1.247251006e+00 1.320696085e+00 1.505523810e+00 
1.271922767e+00 1.395276569e+00 1.619428571e+00 
1.312148029e+00 1.603480423e+00 1.738095238e+00 
1.275140788e+00 1.292728403e+00 1.511428571e+00 
1.364708769e+00 1.276569298e+00 1.505523810e+00 
1.619469027e+00 1.612181479e+00 1.924190476e+00 
1.357200322e+00 1.272840273e+00 1.459809524e+00 
1.799678198e+00 1.558110628e+00 1.924190476e+00 
1.185438455e+00 1.354878807e+00 1.603619048e+00 
1.273531778e+00 1.220012430e+00 1.391619048e+00 
1.196299276e+00 1.141081417e+00 1.210285714e+00 
1.317779566e+00 1.461155998e+00 1.679428571e+00 
1.389648431e+00 1.378495960e+00 1.681714286e+00 
1.405470636e+00 1.712243630e+00 1.865523810e+00 
1.423169751e+00 1.674953387e+00 1.865523810e+00 
1.416331456e+00 1.444375388e+00 1.789714286e+00 
1.192276750e+00 1.585456805e+00 1.679428571e+00 
1.285867257e+00 1.347420758e+00 1.603619048e+00 
1.395816573e+00 1.338719702e+00 1.567809524e+00 
1.158755430e+00 1.288999378e+00 1.495619048e+00 
1.234915527e+00 1.154133002e+00 1.283619048e+00 
1.272727273e+00 1.646985705e+00 1.738095238e+00 
1.398230088e+00 1.522684897e+00 1.738095238e+00 
1.161705551e+00 1.159105034e+00 1.325333333e+00 
1.414320193e+00 1.270975761e+00 1.470285714e+00 
1.133815768e+00 1.187072716e+00 1.319428571e+00 
1.022526146e+00 1.296457427e+00 1.325333333e+00 
1.236524537e+00 1.185829708e+00 1.362285714e+00 
1.089300080e+00 1.201367309e+00 1.325333333e+00 
1.086349960e+00 1.380981976e+00 1.346476190e+00 
1.076427997e+00 1.198881293e+00 1.284190476e+00 
1.178332261e+00 1.372280920e+00 1.603619048e+00 
1.108608206e+00 1.155376010e+00 1.257142857e+00 
1.089300080e+00 1.224984462e+00 1.433333333e+00 
1.234111022e+00 1.144188937e+00 1.242476190e+00 
1.113435237e+00 1.024860162e+00 1.000000000e+00 
1.181818182e+00 1.211932878e+00 1.346476190e+00 
1.068382944e+00 1.117464264e+00 1.170285714e+00 
1.160364441e+00 1.471721566e+00 1.603619048e+00 
1.000000000e+00 1.056556868e+00 1.000000000e+00 
1.000000000e+00 1.076444997e+00 1.075809524e+00 
1.113435237e+00 1.054692356e+00 1.134476190e+00 
1.069991955e+00 1.089496582e+00 1.149142857e+00 
1.120675784e+00 1.023617154e+00 1.108000000e+00 
1.002413516e+00 1.121193288e+00 1.176190476e+00 
1.132743363e+00 1.091361094e+00 1.186095238e+00 
1.120675784e+00 1.000000000e+00 1.000000000e+00 

1.202735318e+00 1.345556246e+00 1.567809524e+00 
1.306516492e+00 1.642635177e+00 1.789714286e+00 
1.416197104e+00 1.560596644e+00 1.816190476e+00 
1.637168142e+00 1.522063393e+00 1.816190476e+00 
1.588093323e+00 1.679303915e+00 1.892000000e+00 
1.633411102e+00 1.622125544e+00 1.892000000e+00 
1.737996782e+00 1.589807334e+00 1.924190476e+00 
1.259587289e+00 1.561218148e+00 1.679428571e+00 
1.504692679e+00 1.643878185e+00 1.865523810e+00 
1.300080451e+00 1.342448726e+00 1.603619048e+00 
1.272727273e+00 1.646985705e+00 1.738095238e+00 
1.592115849e+00 1.585456805e+00 1.829714286e+00 
1.580852776e+00 1.546302051e+00 1.816190476e+00 
1.118262269e+00 1.507768800e+00 1.571428571e+00 
1.262805310e+00 1.529521442e+00 1.679428571e+00 
1.497988737e+00 1.553760099e+00 1.816190476e+00 
1.271118262e+00 1.601615911e+00 1.681714286e+00 
1.272190668e+00 1.422622747e+00 1.681714286e+00 
1.392598552e+00 1.528899938e+00 1.757523810e+00 
1.567444087e+00 1.687383468e+00 1.924190476e+00 
1.678197908e+00 1.569919204e+00 1.865523810e+00 
1.192276750e+00 1.585456805e+00 1.679428571e+00 
1.322874497e+00 1.536979490e+00 1.738095238e+00 
1.174577635e+00 1.422622747e+00 1.511428571e+00 
1.086349960e+00 1.380981976e+00 1.346476190e+00 
1.376240547e+00 1.663144810e+00 1.865523810e+00 
1.160364441e+00 1.471721566e+00 1.603619048e+00 
1.398230088e+00 1.522684897e+00 1.738095238e+00 
1.086349960e+00 1.394033561e+00 1.495619048e+00 
1.602574417e+00 1.626476072e+00 1.924190476e+00 
1.403325020e+00 1.342448726e+00 1.613523810e+00 
1.389648431e+00 1.378495960e+00 1.681714286e+00 
1.413515688e+00 1.476072094e+00 1.789714286e+00 
1.570394208e+00 1.614045991e+00 1.865523810e+00 
1.364708769e+00 1.276569298e+00 1.505523810e+00 
1.388576026e+00 1.374145432e+00 1.613523810e+00 
1.399839099e+00 1.694841516e+00 1.924190476e+00 
1.360686243e+00 1.415164699e+00 1.681714286e+00 
1.468489944e+00 1.371037912e+00 1.681714286e+00 
1.247251006e+00 1.320696085e+00 1.505523810e+00 
1.416331456e+00 1.444375388e+00 1.789714286e+00 
1.613298471e+00 1.541330019e+00 1.816190476e+00 
1.322606597e+00 1.558110628e+00 1.695238095e+00 
1.344328238e+00 1.549409571e+00 1.789714286e+00 
1.550818182e+00 1.369173400e+00 1.640571429e+00 
1.285867257e+00 1.347420758e+00 1.603619048e+00 
1.178332261e+00 1.372280920e+00 1.603619048e+00 
1.511665326e+00 1.638284649e+00 1.823809524e+00 
1.275140788e+00 1.292728403e+00 1.511428571e+00 
1.271922767e+00 1.395276569e+00 1.619428571e+00 
1.327701529e+00 1.568054692e+00 1.816190476e+00 
1.223920354e+00 1.434431324e+00 1.630095238e+00 
1.022526146e+00 1.296457427e+00 1.325333333e+00 
1.262268705e+00 1.543194531e+00 1.645904762e+00 
1.234915527e+00 1.154133002e+00 1.283619048e+00 
1.185438455e+00 1.354878807e+00 1.603619048e+00 
1.133815768e+00 1.187072716e+00 1.319428571e+00 
1.196299276e+00 1.141081417e+00 1.210285714e+00 
1.364440869e+00 1.376009944e+00 1.619428571e+00 
1.247251006e+00 1.281541330e+00 1.495619048e+00 
1.414320193e+00 1.270975761e+00 1.470285714e+00 
1.273531778e+00 1.220012430e+00 1.391619048e+00 
1.089300080e+00 1.201367309e+00 1.325333333e+00 
1.395816573e+00 1.338719702e+00 1.567809524e+00 
1.236524537e+00 1.185829708e+00 1.362285714e+00 
1.158755430e+00 1.288999378e+00 1.495619048e+00 
1.403057120e+00 1.301429459e+00 1.532571429e+00 
1.181818182e+00 1.211932878e+00 1.346476190e+00 
1.357200322e+00 1.272840273e+00 1.459809524e+00 
1.108608206e+00 1.155376010e+00 1.257142857e+00 
1.161705551e+00 1.159105034e+00 1.325333333e+00 
1.076427997e+00 1.198881293e+00 1.284190476e+00 
1.089300080e+00 1.224984462e+00 1.433333333e+00 
1.069991955e+00 1.089496582e+00 1.149142857e+00 
1.132743363e+00 1.091361094e+00 1.186095238e+00 
1.002413516e+00 1.121193288e+00 1.176190476e+00 
1.068382944e+00 1.117464264e+00 1.170285714e+00 
1.120675784e+00 1.000000000e+00 1.000000000e+00 
1.234111022e+00 1.144188937e+00 1.242476190e+00 
1.113435237e+00 1.024860162e+00 1.000000000e+00 
1.000000000e+00 1.056556868e+00 1.000000000e+00 
1.113435237e+00 1.054692356e+00 1.134476190e+00 
1.000000000e+00 1.076444997e+00 1.075809524e+00 
1.120675784e+00 1.023617154e+00 1.108000000e+00 

1.663314562e+00 1.671845867e+00 2.000000000e+00 
1.507106195e+00 1.436917340e+00 1.789714286e+00 
1.569187450e+00 1.545680547e+00 1.813904762e+00 
1.572405471e+00 1.602237415e+00 1.865523810e+00 
1.467015286e+00 1.607209447e+00 1.865523810e+00 
1.218020917e+00 1.525170914e+00 1.630095238e+00 
1.799678198e+00 1.558110628e+00 1.924190476e+00 
1.468489944e+00 1.371037912e+00 1.681714286e+00 
1.407884151e+00 1.717837166e+00 1.892000000e+00 
1.504022526e+00 1.638906153e+00 1.924190476e+00 
1.553767498e+00 1.626476072e+00 1.924190476e+00 
1.423169751e+00 1.674953387e+00 1.865523810e+00 
1.202735318e+00 1.345556246e+00 1.567809524e+00 
1.262268705e+00 1.543194531e+00 1.645904762e+00 
1.272190668e+00 1.422622747e+00 1.681714286e+00 
1.416331456e+00 1.444375388e+00 1.789714286e+00 
1.726733709e+00 1.582349285e+00 1.865523810e+00 
1.625905068e+00 1.765071473e+00 2.000000000e+00 
1.627916331e+00 1.590428838e+00 1.924190476e+00 
1.273531778e+00 1.220012430e+00 1.391619048e+00 
1.358809332e+00 1.722187694e+00 1.816190476e+00 
1.338964602e+00 1.550031075e+00 1.789714286e+00 
1.588897828e+00 1.869484152e+00 2.000000000e+00 
1.405470636e+00 1.712243630e+00 1.865523810e+00 
1.386967015e+00 1.783716594e+00 1.829714286e+00 
1.271118262e+00 1.601615911e+00 1.681714286e+00 
1.419147224e+00 1.699813549e+00 1.865523810e+00 
1.364440869e+00 1.376009944e+00 1.619428571e+00 
1.391794047e+00 1.476072094e+00 1.738095238e+00 
1.322606597e+00 1.558110628e+00 1.695238095e+00 
1.360954948e+00 1.542573027e+00 1.789714286e+00 
1.364708769e+00 1.276569298e+00 1.505523810e+00 
1.506838294e+00 1.935985084e+00 2.000000000e+00 
1.395816573e+00 1.338719702e+00 1.567809524e+00 
1.403057120e+00 1.301429459e+00 1.532571429e+00 
1.607940467e+00 1.770043505e+00 2.000000000e+00 
1.192276750e+00 1.585456805e+00 1.679428571e+00 
1.515419952e+00 1.887507769e+00 2.000000000e+00 
1.378921963e+00 1.537600994e+00 1.789714286e+00 
1.418879324e+00 1.817899316e+00 1.924190476e+00 
1.589434433e+00 1.813548788e+00 2.000000000e+00 
1.337624296e+00 1.647607209e+00 1.789714286e+00 
1.198712792e+00 1.569297700e+00 1.630095238e+00 
1.464736122e+00 1.724673710e+00 1.924190476e+00 
1.336283186e+00 1.620882536e+00 1.753904762e+00 
1.477339501e+00 1.573026725e+00 1.816190476e+00 
1.550818182e+00 1.369173400e+00 1.640571429e+00 
1.263877715e+00 1.549409571e+00 1.679428571e+00 
1.411638777e+00 1.705407085e+00 1.865523810e+00 
1.271922767e+00 1.395276569e+00 1.619428571e+00 
1.425315366e+00 1.768178993e+00 1.924190476e+00 
1.761061947e+00 1.492231200e+00 1.816190476e+00 
1.403325020e+00 1.342448726e+00 1.613523810e+00 
1.247251006e+00 1.281541330e+00 1.495619048e+00 
1.248592116e+00 1.500310752e+00 1.619428571e+00 
1.089300080e+00 1.224984462e+00 1.433333333e+00 
1.133815768e+00 1.187072716e+00 1.319428571e+00 
1.118262269e+00 1.507768800e+00 1.571428571e+00 
1.275140788e+00 1.292728403e+00 1.511428571e+00 
1.357200322e+00 1.272840273e+00 1.459809524e+00 
1.089300080e+00 1.201367309e+00 1.325333333e+00 
1.247251006e+00 1.320696085e+00 1.505523810e+00 
1.601233307e+00 1.524549410e+00 1.816190476e+00 
1.300080451e+00 1.342448726e+00 1.603619048e+00 
1.181818182e+00 1.211932878e+00 1.346476190e+00 
1.322874497e+00 1.536979490e+00 1.738095238e+00 
1.086349960e+00 1.394033561e+00 1.495619048e+00 
1.086349960e+00 1.380981976e+00 1.346476190e+00 
1.285867257e+00 1.347420758e+00 1.603619048e+00 
1.312148029e+00 1.603480423e+00 1.738095238e+00 
1.185438455e+00 1.354878807e+00 1.603619048e+00 
1.178332261e+00 1.372280920e+00 1.603619048e+00 
1.174577635e+00 1.422622747e+00 1.511428571e+00 
1.389648431e+00 1.378495960e+00 1.681714286e+00 
1.236524537e+00 1.185829708e+00 1.362285714e+00 
1.272727273e+00 1.646985705e+00 1.738095238e+00 
1.160364441e+00 1.471721566e+00 1.603619048e+00 
1.234111022e+00 1.144188937e+00 1.242476190e+00 
1.022526146e+00 1.296457427e+00 1.325333333e+00 
1.448913918e+00 1.614667495e+00 1.816190476e+00 
1.379994368e+00 1.491609695e+00 1.705904762e+00 
1.076427997e+00 1.198881293e+00 1.284190476e+00 
1.108608206e+00 1.155376010e+00 1.257142857e+00 
1.414320193e+00 1.270975761e+00 1.470285714e+00 
1.158755430e+00 1.288999378e+00 1.495619048e+00 
1.132743363e+00 1.091361094e+00 1.186095238e+00 
1.196299276e+00 1.141081417e+00 1.210285714e+00 
1.234915527e+00 1.154133002e+00 1.283619048e+00 
1.113435237e+00 1.054692356e+00 1.134476190e+00 
1.068382944e+00 1.117464264e+00 1.170285714e+00 
1.000000000e+00 1.056556868e+00 1.000000000e+00 
1.161705551e+00 1.159105034e+00 1.325333333e+00 
1.120675784e+00 1.023617154e+00 1.108000000e+00 
1.000000000e+00 1.076444997e+00 1.075809524e+00 
1.113435237e+00 1.024860162e+00 1.000000000e+00 
1.002413516e+00 1.121193288e+00 1.176190476e+00 
1.069991955e+00 1.089496582e+00 1.149142857e+00 
1.120675784e+00 1.000000000e+00 1.000000000e+00 

1.572405471e+00 1.602237415e+00 1.865523810e+00 
1.331456154e+00 1.634555625e+00 1.757523810e+00 
1.218020917e+00 1.525170914e+00 1.630095238e+00 
1.550818182e+00 1.369173400e+00 1.640571429e+00 
1.432823813e+00 1.633934121e+00 1.816190476e+00 
1.416331456e+00 1.444375388e+00 1.789714286e+00 
1.784931617e+00 1.589807334e+00 1.924190476e+00 
1.392598552e+00 1.528899938e+00 1.757523810e+00 
1.504424779e+00 1.763828465e+00 1.924190476e+00 
1.473049075e+00 1.590428838e+00 1.816190476e+00 
1.364440869e+00 1.376009944e+00 1.619428571e+00 
1.344328238e+00 1.549409571e+00 1.789714286e+00 
1.500134352e+00 1.775637042e+00 1.924190476e+00 
1.873692679e+00 1.743318832e+00 2.000000000e+00 
1.404934031e+00 1.678060907e+00 1.816190476e+00 
1.358809332e+00 1.722187694e+00 1.816190476e+00 
1.198712792e+00 1.569297700e+00 1.630095238e+00 
1.395816573e+00 1.338719702e+00 1.567809524e+00 
1.403057120e+00 1.301429459e+00 1.532571429e+00 
1.118262269e+00 1.507768800e+00 1.571428571e+00 
1.496379726e+00 1.694841516e+00 1.865523810e+00 
1.300080451e+00 1.342448726e+00 1.603619048e+00 
1.399302494e+00 1.467992542e+00 1.738095238e+00 
1.781174578e+00 1.762585457e+00 2.000000000e+00 
1.505229284e+00 1.609695463e+00 1.924190476e+00 
1.454813355e+00 1.617153511e+00 1.816190476e+00 
1.271922767e+00 1.395276569e+00 1.619428571e+00 
1.234647627e+00 1.517712865e+00 1.738095238e+00 
1.185438455e+00 1.354878807e+00 1.603619048e+00 
1.389648431e+00 1.378495960e+00 1.681714286e+00 
1.722711183e+00 1.550031075e+00 1.865523810e+00 
1.757843926e+00 1.867619640e+00 2.000000000e+00 
1.716548673e+00 1.587321318e+00 1.865523810e+00 
1.298873693e+00 1.475450590e+00 1.738095238e+00 
1.357200322e+00 1.272840273e+00 1.459809524e+00 
1.515955752e+00 1.524549410e+00 1.816190476e+00 
1.388576026e+00 1.374145432e+00 1.613523810e+00 
1.360686243e+00 1.415164699e+00 1.681714286e+00 
1.393939662e+00 1.793039155e+00 1.924190476e+00 
1.223920354e+00 1.434431324e+00 1.630095238e+00 
1.273531778e+00 1.220012430e+00 1.391619048e+00 
1.385358005e+00 1.515848353e+00 1.753904762e+00 
1.946902655e+00 1.701678061e+00 2.000000000e+00 
1.089300080e+00 1.201367309e+00 1.325333333e+00 
1.089300080e+00 1.224984462e+00 1.433333333e+00 
1.158755430e+00 1.288999378e+00 1.495619048e+00 
1.414320193e+00 1.270975761e+00 1.470285714e+00 
1.234915527e+00 1.154133002e+00 1.283619048e+00 
1.247251006e+00 1.320696085e+00 1.505523810e+00 
1.234111022e+00 1.144188937e+00 1.242476190e+00 
1.086349960e+00 1.380981976e+00 1.346476190e+00 
1.247251006e+00 1.281541330e+00 1.495619048e+00 
1.174577635e+00 1.422622747e+00 1.511428571e+00 
1.160364441e+00 1.471721566e+00 1.603619048e+00 
1.161705551e+00 1.159105034e+00 1.325333333e+00 
1.181818182e+00 1.211932878e+00 1.346476190e+00 
1.413515688e+00 1.476072094e+00 1.789714286e+00 
1.364708769e+00 1.276569298e+00 1.505523810e+00 
1.272190668e+00 1.422622747e+00 1.681714286e+00 
1.022526146e+00 1.296457427e+00 1.325333333e+00 
1.086349960e+00 1.394033561e+00 1.495619048e+00 
1.410297667e+00 1.658794282e+00 1.816190476e+00 
1.236524537e+00 1.185829708e+00 1.362285714e+00 
1.202735318e+00 1.345556246e+00 1.567809524e+00 
1.275140788e+00 1.292728403e+00 1.511428571e+00 
1.076427997e+00 1.198881293e+00 1.284190476e+00 
1.108608206e+00 1.155376010e+00 1.257142857e+00 
1.068382944e+00 1.117464264e+00 1.170285714e+00 
1.113435237e+00 1.054692356e+00 1.134476190e+00 
1.000000000e+00 1.056556868e+00 1.000000000e+00 
1.133815768e+00 1.187072716e+00 1.319428571e+00 
1.120675784e+00 1.023617154e+00 1.108000000e+00 
1.002413516e+00 1.121193288e+00 1.176190476e+00 
1.113435237e+00 1.024860162e+00 1.000000000e+00 
1.132743363e+00 1.091361094e+00 1.186095238e+00 
1.069991955e+00 1.089496582e+00 1.149142857e+00 
1.120675784e+00 1.000000000e+00 1.000000000e+00 
1.000000000e+00 1.076444997e+00 1.075809524e+00 
1.196299276e+00 1.141081417e+00 1.210285714e+00 

1.331456154e+00 1.634555625e+00 1.757523810e+00 
1.444086887e+00 1.683032940e+00 1.924190476e+00 
1.426119871e+00 1.876942200e+00 2.000000000e+00 
1.223920354e+00 1.434431324e+00 1.630095238e+00 
1.606596943e+00 1.863269111e+00 2.000000000e+00 
1.319388576e+00 1.581106277e+00 1.738095238e+00 
1.550549477e+00 1.535736482e+00 1.816190476e+00 
1.398230088e+00 1.522684897e+00 1.738095238e+00 
1.330651649e+00 1.438160348e+00 1.645904762e+00 
1.507106195e+00 1.436917340e+00 1.789714286e+00 
1.425315366e+00 1.768178993e+00 1.924190476e+00 
1.750064360e+00 1.715351150e+00 2.000000000e+00 
1.395816573e+00 1.338719702e+00 1.567809524e+00 
1.418879324e+00 1.817899316e+00 1.924190476e+00 
1.322874497e+00 1.536979490e+00 1.738095238e+00 
1.338428801e+00 1.756370416e+00 1.865523810e+00 
1.592115849e+00 1.585456805e+00 1.829714286e+00 
1.312415929e+00 1.426973275e+00 1.630095238e+00 
1.118262269e+00 1.507768800e+00 1.571428571e+00 
1.338964602e+00 1.550031075e+00 1.789714286e+00 
1.302761866e+00 1.466128030e+00 1.640000000e+00 
1.677393403e+00 1.599751398e+00 1.865523810e+00 
1.466613033e+00 1.658172778e+00 1.924190476e+00 
1.672566372e+00 1.816034804e+00 2.000000000e+00 
1.375971842e+00 1.604101927e+00 1.816190476e+00 
1.593992759e+00 1.645742697e+00 1.924190476e+00 
1.275140788e+00 1.292728403e+00 1.511428571e+00 
1.358809332e+00 1.722187694e+00 1.816190476e+00 
1.312148029e+00 1.603480423e+00 1.738095238e+00 
1.403325020e+00 1.342448726e+00 1.613523810e+00 
1.306516492e+00 1.642635177e+00 1.789714286e+00 
1.416331456e+00 1.444375388e+00 1.789714286e+00 
1.378921963e+00 1.537600994e+00 1.789714286e+00 
1.598551891e+00 1.611559975e+00 1.865523810e+00 
1.619469027e+00 1.612181479e+00 1.924190476e+00 
1.388576026e+00 1.374145432e+00 1.613523810e+00 
1.160364441e+00 1.471721566e+00 1.603619048e+00 
1.271922767e+00 1.395276569e+00 1.619428571e+00 
1.477339501e+00 1.573026725e+00 1.816190476e+00 
1.364440869e+00 1.376009944e+00 1.619428571e+00 
1.955752212e+00 1.676196395e+00 2.000000000e+00 
1.247251006e+00 1.320696085e+00 1.505523810e+00 
1.198712792e+00 1.569297700e+00 1.630095238e+00 
1.678197908e+00 1.569919204e+00 1.865523810e+00 
1.299543846e+00 1.520820385e+00 1.681714286e+00 
1.769911504e+00 1.703542573e+00 2.000000000e+00 
1.761061947e+00 1.492231200e+00 1.816190476e+00 
1.300080451e+00 1.342448726e+00 1.603619048e+00 
1.086349960e+00 1.380981976e+00 1.346476190e+00 
1.360686243e+00 1.415164699e+00 1.681714286e+00 
1.089300080e+00 1.201367309e+00 1.325333333e+00 
1.234111022e+00 1.144188937e+00 1.242476190e+00 
1.569053097e+00 1.436295836e+00 1.689333333e+00 
1.403057120e+00 1.301429459e+00 1.532571429e+00 
1.181818182e+00 1.211932878e+00 1.346476190e+00 
1.271118262e+00 1.601615911e+00 1.681714286e+00 
1.086349960e+00 1.394033561e+00 1.495619048e+00 
1.262268705e+00 1.543194531e+00 1.645904762e+00 
1.285867257e+00 1.347420758e+00 1.603619048e+00 
1.273531778e+00 1.220012430e+00 1.391619048e+00 
1.317242961e+00 1.483530143e+00 1.681714286e+00 
1.185438455e+00 1.354878807e+00 1.603619048e+00 
1.389648431e+00 1.378495960e+00 1.681714286e+00 
1.468489944e+00 1.371037912e+00 1.681714286e+00 
1.076427997e+00 1.198881293e+00 1.284190476e+00 
1.158755430e+00 1.288999378e+00 1.495619048e+00 
1.357200322e+00 1.272840273e+00 1.459809524e+00 
1.247251006e+00 1.281541330e+00 1.495619048e+00 
1.364708769e+00 1.276569298e+00 1.505523810e+00 
1.236524537e+00 1.185829708e+00 1.362285714e+00 
1.737996782e+00 1.589807334e+00 1.924190476e+00 
1.108608206e+00 1.155376010e+00 1.257142857e+00 
1.022526146e+00 1.296457427e+00 1.325333333e+00 
1.414320193e+00 1.270975761e+00 1.470285714e+00 
1.089300080e+00 1.224984462e+00 1.433333333e+00 
1.174577635e+00 1.422622747e+00 1.511428571e+00 
1.161705551e+00 1.159105034e+00 1.325333333e+00 
1.002413516e+00 1.121193288e+00 1.176190476e+00 
1.234915527e+00 1.154133002e+00 1.283619048e+00 
1.133815768e+00 1.187072716e+00 1.319428571e+00 
1.120675784e+00 1.023617154e+00 1.108000000e+00 
1.196299276e+00 1.141081417e+00 1.210285714e+00 
1.000000000e+00 1.056556868e+00 1.000000000e+00 
1.069991955e+00 1.089496582e+00 1.149142857e+00 
1.000000000e+00 1.076444997e+00 1.075809524e+00 
1.132743363e+00 1.091361094e+00 1.186095238e+00 
1.113435237e+00 1.024860162e+00 1.000000000e+00 
1.120675784e+00 1.000000000e+00 1.000000000e+00 
1.068382944e+00 1.117464264e+00 1.170285714e+00 
1.113435237e+00 1.054692356e+00 1.134476190e+00 

1.338964602e+00 1.550031075e+00 1.789714286e+00 
1.358809332e+00 1.722187694e+00 1.816190476e+00 
1.689726468e+00 1.573648229e+00 1.892000000e+00 
1.416331456e+00 1.444375388e+00 1.789714286e+00 
1.263877715e+00 1.549409571e+00 1.679428571e+00 
1.331456154e+00 1.634555625e+00 1.757523810e+00 
1.388576026e+00 1.374145432e+00 1.613523810e+00 
1.550818182e+00 1.369173400e+00 1.640571429e+00 
1.436846340e+00 1.791796147e+00 1.892000000e+00 
1.322606597e+00 1.558110628e+00 1.695238095e+00 
1.569053097e+00 1.436295836e+00 1.689333333e+00 
1.319388576e+00 1.581106277e+00 1.738095238e+00 
1.160364441e+00 1.471721566e+00 1.603619048e+00 
1.386967015e+00 1.783716594e+00 1.829714286e+00 
1.259587289e+00 1.561218148e+00 1.679428571e+00 
1.403057120e+00 1.301429459e+00 1.532571429e+00 
1.118262269e+00 1.507768800e+00 1.571428571e+00 
1.271922767e+00 1.395276569e+00 1.619428571e+00 
1.586484312e+00 1.560596644e+00 1.816190476e+00 
1.306516492e+00 1.642635177e+00 1.789714286e+00 
1.202735318e+00 1.345556246e+00 1.567809524e+00 
1.468489944e+00 1.371037912e+00 1.681714286e+00 
1.174577635e+00 1.422622747e+00 1.511428571e+00 
1.241888174e+00 1.666873835e+00 1.738095238e+00 
1.364440869e+00 1.376009944e+00 1.619428571e+00 
1.178332261e+00 1.372280920e+00 1.603619048e+00 
1.395816573e+00 1.338719702e+00 1.567809524e+00 
1.410297667e+00 1.658794282e+00 1.816190476e+00 
1.285867257e+00 1.347420758e+00 1.603619048e+00 
1.601233307e+00 1.524549410e+00 1.816190476e+00 
1.272190668e+00 1.422622747e+00 1.681714286e+00 
1.403325020e+00 1.342448726e+00 1.613523810e+00 
1.443282381e+00 1.643256681e+00 1.813904762e+00 
1.344328238e+00 1.540708515e+00 1.705904762e+00 
1.223920354e+00 1.434431324e+00 1.630095238e+00 
1.391794047e+00 1.476072094e+00 1.738095238e+00 
1.089300080e+00 1.201367309e+00 1.325333333e+00 
1.364708769e+00 1.276569298e+00 1.505523810e+00 
1.185438455e+00 1.354878807e+00 1.603619048e+00 
1.477339501e+00 1.573026725e+00 1.816190476e+00 
1.089300080e+00 1.224984462e+00 1.433333333e+00 
1.761061947e+00 1.492231200e+00 1.816190476e+00 
1.247251006e+00 1.320696085e+00 1.505523810e+00 
1.466613033e+00 1.658172778e+00 1.924190476e+00 
1.271118262e+00 1.601615911e+00 1.681714286e+00 
1.378921963e+00 1.537600994e+00 1.789714286e+00 
1.198712792e+00 1.569297700e+00 1.630095238e+00 
1.336283186e+00 1.620882536e+00 1.753904762e+00 
1.086349960e+00 1.394033561e+00 1.495619048e+00 
1.300080451e+00 1.342448726e+00 1.603619048e+00 
1.247251006e+00 1.281541330e+00 1.495619048e+00 
1.076427997e+00 1.198881293e+00 1.284190476e+00 
1.234915527e+00 1.154133002e+00 1.283619048e+00 
1.133815768e+00 1.187072716e+00 1.319428571e+00 
1.086349960e+00 1.380981976e+00 1.346476190e+00 
1.357200322e+00 1.272840273e+00 1.459809524e+00 
1.389648431e+00 1.378495960e+00 1.681714286e+00 
1.636629123e+00 1.605966439e+00 1.892000000e+00 
1.181818182e+00 1.211932878e+00 1.346476190e+00 
1.196299276e+00 1.141081417e+00 1.210285714e+00 
1.456691070e+00 1.737103791e+00 1.823809524e+00 
1.234111022e+00 1.144188937e+00 1.242476190e+00 
1.418879324e+00 1.817899316e+00 1.924190476e+00 
1.022526146e+00 1.296457427e+00 1.325333333e+00 
1.108608206e+00 1.155376010e+00 1.257142857e+00 
1.275140788e+00 1.292728403e+00 1.511428571e+00 
1.414320193e+00 1.270975761e+00 1.470285714e+00 
1.161705551e+00 1.159105034e+00 1.325333333e+00 
1.158755430e+00 1.288999378e+00 1.495619048e+00 
1.000000000e+00 1.056556868e+00 1.000000000e+00 
1.120675784e+00 1.023617154e+00 1.108000000e+00 
1.000000000e+00 1.076444997e+00 1.075809524e+00 
1.236524537e+00 1.185829708e+00 1.362285714e+00 
1.273531778e+00 1.220012430e+00 1.391619048e+00 
1.069991955e+00 1.089496582e+00 1.149142857e+00 
1.002413516e+00 1.121193288e+00 1.176190476e+00 
1.120675784e+00 1.000000000e+00 1.000000000e+00 
1.113435237e+00 1.054692356e+00 1.134476190e+00 
1.132743363e+00 1.091361094e+00 1.186095238e+00 
1.113435237e+00 1.024860162e+00 1.000000000e+00 
1.068382944e+00 1.117464264e+00 1.170285714e+00 

1.394744167e+00 1.670602859e+00 1.924190476e+00 
1.497988737e+00 1.553760099e+00 1.816190476e+00 
1.339233307e+00 1.525170914e+00 1.789714286e+00 
1.569053097e+00 1.436295836e+00 1.689333333e+00 
1.146956557e+00 1.525792418e+00 1.571428571e+00 
1.327701529e+00 1.568054692e+00 1.816190476e+00 
1.300080451e+00 1.342448726e+00 1.603619048e+00 
1.202735318e+00 1.345556246e+00 1.567809524e+00 
1.718688656e+00 1.607209447e+00 1.924190476e+00 
1.539018504e+00 1.550652579e+00 1.865523810e+00 
1.389648431e+00 1.378495960e+00 1.681714286e+00 
1.505229284e+00 1.609695463e+00 1.924190476e+00 
1.515955752e+00 1.524549410e+00 1.816190476e+00 
1.550818182e+00 1.369173400e+00 1.640571429e+00 
1.388576026e+00 1.374145432e+00 1.613523810e+00 
1.365245374e+00 1.487880671e+00 1.738095238e+00 
1.507106195e+00 1.436917340e+00 1.789714286e+00 
1.413515688e+00 1.476072094e+00 1.789714286e+00 
1.468489944e+00 1.371037912e+00 1.681714286e+00 
1.395816573e+00 1.338719702e+00 1.567809524e+00 
1.174577635e+00 1.422622747e+00 1.511428571e+00 
1.416331456e+00 1.444375388e+00 1.789714286e+00 
1.364708769e+00 1.276569298e+00 1.505523810e+00 
1.403325020e+00 1.342448726e+00 1.613523810e+00 
1.272190668e+00 1.422622747e+00 1.681714286e+00 
1.086349960e+00 1.394033561e+00 1.495619048e+00 
1.086349960e+00 1.380981976e+00 1.346476190e+00 
1.160364441e+00 1.471721566e+00 1.603619048e+00 
1.733708769e+00 1.582970789e+00 1.924190476e+00 
1.357200322e+00 1.272840273e+00 1.459809524e+00 
1.393939662e+00 1.793039155e+00 1.924190476e+00 
1.192276750e+00 1.585456805e+00 1.679428571e+00 
1.285867257e+00 1.347420758e+00 1.603619048e+00 
1.247251006e+00 1.320696085e+00 1.505523810e+00 
1.178332261e+00 1.372280920e+00 1.603619048e+00 
1.414320193e+00 1.270975761e+00 1.470285714e+00 
1.275140788e+00 1.292728403e+00 1.511428571e+00 
1.185438455e+00 1.354878807e+00 1.603619048e+00 
1.234915527e+00 1.154133002e+00 1.283619048e+00 
1.089300080e+00 1.201367309e+00 1.325333333e+00 
1.403057120e+00 1.301429459e+00 1.532571429e+00 
1.271922767e+00 1.395276569e+00 1.619428571e+00 
1.223920354e+00 1.434431324e+00 1.630095238e+00 
1.533654867e+00 1.516469857e+00 1.816190476e+00 
1.234647627e+00 1.517712865e+00 1.738095238e+00 
1.133815768e+00 1.187072716e+00 1.319428571e+00 
1.089300080e+00 1.224984462e+00 1.433333333e+00 
1.247251006e+00 1.281541330e+00 1.495619048e+00 
1.234111022e+00 1.144188937e+00 1.242476190e+00 
1.273531778e+00 1.220012430e+00 1.391619048e+00 
1.108608206e+00 1.155376010e+00 1.257142857e+00 
1.158755430e+00 1.288999378e+00 1.495619048e+00 
1.181818182e+00 1.211932878e+00 1.346476190e+00 
1.161705551e+00 1.159105034e+00 1.325333333e+00 
1.022526146e+00 1.296457427e+00 1.325333333e+00 
1.364440869e+00 1.376009944e+00 1.619428571e+00 
1.076427997e+00 1.198881293e+00 1.284190476e+00 
1.000000000e+00 1.076444997e+00 1.075809524e+00 
1.113435237e+00 1.054692356e+00 1.134476190e+00 
1.196299276e+00 1.141081417e+00 1.210285714e+00 
1.120675784e+00 1.000000000e+00 1.000000000e+00 
1.120675784e+00 1.023617154e+00 1.108000000e+00 
1.236524537e+00 1.185829708e+00 1.362285714e+00 
1.068382944e+00 1.117464264e+00 1.170285714e+00 
1.069991955e+00 1.089496582e+00 1.149142857e+00 
1.113435237e+00 1.024860162e+00 1.000000000e+00 
1.002413516e+00 1.121193288e+00 1.176190476e+00 
1.132743363e+00 1.091361094e+00 1.186095238e+00 
1.000000000e+00 1.056556868e+00 1.000000000e+00 

1.436846340e+00 1.791796147e+00 1.892000000e+00 
1.569053097e+00 1.436295836e+00 1.689333333e+00 
1.234647627e+00 1.517712865e+00 1.738095238e+00 
1.469026549e+00 1.609695463e+00 1.829714286e+00 
1.146956557e+00 1.526413922e+00 1.503238095e+00 
1.469563154e+00 1.623990056e+00 1.865523810e+00 
1.160364441e+00 1.471721566e+00 1.603619048e+00 
1.448109413e+00 1.674331883e+00 1.892000000e+00 
1.502547868e+00 1.830329397e+00 1.924190476e+00 
1.774738536e+00 1.833436917e+00 2.000000000e+00 
1.509788415e+00 1.668738347e+00 1.924190476e+00 
1.234647627e+00 1.494095712e+00 1.630095238e+00 
1.392598552e+00 1.528899938e+00 1.757523810e+00 
1.388308126e+00 1.810441268e+00 1.865523810e+00 
1.416331456e+00 1.444375388e+00 1.789714286e+00 
1.517296862e+00 1.657551274e+00 1.924190476e+00 
1.349155270e+00 1.597265382e+00 1.757523810e+00 
1.454813355e+00 1.523927906e+00 1.816190476e+00 
1.352373290e+00 1.572405221e+00 1.757523810e+00 
1.389648431e+00 1.378495960e+00 1.681714286e+00 
1.539018504e+00 1.550652579e+00 1.865523810e+00 
1.381872084e+00 1.716594158e+00 1.813904762e+00 
1.619469027e+00 1.612181479e+00 1.924190476e+00 
1.185438455e+00 1.354878807e+00 1.603619048e+00 
1.594797265e+00 1.631448104e+00 1.924190476e+00 
1.507106195e+00 1.436917340e+00 1.789714286e+00 
1.202735318e+00 1.345556246e+00 1.567809524e+00 
1.399302494e+00 1.467992542e+00 1.738095238e+00 
1.388576026e+00 1.374145432e+00 1.613523810e+00 
1.247251006e+00 1.320696085e+00 1.505523810e+00 
1.271922767e+00 1.395276569e+00 1.619428571e+00 
1.416197104e+00 1.560596644e+00 1.816190476e+00 
1.360954948e+00 1.542573027e+00 1.789714286e+00 
1.086349960e+00 1.380981976e+00 1.346476190e+00 
1.364440869e+00 1.376009944e+00 1.619428571e+00 
1.360686243e+00 1.415164699e+00 1.681714286e+00 
1.379994368e+00 1.491609695e+00 1.705904762e+00 
1.337624296e+00 1.647607209e+00 1.789714286e+00 
1.410297667e+00 1.658794282e+00 1.816190476e+00 
1.395816573e+00 1.338719702e+00 1.567809524e+00 
1.272190668e+00 1.422622747e+00 1.681714286e+00 
1.620539019e+00 1.557489124e+00 1.924190476e+00 
1.234915527e+00 1.154133002e+00 1.283619048e+00 
1.086349960e+00 1.394033561e+00 1.495619048e+00 
1.468489944e+00 1.371037912e+00 1.681714286e+00 
1.565567176e+00 1.630205096e+00 1.892000000e+00 
1.247251006e+00 1.281541330e+00 1.495619048e+00 
1.273531778e+00 1.220012430e+00 1.391619048e+00 
1.285867257e+00 1.347420758e+00 1.603619048e+00 
1.533654867e+00 1.516469857e+00 1.816190476e+00 
1.133815768e+00 1.187072716e+00 1.319428571e+00 
1.403325020e+00 1.342448726e+00 1.613523810e+00 
1.076427997e+00 1.198881293e+00 1.284190476e+00 
1.364708769e+00 1.276569298e+00 1.505523810e+00 
1.158755430e+00 1.288999378e+00 1.495619048e+00 
1.414320193e+00 1.270975761e+00 1.470285714e+00 
1.089300080e+00 1.201367309e+00 1.325333333e+00 
1.178332261e+00 1.372280920e+00 1.603619048e+00 
1.236524537e+00 1.185829708e+00 1.362285714e+00 
1.181818182e+00 1.211932878e+00 1.346476190e+00 
1.550818182e+00 1.369173400e+00 1.640571429e+00 
1.174577635e+00 1.422622747e+00 1.511428571e+00 
1.198712792e+00 1.569297700e+00 1.630095238e+00 
1.357200322e+00 1.272840273e+00 1.459809524e+00 
1.089300080e+00 1.224984462e+00 1.433333333e+00 
1.196299276e+00 1.141081417e+00 1.210285714e+00 
1.022526146e+00 1.296457427e+00 1.325333333e+00 
1.403057120e+00 1.301429459e+00 1.532571429e+00 
1.275140788e+00 1.292728403e+00 1.511428571e+00 
1.504692679e+00 1.681789932e+00 1.924190476e+00 
1.113435237e+00 1.024860162e+00 1.000000000e+00 
1.068382944e+00 1.117464264e+00 1.170285714e+00 
1.069991955e+00 1.089496582e+00 1.149142857e+00 
1.120675784e+00 1.000000000e+00 1.000000000e+00 
1.002413516e+00 1.121193288e+00 1.176190476e+00 
1.108608206e+00 1.155376010e+00 1.257142857e+00 
1.000000000e+00 1.056556868e+00 1.000000000e+00 
1.120675784e+00 1.023617154e+00 1.108000000e+00 
1.132743363e+00 1.091361094e+00 1.186095238e+00 
1.000000000e+00 1.076444997e+00 1.075809524e+00 
1.161705551e+00 1.159105034e+00 1.325333333e+00 
1.113435237e+00 1.054692356e+00 1.134476190e+00 
1.234111022e+00 1.144188937e+00 1.242476190e+00 

1.592115849e+00 1.585456805e+00 1.829714286e+00 
1.543845535e+00 1.586078310e+00 1.813904762e+00 
1.312148029e+00 1.506525792e+00 1.645904762e+00 
1.436846340e+00 1.791796147e+00 1.892000000e+00 
1.601233307e+00 1.524549410e+00 1.816190476e+00 
1.444086887e+00 1.683032940e+00 1.924190476e+00 
1.118262269e+00 1.507768800e+00 1.571428571e+00 
1.379994368e+00 1.491609695e+00 1.705904762e+00 
1.360954948e+00 1.542573027e+00 1.789714286e+00 
1.619469027e+00 1.612181479e+00 1.924190476e+00 
1.553767498e+00 1.626476072e+00 1.924190476e+00 
1.504022526e+00 1.638906153e+00 1.924190476e+00 
1.572405471e+00 1.602237415e+00 1.865523810e+00 
1.401448109e+00 1.510254817e+00 1.738095238e+00 
1.467015286e+00 1.607209447e+00 1.865523810e+00 
1.627916331e+00 1.590428838e+00 1.924190476e+00 
1.799678198e+00 1.558110628e+00 1.924190476e+00 
1.317511665e+00 1.584213797e+00 1.738095238e+00 
1.434432824e+00 1.847731510e+00 1.829714286e+00 
1.429605792e+00 1.658794282e+00 1.816190476e+00 
1.299543846e+00 1.520820385e+00 1.681714286e+00 
1.588093323e+00 1.541330019e+00 1.816190476e+00 
1.160364441e+00 1.471721566e+00 1.603619048e+00 
1.285867257e+00 1.347420758e+00 1.603619048e+00 
1.358809332e+00 1.722187694e+00 1.816190476e+00 
1.330651649e+00 1.438160348e+00 1.645904762e+00 
1.378921963e+00 1.537600994e+00 1.789714286e+00 
1.223920354e+00 1.434431324e+00 1.630095238e+00 
1.395816573e+00 1.338719702e+00 1.567809524e+00 
1.300080451e+00 1.342448726e+00 1.603619048e+00 
1.312148029e+00 1.603480423e+00 1.738095238e+00 
1.271118262e+00 1.601615911e+00 1.681714286e+00 
1.737996782e+00 1.589807334e+00 1.924190476e+00 
1.306784393e+00 1.520820385e+00 1.705904762e+00 
1.275140788e+00 1.292728403e+00 1.511428571e+00 
1.262268705e+00 1.543194531e+00 1.645904762e+00 
1.495038616e+00 1.597265382e+00 1.816190476e+00 
1.476803701e+00 1.879428216e+00 2.000000000e+00 
1.416331456e+00 1.444375388e+00 1.789714286e+00 
1.703403057e+00 1.643878185e+00 2.000000000e+00 
1.364440869e+00 1.376009944e+00 1.619428571e+00 
1.389648431e+00 1.378495960e+00 1.681714286e+00 
1.672831858e+00 1.530764450e+00 1.865523810e+00 
1.185438455e+00 1.354878807e+00 1.603619048e+00 
1.452399839e+00 1.670602859e+00 1.924190476e+00 
1.556181014e+00 1.565568676e+00 1.816190476e+00 
1.089300080e+00 1.201367309e+00 1.325333333e+00 
1.411906677e+00 1.696084525e+00 1.816190476e+00 
1.468489944e+00 1.371037912e+00 1.681714286e+00 
1.247251006e+00 1.320696085e+00 1.505523810e+00 
1.307320998e+00 1.509633313e+00 1.679428571e+00 
1.312415929e+00 1.426973275e+00 1.630095238e+00 
1.271922767e+00 1.395276569e+00 1.619428571e+00 
1.178332261e+00 1.372280920e+00 1.603619048e+00 
1.364708769e+00 1.276569298e+00 1.505523810e+00 
1.569053097e+00 1.436295836e+00 1.689333333e+00 
1.580852776e+00 1.546302051e+00 1.816190476e+00 
1.349155270e+00 1.597265382e+00 1.757523810e+00 
1.616516492e+00 1.602858919e+00 1.892000000e+00 
1.086349960e+00 1.380981976e+00 1.346476190e+00 
1.605792438e+00 1.761963953e+00 2.000000000e+00 
1.158755430e+00 1.288999378e+00 1.495619048e+00 
1.414320193e+00 1.270975761e+00 1.470285714e+00 
1.761061947e+00 1.492231200e+00 1.816190476e+00 
1.599624296e+00 1.549409571e+00 1.823809524e+00 
1.174577635e+00 1.422622747e+00 1.511428571e+00 
1.403325020e+00 1.342448726e+00 1.613523810e+00 
1.076427997e+00 1.198881293e+00 1.284190476e+00 
1.198712792e+00 1.569297700e+00 1.630095238e+00 
1.324752212e+00 1.753262896e+00 1.813904762e+00 
1.133815768e+00 1.187072716e+00 1.319428571e+00 
1.317242961e+00 1.483530143e+00 1.681714286e+00 
1.161705551e+00 1.159105034e+00 1.325333333e+00 
1.273531778e+00 1.220012430e+00 1.391619048e+00 
1.236524537e+00 1.185829708e+00 1.362285714e+00 
1.086349960e+00 1.394033561e+00 1.495619048e+00 
1.089300080e+00 1.224984462e+00 1.433333333e+00 
1.357200322e+00 1.272840273e+00 1.459809524e+00 
1.247251006e+00 1.281541330e+00 1.495619048e+00 
1.482703138e+00 1.781230578e+00 2.000000000e+00 
1.403057120e+00 1.301429459e+00 1.532571429e+00 
1.196299276e+00 1.141081417e+00 1.210285714e+00 
1.120675784e+00 1.023617154e+00 1.108000000e+00 
1.378921963e+00 1.647607209e+00 1.813904762e+00 
1.181818182e+00 1.211932878e+00 1.346476190e+00 
1.132743363e+00 1.091361094e+00 1.186095238e+00 
1.108608206e+00 1.155376010e+00 1.257142857e+00 
1.022526146e+00 1.296457427e+00 1.325333333e+00 
1.002413516e+00 1.121193288e+00 1.176190476e+00 
1.113435237e+00 1.024860162e+00 1.000000000e+00 
1.000000000e+00 1.076444997e+00 1.075809524e+00 
1.234111022e+00 1.144188937e+00 1.242476190e+00 
1.234915527e+00 1.154133002e+00 1.283619048e+00 
1.000000000e+00 1.056556868e+00 1.000000000e+00 
1.069991955e+00 1.089496582e+00 1.149142857e+00 
1.113435237e+00 1.054692356e+00 1.134476190e+00 
1.120675784e+00 1.000000000e+00 1.000000000e+00 
1.068382944e+00 1.117464264e+00 1.170285714e+00 

1.473585680e+00 1.669981355e+00 1.823809524e+00 
1.477339501e+00 1.573026725e+00 1.816190476e+00 
1.273799678e+00 1.592293350e+00 1.738095238e+00 
1.543041030e+00 1.692977004e+00 1.924190476e+00 
1.419147224e+00 1.699813549e+00 1.865523810e+00 
1.643604183e+00 1.536357986e+00 1.816190476e+00 
1.558863234e+00 1.906774394e+00 2.000000000e+00 
1.336283186e+00 1.620882536e+00 1.753904762e+00 
1.777956557e+00 1.591050342e+00 1.892000000e+00 
1.388576026e+00 1.374145432e+00 1.613523810e+00 
1.405470636e+00 1.712243630e+00 1.865523810e+00 
1.344328238e+00 1.549409571e+00 1.789714286e+00 
1.478948512e+00 1.755748912e+00 1.924190476e+00 
1.312415929e+00 1.426973275e+00 1.630095238e+00 
1.331456154e+00 1.634555625e+00 1.757523810e+00 
1.761061947e+00 1.492231200e+00 1.816190476e+00 
1.202735318e+00 1.345556246e+00 1.567809524e+00 
1.262268705e+00 1.543194531e+00 1.645904762e+00 
1.118262269e+00 1.507768800e+00 1.571428571e+00 
1.664521319e+00 1.732753263e+00 2.000000000e+00 
1.816572808e+00 1.656929770e+00 2.000000000e+00 
1.272727273e+00 1.646985705e+00 1.738095238e+00 
1.312148029e+00 1.506525792e+00 1.645904762e+00 
1.626709574e+00 1.745183344e+00 2.000000000e+00 
1.416331456e+00 1.444375388e+00 1.789714286e+00 
1.472244570e+00 1.756370416e+00 1.924190476e+00 
1.469563154e+00 1.980733375e+00 2.000000000e+00 
1.539018504e+00 1.550652579e+00 1.865523810e+00 
1.247251006e+00 1.281541330e+00 1.495619048e+00 
1.734778761e+00 1.720323182e+00 2.000000000e+00 
1.317779566e+00 1.461155998e+00 1.679428571e+00 
1.468489944e+00 1.371037912e+00 1.681714286e+00 
1.389648431e+00 1.378495960e+00 1.681714286e+00 
1.619469027e+00 1.612181479e+00 1.924190476e+00 
1.330651649e+00 1.438160348e+00 1.645904762e+00 
1.271922767e+00 1.395276569e+00 1.619428571e+00 
1.247251006e+00 1.320696085e+00 1.505523810e+00 
1.580852776e+00 1.546302051e+00 1.816190476e+00 
1.089300080e+00 1.201367309e+00 1.325333333e+00 
1.718688656e+00 1.607209447e+00 1.924190476e+00 
1.198712792e+00 1.569297700e+00 1.630095238e+00 
1.398230088e+00 1.522684897e+00 1.738095238e+00 
1.750868866e+00 1.701056557e+00 2.000000000e+00 
1.772590507e+00 1.688626476e+00 2.000000000e+00 
1.192276750e+00 1.585456805e+00 1.679428571e+00 
1.358809332e+00 1.722187694e+00 1.816190476e+00 
1.364708769e+00 1.276569298e+00 1.505523810e+00 
1.296057924e+00 1.537600994e+00 1.630095238e+00 
1.418879324e+00 1.817899316e+00 1.924190476e+00 
1.364440869e+00 1.376009944e+00 1.619428571e+00 
1.423169751e+00 1.674953387e+00 1.865523810e+00 
1.594797265e+00 1.631448104e+00 1.924190476e+00 
1.302761866e+00 1.466128030e+00 1.640000000e+00 
1.306516492e+00 1.642635177e+00 1.789714286e+00 
1.615985519e+00 1.862647607e+00 2.000000000e+00 
1.185438455e+00 1.354878807e+00 1.603619048e+00 
1.299543846e+00 1.520820385e+00 1.681714286e+00 
1.158755430e+00 1.288999378e+00 1.495619048e+00 
1.507106195e+00 1.436917340e+00 1.789714286e+00 
1.273531778e+00 1.220012430e+00 1.391619048e+00 
1.317242961e+00 1.483530143e+00 1.681714286e+00 
1.089300080e+00 1.224984462e+00 1.433333333e+00 
1.108608206e+00 1.155376010e+00 1.257142857e+00 
1.432823813e+00 1.799875699e+00 1.924190476e+00 
1.343255833e+00 1.591050342e+00 1.738095238e+00 
1.086349960e+00 1.380981976e+00 1.346476190e+00 
1.395816573e+00 1.338719702e+00 1.567809524e+00 
1.401984714e+00 1.602858919e+00 1.816190476e+00 
1.621882542e+00 1.536979490e+00 1.816190476e+00 
1.160364441e+00 1.471721566e+00 1.603619048e+00 
1.086349960e+00 1.394033561e+00 1.495619048e+00 
1.248592116e+00 1.500310752e+00 1.619428571e+00 
1.285867257e+00 1.347420758e+00 1.603619048e+00 
1.161705551e+00 1.159105034e+00 1.325333333e+00 
1.234111022e+00 1.144188937e+00 1.242476190e+00 
1.403057120e+00 1.301429459e+00 1.532571429e+00 
1.174577635e+00 1.422622747e+00 1.511428571e+00 
1.133815768e+00 1.187072716e+00 1.319428571e+00 
1.076427997e+00 1.198881293e+00 1.284190476e+00 
1.271118262e+00 1.601615911e+00 1.681714286e+00 
1.357200322e+00 1.272840273e+00 1.459809524e+00 
1.236524537e+00 1.185829708e+00 1.362285714e+00 
1.414320193e+00 1.270975761e+00 1.470285714e+00 
1.275140788e+00 1.292728403e+00 1.511428571e+00 
1.403325020e+00 1.342448726e+00 1.613523810e+00 
1.234915527e+00 1.154133002e+00 1.283619048e+00 
1.022526146e+00 1.296457427e+00 1.325333333e+00 
1.181818182e+00 1.211932878e+00 1.346476190e+00 
1.069991955e+00 1.089496582e+00 1.149142857e+00 
1.000000000e+00 1.076444997e+00 1.075809524e+00 
1.196299276e+00 1.141081417e+00 1.210285714e+00 
1.068382944e+00 1.117464264e+00 1.170285714e+00 
1.000000000e+00 1.056556868e+00 1.000000000e+00 
1.002413516e+00 1.121193288e+00 1.176190476e+00 
1.113435237e+00 1.054692356e+00 1.134476190e+00 
1.132743363e+00 1.091361094e+00 1.186095238e+00 
1.113435237e+00 1.024860162e+00 1.000000000e+00 
1.120675784e+00 1.023617154e+00 1.108000000e+00 
1.120675784e+00 1.000000000e+00 1.000000000e+00 

1.388576026e+00 1.374145432e+00 1.613523810e+00 
1.322606597e+00 1.558110628e+00 1.695238095e+00 
1.504022526e+00 1.638906153e+00 1.924190476e+00 
1.592115849e+00 1.585456805e+00 1.829714286e+00 
1.198712792e+00 1.569297700e+00 1.630095238e+00 
1.391794047e+00 1.476072094e+00 1.738095238e+00 
1.379994368e+00 1.491609695e+00 1.705904762e+00 
1.678197908e+00 1.569919204e+00 1.865523810e+00 
1.413515688e+00 1.476072094e+00 1.789714286e+00 
1.389648431e+00 1.378495960e+00 1.681714286e+00 
1.489675784e+00 1.643878185e+00 1.865523810e+00 
1.178332261e+00 1.372280920e+00 1.603619048e+00 
1.695092518e+00 1.598508390e+00 1.892000000e+00 
1.271118262e+00 1.601615911e+00 1.681714286e+00 
1.505229284e+00 1.609695463e+00 1.924190476e+00 
1.556181014e+00 1.565568676e+00 1.816190476e+00 
1.385358005e+00 1.515848353e+00 1.753904762e+00 
1.262805310e+00 1.529521442e+00 1.679428571e+00 
1.395816573e+00 1.338719702e+00 1.567809524e+00 
1.507106195e+00 1.436917340e+00 1.789714286e+00 
1.416331456e+00 1.444375388e+00 1.789714286e+00 
1.493698311e+00 1.625854568e+00 1.865523810e+00 
1.300080451e+00 1.342448726e+00 1.603619048e+00 
1.497988737e+00 1.614045991e+00 1.865523810e+00 
1.403325020e+00 1.342448726e+00 1.613523810e+00 
1.312148029e+00 1.603480423e+00 1.738095238e+00 
1.174577635e+00 1.422622747e+00 1.511428571e+00 
1.360686243e+00 1.415164699e+00 1.681714286e+00 
1.391257442e+00 1.561218148e+00 1.789714286e+00 
1.272190668e+00 1.422622747e+00 1.681714286e+00 
1.118262269e+00 1.507768800e+00 1.571428571e+00 
1.327701529e+00 1.568054692e+00 1.816190476e+00 
1.272727273e+00 1.646985705e+00 1.738095238e+00 
1.241888174e+00 1.666873835e+00 1.738095238e+00 
1.580852776e+00 1.546302051e+00 1.816190476e+00 
1.271922767e+00 1.395276569e+00 1.619428571e+00 
1.364708769e+00 1.276569298e+00 1.505523810e+00 
1.322874497e+00 1.536979490e+00 1.738095238e+00 
1.285867257e+00 1.347420758e+00 1.603619048e+00 
1.468489944e+00 1.371037912e+00 1.681714286e+00 
1.273531778e+00 1.220012430e+00 1.391619048e+00 
1.588093323e+00 1.541330019e+00 1.816190476e+00 
1.192276750e+00 1.585456805e+00 1.679428571e+00 
1.223920354e+00 1.434431324e+00 1.630095238e+00 
1.677393403e+00 1.607209447e+00 1.865523810e+00 
1.247251006e+00 1.320696085e+00 1.505523810e+00 
1.185438455e+00 1.354878807e+00 1.603619048e+00 
1.394744167e+00 1.670602859e+00 1.924190476e+00 
1.733708769e+00 1.582970789e+00 1.924190476e+00 
1.158755430e+00 1.288999378e+00 1.495619048e+00 
1.086349960e+00 1.380981976e+00 1.346476190e+00 
1.086349960e+00 1.394033561e+00 1.495619048e+00 
1.234915527e+00 1.154133002e+00 1.283619048e+00 
1.414320193e+00 1.270975761e+00 1.470285714e+00 
1.022526146e+00 1.296457427e+00 1.325333333e+00 
1.196299276e+00 1.141081417e+00 1.210285714e+00 
1.089300080e+00 1.224984462e+00 1.433333333e+00 
1.076427997e+00 1.198881293e+00 1.284190476e+00 
1.160364441e+00 1.471721566e+00 1.603619048e+00 
1.247251006e+00 1.281541330e+00 1.495619048e+00 
1.236524537e+00 1.185829708e+00 1.362285714e+00 
1.108608206e+00 1.155376010e+00 1.257142857e+00 
1.089300080e+00 1.201367309e+00 1.325333333e+00 
1.275140788e+00 1.292728403e+00 1.511428571e+00 
1.357200322e+00 1.272840273e+00 1.459809524e+00 
1.181818182e+00 1.211932878e+00 1.346476190e+00 
1.403057120e+00 1.301429459e+00 1.532571429e+00 
1.234111022e+00 1.144188937e+00 1.242476190e+00 
1.069991955e+00 1.089496582e+00 1.149142857e+00 
1.113435237e+00 1.054692356e+00 1.134476190e+00 
1.133815768e+00 1.187072716e+00 1.319428571e+00 
1.113435237e+00 1.024860162e+00 1.000000000e+00 
1.120675784e+00 1.023617154e+00 1.108000000e+00 
1.161705551e+00 1.159105034e+00 1.325333333e+00 
1.000000000e+00 1.056556868e+00 1.000000000e+00 
1.002413516e+00 1.121193288e+00 1.176190476e+00 
1.068382944e+00 1.117464264e+00 1.170285714e+00 
1.132743363e+00 1.091361094e+00 1.186095238e+00 
1.000000000e+00 1.076444997e+00 1.075809524e+00 
1.120675784e+00 1.000000000e+00 1.000000000e+00 
1.364440869e+00 1.376009944e+00 1.619428571e+00 
