1.498924217e+00 1.389855072e+00 1.602877698e+00 
1.662443223e+00 1.628260870e+00 1.847721823e+00 
1.588811858e+00 1.359420290e+00 1.550359712e+00 
1.415252211e+00 1.714492754e+00 1.881534772e+00 
1.685393258e+00 1.562318841e+00 1.775059952e+00 
1.782930911e+00 1.556521739e+00 1.847721823e+00 
1.693043270e+00 1.563043478e+00 1.775299760e+00 
1.526655510e+00 1.507246377e+00 1.729256595e+00 
1.536218025e+00 1.526086957e+00 1.756594724e+00 
1.683480755e+00 1.646376812e+00 1.875059952e+00 
1.544824289e+00 1.642028986e+00 1.847721823e+00 
1.176428401e+00 1.583333333e+00 1.668824940e+00 
1.548649295e+00 1.614492754e+00 1.775299760e+00 
1.480755439e+00 1.426086957e+00 1.640287770e+00 
1.176428401e+00 1.560869565e+00 1.550359712e+00 
1.431030361e+00 1.398550725e+00 1.602877698e+00 
1.737987091e+00 1.553623188e+00 1.775059952e+00 
1.491274205e+00 1.368115942e+00 1.550359712e+00 
1.566818073e+00 1.474637681e+00 1.758752998e+00 
1.657901028e+00 1.716666667e+00 1.893525180e+00 
1.310542673e+00 1.242753623e+00 1.411990408e+00 
1.501314846e+00 1.763043478e+00 2.000000000e+00 
1.689218264e+00 1.588405797e+00 1.893525180e+00 
1.406167822e+00 1.197101449e+00 1.363309353e+00 
1.294525460e+00 1.443478261e+00 1.633812950e+00 
1.437245996e+00 1.669565217e+00 1.875059952e+00 
1.126703323e+00 1.542753623e+00 1.515587530e+00 
1.411427205e+00 1.610869565e+00 1.775059952e+00 
1.420511595e+00 1.337681159e+00 1.515347722e+00 
1.417642840e+00 1.453623188e+00 1.722781775e+00 
1.511833612e+00 1.754347826e+00 1.893525180e+00 
1.551518049e+00 1.431159420e+00 1.668824940e+00 
1.126703323e+00 1.544202899e+00 1.543884892e+00 
1.506574229e+00 1.386231884e+00 1.633812950e+00 
1.351422424e+00 1.784057971e+00 1.875059952e+00 
1.374611523e+00 1.405797101e+00 1.620383693e+00 
1.383217786e+00 1.473913043e+00 1.636930456e+00 
1.069806359e+00 1.228985507e+00 1.409112710e+00 
1.497011714e+00 1.519565217e+00 1.755155875e+00 
1.333014583e+00 1.643478261e+00 1.775299760e+00 
1.416925651e+00 1.557246377e+00 1.768585132e+00 
1.628974420e+00 1.500000000e+00 1.768585132e+00 
1.137222089e+00 1.538405797e+00 1.425419664e+00 
1.331580206e+00 1.405072464e+00 1.604316547e+00 
1.351183361e+00 1.621014493e+00 1.756594724e+00 
1.404255319e+00 1.210869565e+00 1.366187050e+00 
1.542911786e+00 1.451449275e+00 1.650119904e+00 
1.069806359e+00 1.206521739e+00 1.290647482e+00 
1.410949080e+00 1.471014493e+00 1.636690647e+00 
1.192206550e+00 1.320289855e+00 1.425419664e+00 
1.244561320e+00 1.121739130e+00 1.259712230e+00 
1.293330146e+00 1.277536232e+00 1.415587530e+00 
1.314845804e+00 1.486231884e+00 1.656834532e+00 
1.431030361e+00 1.279710145e+00 1.425419664e+00 
1.000000000e+00 1.163768116e+00 1.000000000e+00 
1.322017691e+00 1.290579710e+00 1.477937650e+00 
1.432942864e+00 1.426086957e+00 1.630215827e+00 
1.126703323e+00 1.569565217e+00 1.650359712e+00 
1.145589290e+00 1.357971014e+00 1.425419664e+00 
1.163279943e+00 1.222463768e+00 1.359712230e+00 
1.000000000e+00 1.186231884e+00 1.118465228e+00 
1.279942625e+00 1.296376812e+00 1.498081535e+00 
1.192206550e+00 1.342753623e+00 1.543884892e+00 
1.429117858e+00 1.317391304e+00 1.534052758e+00 
1.000000000e+00 1.212318841e+00 1.270743405e+00 
1.141286158e+00 1.139855072e+00 1.287050360e+00 
1.000000000e+00 1.189855072e+00 1.152278177e+00 
1.069806359e+00 1.202898551e+00 1.256834532e+00 
1.293330146e+00 1.221739130e+00 1.349640288e+00 
1.188142481e+00 1.128985507e+00 1.277218225e+00 
1.145589290e+00 1.383333333e+00 1.531894484e+00 
1.424336601e+00 1.111594203e+00 1.231414868e+00 
1.098254841e+00 1.119565217e+00 1.224700240e+00 
1.018885967e+00 1.000000000e+00 1.000000000e+00 
1.018885967e+00 1.026086957e+00 1.152278177e+00 
1.183361224e+00 1.123188406e+00 1.224940048e+00 
1.184317475e+00 1.168115942e+00 1.343165468e+00 

1.381305283e+00 1.418840580e+00 1.622781775e+00 
1.384413101e+00 1.450724638e+00 1.668824940e+00 
1.349748984e+00 1.407971014e+00 1.584412470e+00 
1.176428401e+00 1.556521739e+00 1.534052758e+00 
1.192206550e+00 1.320289855e+00 1.425419664e+00 
1.533588334e+00 1.619565217e+00 1.775299760e+00 
1.637580684e+00 1.705072464e+00 2.000000000e+00 
1.499163280e+00 1.671014493e+00 1.775299760e+00 
1.694955773e+00 1.644927536e+00 1.893525180e+00 
1.708343294e+00 1.606521739e+00 1.865227818e+00 
1.156108056e+00 1.374637681e+00 1.425419664e+00 
1.406167822e+00 1.197101449e+00 1.363309353e+00 
1.432942864e+00 1.426086957e+00 1.630215827e+00 
1.588811858e+00 1.359420290e+00 1.550359712e+00 
1.821180971e+00 1.607971014e+00 1.893525180e+00 
1.491274205e+00 1.368115942e+00 1.550359712e+00 
1.195314368e+00 1.397101449e+00 1.550359712e+00 
1.480755439e+00 1.426086957e+00 1.640287770e+00 
1.544107100e+00 1.539855072e+00 1.775299760e+00 
1.570882142e+00 1.673188406e+00 1.893525180e+00 
1.279942625e+00 1.296376812e+00 1.498081535e+00 
1.263686350e+00 1.359420290e+00 1.465947242e+00 
1.566818073e+00 1.474637681e+00 1.758752998e+00 
1.598613435e+00 1.790579710e+00 2.000000000e+00 
1.404255319e+00 1.210869565e+00 1.366187050e+00 
1.163279943e+00 1.222463768e+00 1.359712230e+00 
1.351183361e+00 1.621014493e+00 1.756594724e+00 
1.627061917e+00 1.636231884e+00 1.847721823e+00 
1.292612957e+00 1.473913043e+00 1.650359712e+00 
1.429117858e+00 1.317391304e+00 1.534052758e+00 
1.723643318e+00 1.616666667e+00 1.893525180e+00 
1.663399474e+00 1.528260870e+00 1.768585132e+00 
1.506574229e+00 1.386231884e+00 1.633812950e+00 
1.544824289e+00 1.642028986e+00 1.847721823e+00 
1.570643079e+00 1.449275362e+00 1.640527578e+00 
1.484819508e+00 1.678985507e+00 1.893525180e+00 
1.431030361e+00 1.398550725e+00 1.602877698e+00 
1.374611523e+00 1.405797101e+00 1.620383693e+00 
1.489600765e+00 1.545652174e+00 1.758752998e+00 
1.403538131e+00 1.688405797e+00 1.875059952e+00 
1.375806837e+00 1.571014493e+00 1.768585132e+00 
1.394692804e+00 1.363043478e+00 1.511990408e+00 
1.226631604e+00 1.371014493e+00 1.543884892e+00 
1.310542673e+00 1.242753623e+00 1.411990408e+00 
1.069806359e+00 1.202898551e+00 1.256834532e+00 
1.357398996e+00 1.353623188e+00 1.511750600e+00 
1.420511595e+00 1.337681159e+00 1.515347722e+00 
1.293330146e+00 1.277536232e+00 1.415587530e+00 
1.137222089e+00 1.560869565e+00 1.543884892e+00 
1.416925651e+00 1.557246377e+00 1.768585132e+00 
1.183361224e+00 1.123188406e+00 1.224940048e+00 
1.288548888e+00 1.357246377e+00 1.501918465e+00 
1.294525460e+00 1.443478261e+00 1.633812950e+00 
1.069806359e+00 1.228985507e+00 1.409112710e+00 
1.699737031e+00 1.613043478e+00 1.847721823e+00 
1.145589290e+00 1.383333333e+00 1.531894484e+00 
1.176428401e+00 1.560869565e+00 1.550359712e+00 
1.184317475e+00 1.168115942e+00 1.343165468e+00 
1.141286158e+00 1.139855072e+00 1.287050360e+00 
1.431030361e+00 1.279710145e+00 1.425419664e+00 
1.000000000e+00 1.189855072e+00 1.152278177e+00 
1.000000000e+00 1.163768116e+00 1.000000000e+00 
1.000000000e+00 1.186231884e+00 1.118465228e+00 
1.069806359e+00 1.206521739e+00 1.290647482e+00 
1.293330146e+00 1.221739130e+00 1.349640288e+00 
1.244561320e+00 1.121739130e+00 1.259712230e+00 
1.424336601e+00 1.111594203e+00 1.231414868e+00 
1.018885967e+00 1.000000000e+00 1.000000000e+00 
1.322017691e+00 1.290579710e+00 1.477937650e+00 
1.098254841e+00 1.119565217e+00 1.224700240e+00 
1.188142481e+00 1.128985507e+00 1.277218225e+00 
1.018885967e+00 1.026086957e+00 1.152278177e+00 
1.000000000e+00 1.212318841e+00 1.270743405e+00 

1.361702128e+00 1.597101449e+00 1.756594724e+00 
1.803012192e+00 1.457246377e+00 1.712949640e+00 
1.214200335e+00 1.543478261e+00 1.543884892e+00 
1.701649534e+00 1.654347826e+00 1.875059952e+00 
1.279942625e+00 1.296376812e+00 1.498081535e+00 
1.145589290e+00 1.383333333e+00 1.531894484e+00 
1.137222089e+00 1.560869565e+00 1.543884892e+00 
1.566818073e+00 1.474637681e+00 1.758752998e+00 
1.615586899e+00 1.439855072e+00 1.640287770e+00 
1.381305283e+00 1.418840580e+00 1.622781775e+00 
1.564905570e+00 1.510869565e+00 1.755155875e+00 
1.755199617e+00 1.594202899e+00 1.875059952e+00 
1.644513507e+00 1.768115942e+00 2.000000000e+00 
1.598613435e+00 1.790579710e+00 2.000000000e+00 
1.980874970e+00 1.697101449e+00 2.000000000e+00 
1.612718145e+00 1.633333333e+00 1.847721823e+00 
1.821180971e+00 1.607971014e+00 1.893525180e+00 
1.491274205e+00 1.368115942e+00 1.550359712e+00 
1.214200335e+00 1.568840580e+00 1.650359712e+00 
1.137222089e+00 1.538405797e+00 1.425419664e+00 
1.288548888e+00 1.357246377e+00 1.501918465e+00 
1.533588334e+00 1.619565217e+00 1.775299760e+00 
1.195314368e+00 1.370289855e+00 1.415587530e+00 
1.543868037e+00 1.354347826e+00 1.588009592e+00 
1.816638776e+00 1.748550725e+00 2.000000000e+00 
1.748505857e+00 1.448550725e+00 1.656834532e+00 
1.349748984e+00 1.407971014e+00 1.584412470e+00 
1.374611523e+00 1.405797101e+00 1.620383693e+00 
1.292612957e+00 1.473913043e+00 1.650359712e+00 
1.544107100e+00 1.539855072e+00 1.775299760e+00 
1.403538131e+00 1.688405797e+00 1.875059952e+00 
1.663399474e+00 1.528260870e+00 1.768585132e+00 
1.484819508e+00 1.678985507e+00 1.893525180e+00 
1.226631604e+00 1.371014493e+00 1.543884892e+00 
1.163279943e+00 1.222463768e+00 1.359712230e+00 
1.484819508e+00 1.656521739e+00 1.775059952e+00 
1.656944776e+00 1.659420290e+00 1.893525180e+00 
1.489600765e+00 1.545652174e+00 1.758752998e+00 
1.293330146e+00 1.277536232e+00 1.415587530e+00 
1.570882142e+00 1.673188406e+00 1.893525180e+00 
1.404255319e+00 1.210869565e+00 1.366187050e+00 
1.431030361e+00 1.279710145e+00 1.425419664e+00 
1.375806837e+00 1.571014493e+00 1.768585132e+00 
1.322017691e+00 1.290579710e+00 1.477937650e+00 
1.429117858e+00 1.317391304e+00 1.534052758e+00 
1.406167822e+00 1.197101449e+00 1.363309353e+00 
1.448242888e+00 1.538405797e+00 1.741247002e+00 
1.263686350e+00 1.359420290e+00 1.465947242e+00 
1.343533349e+00 1.634782609e+00 1.668824940e+00 
1.506574229e+00 1.386231884e+00 1.633812950e+00 
1.069806359e+00 1.202898551e+00 1.256834532e+00 
1.069806359e+00 1.228985507e+00 1.409112710e+00 
1.226631604e+00 1.348550725e+00 1.425419664e+00 
1.384413101e+00 1.450724638e+00 1.668824940e+00 
1.520918001e+00 1.534057971e+00 1.768585132e+00 
1.293330146e+00 1.221739130e+00 1.349640288e+00 
1.000000000e+00 1.186231884e+00 1.118465228e+00 
1.069806359e+00 1.206521739e+00 1.290647482e+00 
1.184317475e+00 1.168115942e+00 1.343165468e+00 
1.000000000e+00 1.163768116e+00 1.000000000e+00 
1.000000000e+00 1.212318841e+00 1.270743405e+00 
1.294525460e+00 1.443478261e+00 1.633812950e+00 
1.310542673e+00 1.242753623e+00 1.411990408e+00 
1.420511595e+00 1.337681159e+00 1.515347722e+00 
1.156108056e+00 1.374637681e+00 1.425419664e+00 
1.000000000e+00 1.189855072e+00 1.152278177e+00 
1.188142481e+00 1.128985507e+00 1.277218225e+00 
1.395649056e+00 1.407971014e+00 1.630215827e+00 
1.424336601e+00 1.111594203e+00 1.231414868e+00 
1.498924217e+00 1.389855072e+00 1.602877698e+00 
1.244561320e+00 1.121739130e+00 1.259712230e+00 
1.098254841e+00 1.119565217e+00 1.224700240e+00 
1.018885967e+00 1.026086957e+00 1.152278177e+00 
1.357398996e+00 1.353623188e+00 1.511750600e+00 
1.183361224e+00 1.123188406e+00 1.224940048e+00 
1.141286158e+00 1.139855072e+00 1.287050360e+00 
1.018885967e+00 1.000000000e+00 1.000000000e+00 

1.566818073e+00 1.474637681e+00 1.758752998e+00 
1.693043270e+00 1.563043478e+00 1.775299760e+00 
1.612718145e+00 1.633333333e+00 1.847721823e+00 
1.395649056e+00 1.407971014e+00 1.630215827e+00 
1.333014583e+00 1.643478261e+00 1.775299760e+00 
1.543868037e+00 1.354347826e+00 1.588009592e+00 
1.176428401e+00 1.560869565e+00 1.550359712e+00 
1.415252211e+00 1.714492754e+00 1.881534772e+00 
1.126703323e+00 1.542753623e+00 1.515587530e+00 
1.683480755e+00 1.646376812e+00 1.875059952e+00 
1.662443223e+00 1.628260870e+00 1.847721823e+00 
1.126703323e+00 1.544202899e+00 1.543884892e+00 
1.506574229e+00 1.386231884e+00 1.633812950e+00 
1.331580206e+00 1.405072464e+00 1.604316547e+00 
1.351183361e+00 1.621014493e+00 1.756594724e+00 
1.126703323e+00 1.569565217e+00 1.650359712e+00 
1.126703323e+00 1.521739130e+00 1.425419664e+00 
1.351422424e+00 1.784057971e+00 1.875059952e+00 
1.279942625e+00 1.296376812e+00 1.498081535e+00 
1.401147502e+00 1.797826087e+00 1.893525180e+00 
1.322017691e+00 1.290579710e+00 1.477937650e+00 
1.145589290e+00 1.357971014e+00 1.425419664e+00 
1.429117858e+00 1.317391304e+00 1.534052758e+00 
1.145589290e+00 1.383333333e+00 1.531894484e+00 
1.520918001e+00 1.534057971e+00 1.768585132e+00 
1.176428401e+00 1.583333333e+00 1.668824940e+00 
1.782930911e+00 1.556521739e+00 1.847721823e+00 
1.406167822e+00 1.197101449e+00 1.363309353e+00 
1.294525460e+00 1.443478261e+00 1.633812950e+00 
1.689218264e+00 1.588405797e+00 1.893525180e+00 
1.192206550e+00 1.320289855e+00 1.425419664e+00 
1.416925651e+00 1.557246377e+00 1.768585132e+00 
1.400908439e+00 1.634782609e+00 1.775059952e+00 
1.486971073e+00 1.683333333e+00 1.893525180e+00 
1.415730337e+00 1.391304348e+00 1.550359712e+00 
1.628974420e+00 1.500000000e+00 1.768585132e+00 
1.491274205e+00 1.368115942e+00 1.550359712e+00 
1.314845804e+00 1.486231884e+00 1.656834532e+00 
1.897681090e+00 1.879710145e+00 2.000000000e+00 
1.417642840e+00 1.453623188e+00 1.722781775e+00 
1.383217786e+00 1.473913043e+00 1.636930456e+00 
1.480755439e+00 1.426086957e+00 1.640287770e+00 
1.069806359e+00 1.206521739e+00 1.290647482e+00 
1.467367918e+00 1.467391304e+00 1.741247002e+00 
1.410949080e+00 1.471014493e+00 1.636690647e+00 
1.542911786e+00 1.451449275e+00 1.650119904e+00 
1.431030361e+00 1.279710145e+00 1.425419664e+00 
1.585943103e+00 1.539855072e+00 1.775059952e+00 
1.497011714e+00 1.519565217e+00 1.755155875e+00 
1.448242888e+00 1.538405797e+00 1.741247002e+00 
1.551518049e+00 1.431159420e+00 1.668824940e+00 
1.163279943e+00 1.222463768e+00 1.359712230e+00 
1.069806359e+00 1.228985507e+00 1.409112710e+00 
1.192206550e+00 1.342753623e+00 1.543884892e+00 
1.431030361e+00 1.398550725e+00 1.602877698e+00 
1.195314368e+00 1.397101449e+00 1.550359712e+00 
1.498924217e+00 1.389855072e+00 1.602877698e+00 
1.381305283e+00 1.418840580e+00 1.622781775e+00 
1.404255319e+00 1.210869565e+00 1.366187050e+00 
1.293330146e+00 1.277536232e+00 1.415587530e+00 
1.424336601e+00 1.111594203e+00 1.231414868e+00 
1.329667703e+00 1.310144928e+00 1.516546763e+00 
1.188142481e+00 1.128985507e+00 1.277218225e+00 
1.244561320e+00 1.121739130e+00 1.259712230e+00 
1.411427205e+00 1.610869565e+00 1.775059952e+00 
1.310542673e+00 1.242753623e+00 1.411990408e+00 
1.000000000e+00 1.186231884e+00 1.118465228e+00 
1.399952187e+00 1.651449275e+00 1.875059952e+00 
1.184317475e+00 1.168115942e+00 1.343165468e+00 
1.183361224e+00 1.123188406e+00 1.224940048e+00 
1.000000000e+00 1.212318841e+00 1.270743405e+00 
1.069806359e+00 1.202898551e+00 1.256834532e+00 
1.000000000e+00 1.163768116e+00 1.000000000e+00 
1.098254841e+00 1.119565217e+00 1.224700240e+00 
1.141286158e+00 1.139855072e+00 1.287050360e+00 
1.293330146e+00 1.221739130e+00 1.349640288e+00 
1.000000000e+00 1.189855072e+00 1.152278177e+00 
1.018885967e+00 1.000000000e+00 1.000000000e+00 
1.018885967e+00 1.026086957e+00 1.152278177e+00 

1.415730337e+00 1.391304348e+00 1.550359712e+00 
1.484819508e+00 1.678985507e+00 1.893525180e+00 
1.416925651e+00 1.557246377e+00 1.768585132e+00 
1.520918001e+00 1.534057971e+00 1.768585132e+00 
1.491274205e+00 1.368115942e+00 1.550359712e+00 
1.471910112e+00 1.972463768e+00 2.000000000e+00 
1.333731771e+00 1.511594203e+00 1.650359712e+00 
1.551518049e+00 1.431159420e+00 1.668824940e+00 
1.480755439e+00 1.426086957e+00 1.640287770e+00 
1.333014583e+00 1.643478261e+00 1.775299760e+00 
1.192206550e+00 1.342753623e+00 1.543884892e+00 
1.603155630e+00 1.539855072e+00 1.775059952e+00 
1.656944776e+00 1.659420290e+00 1.893525180e+00 
1.401147502e+00 1.797826087e+00 1.893525180e+00 
1.404255319e+00 1.210869565e+00 1.366187050e+00 
1.415252211e+00 1.714492754e+00 1.881534772e+00 
1.192206550e+00 1.320289855e+00 1.425419664e+00 
1.374611523e+00 1.405797101e+00 1.620383693e+00 
1.566818073e+00 1.474637681e+00 1.758752998e+00 
1.310542673e+00 1.242753623e+00 1.411990408e+00 
1.628974420e+00 1.500000000e+00 1.768585132e+00 
1.627061917e+00 1.636231884e+00 1.847721823e+00 
1.429117858e+00 1.317391304e+00 1.534052758e+00 
1.351422424e+00 1.784057971e+00 1.875059952e+00 
1.400908439e+00 1.634782609e+00 1.775059952e+00 
1.501314846e+00 1.763043478e+00 2.000000000e+00 
1.126703323e+00 1.542753623e+00 1.515587530e+00 
1.570882142e+00 1.673188406e+00 1.893525180e+00 
1.351183361e+00 1.621014493e+00 1.756594724e+00 
1.126703323e+00 1.544202899e+00 1.543884892e+00 
1.662443223e+00 1.628260870e+00 1.847721823e+00 
1.137222089e+00 1.538405797e+00 1.425419664e+00 
1.176428401e+00 1.583333333e+00 1.668824940e+00 
1.431030361e+00 1.398550725e+00 1.602877698e+00 
1.689218264e+00 1.588405797e+00 1.893525180e+00 
1.551518049e+00 1.656521739e+00 1.881534772e+00 
1.406167822e+00 1.197101449e+00 1.363309353e+00 
1.498924217e+00 1.389855072e+00 1.602877698e+00 
1.431030361e+00 1.279710145e+00 1.425419664e+00 
1.195314368e+00 1.397101449e+00 1.550359712e+00 
1.183361224e+00 1.123188406e+00 1.224940048e+00 
1.329667703e+00 1.310144928e+00 1.516546763e+00 
1.683480755e+00 1.646376812e+00 1.875059952e+00 
1.830743486e+00 1.720289855e+00 2.000000000e+00 
1.381305283e+00 1.418840580e+00 1.622781775e+00 
1.544824289e+00 1.642028986e+00 1.847721823e+00 
1.126703323e+00 1.569565217e+00 1.650359712e+00 
1.145589290e+00 1.357971014e+00 1.425419664e+00 
1.536218025e+00 1.526086957e+00 1.756594724e+00 
1.437245996e+00 1.669565217e+00 1.875059952e+00 
1.467367918e+00 1.467391304e+00 1.741247002e+00 
1.782930911e+00 1.556521739e+00 1.847721823e+00 
1.145589290e+00 1.383333333e+00 1.531894484e+00 
1.395649056e+00 1.407971014e+00 1.630215827e+00 
1.543868037e+00 1.354347826e+00 1.588009592e+00 
1.293330146e+00 1.221739130e+00 1.349640288e+00 
1.163279943e+00 1.222463768e+00 1.359712230e+00 
1.279942625e+00 1.296376812e+00 1.498081535e+00 
1.424336601e+00 1.111594203e+00 1.231414868e+00 
1.384413101e+00 1.450724638e+00 1.668824940e+00 
1.069806359e+00 1.202898551e+00 1.256834532e+00 
1.141286158e+00 1.139855072e+00 1.287050360e+00 
1.069806359e+00 1.206521739e+00 1.290647482e+00 
1.331580206e+00 1.405072464e+00 1.604316547e+00 
1.293330146e+00 1.277536232e+00 1.415587530e+00 
1.069806359e+00 1.228985507e+00 1.409112710e+00 
1.322017691e+00 1.290579710e+00 1.477937650e+00 
1.000000000e+00 1.189855072e+00 1.152278177e+00 
1.000000000e+00 1.163768116e+00 1.000000000e+00 
1.417642840e+00 1.453623188e+00 1.722781775e+00 
1.506574229e+00 1.386231884e+00 1.633812950e+00 
1.294525460e+00 1.443478261e+00 1.633812950e+00 
1.000000000e+00 1.186231884e+00 1.118465228e+00 
1.000000000e+00 1.212318841e+00 1.270743405e+00 
1.018885967e+00 1.026086957e+00 1.152278177e+00 
1.098254841e+00 1.119565217e+00 1.224700240e+00 
1.188142481e+00 1.128985507e+00 1.277218225e+00 
1.184317475e+00 1.168115942e+00 1.343165468e+00 
1.244561320e+00 1.121739130e+00 1.259712230e+00 
1.018885967e+00 1.000000000e+00 1.000000000e+00 

1.333014583e+00 1.643478261e+00 1.775299760e+00 
1.126703323e+00 1.544202899e+00 1.543884892e+00 
1.544824289e+00 1.642028986e+00 1.847721823e+00 
1.437245996e+00 1.669565217e+00 1.875059952e+00 
1.126703323e+00 1.543478261e+00 1.498081535e+00 
1.489600765e+00 1.545652174e+00 1.758752998e+00 
1.645230696e+00 1.631159420e+00 1.875059952e+00 
1.612718145e+00 1.633333333e+00 1.847721823e+00 
1.662443223e+00 1.628260870e+00 1.847721823e+00 
1.145589290e+00 1.383333333e+00 1.531894484e+00 
1.536218025e+00 1.526086957e+00 1.756594724e+00 
1.126703323e+00 1.521739130e+00 1.425419664e+00 
1.126703323e+00 1.569565217e+00 1.650359712e+00 
1.400908439e+00 1.634782609e+00 1.775059952e+00 
1.689935453e+00 1.928985507e+00 2.000000000e+00 
1.669136983e+00 1.614492754e+00 1.775299760e+00 
1.331580206e+00 1.405072464e+00 1.604316547e+00 
1.587616543e+00 1.957971014e+00 2.000000000e+00 
1.486971073e+00 1.683333333e+00 1.893525180e+00 
1.782930911e+00 1.556521739e+00 1.847721823e+00 
1.342816161e+00 1.783333333e+00 1.875059952e+00 
1.292612957e+00 1.473913043e+00 1.650359712e+00 
1.417642840e+00 1.453623188e+00 1.722781775e+00 
1.404255319e+00 1.210869565e+00 1.366187050e+00 
1.458761654e+00 1.593478261e+00 1.729256595e+00 
1.176428401e+00 1.560869565e+00 1.550359712e+00 
1.195314368e+00 1.397101449e+00 1.550359712e+00 
1.329667703e+00 1.310144928e+00 1.516546763e+00 
1.628974420e+00 1.500000000e+00 1.768585132e+00 
1.481950753e+00 1.602173913e+00 1.758752998e+00 
1.551518049e+00 1.656521739e+00 1.881534772e+00 
1.384413101e+00 1.450724638e+00 1.668824940e+00 
1.566818073e+00 1.474637681e+00 1.758752998e+00 
1.399952187e+00 1.628985507e+00 1.736690647e+00 
1.480755439e+00 1.426086957e+00 1.640287770e+00 
1.279942625e+00 1.296376812e+00 1.498081535e+00 
1.491274205e+00 1.368115942e+00 1.550359712e+00 
1.551518049e+00 1.431159420e+00 1.668824940e+00 
1.429117858e+00 1.317391304e+00 1.534052758e+00 
1.294525460e+00 1.443478261e+00 1.633812950e+00 
1.176428401e+00 1.583333333e+00 1.668824940e+00 
1.592636863e+00 1.580434783e+00 1.768585132e+00 
1.392541238e+00 1.797101449e+00 1.893525180e+00 
1.069806359e+00 1.206521739e+00 1.290647482e+00 
1.310542673e+00 1.242753623e+00 1.411990408e+00 
1.543868037e+00 1.354347826e+00 1.588009592e+00 
1.689218264e+00 1.588405797e+00 1.893525180e+00 
1.192206550e+00 1.320289855e+00 1.425419664e+00 
1.192206550e+00 1.342753623e+00 1.543884892e+00 
1.431030361e+00 1.279710145e+00 1.425419664e+00 
1.424336601e+00 1.111594203e+00 1.231414868e+00 
1.145589290e+00 1.357971014e+00 1.425419664e+00 
1.069806359e+00 1.228985507e+00 1.409112710e+00 
1.467367918e+00 1.467391304e+00 1.741247002e+00 
1.069806359e+00 1.202898551e+00 1.256834532e+00 
1.322017691e+00 1.290579710e+00 1.477937650e+00 
1.244561320e+00 1.121739130e+00 1.259712230e+00 
1.163279943e+00 1.222463768e+00 1.359712230e+00 
1.603155630e+00 1.539855072e+00 1.775059952e+00 
1.506574229e+00 1.386231884e+00 1.633812950e+00 
1.432942864e+00 1.426086957e+00 1.630215827e+00 
1.000000000e+00 1.189855072e+00 1.152278177e+00 
1.406167822e+00 1.197101449e+00 1.363309353e+00 
1.000000000e+00 1.163768116e+00 1.000000000e+00 
1.184317475e+00 1.168115942e+00 1.343165468e+00 
1.381305283e+00 1.418840580e+00 1.622781775e+00 
1.000000000e+00 1.186231884e+00 1.118465228e+00 
1.000000000e+00 1.212318841e+00 1.270743405e+00 
1.293330146e+00 1.277536232e+00 1.415587530e+00 
1.141286158e+00 1.139855072e+00 1.287050360e+00 
1.497011714e+00 1.519565217e+00 1.755155875e+00 
1.183361224e+00 1.123188406e+00 1.224940048e+00 
1.018885967e+00 1.026086957e+00 1.152278177e+00 
1.018885967e+00 1.000000000e+00 1.000000000e+00 
1.293330146e+00 1.221739130e+00 1.349640288e+00 
1.431030361e+00 1.398550725e+00 1.602877698e+00 
1.188142481e+00 1.128985507e+00 1.277218225e+00 
1.098254841e+00 1.119565217e+00 1.224700240e+00 

1.536218025e+00 1.526086957e+00 1.756594724e+00 
1.662443223e+00 1.628260870e+00 1.847721823e+00 
1.683480755e+00 1.646376812e+00 1.875059952e+00 
1.126703323e+00 1.544202899e+00 1.543884892e+00 
1.126703323e+00 1.542753623e+00 1.515587530e+00 
1.333731771e+00 1.511594203e+00 1.650359712e+00 
1.544824289e+00 1.642028986e+00 1.847721823e+00 
1.437245996e+00 1.669565217e+00 1.875059952e+00 
1.417642840e+00 1.453623188e+00 1.722781775e+00 
1.491513268e+00 1.565942029e+00 1.768585132e+00 
1.351422424e+00 1.784057971e+00 1.875059952e+00 
1.145589290e+00 1.357971014e+00 1.425419664e+00 
1.333014583e+00 1.643478261e+00 1.775299760e+00 
1.279942625e+00 1.296376812e+00 1.498081535e+00 
1.548649295e+00 1.614492754e+00 1.775299760e+00 
1.628974420e+00 1.500000000e+00 1.768585132e+00 
1.361702128e+00 1.597101449e+00 1.756594724e+00 
1.429117858e+00 1.317391304e+00 1.534052758e+00 
1.542911786e+00 1.451449275e+00 1.650119904e+00 
1.480755439e+00 1.426086957e+00 1.640287770e+00 
1.294525460e+00 1.443478261e+00 1.633812950e+00 
1.491274205e+00 1.368115942e+00 1.550359712e+00 
1.498924217e+00 1.389855072e+00 1.602877698e+00 
1.627061917e+00 1.636231884e+00 1.847721823e+00 
1.192206550e+00 1.320289855e+00 1.425419664e+00 
1.693043270e+00 1.563043478e+00 1.775299760e+00 
1.364092756e+00 1.507971014e+00 1.656834532e+00 
1.192206550e+00 1.342753623e+00 1.543884892e+00 
1.612957208e+00 1.937681159e+00 2.000000000e+00 
1.145589290e+00 1.383333333e+00 1.531894484e+00 
1.727707387e+00 1.908695652e+00 2.000000000e+00 
1.351183361e+00 1.621014493e+00 1.756594724e+00 
1.689218264e+00 1.588405797e+00 1.893525180e+00 
1.737987091e+00 1.865942029e+00 2.000000000e+00 
1.497011714e+00 1.519565217e+00 1.755155875e+00 
1.782930911e+00 1.556521739e+00 1.847721823e+00 
1.506574229e+00 1.386231884e+00 1.633812950e+00 
1.415730337e+00 1.391304348e+00 1.550359712e+00 
1.401147502e+00 1.797826087e+00 1.893525180e+00 
1.069806359e+00 1.202898551e+00 1.256834532e+00 
1.400908439e+00 1.634782609e+00 1.775059952e+00 
1.486971073e+00 1.683333333e+00 1.893525180e+00 
1.406167822e+00 1.197101449e+00 1.363309353e+00 
1.537652403e+00 1.619565217e+00 1.775059952e+00 
1.467367918e+00 1.467391304e+00 1.741247002e+00 
1.432942864e+00 1.426086957e+00 1.630215827e+00 
1.137222089e+00 1.538405797e+00 1.425419664e+00 
1.293330146e+00 1.277536232e+00 1.415587530e+00 
1.069806359e+00 1.206521739e+00 1.290647482e+00 
1.069806359e+00 1.228985507e+00 1.409112710e+00 
1.431030361e+00 1.279710145e+00 1.425419664e+00 
1.176428401e+00 1.560869565e+00 1.550359712e+00 
1.126703323e+00 1.569565217e+00 1.650359712e+00 
1.410949080e+00 1.471014493e+00 1.636690647e+00 
1.176428401e+00 1.583333333e+00 1.668824940e+00 
1.551518049e+00 1.431159420e+00 1.668824940e+00 
1.000000000e+00 1.163768116e+00 1.000000000e+00 
1.195314368e+00 1.397101449e+00 1.550359712e+00 
1.585943103e+00 1.539855072e+00 1.775059952e+00 
1.322017691e+00 1.290579710e+00 1.477937650e+00 
1.000000000e+00 1.212318841e+00 1.270743405e+00 
1.184317475e+00 1.168115942e+00 1.343165468e+00 
1.310542673e+00 1.242753623e+00 1.411990408e+00 
1.000000000e+00 1.186231884e+00 1.118465228e+00 
1.331580206e+00 1.405072464e+00 1.604316547e+00 
1.329667703e+00 1.310144928e+00 1.516546763e+00 
1.244561320e+00 1.121739130e+00 1.259712230e+00 
1.293330146e+00 1.221739130e+00 1.349640288e+00 
1.381305283e+00 1.418840580e+00 1.622781775e+00 
1.183361224e+00 1.123188406e+00 1.224940048e+00 
1.163279943e+00 1.222463768e+00 1.359712230e+00 
1.424336601e+00 1.111594203e+00 1.231414868e+00 
1.098254841e+00 1.119565217e+00 1.224700240e+00 
1.431030361e+00 1.398550725e+00 1.602877698e+00 
1.404255319e+00 1.210869565e+00 1.366187050e+00 
1.000000000e+00 1.189855072e+00 1.152278177e+00 
1.188142481e+00 1.128985507e+00 1.277218225e+00 
1.018885967e+00 1.026086957e+00 1.152278177e+00 
1.018885967e+00 1.000000000e+00 1.000000000e+00 
1.141286158e+00 1.139855072e+00 1.287050360e+00 

1.766674635e+00 1.605797101e+00 1.775299760e+00 
1.569208702e+00 1.754347826e+00 2.000000000e+00 
1.527133636e+00 1.862318841e+00 2.000000000e+00 
1.137222089e+00 1.538405797e+00 1.425419664e+00 
1.694955773e+00 1.644927536e+00 1.893525180e+00 
1.603155630e+00 1.539855072e+00 1.775059952e+00 
1.417642840e+00 1.453623188e+00 1.722781775e+00 
1.723643318e+00 1.616666667e+00 1.893525180e+00 
1.551518049e+00 1.431159420e+00 1.668824940e+00 
1.333731771e+00 1.511594203e+00 1.650359712e+00 
1.263925412e+00 1.582608696e+00 1.668824940e+00 
1.192206550e+00 1.320289855e+00 1.425419664e+00 
1.821180971e+00 1.607971014e+00 1.893525180e+00 
1.544824289e+00 1.642028986e+00 1.847721823e+00 
1.329667703e+00 1.310144928e+00 1.516546763e+00 
1.399952187e+00 1.651449275e+00 1.875059952e+00 
1.491274205e+00 1.368115942e+00 1.550359712e+00 
1.449677265e+00 1.665217391e+00 1.893525180e+00 
1.375806837e+00 1.571014493e+00 1.768585132e+00 
1.708343294e+00 1.606521739e+00 1.865227818e+00 
1.448242888e+00 1.538405797e+00 1.741247002e+00 
1.612718145e+00 1.633333333e+00 1.847721823e+00 
1.429117858e+00 1.317391304e+00 1.534052758e+00 
1.480755439e+00 1.426086957e+00 1.640287770e+00 
1.431030361e+00 1.398550725e+00 1.602877698e+00 
1.628974420e+00 1.500000000e+00 1.768585132e+00 
1.195314368e+00 1.397101449e+00 1.550359712e+00 
1.520918001e+00 1.534057971e+00 1.768585132e+00 
1.566818073e+00 1.474637681e+00 1.758752998e+00 
1.415730337e+00 1.391304348e+00 1.550359712e+00 
1.665311977e+00 1.300000000e+00 1.488249400e+00 
1.536218025e+00 1.628260870e+00 1.775059952e+00 
1.349748984e+00 1.407971014e+00 1.584412470e+00 
1.686349510e+00 1.747826087e+00 2.000000000e+00 
1.381305283e+00 1.418840580e+00 1.622781775e+00 
1.398517810e+00 1.524637681e+00 1.722781775e+00 
1.498924217e+00 1.389855072e+00 1.602877698e+00 
1.506574229e+00 1.386231884e+00 1.633812950e+00 
1.364092756e+00 1.507971014e+00 1.656834532e+00 
1.420511595e+00 1.642753623e+00 1.775299760e+00 
1.384413101e+00 1.450724638e+00 1.668824940e+00 
1.069806359e+00 1.206521739e+00 1.290647482e+00 
1.564905570e+00 1.510869565e+00 1.755155875e+00 
1.353334927e+00 1.774637681e+00 1.768585132e+00 
1.069806359e+00 1.202898551e+00 1.256834532e+00 
1.361702128e+00 1.597101449e+00 1.756594724e+00 
1.404255319e+00 1.210869565e+00 1.366187050e+00 
1.374611523e+00 1.405797101e+00 1.620383693e+00 
1.294525460e+00 1.443478261e+00 1.633812950e+00 
1.156108056e+00 1.374637681e+00 1.425419664e+00 
1.192206550e+00 1.342753623e+00 1.543884892e+00 
1.543868037e+00 1.354347826e+00 1.588009592e+00 
1.395649056e+00 1.407971014e+00 1.630215827e+00 
1.188142481e+00 1.128985507e+00 1.277218225e+00 
1.163279943e+00 1.222463768e+00 1.359712230e+00 
1.214200335e+00 1.568840580e+00 1.650359712e+00 
1.310542673e+00 1.312318841e+00 1.495443645e+00 
1.069806359e+00 1.228985507e+00 1.409112710e+00 
1.310542673e+00 1.242753623e+00 1.411990408e+00 
1.176428401e+00 1.556521739e+00 1.534052758e+00 
1.424336601e+00 1.111594203e+00 1.231414868e+00 
1.000000000e+00 1.163768116e+00 1.000000000e+00 
1.431030361e+00 1.279710145e+00 1.425419664e+00 
1.406167822e+00 1.197101449e+00 1.363309353e+00 
1.183361224e+00 1.123188406e+00 1.224940048e+00 
1.000000000e+00 1.212318841e+00 1.270743405e+00 
1.000000000e+00 1.186231884e+00 1.118465228e+00 
1.293330146e+00 1.277536232e+00 1.415587530e+00 
1.322017691e+00 1.290579710e+00 1.477937650e+00 
1.141286158e+00 1.139855072e+00 1.287050360e+00 
1.293330146e+00 1.221739130e+00 1.349640288e+00 
1.244561320e+00 1.121739130e+00 1.259712230e+00 
1.000000000e+00 1.189855072e+00 1.152278177e+00 
1.184317475e+00 1.168115942e+00 1.343165468e+00 
1.018885967e+00 1.026086957e+00 1.152278177e+00 
1.018885967e+00 1.000000000e+00 1.000000000e+00 
1.098254841e+00 1.119565217e+00 1.224700240e+00 
1.425292852e+00 1.307971014e+00 1.481534772e+00 

1.416925651e+00 1.557246377e+00 1.768585132e+00 
1.551518049e+00 1.431159420e+00 1.668824940e+00 
1.612718145e+00 1.633333333e+00 1.847721823e+00 
1.137222089e+00 1.538405797e+00 1.425419664e+00 
1.176428401e+00 1.561594203e+00 1.543884892e+00 
1.351422424e+00 1.758695652e+00 1.768585132e+00 
1.544107100e+00 1.539855072e+00 1.775299760e+00 
1.520918001e+00 1.534057971e+00 1.768585132e+00 
1.628974420e+00 1.500000000e+00 1.768585132e+00 
1.598613435e+00 1.790579710e+00 2.000000000e+00 
1.533588334e+00 1.619565217e+00 1.775299760e+00 
1.693999522e+00 1.645652174e+00 1.875059952e+00 
1.126703323e+00 1.547101449e+00 1.531894484e+00 
1.292612957e+00 1.473913043e+00 1.650359712e+00 
1.588811858e+00 1.359420290e+00 1.550359712e+00 
1.192206550e+00 1.320289855e+00 1.425419664e+00 
1.349748984e+00 1.407971014e+00 1.584412470e+00 
1.403538131e+00 1.688405797e+00 1.875059952e+00 
1.195314368e+00 1.397101449e+00 1.550359712e+00 
1.384413101e+00 1.450724638e+00 1.668824940e+00 
1.570882142e+00 1.673188406e+00 1.893525180e+00 
1.484819508e+00 1.678985507e+00 1.893525180e+00 
1.489600765e+00 1.545652174e+00 1.758752998e+00 
1.783887162e+00 1.605072464e+00 1.847721823e+00 
1.375806837e+00 1.571014493e+00 1.768585132e+00 
1.637580684e+00 1.705072464e+00 2.000000000e+00 
1.694955773e+00 1.644927536e+00 1.893525180e+00 
1.351183361e+00 1.621014493e+00 1.756594724e+00 
1.425292852e+00 1.307971014e+00 1.481534772e+00 
1.283528568e+00 1.800000000e+00 1.668824940e+00 
1.192206550e+00 1.342753623e+00 1.543884892e+00 
1.708343294e+00 1.606521739e+00 1.865227818e+00 
1.294525460e+00 1.443478261e+00 1.633812950e+00 
1.432942864e+00 1.426086957e+00 1.630215827e+00 
1.415730337e+00 1.391304348e+00 1.550359712e+00 
1.726512073e+00 1.616666667e+00 1.893525180e+00 
1.322017691e+00 1.290579710e+00 1.477937650e+00 
1.566818073e+00 1.474637681e+00 1.758752998e+00 
1.506574229e+00 1.386231884e+00 1.633812950e+00 
1.404255319e+00 1.210869565e+00 1.366187050e+00 
1.491274205e+00 1.368115942e+00 1.550359712e+00 
1.069806359e+00 1.206521739e+00 1.290647482e+00 
1.163279943e+00 1.222463768e+00 1.359712230e+00 
1.406167822e+00 1.197101449e+00 1.363309353e+00 
1.156108056e+00 1.374637681e+00 1.425419664e+00 
1.000000000e+00 1.163768116e+00 1.000000000e+00 
1.069806359e+00 1.202898551e+00 1.256834532e+00 
1.374611523e+00 1.405797101e+00 1.620383693e+00 
1.310542673e+00 1.242753623e+00 1.411990408e+00 
1.431030361e+00 1.279710145e+00 1.425419664e+00 
1.188142481e+00 1.128985507e+00 1.277218225e+00 
1.000000000e+00 1.186231884e+00 1.118465228e+00 
1.183361224e+00 1.123188406e+00 1.224940048e+00 
1.293330146e+00 1.221739130e+00 1.349640288e+00 
1.000000000e+00 1.212318841e+00 1.270743405e+00 
1.429117858e+00 1.317391304e+00 1.534052758e+00 
1.310542673e+00 1.312318841e+00 1.495443645e+00 
1.184317475e+00 1.168115942e+00 1.343165468e+00 
1.420511595e+00 1.337681159e+00 1.515347722e+00 
1.424336601e+00 1.111594203e+00 1.231414868e+00 
1.069806359e+00 1.228985507e+00 1.409112710e+00 
1.293330146e+00 1.277536232e+00 1.415587530e+00 
1.480755439e+00 1.426086957e+00 1.640287770e+00 
1.141286158e+00 1.139855072e+00 1.287050360e+00 
1.000000000e+00 1.189855072e+00 1.152278177e+00 
1.098254841e+00 1.119565217e+00 1.224700240e+00 
1.244561320e+00 1.121739130e+00 1.259712230e+00 
1.018885967e+00 1.000000000e+00 1.000000000e+00 
1.018885967e+00 1.026086957e+00 1.152278177e+00 

1.536218025e+00 1.526086957e+00 1.756594724e+00 
1.126703323e+00 1.547101449e+00 1.531894484e+00 
1.491991394e+00 1.672463768e+00 1.775299760e+00 
1.331580206e+00 1.405072464e+00 1.604316547e+00 
1.812574707e+00 1.604347826e+00 1.847721823e+00 
1.126703323e+00 1.542753623e+00 1.515587530e+00 
1.416925651e+00 1.557246377e+00 1.768585132e+00 
1.693999522e+00 1.645652174e+00 1.875059952e+00 
1.192206550e+00 1.320289855e+00 1.425419664e+00 
1.694955773e+00 1.644927536e+00 1.893525180e+00 
1.980874970e+00 1.697101449e+00 2.000000000e+00 
1.145589290e+00 1.383333333e+00 1.531894484e+00 
1.564905570e+00 1.510869565e+00 1.755155875e+00 
1.374611523e+00 1.405797101e+00 1.620383693e+00 
1.432942864e+00 1.426086957e+00 1.630215827e+00 
1.126703323e+00 1.569565217e+00 1.650359712e+00 
1.726512073e+00 1.616666667e+00 1.893525180e+00 
1.708343294e+00 1.606521739e+00 1.865227818e+00 
1.314845804e+00 1.486231884e+00 1.656834532e+00 
1.570643079e+00 1.449275362e+00 1.640527578e+00 
1.566818073e+00 1.474637681e+00 1.758752998e+00 
1.533588334e+00 1.619565217e+00 1.775299760e+00 
1.617499402e+00 1.436956522e+00 1.650359712e+00 
1.499163280e+00 1.671014493e+00 1.775299760e+00 
1.692087019e+00 1.448550725e+00 1.656834532e+00 
1.195314368e+00 1.397101449e+00 1.550359712e+00 
1.137222089e+00 1.538405797e+00 1.425419664e+00 
1.279942625e+00 1.296376812e+00 1.498081535e+00 
1.821180971e+00 1.607971014e+00 1.893525180e+00 
1.543868037e+00 1.354347826e+00 1.588009592e+00 
1.329667703e+00 1.310144928e+00 1.516546763e+00 
1.484819508e+00 1.656521739e+00 1.775059952e+00 
1.145589290e+00 1.357971014e+00 1.425419664e+00 
1.333731771e+00 1.671739130e+00 1.736690647e+00 
1.192206550e+00 1.342753623e+00 1.543884892e+00 
1.491274205e+00 1.368115942e+00 1.550359712e+00 
1.598613435e+00 1.790579710e+00 2.000000000e+00 
1.663399474e+00 1.528260870e+00 1.768585132e+00 
1.544107100e+00 1.539855072e+00 1.775299760e+00 
1.429117858e+00 1.317391304e+00 1.534052758e+00 
1.137222089e+00 1.560869565e+00 1.543884892e+00 
1.351422424e+00 1.758695652e+00 1.768585132e+00 
1.644513507e+00 1.768115942e+00 2.000000000e+00 
1.498924217e+00 1.389855072e+00 1.602877698e+00 
1.816638776e+00 1.748550725e+00 2.000000000e+00 
1.520918001e+00 1.534057971e+00 1.768585132e+00 
1.292612957e+00 1.473913043e+00 1.650359712e+00 
1.375806837e+00 1.571014493e+00 1.768585132e+00 
1.484819508e+00 1.678985507e+00 1.893525180e+00 
1.431030361e+00 1.398550725e+00 1.602877698e+00 
1.384413101e+00 1.450724638e+00 1.668824940e+00 
1.570882142e+00 1.673188406e+00 1.893525180e+00 
1.406167822e+00 1.197101449e+00 1.363309353e+00 
1.293330146e+00 1.277536232e+00 1.415587530e+00 
1.403538131e+00 1.688405797e+00 1.875059952e+00 
1.656944776e+00 1.659420290e+00 1.893525180e+00 
1.431030361e+00 1.279710145e+00 1.425419664e+00 
1.480755439e+00 1.426086957e+00 1.640287770e+00 
1.293330146e+00 1.221739130e+00 1.349640288e+00 
1.424336601e+00 1.111594203e+00 1.231414868e+00 
1.506574229e+00 1.386231884e+00 1.633812950e+00 
1.263925412e+00 1.582608696e+00 1.668824940e+00 
1.404255319e+00 1.210869565e+00 1.366187050e+00 
1.310542673e+00 1.242753623e+00 1.411990408e+00 
1.000000000e+00 1.163768116e+00 1.000000000e+00 
1.322017691e+00 1.290579710e+00 1.477937650e+00 
1.401147502e+00 1.775362319e+00 1.775059952e+00 
1.069806359e+00 1.202898551e+00 1.256834532e+00 
1.000000000e+00 1.212318841e+00 1.270743405e+00 
1.069806359e+00 1.206521739e+00 1.290647482e+00 
1.188142481e+00 1.128985507e+00 1.277218225e+00 
1.069806359e+00 1.228985507e+00 1.409112710e+00 
1.183361224e+00 1.123188406e+00 1.224940048e+00 
1.000000000e+00 1.189855072e+00 1.152278177e+00 
1.489600765e+00 1.545652174e+00 1.758752998e+00 
1.163279943e+00 1.222463768e+00 1.359712230e+00 
1.184317475e+00 1.168115942e+00 1.343165468e+00 
1.141286158e+00 1.139855072e+00 1.287050360e+00 
1.294525460e+00 1.443478261e+00 1.633812950e+00 
1.018885967e+00 1.026086957e+00 1.152278177e+00 
1.000000000e+00 1.186231884e+00 1.118465228e+00 
1.018885967e+00 1.000000000e+00 1.000000000e+00 
1.244561320e+00 1.121739130e+00 1.259712230e+00 
1.098254841e+00 1.119565217e+00 1.224700240e+00 

1.628974420e+00 1.500000000e+00 1.768585132e+00 
1.395649056e+00 1.407971014e+00 1.630215827e+00 
1.351422424e+00 1.758695652e+00 1.768585132e+00 
1.126703323e+00 1.521739130e+00 1.425419664e+00 
1.656705714e+00 1.674637681e+00 1.861630695e+00 
1.400908439e+00 1.634782609e+00 1.775059952e+00 
1.192206550e+00 1.342753623e+00 1.543884892e+00 
1.585943103e+00 1.539855072e+00 1.775059952e+00 
1.627061917e+00 1.636231884e+00 1.847721823e+00 
1.689218264e+00 1.588405797e+00 1.893525180e+00 
1.782930911e+00 1.556521739e+00 1.847721823e+00 
1.541955534e+00 1.456521739e+00 1.650119904e+00 
1.192206550e+00 1.320289855e+00 1.425419664e+00 
1.137222089e+00 1.560869565e+00 1.543884892e+00 
1.513267989e+00 1.678985507e+00 1.847721823e+00 
1.486971073e+00 1.683333333e+00 1.893525180e+00 
1.480755439e+00 1.426086957e+00 1.640287770e+00 
1.176428401e+00 1.560869565e+00 1.550359712e+00 
1.427444418e+00 1.765942029e+00 1.775299760e+00 
1.176428401e+00 1.556521739e+00 1.534052758e+00 
1.444896008e+00 1.672463768e+00 1.775299760e+00 
1.342816161e+00 1.783333333e+00 1.875059952e+00 
1.392541238e+00 1.797101449e+00 1.893525180e+00 
1.433181927e+00 1.502173913e+00 1.668824940e+00 
1.544824289e+00 1.642028986e+00 1.847721823e+00 
1.651924456e+00 1.562318841e+00 1.775299760e+00 
1.195314368e+00 1.397101449e+00 1.550359712e+00 
1.176428401e+00 1.583333333e+00 1.668824940e+00 
1.489600765e+00 1.545652174e+00 1.758752998e+00 
1.374611523e+00 1.405797101e+00 1.620383693e+00 
1.349748984e+00 1.407971014e+00 1.584412470e+00 
1.491274205e+00 1.368115942e+00 1.550359712e+00 
1.429117858e+00 1.317391304e+00 1.534052758e+00 
1.566818073e+00 1.474637681e+00 1.758752998e+00 
1.279942625e+00 1.296376812e+00 1.498081535e+00 
1.467367918e+00 1.467391304e+00 1.741247002e+00 
1.294525460e+00 1.443478261e+00 1.633812950e+00 
1.381066220e+00 1.683333333e+00 1.758752998e+00 
1.292612957e+00 1.473913043e+00 1.650359712e+00 
1.415730337e+00 1.391304348e+00 1.550359712e+00 
1.163279943e+00 1.222463768e+00 1.359712230e+00 
1.497011714e+00 1.519565217e+00 1.755155875e+00 
1.310542673e+00 1.242753623e+00 1.411990408e+00 
1.551518049e+00 1.431159420e+00 1.668824940e+00 
1.408319388e+00 1.556521739e+00 1.768585132e+00 
1.183361224e+00 1.123188406e+00 1.224940048e+00 
1.404255319e+00 1.210869565e+00 1.366187050e+00 
1.506574229e+00 1.386231884e+00 1.633812950e+00 
1.406167822e+00 1.197101449e+00 1.363309353e+00 
1.322017691e+00 1.290579710e+00 1.477937650e+00 
1.156108056e+00 1.374637681e+00 1.425419664e+00 
1.498924217e+00 1.389855072e+00 1.602877698e+00 
1.069806359e+00 1.206521739e+00 1.290647482e+00 
1.069806359e+00 1.228985507e+00 1.409112710e+00 
1.927324886e+00 1.942028986e+00 2.000000000e+00 
1.272053550e+00 1.581159420e+00 1.633812950e+00 
1.069806359e+00 1.202898551e+00 1.256834532e+00 
1.431030361e+00 1.398550725e+00 1.602877698e+00 
1.188142481e+00 1.128985507e+00 1.277218225e+00 
1.000000000e+00 1.186231884e+00 1.118465228e+00 
1.293330146e+00 1.277536232e+00 1.415587530e+00 
1.000000000e+00 1.189855072e+00 1.152278177e+00 
1.293330146e+00 1.221739130e+00 1.349640288e+00 
1.184317475e+00 1.168115942e+00 1.343165468e+00 
1.329667703e+00 1.310144928e+00 1.516546763e+00 
1.000000000e+00 1.212318841e+00 1.270743405e+00 
1.424336601e+00 1.111594203e+00 1.231414868e+00 
1.381305283e+00 1.418840580e+00 1.622781775e+00 
1.098254841e+00 1.119565217e+00 1.224700240e+00 
1.141286158e+00 1.139855072e+00 1.287050360e+00 
1.431030361e+00 1.279710145e+00 1.425419664e+00 
1.018885967e+00 1.000000000e+00 1.000000000e+00 
1.018885967e+00 1.026086957e+00 1.152278177e+00 
1.000000000e+00 1.163768116e+00 1.000000000e+00 
1.244561320e+00 1.121739130e+00 1.259712230e+00 

1.637580684e+00 1.705072464e+00 2.000000000e+00 
1.361941191e+00 1.775362319e+00 1.768585132e+00 
1.498924217e+00 1.389855072e+00 1.602877698e+00 
1.444896008e+00 1.672463768e+00 1.775299760e+00 
1.569686828e+00 1.659420290e+00 1.861630695e+00 
1.401147502e+00 1.797826087e+00 1.893525180e+00 
1.192206550e+00 1.320289855e+00 1.425419664e+00 
1.598613435e+00 1.790579710e+00 2.000000000e+00 
1.279942625e+00 1.296376812e+00 1.498081535e+00 
1.426249104e+00 1.500724638e+00 1.640527578e+00 
1.361702128e+00 1.571739130e+00 1.650119904e+00 
1.176428401e+00 1.556521739e+00 1.534052758e+00 
1.433181927e+00 1.502173913e+00 1.668824940e+00 
1.403538131e+00 1.688405797e+00 1.875059952e+00 
1.484819508e+00 1.678985507e+00 1.893525180e+00 
1.137222089e+00 1.538405797e+00 1.425419664e+00 
1.263686350e+00 1.359420290e+00 1.465947242e+00 
1.489600765e+00 1.545652174e+00 1.758752998e+00 
1.520918001e+00 1.534057971e+00 1.768585132e+00 
1.570882142e+00 1.673188406e+00 1.893525180e+00 
1.583074349e+00 1.642753623e+00 1.775299760e+00 
1.156108056e+00 1.374637681e+00 1.425419664e+00 
1.163279943e+00 1.222463768e+00 1.359712230e+00 
1.137222089e+00 1.560869565e+00 1.543884892e+00 
1.375806837e+00 1.571014493e+00 1.768585132e+00 
1.226631604e+00 1.371014493e+00 1.543884892e+00 
1.263925412e+00 1.582608696e+00 1.668824940e+00 
1.627061917e+00 1.636231884e+00 1.847721823e+00 
1.431030361e+00 1.279710145e+00 1.425419664e+00 
1.375806837e+00 1.548550725e+00 1.650119904e+00 
1.429117858e+00 1.317391304e+00 1.534052758e+00 
1.404255319e+00 1.210869565e+00 1.366187050e+00 
1.497011714e+00 1.519565217e+00 1.755155875e+00 
1.410949080e+00 1.471014493e+00 1.636690647e+00 
1.176428401e+00 1.560869565e+00 1.550359712e+00 
1.491274205e+00 1.368115942e+00 1.550359712e+00 
1.551518049e+00 1.431159420e+00 1.668824940e+00 
1.400908439e+00 1.634782609e+00 1.775059952e+00 
1.480755439e+00 1.426086957e+00 1.640287770e+00 
1.566818073e+00 1.474637681e+00 1.758752998e+00 
1.782930911e+00 1.556521739e+00 1.847721823e+00 
1.374611523e+00 1.405797101e+00 1.620383693e+00 
1.689218264e+00 1.588405797e+00 1.893525180e+00 
1.272053550e+00 1.581159420e+00 1.633812950e+00 
1.069806359e+00 1.202898551e+00 1.256834532e+00 
1.532393019e+00 1.671739130e+00 1.775299760e+00 
1.288548888e+00 1.357246377e+00 1.501918465e+00 
1.176428401e+00 1.583333333e+00 1.668824940e+00 
1.406167822e+00 1.197101449e+00 1.363309353e+00 
1.537652403e+00 1.619565217e+00 1.775059952e+00 
1.628974420e+00 1.500000000e+00 1.768585132e+00 
1.585943103e+00 1.539855072e+00 1.775059952e+00 
1.506574229e+00 1.386231884e+00 1.633812950e+00 
1.431030361e+00 1.398550725e+00 1.602877698e+00 
1.467367918e+00 1.467391304e+00 1.741247002e+00 
1.069806359e+00 1.228985507e+00 1.409112710e+00 
1.415730337e+00 1.391304348e+00 1.550359712e+00 
1.541955534e+00 1.456521739e+00 1.650119904e+00 
1.329667703e+00 1.310144928e+00 1.516546763e+00 
1.395649056e+00 1.407971014e+00 1.630215827e+00 
1.349748984e+00 1.407971014e+00 1.584412470e+00 
1.294525460e+00 1.443478261e+00 1.633812950e+00 
1.000000000e+00 1.189855072e+00 1.152278177e+00 
1.322017691e+00 1.290579710e+00 1.477937650e+00 
1.310542673e+00 1.242753623e+00 1.411990408e+00 
1.069806359e+00 1.206521739e+00 1.290647482e+00 
1.381305283e+00 1.418840580e+00 1.622781775e+00 
1.293330146e+00 1.277536232e+00 1.415587530e+00 
1.000000000e+00 1.163768116e+00 1.000000000e+00 
1.000000000e+00 1.186231884e+00 1.118465228e+00 
1.141286158e+00 1.139855072e+00 1.287050360e+00 
1.244561320e+00 1.121739130e+00 1.259712230e+00 
1.293330146e+00 1.221739130e+00 1.349640288e+00 
1.126703323e+00 1.547101449e+00 1.531894484e+00 
1.188142481e+00 1.128985507e+00 1.277218225e+00 
1.424336601e+00 1.111594203e+00 1.231414868e+00 
1.000000000e+00 1.212318841e+00 1.270743405e+00 
1.018885967e+00 1.000000000e+00 1.000000000e+00 
1.195314368e+00 1.397101449e+00 1.550359712e+00 
1.018885967e+00 1.026086957e+00 1.152278177e+00 
1.098254841e+00 1.119565217e+00 1.224700240e+00 
1.183361224e+00 1.123188406e+00 1.224940048e+00 
1.184317475e+00 1.168115942e+00 1.343165468e+00 

1.662443223e+00 1.628260870e+00 1.847721823e+00 
1.506574229e+00 1.386231884e+00 1.633812950e+00 
1.429117858e+00 1.317391304e+00 1.534052758e+00 
1.830743486e+00 1.757246377e+00 2.000000000e+00 
1.431030361e+00 1.398550725e+00 1.602877698e+00 
1.431030361e+00 1.279710145e+00 1.425419664e+00 
1.588811858e+00 1.359420290e+00 1.550359712e+00 
1.491274205e+00 1.368115942e+00 1.550359712e+00 
1.192206550e+00 1.320289855e+00 1.425419664e+00 
1.374611523e+00 1.405797101e+00 1.620383693e+00 
1.689218264e+00 1.588405797e+00 1.893525180e+00 
1.497011714e+00 1.519565217e+00 1.755155875e+00 
1.782930911e+00 1.556521739e+00 1.847721823e+00 
1.486971073e+00 1.683333333e+00 1.893525180e+00 
1.401147502e+00 1.797826087e+00 1.893525180e+00 
1.467367918e+00 1.467391304e+00 1.741247002e+00 
1.294525460e+00 1.443478261e+00 1.633812950e+00 
1.537652403e+00 1.619565217e+00 1.775059952e+00 
1.176428401e+00 1.560869565e+00 1.550359712e+00 
1.567296199e+00 1.629710145e+00 1.775299760e+00 
1.176428401e+00 1.583333333e+00 1.668824940e+00 
1.416925651e+00 1.557246377e+00 1.768585132e+00 
1.126703323e+00 1.544202899e+00 1.543884892e+00 
1.126703323e+00 1.542753623e+00 1.515587530e+00 
1.410949080e+00 1.471014493e+00 1.636690647e+00 
1.333014583e+00 1.643478261e+00 1.775299760e+00 
1.551518049e+00 1.431159420e+00 1.668824940e+00 
1.417642840e+00 1.453623188e+00 1.722781775e+00 
1.471910112e+00 1.972463768e+00 2.000000000e+00 
1.628974420e+00 1.500000000e+00 1.768585132e+00 
1.878556060e+00 1.734782609e+00 2.000000000e+00 
1.406167822e+00 1.197101449e+00 1.363309353e+00 
1.544824289e+00 1.642028986e+00 1.847721823e+00 
1.683480755e+00 1.646376812e+00 1.875059952e+00 
1.786755917e+00 1.539855072e+00 1.775299760e+00 
1.145589290e+00 1.357971014e+00 1.425419664e+00 
1.126703323e+00 1.569565217e+00 1.650359712e+00 
1.437245996e+00 1.669565217e+00 1.875059952e+00 
1.351422424e+00 1.784057971e+00 1.875059952e+00 
1.542911786e+00 1.451449275e+00 1.650119904e+00 
1.415730337e+00 1.391304348e+00 1.550359712e+00 
1.069806359e+00 1.206521739e+00 1.290647482e+00 
1.536218025e+00 1.526086957e+00 1.756594724e+00 
1.145589290e+00 1.383333333e+00 1.531894484e+00 
1.331580206e+00 1.405072464e+00 1.604316547e+00 
1.501314846e+00 1.763043478e+00 2.000000000e+00 
1.329667703e+00 1.310144928e+00 1.516546763e+00 
1.415252211e+00 1.714492754e+00 1.881534772e+00 
1.137222089e+00 1.538405797e+00 1.425419664e+00 
1.395649056e+00 1.407971014e+00 1.630215827e+00 
1.351183361e+00 1.621014493e+00 1.756594724e+00 
1.314845804e+00 1.486231884e+00 1.656834532e+00 
1.400908439e+00 1.634782609e+00 1.775059952e+00 
1.498924217e+00 1.389855072e+00 1.602877698e+00 
1.381305283e+00 1.418840580e+00 1.622781775e+00 
1.195314368e+00 1.397101449e+00 1.550359712e+00 
1.585943103e+00 1.539855072e+00 1.775059952e+00 
1.322017691e+00 1.290579710e+00 1.477937650e+00 
1.192206550e+00 1.342753623e+00 1.543884892e+00 
1.293330146e+00 1.277536232e+00 1.415587530e+00 
1.000000000e+00 1.212318841e+00 1.270743405e+00 
1.069806359e+00 1.228985507e+00 1.409112710e+00 
1.279942625e+00 1.296376812e+00 1.498081535e+00 
1.244561320e+00 1.121739130e+00 1.259712230e+00 
1.184317475e+00 1.168115942e+00 1.343165468e+00 
1.069806359e+00 1.202898551e+00 1.256834532e+00 
1.183361224e+00 1.123188406e+00 1.224940048e+00 
1.424336601e+00 1.111594203e+00 1.231414868e+00 
1.163279943e+00 1.222463768e+00 1.359712230e+00 
1.141286158e+00 1.139855072e+00 1.287050360e+00 
1.404255319e+00 1.210869565e+00 1.366187050e+00 
1.018885967e+00 1.026086957e+00 1.152278177e+00 
1.310542673e+00 1.242753623e+00 1.411990408e+00 
1.000000000e+00 1.186231884e+00 1.118465228e+00 
1.188142481e+00 1.128985507e+00 1.277218225e+00 
1.098254841e+00 1.119565217e+00 1.224700240e+00 
1.000000000e+00 1.189855072e+00 1.152278177e+00 
1.293330146e+00 1.221739130e+00 1.349640288e+00 
1.018885967e+00 1.000000000e+00 1.000000000e+00 
1.000000000e+00 1.163768116e+00 1.000000000e+00 

1.830743486e+00 1.757246377e+00 2.000000000e+00 
1.415252211e+00 1.714492754e+00 1.881534772e+00 
1.536218025e+00 1.526086957e+00 1.756594724e+00 
1.399952187e+00 1.497101449e+00 1.640287770e+00 
1.501314846e+00 1.763043478e+00 2.000000000e+00 
1.471910112e+00 1.972463768e+00 2.000000000e+00 
1.322017691e+00 1.290579710e+00 1.477937650e+00 
1.544824289e+00 1.642028986e+00 1.847721823e+00 
1.351183361e+00 1.621014493e+00 1.756594724e+00 
1.416925651e+00 1.557246377e+00 1.768585132e+00 
1.467367918e+00 1.467391304e+00 1.741247002e+00 
1.782930911e+00 1.556521739e+00 1.847721823e+00 
1.683480755e+00 1.646376812e+00 1.875059952e+00 
1.662443223e+00 1.628260870e+00 1.847721823e+00 
1.878556060e+00 1.734782609e+00 2.000000000e+00 
1.764762132e+00 1.599275362e+00 1.847721823e+00 
1.566818073e+00 1.474637681e+00 1.758752998e+00 
1.462347597e+00 1.905072464e+00 1.893525180e+00 
1.411427205e+00 1.610869565e+00 1.775059952e+00 
1.431030361e+00 1.398550725e+00 1.602877698e+00 
1.543868037e+00 1.354347826e+00 1.588009592e+00 
1.628974420e+00 1.500000000e+00 1.768585132e+00 
1.333014583e+00 1.643478261e+00 1.775299760e+00 
1.437245996e+00 1.669565217e+00 1.875059952e+00 
1.342816161e+00 1.783333333e+00 1.875059952e+00 
1.705474540e+00 1.628985507e+00 1.881534772e+00 
1.603155630e+00 1.539855072e+00 1.775059952e+00 
1.551518049e+00 1.431159420e+00 1.668824940e+00 
1.145589290e+00 1.383333333e+00 1.531894484e+00 
1.612718145e+00 1.633333333e+00 1.847721823e+00 
1.192206550e+00 1.320289855e+00 1.425419664e+00 
1.612000956e+00 1.659420290e+00 1.893525180e+00 
1.145589290e+00 1.357971014e+00 1.425419664e+00 
1.415730337e+00 1.391304348e+00 1.550359712e+00 
1.551518049e+00 1.656521739e+00 1.881534772e+00 
1.542911786e+00 1.451449275e+00 1.650119904e+00 
1.126703323e+00 1.569565217e+00 1.650359712e+00 
1.333731771e+00 1.511594203e+00 1.650359712e+00 
1.126703323e+00 1.521739130e+00 1.425419664e+00 
1.331580206e+00 1.405072464e+00 1.604316547e+00 
1.279942625e+00 1.296376812e+00 1.498081535e+00 
1.498924217e+00 1.389855072e+00 1.602877698e+00 
1.489600765e+00 1.545652174e+00 1.758752998e+00 
1.195314368e+00 1.397101449e+00 1.550359712e+00 
1.176428401e+00 1.583333333e+00 1.668824940e+00 
1.192206550e+00 1.342753623e+00 1.543884892e+00 
1.329667703e+00 1.310144928e+00 1.516546763e+00 
1.395649056e+00 1.407971014e+00 1.630215827e+00 
1.294525460e+00 1.443478261e+00 1.633812950e+00 
1.480755439e+00 1.426086957e+00 1.640287770e+00 
1.491274205e+00 1.368115942e+00 1.550359712e+00 
1.417642840e+00 1.453623188e+00 1.722781775e+00 
1.069806359e+00 1.206521739e+00 1.290647482e+00 
1.126703323e+00 1.544202899e+00 1.543884892e+00 
1.506574229e+00 1.386231884e+00 1.633812950e+00 
1.699737031e+00 1.613043478e+00 1.847721823e+00 
1.497011714e+00 1.519565217e+00 1.755155875e+00 
1.069806359e+00 1.202898551e+00 1.256834532e+00 
1.410949080e+00 1.471014493e+00 1.636690647e+00 
1.431030361e+00 1.279710145e+00 1.425419664e+00 
1.406167822e+00 1.197101449e+00 1.363309353e+00 
1.184317475e+00 1.168115942e+00 1.343165468e+00 
1.424336601e+00 1.111594203e+00 1.231414868e+00 
1.404255319e+00 1.210869565e+00 1.366187050e+00 
1.126703323e+00 1.542753623e+00 1.515587530e+00 
1.374611523e+00 1.405797101e+00 1.620383693e+00 
1.069806359e+00 1.228985507e+00 1.409112710e+00 
1.000000000e+00 1.163768116e+00 1.000000000e+00 
1.429117858e+00 1.317391304e+00 1.534052758e+00 
1.293330146e+00 1.277536232e+00 1.415587530e+00 
1.381305283e+00 1.418840580e+00 1.622781775e+00 
1.163279943e+00 1.222463768e+00 1.359712230e+00 
1.244561320e+00 1.121739130e+00 1.259712230e+00 
1.141286158e+00 1.139855072e+00 1.287050360e+00 
1.310542673e+00 1.242753623e+00 1.411990408e+00 
1.000000000e+00 1.186231884e+00 1.118465228e+00 
1.188142481e+00 1.128985507e+00 1.277218225e+00 
1.000000000e+00 1.189855072e+00 1.152278177e+00 
1.018885967e+00 1.000000000e+00 1.000000000e+00 
1.000000000e+00 1.212318841e+00 1.270743405e+00 
1.098254841e+00 1.119565217e+00 1.224700240e+00 
1.183361224e+00 1.123188406e+00 1.224940048e+00 
1.018885967e+00 1.026086957e+00 1.152278177e+00 
1.293330146e+00 1.221739130e+00 1.349640288e+00 

1.723643318e+00 1.616666667e+00 1.893525180e+00 
1.598613435e+00 1.790579710e+00 2.000000000e+00 
1.748505857e+00 1.448550725e+00 1.656834532e+00 
1.821180971e+00 1.607971014e+00 1.893525180e+00 
1.279942625e+00 1.296376812e+00 1.498081535e+00 
1.491513268e+00 1.565942029e+00 1.768585132e+00 
1.803012192e+00 1.457246377e+00 1.712949640e+00 
1.603155630e+00 1.539855072e+00 1.775059952e+00 
1.137222089e+00 1.560869565e+00 1.543884892e+00 
1.596700932e+00 1.819565217e+00 2.000000000e+00 
1.498924217e+00 1.389855072e+00 1.602877698e+00 
1.145589290e+00 1.357971014e+00 1.425419664e+00 
1.520918001e+00 1.534057971e+00 1.768585132e+00 
1.528807076e+00 1.905797101e+00 2.000000000e+00 
1.176428401e+00 1.560869565e+00 1.550359712e+00 
1.415730337e+00 1.391304348e+00 1.550359712e+00 
1.694955773e+00 1.644927536e+00 1.893525180e+00 
1.192206550e+00 1.320289855e+00 1.425419664e+00 
1.403538131e+00 1.688405797e+00 1.875059952e+00 
1.401625628e+00 1.717391304e+00 1.875059952e+00 
1.628974420e+00 1.500000000e+00 1.768585132e+00 
1.533588334e+00 1.619565217e+00 1.775299760e+00 
1.708343294e+00 1.606521739e+00 1.865227818e+00 
1.375806837e+00 1.571014493e+00 1.768585132e+00 
1.329667703e+00 1.310144928e+00 1.516546763e+00 
1.333731771e+00 1.671739130e+00 1.736690647e+00 
1.451350705e+00 1.731159420e+00 1.893525180e+00 
1.924456132e+00 1.697101449e+00 2.000000000e+00 
1.570882142e+00 1.673188406e+00 1.893525180e+00 
1.404255319e+00 1.210869565e+00 1.366187050e+00 
1.381305283e+00 1.418840580e+00 1.622781775e+00 
1.395649056e+00 1.407971014e+00 1.630215827e+00 
1.858474779e+00 1.576086957e+00 1.847721823e+00 
1.484819508e+00 1.678985507e+00 1.893525180e+00 
1.292612957e+00 1.473913043e+00 1.650359712e+00 
1.384413101e+00 1.450724638e+00 1.668824940e+00 
1.489600765e+00 1.545652174e+00 1.758752998e+00 
1.506574229e+00 1.386231884e+00 1.633812950e+00 
1.431030361e+00 1.398550725e+00 1.602877698e+00 
1.570643079e+00 1.449275362e+00 1.640527578e+00 
1.566818073e+00 1.474637681e+00 1.758752998e+00 
1.480755439e+00 1.426086957e+00 1.640287770e+00 
1.429117858e+00 1.317391304e+00 1.534052758e+00 
1.488405451e+00 1.566666667e+00 1.709352518e+00 
1.491274205e+00 1.368115942e+00 1.550359712e+00 
1.310542673e+00 1.242753623e+00 1.411990408e+00 
1.263925412e+00 1.582608696e+00 1.668824940e+00 
1.656944776e+00 1.659420290e+00 1.893525180e+00 
1.374611523e+00 1.405797101e+00 1.620383693e+00 
1.755199617e+00 1.594202899e+00 1.875059952e+00 
1.192206550e+00 1.342753623e+00 1.543884892e+00 
1.543868037e+00 1.354347826e+00 1.588009592e+00 
1.294525460e+00 1.443478261e+00 1.633812950e+00 
1.293330146e+00 1.221739130e+00 1.349640288e+00 
1.069806359e+00 1.202898551e+00 1.256834532e+00 
1.293330146e+00 1.277536232e+00 1.415587530e+00 
1.141286158e+00 1.139855072e+00 1.287050360e+00 
1.431030361e+00 1.279710145e+00 1.425419664e+00 
1.349748984e+00 1.407971014e+00 1.584412470e+00 
1.184317475e+00 1.168115942e+00 1.343165468e+00 
1.637580684e+00 1.705072464e+00 2.000000000e+00 
1.424336601e+00 1.111594203e+00 1.231414868e+00 
1.364092756e+00 1.507971014e+00 1.656834532e+00 
1.000000000e+00 1.163768116e+00 1.000000000e+00 
1.163279943e+00 1.222463768e+00 1.359712230e+00 
1.188142481e+00 1.128985507e+00 1.277218225e+00 
1.000000000e+00 1.189855072e+00 1.152278177e+00 
1.000000000e+00 1.186231884e+00 1.118465228e+00 
1.069806359e+00 1.228985507e+00 1.409112710e+00 
1.406167822e+00 1.197101449e+00 1.363309353e+00 
1.183361224e+00 1.123188406e+00 1.224940048e+00 
1.244561320e+00 1.121739130e+00 1.259712230e+00 
1.551518049e+00 1.656521739e+00 1.881534772e+00 
1.098254841e+00 1.119565217e+00 1.224700240e+00 
1.000000000e+00 1.212318841e+00 1.270743405e+00 
1.069806359e+00 1.206521739e+00 1.290647482e+00 
1.322017691e+00 1.290579710e+00 1.477937650e+00 
1.018885967e+00 1.026086957e+00 1.152278177e+00 
1.018885967e+00 1.000000000e+00 1.000000000e+00 

1.597896247e+00 1.620289855e+00 1.775059952e+00 
1.498924217e+00 1.389855072e+00 1.602877698e+00 
1.830743486e+00 1.757246377e+00 2.000000000e+00 
1.333014583e+00 1.643478261e+00 1.775299760e+00 
1.392541238e+00 1.797101449e+00 1.893525180e+00 
1.415730337e+00 1.391304348e+00 1.550359712e+00 
1.782930911e+00 1.556521739e+00 1.847721823e+00 
1.491274205e+00 1.368115942e+00 1.550359712e+00 
1.383217786e+00 1.473913043e+00 1.636930456e+00 
1.361702128e+00 1.597101449e+00 1.756594724e+00 
1.176428401e+00 1.560869565e+00 1.550359712e+00 
1.195314368e+00 1.397101449e+00 1.550359712e+00 
1.501314846e+00 1.763043478e+00 2.000000000e+00 
1.683480755e+00 1.646376812e+00 1.875059952e+00 
1.176428401e+00 1.583333333e+00 1.668824940e+00 
1.480755439e+00 1.426086957e+00 1.640287770e+00 
1.126703323e+00 1.542753623e+00 1.515587530e+00 
1.943581162e+00 1.754347826e+00 2.000000000e+00 
1.689218264e+00 1.588405797e+00 1.893525180e+00 
1.627061917e+00 1.636231884e+00 1.847721823e+00 
1.471910112e+00 1.972463768e+00 2.000000000e+00 
1.314845804e+00 1.486231884e+00 1.656834532e+00 
1.126703323e+00 1.544202899e+00 1.543884892e+00 
1.662443223e+00 1.628260870e+00 1.847721823e+00 
1.273009802e+00 1.808695652e+00 1.775299760e+00 
1.467367918e+00 1.467391304e+00 1.741247002e+00 
1.486971073e+00 1.683333333e+00 1.893525180e+00 
1.400908439e+00 1.634782609e+00 1.775059952e+00 
1.544824289e+00 1.642028986e+00 1.847721823e+00 
1.145589290e+00 1.357971014e+00 1.425419664e+00 
1.126703323e+00 1.569565217e+00 1.650359712e+00 
1.351422424e+00 1.784057971e+00 1.875059952e+00 
1.192206550e+00 1.320289855e+00 1.425419664e+00 
1.415252211e+00 1.714492754e+00 1.881534772e+00 
1.417642840e+00 1.453623188e+00 1.722781775e+00 
1.145589290e+00 1.383333333e+00 1.531894484e+00 
1.279942625e+00 1.296376812e+00 1.498081535e+00 
1.331580206e+00 1.405072464e+00 1.604316547e+00 
1.322017691e+00 1.290579710e+00 1.477937650e+00 
1.603155630e+00 1.539855072e+00 1.775059952e+00 
1.566818073e+00 1.474637681e+00 1.758752998e+00 
1.329667703e+00 1.310144928e+00 1.516546763e+00 
1.137222089e+00 1.538405797e+00 1.425419664e+00 
1.437245996e+00 1.669565217e+00 1.875059952e+00 
1.381305283e+00 1.418840580e+00 1.622781775e+00 
1.294525460e+00 1.443478261e+00 1.633812950e+00 
1.192206550e+00 1.342753623e+00 1.543884892e+00 
1.543868037e+00 1.354347826e+00 1.588009592e+00 
1.293330146e+00 1.277536232e+00 1.415587530e+00 
1.429117858e+00 1.317391304e+00 1.534052758e+00 
1.163279943e+00 1.222463768e+00 1.359712230e+00 
1.375806837e+00 1.571014493e+00 1.768585132e+00 
1.351183361e+00 1.621014493e+00 1.756594724e+00 
1.980874970e+00 1.697101449e+00 2.000000000e+00 
1.404255319e+00 1.210869565e+00 1.366187050e+00 
1.628974420e+00 1.500000000e+00 1.768585132e+00 
1.374611523e+00 1.405797101e+00 1.620383693e+00 
1.489600765e+00 1.545652174e+00 1.758752998e+00 
1.406167822e+00 1.197101449e+00 1.363309353e+00 
1.431030361e+00 1.279710145e+00 1.425419664e+00 
1.310542673e+00 1.242753623e+00 1.411990408e+00 
1.069806359e+00 1.206521739e+00 1.290647482e+00 
1.431030361e+00 1.398550725e+00 1.602877698e+00 
1.244561320e+00 1.121739130e+00 1.259712230e+00 
1.497011714e+00 1.519565217e+00 1.755155875e+00 
1.183361224e+00 1.123188406e+00 1.224940048e+00 
1.069806359e+00 1.228985507e+00 1.409112710e+00 
1.656944776e+00 1.659420290e+00 1.893525180e+00 
1.432942864e+00 1.426086957e+00 1.630215827e+00 
1.384413101e+00 1.450724638e+00 1.668824940e+00 
1.188142481e+00 1.128985507e+00 1.277218225e+00 
1.000000000e+00 1.186231884e+00 1.118465228e+00 
1.069806359e+00 1.202898551e+00 1.256834532e+00 
1.141286158e+00 1.139855072e+00 1.287050360e+00 
1.000000000e+00 1.189855072e+00 1.152278177e+00 
1.506574229e+00 1.386231884e+00 1.633812950e+00 
1.424336601e+00 1.111594203e+00 1.231414868e+00 
1.000000000e+00 1.163768116e+00 1.000000000e+00 
1.018885967e+00 1.026086957e+00 1.152278177e+00 
1.000000000e+00 1.212318841e+00 1.270743405e+00 
1.293330146e+00 1.221739130e+00 1.349640288e+00 
1.098254841e+00 1.119565217e+00 1.224700240e+00 
1.018885967e+00 1.000000000e+00 1.000000000e+00 
1.184317475e+00 1.168115942e+00 1.343165468e+00 

1.415252211e+00 1.714492754e+00 1.881534772e+00 
1.491274205e+00 1.368115942e+00 1.550359712e+00 
1.333014583e+00 1.643478261e+00 1.775299760e+00 
1.401147502e+00 1.797826087e+00 1.893525180e+00 
1.830743486e+00 1.720289855e+00 2.000000000e+00 
1.333731771e+00 1.511594203e+00 1.650359712e+00 
1.416925651e+00 1.557246377e+00 1.768585132e+00 
1.548649295e+00 1.614492754e+00 1.775299760e+00 
1.537652403e+00 1.619565217e+00 1.775059952e+00 
1.126703323e+00 1.542753623e+00 1.515587530e+00 
1.627061917e+00 1.636231884e+00 1.847721823e+00 
1.176428401e+00 1.583333333e+00 1.668824940e+00 
1.489600765e+00 1.545652174e+00 1.758752998e+00 
1.400908439e+00 1.634782609e+00 1.775059952e+00 
1.417642840e+00 1.453623188e+00 1.722781775e+00 
1.331580206e+00 1.405072464e+00 1.604316547e+00 
1.689218264e+00 1.588405797e+00 1.893525180e+00 
1.486971073e+00 1.683333333e+00 1.893525180e+00 
1.375806837e+00 1.571014493e+00 1.768585132e+00 
1.279942625e+00 1.296376812e+00 1.498081535e+00 
1.551518049e+00 1.431159420e+00 1.668824940e+00 
1.437245996e+00 1.669565217e+00 1.875059952e+00 
1.480755439e+00 1.426086957e+00 1.640287770e+00 
1.566818073e+00 1.474637681e+00 1.758752998e+00 
1.126703323e+00 1.569565217e+00 1.650359712e+00 
1.294525460e+00 1.443478261e+00 1.633812950e+00 
1.351422424e+00 1.784057971e+00 1.875059952e+00 
1.192206550e+00 1.342753623e+00 1.543884892e+00 
1.429117858e+00 1.317391304e+00 1.534052758e+00 
1.137222089e+00 1.538405797e+00 1.425419664e+00 
1.145589290e+00 1.383333333e+00 1.531894484e+00 
1.351183361e+00 1.621014493e+00 1.756594724e+00 
1.329667703e+00 1.310144928e+00 1.516546763e+00 
1.069806359e+00 1.206521739e+00 1.290647482e+00 
1.585943103e+00 1.539855072e+00 1.775059952e+00 
1.395649056e+00 1.407971014e+00 1.630215827e+00 
1.782930911e+00 1.556521739e+00 1.847721823e+00 
1.381305283e+00 1.418840580e+00 1.622781775e+00 
1.467367918e+00 1.467391304e+00 1.741247002e+00 
1.542911786e+00 1.451449275e+00 1.650119904e+00 
1.145589290e+00 1.357971014e+00 1.425419664e+00 
1.410949080e+00 1.471014493e+00 1.636690647e+00 
1.069806359e+00 1.202898551e+00 1.256834532e+00 
1.415730337e+00 1.391304348e+00 1.550359712e+00 
1.069806359e+00 1.228985507e+00 1.409112710e+00 
1.126703323e+00 1.544202899e+00 1.543884892e+00 
1.628974420e+00 1.500000000e+00 1.768585132e+00 
1.497011714e+00 1.519565217e+00 1.755155875e+00 
1.195314368e+00 1.397101449e+00 1.550359712e+00 
1.192206550e+00 1.320289855e+00 1.425419664e+00 
1.374611523e+00 1.405797101e+00 1.620383693e+00 
1.214200335e+00 1.568840580e+00 1.650359712e+00 
1.293330146e+00 1.277536232e+00 1.415587530e+00 
1.645230696e+00 1.631159420e+00 1.875059952e+00 
1.543868037e+00 1.354347826e+00 1.588009592e+00 
1.399952187e+00 1.497101449e+00 1.640287770e+00 
1.431030361e+00 1.398550725e+00 1.602877698e+00 
1.501314846e+00 1.763043478e+00 2.000000000e+00 
1.310542673e+00 1.242753623e+00 1.411990408e+00 
1.431030361e+00 1.279710145e+00 1.425419664e+00 
1.406167822e+00 1.197101449e+00 1.363309353e+00 
1.544824289e+00 1.642028986e+00 1.847721823e+00 
1.163279943e+00 1.222463768e+00 1.359712230e+00 
1.506574229e+00 1.386231884e+00 1.633812950e+00 
1.293330146e+00 1.221739130e+00 1.349640288e+00 
1.424336601e+00 1.111594203e+00 1.231414868e+00 
1.404255319e+00 1.210869565e+00 1.366187050e+00 
1.183361224e+00 1.123188406e+00 1.224940048e+00 
1.244561320e+00 1.121739130e+00 1.259712230e+00 
1.188142481e+00 1.128985507e+00 1.277218225e+00 
1.000000000e+00 1.163768116e+00 1.000000000e+00 
1.000000000e+00 1.212318841e+00 1.270743405e+00 
1.141286158e+00 1.139855072e+00 1.287050360e+00 
1.322017691e+00 1.290579710e+00 1.477937650e+00 
1.000000000e+00 1.186231884e+00 1.118465228e+00 
1.000000000e+00 1.189855072e+00 1.152278177e+00 
1.184317475e+00 1.168115942e+00 1.343165468e+00 
1.098254841e+00 1.119565217e+00 1.224700240e+00 
1.018885967e+00 1.026086957e+00 1.152278177e+00 
1.018885967e+00 1.000000000e+00 1.000000000e+00 

1.294525460e+00 1.443478261e+00 1.633812950e+00 
1.603155630e+00 1.539855072e+00 1.775059952e+00 
1.543868037e+00 1.354347826e+00 1.588009592e+00 
1.597896247e+00 1.620289855e+00 1.775059952e+00 
1.351183361e+00 1.621014493e+00 1.756594724e+00 
1.748505857e+00 1.448550725e+00 1.656834532e+00 
1.705474540e+00 1.628985507e+00 1.881534772e+00 
1.551518049e+00 1.656521739e+00 1.881534772e+00 
1.491513268e+00 1.565942029e+00 1.768585132e+00 
1.415730337e+00 1.391304348e+00 1.550359712e+00 
1.628974420e+00 1.500000000e+00 1.768585132e+00 
1.374611523e+00 1.405797101e+00 1.620383693e+00 
1.069806359e+00 1.206521739e+00 1.290647482e+00 
1.536218025e+00 1.526086957e+00 1.756594724e+00 
1.526655510e+00 1.507246377e+00 1.729256595e+00 
1.782930911e+00 1.556521739e+00 1.847721823e+00 
1.192206550e+00 1.342753623e+00 1.543884892e+00 
1.126703323e+00 1.521739130e+00 1.425419664e+00 
1.333014583e+00 1.618115942e+00 1.668824940e+00 
1.314845804e+00 1.486231884e+00 1.656834532e+00 
1.404255319e+00 1.210869565e+00 1.366187050e+00 
1.351422424e+00 1.784057971e+00 1.875059952e+00 
1.756155869e+00 1.688405797e+00 1.893525180e+00 
1.662443223e+00 1.628260870e+00 1.847721823e+00 
1.683480755e+00 1.646376812e+00 1.875059952e+00 
1.501314846e+00 1.763043478e+00 2.000000000e+00 
1.645230696e+00 1.399275362e+00 1.623021583e+00 
1.431030361e+00 1.398550725e+00 1.602877698e+00 
1.520918001e+00 1.534057971e+00 1.768585132e+00 
1.729380827e+00 1.716666667e+00 1.893525180e+00 
1.764762132e+00 1.599275362e+00 1.847721823e+00 
1.163279943e+00 1.222463768e+00 1.359712230e+00 
1.480755439e+00 1.426086957e+00 1.640287770e+00 
1.381305283e+00 1.418840580e+00 1.622781775e+00 
1.069806359e+00 1.228985507e+00 1.409112710e+00 
1.293330146e+00 1.277536232e+00 1.415587530e+00 
1.448242888e+00 1.538405797e+00 1.741247002e+00 
1.333014583e+00 1.643478261e+00 1.775299760e+00 
1.145589290e+00 1.357971014e+00 1.425419664e+00 
1.069806359e+00 1.202898551e+00 1.256834532e+00 
1.544824289e+00 1.642028986e+00 1.847721823e+00 
1.126703323e+00 1.544202899e+00 1.543884892e+00 
1.417642840e+00 1.453623188e+00 1.722781775e+00 
1.420511595e+00 1.337681159e+00 1.515347722e+00 
1.126703323e+00 1.542753623e+00 1.515587530e+00 
1.437245996e+00 1.669565217e+00 1.875059952e+00 
1.331580206e+00 1.405072464e+00 1.604316547e+00 
1.145589290e+00 1.383333333e+00 1.531894484e+00 
1.279942625e+00 1.296376812e+00 1.498081535e+00 
1.192206550e+00 1.320289855e+00 1.425419664e+00 
1.424336601e+00 1.111594203e+00 1.231414868e+00 
1.431030361e+00 1.279710145e+00 1.425419664e+00 
1.322017691e+00 1.290579710e+00 1.477937650e+00 
1.310542673e+00 1.242753623e+00 1.411990408e+00 
1.564905570e+00 1.510869565e+00 1.755155875e+00 
1.126703323e+00 1.569565217e+00 1.650359712e+00 
1.400908439e+00 1.634782609e+00 1.775059952e+00 
1.498924217e+00 1.389855072e+00 1.602877698e+00 
1.183361224e+00 1.123188406e+00 1.224940048e+00 
1.395649056e+00 1.407971014e+00 1.630215827e+00 
1.000000000e+00 1.189855072e+00 1.152278177e+00 
1.188142481e+00 1.128985507e+00 1.277218225e+00 
1.617499402e+00 1.436956522e+00 1.650359712e+00 
1.141286158e+00 1.139855072e+00 1.287050360e+00 
1.406167822e+00 1.197101449e+00 1.363309353e+00 
1.000000000e+00 1.212318841e+00 1.270743405e+00 
1.293330146e+00 1.221739130e+00 1.349640288e+00 
1.000000000e+00 1.163768116e+00 1.000000000e+00 
1.244561320e+00 1.121739130e+00 1.259712230e+00 
1.018885967e+00 1.000000000e+00 1.000000000e+00 
1.000000000e+00 1.186231884e+00 1.118465228e+00 
1.184317475e+00 1.168115942e+00 1.343165468e+00 
1.018885967e+00 1.026086957e+00 1.152278177e+00 
1.098254841e+00 1.119565217e+00 1.224700240e+00 

1.333014583e+00 1.618115942e+00 1.668824940e+00 
1.195314368e+00 1.397101449e+00 1.550359712e+00 
1.431030361e+00 1.398550725e+00 1.602877698e+00 
1.226631604e+00 1.348550725e+00 1.425419664e+00 
1.764762132e+00 1.599275362e+00 1.847721823e+00 
1.617499402e+00 1.436956522e+00 1.650359712e+00 
1.683480755e+00 1.646376812e+00 1.875059952e+00 
1.723643318e+00 1.616666667e+00 1.893525180e+00 
1.612718145e+00 1.633333333e+00 1.847721823e+00 
1.705474540e+00 1.628985507e+00 1.881534772e+00 
1.662443223e+00 1.628260870e+00 1.847721823e+00 
1.549127421e+00 1.857246377e+00 2.000000000e+00 
1.566818073e+00 1.474637681e+00 1.758752998e+00 
1.666268229e+00 1.528260870e+00 1.768585132e+00 
1.126703323e+00 1.542753623e+00 1.515587530e+00 
1.322017691e+00 1.290579710e+00 1.477937650e+00 
1.126703323e+00 1.544202899e+00 1.543884892e+00 
1.451828831e+00 1.913768116e+00 2.000000000e+00 
1.126703323e+00 1.569565217e+00 1.650359712e+00 
1.567296199e+00 1.629710145e+00 1.775299760e+00 
1.342816161e+00 1.783333333e+00 1.875059952e+00 
1.351183361e+00 1.621014493e+00 1.756594724e+00 
1.294525460e+00 1.443478261e+00 1.633812950e+00 
1.333014583e+00 1.643478261e+00 1.775299760e+00 
1.570643079e+00 1.449275362e+00 1.640527578e+00 
1.448242888e+00 1.538405797e+00 1.741247002e+00 
1.670093235e+00 1.659420290e+00 1.893525180e+00 
1.715037055e+00 1.592028986e+00 1.775299760e+00 
1.748505857e+00 1.448550725e+00 1.656834532e+00 
1.527133636e+00 1.862318841e+00 2.000000000e+00 
1.361702128e+00 1.597101449e+00 1.756594724e+00 
1.417642840e+00 1.453623188e+00 1.722781775e+00 
1.506574229e+00 1.386231884e+00 1.633812950e+00 
1.569208702e+00 1.754347826e+00 2.000000000e+00 
1.551518049e+00 1.656521739e+00 1.881534772e+00 
1.406167822e+00 1.197101449e+00 1.363309353e+00 
1.404255319e+00 1.210869565e+00 1.366187050e+00 
1.399952187e+00 1.626086957e+00 1.768585132e+00 
1.650968205e+00 1.558695652e+00 1.775059952e+00 
1.631843175e+00 1.605072464e+00 1.775059952e+00 
1.526655510e+00 1.507246377e+00 1.729256595e+00 
1.411427205e+00 1.610869565e+00 1.775059952e+00 
1.145589290e+00 1.357971014e+00 1.425419664e+00 
2.000000000e+00 1.745652174e+00 2.000000000e+00 
1.310542673e+00 1.242753623e+00 1.411990408e+00 
1.226631604e+00 1.371014493e+00 1.543884892e+00 
1.126703323e+00 1.521739130e+00 1.425419664e+00 
1.449677265e+00 1.665217391e+00 1.893525180e+00 
1.491274205e+00 1.368115942e+00 1.550359712e+00 
1.314845804e+00 1.486231884e+00 1.656834532e+00 
1.536218025e+00 1.526086957e+00 1.756594724e+00 
1.543868037e+00 1.354347826e+00 1.588009592e+00 
1.279942625e+00 1.296376812e+00 1.498081535e+00 
1.331580206e+00 1.405072464e+00 1.604316547e+00 
1.399952187e+00 1.651449275e+00 1.875059952e+00 
1.145589290e+00 1.383333333e+00 1.531894484e+00 
1.163279943e+00 1.222463768e+00 1.359712230e+00 
1.498924217e+00 1.389855072e+00 1.602877698e+00 
1.424336601e+00 1.111594203e+00 1.231414868e+00 
1.069806359e+00 1.206521739e+00 1.290647482e+00 
1.480755439e+00 1.426086957e+00 1.640287770e+00 
1.420511595e+00 1.337681159e+00 1.515347722e+00 
1.564905570e+00 1.510869565e+00 1.755155875e+00 
1.544824289e+00 1.642028986e+00 1.847721823e+00 
1.244561320e+00 1.121739130e+00 1.259712230e+00 
1.395649056e+00 1.407971014e+00 1.630215827e+00 
1.429117858e+00 1.317391304e+00 1.534052758e+00 
1.288548888e+00 1.357246377e+00 1.501918465e+00 
1.690174516e+00 1.636956522e+00 1.893525180e+00 
1.069806359e+00 1.202898551e+00 1.256834532e+00 
1.520918001e+00 1.534057971e+00 1.768585132e+00 
1.263686350e+00 1.359420290e+00 1.465947242e+00 
1.069806359e+00 1.228985507e+00 1.409112710e+00 
1.291895769e+00 1.622463768e+00 1.656834532e+00 
1.141286158e+00 1.139855072e+00 1.287050360e+00 
1.184317475e+00 1.168115942e+00 1.343165468e+00 
1.000000000e+00 1.163768116e+00 1.000000000e+00 
1.293330146e+00 1.277536232e+00 1.415587530e+00 
1.431030361e+00 1.279710145e+00 1.425419664e+00 
1.357398996e+00 1.353623188e+00 1.511750600e+00 
1.000000000e+00 1.186231884e+00 1.118465228e+00 
1.188142481e+00 1.128985507e+00 1.277218225e+00 
1.000000000e+00 1.189855072e+00 1.152278177e+00 
1.000000000e+00 1.212318841e+00 1.270743405e+00 
1.183361224e+00 1.123188406e+00 1.224940048e+00 
1.293330146e+00 1.221739130e+00 1.349640288e+00 
1.098254841e+00 1.119565217e+00 1.224700240e+00 
1.018885967e+00 1.026086957e+00 1.152278177e+00 
1.018885967e+00 1.000000000e+00 1.000000000e+00 

1.498924217e+00 1.389855072e+00 1.602877698e+00 
1.536218025e+00 1.526086957e+00 1.756594724e+00 
1.322017691e+00 1.290579710e+00 1.477937650e+00 
1.333014583e+00 1.643478261e+00 1.775299760e+00 
1.314845804e+00 1.486231884e+00 1.656834532e+00 
1.520918001e+00 1.534057971e+00 1.768585132e+00 
1.662443223e+00 1.628260870e+00 1.847721823e+00 
1.126703323e+00 1.544202899e+00 1.543884892e+00 
1.145589290e+00 1.357971014e+00 1.425419664e+00 
1.683480755e+00 1.646376812e+00 1.875059952e+00 
1.415252211e+00 1.714492754e+00 1.881534772e+00 
1.126703323e+00 1.542753623e+00 1.515587530e+00 
1.544824289e+00 1.642028986e+00 1.847721823e+00 
1.126703323e+00 1.521739130e+00 1.425419664e+00 
1.351422424e+00 1.784057971e+00 1.875059952e+00 
1.437245996e+00 1.669565217e+00 1.875059952e+00 
1.126703323e+00 1.569565217e+00 1.650359712e+00 
1.351183361e+00 1.621014493e+00 1.756594724e+00 
1.404255319e+00 1.210869565e+00 1.366187050e+00 
1.782930911e+00 1.556521739e+00 1.847721823e+00 
1.279942625e+00 1.296376812e+00 1.498081535e+00 
1.689218264e+00 1.588405797e+00 1.893525180e+00 
1.192206550e+00 1.320289855e+00 1.425419664e+00 
1.603155630e+00 1.539855072e+00 1.775059952e+00 
1.395649056e+00 1.407971014e+00 1.630215827e+00 
1.489600765e+00 1.545652174e+00 1.758752998e+00 
1.627061917e+00 1.636231884e+00 1.847721823e+00 
1.375806837e+00 1.571014493e+00 1.768585132e+00 
1.310542673e+00 1.242753623e+00 1.411990408e+00 
1.384413101e+00 1.450724638e+00 1.668824940e+00 
1.401147502e+00 1.797826087e+00 1.893525180e+00 
1.292612957e+00 1.473913043e+00 1.650359712e+00 
1.551518049e+00 1.431159420e+00 1.668824940e+00 
1.294525460e+00 1.443478261e+00 1.633812950e+00 
1.486971073e+00 1.683333333e+00 1.893525180e+00 
1.331580206e+00 1.405072464e+00 1.604316547e+00 
1.491274205e+00 1.368115942e+00 1.550359712e+00 
1.417642840e+00 1.453623188e+00 1.722781775e+00 
1.480755439e+00 1.426086957e+00 1.640287770e+00 
1.429117858e+00 1.317391304e+00 1.534052758e+00 
1.467367918e+00 1.467391304e+00 1.741247002e+00 
1.176428401e+00 1.560869565e+00 1.550359712e+00 
1.628974420e+00 1.500000000e+00 1.768585132e+00 
1.406167822e+00 1.197101449e+00 1.363309353e+00 
1.176428401e+00 1.583333333e+00 1.668824940e+00 
1.537652403e+00 1.619565217e+00 1.775059952e+00 
1.566818073e+00 1.474637681e+00 1.758752998e+00 
1.069806359e+00 1.202898551e+00 1.256834532e+00 
1.188142481e+00 1.128985507e+00 1.277218225e+00 
1.183361224e+00 1.123188406e+00 1.224940048e+00 
1.400908439e+00 1.634782609e+00 1.775059952e+00 
1.192206550e+00 1.342753623e+00 1.543884892e+00 
1.195314368e+00 1.397101449e+00 1.550359712e+00 
1.381305283e+00 1.418840580e+00 1.622781775e+00 
1.244561320e+00 1.121739130e+00 1.259712230e+00 
1.145589290e+00 1.383333333e+00 1.531894484e+00 
1.431030361e+00 1.279710145e+00 1.425419664e+00 
1.293330146e+00 1.277536232e+00 1.415587530e+00 
1.000000000e+00 1.212318841e+00 1.270743405e+00 
1.163279943e+00 1.222463768e+00 1.359712230e+00 
1.000000000e+00 1.189855072e+00 1.152278177e+00 
1.069806359e+00 1.206521739e+00 1.290647482e+00 
1.329667703e+00 1.310144928e+00 1.516546763e+00 
1.000000000e+00 1.186231884e+00 1.118465228e+00 
1.293330146e+00 1.221739130e+00 1.349640288e+00 
1.018885967e+00 1.026086957e+00 1.152278177e+00 
1.506574229e+00 1.386231884e+00 1.633812950e+00 
1.069806359e+00 1.228985507e+00 1.409112710e+00 
1.588811858e+00 1.359420290e+00 1.550359712e+00 
1.424336601e+00 1.111594203e+00 1.231414868e+00 
1.184317475e+00 1.168115942e+00 1.343165468e+00 
1.000000000e+00 1.163768116e+00 1.000000000e+00 
1.141286158e+00 1.139855072e+00 1.287050360e+00 
1.018885967e+00 1.000000000e+00 1.000000000e+00 
1.098254841e+00 1.119565217e+00 1.224700240e+00 
