1.664341761e+00 1.692256342e+00 1.912818096e+00 
1.505666957e+00 1.587449933e+00 1.744109331e+00 
1.029642546e+00 1.284379172e+00 1.270970782e+00 
1.214472537e+00 1.375166889e+00 1.473138549e+00 
1.143853531e+00 1.473965287e+00 1.566446748e+00 
1.499564080e+00 1.795060080e+00 1.912818096e+00 
1.510897995e+00 1.614152203e+00 1.753770028e+00 
1.570183086e+00 1.702937250e+00 1.912818096e+00 
1.304272014e+00 1.602803738e+00 1.744109331e+00 
1.508282476e+00 1.840453939e+00 2.000000000e+00 
1.430252833e+00 1.926568758e+00 1.922478794e+00 
1.652136007e+00 1.706275033e+00 1.922478794e+00 
1.298169137e+00 1.512016021e+00 1.650801131e+00 
1.508282476e+00 1.783711615e+00 1.906691800e+00 
1.387096774e+00 1.647530040e+00 1.829170594e+00 
1.475588492e+00 1.911882510e+00 1.922478794e+00 
1.227550131e+00 1.610814419e+00 1.744109331e+00 
1.376198779e+00 1.935246996e+00 1.922478794e+00 
1.115954664e+00 1.443925234e+00 1.555136664e+00 
1.501307759e+00 1.828437917e+00 1.922478794e+00 
1.456843941e+00 1.616822430e+00 1.819509896e+00 
1.475152572e+00 1.955941255e+00 2.000000000e+00 
1.227550131e+00 1.564085447e+00 1.573279925e+00 
1.234088928e+00 1.748331108e+00 1.753770028e+00 
1.227550131e+00 1.581441923e+00 1.666588124e+00 
1.421098518e+00 1.964619493e+00 2.000000000e+00 
1.122493461e+00 1.581441923e+00 1.564797361e+00 
1.226678291e+00 1.429238985e+00 1.482799246e+00 
1.032258065e+00 1.277703605e+00 1.299952875e+00 
1.032258065e+00 1.307076101e+00 1.377474081e+00 
1.349607672e+00 1.735647530e+00 1.831291235e+00 
1.167393200e+00 1.610814419e+00 1.642318567e+00 
1.032258065e+00 1.260347130e+00 1.206644675e+00 
1.497820401e+00 1.443257677e+00 1.666588124e+00 
1.593722755e+00 1.720293725e+00 1.922478794e+00 
1.646904969e+00 1.694926569e+00 1.912818096e+00 
1.448997384e+00 1.472630174e+00 1.741988690e+00 
1.524847428e+00 1.600801068e+00 1.835296890e+00 
1.278988666e+00 1.777703605e+00 1.831291235e+00 
1.150828248e+00 1.437249666e+00 1.547125353e+00 
1.458587620e+00 1.424566088e+00 1.657634307e+00 
1.115954664e+00 1.397196262e+00 1.384307257e+00 
1.435919791e+00 1.618157543e+00 1.753770028e+00 
1.243243243e+00 1.299065421e+00 1.439679548e+00 
1.241499564e+00 1.379839786e+00 1.535344015e+00 
1.196163906e+00 1.302403204e+00 1.459943450e+00 
1.359197908e+00 1.641522029e+00 1.753770028e+00 
1.317349608e+00 1.438584780e+00 1.628652215e+00 
1.228421970e+00 1.510013351e+00 1.573279925e+00 
1.525719268e+00 1.545393858e+00 1.835296890e+00 
1.387096774e+00 1.451268358e+00 1.666588124e+00 
1.388840453e+00 1.566755674e+00 1.733506126e+00 
1.550784656e+00 1.772363151e+00 1.922478794e+00 
1.275501308e+00 1.360480641e+00 1.461828464e+00 
1.115954664e+00 1.414552737e+00 1.477615457e+00 
1.205754141e+00 1.391188251e+00 1.471489161e+00 
1.290322581e+00 1.281041389e+00 1.459943450e+00 
1.384481255e+00 1.453271028e+00 1.666588124e+00 
1.048823017e+00 1.263684913e+00 1.270970782e+00 
1.309503051e+00 1.299732977e+00 1.477615457e+00 
1.412380122e+00 1.337116155e+00 1.553016023e+00 
1.290322581e+00 1.367823765e+00 1.573279925e+00 
1.181996513e+00 1.336448598e+00 1.459943450e+00 
1.298169137e+00 1.181575434e+00 1.299952875e+00 
1.008718396e+00 1.140186916e+00 1.093308200e+00 
1.326939843e+00 1.563417891e+00 1.715834119e+00 
1.308631212e+00 1.336448598e+00 1.468661640e+00 
1.048823017e+00 1.296395194e+00 1.358152686e+00 
1.082824760e+00 1.205607477e+00 1.366635250e+00 
1.267654752e+00 1.216288385e+00 1.384307257e+00 
1.129904098e+00 1.184245661e+00 1.282280867e+00 
1.450741064e+00 1.391855808e+00 1.646324222e+00 
1.228421970e+00 1.542723632e+00 1.660461828e+00 
1.084568439e+00 1.135514019e+00 1.270970782e+00 
1.008718396e+00 1.169559413e+00 1.170829406e+00 
1.150828248e+00 1.380507343e+00 1.453817154e+00 
1.048823017e+00 1.239652870e+00 1.264844486e+00 
1.275501308e+00 1.248998665e+00 1.395617342e+00 
1.015693112e+00 1.084779706e+00 1.188972667e+00 
1.317349608e+00 1.332443258e+00 1.488925542e+00 
1.148212729e+00 1.312416555e+00 1.395617342e+00 
1.503051439e+00 1.324432577e+00 1.488925542e+00 
1.000871840e+00 1.056742323e+00 1.000000000e+00 
1.018308631e+00 1.017356475e+00 1.093308200e+00 
1.018308631e+00 1.000000000e+00 1.000000000e+00 
1.000871840e+00 1.086114820e+00 1.077521206e+00 
1.223190933e+00 1.160213618e+00 1.282280867e+00 
1.049694856e+00 1.052069426e+00 1.177662582e+00 

1.508282476e+00 1.840453939e+00 2.000000000e+00 
1.278988666e+00 1.777703605e+00 1.831291235e+00 
1.227550131e+00 1.564085447e+00 1.573279925e+00 
1.234088928e+00 1.748331108e+00 1.753770028e+00 
1.304272014e+00 1.602803738e+00 1.744109331e+00 
1.029642546e+00 1.284379172e+00 1.270970782e+00 
1.205754141e+00 1.447930574e+00 1.564797361e+00 
1.479511770e+00 1.437917223e+00 1.657634307e+00 
1.435919791e+00 1.618157543e+00 1.753770028e+00 
1.359197908e+00 1.641522029e+00 1.753770028e+00 
1.161944202e+00 1.660213618e+00 1.642318567e+00 
1.369659983e+00 1.768357810e+00 1.835296890e+00 
1.570183086e+00 1.702937250e+00 1.912818096e+00 
1.369659983e+00 1.797730307e+00 1.912818096e+00 
1.421098518e+00 1.964619493e+00 2.000000000e+00 
1.344376635e+00 1.745660881e+00 1.831291235e+00 
1.195945946e+00 1.596795728e+00 1.666588124e+00 
1.048823017e+00 1.263684913e+00 1.270970782e+00 
1.664341761e+00 1.692256342e+00 1.912818096e+00 
1.667829119e+00 1.686915888e+00 1.912818096e+00 
1.500435920e+00 1.700934579e+00 1.835296890e+00 
1.525719268e+00 1.545393858e+00 1.835296890e+00 
1.388840453e+00 1.566755674e+00 1.733506126e+00 
1.143853531e+00 1.473965287e+00 1.566446748e+00 
1.214472537e+00 1.375166889e+00 1.473138549e+00 
1.308631212e+00 1.336448598e+00 1.468661640e+00 
1.228421970e+00 1.542723632e+00 1.660461828e+00 
1.227550131e+00 1.581441923e+00 1.666588124e+00 
1.387096774e+00 1.704272363e+00 1.922478794e+00 
1.227550131e+00 1.610814419e+00 1.744109331e+00 
1.032258065e+00 1.260347130e+00 1.206644675e+00 
1.456843941e+00 1.616822430e+00 1.819509896e+00 
1.298169137e+00 1.512016021e+00 1.650801131e+00 
1.032258065e+00 1.307076101e+00 1.377474081e+00 
1.326939843e+00 1.563417891e+00 1.715834119e+00 
1.205754141e+00 1.391188251e+00 1.471489161e+00 
1.524847428e+00 1.600801068e+00 1.835296890e+00 
1.317349608e+00 1.438584780e+00 1.628652215e+00 
1.387096774e+00 1.647530040e+00 1.829170594e+00 
1.008718396e+00 1.169559413e+00 1.170829406e+00 
1.489102005e+00 1.558744993e+00 1.744109331e+00 
1.122493461e+00 1.581441923e+00 1.564797361e+00 
1.115954664e+00 1.443925234e+00 1.555136664e+00 
1.317349608e+00 1.332443258e+00 1.488925542e+00 
1.115954664e+00 1.414552737e+00 1.477615457e+00 
1.032258065e+00 1.277703605e+00 1.299952875e+00 
1.387096774e+00 1.451268358e+00 1.666588124e+00 
1.115954664e+00 1.397196262e+00 1.384307257e+00 
1.503051439e+00 1.324432577e+00 1.488925542e+00 
1.275501308e+00 1.360480641e+00 1.461828464e+00 
1.243243243e+00 1.299065421e+00 1.439679548e+00 
1.482999128e+00 1.913885180e+00 2.000000000e+00 
1.150828248e+00 1.380507343e+00 1.453817154e+00 
1.181996513e+00 1.336448598e+00 1.459943450e+00 
1.304272014e+00 1.573431242e+00 1.666588124e+00 
1.226678291e+00 1.429238985e+00 1.482799246e+00 
1.167393200e+00 1.610814419e+00 1.642318567e+00 
1.241499564e+00 1.379839786e+00 1.535344015e+00 
1.290322581e+00 1.367823765e+00 1.573279925e+00 
1.384481255e+00 1.453271028e+00 1.666588124e+00 
1.275501308e+00 1.248998665e+00 1.395617342e+00 
1.497820401e+00 1.443257677e+00 1.666588124e+00 
1.298169137e+00 1.181575434e+00 1.299952875e+00 
1.150828248e+00 1.437249666e+00 1.547125353e+00 
1.448997384e+00 1.472630174e+00 1.741988690e+00 
1.082824760e+00 1.205607477e+00 1.366635250e+00 
1.309503051e+00 1.299732977e+00 1.477615457e+00 
1.267654752e+00 1.216288385e+00 1.384307257e+00 
1.048823017e+00 1.239652870e+00 1.264844486e+00 
1.290322581e+00 1.281041389e+00 1.459943450e+00 
1.129904098e+00 1.184245661e+00 1.282280867e+00 
1.148212729e+00 1.312416555e+00 1.395617342e+00 
1.412380122e+00 1.337116155e+00 1.553016023e+00 
1.048823017e+00 1.296395194e+00 1.358152686e+00 
1.008718396e+00 1.140186916e+00 1.093308200e+00 
1.018308631e+00 1.000000000e+00 1.000000000e+00 
1.049694856e+00 1.052069426e+00 1.177662582e+00 
1.084568439e+00 1.135514019e+00 1.270970782e+00 
1.223190933e+00 1.160213618e+00 1.282280867e+00 
1.450741064e+00 1.391855808e+00 1.646324222e+00 
1.196163906e+00 1.302403204e+00 1.459943450e+00 
1.000871840e+00 1.086114820e+00 1.077521206e+00 
1.000871840e+00 1.056742323e+00 1.000000000e+00 
1.015693112e+00 1.084779706e+00 1.188972667e+00 
1.018308631e+00 1.017356475e+00 1.093308200e+00 

1.227550131e+00 1.593457944e+00 1.650801131e+00 
1.317349608e+00 1.438584780e+00 1.628652215e+00 
1.655623365e+00 1.879839786e+00 2.000000000e+00 
1.508282476e+00 1.893858478e+00 2.000000000e+00 
1.299912816e+00 1.787049399e+00 1.793355325e+00 
1.226678291e+00 1.429238985e+00 1.482799246e+00 
1.227550131e+00 1.610814419e+00 1.744109331e+00 
1.664341761e+00 1.692256342e+00 1.912818096e+00 
1.298169137e+00 1.512016021e+00 1.650801131e+00 
1.456843941e+00 1.616822430e+00 1.819509896e+00 
1.388840453e+00 1.566755674e+00 1.733506126e+00 
1.525719268e+00 1.545393858e+00 1.835296890e+00 
1.384481255e+00 1.453271028e+00 1.666588124e+00 
1.115954664e+00 1.397196262e+00 1.384307257e+00 
1.667829119e+00 1.686915888e+00 1.912818096e+00 
1.524847428e+00 1.600801068e+00 1.835296890e+00 
1.115954664e+00 1.443925234e+00 1.555136664e+00 
1.029642546e+00 1.284379172e+00 1.270970782e+00 
1.308631212e+00 1.336448598e+00 1.468661640e+00 
1.349607672e+00 1.735647530e+00 1.831291235e+00 
1.228421970e+00 1.566755674e+00 1.666588124e+00 
1.032258065e+00 1.260347130e+00 1.206644675e+00 
1.115954664e+00 1.414552737e+00 1.477615457e+00 
1.387096774e+00 1.451268358e+00 1.666588124e+00 
1.326939843e+00 1.563417891e+00 1.715834119e+00 
1.228421970e+00 1.599465955e+00 1.753770028e+00 
1.275501308e+00 1.360480641e+00 1.461828464e+00 
1.387096774e+00 1.704272363e+00 1.922478794e+00 
1.150828248e+00 1.380507343e+00 1.453817154e+00 
1.228421970e+00 1.510013351e+00 1.573279925e+00 
1.387096774e+00 1.671562083e+00 1.835296890e+00 
1.243243243e+00 1.299065421e+00 1.439679548e+00 
1.205754141e+00 1.447930574e+00 1.564797361e+00 
1.482999128e+00 1.586114820e+00 1.744816211e+00 
1.479511770e+00 1.437917223e+00 1.657634307e+00 
1.387096774e+00 1.647530040e+00 1.829170594e+00 
1.150828248e+00 1.437249666e+00 1.547125353e+00 
1.497820401e+00 1.443257677e+00 1.666588124e+00 
1.048823017e+00 1.239652870e+00 1.264844486e+00 
1.181996513e+00 1.336448598e+00 1.459943450e+00 
1.503051439e+00 1.324432577e+00 1.488925542e+00 
1.150828248e+00 1.404539386e+00 1.459943450e+00 
1.509154316e+00 1.582109479e+00 1.744109331e+00 
1.450741064e+00 1.391855808e+00 1.646324222e+00 
1.228421970e+00 1.542723632e+00 1.660461828e+00 
1.298169137e+00 1.181575434e+00 1.299952875e+00 
1.448997384e+00 1.472630174e+00 1.741988690e+00 
1.205754141e+00 1.391188251e+00 1.471489161e+00 
1.196163906e+00 1.302403204e+00 1.459943450e+00 
1.476678291e+00 1.930574099e+00 2.000000000e+00 
1.412380122e+00 1.337116155e+00 1.553016023e+00 
1.241499564e+00 1.379839786e+00 1.535344015e+00 
1.143853531e+00 1.473965287e+00 1.566446748e+00 
1.214472537e+00 1.375166889e+00 1.473138549e+00 
1.048823017e+00 1.296395194e+00 1.358152686e+00 
1.032258065e+00 1.277703605e+00 1.299952875e+00 
1.084568439e+00 1.135514019e+00 1.270970782e+00 
1.008718396e+00 1.140186916e+00 1.093308200e+00 
1.290322581e+00 1.367823765e+00 1.573279925e+00 
1.032258065e+00 1.307076101e+00 1.377474081e+00 
1.223190933e+00 1.160213618e+00 1.282280867e+00 
1.290322581e+00 1.281041389e+00 1.459943450e+00 
1.373147341e+00 1.479973298e+00 1.641847314e+00 
1.309503051e+00 1.299732977e+00 1.477615457e+00 
1.317349608e+00 1.332443258e+00 1.488925542e+00 
1.148212729e+00 1.312416555e+00 1.395617342e+00 
1.129904098e+00 1.184245661e+00 1.282280867e+00 
1.048823017e+00 1.263684913e+00 1.270970782e+00 
1.000871840e+00 1.056742323e+00 1.000000000e+00 
1.275501308e+00 1.248998665e+00 1.395617342e+00 
1.000871840e+00 1.086114820e+00 1.077521206e+00 
1.008718396e+00 1.169559413e+00 1.170829406e+00 
1.267654752e+00 1.216288385e+00 1.384307257e+00 
1.018308631e+00 1.000000000e+00 1.000000000e+00 
1.018308631e+00 1.017356475e+00 1.093308200e+00 
1.082824760e+00 1.205607477e+00 1.366635250e+00 
1.049694856e+00 1.052069426e+00 1.177662582e+00 
1.015693112e+00 1.084779706e+00 1.188972667e+00 

1.387096774e+00 1.704272363e+00 1.922478794e+00 
1.667829119e+00 1.686915888e+00 1.912818096e+00 
1.687009590e+00 1.837783712e+00 2.000000000e+00 
1.278988666e+00 1.777703605e+00 1.831291235e+00 
1.354620750e+00 1.771028037e+00 1.835296890e+00 
1.606582389e+00 1.893190921e+00 2.000000000e+00 
1.440061029e+00 1.927236315e+00 2.000000000e+00 
1.509154316e+00 1.582109479e+00 1.744109331e+00 
1.227550131e+00 1.564085447e+00 1.573279925e+00 
1.227550131e+00 1.593457944e+00 1.650801131e+00 
1.467306016e+00 1.913885180e+00 2.000000000e+00 
1.359197908e+00 1.641522029e+00 1.753770028e+00 
1.227550131e+00 1.610814419e+00 1.744109331e+00 
1.369659983e+00 1.768357810e+00 1.835296890e+00 
1.308631212e+00 1.710280374e+00 1.753770028e+00 
1.823888405e+00 1.834445928e+00 2.000000000e+00 
1.308631212e+00 1.739652870e+00 1.831291235e+00 
1.505666957e+00 1.587449933e+00 1.744109331e+00 
1.664341761e+00 1.692256342e+00 1.912818096e+00 
1.570183086e+00 1.702937250e+00 1.912818096e+00 
1.263949433e+00 1.801068091e+00 1.831291235e+00 
1.195945946e+00 1.596795728e+00 1.666588124e+00 
1.115954664e+00 1.443925234e+00 1.555136664e+00 
1.150828248e+00 1.404539386e+00 1.459943450e+00 
1.228421970e+00 1.510013351e+00 1.573279925e+00 
1.263949433e+00 1.771695594e+00 1.753770028e+00 
1.387096774e+00 1.451268358e+00 1.666588124e+00 
1.115954664e+00 1.397196262e+00 1.384307257e+00 
1.226678291e+00 1.429238985e+00 1.482799246e+00 
1.701830863e+00 1.703604806e+00 1.922478794e+00 
1.161944202e+00 1.660213618e+00 1.642318567e+00 
1.205754141e+00 1.447930574e+00 1.564797361e+00 
1.331081081e+00 1.563417891e+00 1.666588124e+00 
1.195945946e+00 1.579439252e+00 1.573279925e+00 
1.387096774e+00 1.647530040e+00 1.829170594e+00 
1.298169137e+00 1.512016021e+00 1.650801131e+00 
1.525719268e+00 1.545393858e+00 1.835296890e+00 
1.181996513e+00 1.336448598e+00 1.459943450e+00 
1.195945946e+00 1.626168224e+00 1.744109331e+00 
1.167393200e+00 1.610814419e+00 1.642318567e+00 
1.317349608e+00 1.438584780e+00 1.628652215e+00 
1.456843941e+00 1.616822430e+00 1.819509896e+00 
1.458587620e+00 1.424566088e+00 1.657634307e+00 
1.150828248e+00 1.380507343e+00 1.453817154e+00 
1.435919791e+00 1.618157543e+00 1.753770028e+00 
1.228421970e+00 1.542723632e+00 1.660461828e+00 
1.162816042e+00 1.443257677e+00 1.477615457e+00 
1.354620750e+00 1.800400534e+00 1.912818096e+00 
1.388840453e+00 1.566755674e+00 1.733506126e+00 
1.205754141e+00 1.415220294e+00 1.477615457e+00 
1.205754141e+00 1.391188251e+00 1.471489161e+00 
1.048823017e+00 1.239652870e+00 1.264844486e+00 
1.384481255e+00 1.453271028e+00 1.666588124e+00 
1.143853531e+00 1.427236315e+00 1.395617342e+00 
1.524847428e+00 1.600801068e+00 1.835296890e+00 
1.290322581e+00 1.281041389e+00 1.459943450e+00 
1.317349608e+00 1.332443258e+00 1.488925542e+00 
1.029642546e+00 1.284379172e+00 1.270970782e+00 
1.373147341e+00 1.479973298e+00 1.641847314e+00 
1.032258065e+00 1.277703605e+00 1.299952875e+00 
1.243243243e+00 1.299065421e+00 1.439679548e+00 
1.497820401e+00 1.443257677e+00 1.666588124e+00 
1.082824760e+00 1.205607477e+00 1.366635250e+00 
1.308631212e+00 1.336448598e+00 1.468661640e+00 
1.275501308e+00 1.360480641e+00 1.461828464e+00 
1.143853531e+00 1.473965287e+00 1.566446748e+00 
1.214472537e+00 1.375166889e+00 1.473138549e+00 
1.032258065e+00 1.260347130e+00 1.206644675e+00 
1.450741064e+00 1.391855808e+00 1.646324222e+00 
1.503051439e+00 1.324432577e+00 1.488925542e+00 
1.129904098e+00 1.184245661e+00 1.282280867e+00 
1.032258065e+00 1.307076101e+00 1.377474081e+00 
1.241499564e+00 1.379839786e+00 1.535344015e+00 
1.448997384e+00 1.472630174e+00 1.741988690e+00 
1.309503051e+00 1.299732977e+00 1.477615457e+00 
1.290322581e+00 1.367823765e+00 1.573279925e+00 
1.008718396e+00 1.140186916e+00 1.093308200e+00 
1.275501308e+00 1.248998665e+00 1.395617342e+00 
1.048823017e+00 1.263684913e+00 1.270970782e+00 
1.048823017e+00 1.296395194e+00 1.358152686e+00 
1.196163906e+00 1.302403204e+00 1.459943450e+00 
1.412380122e+00 1.337116155e+00 1.553016023e+00 
1.267654752e+00 1.216288385e+00 1.384307257e+00 
1.008718396e+00 1.169559413e+00 1.170829406e+00 
1.223190933e+00 1.160213618e+00 1.282280867e+00 
1.148212729e+00 1.312416555e+00 1.395617342e+00 
1.015693112e+00 1.084779706e+00 1.188972667e+00 
1.000871840e+00 1.056742323e+00 1.000000000e+00 
1.298169137e+00 1.181575434e+00 1.299952875e+00 
1.000871840e+00 1.086114820e+00 1.077521206e+00 
1.049694856e+00 1.052069426e+00 1.177662582e+00 
1.084568439e+00 1.135514019e+00 1.270970782e+00 
1.018308631e+00 1.017356475e+00 1.093308200e+00 
1.018308631e+00 1.000000000e+00 1.000000000e+00 

1.575196164e+00 1.864485981e+00 1.922478794e+00 
1.388840453e+00 1.566755674e+00 1.733506126e+00 
1.359197908e+00 1.641522029e+00 1.753770028e+00 
1.150828248e+00 1.437249666e+00 1.547125353e+00 
1.462946818e+00 1.747663551e+00 1.835296890e+00 
1.228421970e+00 1.510013351e+00 1.573279925e+00 
1.122493461e+00 1.581441923e+00 1.564797361e+00 
1.227550131e+00 1.564085447e+00 1.573279925e+00 
1.387096774e+00 1.647530040e+00 1.829170594e+00 
1.553618134e+00 1.726969292e+00 1.912818096e+00 
1.344376635e+00 1.745660881e+00 1.831291235e+00 
1.594594595e+00 1.722963952e+00 1.922478794e+00 
1.423714037e+00 1.789052069e+00 1.912818096e+00 
1.520488230e+00 1.871829105e+00 2.000000000e+00 
1.263949433e+00 1.771695594e+00 1.753770028e+00 
1.570183086e+00 1.702937250e+00 1.912818096e+00 
1.715780296e+00 1.859145527e+00 2.000000000e+00 
1.664341761e+00 1.692256342e+00 1.912818096e+00 
1.421098518e+00 1.964619493e+00 2.000000000e+00 
1.524847428e+00 1.600801068e+00 1.835296890e+00 
1.369659983e+00 1.797730307e+00 1.912818096e+00 
1.032258065e+00 1.307076101e+00 1.377474081e+00 
1.387096774e+00 1.451268358e+00 1.666588124e+00 
1.227550131e+00 1.581441923e+00 1.666588124e+00 
1.456843941e+00 1.616822430e+00 1.819509896e+00 
1.167393200e+00 1.610814419e+00 1.642318567e+00 
1.448997384e+00 1.472630174e+00 1.741988690e+00 
1.150828248e+00 1.380507343e+00 1.453817154e+00 
1.410636443e+00 1.601468625e+00 1.753770028e+00 
1.444638187e+00 1.762349800e+00 1.835296890e+00 
1.338273758e+00 1.827102804e+00 1.831291235e+00 
1.228421970e+00 1.542723632e+00 1.660461828e+00 
1.048823017e+00 1.296395194e+00 1.358152686e+00 
1.782911944e+00 1.708945260e+00 1.922478794e+00 
1.646904969e+00 1.694926569e+00 1.912818096e+00 
1.032258065e+00 1.260347130e+00 1.206644675e+00 
1.237140366e+00 1.481975968e+00 1.566446748e+00 
1.241499564e+00 1.379839786e+00 1.535344015e+00 
1.525719268e+00 1.545393858e+00 1.835296890e+00 
1.227550131e+00 1.610814419e+00 1.744109331e+00 
1.489102005e+00 1.558744993e+00 1.744109331e+00 
1.243243243e+00 1.299065421e+00 1.439679548e+00 
1.450741064e+00 1.391855808e+00 1.646324222e+00 
1.308631212e+00 1.336448598e+00 1.468661640e+00 
1.479511770e+00 1.437917223e+00 1.657634307e+00 
1.298169137e+00 1.512016021e+00 1.650801131e+00 
1.196163906e+00 1.302403204e+00 1.459943450e+00 
1.115954664e+00 1.414552737e+00 1.477615457e+00 
1.205754141e+00 1.391188251e+00 1.471489161e+00 
1.029642546e+00 1.296395194e+00 1.255183789e+00 
1.497820401e+00 1.443257677e+00 1.666588124e+00 
1.503051439e+00 1.324432577e+00 1.488925542e+00 
1.462074978e+00 1.767690254e+00 1.912818096e+00 
1.384481255e+00 1.453271028e+00 1.666588124e+00 
1.298169137e+00 1.181575434e+00 1.299952875e+00 
1.008718396e+00 1.140186916e+00 1.093308200e+00 
1.032258065e+00 1.277703605e+00 1.299952875e+00 
1.304272014e+00 1.573431242e+00 1.666588124e+00 
1.129904098e+00 1.184245661e+00 1.282280867e+00 
1.317349608e+00 1.438584780e+00 1.628652215e+00 
1.181996513e+00 1.336448598e+00 1.459943450e+00 
1.115954664e+00 1.397196262e+00 1.384307257e+00 
1.290322581e+00 1.367823765e+00 1.573279925e+00 
1.290322581e+00 1.281041389e+00 1.459943450e+00 
1.309503051e+00 1.299732977e+00 1.477615457e+00 
1.214472537e+00 1.375166889e+00 1.473138549e+00 
1.275501308e+00 1.360480641e+00 1.461828464e+00 
1.115954664e+00 1.443925234e+00 1.555136664e+00 
1.275501308e+00 1.248998665e+00 1.395617342e+00 
1.317349608e+00 1.332443258e+00 1.488925542e+00 
1.048823017e+00 1.239652870e+00 1.264844486e+00 
1.247602441e+00 1.474632844e+00 1.564797361e+00 
1.226678291e+00 1.429238985e+00 1.482799246e+00 
1.084568439e+00 1.135514019e+00 1.270970782e+00 
1.412380122e+00 1.337116155e+00 1.553016023e+00 
1.267654752e+00 1.216288385e+00 1.384307257e+00 
1.148212729e+00 1.312416555e+00 1.395617342e+00 
1.048823017e+00 1.263684913e+00 1.270970782e+00 
1.008718396e+00 1.169559413e+00 1.170829406e+00 
1.015693112e+00 1.084779706e+00 1.188972667e+00 
1.018308631e+00 1.017356475e+00 1.093308200e+00 
1.304272014e+00 1.602803738e+00 1.744109331e+00 
1.082824760e+00 1.205607477e+00 1.366635250e+00 
1.223190933e+00 1.160213618e+00 1.282280867e+00 
1.000871840e+00 1.056742323e+00 1.000000000e+00 
1.018308631e+00 1.000000000e+00 1.000000000e+00 
1.049694856e+00 1.052069426e+00 1.177662582e+00 
1.000871840e+00 1.086114820e+00 1.077521206e+00 

1.505666957e+00 1.587449933e+00 1.744109331e+00 
1.664341761e+00 1.692256342e+00 1.912818096e+00 
1.667829119e+00 1.686915888e+00 1.912818096e+00 
1.479511770e+00 1.437917223e+00 1.657634307e+00 
1.570183086e+00 1.702937250e+00 1.912818096e+00 
1.032258065e+00 1.277703605e+00 1.299952875e+00 
1.524847428e+00 1.600801068e+00 1.835296890e+00 
1.278988666e+00 1.777703605e+00 1.831291235e+00 
1.115954664e+00 1.414552737e+00 1.477615457e+00 
1.456843941e+00 1.616822430e+00 1.819509896e+00 
1.032258065e+00 1.307076101e+00 1.377474081e+00 
1.115954664e+00 1.443925234e+00 1.555136664e+00 
1.525719268e+00 1.545393858e+00 1.835296890e+00 
1.349607672e+00 1.735647530e+00 1.831291235e+00 
1.388840453e+00 1.566755674e+00 1.733506126e+00 
1.326939843e+00 1.563417891e+00 1.715834119e+00 
1.387096774e+00 1.647530040e+00 1.829170594e+00 
1.509154316e+00 1.582109479e+00 1.744109331e+00 
1.029642546e+00 1.284379172e+00 1.270970782e+00 
1.228421970e+00 1.566755674e+00 1.666588124e+00 
1.214472537e+00 1.375166889e+00 1.473138549e+00 
1.387096774e+00 1.704272363e+00 1.922478794e+00 
1.150828248e+00 1.404539386e+00 1.459943450e+00 
1.226678291e+00 1.429238985e+00 1.482799246e+00 
1.298169137e+00 1.512016021e+00 1.650801131e+00 
1.228421970e+00 1.599465955e+00 1.753770028e+00 
1.350479512e+00 1.568758344e+00 1.733506126e+00 
1.290322581e+00 1.281041389e+00 1.459943450e+00 
1.448997384e+00 1.472630174e+00 1.741988690e+00 
1.115954664e+00 1.397196262e+00 1.384307257e+00 
1.150828248e+00 1.437249666e+00 1.547125353e+00 
1.181996513e+00 1.336448598e+00 1.459943450e+00 
1.032258065e+00 1.260347130e+00 1.206644675e+00 
1.228421970e+00 1.510013351e+00 1.573279925e+00 
1.227550131e+00 1.581441923e+00 1.666588124e+00 
1.503051439e+00 1.324432577e+00 1.488925542e+00 
1.008718396e+00 1.140186916e+00 1.093308200e+00 
1.167393200e+00 1.610814419e+00 1.642318567e+00 
1.384481255e+00 1.453271028e+00 1.666588124e+00 
1.243243243e+00 1.299065421e+00 1.439679548e+00 
1.450741064e+00 1.391855808e+00 1.646324222e+00 
1.317349608e+00 1.438584780e+00 1.628652215e+00 
1.497820401e+00 1.443257677e+00 1.666588124e+00 
1.223190933e+00 1.160213618e+00 1.282280867e+00 
1.048823017e+00 1.263684913e+00 1.270970782e+00 
1.298169137e+00 1.181575434e+00 1.299952875e+00 
1.317349608e+00 1.332443258e+00 1.488925542e+00 
1.241499564e+00 1.379839786e+00 1.535344015e+00 
1.150828248e+00 1.380507343e+00 1.453817154e+00 
1.205754141e+00 1.447930574e+00 1.564797361e+00 
1.048823017e+00 1.296395194e+00 1.358152686e+00 
1.275501308e+00 1.360480641e+00 1.461828464e+00 
1.309503051e+00 1.299732977e+00 1.477615457e+00 
1.228421970e+00 1.542723632e+00 1.660461828e+00 
1.196163906e+00 1.302403204e+00 1.459943450e+00 
1.148212729e+00 1.312416555e+00 1.395617342e+00 
1.308631212e+00 1.336448598e+00 1.468661640e+00 
1.082824760e+00 1.205607477e+00 1.366635250e+00 
1.275501308e+00 1.248998665e+00 1.395617342e+00 
1.412380122e+00 1.337116155e+00 1.553016023e+00 
1.387096774e+00 1.451268358e+00 1.666588124e+00 
1.290322581e+00 1.367823765e+00 1.573279925e+00 
1.018308631e+00 1.017356475e+00 1.093308200e+00 
1.205754141e+00 1.391188251e+00 1.471489161e+00 
1.000871840e+00 1.056742323e+00 1.000000000e+00 
1.018308631e+00 1.000000000e+00 1.000000000e+00 
1.129904098e+00 1.184245661e+00 1.282280867e+00 
1.048823017e+00 1.239652870e+00 1.264844486e+00 
1.049694856e+00 1.052069426e+00 1.177662582e+00 
1.008718396e+00 1.169559413e+00 1.170829406e+00 
1.000871840e+00 1.086114820e+00 1.077521206e+00 
1.084568439e+00 1.135514019e+00 1.270970782e+00 
1.267654752e+00 1.216288385e+00 1.384307257e+00 
1.015693112e+00 1.084779706e+00 1.188972667e+00 

1.387096774e+00 1.671562083e+00 1.835296890e+00 
1.115954664e+00 1.414552737e+00 1.477615457e+00 
1.509154316e+00 1.582109479e+00 1.744109331e+00 
1.667829119e+00 1.686915888e+00 1.912818096e+00 
1.324324324e+00 1.481308411e+00 1.576107446e+00 
1.373147341e+00 1.479973298e+00 1.641847314e+00 
1.421098518e+00 1.964619493e+00 2.000000000e+00 
1.032258065e+00 1.307076101e+00 1.377474081e+00 
1.227550131e+00 1.610814419e+00 1.744109331e+00 
1.508282476e+00 1.840453939e+00 2.000000000e+00 
1.299912816e+00 1.787049399e+00 1.793355325e+00 
1.387096774e+00 1.647530040e+00 1.829170594e+00 
1.227550131e+00 1.581441923e+00 1.666588124e+00 
1.115954664e+00 1.397196262e+00 1.384307257e+00 
1.227550131e+00 1.564085447e+00 1.573279925e+00 
1.143853531e+00 1.473965287e+00 1.566446748e+00 
1.376198779e+00 1.935246996e+00 1.922478794e+00 
1.524847428e+00 1.600801068e+00 1.835296890e+00 
1.388840453e+00 1.566755674e+00 1.733506126e+00 
1.570183086e+00 1.702937250e+00 1.912818096e+00 
1.664341761e+00 1.692256342e+00 1.912818096e+00 
1.369659983e+00 1.797730307e+00 1.912818096e+00 
1.214472537e+00 1.375166889e+00 1.473138549e+00 
1.115954664e+00 1.443925234e+00 1.555136664e+00 
1.349607672e+00 1.735647530e+00 1.831291235e+00 
1.150828248e+00 1.404539386e+00 1.459943450e+00 
1.369659983e+00 1.768357810e+00 1.835296890e+00 
1.354838710e+00 1.465954606e+00 1.628652215e+00 
1.228421970e+00 1.566755674e+00 1.666588124e+00 
1.228421970e+00 1.510013351e+00 1.573279925e+00 
1.318003487e+00 1.825767690e+00 1.831291235e+00 
1.298169137e+00 1.512016021e+00 1.650801131e+00 
1.505666957e+00 1.587449933e+00 1.744109331e+00 
1.032258065e+00 1.260347130e+00 1.206644675e+00 
1.338273758e+00 1.489319092e+00 1.628652215e+00 
1.317349608e+00 1.332443258e+00 1.488925542e+00 
1.387096774e+00 1.704272363e+00 1.922478794e+00 
1.032258065e+00 1.277703605e+00 1.299952875e+00 
1.456843941e+00 1.616822430e+00 1.819509896e+00 
1.497820401e+00 1.443257677e+00 1.666588124e+00 
1.384481255e+00 1.453271028e+00 1.666588124e+00 
1.048823017e+00 1.263684913e+00 1.270970782e+00 
1.205754141e+00 1.391188251e+00 1.471489161e+00 
1.181996513e+00 1.336448598e+00 1.459943450e+00 
1.228421970e+00 1.599465955e+00 1.753770028e+00 
1.326939843e+00 1.563417891e+00 1.715834119e+00 
1.150828248e+00 1.437249666e+00 1.547125353e+00 
1.048823017e+00 1.296395194e+00 1.358152686e+00 
1.205754141e+00 1.447930574e+00 1.564797361e+00 
1.326939843e+00 1.506675567e+00 1.622525919e+00 
1.226678291e+00 1.429238985e+00 1.482799246e+00 
1.241499564e+00 1.379839786e+00 1.535344015e+00 
1.275501308e+00 1.360480641e+00 1.461828464e+00 
1.308631212e+00 1.336448598e+00 1.468661640e+00 
1.290322581e+00 1.367823765e+00 1.573279925e+00 
1.525719268e+00 1.545393858e+00 1.835296890e+00 
1.008718396e+00 1.169559413e+00 1.170829406e+00 
1.298169137e+00 1.181575434e+00 1.299952875e+00 
1.309503051e+00 1.299732977e+00 1.477615457e+00 
1.290322581e+00 1.281041389e+00 1.459943450e+00 
1.503051439e+00 1.324432577e+00 1.488925542e+00 
1.008718396e+00 1.140186916e+00 1.093308200e+00 
1.029642546e+00 1.284379172e+00 1.270970782e+00 
1.129904098e+00 1.184245661e+00 1.282280867e+00 
1.150828248e+00 1.380507343e+00 1.453817154e+00 
1.267654752e+00 1.216288385e+00 1.384307257e+00 
1.048823017e+00 1.239652870e+00 1.264844486e+00 
1.243243243e+00 1.299065421e+00 1.439679548e+00 
1.412380122e+00 1.337116155e+00 1.553016023e+00 
1.228421970e+00 1.542723632e+00 1.660461828e+00 
1.387096774e+00 1.451268358e+00 1.666588124e+00 
1.275501308e+00 1.248998665e+00 1.395617342e+00 
1.018308631e+00 1.000000000e+00 1.000000000e+00 
1.448997384e+00 1.472630174e+00 1.741988690e+00 
1.084568439e+00 1.135514019e+00 1.270970782e+00 
1.223190933e+00 1.160213618e+00 1.282280867e+00 
1.450741064e+00 1.391855808e+00 1.646324222e+00 
1.196163906e+00 1.302403204e+00 1.459943450e+00 
1.082824760e+00 1.205607477e+00 1.366635250e+00 
1.148212729e+00 1.312416555e+00 1.395617342e+00 
1.000871840e+00 1.086114820e+00 1.077521206e+00 
1.000871840e+00 1.056742323e+00 1.000000000e+00 
1.049694856e+00 1.052069426e+00 1.177662582e+00 
1.018308631e+00 1.017356475e+00 1.093308200e+00 
1.015693112e+00 1.084779706e+00 1.188972667e+00 

1.376198779e+00 1.935246996e+00 1.922478794e+00 
1.646904969e+00 1.694926569e+00 1.912818096e+00 
1.781168265e+00 1.848464619e+00 2.000000000e+00 
1.228421970e+00 1.599465955e+00 1.753770028e+00 
1.584132520e+00 1.911882510e+00 2.000000000e+00 
1.520488230e+00 1.941255007e+00 2.000000000e+00 
1.344376635e+00 1.745660881e+00 1.831291235e+00 
1.715780296e+00 1.859145527e+00 2.000000000e+00 
1.509154316e+00 1.582109479e+00 1.744109331e+00 
1.421098518e+00 1.964619493e+00 2.000000000e+00 
1.167393200e+00 1.610814419e+00 1.642318567e+00 
1.122493461e+00 1.581441923e+00 1.564797361e+00 
1.475152572e+00 1.955941255e+00 2.000000000e+00 
1.384481255e+00 1.453271028e+00 1.666588124e+00 
1.525719268e+00 1.545393858e+00 1.835296890e+00 
1.621621622e+00 1.869826435e+00 2.000000000e+00 
1.664341761e+00 1.692256342e+00 1.912818096e+00 
1.388840453e+00 1.566755674e+00 1.733506126e+00 
1.143853531e+00 1.473965287e+00 1.566446748e+00 
1.369659983e+00 1.797730307e+00 1.912818096e+00 
1.505666957e+00 1.587449933e+00 1.744109331e+00 
1.278988666e+00 1.777703605e+00 1.831291235e+00 
1.667829119e+00 1.686915888e+00 1.912818096e+00 
1.350479512e+00 1.568758344e+00 1.733506126e+00 
1.570183086e+00 1.702937250e+00 1.912818096e+00 
1.115954664e+00 1.414552737e+00 1.477615457e+00 
1.227550131e+00 1.581441923e+00 1.666588124e+00 
1.387096774e+00 1.704272363e+00 1.922478794e+00 
1.373147341e+00 1.479973298e+00 1.641847314e+00 
1.214472537e+00 1.375166889e+00 1.473138549e+00 
1.387096774e+00 1.647530040e+00 1.829170594e+00 
1.227550131e+00 1.564085447e+00 1.573279925e+00 
1.456843941e+00 1.616822430e+00 1.819509896e+00 
1.524847428e+00 1.600801068e+00 1.835296890e+00 
1.048823017e+00 1.263684913e+00 1.270970782e+00 
1.195945946e+00 1.596795728e+00 1.666588124e+00 
1.227550131e+00 1.610814419e+00 1.744109331e+00 
1.115954664e+00 1.397196262e+00 1.384307257e+00 
1.032258065e+00 1.277703605e+00 1.299952875e+00 
1.115954664e+00 1.443925234e+00 1.555136664e+00 
1.448997384e+00 1.472630174e+00 1.741988690e+00 
1.228421970e+00 1.542723632e+00 1.660461828e+00 
1.497820401e+00 1.443257677e+00 1.666588124e+00 
1.298169137e+00 1.512016021e+00 1.650801131e+00 
1.450741064e+00 1.391855808e+00 1.646324222e+00 
1.205754141e+00 1.391188251e+00 1.471489161e+00 
1.150828248e+00 1.437249666e+00 1.547125353e+00 
1.150828248e+00 1.380507343e+00 1.453817154e+00 
1.412380122e+00 1.337116155e+00 1.553016023e+00 
1.243243243e+00 1.299065421e+00 1.439679548e+00 
1.458587620e+00 1.424566088e+00 1.657634307e+00 
1.029642546e+00 1.284379172e+00 1.270970782e+00 
1.290322581e+00 1.281041389e+00 1.459943450e+00 
1.290322581e+00 1.367823765e+00 1.573279925e+00 
1.241499564e+00 1.379839786e+00 1.535344015e+00 
1.032258065e+00 1.260347130e+00 1.206644675e+00 
1.181996513e+00 1.336448598e+00 1.459943450e+00 
1.387096774e+00 1.451268358e+00 1.666588124e+00 
1.275501308e+00 1.360480641e+00 1.461828464e+00 
1.228421970e+00 1.510013351e+00 1.573279925e+00 
1.317349608e+00 1.438584780e+00 1.628652215e+00 
1.226678291e+00 1.429238985e+00 1.482799246e+00 
1.223190933e+00 1.160213618e+00 1.282280867e+00 
1.008718396e+00 1.169559413e+00 1.170829406e+00 
1.008718396e+00 1.140186916e+00 1.093308200e+00 
1.309503051e+00 1.299732977e+00 1.477615457e+00 
1.298169137e+00 1.181575434e+00 1.299952875e+00 
1.196163906e+00 1.302403204e+00 1.459943450e+00 
1.032258065e+00 1.307076101e+00 1.377474081e+00 
1.148212729e+00 1.312416555e+00 1.395617342e+00 
1.331081081e+00 1.563417891e+00 1.666588124e+00 
1.267654752e+00 1.216288385e+00 1.384307257e+00 
1.317349608e+00 1.332443258e+00 1.488925542e+00 
1.048823017e+00 1.296395194e+00 1.358152686e+00 
1.082824760e+00 1.205607477e+00 1.366635250e+00 
1.503051439e+00 1.324432577e+00 1.488925542e+00 
1.275501308e+00 1.248998665e+00 1.395617342e+00 
1.048823017e+00 1.239652870e+00 1.264844486e+00 
1.308631212e+00 1.336448598e+00 1.468661640e+00 
1.129904098e+00 1.184245661e+00 1.282280867e+00 
1.084568439e+00 1.135514019e+00 1.270970782e+00 
1.015693112e+00 1.084779706e+00 1.188972667e+00 
1.018308631e+00 1.017356475e+00 1.093308200e+00 
1.000871840e+00 1.056742323e+00 1.000000000e+00 
1.049694856e+00 1.052069426e+00 1.177662582e+00 
1.000871840e+00 1.086114820e+00 1.077521206e+00 
1.018308631e+00 1.000000000e+00 1.000000000e+00 

1.115954664e+00 1.414552737e+00 1.477615457e+00 
1.115954664e+00 1.397196262e+00 1.384307257e+00 
1.029642546e+00 1.284379172e+00 1.270970782e+00 
1.195945946e+00 1.596795728e+00 1.666588124e+00 
1.032258065e+00 1.277703605e+00 1.299952875e+00 
1.525719268e+00 1.545393858e+00 1.835296890e+00 
1.388840453e+00 1.566755674e+00 1.733506126e+00 
1.507410636e+00 1.967289720e+00 2.000000000e+00 
1.458587620e+00 1.424566088e+00 1.657634307e+00 
1.032258065e+00 1.307076101e+00 1.377474081e+00 
1.456843941e+00 1.616822430e+00 1.819509896e+00 
1.664341761e+00 1.692256342e+00 1.912818096e+00 
1.387096774e+00 1.647530040e+00 1.829170594e+00 
1.524847428e+00 1.600801068e+00 1.835296890e+00 
1.472319093e+00 1.655540721e+00 1.835296890e+00 
1.115954664e+00 1.443925234e+00 1.555136664e+00 
1.508282476e+00 1.840453939e+00 2.000000000e+00 
1.299912816e+00 1.787049399e+00 1.793355325e+00 
1.308631212e+00 1.336448598e+00 1.468661640e+00 
1.384481255e+00 1.453271028e+00 1.666588124e+00 
1.227550131e+00 1.581441923e+00 1.666588124e+00 
1.226678291e+00 1.429238985e+00 1.482799246e+00 
1.317349608e+00 1.438584780e+00 1.628652215e+00 
1.497820401e+00 1.443257677e+00 1.666588124e+00 
1.326939843e+00 1.563417891e+00 1.715834119e+00 
1.448997384e+00 1.472630174e+00 1.741988690e+00 
1.241499564e+00 1.379839786e+00 1.535344015e+00 
1.309503051e+00 1.299732977e+00 1.477615457e+00 
1.214472537e+00 1.375166889e+00 1.473138549e+00 
1.349607672e+00 1.735647530e+00 1.831291235e+00 
1.032258065e+00 1.260347130e+00 1.206644675e+00 
1.150828248e+00 1.380507343e+00 1.453817154e+00 
1.509154316e+00 1.582109479e+00 1.744109331e+00 
1.412380122e+00 1.337116155e+00 1.553016023e+00 
1.387096774e+00 1.704272363e+00 1.922478794e+00 
1.228421970e+00 1.566755674e+00 1.666588124e+00 
1.228421970e+00 1.510013351e+00 1.573279925e+00 
1.387096774e+00 1.451268358e+00 1.666588124e+00 
1.048823017e+00 1.296395194e+00 1.358152686e+00 
1.290322581e+00 1.367823765e+00 1.573279925e+00 
1.150828248e+00 1.404539386e+00 1.459943450e+00 
1.196163906e+00 1.302403204e+00 1.459943450e+00 
1.048823017e+00 1.263684913e+00 1.270970782e+00 
1.082824760e+00 1.205607477e+00 1.366635250e+00 
1.228421970e+00 1.542723632e+00 1.660461828e+00 
1.150828248e+00 1.437249666e+00 1.547125353e+00 
1.205754141e+00 1.391188251e+00 1.471489161e+00 
1.450741064e+00 1.391855808e+00 1.646324222e+00 
1.237140366e+00 1.481975968e+00 1.566446748e+00 
1.008718396e+00 1.140186916e+00 1.093308200e+00 
1.505666957e+00 1.587449933e+00 1.744109331e+00 
1.181996513e+00 1.336448598e+00 1.459943450e+00 
1.205754141e+00 1.447930574e+00 1.564797361e+00 
1.048823017e+00 1.239652870e+00 1.264844486e+00 
1.267654752e+00 1.216288385e+00 1.384307257e+00 
1.275501308e+00 1.360480641e+00 1.461828464e+00 
1.228421970e+00 1.599465955e+00 1.753770028e+00 
1.084568439e+00 1.135514019e+00 1.270970782e+00 
1.290322581e+00 1.281041389e+00 1.459943450e+00 
1.243243243e+00 1.299065421e+00 1.439679548e+00 
1.129904098e+00 1.184245661e+00 1.282280867e+00 
1.223190933e+00 1.160213618e+00 1.282280867e+00 
1.148212729e+00 1.312416555e+00 1.395617342e+00 
1.503051439e+00 1.324432577e+00 1.488925542e+00 
1.298169137e+00 1.512016021e+00 1.650801131e+00 
1.298169137e+00 1.181575434e+00 1.299952875e+00 
1.317349608e+00 1.332443258e+00 1.488925542e+00 
1.008718396e+00 1.169559413e+00 1.170829406e+00 
1.275501308e+00 1.248998665e+00 1.395617342e+00 
1.015693112e+00 1.084779706e+00 1.188972667e+00 
1.000871840e+00 1.056742323e+00 1.000000000e+00 
1.018308631e+00 1.017356475e+00 1.093308200e+00 
1.000871840e+00 1.086114820e+00 1.077521206e+00 
1.018308631e+00 1.000000000e+00 1.000000000e+00 
1.049694856e+00 1.052069426e+00 1.177662582e+00 

1.228421970e+00 1.599465955e+00 1.753770028e+00 
1.227550131e+00 1.593457944e+00 1.650801131e+00 
1.679163034e+00 1.693591455e+00 1.922478794e+00 
1.326939843e+00 1.563417891e+00 1.715834119e+00 
1.509154316e+00 1.582109479e+00 1.744109331e+00 
1.354620750e+00 1.771028037e+00 1.835296890e+00 
1.228421970e+00 1.510013351e+00 1.573279925e+00 
1.503051439e+00 1.324432577e+00 1.488925542e+00 
1.115954664e+00 1.414552737e+00 1.477615457e+00 
1.667829119e+00 1.686915888e+00 1.912818096e+00 
1.664341761e+00 1.692256342e+00 1.912818096e+00 
1.440061029e+00 1.927236315e+00 2.000000000e+00 
1.505666957e+00 1.587449933e+00 1.744109331e+00 
1.606582389e+00 1.893190921e+00 2.000000000e+00 
1.195945946e+00 1.579439252e+00 1.573279925e+00 
1.226678291e+00 1.429238985e+00 1.482799246e+00 
1.387096774e+00 1.647530040e+00 1.829170594e+00 
1.150828248e+00 1.404539386e+00 1.459943450e+00 
1.387096774e+00 1.704272363e+00 1.922478794e+00 
1.384481255e+00 1.453271028e+00 1.666588124e+00 
1.497820401e+00 1.443257677e+00 1.666588124e+00 
1.354838710e+00 1.465954606e+00 1.628652215e+00 
1.228421970e+00 1.542723632e+00 1.660461828e+00 
1.150828248e+00 1.380507343e+00 1.453817154e+00 
1.150828248e+00 1.437249666e+00 1.547125353e+00 
1.387096774e+00 1.451268358e+00 1.666588124e+00 
1.205754141e+00 1.391188251e+00 1.471489161e+00 
1.298169137e+00 1.512016021e+00 1.650801131e+00 
1.195945946e+00 1.596795728e+00 1.666588124e+00 
1.467306016e+00 1.913885180e+00 2.000000000e+00 
1.525719268e+00 1.545393858e+00 1.835296890e+00 
1.326939843e+00 1.506675567e+00 1.622525919e+00 
1.308631212e+00 1.739652870e+00 1.831291235e+00 
1.338273758e+00 1.489319092e+00 1.628652215e+00 
1.458587620e+00 1.424566088e+00 1.657634307e+00 
1.241499564e+00 1.379839786e+00 1.535344015e+00 
1.195945946e+00 1.626168224e+00 1.744109331e+00 
1.290322581e+00 1.281041389e+00 1.459943450e+00 
1.373147341e+00 1.479973298e+00 1.641847314e+00 
1.263949433e+00 1.801068091e+00 1.831291235e+00 
1.456843941e+00 1.616822430e+00 1.819509896e+00 
1.048823017e+00 1.263684913e+00 1.270970782e+00 
1.115954664e+00 1.397196262e+00 1.384307257e+00 
1.032258065e+00 1.260347130e+00 1.206644675e+00 
1.308631212e+00 1.336448598e+00 1.468661640e+00 
1.115954664e+00 1.443925234e+00 1.555136664e+00 
1.524847428e+00 1.600801068e+00 1.835296890e+00 
1.029642546e+00 1.284379172e+00 1.270970782e+00 
1.243243243e+00 1.299065421e+00 1.439679548e+00 
1.290322581e+00 1.367823765e+00 1.573279925e+00 
1.354620750e+00 1.800400534e+00 1.912818096e+00 
1.082824760e+00 1.205607477e+00 1.366635250e+00 
1.214472537e+00 1.375166889e+00 1.473138549e+00 
1.048823017e+00 1.239652870e+00 1.264844486e+00 
1.032258065e+00 1.277703605e+00 1.299952875e+00 
1.309503051e+00 1.299732977e+00 1.477615457e+00 
1.048823017e+00 1.296395194e+00 1.358152686e+00 
1.388840453e+00 1.566755674e+00 1.733506126e+00 
1.223190933e+00 1.160213618e+00 1.282280867e+00 
1.448997384e+00 1.472630174e+00 1.741988690e+00 
1.008718396e+00 1.140186916e+00 1.093308200e+00 
1.143853531e+00 1.473965287e+00 1.566446748e+00 
1.196163906e+00 1.302403204e+00 1.459943450e+00 
1.267654752e+00 1.216288385e+00 1.384307257e+00 
1.148212729e+00 1.312416555e+00 1.395617342e+00 
1.412380122e+00 1.337116155e+00 1.553016023e+00 
1.129904098e+00 1.184245661e+00 1.282280867e+00 
1.317349608e+00 1.332443258e+00 1.488925542e+00 
1.032258065e+00 1.307076101e+00 1.377474081e+00 
1.084568439e+00 1.135514019e+00 1.270970782e+00 
1.450741064e+00 1.391855808e+00 1.646324222e+00 
1.049694856e+00 1.052069426e+00 1.177662582e+00 
1.018308631e+00 1.017356475e+00 1.093308200e+00 
1.008718396e+00 1.169559413e+00 1.170829406e+00 
1.000871840e+00 1.086114820e+00 1.077521206e+00 
1.181996513e+00 1.336448598e+00 1.459943450e+00 
1.298169137e+00 1.181575434e+00 1.299952875e+00 
1.275501308e+00 1.248998665e+00 1.395617342e+00 
1.275501308e+00 1.360480641e+00 1.461828464e+00 
1.018308631e+00 1.000000000e+00 1.000000000e+00 
1.015693112e+00 1.084779706e+00 1.188972667e+00 
1.000871840e+00 1.056742323e+00 1.000000000e+00 

1.714908457e+00 1.869826435e+00 2.000000000e+00 
1.263949433e+00 1.801068091e+00 1.831291235e+00 
1.387096774e+00 1.451268358e+00 1.666588124e+00 
1.227550131e+00 1.610814419e+00 1.744109331e+00 
1.608326068e+00 1.966622163e+00 2.000000000e+00 
1.195945946e+00 1.596795728e+00 1.666588124e+00 
1.538578901e+00 1.718291055e+00 1.912818096e+00 
1.115954664e+00 1.426568758e+00 1.461828464e+00 
1.458587620e+00 1.424566088e+00 1.657634307e+00 
1.304272014e+00 1.573431242e+00 1.666588124e+00 
1.435919791e+00 1.618157543e+00 1.753770028e+00 
1.195945946e+00 1.626168224e+00 1.744109331e+00 
1.359197908e+00 1.641522029e+00 1.753770028e+00 
1.298169137e+00 1.512016021e+00 1.650801131e+00 
1.354620750e+00 1.800400534e+00 1.912818096e+00 
1.350479512e+00 1.568758344e+00 1.733506126e+00 
1.500435920e+00 1.733644860e+00 1.922478794e+00 
1.524629468e+00 2.000000000e+00 2.000000000e+00 
1.510897995e+00 1.614152203e+00 1.753770028e+00 
1.115954664e+00 1.443925234e+00 1.555136664e+00 
1.739319965e+00 1.856475300e+00 2.000000000e+00 
1.387096774e+00 1.647530040e+00 1.829170594e+00 
1.143853531e+00 1.473965287e+00 1.566446748e+00 
1.161944202e+00 1.660213618e+00 1.642318567e+00 
1.048823017e+00 1.263684913e+00 1.270970782e+00 
1.150828248e+00 1.437249666e+00 1.547125353e+00 
1.462074978e+00 1.738317757e+00 1.835296890e+00 
1.326939843e+00 1.563417891e+00 1.715834119e+00 
1.646904969e+00 1.694926569e+00 1.912818096e+00 
1.115954664e+00 1.397196262e+00 1.384307257e+00 
1.105710549e+00 1.602803738e+00 1.433553252e+00 
1.228421970e+00 1.510013351e+00 1.573279925e+00 
1.388840453e+00 1.566755674e+00 1.733506126e+00 
1.227550131e+00 1.581441923e+00 1.666588124e+00 
1.456843941e+00 1.616822430e+00 1.819509896e+00 
1.652136007e+00 1.706275033e+00 1.922478794e+00 
1.593722755e+00 1.720293725e+00 1.922478794e+00 
1.228421970e+00 1.542723632e+00 1.660461828e+00 
1.048823017e+00 1.296395194e+00 1.358152686e+00 
1.659982563e+00 1.925233645e+00 2.000000000e+00 
1.029642546e+00 1.284379172e+00 1.270970782e+00 
1.304272014e+00 1.602803738e+00 1.744109331e+00 
1.205754141e+00 1.447930574e+00 1.564797361e+00 
1.032258065e+00 1.260347130e+00 1.206644675e+00 
1.450741064e+00 1.391855808e+00 1.646324222e+00 
1.205754141e+00 1.391188251e+00 1.471489161e+00 
1.263949433e+00 1.771695594e+00 1.753770028e+00 
1.412380122e+00 1.337116155e+00 1.553016023e+00 
1.489102005e+00 1.558744993e+00 1.744109331e+00 
1.524847428e+00 1.600801068e+00 1.835296890e+00 
1.525719268e+00 1.545393858e+00 1.835296890e+00 
1.309503051e+00 1.299732977e+00 1.477615457e+00 
1.150828248e+00 1.380507343e+00 1.453817154e+00 
1.275501308e+00 1.360480641e+00 1.461828464e+00 
1.384481255e+00 1.453271028e+00 1.666588124e+00 
1.503051439e+00 1.324432577e+00 1.488925542e+00 
1.317349608e+00 1.332443258e+00 1.488925542e+00 
1.181996513e+00 1.336448598e+00 1.459943450e+00 
1.008718396e+00 1.169559413e+00 1.170829406e+00 
1.317349608e+00 1.438584780e+00 1.628652215e+00 
1.032258065e+00 1.277703605e+00 1.299952875e+00 
1.241499564e+00 1.379839786e+00 1.535344015e+00 
1.148212729e+00 1.312416555e+00 1.395617342e+00 
1.448997384e+00 1.472630174e+00 1.741988690e+00 
1.275501308e+00 1.248998665e+00 1.395617342e+00 
1.290322581e+00 1.281041389e+00 1.459943450e+00 
1.308631212e+00 1.336448598e+00 1.468661640e+00 
1.373147341e+00 1.479973298e+00 1.641847314e+00 
1.223190933e+00 1.160213618e+00 1.282280867e+00 
1.243243243e+00 1.299065421e+00 1.439679548e+00 
1.196163906e+00 1.302403204e+00 1.459943450e+00 
1.129904098e+00 1.184245661e+00 1.282280867e+00 
1.298169137e+00 1.181575434e+00 1.299952875e+00 
1.082824760e+00 1.205607477e+00 1.366635250e+00 
1.226678291e+00 1.429238985e+00 1.482799246e+00 
1.497820401e+00 1.443257677e+00 1.666588124e+00 
1.214472537e+00 1.375166889e+00 1.473138549e+00 
1.290322581e+00 1.367823765e+00 1.573279925e+00 
1.267654752e+00 1.216288385e+00 1.384307257e+00 
1.048823017e+00 1.239652870e+00 1.264844486e+00 
1.032258065e+00 1.307076101e+00 1.377474081e+00 
1.084568439e+00 1.135514019e+00 1.270970782e+00 
1.008718396e+00 1.140186916e+00 1.093308200e+00 
1.000871840e+00 1.056742323e+00 1.000000000e+00 
1.018308631e+00 1.017356475e+00 1.093308200e+00 
1.049694856e+00 1.052069426e+00 1.177662582e+00 
1.018308631e+00 1.000000000e+00 1.000000000e+00 
1.015693112e+00 1.084779706e+00 1.188972667e+00 
1.000871840e+00 1.086114820e+00 1.077521206e+00 

1.115954664e+00 1.414552737e+00 1.477615457e+00 
1.350479512e+00 1.568758344e+00 1.733506126e+00 
1.105710549e+00 1.602803738e+00 1.433553252e+00 
1.228421970e+00 1.510013351e+00 1.573279925e+00 
1.387096774e+00 1.704272363e+00 1.922478794e+00 
1.228421970e+00 1.599465955e+00 1.753770028e+00 
1.227550131e+00 1.581441923e+00 1.666588124e+00 
1.373147341e+00 1.479973298e+00 1.641847314e+00 
1.679163034e+00 1.693591455e+00 1.922478794e+00 
1.308631212e+00 1.739652870e+00 1.831291235e+00 
1.456843941e+00 1.616822430e+00 1.819509896e+00 
1.195945946e+00 1.579439252e+00 1.573279925e+00 
1.570183086e+00 1.702937250e+00 1.912818096e+00 
1.263949433e+00 1.801068091e+00 1.831291235e+00 
1.369659983e+00 1.797730307e+00 1.912818096e+00 
1.520488230e+00 1.871829105e+00 2.000000000e+00 
1.308631212e+00 1.336448598e+00 1.468661640e+00 
1.387096774e+00 1.647530040e+00 1.829170594e+00 
1.388840453e+00 1.566755674e+00 1.733506126e+00 
1.227550131e+00 1.610814419e+00 1.744109331e+00 
1.524847428e+00 1.600801068e+00 1.835296890e+00 
1.317349608e+00 1.438584780e+00 1.628652215e+00 
1.195945946e+00 1.596795728e+00 1.666588124e+00 
1.354620750e+00 1.800400534e+00 1.912818096e+00 
1.032258065e+00 1.277703605e+00 1.299952875e+00 
1.143853531e+00 1.473965287e+00 1.566446748e+00 
1.298169137e+00 1.512016021e+00 1.650801131e+00 
1.497820401e+00 1.443257677e+00 1.666588124e+00 
1.195945946e+00 1.626168224e+00 1.744109331e+00 
1.450741064e+00 1.391855808e+00 1.646324222e+00 
1.275501308e+00 1.360480641e+00 1.461828464e+00 
1.489102005e+00 1.558744993e+00 1.744109331e+00 
1.226678291e+00 1.429238985e+00 1.482799246e+00 
1.326939843e+00 1.563417891e+00 1.715834119e+00 
1.228421970e+00 1.542723632e+00 1.660461828e+00 
1.115954664e+00 1.397196262e+00 1.384307257e+00 
1.384481255e+00 1.453271028e+00 1.666588124e+00 
1.387096774e+00 1.451268358e+00 1.666588124e+00 
1.448997384e+00 1.472630174e+00 1.741988690e+00 
1.150828248e+00 1.404539386e+00 1.459943450e+00 
1.412380122e+00 1.337116155e+00 1.553016023e+00 
1.309503051e+00 1.299732977e+00 1.477615457e+00 
1.032258065e+00 1.260347130e+00 1.206644675e+00 
1.503051439e+00 1.324432577e+00 1.488925542e+00 
1.115954664e+00 1.443925234e+00 1.555136664e+00 
1.150828248e+00 1.380507343e+00 1.453817154e+00 
1.205754141e+00 1.447930574e+00 1.564797361e+00 
1.205754141e+00 1.391188251e+00 1.471489161e+00 
1.008718396e+00 1.140186916e+00 1.093308200e+00 
1.150828248e+00 1.437249666e+00 1.547125353e+00 
1.290322581e+00 1.367823765e+00 1.573279925e+00 
1.458587620e+00 1.424566088e+00 1.657634307e+00 
1.317349608e+00 1.332443258e+00 1.488925542e+00 
1.525719268e+00 1.545393858e+00 1.835296890e+00 
1.290322581e+00 1.281041389e+00 1.459943450e+00 
1.048823017e+00 1.296395194e+00 1.358152686e+00 
1.008718396e+00 1.169559413e+00 1.170829406e+00 
1.298169137e+00 1.181575434e+00 1.299952875e+00 
1.029642546e+00 1.284379172e+00 1.270970782e+00 
1.214472537e+00 1.375166889e+00 1.473138549e+00 
1.181996513e+00 1.336448598e+00 1.459943450e+00 
1.472319093e+00 1.655540721e+00 1.835296890e+00 
1.032258065e+00 1.307076101e+00 1.377474081e+00 
1.275501308e+00 1.248998665e+00 1.395617342e+00 
1.084568439e+00 1.135514019e+00 1.270970782e+00 
1.196163906e+00 1.302403204e+00 1.459943450e+00 
1.082824760e+00 1.205607477e+00 1.366635250e+00 
1.148212729e+00 1.312416555e+00 1.395617342e+00 
1.241499564e+00 1.379839786e+00 1.535344015e+00 
1.223190933e+00 1.160213618e+00 1.282280867e+00 
1.243243243e+00 1.299065421e+00 1.439679548e+00 
1.267654752e+00 1.216288385e+00 1.384307257e+00 
1.048823017e+00 1.239652870e+00 1.264844486e+00 
1.129904098e+00 1.184245661e+00 1.282280867e+00 
1.000871840e+00 1.056742323e+00 1.000000000e+00 
1.000871840e+00 1.086114820e+00 1.077521206e+00 
1.018308631e+00 1.017356475e+00 1.093308200e+00 
1.049694856e+00 1.052069426e+00 1.177662582e+00 
1.018308631e+00 1.000000000e+00 1.000000000e+00 
1.048823017e+00 1.263684913e+00 1.270970782e+00 
1.015693112e+00 1.084779706e+00 1.188972667e+00 

1.227550131e+00 1.610814419e+00 1.744109331e+00 
1.227550131e+00 1.564085447e+00 1.573279925e+00 
1.505666957e+00 1.587449933e+00 1.744109331e+00 
1.828247602e+00 1.732977303e+00 1.922478794e+00 
1.456843941e+00 1.616822430e+00 1.819509896e+00 
1.793374019e+00 1.762349800e+00 1.922478794e+00 
1.373147341e+00 1.479973298e+00 1.641847314e+00 
1.304272014e+00 1.602803738e+00 1.744109331e+00 
1.205754141e+00 1.391188251e+00 1.471489161e+00 
1.308631212e+00 1.710280374e+00 1.753770028e+00 
1.388840453e+00 1.566755674e+00 1.733506126e+00 
1.354620750e+00 1.800400534e+00 1.912818096e+00 
1.452484743e+00 1.628170895e+00 1.753770028e+00 
1.226678291e+00 1.429238985e+00 1.482799246e+00 
1.331081081e+00 1.563417891e+00 1.666588124e+00 
1.525719268e+00 1.545393858e+00 1.835296890e+00 
1.497820401e+00 1.443257677e+00 1.666588124e+00 
1.029642546e+00 1.284379172e+00 1.270970782e+00 
1.354620750e+00 1.771028037e+00 1.835296890e+00 
1.472319093e+00 1.655540721e+00 1.835296890e+00 
1.115954664e+00 1.397196262e+00 1.384307257e+00 
1.324324324e+00 1.481308411e+00 1.576107446e+00 
1.181996513e+00 1.336448598e+00 1.459943450e+00 
1.150828248e+00 1.404539386e+00 1.459943450e+00 
1.524847428e+00 1.600801068e+00 1.835296890e+00 
1.510897995e+00 1.614152203e+00 1.753770028e+00 
1.387096774e+00 1.647530040e+00 1.829170594e+00 
1.228421970e+00 1.542723632e+00 1.660461828e+00 
1.308631212e+00 1.739652870e+00 1.831291235e+00 
1.032258065e+00 1.260347130e+00 1.206644675e+00 
1.450741064e+00 1.391855808e+00 1.646324222e+00 
1.263949433e+00 1.801068091e+00 1.831291235e+00 
1.195945946e+00 1.579439252e+00 1.573279925e+00 
1.538578901e+00 1.718291055e+00 1.912818096e+00 
1.263949433e+00 1.771695594e+00 1.753770028e+00 
1.448997384e+00 1.472630174e+00 1.741988690e+00 
1.354838710e+00 1.465954606e+00 1.628652215e+00 
1.384481255e+00 1.453271028e+00 1.666588124e+00 
1.048823017e+00 1.263684913e+00 1.270970782e+00 
1.143853531e+00 1.473965287e+00 1.566446748e+00 
1.048823017e+00 1.296395194e+00 1.358152686e+00 
1.387096774e+00 1.451268358e+00 1.666588124e+00 
1.195945946e+00 1.626168224e+00 1.744109331e+00 
1.214472537e+00 1.375166889e+00 1.473138549e+00 
1.032258065e+00 1.307076101e+00 1.377474081e+00 
1.032258065e+00 1.277703605e+00 1.299952875e+00 
1.304272014e+00 1.573431242e+00 1.666588124e+00 
1.195945946e+00 1.596795728e+00 1.666588124e+00 
1.115954664e+00 1.443925234e+00 1.555136664e+00 
1.309503051e+00 1.299732977e+00 1.477615457e+00 
1.196163906e+00 1.302403204e+00 1.459943450e+00 
1.228421970e+00 1.510013351e+00 1.573279925e+00 
1.290322581e+00 1.367823765e+00 1.573279925e+00 
1.550784656e+00 1.772363151e+00 1.922478794e+00 
1.298169137e+00 1.512016021e+00 1.650801131e+00 
1.008718396e+00 1.140186916e+00 1.093308200e+00 
1.308631212e+00 1.336448598e+00 1.468661640e+00 
1.129904098e+00 1.184245661e+00 1.282280867e+00 
1.227550131e+00 1.581441923e+00 1.666588124e+00 
1.267654752e+00 1.216288385e+00 1.384307257e+00 
1.048823017e+00 1.239652870e+00 1.264844486e+00 
1.412380122e+00 1.337116155e+00 1.553016023e+00 
1.298169137e+00 1.181575434e+00 1.299952875e+00 
1.241499564e+00 1.379839786e+00 1.535344015e+00 
1.243243243e+00 1.299065421e+00 1.439679548e+00 
1.275501308e+00 1.360480641e+00 1.461828464e+00 
1.084568439e+00 1.135514019e+00 1.270970782e+00 
1.150828248e+00 1.380507343e+00 1.453817154e+00 
1.148212729e+00 1.312416555e+00 1.395617342e+00 
1.008718396e+00 1.169559413e+00 1.170829406e+00 
1.082824760e+00 1.205607477e+00 1.366635250e+00 
1.115954664e+00 1.414552737e+00 1.477615457e+00 
1.275501308e+00 1.248998665e+00 1.395617342e+00 
1.338273758e+00 1.489319092e+00 1.628652215e+00 
1.503051439e+00 1.324432577e+00 1.488925542e+00 
1.290322581e+00 1.281041389e+00 1.459943450e+00 
1.317349608e+00 1.332443258e+00 1.488925542e+00 
1.049694856e+00 1.052069426e+00 1.177662582e+00 
1.223190933e+00 1.160213618e+00 1.282280867e+00 
1.015693112e+00 1.084779706e+00 1.188972667e+00 
1.000871840e+00 1.086114820e+00 1.077521206e+00 
1.000871840e+00 1.056742323e+00 1.000000000e+00 
1.018308631e+00 1.017356475e+00 1.093308200e+00 
1.018308631e+00 1.000000000e+00 1.000000000e+00 

1.227550131e+00 1.581441923e+00 1.666588124e+00 
1.349607672e+00 1.735647530e+00 1.831291235e+00 
1.373147341e+00 1.479973298e+00 1.641847314e+00 
1.298169137e+00 1.512016021e+00 1.650801131e+00 
1.317349608e+00 1.438584780e+00 1.628652215e+00 
1.456843941e+00 1.616822430e+00 1.819509896e+00 
1.667829119e+00 1.686915888e+00 1.912818096e+00 
1.524847428e+00 1.600801068e+00 1.835296890e+00 
1.228421970e+00 1.566755674e+00 1.666588124e+00 
1.115954664e+00 1.397196262e+00 1.384307257e+00 
1.032258065e+00 1.260347130e+00 1.206644675e+00 
1.388840453e+00 1.566755674e+00 1.733506126e+00 
1.237140366e+00 1.481975968e+00 1.566446748e+00 
1.387096774e+00 1.704272363e+00 1.922478794e+00 
1.497820401e+00 1.443257677e+00 1.666588124e+00 
1.228421970e+00 1.599465955e+00 1.753770028e+00 
1.029642546e+00 1.284379172e+00 1.270970782e+00 
1.115954664e+00 1.443925234e+00 1.555136664e+00 
1.384481255e+00 1.453271028e+00 1.666588124e+00 
1.226678291e+00 1.429238985e+00 1.482799246e+00 
1.205754141e+00 1.447930574e+00 1.564797361e+00 
1.326939843e+00 1.563417891e+00 1.715834119e+00 
1.448997384e+00 1.472630174e+00 1.741988690e+00 
1.525719268e+00 1.545393858e+00 1.835296890e+00 
1.275501308e+00 1.360480641e+00 1.461828464e+00 
1.150828248e+00 1.404539386e+00 1.459943450e+00 
1.489102005e+00 1.558744993e+00 1.744109331e+00 
1.150828248e+00 1.437249666e+00 1.547125353e+00 
1.387096774e+00 1.647530040e+00 1.829170594e+00 
1.387096774e+00 1.451268358e+00 1.666588124e+00 
1.228421970e+00 1.510013351e+00 1.573279925e+00 
1.243243243e+00 1.299065421e+00 1.439679548e+00 
1.450741064e+00 1.391855808e+00 1.646324222e+00 
1.309503051e+00 1.299732977e+00 1.477615457e+00 
1.308631212e+00 1.336448598e+00 1.468661640e+00 
1.290322581e+00 1.281041389e+00 1.459943450e+00 
1.290322581e+00 1.367823765e+00 1.573279925e+00 
1.412380122e+00 1.337116155e+00 1.553016023e+00 
1.298169137e+00 1.181575434e+00 1.299952875e+00 
1.214472537e+00 1.375166889e+00 1.473138549e+00 
1.701830863e+00 1.703604806e+00 1.922478794e+00 
1.458587620e+00 1.424566088e+00 1.657634307e+00 
1.503051439e+00 1.324432577e+00 1.488925542e+00 
1.048823017e+00 1.296395194e+00 1.358152686e+00 
1.032258065e+00 1.277703605e+00 1.299952875e+00 
1.196163906e+00 1.302403204e+00 1.459943450e+00 
1.205754141e+00 1.391188251e+00 1.471489161e+00 
1.008718396e+00 1.169559413e+00 1.170829406e+00 
1.032258065e+00 1.307076101e+00 1.377474081e+00 
1.115954664e+00 1.414552737e+00 1.477615457e+00 
1.228421970e+00 1.542723632e+00 1.660461828e+00 
1.267654752e+00 1.216288385e+00 1.384307257e+00 
1.084568439e+00 1.135514019e+00 1.270970782e+00 
1.275501308e+00 1.248998665e+00 1.395617342e+00 
1.150828248e+00 1.380507343e+00 1.453817154e+00 
1.082824760e+00 1.205607477e+00 1.366635250e+00 
1.223190933e+00 1.160213618e+00 1.282280867e+00 
1.048823017e+00 1.263684913e+00 1.270970782e+00 
1.148212729e+00 1.312416555e+00 1.395617342e+00 
1.317349608e+00 1.332443258e+00 1.488925542e+00 
1.241499564e+00 1.379839786e+00 1.535344015e+00 
1.048823017e+00 1.239652870e+00 1.264844486e+00 
1.181996513e+00 1.336448598e+00 1.459943450e+00 
1.049694856e+00 1.052069426e+00 1.177662582e+00 
1.008718396e+00 1.140186916e+00 1.093308200e+00 
1.129904098e+00 1.184245661e+00 1.282280867e+00 
1.000871840e+00 1.086114820e+00 1.077521206e+00 
1.000871840e+00 1.056742323e+00 1.000000000e+00 
1.018308631e+00 1.000000000e+00 1.000000000e+00 
1.018308631e+00 1.017356475e+00 1.093308200e+00 
1.015693112e+00 1.084779706e+00 1.188972667e+00 

1.509154316e+00 1.582109479e+00 1.744109331e+00 
1.421098518e+00 1.964619493e+00 2.000000000e+00 
1.667829119e+00 1.686915888e+00 1.912818096e+00 
1.115954664e+00 1.414552737e+00 1.477615457e+00 
1.195945946e+00 1.626168224e+00 1.744109331e+00 
1.227550131e+00 1.581441923e+00 1.666588124e+00 
1.369659983e+00 1.768357810e+00 1.835296890e+00 
1.570183086e+00 1.702937250e+00 1.912818096e+00 
1.458587620e+00 1.424566088e+00 1.657634307e+00 
1.317349608e+00 1.438584780e+00 1.628652215e+00 
1.115954664e+00 1.443925234e+00 1.555136664e+00 
1.181996513e+00 1.336448598e+00 1.459943450e+00 
1.227550131e+00 1.610814419e+00 1.744109331e+00 
1.143853531e+00 1.473965287e+00 1.566446748e+00 
1.524847428e+00 1.600801068e+00 1.835296890e+00 
1.205754141e+00 1.447930574e+00 1.564797361e+00 
1.298169137e+00 1.512016021e+00 1.650801131e+00 
1.299912816e+00 1.787049399e+00 1.793355325e+00 
1.456843941e+00 1.616822430e+00 1.819509896e+00 
1.664341761e+00 1.692256342e+00 1.912818096e+00 
1.349607672e+00 1.735647530e+00 1.831291235e+00 
1.241499564e+00 1.379839786e+00 1.535344015e+00 
1.384481255e+00 1.453271028e+00 1.666588124e+00 
1.243243243e+00 1.299065421e+00 1.439679548e+00 
1.388840453e+00 1.566755674e+00 1.733506126e+00 
1.150828248e+00 1.437249666e+00 1.547125353e+00 
1.369659983e+00 1.797730307e+00 1.912818096e+00 
1.373147341e+00 1.479973298e+00 1.641847314e+00 
1.525719268e+00 1.545393858e+00 1.835296890e+00 
1.350479512e+00 1.568758344e+00 1.733506126e+00 
1.508282476e+00 1.840453939e+00 2.000000000e+00 
1.387096774e+00 1.451268358e+00 1.666588124e+00 
1.048823017e+00 1.263684913e+00 1.270970782e+00 
1.482999128e+00 1.586114820e+00 1.744816211e+00 
1.150828248e+00 1.404539386e+00 1.459943450e+00 
1.497820401e+00 1.443257677e+00 1.666588124e+00 
1.228421970e+00 1.599465955e+00 1.753770028e+00 
1.387096774e+00 1.704272363e+00 1.922478794e+00 
1.317349608e+00 1.332443258e+00 1.488925542e+00 
1.227550131e+00 1.564085447e+00 1.573279925e+00 
1.082824760e+00 1.205607477e+00 1.366635250e+00 
1.150828248e+00 1.380507343e+00 1.453817154e+00 
1.387096774e+00 1.647530040e+00 1.829170594e+00 
1.226678291e+00 1.429238985e+00 1.482799246e+00 
1.228421970e+00 1.542723632e+00 1.660461828e+00 
1.048823017e+00 1.296395194e+00 1.358152686e+00 
1.503051439e+00 1.324432577e+00 1.488925542e+00 
1.214472537e+00 1.375166889e+00 1.473138549e+00 
1.228421970e+00 1.566755674e+00 1.666588124e+00 
1.326939843e+00 1.563417891e+00 1.715834119e+00 
1.448997384e+00 1.472630174e+00 1.741988690e+00 
1.115954664e+00 1.397196262e+00 1.384307257e+00 
1.129904098e+00 1.184245661e+00 1.282280867e+00 
1.387096774e+00 1.671562083e+00 1.835296890e+00 
1.275501308e+00 1.360480641e+00 1.461828464e+00 
1.196163906e+00 1.302403204e+00 1.459943450e+00 
1.048823017e+00 1.239652870e+00 1.264844486e+00 
1.228421970e+00 1.510013351e+00 1.573279925e+00 
1.029642546e+00 1.284379172e+00 1.270970782e+00 
1.290322581e+00 1.281041389e+00 1.459943450e+00 
1.275501308e+00 1.248998665e+00 1.395617342e+00 
1.205754141e+00 1.391188251e+00 1.471489161e+00 
1.290322581e+00 1.367823765e+00 1.573279925e+00 
1.308631212e+00 1.336448598e+00 1.468661640e+00 
1.032258065e+00 1.307076101e+00 1.377474081e+00 
1.450741064e+00 1.391855808e+00 1.646324222e+00 
1.032258065e+00 1.277703605e+00 1.299952875e+00 
1.223190933e+00 1.160213618e+00 1.282280867e+00 
1.309503051e+00 1.299732977e+00 1.477615457e+00 
1.412380122e+00 1.337116155e+00 1.553016023e+00 
1.008718396e+00 1.140186916e+00 1.093308200e+00 
1.084568439e+00 1.135514019e+00 1.270970782e+00 
1.032258065e+00 1.260347130e+00 1.206644675e+00 
1.008718396e+00 1.169559413e+00 1.170829406e+00 
1.148212729e+00 1.312416555e+00 1.395617342e+00 
1.015693112e+00 1.084779706e+00 1.188972667e+00 
1.298169137e+00 1.181575434e+00 1.299952875e+00 
1.018308631e+00 1.017356475e+00 1.093308200e+00 
1.267654752e+00 1.216288385e+00 1.384307257e+00 
1.000871840e+00 1.086114820e+00 1.077521206e+00 
1.049694856e+00 1.052069426e+00 1.177662582e+00 
1.018308631e+00 1.000000000e+00 1.000000000e+00 
1.000871840e+00 1.056742323e+00 1.000000000e+00 

1.195945946e+00 1.579439252e+00 1.573279925e+00 
1.228421970e+00 1.510013351e+00 1.573279925e+00 
1.376198779e+00 1.935246996e+00 1.922478794e+00 
1.593722755e+00 1.720293725e+00 1.922478794e+00 
1.234088928e+00 1.748331108e+00 1.753770028e+00 
1.621621622e+00 1.869826435e+00 2.000000000e+00 
1.423714037e+00 1.759679573e+00 1.835296890e+00 
1.570183086e+00 1.702937250e+00 1.912818096e+00 
1.344376635e+00 1.716288385e+00 1.753770028e+00 
1.520488230e+00 1.871829105e+00 2.000000000e+00 
1.369659983e+00 1.768357810e+00 1.835296890e+00 
1.344376635e+00 1.745660881e+00 1.831291235e+00 
1.278988666e+00 1.777703605e+00 1.831291235e+00 
1.687009590e+00 1.837783712e+00 2.000000000e+00 
1.423714037e+00 1.789052069e+00 1.912818096e+00 
1.373147341e+00 1.479973298e+00 1.641847314e+00 
1.122493461e+00 1.581441923e+00 1.564797361e+00 
1.664341761e+00 1.692256342e+00 1.912818096e+00 
1.646904969e+00 1.694926569e+00 1.912818096e+00 
1.326939843e+00 1.563417891e+00 1.715834119e+00 
1.510897995e+00 1.614152203e+00 1.753770028e+00 
1.387096774e+00 1.647530040e+00 1.829170594e+00 
1.652136007e+00 1.706275033e+00 1.922478794e+00 
1.489102005e+00 1.558744993e+00 1.744109331e+00 
1.227550131e+00 1.581441923e+00 1.666588124e+00 
1.150828248e+00 1.437249666e+00 1.547125353e+00 
1.143853531e+00 1.473965287e+00 1.566446748e+00 
1.387096774e+00 1.451268358e+00 1.666588124e+00 
1.227550131e+00 1.564085447e+00 1.573279925e+00 
1.679163034e+00 1.693591455e+00 1.922478794e+00 
1.115954664e+00 1.397196262e+00 1.384307257e+00 
1.369659983e+00 1.797730307e+00 1.912818096e+00 
1.479511770e+00 1.437917223e+00 1.657634307e+00 
1.524847428e+00 1.600801068e+00 1.835296890e+00 
1.167393200e+00 1.610814419e+00 1.642318567e+00 
1.308631212e+00 1.336448598e+00 1.468661640e+00 
1.388840453e+00 1.566755674e+00 1.733506126e+00 
1.227550131e+00 1.610814419e+00 1.744109331e+00 
1.032258065e+00 1.260347130e+00 1.206644675e+00 
1.048823017e+00 1.296395194e+00 1.358152686e+00 
1.525719268e+00 1.545393858e+00 1.835296890e+00 
1.029642546e+00 1.284379172e+00 1.270970782e+00 
1.115954664e+00 1.414552737e+00 1.477615457e+00 
1.482999128e+00 1.913885180e+00 2.000000000e+00 
1.304272014e+00 1.602803738e+00 1.744109331e+00 
1.304272014e+00 1.573431242e+00 1.666588124e+00 
1.115954664e+00 1.443925234e+00 1.555136664e+00 
1.290322581e+00 1.281041389e+00 1.459943450e+00 
1.032258065e+00 1.307076101e+00 1.377474081e+00 
1.384481255e+00 1.453271028e+00 1.666588124e+00 
1.456843941e+00 1.616822430e+00 1.819509896e+00 
1.563208370e+00 1.777703605e+00 1.922478794e+00 
1.275501308e+00 1.360480641e+00 1.461828464e+00 
1.243243243e+00 1.299065421e+00 1.439679548e+00 
1.462074978e+00 1.767690254e+00 1.912818096e+00 
1.462074978e+00 1.738317757e+00 1.835296890e+00 
1.298169137e+00 1.181575434e+00 1.299952875e+00 
1.032258065e+00 1.277703605e+00 1.299952875e+00 
1.359197908e+00 1.641522029e+00 1.753770028e+00 
1.450741064e+00 1.391855808e+00 1.646324222e+00 
1.214472537e+00 1.375166889e+00 1.473138549e+00 
1.298169137e+00 1.512016021e+00 1.650801131e+00 
1.181996513e+00 1.336448598e+00 1.459943450e+00 
1.317349608e+00 1.438584780e+00 1.628652215e+00 
1.148212729e+00 1.312416555e+00 1.395617342e+00 
1.448997384e+00 1.472630174e+00 1.741988690e+00 
1.275501308e+00 1.248998665e+00 1.395617342e+00 
1.223190933e+00 1.160213618e+00 1.282280867e+00 
1.205754141e+00 1.391188251e+00 1.471489161e+00 
1.150828248e+00 1.380507343e+00 1.453817154e+00 
1.497820401e+00 1.443257677e+00 1.666588124e+00 
1.241499564e+00 1.379839786e+00 1.535344015e+00 
1.196163906e+00 1.302403204e+00 1.459943450e+00 
1.228421970e+00 1.542723632e+00 1.660461828e+00 
1.317349608e+00 1.332443258e+00 1.488925542e+00 
1.082824760e+00 1.205607477e+00 1.366635250e+00 
1.309503051e+00 1.299732977e+00 1.477615457e+00 
1.048823017e+00 1.263684913e+00 1.270970782e+00 
1.503051439e+00 1.324432577e+00 1.488925542e+00 
1.226678291e+00 1.429238985e+00 1.482799246e+00 
1.267654752e+00 1.216288385e+00 1.384307257e+00 
1.412380122e+00 1.337116155e+00 1.553016023e+00 
1.000871840e+00 1.086114820e+00 1.077521206e+00 
1.048823017e+00 1.239652870e+00 1.264844486e+00 
1.129904098e+00 1.184245661e+00 1.282280867e+00 
1.000871840e+00 1.056742323e+00 1.000000000e+00 
1.084568439e+00 1.135514019e+00 1.270970782e+00 
1.049694856e+00 1.052069426e+00 1.177662582e+00 
1.008718396e+00 1.169559413e+00 1.170829406e+00 
1.008718396e+00 1.140186916e+00 1.093308200e+00 
1.290322581e+00 1.367823765e+00 1.573279925e+00 
1.018308631e+00 1.000000000e+00 1.000000000e+00 
1.018308631e+00 1.017356475e+00 1.093308200e+00 
1.015693112e+00 1.084779706e+00 1.188972667e+00 

1.505666957e+00 1.587449933e+00 1.744109331e+00 
1.509154316e+00 1.582109479e+00 1.744109331e+00 
1.388840453e+00 1.566755674e+00 1.733506126e+00 
1.143853531e+00 1.473965287e+00 1.566446748e+00 
1.349607672e+00 1.735647530e+00 1.831291235e+00 
1.032258065e+00 1.260347130e+00 1.206644675e+00 
1.115954664e+00 1.397196262e+00 1.384307257e+00 
1.497820401e+00 1.443257677e+00 1.666588124e+00 
1.150828248e+00 1.404539386e+00 1.459943450e+00 
1.387096774e+00 1.704272363e+00 1.922478794e+00 
1.384481255e+00 1.453271028e+00 1.666588124e+00 
1.228421970e+00 1.566755674e+00 1.666588124e+00 
1.205754141e+00 1.447930574e+00 1.564797361e+00 
1.387096774e+00 1.451268358e+00 1.666588124e+00 
1.228421970e+00 1.510013351e+00 1.573279925e+00 
1.228421970e+00 1.599465955e+00 1.753770028e+00 
1.226678291e+00 1.429238985e+00 1.482799246e+00 
1.326939843e+00 1.563417891e+00 1.715834119e+00 
1.228421970e+00 1.542723632e+00 1.660461828e+00 
1.456843941e+00 1.616822430e+00 1.819509896e+00 
1.780296425e+00 1.960614152e+00 2.000000000e+00 
1.115954664e+00 1.443925234e+00 1.555136664e+00 
1.664341761e+00 1.692256342e+00 1.912818096e+00 
1.298169137e+00 1.512016021e+00 1.650801131e+00 
1.412380122e+00 1.337116155e+00 1.553016023e+00 
1.387096774e+00 1.647530040e+00 1.829170594e+00 
1.450741064e+00 1.391855808e+00 1.646324222e+00 
1.458587620e+00 1.424566088e+00 1.657634307e+00 
1.205754141e+00 1.415220294e+00 1.477615457e+00 
1.290322581e+00 1.281041389e+00 1.459943450e+00 
1.275501308e+00 1.360480641e+00 1.461828464e+00 
1.524847428e+00 1.600801068e+00 1.835296890e+00 
1.143853531e+00 1.427236315e+00 1.395617342e+00 
1.448997384e+00 1.472630174e+00 1.741988690e+00 
1.150828248e+00 1.437249666e+00 1.547125353e+00 
1.032258065e+00 1.277703605e+00 1.299952875e+00 
1.029642546e+00 1.284379172e+00 1.270970782e+00 
1.503051439e+00 1.324432577e+00 1.488925542e+00 
1.525719268e+00 1.545393858e+00 1.835296890e+00 
1.290322581e+00 1.367823765e+00 1.573279925e+00 
1.214472537e+00 1.375166889e+00 1.473138549e+00 
1.243243243e+00 1.299065421e+00 1.439679548e+00 
1.309503051e+00 1.299732977e+00 1.477615457e+00 
1.148212729e+00 1.312416555e+00 1.395617342e+00 
1.678945074e+00 1.979973298e+00 2.000000000e+00 
1.317349608e+00 1.438584780e+00 1.628652215e+00 
1.082824760e+00 1.205607477e+00 1.366635250e+00 
1.227550131e+00 1.593457944e+00 1.650801131e+00 
1.048823017e+00 1.296395194e+00 1.358152686e+00 
1.181996513e+00 1.336448598e+00 1.459943450e+00 
1.317349608e+00 1.332443258e+00 1.488925542e+00 
1.793156059e+00 1.927236315e+00 2.000000000e+00 
1.008718396e+00 1.140186916e+00 1.093308200e+00 
1.196163906e+00 1.302403204e+00 1.459943450e+00 
1.223190933e+00 1.160213618e+00 1.282280867e+00 
1.032258065e+00 1.307076101e+00 1.377474081e+00 
1.048823017e+00 1.263684913e+00 1.270970782e+00 
1.241499564e+00 1.379839786e+00 1.535344015e+00 
1.298169137e+00 1.181575434e+00 1.299952875e+00 
1.205754141e+00 1.391188251e+00 1.471489161e+00 
1.129904098e+00 1.184245661e+00 1.282280867e+00 
1.084568439e+00 1.135514019e+00 1.270970782e+00 
1.267654752e+00 1.216288385e+00 1.384307257e+00 
1.008718396e+00 1.169559413e+00 1.170829406e+00 
1.308631212e+00 1.336448598e+00 1.468661640e+00 
1.275501308e+00 1.248998665e+00 1.395617342e+00 
1.000871840e+00 1.086114820e+00 1.077521206e+00 
1.049694856e+00 1.052069426e+00 1.177662582e+00 
1.048823017e+00 1.239652870e+00 1.264844486e+00 
1.150828248e+00 1.380507343e+00 1.453817154e+00 
1.000871840e+00 1.056742323e+00 1.000000000e+00 
1.018308631e+00 1.017356475e+00 1.093308200e+00 
1.015693112e+00 1.084779706e+00 1.188972667e+00 
1.018308631e+00 1.000000000e+00 1.000000000e+00 

1.388840453e+00 1.566755674e+00 1.733506126e+00 
1.369659983e+00 1.797730307e+00 1.912818096e+00 
1.664341761e+00 1.692256342e+00 1.912818096e+00 
1.115954664e+00 1.397196262e+00 1.384307257e+00 
1.115954664e+00 1.414552737e+00 1.477615457e+00 
1.032258065e+00 1.307076101e+00 1.377474081e+00 
1.524847428e+00 1.600801068e+00 1.835296890e+00 
1.505666957e+00 1.587449933e+00 1.744109331e+00 
1.226678291e+00 1.429238985e+00 1.482799246e+00 
1.228421970e+00 1.599465955e+00 1.753770028e+00 
1.228421970e+00 1.566755674e+00 1.666588124e+00 
1.570183086e+00 1.702937250e+00 1.912818096e+00 
1.509154316e+00 1.582109479e+00 1.744109331e+00 
1.029642546e+00 1.284379172e+00 1.270970782e+00 
1.195945946e+00 1.596795728e+00 1.666588124e+00 
1.349607672e+00 1.735647530e+00 1.831291235e+00 
1.525719268e+00 1.545393858e+00 1.835296890e+00 
1.195945946e+00 1.579439252e+00 1.573279925e+00 
1.317349608e+00 1.438584780e+00 1.628652215e+00 
1.150828248e+00 1.404539386e+00 1.459943450e+00 
1.667829119e+00 1.686915888e+00 1.912818096e+00 
1.456843941e+00 1.616822430e+00 1.819509896e+00 
1.387096774e+00 1.647530040e+00 1.829170594e+00 
1.326939843e+00 1.563417891e+00 1.715834119e+00 
1.507410636e+00 1.967289720e+00 2.000000000e+00 
1.308631212e+00 1.336448598e+00 1.468661640e+00 
1.508282476e+00 1.840453939e+00 2.000000000e+00 
1.241499564e+00 1.379839786e+00 1.535344015e+00 
1.350479512e+00 1.568758344e+00 1.733506126e+00 
1.387096774e+00 1.704272363e+00 1.922478794e+00 
1.317349608e+00 1.332443258e+00 1.488925542e+00 
1.048823017e+00 1.296395194e+00 1.358152686e+00 
1.278988666e+00 1.777703605e+00 1.831291235e+00 
1.384481255e+00 1.453271028e+00 1.666588124e+00 
1.122493461e+00 1.581441923e+00 1.564797361e+00 
1.205754141e+00 1.391188251e+00 1.471489161e+00 
1.298169137e+00 1.512016021e+00 1.650801131e+00 
1.290322581e+00 1.281041389e+00 1.459943450e+00 
1.228421970e+00 1.542723632e+00 1.660461828e+00 
1.048823017e+00 1.263684913e+00 1.270970782e+00 
1.167393200e+00 1.610814419e+00 1.642318567e+00 
1.032258065e+00 1.260347130e+00 1.206644675e+00 
1.032258065e+00 1.277703605e+00 1.299952875e+00 
1.181996513e+00 1.336448598e+00 1.459943450e+00 
1.228421970e+00 1.510013351e+00 1.573279925e+00 
1.150828248e+00 1.437249666e+00 1.547125353e+00 
1.214472537e+00 1.375166889e+00 1.473138549e+00 
1.387096774e+00 1.451268358e+00 1.666588124e+00 
1.243243243e+00 1.299065421e+00 1.439679548e+00 
1.497820401e+00 1.443257677e+00 1.666588124e+00 
1.115954664e+00 1.443925234e+00 1.555136664e+00 
1.205754141e+00 1.447930574e+00 1.564797361e+00 
1.448997384e+00 1.472630174e+00 1.741988690e+00 
1.450741064e+00 1.391855808e+00 1.646324222e+00 
1.150828248e+00 1.380507343e+00 1.453817154e+00 
1.196163906e+00 1.302403204e+00 1.459943450e+00 
1.008718396e+00 1.140186916e+00 1.093308200e+00 
1.309503051e+00 1.299732977e+00 1.477615457e+00 
1.084568439e+00 1.135514019e+00 1.270970782e+00 
1.503051439e+00 1.324432577e+00 1.488925542e+00 
1.479511770e+00 1.437917223e+00 1.657634307e+00 
1.412380122e+00 1.337116155e+00 1.553016023e+00 
1.275501308e+00 1.360480641e+00 1.461828464e+00 
1.298169137e+00 1.181575434e+00 1.299952875e+00 
1.082824760e+00 1.205607477e+00 1.366635250e+00 
1.275501308e+00 1.248998665e+00 1.395617342e+00 
1.290322581e+00 1.367823765e+00 1.573279925e+00 
1.267654752e+00 1.216288385e+00 1.384307257e+00 
1.148212729e+00 1.312416555e+00 1.395617342e+00 
1.015693112e+00 1.084779706e+00 1.188972667e+00 
1.223190933e+00 1.160213618e+00 1.282280867e+00 
1.048823017e+00 1.239652870e+00 1.264844486e+00 
1.000871840e+00 1.056742323e+00 1.000000000e+00 
1.000871840e+00 1.086114820e+00 1.077521206e+00 
1.129904098e+00 1.184245661e+00 1.282280867e+00 
1.008718396e+00 1.169559413e+00 1.170829406e+00 
1.049694856e+00 1.052069426e+00 1.177662582e+00 
1.018308631e+00 1.000000000e+00 1.000000000e+00 
1.018308631e+00 1.017356475e+00 1.093308200e+00 

1.331081081e+00 1.563417891e+00 1.666588124e+00 
1.228421970e+00 1.599465955e+00 1.753770028e+00 
1.460113339e+00 1.979305741e+00 2.000000000e+00 
1.599825632e+00 1.889853138e+00 2.000000000e+00 
1.167393200e+00 1.610814419e+00 1.642318567e+00 
1.263949433e+00 1.801068091e+00 1.831291235e+00 
1.115954664e+00 1.426568758e+00 1.461828464e+00 
1.308631212e+00 1.739652870e+00 1.831291235e+00 
1.354620750e+00 1.800400534e+00 1.912818096e+00 
1.195945946e+00 1.626168224e+00 1.744109331e+00 
1.227550131e+00 1.581441923e+00 1.666588124e+00 
1.298169137e+00 1.512016021e+00 1.650801131e+00 
1.456843941e+00 1.616822430e+00 1.819509896e+00 
1.387096774e+00 1.704272363e+00 1.922478794e+00 
1.278988666e+00 1.777703605e+00 1.831291235e+00 
1.115954664e+00 1.443925234e+00 1.555136664e+00 
1.646904969e+00 1.694926569e+00 1.912818096e+00 
1.570183086e+00 1.702937250e+00 1.912818096e+00 
1.388840453e+00 1.566755674e+00 1.733506126e+00 
1.387096774e+00 1.647530040e+00 1.829170594e+00 
1.448997384e+00 1.472630174e+00 1.741988690e+00 
1.115954664e+00 1.397196262e+00 1.384307257e+00 
1.228421970e+00 1.542723632e+00 1.660461828e+00 
1.373147341e+00 1.479973298e+00 1.641847314e+00 
1.228421970e+00 1.510013351e+00 1.573279925e+00 
1.524847428e+00 1.600801068e+00 1.835296890e+00 
1.150828248e+00 1.437249666e+00 1.547125353e+00 
1.304272014e+00 1.573431242e+00 1.666588124e+00 
1.489102005e+00 1.558744993e+00 1.744109331e+00 
1.497820401e+00 1.443257677e+00 1.666588124e+00 
1.525719268e+00 1.545393858e+00 1.835296890e+00 
1.181996513e+00 1.336448598e+00 1.459943450e+00 
1.032258065e+00 1.260347130e+00 1.206644675e+00 
1.387096774e+00 1.451268358e+00 1.666588124e+00 
1.143853531e+00 1.473965287e+00 1.566446748e+00 
1.029642546e+00 1.284379172e+00 1.270970782e+00 
1.195945946e+00 1.596795728e+00 1.666588124e+00 
1.008718396e+00 1.169559413e+00 1.170829406e+00 
1.458587620e+00 1.424566088e+00 1.657634307e+00 
1.048823017e+00 1.296395194e+00 1.358152686e+00 
1.226678291e+00 1.429238985e+00 1.482799246e+00 
1.384481255e+00 1.453271028e+00 1.666588124e+00 
1.290322581e+00 1.281041389e+00 1.459943450e+00 
1.205754141e+00 1.415220294e+00 1.477615457e+00 
1.241499564e+00 1.379839786e+00 1.535344015e+00 
1.082824760e+00 1.205607477e+00 1.366635250e+00 
1.032258065e+00 1.307076101e+00 1.377474081e+00 
1.214472537e+00 1.375166889e+00 1.473138549e+00 
1.032258065e+00 1.277703605e+00 1.299952875e+00 
1.309503051e+00 1.299732977e+00 1.477615457e+00 
1.317349608e+00 1.332443258e+00 1.488925542e+00 
1.290322581e+00 1.367823765e+00 1.573279925e+00 
1.150828248e+00 1.380507343e+00 1.453817154e+00 
1.196163906e+00 1.302403204e+00 1.459943450e+00 
1.503051439e+00 1.324432577e+00 1.488925542e+00 
1.243243243e+00 1.299065421e+00 1.439679548e+00 
1.275501308e+00 1.360480641e+00 1.461828464e+00 
1.008718396e+00 1.140186916e+00 1.093308200e+00 
1.412380122e+00 1.337116155e+00 1.553016023e+00 
1.084568439e+00 1.135514019e+00 1.270970782e+00 
1.298169137e+00 1.181575434e+00 1.299952875e+00 
1.048823017e+00 1.239652870e+00 1.264844486e+00 
1.275501308e+00 1.248998665e+00 1.395617342e+00 
1.450741064e+00 1.391855808e+00 1.646324222e+00 
1.317349608e+00 1.438584780e+00 1.628652215e+00 
1.308631212e+00 1.336448598e+00 1.468661640e+00 
1.129904098e+00 1.184245661e+00 1.282280867e+00 
1.223190933e+00 1.160213618e+00 1.282280867e+00 
1.205754141e+00 1.391188251e+00 1.471489161e+00 
1.148212729e+00 1.312416555e+00 1.395617342e+00 
1.049694856e+00 1.052069426e+00 1.177662582e+00 
1.015693112e+00 1.084779706e+00 1.188972667e+00 
1.000871840e+00 1.086114820e+00 1.077521206e+00 
1.267654752e+00 1.216288385e+00 1.384307257e+00 
1.000871840e+00 1.056742323e+00 1.000000000e+00 
1.018308631e+00 1.000000000e+00 1.000000000e+00 
1.048823017e+00 1.263684913e+00 1.270970782e+00 
1.018308631e+00 1.017356475e+00 1.093308200e+00 

1.115954664e+00 1.397196262e+00 1.384307257e+00 
1.482999128e+00 1.586114820e+00 1.744816211e+00 
1.350479512e+00 1.568758344e+00 1.733506126e+00 
1.508282476e+00 1.893858478e+00 2.000000000e+00 
1.228421970e+00 1.566755674e+00 1.666588124e+00 
1.421098518e+00 1.964619493e+00 2.000000000e+00 
1.344376635e+00 1.745660881e+00 1.831291235e+00 
1.679163034e+00 1.693591455e+00 1.922478794e+00 
1.520488230e+00 1.871829105e+00 2.000000000e+00 
1.115954664e+00 1.414552737e+00 1.477615457e+00 
1.667829119e+00 1.686915888e+00 1.912818096e+00 
1.570183086e+00 1.702937250e+00 1.912818096e+00 
1.195945946e+00 1.596795728e+00 1.666588124e+00 
1.664341761e+00 1.692256342e+00 1.912818096e+00 
1.227550131e+00 1.610814419e+00 1.744109331e+00 
1.369659983e+00 1.797730307e+00 1.912818096e+00 
1.354620750e+00 1.800400534e+00 1.912818096e+00 
1.369659983e+00 1.768357810e+00 1.835296890e+00 
1.456843941e+00 1.616822430e+00 1.819509896e+00 
1.387096774e+00 1.704272363e+00 1.922478794e+00 
1.387096774e+00 1.451268358e+00 1.666588124e+00 
1.387096774e+00 1.671562083e+00 1.835296890e+00 
1.115954664e+00 1.443925234e+00 1.555136664e+00 
1.298169137e+00 1.512016021e+00 1.650801131e+00 
1.181996513e+00 1.336448598e+00 1.459943450e+00 
1.228421970e+00 1.599465955e+00 1.753770028e+00 
1.143853531e+00 1.473965287e+00 1.566446748e+00 
1.227550131e+00 1.581441923e+00 1.666588124e+00 
1.489102005e+00 1.558744993e+00 1.744109331e+00 
1.150828248e+00 1.437249666e+00 1.547125353e+00 
1.167393200e+00 1.610814419e+00 1.642318567e+00 
1.032258065e+00 1.277703605e+00 1.299952875e+00 
1.373147341e+00 1.479973298e+00 1.641847314e+00 
1.503051439e+00 1.324432577e+00 1.488925542e+00 
1.773321709e+00 1.855807744e+00 2.000000000e+00 
1.029642546e+00 1.284379172e+00 1.270970782e+00 
1.387096774e+00 1.647530040e+00 1.829170594e+00 
1.226678291e+00 1.429238985e+00 1.482799246e+00 
1.781168265e+00 1.848464619e+00 2.000000000e+00 
1.228421970e+00 1.542723632e+00 1.660461828e+00 
1.714908457e+00 1.869826435e+00 2.000000000e+00 
1.032258065e+00 1.260347130e+00 1.206644675e+00 
1.448997384e+00 1.472630174e+00 1.741988690e+00 
1.646904969e+00 1.694926569e+00 1.912818096e+00 
1.243243243e+00 1.299065421e+00 1.439679548e+00 
1.308631212e+00 1.336448598e+00 1.468661640e+00 
1.388840453e+00 1.566755674e+00 1.733506126e+00 
1.228421970e+00 1.510013351e+00 1.573279925e+00 
1.317349608e+00 1.332443258e+00 1.488925542e+00 
1.497820401e+00 1.443257677e+00 1.666588124e+00 
1.290322581e+00 1.367823765e+00 1.573279925e+00 
1.309503051e+00 1.299732977e+00 1.477615457e+00 
1.275501308e+00 1.360480641e+00 1.461828464e+00 
1.196163906e+00 1.302403204e+00 1.459943450e+00 
1.214472537e+00 1.375166889e+00 1.473138549e+00 
1.412380122e+00 1.337116155e+00 1.553016023e+00 
1.298169137e+00 1.181575434e+00 1.299952875e+00 
1.205754141e+00 1.391188251e+00 1.471489161e+00 
1.458587620e+00 1.424566088e+00 1.657634307e+00 
1.275501308e+00 1.248998665e+00 1.395617342e+00 
1.048823017e+00 1.263684913e+00 1.270970782e+00 
1.241499564e+00 1.379839786e+00 1.535344015e+00 
1.450741064e+00 1.391855808e+00 1.646324222e+00 
1.008718396e+00 1.140186916e+00 1.093308200e+00 
1.148212729e+00 1.312416555e+00 1.395617342e+00 
1.524847428e+00 1.600801068e+00 1.835296890e+00 
1.317349608e+00 1.438584780e+00 1.628652215e+00 
1.048823017e+00 1.296395194e+00 1.358152686e+00 
1.048823017e+00 1.239652870e+00 1.264844486e+00 
1.267654752e+00 1.216288385e+00 1.384307257e+00 
1.290322581e+00 1.281041389e+00 1.459943450e+00 
1.150828248e+00 1.380507343e+00 1.453817154e+00 
1.525719268e+00 1.545393858e+00 1.835296890e+00 
1.384481255e+00 1.453271028e+00 1.666588124e+00 
1.223190933e+00 1.160213618e+00 1.282280867e+00 
1.084568439e+00 1.135514019e+00 1.270970782e+00 
1.008718396e+00 1.169559413e+00 1.170829406e+00 
1.129904098e+00 1.184245661e+00 1.282280867e+00 
1.032258065e+00 1.307076101e+00 1.377474081e+00 
1.082824760e+00 1.205607477e+00 1.366635250e+00 
1.049694856e+00 1.052069426e+00 1.177662582e+00 
1.000871840e+00 1.086114820e+00 1.077521206e+00 
1.000871840e+00 1.056742323e+00 1.000000000e+00 
1.018308631e+00 1.017356475e+00 1.093308200e+00 
1.015693112e+00 1.084779706e+00 1.188972667e+00 
1.018308631e+00 1.000000000e+00 1.000000000e+00 
