1.206681034e+00 1.615437158e+00 1.777353178e+00 
1.484482759e+00 1.375000000e+00 1.621480290e+00 
1.590517241e+00 1.330601093e+00 1.609613837e+00 
1.231034483e+00 1.411885246e+00 1.613837490e+00 
1.318750000e+00 1.634562842e+00 1.847345133e+00 
1.371551724e+00 1.530737705e+00 1.777353178e+00 
1.410344828e+00 1.415300546e+00 1.639782784e+00 
1.099568966e+00 1.375683060e+00 1.483909895e+00 
1.448706897e+00 1.717213115e+00 1.930008045e+00 
1.344612069e+00 1.503415301e+00 1.679605792e+00 
1.400862069e+00 1.527322404e+00 1.692477876e+00 
1.206681034e+00 1.635245902e+00 1.847345133e+00 
1.386422414e+00 1.734289617e+00 1.930008045e+00 
1.358405172e+00 1.754781421e+00 2.000000000e+00 
1.783189655e+00 1.719945355e+00 2.000000000e+00 
1.458189655e+00 1.454234973e+00 1.777353178e+00 
1.154525862e+00 1.582650273e+00 1.709774739e+00 
1.412931034e+00 1.517076503e+00 1.777353178e+00 
1.193750000e+00 1.543715847e+00 1.693684634e+00 
1.196120690e+00 1.541666667e+00 1.637570394e+00 
1.609913793e+00 1.573770492e+00 1.930008045e+00 
1.154525862e+00 1.562841530e+00 1.639782784e+00 
1.145905172e+00 1.504781421e+00 1.556114240e+00 
1.333836207e+00 1.884562842e+00 2.000000000e+00 
1.201293103e+00 1.369535519e+00 1.484915527e+00 
1.276508621e+00 1.790983607e+00 1.862429606e+00 
1.406896552e+00 1.250000000e+00 1.361222848e+00 
1.417241379e+00 1.717896175e+00 1.930008045e+00 
1.523275862e+00 1.650273224e+00 1.930008045e+00 
1.367672414e+00 1.572404372e+00 1.707562349e+00 
1.277155172e+00 1.377049180e+00 1.623692679e+00 
1.314655172e+00 1.598360656e+00 1.766492357e+00 
1.439655172e+00 1.400273224e+00 1.637570394e+00 
1.306250000e+00 1.702185792e+00 1.862429606e+00 
1.283405172e+00 1.715846995e+00 1.862429606e+00 
1.428879310e+00 1.496584699e+00 1.776347546e+00 
1.097413793e+00 1.297131148e+00 1.476267096e+00 
1.488793103e+00 1.379098361e+00 1.637570394e+00 
1.409482759e+00 1.253415301e+00 1.455953339e+00 
1.564655172e+00 1.636612022e+00 1.930008045e+00 
1.332327586e+00 1.355191257e+00 1.613837490e+00 
1.275000000e+00 1.277322404e+00 1.468825422e+00 
1.088793103e+00 1.219262295e+00 1.322606597e+00 
1.242241379e+00 1.145491803e+00 1.207562349e+00 
1.132327586e+00 1.399590164e+00 1.486122285e+00 
1.237931034e+00 1.415983607e+00 1.639782784e+00 
1.287931034e+00 1.280737705e+00 1.484915527e+00 
1.409482759e+00 1.244535519e+00 1.446098150e+00 
1.180172414e+00 1.438524590e+00 1.623692679e+00 
1.229310345e+00 1.338114754e+00 1.486122285e+00 
1.275862069e+00 1.148907104e+00 1.317176187e+00 
1.389655172e+00 1.535519126e+00 1.792437651e+00 
1.136637931e+00 1.258196721e+00 1.460176991e+00 
1.438793103e+00 1.234289617e+00 1.458970233e+00 
1.130172414e+00 1.160519126e+00 1.290225261e+00 
1.260344828e+00 1.255464481e+00 1.458970233e+00 
1.268965517e+00 1.134562842e+00 1.292437651e+00 
1.337068966e+00 1.259562842e+00 1.484915527e+00 
1.477586207e+00 1.231557377e+00 1.446098150e+00 
1.243103448e+00 1.137295082e+00 1.305309735e+00 
1.107758621e+00 1.013661202e+00 1.137570394e+00 
1.248275862e+00 1.123633880e+00 1.291230893e+00 
1.000000000e+00 1.107240437e+00 1.152654867e+00 
1.145689655e+00 1.057377049e+00 1.153660499e+00 
1.030172414e+00 1.065573770e+00 1.163515688e+00 
1.107758621e+00 1.000000000e+00 1.000000000e+00 
1.141379310e+00 1.162568306e+00 1.331255028e+00 
1.000862069e+00 1.111338798e+00 1.167739340e+00 
1.000000000e+00 1.083333333e+00 1.000000000e+00 
1.030172414e+00 1.051229508e+00 1.000000000e+00 
1.044396552e+00 1.291666667e+00 1.331255028e+00 

1.488793103e+00 1.379098361e+00 1.637570394e+00 
1.346551724e+00 1.641393443e+00 1.846339501e+00 
1.481034483e+00 1.605874317e+00 1.930008045e+00 
1.439655172e+00 1.400273224e+00 1.637570394e+00 
1.237931034e+00 1.415983607e+00 1.639782784e+00 
1.307327586e+00 1.680327869e+00 1.862429606e+00 
1.346982759e+00 1.663251366e+00 1.930008045e+00 
1.416379310e+00 1.648224044e+00 1.847345133e+00 
1.196120690e+00 1.561475410e+00 1.792437651e+00 
1.443750000e+00 1.517076503e+00 1.679605792e+00 
1.425862069e+00 1.521857923e+00 1.777353178e+00 
1.734482759e+00 1.527322404e+00 1.792437651e+00 
1.231034483e+00 1.411885246e+00 1.613837490e+00 
1.235344828e+00 1.522540984e+00 1.776347546e+00 
1.472844828e+00 1.474043716e+00 1.777353178e+00 
1.140948276e+00 1.477459016e+00 1.639782784e+00 
1.590517241e+00 1.330601093e+00 1.609613837e+00 
1.435129310e+00 1.911202186e+00 2.000000000e+00 
1.406896552e+00 1.250000000e+00 1.361222848e+00 
1.477586207e+00 1.231557377e+00 1.446098150e+00 
1.277155172e+00 1.377049180e+00 1.623692679e+00 
1.099568966e+00 1.375683060e+00 1.483909895e+00 
1.631465517e+00 1.600409836e+00 1.847345133e+00 
1.409482759e+00 1.244535519e+00 1.446098150e+00 
1.260344828e+00 1.255464481e+00 1.458970233e+00 
1.438793103e+00 1.234289617e+00 1.458970233e+00 
1.332327586e+00 1.355191257e+00 1.613837490e+00 
1.410344828e+00 1.415300546e+00 1.639782784e+00 
1.132327586e+00 1.399590164e+00 1.486122285e+00 
1.287931034e+00 1.280737705e+00 1.484915527e+00 
1.201293103e+00 1.369535519e+00 1.484915527e+00 
1.248275862e+00 1.123633880e+00 1.291230893e+00 
1.242241379e+00 1.145491803e+00 1.207562349e+00 
1.130172414e+00 1.160519126e+00 1.290225261e+00 
1.243103448e+00 1.137295082e+00 1.305309735e+00 
1.337068966e+00 1.259562842e+00 1.484915527e+00 
1.409482759e+00 1.253415301e+00 1.455953339e+00 
1.088793103e+00 1.219262295e+00 1.322606597e+00 
1.044396552e+00 1.291666667e+00 1.331255028e+00 
1.097413793e+00 1.297131148e+00 1.476267096e+00 
1.229310345e+00 1.338114754e+00 1.486122285e+00 
1.275862069e+00 1.148907104e+00 1.317176187e+00 
1.180172414e+00 1.438524590e+00 1.623692679e+00 
1.136637931e+00 1.258196721e+00 1.460176991e+00 
1.141379310e+00 1.162568306e+00 1.331255028e+00 
1.275000000e+00 1.277322404e+00 1.468825422e+00 
1.107758621e+00 1.013661202e+00 1.137570394e+00 
1.030172414e+00 1.065573770e+00 1.163515688e+00 
1.145689655e+00 1.057377049e+00 1.153660499e+00 
1.268965517e+00 1.134562842e+00 1.292437651e+00 
1.000862069e+00 1.111338798e+00 1.167739340e+00 
1.030172414e+00 1.051229508e+00 1.000000000e+00 
1.107758621e+00 1.000000000e+00 1.000000000e+00 
1.000000000e+00 1.107240437e+00 1.152654867e+00 
1.000000000e+00 1.083333333e+00 1.000000000e+00 

1.206681034e+00 1.615437158e+00 1.777353178e+00 
1.412931034e+00 1.517076503e+00 1.777353178e+00 
1.458189655e+00 1.454234973e+00 1.777353178e+00 
1.590517241e+00 1.330601093e+00 1.609613837e+00 
1.371551724e+00 1.530737705e+00 1.777353178e+00 
1.523275862e+00 1.650273224e+00 1.930008045e+00 
1.283405172e+00 1.715846995e+00 1.862429606e+00 
1.206681034e+00 1.635245902e+00 1.847345133e+00 
1.328232759e+00 1.775956284e+00 1.930008045e+00 
1.231034483e+00 1.411885246e+00 1.613837490e+00 
1.470474138e+00 1.754098361e+00 2.000000000e+00 
1.477586207e+00 1.231557377e+00 1.446098150e+00 
1.358405172e+00 1.754781421e+00 2.000000000e+00 
1.417241379e+00 1.717896175e+00 1.930008045e+00 
1.362068966e+00 1.510245902e+00 1.766492357e+00 
1.344612069e+00 1.503415301e+00 1.679605792e+00 
1.564655172e+00 1.636612022e+00 1.930008045e+00 
1.333836207e+00 1.884562842e+00 2.000000000e+00 
1.624568966e+00 1.593579235e+00 1.930008045e+00 
1.154525862e+00 1.582650273e+00 1.709774739e+00 
1.275000000e+00 1.277322404e+00 1.468825422e+00 
1.496551724e+00 1.676229508e+00 1.930008045e+00 
1.277155172e+00 1.377049180e+00 1.623692679e+00 
1.496336207e+00 1.622950820e+00 1.832260660e+00 
1.439655172e+00 1.400273224e+00 1.637570394e+00 
1.386422414e+00 1.734289617e+00 1.930008045e+00 
1.193750000e+00 1.543715847e+00 1.693684634e+00 
1.140948276e+00 1.477459016e+00 1.639782784e+00 
1.389655172e+00 1.535519126e+00 1.792437651e+00 
1.562068966e+00 1.534836066e+00 1.792437651e+00 
1.337068966e+00 1.259562842e+00 1.484915527e+00 
1.306250000e+00 1.702185792e+00 1.862429606e+00 
1.260344828e+00 1.255464481e+00 1.458970233e+00 
1.229310345e+00 1.338114754e+00 1.486122285e+00 
1.409482759e+00 1.244535519e+00 1.446098150e+00 
1.237931034e+00 1.415983607e+00 1.639782784e+00 
1.488793103e+00 1.379098361e+00 1.637570394e+00 
1.141379310e+00 1.162568306e+00 1.331255028e+00 
1.428879310e+00 1.496584699e+00 1.776347546e+00 
1.410344828e+00 1.415300546e+00 1.639782784e+00 
1.180172414e+00 1.438524590e+00 1.623692679e+00 
1.332327586e+00 1.355191257e+00 1.613837490e+00 
1.132327586e+00 1.399590164e+00 1.486122285e+00 
1.287931034e+00 1.280737705e+00 1.484915527e+00 
1.275862069e+00 1.148907104e+00 1.317176187e+00 
1.201293103e+00 1.369535519e+00 1.484915527e+00 
1.268965517e+00 1.134562842e+00 1.292437651e+00 
1.438793103e+00 1.234289617e+00 1.458970233e+00 
1.099568966e+00 1.375683060e+00 1.483909895e+00 
1.097413793e+00 1.297131148e+00 1.476267096e+00 
1.243103448e+00 1.137295082e+00 1.305309735e+00 
1.136637931e+00 1.258196721e+00 1.460176991e+00 
1.130172414e+00 1.160519126e+00 1.290225261e+00 
1.406896552e+00 1.250000000e+00 1.361222848e+00 
1.088793103e+00 1.219262295e+00 1.322606597e+00 
1.044396552e+00 1.291666667e+00 1.331255028e+00 
1.242241379e+00 1.145491803e+00 1.207562349e+00 
1.409482759e+00 1.253415301e+00 1.455953339e+00 
1.030172414e+00 1.065573770e+00 1.163515688e+00 
1.145689655e+00 1.057377049e+00 1.153660499e+00 
1.107758621e+00 1.013661202e+00 1.137570394e+00 
1.107758621e+00 1.000000000e+00 1.000000000e+00 
1.248275862e+00 1.123633880e+00 1.291230893e+00 
1.000862069e+00 1.111338798e+00 1.167739340e+00 
1.000000000e+00 1.083333333e+00 1.000000000e+00 
1.030172414e+00 1.051229508e+00 1.000000000e+00 
1.000000000e+00 1.107240437e+00 1.152654867e+00 

1.410344828e+00 1.415300546e+00 1.639782784e+00 
1.235344828e+00 1.522540984e+00 1.776347546e+00 
1.720258621e+00 1.593579235e+00 1.930008045e+00 
1.484482759e+00 1.375000000e+00 1.621480290e+00 
1.623275862e+00 1.403688525e+00 1.624698311e+00 
1.237931034e+00 1.415983607e+00 1.639782784e+00 
1.277801724e+00 1.690573770e+00 1.836484312e+00 
1.590517241e+00 1.330601093e+00 1.609613837e+00 
1.458189655e+00 1.454234973e+00 1.777353178e+00 
1.193750000e+00 1.543715847e+00 1.693684634e+00 
1.520258621e+00 1.640710383e+00 1.930008045e+00 
1.180172414e+00 1.438524590e+00 1.623692679e+00 
1.307327586e+00 1.680327869e+00 1.862429606e+00 
1.136637931e+00 1.258196721e+00 1.460176991e+00 
1.687500000e+00 1.620218579e+00 1.930008045e+00 
1.786206897e+00 1.573087432e+00 1.847345133e+00 
1.406896552e+00 1.250000000e+00 1.361222848e+00 
1.718965517e+00 1.594262295e+00 1.847345133e+00 
1.260344828e+00 1.255464481e+00 1.458970233e+00 
1.421551724e+00 1.376366120e+00 1.613837490e+00 
1.477586207e+00 1.231557377e+00 1.446098150e+00 
1.409482759e+00 1.253415301e+00 1.455953339e+00 
1.672413793e+00 1.554644809e+00 1.792437651e+00 
1.550000000e+00 1.363387978e+00 1.609613837e+00 
1.201293103e+00 1.369535519e+00 1.484915527e+00 
1.196120690e+00 1.561475410e+00 1.792437651e+00 
1.248275862e+00 1.123633880e+00 1.291230893e+00 
1.277155172e+00 1.377049180e+00 1.623692679e+00 
1.242241379e+00 1.145491803e+00 1.207562349e+00 
1.275000000e+00 1.277322404e+00 1.468825422e+00 
1.229310345e+00 1.338114754e+00 1.486122285e+00 
1.275862069e+00 1.148907104e+00 1.317176187e+00 
1.099568966e+00 1.375683060e+00 1.483909895e+00 
1.346982759e+00 1.663251366e+00 1.930008045e+00 
1.268965517e+00 1.134562842e+00 1.292437651e+00 
1.231034483e+00 1.411885246e+00 1.613837490e+00 
1.132327586e+00 1.399590164e+00 1.486122285e+00 
1.140948276e+00 1.477459016e+00 1.639782784e+00 
1.287931034e+00 1.280737705e+00 1.484915527e+00 
1.107758621e+00 1.013661202e+00 1.137570394e+00 
1.337068966e+00 1.259562842e+00 1.484915527e+00 
1.130172414e+00 1.160519126e+00 1.290225261e+00 
1.044396552e+00 1.291666667e+00 1.331255028e+00 
1.409482759e+00 1.244535519e+00 1.446098150e+00 
1.141379310e+00 1.162568306e+00 1.331255028e+00 
1.107758621e+00 1.000000000e+00 1.000000000e+00 
1.097413793e+00 1.297131148e+00 1.476267096e+00 
1.145689655e+00 1.057377049e+00 1.153660499e+00 
1.088793103e+00 1.219262295e+00 1.322606597e+00 
1.438793103e+00 1.234289617e+00 1.458970233e+00 
1.000000000e+00 1.083333333e+00 1.000000000e+00 
1.243103448e+00 1.137295082e+00 1.305309735e+00 
1.030172414e+00 1.051229508e+00 1.000000000e+00 
1.000862069e+00 1.111338798e+00 1.167739340e+00 
1.000000000e+00 1.107240437e+00 1.152654867e+00 
1.030172414e+00 1.065573770e+00 1.163515688e+00 

1.180172414e+00 1.438524590e+00 1.623692679e+00 
1.659482759e+00 1.534836066e+00 1.792437651e+00 
1.523275862e+00 1.357240437e+00 1.516090105e+00 
1.338362069e+00 1.585382514e+00 1.776347546e+00 
1.440517241e+00 1.729508197e+00 1.862429606e+00 
1.485344828e+00 1.535519126e+00 1.792437651e+00 
1.277155172e+00 1.377049180e+00 1.623692679e+00 
1.452801724e+00 1.728825137e+00 1.862429606e+00 
1.328017241e+00 1.362704918e+00 1.613837490e+00 
1.140948276e+00 1.477459016e+00 1.639782784e+00 
1.344181034e+00 1.769125683e+00 1.862429606e+00 
1.610775862e+00 1.627732240e+00 1.930008045e+00 
1.206681034e+00 1.635245902e+00 1.847345133e+00 
1.439655172e+00 1.400273224e+00 1.637570394e+00 
1.097413793e+00 1.297131148e+00 1.476267096e+00 
1.428879310e+00 1.496584699e+00 1.776347546e+00 
1.557758621e+00 1.655737705e+00 1.930008045e+00 
1.318750000e+00 1.634562842e+00 1.847345133e+00 
1.793103448e+00 1.607240437e+00 1.847345133e+00 
1.455172414e+00 1.717213115e+00 1.930008045e+00 
1.681465517e+00 1.620901639e+00 1.847345133e+00 
1.438793103e+00 1.234289617e+00 1.458970233e+00 
1.136637931e+00 1.258196721e+00 1.460176991e+00 
1.458189655e+00 1.454234973e+00 1.777353178e+00 
1.287931034e+00 1.280737705e+00 1.484915527e+00 
1.193750000e+00 1.543715847e+00 1.693684634e+00 
1.154525862e+00 1.582650273e+00 1.709774739e+00 
1.651724138e+00 1.441256831e+00 1.777353178e+00 
1.406896552e+00 1.250000000e+00 1.361222848e+00 
1.409482759e+00 1.244535519e+00 1.446098150e+00 
1.099568966e+00 1.375683060e+00 1.483909895e+00 
1.229310345e+00 1.338114754e+00 1.486122285e+00 
1.260344828e+00 1.255464481e+00 1.458970233e+00 
1.201293103e+00 1.369535519e+00 1.484915527e+00 
1.243103448e+00 1.137295082e+00 1.305309735e+00 
1.427586207e+00 1.602459016e+00 1.792437651e+00 
1.412931034e+00 1.517076503e+00 1.777353178e+00 
1.371551724e+00 1.530737705e+00 1.777353178e+00 
1.409482759e+00 1.253415301e+00 1.455953339e+00 
1.488793103e+00 1.379098361e+00 1.637570394e+00 
1.275000000e+00 1.277322404e+00 1.468825422e+00 
1.132327586e+00 1.399590164e+00 1.486122285e+00 
1.337068966e+00 1.259562842e+00 1.484915527e+00 
1.237931034e+00 1.415983607e+00 1.639782784e+00 
1.590517241e+00 1.330601093e+00 1.609613837e+00 
1.268965517e+00 1.134562842e+00 1.292437651e+00 
1.044396552e+00 1.291666667e+00 1.331255028e+00 
1.275862069e+00 1.148907104e+00 1.317176187e+00 
1.231034483e+00 1.411885246e+00 1.613837490e+00 
1.141379310e+00 1.162568306e+00 1.331255028e+00 
1.242241379e+00 1.145491803e+00 1.207562349e+00 
1.248275862e+00 1.123633880e+00 1.291230893e+00 
1.410344828e+00 1.415300546e+00 1.639782784e+00 
1.477586207e+00 1.231557377e+00 1.446098150e+00 
1.088793103e+00 1.219262295e+00 1.322606597e+00 
1.107758621e+00 1.013661202e+00 1.137570394e+00 
1.030172414e+00 1.065573770e+00 1.163515688e+00 
1.000862069e+00 1.111338798e+00 1.167739340e+00 
1.145689655e+00 1.057377049e+00 1.153660499e+00 
1.030172414e+00 1.051229508e+00 1.000000000e+00 
1.000000000e+00 1.083333333e+00 1.000000000e+00 
1.130172414e+00 1.160519126e+00 1.290225261e+00 
1.000000000e+00 1.107240437e+00 1.152654867e+00 
1.107758621e+00 1.000000000e+00 1.000000000e+00 

1.562068966e+00 1.534836066e+00 1.792437651e+00 
1.496551724e+00 1.676229508e+00 1.930008045e+00 
1.306250000e+00 1.702185792e+00 1.862429606e+00 
1.237931034e+00 1.415983607e+00 1.639782784e+00 
1.564655172e+00 1.636612022e+00 1.930008045e+00 
1.439655172e+00 1.400273224e+00 1.637570394e+00 
1.291810345e+00 1.579234973e+00 1.777353178e+00 
1.206681034e+00 1.635245902e+00 1.847345133e+00 
1.484482759e+00 1.375000000e+00 1.621480290e+00 
1.590517241e+00 1.330601093e+00 1.609613837e+00 
1.496336207e+00 1.622950820e+00 1.832260660e+00 
1.154525862e+00 1.582650273e+00 1.709774739e+00 
1.309051724e+00 1.597677596e+00 1.792437651e+00 
1.406896552e+00 1.250000000e+00 1.361222848e+00 
1.389655172e+00 1.535519126e+00 1.792437651e+00 
1.720258621e+00 1.593579235e+00 1.930008045e+00 
1.458189655e+00 1.454234973e+00 1.777353178e+00 
1.428879310e+00 1.496584699e+00 1.776347546e+00 
1.339655172e+00 1.363387978e+00 1.613837490e+00 
1.488793103e+00 1.379098361e+00 1.637570394e+00 
1.410344828e+00 1.415300546e+00 1.639782784e+00 
1.099568966e+00 1.375683060e+00 1.483909895e+00 
1.409482759e+00 1.244535519e+00 1.446098150e+00 
1.231034483e+00 1.411885246e+00 1.613837490e+00 
1.734482759e+00 1.527322404e+00 1.792437651e+00 
1.660344828e+00 1.619535519e+00 1.845132743e+00 
1.132327586e+00 1.399590164e+00 1.486122285e+00 
1.523275862e+00 1.357240437e+00 1.516090105e+00 
1.180172414e+00 1.438524590e+00 1.623692679e+00 
1.229310345e+00 1.338114754e+00 1.486122285e+00 
1.260344828e+00 1.255464481e+00 1.458970233e+00 
1.140948276e+00 1.477459016e+00 1.639782784e+00 
1.136637931e+00 1.258196721e+00 1.460176991e+00 
1.344612069e+00 1.503415301e+00 1.679605792e+00 
1.356681034e+00 1.543032787e+00 1.683829445e+00 
1.275000000e+00 1.277322404e+00 1.468825422e+00 
1.201293103e+00 1.369535519e+00 1.484915527e+00 
1.287931034e+00 1.280737705e+00 1.484915527e+00 
1.318750000e+00 1.634562842e+00 1.847345133e+00 
1.409482759e+00 1.253415301e+00 1.455953339e+00 
1.277155172e+00 1.377049180e+00 1.623692679e+00 
1.193750000e+00 1.543715847e+00 1.693684634e+00 
1.337068966e+00 1.259562842e+00 1.484915527e+00 
1.248275862e+00 1.123633880e+00 1.291230893e+00 
1.097413793e+00 1.297131148e+00 1.476267096e+00 
1.275862069e+00 1.148907104e+00 1.317176187e+00 
1.130172414e+00 1.160519126e+00 1.290225261e+00 
1.268965517e+00 1.134562842e+00 1.292437651e+00 
1.141379310e+00 1.162568306e+00 1.331255028e+00 
1.044396552e+00 1.291666667e+00 1.331255028e+00 
1.242241379e+00 1.145491803e+00 1.207562349e+00 
1.412931034e+00 1.517076503e+00 1.777353178e+00 
1.371551724e+00 1.530737705e+00 1.777353178e+00 
1.477586207e+00 1.231557377e+00 1.446098150e+00 
1.243103448e+00 1.137295082e+00 1.305309735e+00 
1.088793103e+00 1.219262295e+00 1.322606597e+00 
1.145689655e+00 1.057377049e+00 1.153660499e+00 
1.000862069e+00 1.111338798e+00 1.167739340e+00 
1.000000000e+00 1.083333333e+00 1.000000000e+00 
1.438793103e+00 1.234289617e+00 1.458970233e+00 
1.030172414e+00 1.051229508e+00 1.000000000e+00 
1.030172414e+00 1.065573770e+00 1.163515688e+00 
1.107758621e+00 1.013661202e+00 1.137570394e+00 
1.000000000e+00 1.107240437e+00 1.152654867e+00 
1.107758621e+00 1.000000000e+00 1.000000000e+00 

1.154525862e+00 1.582650273e+00 1.709774739e+00 
1.318750000e+00 1.634562842e+00 1.847345133e+00 
1.237931034e+00 1.415983607e+00 1.639782784e+00 
1.623275862e+00 1.403688525e+00 1.624698311e+00 
1.481034483e+00 1.605874317e+00 1.930008045e+00 
1.425862069e+00 1.521857923e+00 1.777353178e+00 
1.484482759e+00 1.375000000e+00 1.621480290e+00 
1.389655172e+00 1.535519126e+00 1.792437651e+00 
1.235344828e+00 1.522540984e+00 1.776347546e+00 
1.201293103e+00 1.369535519e+00 1.484915527e+00 
1.406896552e+00 1.250000000e+00 1.361222848e+00 
1.651724138e+00 1.441256831e+00 1.777353178e+00 
1.371551724e+00 1.530737705e+00 1.777353178e+00 
1.409482759e+00 1.244535519e+00 1.446098150e+00 
1.460344828e+00 1.239071038e+00 1.446098150e+00 
1.328017241e+00 1.362704918e+00 1.613837490e+00 
1.180172414e+00 1.438524590e+00 1.623692679e+00 
1.344612069e+00 1.503415301e+00 1.679605792e+00 
1.307327586e+00 1.680327869e+00 1.862429606e+00 
1.136637931e+00 1.258196721e+00 1.460176991e+00 
1.477586207e+00 1.231557377e+00 1.446098150e+00 
1.260344828e+00 1.255464481e+00 1.458970233e+00 
1.458189655e+00 1.454234973e+00 1.777353178e+00 
1.410344828e+00 1.415300546e+00 1.639782784e+00 
1.332327586e+00 1.355191257e+00 1.613837490e+00 
1.196120690e+00 1.561475410e+00 1.792437651e+00 
1.590517241e+00 1.330601093e+00 1.609613837e+00 
1.132327586e+00 1.399590164e+00 1.486122285e+00 
1.346982759e+00 1.663251366e+00 1.930008045e+00 
1.243103448e+00 1.137295082e+00 1.305309735e+00 
1.285775862e+00 1.831284153e+00 1.862429606e+00 
1.229310345e+00 1.338114754e+00 1.486122285e+00 
1.044396552e+00 1.291666667e+00 1.331255028e+00 
1.231034483e+00 1.411885246e+00 1.613837490e+00 
1.099568966e+00 1.375683060e+00 1.483909895e+00 
1.088793103e+00 1.219262295e+00 1.322606597e+00 
1.242241379e+00 1.145491803e+00 1.207562349e+00 
1.130172414e+00 1.160519126e+00 1.290225261e+00 
1.248275862e+00 1.123633880e+00 1.291230893e+00 
1.287931034e+00 1.280737705e+00 1.484915527e+00 
1.140948276e+00 1.477459016e+00 1.639782784e+00 
1.337068966e+00 1.259562842e+00 1.484915527e+00 
1.277155172e+00 1.377049180e+00 1.623692679e+00 
1.268965517e+00 1.134562842e+00 1.292437651e+00 
1.409482759e+00 1.253415301e+00 1.455953339e+00 
1.097413793e+00 1.297131148e+00 1.476267096e+00 
1.107758621e+00 1.000000000e+00 1.000000000e+00 
1.275000000e+00 1.277322404e+00 1.468825422e+00 
1.107758621e+00 1.013661202e+00 1.137570394e+00 
1.000862069e+00 1.111338798e+00 1.167739340e+00 
1.275862069e+00 1.148907104e+00 1.317176187e+00 
1.000000000e+00 1.107240437e+00 1.152654867e+00 
1.141379310e+00 1.162568306e+00 1.331255028e+00 
1.000000000e+00 1.083333333e+00 1.000000000e+00 
1.030172414e+00 1.051229508e+00 1.000000000e+00 
1.030172414e+00 1.065573770e+00 1.163515688e+00 
1.145689655e+00 1.057377049e+00 1.153660499e+00 

1.206681034e+00 1.615437158e+00 1.777353178e+00 
1.344181034e+00 1.769125683e+00 1.862429606e+00 
1.099568966e+00 1.375683060e+00 1.483909895e+00 
1.233405172e+00 1.452185792e+00 1.530168946e+00 
1.937931034e+00 1.692622951e+00 2.000000000e+00 
1.196120690e+00 1.541666667e+00 1.637570394e+00 
1.438362069e+00 1.627732240e+00 1.930008045e+00 
1.870689655e+00 1.713797814e+00 2.000000000e+00 
1.786206897e+00 1.573087432e+00 1.847345133e+00 
1.154525862e+00 1.562841530e+00 1.639782784e+00 
1.484482759e+00 1.375000000e+00 1.621480290e+00 
1.234698276e+00 1.614754098e+00 1.777353178e+00 
1.803448276e+00 1.560792350e+00 1.930008045e+00 
1.332327586e+00 1.355191257e+00 1.613837490e+00 
1.356681034e+00 1.543032787e+00 1.683829445e+00 
1.389655172e+00 1.535519126e+00 1.792437651e+00 
1.237931034e+00 1.415983607e+00 1.639782784e+00 
1.406896552e+00 1.250000000e+00 1.361222848e+00 
1.338362069e+00 1.585382514e+00 1.776347546e+00 
1.234267241e+00 1.446721311e+00 1.525945294e+00 
1.154525862e+00 1.582650273e+00 1.709774739e+00 
1.470474138e+00 1.754098361e+00 2.000000000e+00 
1.470043103e+00 1.795081967e+00 2.000000000e+00 
1.477586207e+00 1.231557377e+00 1.446098150e+00 
1.132327586e+00 1.399590164e+00 1.486122285e+00 
1.783189655e+00 1.719945355e+00 2.000000000e+00 
1.590517241e+00 1.330601093e+00 1.609613837e+00 
1.488793103e+00 1.379098361e+00 1.637570394e+00 
1.318750000e+00 1.634562842e+00 1.847345133e+00 
1.348275862e+00 1.558743169e+00 1.776347546e+00 
1.609913793e+00 1.573770492e+00 1.930008045e+00 
1.193750000e+00 1.543715847e+00 1.693684634e+00 
1.386422414e+00 1.734289617e+00 1.930008045e+00 
1.193750000e+00 1.523907104e+00 1.623692679e+00 
1.390948276e+00 1.509562842e+00 1.766492357e+00 
1.458189655e+00 1.454234973e+00 1.777353178e+00 
1.409482759e+00 1.253415301e+00 1.455953339e+00 
1.268965517e+00 1.134562842e+00 1.292437651e+00 
1.409482759e+00 1.244535519e+00 1.446098150e+00 
1.428879310e+00 1.496584699e+00 1.776347546e+00 
1.562068966e+00 1.534836066e+00 1.792437651e+00 
1.651724138e+00 1.441256831e+00 1.777353178e+00 
1.145905172e+00 1.504781421e+00 1.556114240e+00 
1.201293103e+00 1.369535519e+00 1.484915527e+00 
1.277155172e+00 1.377049180e+00 1.623692679e+00 
1.438793103e+00 1.234289617e+00 1.458970233e+00 
1.130172414e+00 1.160519126e+00 1.290225261e+00 
1.260344828e+00 1.255464481e+00 1.458970233e+00 
1.275862069e+00 1.148907104e+00 1.317176187e+00 
1.275000000e+00 1.277322404e+00 1.468825422e+00 
1.287931034e+00 1.280737705e+00 1.484915527e+00 
1.410344828e+00 1.415300546e+00 1.639782784e+00 
1.097413793e+00 1.297131148e+00 1.476267096e+00 
1.242241379e+00 1.145491803e+00 1.207562349e+00 
1.229310345e+00 1.338114754e+00 1.486122285e+00 
1.136637931e+00 1.258196721e+00 1.460176991e+00 
1.243103448e+00 1.137295082e+00 1.305309735e+00 
1.141379310e+00 1.162568306e+00 1.331255028e+00 
1.328017241e+00 1.362704918e+00 1.613837490e+00 
1.000000000e+00 1.107240437e+00 1.152654867e+00 
1.000862069e+00 1.111338798e+00 1.167739340e+00 
1.044396552e+00 1.291666667e+00 1.331255028e+00 
1.145689655e+00 1.057377049e+00 1.153660499e+00 
1.337068966e+00 1.259562842e+00 1.484915527e+00 
1.030172414e+00 1.065573770e+00 1.163515688e+00 
1.107758621e+00 1.013661202e+00 1.137570394e+00 
1.248275862e+00 1.123633880e+00 1.291230893e+00 
1.107758621e+00 1.000000000e+00 1.000000000e+00 
1.000000000e+00 1.083333333e+00 1.000000000e+00 
1.030172414e+00 1.051229508e+00 1.000000000e+00 
1.088793103e+00 1.219262295e+00 1.322606597e+00 

1.508405172e+00 1.821038251e+00 2.000000000e+00 
1.520258621e+00 1.640710383e+00 1.930008045e+00 
1.307327586e+00 1.680327869e+00 1.862429606e+00 
1.604741379e+00 1.781420765e+00 2.000000000e+00 
1.328663793e+00 1.843579235e+00 2.000000000e+00 
1.346982759e+00 1.663251366e+00 1.930008045e+00 
1.235344828e+00 1.522540984e+00 1.776347546e+00 
1.154525862e+00 1.582650273e+00 1.709774739e+00 
1.318750000e+00 1.634562842e+00 1.847345133e+00 
1.428879310e+00 1.496584699e+00 1.776347546e+00 
1.425862069e+00 1.521857923e+00 1.777353178e+00 
1.610775862e+00 1.627732240e+00 1.930008045e+00 
1.681465517e+00 1.620901639e+00 1.847345133e+00 
1.390948276e+00 1.509562842e+00 1.766492357e+00 
1.332327586e+00 1.355191257e+00 1.613837490e+00 
1.651724138e+00 1.441256831e+00 1.777353178e+00 
1.389655172e+00 1.535519126e+00 1.792437651e+00 
1.237931034e+00 1.415983607e+00 1.639782784e+00 
1.938793103e+00 1.741120219e+00 2.000000000e+00 
1.458189655e+00 1.454234973e+00 1.777353178e+00 
1.196120690e+00 1.561475410e+00 1.792437651e+00 
1.590517241e+00 1.330601093e+00 1.609613837e+00 
1.718965517e+00 1.594262295e+00 1.847345133e+00 
1.809482759e+00 1.614754098e+00 1.930008045e+00 
1.097413793e+00 1.297131148e+00 1.476267096e+00 
1.140948276e+00 1.477459016e+00 1.639782784e+00 
1.231034483e+00 1.411885246e+00 1.613837490e+00 
1.410344828e+00 1.415300546e+00 1.639782784e+00 
1.180172414e+00 1.438524590e+00 1.623692679e+00 
1.488793103e+00 1.379098361e+00 1.637570394e+00 
1.099568966e+00 1.375683060e+00 1.483909895e+00 
1.659482759e+00 1.534836066e+00 1.792437651e+00 
1.409482759e+00 1.244535519e+00 1.446098150e+00 
1.362068966e+00 1.510245902e+00 1.766492357e+00 
1.201293103e+00 1.369535519e+00 1.484915527e+00 
1.132327586e+00 1.399590164e+00 1.486122285e+00 
1.275000000e+00 1.277322404e+00 1.468825422e+00 
1.275862069e+00 1.148907104e+00 1.317176187e+00 
1.439655172e+00 1.400273224e+00 1.637570394e+00 
1.242241379e+00 1.145491803e+00 1.207562349e+00 
1.260344828e+00 1.255464481e+00 1.458970233e+00 
1.243103448e+00 1.137295082e+00 1.305309735e+00 
1.088793103e+00 1.219262295e+00 1.322606597e+00 
1.229310345e+00 1.338114754e+00 1.486122285e+00 
1.438793103e+00 1.234289617e+00 1.458970233e+00 
1.477586207e+00 1.231557377e+00 1.446098150e+00 
1.193750000e+00 1.543715847e+00 1.693684634e+00 
1.130172414e+00 1.160519126e+00 1.290225261e+00 
1.277155172e+00 1.377049180e+00 1.623692679e+00 
1.406896552e+00 1.250000000e+00 1.361222848e+00 
1.409482759e+00 1.253415301e+00 1.455953339e+00 
1.044396552e+00 1.291666667e+00 1.331255028e+00 
1.287931034e+00 1.280737705e+00 1.484915527e+00 
1.268965517e+00 1.134562842e+00 1.292437651e+00 
1.136637931e+00 1.258196721e+00 1.460176991e+00 
1.337068966e+00 1.259562842e+00 1.484915527e+00 
1.141379310e+00 1.162568306e+00 1.331255028e+00 
1.000000000e+00 1.107240437e+00 1.152654867e+00 
1.030172414e+00 1.065573770e+00 1.163515688e+00 
1.248275862e+00 1.123633880e+00 1.291230893e+00 
1.000000000e+00 1.083333333e+00 1.000000000e+00 
1.107758621e+00 1.013661202e+00 1.137570394e+00 
1.145689655e+00 1.057377049e+00 1.153660499e+00 
1.000862069e+00 1.111338798e+00 1.167739340e+00 
1.107758621e+00 1.000000000e+00 1.000000000e+00 
1.030172414e+00 1.051229508e+00 1.000000000e+00 

1.609913793e+00 1.573770492e+00 1.930008045e+00 
1.410344828e+00 1.415300546e+00 1.639782784e+00 
1.346551724e+00 1.641393443e+00 1.846339501e+00 
1.371551724e+00 1.530737705e+00 1.777353178e+00 
1.346982759e+00 1.663251366e+00 1.930008045e+00 
1.389439655e+00 1.640710383e+00 1.847345133e+00 
1.307327586e+00 1.680327869e+00 1.862429606e+00 
1.458189655e+00 1.454234973e+00 1.777353178e+00 
1.193750000e+00 1.543715847e+00 1.693684634e+00 
1.520258621e+00 1.640710383e+00 1.930008045e+00 
1.425862069e+00 1.521857923e+00 1.777353178e+00 
1.470474138e+00 1.754098361e+00 2.000000000e+00 
1.590517241e+00 1.330601093e+00 1.609613837e+00 
1.783189655e+00 1.719945355e+00 2.000000000e+00 
1.196120690e+00 1.561475410e+00 1.792437651e+00 
1.477586207e+00 1.231557377e+00 1.446098150e+00 
1.283405172e+00 1.715846995e+00 1.862429606e+00 
1.285129310e+00 1.663251366e+00 1.836484312e+00 
1.277801724e+00 1.690573770e+00 1.836484312e+00 
1.154525862e+00 1.582650273e+00 1.709774739e+00 
1.390948276e+00 1.509562842e+00 1.766492357e+00 
1.333836207e+00 1.884562842e+00 2.000000000e+00 
1.358405172e+00 1.754781421e+00 2.000000000e+00 
1.345474138e+00 1.663251366e+00 1.846339501e+00 
1.306250000e+00 1.702185792e+00 1.862429606e+00 
1.322629310e+00 1.676912568e+00 1.846339501e+00 
1.276508621e+00 1.790983607e+00 1.862429606e+00 
1.140948276e+00 1.477459016e+00 1.639782784e+00 
1.406896552e+00 1.250000000e+00 1.361222848e+00 
1.235344828e+00 1.522540984e+00 1.776347546e+00 
1.439655172e+00 1.400273224e+00 1.637570394e+00 
1.389655172e+00 1.535519126e+00 1.792437651e+00 
1.332327586e+00 1.355191257e+00 1.613837490e+00 
1.237931034e+00 1.415983607e+00 1.639782784e+00 
1.132327586e+00 1.399590164e+00 1.486122285e+00 
1.099568966e+00 1.375683060e+00 1.483909895e+00 
1.275000000e+00 1.277322404e+00 1.468825422e+00 
1.438793103e+00 1.234289617e+00 1.458970233e+00 
1.409482759e+00 1.253415301e+00 1.455953339e+00 
1.428879310e+00 1.496584699e+00 1.776347546e+00 
1.260344828e+00 1.255464481e+00 1.458970233e+00 
1.088793103e+00 1.219262295e+00 1.322606597e+00 
1.409482759e+00 1.244535519e+00 1.446098150e+00 
1.242241379e+00 1.145491803e+00 1.207562349e+00 
1.229310345e+00 1.338114754e+00 1.486122285e+00 
1.097413793e+00 1.297131148e+00 1.476267096e+00 
1.337068966e+00 1.259562842e+00 1.484915527e+00 
1.275862069e+00 1.148907104e+00 1.317176187e+00 
1.248275862e+00 1.123633880e+00 1.291230893e+00 
1.180172414e+00 1.438524590e+00 1.623692679e+00 
1.287931034e+00 1.280737705e+00 1.484915527e+00 
1.130172414e+00 1.160519126e+00 1.290225261e+00 
1.141379310e+00 1.162568306e+00 1.331255028e+00 
1.277155172e+00 1.377049180e+00 1.623692679e+00 
1.268965517e+00 1.134562842e+00 1.292437651e+00 
1.231034483e+00 1.411885246e+00 1.613837490e+00 
1.044396552e+00 1.291666667e+00 1.331255028e+00 
1.136637931e+00 1.258196721e+00 1.460176991e+00 
1.243103448e+00 1.137295082e+00 1.305309735e+00 
1.000862069e+00 1.111338798e+00 1.167739340e+00 
1.030172414e+00 1.051229508e+00 1.000000000e+00 
1.107758621e+00 1.000000000e+00 1.000000000e+00 
1.107758621e+00 1.013661202e+00 1.137570394e+00 
1.145689655e+00 1.057377049e+00 1.153660499e+00 
1.000000000e+00 1.083333333e+00 1.000000000e+00 
1.000000000e+00 1.107240437e+00 1.152654867e+00 
1.201293103e+00 1.369535519e+00 1.484915527e+00 
1.030172414e+00 1.065573770e+00 1.163515688e+00 

1.439870690e+00 1.782786885e+00 1.862429606e+00 
1.675000000e+00 1.628415301e+00 1.930008045e+00 
1.492025862e+00 1.835382514e+00 2.000000000e+00 
1.597413793e+00 1.782103825e+00 2.000000000e+00 
1.488793103e+00 1.379098361e+00 1.637570394e+00 
1.439655172e+00 1.400273224e+00 1.637570394e+00 
1.504956897e+00 1.761612022e+00 1.930008045e+00 
1.440517241e+00 1.729508197e+00 1.862429606e+00 
1.237931034e+00 1.415983607e+00 1.639782784e+00 
1.344612069e+00 1.503415301e+00 1.679605792e+00 
1.485344828e+00 1.535519126e+00 1.792437651e+00 
1.435129310e+00 1.911202186e+00 2.000000000e+00 
1.206681034e+00 1.635245902e+00 1.847345133e+00 
1.196120690e+00 1.561475410e+00 1.792437651e+00 
1.592025862e+00 1.827185792e+00 2.000000000e+00 
1.631465517e+00 1.600409836e+00 1.847345133e+00 
1.500000000e+00 1.778688525e+00 1.930008045e+00 
1.518534483e+00 1.744535519e+00 1.930008045e+00 
1.132327586e+00 1.399590164e+00 1.486122285e+00 
1.564655172e+00 1.636612022e+00 1.930008045e+00 
1.465086207e+00 1.556693989e+00 1.777353178e+00 
1.332327586e+00 1.355191257e+00 1.613837490e+00 
1.404525862e+00 1.980191257e+00 1.930008045e+00 
1.453017241e+00 1.520491803e+00 1.691472245e+00 
1.400862069e+00 1.527322404e+00 1.692477876e+00 
1.720258621e+00 1.593579235e+00 1.930008045e+00 
1.590517241e+00 1.330601093e+00 1.609613837e+00 
1.193750000e+00 1.543715847e+00 1.693684634e+00 
1.136637931e+00 1.258196721e+00 1.460176991e+00 
1.140948276e+00 1.477459016e+00 1.639782784e+00 
1.180172414e+00 1.438524590e+00 1.623692679e+00 
1.472844828e+00 1.474043716e+00 1.777353178e+00 
1.484482759e+00 1.375000000e+00 1.621480290e+00 
1.154525862e+00 1.582650273e+00 1.709774739e+00 
1.231034483e+00 1.411885246e+00 1.613837490e+00 
1.099568966e+00 1.375683060e+00 1.483909895e+00 
1.406896552e+00 1.250000000e+00 1.361222848e+00 
1.328017241e+00 1.362704918e+00 1.613837490e+00 
1.097413793e+00 1.297131148e+00 1.476267096e+00 
1.404525862e+00 2.000000000e+00 2.000000000e+00 
1.229310345e+00 1.338114754e+00 1.486122285e+00 
1.410560345e+00 1.923497268e+00 2.000000000e+00 
1.201293103e+00 1.369535519e+00 1.484915527e+00 
1.287931034e+00 1.280737705e+00 1.484915527e+00 
1.410344828e+00 1.415300546e+00 1.639782784e+00 
1.275000000e+00 1.277322404e+00 1.468825422e+00 
1.352370690e+00 1.947404372e+00 1.862429606e+00 
1.477586207e+00 1.231557377e+00 1.446098150e+00 
1.409482759e+00 1.253415301e+00 1.455953339e+00 
1.277155172e+00 1.377049180e+00 1.623692679e+00 
1.088793103e+00 1.219262295e+00 1.322606597e+00 
1.337068966e+00 1.259562842e+00 1.484915527e+00 
1.409482759e+00 1.244535519e+00 1.446098150e+00 
1.248275862e+00 1.123633880e+00 1.291230893e+00 
1.044396552e+00 1.291666667e+00 1.331255028e+00 
1.713793103e+00 1.467896175e+00 1.683829445e+00 
1.242241379e+00 1.145491803e+00 1.207562349e+00 
1.438793103e+00 1.234289617e+00 1.458970233e+00 
1.130172414e+00 1.160519126e+00 1.290225261e+00 
1.260344828e+00 1.255464481e+00 1.458970233e+00 
1.000862069e+00 1.111338798e+00 1.167739340e+00 
1.243103448e+00 1.137295082e+00 1.305309735e+00 
1.141379310e+00 1.162568306e+00 1.331255028e+00 
1.268965517e+00 1.134562842e+00 1.292437651e+00 
1.000000000e+00 1.107240437e+00 1.152654867e+00 
1.030172414e+00 1.065573770e+00 1.163515688e+00 
1.107758621e+00 1.000000000e+00 1.000000000e+00 
1.275862069e+00 1.148907104e+00 1.317176187e+00 
1.000000000e+00 1.083333333e+00 1.000000000e+00 
1.030172414e+00 1.051229508e+00 1.000000000e+00 
1.145689655e+00 1.057377049e+00 1.153660499e+00 
1.107758621e+00 1.013661202e+00 1.137570394e+00 

1.644827586e+00 1.495218579e+00 1.777353178e+00 
1.333620690e+00 1.409153005e+00 1.622485921e+00 
1.277801724e+00 1.690573770e+00 1.836484312e+00 
1.140948276e+00 1.477459016e+00 1.639782784e+00 
1.328232759e+00 1.775956284e+00 1.930008045e+00 
1.371551724e+00 1.530737705e+00 1.777353178e+00 
1.097413793e+00 1.297131148e+00 1.476267096e+00 
1.285129310e+00 1.663251366e+00 1.836484312e+00 
1.439655172e+00 1.400273224e+00 1.637570394e+00 
1.232974138e+00 1.610655738e+00 1.698913918e+00 
1.276508621e+00 1.790983607e+00 1.862429606e+00 
1.484482759e+00 1.375000000e+00 1.621480290e+00 
1.797413793e+00 1.482923497e+00 1.762268705e+00 
1.502586207e+00 1.520491803e+00 1.775140788e+00 
1.389655172e+00 1.535519126e+00 1.792437651e+00 
1.477586207e+00 1.231557377e+00 1.446098150e+00 
1.321336207e+00 1.851092896e+00 1.930008045e+00 
1.235344828e+00 1.522540984e+00 1.776347546e+00 
1.481034483e+00 1.605874317e+00 1.930008045e+00 
1.416379310e+00 1.648224044e+00 1.847345133e+00 
1.490948276e+00 1.481557377e+00 1.683829445e+00 
1.463146552e+00 1.870218579e+00 2.000000000e+00 
1.410344828e+00 1.415300546e+00 1.639782784e+00 
1.362068966e+00 1.510245902e+00 1.766492357e+00 
1.720258621e+00 1.593579235e+00 1.930008045e+00 
1.405603448e+00 1.690573770e+00 1.930008045e+00 
1.231034483e+00 1.411885246e+00 1.613837490e+00 
1.415517241e+00 1.387295082e+00 1.622485921e+00 
1.237931034e+00 1.415983607e+00 1.639782784e+00 
1.275000000e+00 1.277322404e+00 1.468825422e+00 
1.132327586e+00 1.399590164e+00 1.486122285e+00 
1.659482759e+00 1.534836066e+00 1.792437651e+00 
1.406896552e+00 1.250000000e+00 1.361222848e+00 
1.567241379e+00 1.506830601e+00 1.775140788e+00 
1.332327586e+00 1.355191257e+00 1.613837490e+00 
1.337068966e+00 1.259562842e+00 1.484915527e+00 
1.409482759e+00 1.244535519e+00 1.446098150e+00 
1.425862069e+00 1.521857923e+00 1.777353178e+00 
1.298922414e+00 1.724043716e+00 1.847345133e+00 
1.488793103e+00 1.379098361e+00 1.637570394e+00 
1.282758621e+00 1.402322404e+00 1.611625101e+00 
1.386637931e+00 1.650956284e+00 1.792437651e+00 
1.409482759e+00 1.253415301e+00 1.455953339e+00 
1.260344828e+00 1.255464481e+00 1.458970233e+00 
1.287931034e+00 1.280737705e+00 1.484915527e+00 
1.130172414e+00 1.160519126e+00 1.290225261e+00 
1.136637931e+00 1.258196721e+00 1.460176991e+00 
1.180172414e+00 1.438524590e+00 1.623692679e+00 
1.438793103e+00 1.234289617e+00 1.458970233e+00 
1.088793103e+00 1.219262295e+00 1.322606597e+00 
1.099568966e+00 1.375683060e+00 1.483909895e+00 
1.044396552e+00 1.291666667e+00 1.331255028e+00 
1.201293103e+00 1.369535519e+00 1.484915527e+00 
1.268965517e+00 1.134562842e+00 1.292437651e+00 
1.400215517e+00 1.723360656e+00 1.847345133e+00 
1.229310345e+00 1.338114754e+00 1.486122285e+00 
1.141379310e+00 1.162568306e+00 1.331255028e+00 
1.304741379e+00 1.378415301e+00 1.612831858e+00 
1.275862069e+00 1.148907104e+00 1.317176187e+00 
1.243103448e+00 1.137295082e+00 1.305309735e+00 
1.145689655e+00 1.057377049e+00 1.153660499e+00 
1.000862069e+00 1.111338798e+00 1.167739340e+00 
1.000000000e+00 1.083333333e+00 1.000000000e+00 
1.030172414e+00 1.065573770e+00 1.163515688e+00 
1.107758621e+00 1.000000000e+00 1.000000000e+00 
1.242241379e+00 1.145491803e+00 1.207562349e+00 
1.000000000e+00 1.107240437e+00 1.152654867e+00 
1.030172414e+00 1.051229508e+00 1.000000000e+00 
1.107758621e+00 1.013661202e+00 1.137570394e+00 
1.248275862e+00 1.123633880e+00 1.291230893e+00 

1.484482759e+00 1.375000000e+00 1.621480290e+00 
1.520258621e+00 1.640710383e+00 1.930008045e+00 
1.307327586e+00 1.680327869e+00 1.862429606e+00 
1.277155172e+00 1.377049180e+00 1.623692679e+00 
1.285775862e+00 1.831284153e+00 1.862429606e+00 
1.339655172e+00 1.363387978e+00 1.613837490e+00 
1.196120690e+00 1.561475410e+00 1.792437651e+00 
1.734482759e+00 1.527322404e+00 1.792437651e+00 
1.500431034e+00 1.475409836e+00 1.766492357e+00 
1.832112069e+00 1.741120219e+00 2.000000000e+00 
1.414224138e+00 1.781420765e+00 2.000000000e+00 
1.410344828e+00 1.415300546e+00 1.639782784e+00 
1.416379310e+00 1.648224044e+00 1.847345133e+00 
1.465086207e+00 1.556693989e+00 1.777353178e+00 
1.237931034e+00 1.415983607e+00 1.639782784e+00 
1.562068966e+00 1.534836066e+00 1.792437651e+00 
1.346982759e+00 1.663251366e+00 1.930008045e+00 
1.303663793e+00 1.756830601e+00 1.846339501e+00 
1.754310345e+00 1.606557377e+00 1.845132743e+00 
1.731034483e+00 1.625683060e+00 1.845132743e+00 
1.409482759e+00 1.253415301e+00 1.455953339e+00 
1.231034483e+00 1.411885246e+00 1.613837490e+00 
1.842241379e+00 1.740437158e+00 2.000000000e+00 
1.180172414e+00 1.438524590e+00 1.623692679e+00 
1.763793103e+00 1.612704918e+00 1.862429606e+00 
1.407327586e+00 1.555327869e+00 1.775140788e+00 
1.644827586e+00 1.495218579e+00 1.777353178e+00 
1.803448276e+00 1.560792350e+00 1.930008045e+00 
1.409482759e+00 1.244535519e+00 1.446098150e+00 
1.610344828e+00 1.521857923e+00 1.777353178e+00 
1.590517241e+00 1.330601093e+00 1.609613837e+00 
1.365517241e+00 1.543715847e+00 1.683829445e+00 
1.275000000e+00 1.277322404e+00 1.468825422e+00 
1.229310345e+00 1.338114754e+00 1.486122285e+00 
1.725862069e+00 1.633196721e+00 1.845132743e+00 
1.719612069e+00 1.767759563e+00 2.000000000e+00 
1.439655172e+00 1.400273224e+00 1.637570394e+00 
1.140948276e+00 1.477459016e+00 1.639782784e+00 
1.456896552e+00 1.510245902e+00 1.766492357e+00 
1.742241379e+00 1.450136612e+00 1.762268705e+00 
1.796551724e+00 1.614754098e+00 1.930008045e+00 
1.097413793e+00 1.297131148e+00 1.476267096e+00 
1.337068966e+00 1.259562842e+00 1.484915527e+00 
1.099568966e+00 1.375683060e+00 1.483909895e+00 
1.141379310e+00 1.162568306e+00 1.331255028e+00 
1.287931034e+00 1.280737705e+00 1.484915527e+00 
1.136637931e+00 1.258196721e+00 1.460176991e+00 
1.130172414e+00 1.160519126e+00 1.290225261e+00 
1.567241379e+00 1.506830601e+00 1.775140788e+00 
1.438793103e+00 1.234289617e+00 1.458970233e+00 
1.268965517e+00 1.134562842e+00 1.292437651e+00 
1.406896552e+00 1.250000000e+00 1.361222848e+00 
1.044396552e+00 1.291666667e+00 1.331255028e+00 
1.132327586e+00 1.399590164e+00 1.486122285e+00 
1.201293103e+00 1.369535519e+00 1.484915527e+00 
1.242241379e+00 1.145491803e+00 1.207562349e+00 
1.260344828e+00 1.255464481e+00 1.458970233e+00 
1.477586207e+00 1.231557377e+00 1.446098150e+00 
1.488793103e+00 1.379098361e+00 1.637570394e+00 
1.248275862e+00 1.123633880e+00 1.291230893e+00 
1.000000000e+00 1.107240437e+00 1.152654867e+00 
1.030172414e+00 1.051229508e+00 1.000000000e+00 
1.243103448e+00 1.137295082e+00 1.305309735e+00 
1.000862069e+00 1.111338798e+00 1.167739340e+00 
1.088793103e+00 1.219262295e+00 1.322606597e+00 
1.275862069e+00 1.148907104e+00 1.317176187e+00 
1.000000000e+00 1.083333333e+00 1.000000000e+00 
1.145689655e+00 1.057377049e+00 1.153660499e+00 
1.107758621e+00 1.013661202e+00 1.137570394e+00 
1.030172414e+00 1.065573770e+00 1.163515688e+00 
1.107758621e+00 1.000000000e+00 1.000000000e+00 

1.452801724e+00 1.728825137e+00 1.862429606e+00 
1.206681034e+00 1.635245902e+00 1.847345133e+00 
1.647844828e+00 1.640710383e+00 1.930008045e+00 
1.332327586e+00 1.355191257e+00 1.613837490e+00 
1.344612069e+00 1.503415301e+00 1.679605792e+00 
1.624568966e+00 1.579918033e+00 1.792437651e+00 
1.344181034e+00 1.769125683e+00 1.862429606e+00 
1.326293103e+00 1.582650273e+00 1.775140788e+00 
1.562931034e+00 1.588797814e+00 1.792437651e+00 
1.651724138e+00 1.441256831e+00 1.777353178e+00 
1.440517241e+00 1.729508197e+00 1.862429606e+00 
1.400862069e+00 1.527322404e+00 1.692477876e+00 
1.180172414e+00 1.438524590e+00 1.623692679e+00 
1.650862069e+00 1.540300546e+00 1.792437651e+00 
1.409482759e+00 1.244535519e+00 1.446098150e+00 
1.154525862e+00 1.582650273e+00 1.709774739e+00 
1.097413793e+00 1.297131148e+00 1.476267096e+00 
1.367672414e+00 1.572404372e+00 1.707562349e+00 
1.140948276e+00 1.477459016e+00 1.639782784e+00 
1.375431034e+00 1.765710383e+00 1.930008045e+00 
1.193750000e+00 1.543715847e+00 1.693684634e+00 
1.453017241e+00 1.520491803e+00 1.691472245e+00 
1.720258621e+00 1.593579235e+00 1.930008045e+00 
1.427586207e+00 1.602459016e+00 1.792437651e+00 
1.477586207e+00 1.231557377e+00 1.446098150e+00 
1.631465517e+00 1.600409836e+00 1.847345133e+00 
1.237931034e+00 1.415983607e+00 1.639782784e+00 
1.472844828e+00 1.474043716e+00 1.777353178e+00 
1.277155172e+00 1.377049180e+00 1.623692679e+00 
1.136637931e+00 1.258196721e+00 1.460176991e+00 
1.130172414e+00 1.160519126e+00 1.290225261e+00 
1.338362069e+00 1.585382514e+00 1.776347546e+00 
1.590517241e+00 1.330601093e+00 1.609613837e+00 
1.406896552e+00 1.250000000e+00 1.361222848e+00 
1.518534483e+00 1.730191257e+00 1.930008045e+00 
1.438793103e+00 1.234289617e+00 1.458970233e+00 
1.439655172e+00 1.400273224e+00 1.637570394e+00 
1.231034483e+00 1.411885246e+00 1.613837490e+00 
1.099568966e+00 1.375683060e+00 1.483909895e+00 
1.371551724e+00 1.530737705e+00 1.777353178e+00 
1.337068966e+00 1.259562842e+00 1.484915527e+00 
1.088793103e+00 1.219262295e+00 1.322606597e+00 
1.260344828e+00 1.255464481e+00 1.458970233e+00 
1.409482759e+00 1.253415301e+00 1.455953339e+00 
1.242241379e+00 1.145491803e+00 1.207562349e+00 
1.410344828e+00 1.415300546e+00 1.639782784e+00 
1.268965517e+00 1.134562842e+00 1.292437651e+00 
1.287931034e+00 1.280737705e+00 1.484915527e+00 
1.201293103e+00 1.369535519e+00 1.484915527e+00 
1.243103448e+00 1.137295082e+00 1.305309735e+00 
1.132327586e+00 1.399590164e+00 1.486122285e+00 
1.030172414e+00 1.065573770e+00 1.163515688e+00 
1.044396552e+00 1.291666667e+00 1.331255028e+00 
1.275000000e+00 1.277322404e+00 1.468825422e+00 
1.229310345e+00 1.338114754e+00 1.486122285e+00 
1.000000000e+00 1.107240437e+00 1.152654867e+00 
1.275862069e+00 1.148907104e+00 1.317176187e+00 
1.145689655e+00 1.057377049e+00 1.153660499e+00 
1.141379310e+00 1.162568306e+00 1.331255028e+00 
1.248275862e+00 1.123633880e+00 1.291230893e+00 
1.000862069e+00 1.111338798e+00 1.167739340e+00 
1.030172414e+00 1.051229508e+00 1.000000000e+00 
1.107758621e+00 1.000000000e+00 1.000000000e+00 
1.000000000e+00 1.083333333e+00 1.000000000e+00 
1.107758621e+00 1.013661202e+00 1.137570394e+00 

1.231034483e+00 1.411885246e+00 1.613837490e+00 
1.237931034e+00 1.415983607e+00 1.639782784e+00 
1.328017241e+00 1.362704918e+00 1.613837490e+00 
1.196120690e+00 1.561475410e+00 1.792437651e+00 
1.576724138e+00 1.554644809e+00 1.792437651e+00 
1.201293103e+00 1.369535519e+00 1.484915527e+00 
1.277155172e+00 1.377049180e+00 1.623692679e+00 
1.346551724e+00 1.641393443e+00 1.846339501e+00 
1.097413793e+00 1.297131148e+00 1.476267096e+00 
1.409482759e+00 1.253415301e+00 1.455953339e+00 
1.235344828e+00 1.522540984e+00 1.776347546e+00 
1.590517241e+00 1.330601093e+00 1.609613837e+00 
1.140948276e+00 1.477459016e+00 1.639782784e+00 
1.376508621e+00 1.795081967e+00 1.862429606e+00 
1.734482759e+00 1.527322404e+00 1.792437651e+00 
1.260344828e+00 1.255464481e+00 1.458970233e+00 
1.439655172e+00 1.400273224e+00 1.637570394e+00 
1.471551724e+00 1.792349727e+00 1.930008045e+00 
1.406896552e+00 1.250000000e+00 1.361222848e+00 
1.132327586e+00 1.399590164e+00 1.486122285e+00 
1.507758621e+00 1.415300546e+00 1.639782784e+00 
1.477586207e+00 1.231557377e+00 1.446098150e+00 
1.409482759e+00 1.244535519e+00 1.446098150e+00 
1.481034483e+00 1.605874317e+00 1.930008045e+00 
1.438793103e+00 1.234289617e+00 1.458970233e+00 
1.268965517e+00 1.134562842e+00 1.292437651e+00 
1.088793103e+00 1.219262295e+00 1.322606597e+00 
1.287931034e+00 1.280737705e+00 1.484915527e+00 
1.180172414e+00 1.438524590e+00 1.623692679e+00 
1.337068966e+00 1.259562842e+00 1.484915527e+00 
1.130172414e+00 1.160519126e+00 1.290225261e+00 
1.136637931e+00 1.258196721e+00 1.460176991e+00 
1.229310345e+00 1.338114754e+00 1.486122285e+00 
1.488793103e+00 1.379098361e+00 1.637570394e+00 
1.332327586e+00 1.355191257e+00 1.613837490e+00 
1.248275862e+00 1.123633880e+00 1.291230893e+00 
1.416379310e+00 1.648224044e+00 1.847345133e+00 
1.472844828e+00 1.474043716e+00 1.777353178e+00 
1.099568966e+00 1.375683060e+00 1.483909895e+00 
1.275000000e+00 1.277322404e+00 1.468825422e+00 
1.425862069e+00 1.521857923e+00 1.777353178e+00 
1.275862069e+00 1.148907104e+00 1.317176187e+00 
1.243103448e+00 1.137295082e+00 1.305309735e+00 
1.000000000e+00 1.083333333e+00 1.000000000e+00 
1.044396552e+00 1.291666667e+00 1.331255028e+00 
1.145689655e+00 1.057377049e+00 1.153660499e+00 
1.141379310e+00 1.162568306e+00 1.331255028e+00 
1.000000000e+00 1.107240437e+00 1.152654867e+00 
1.030172414e+00 1.065573770e+00 1.163515688e+00 
1.107758621e+00 1.000000000e+00 1.000000000e+00 
1.242241379e+00 1.145491803e+00 1.207562349e+00 
1.030172414e+00 1.051229508e+00 1.000000000e+00 
1.000862069e+00 1.111338798e+00 1.167739340e+00 
1.107758621e+00 1.013661202e+00 1.137570394e+00 

1.328017241e+00 1.362704918e+00 1.613837490e+00 
1.651724138e+00 1.441256831e+00 1.777353178e+00 
1.237931034e+00 1.415983607e+00 1.639782784e+00 
1.318750000e+00 1.634562842e+00 1.847345133e+00 
1.428879310e+00 1.496584699e+00 1.776347546e+00 
1.609913793e+00 1.573770492e+00 1.930008045e+00 
1.484482759e+00 1.375000000e+00 1.621480290e+00 
1.481034483e+00 1.605874317e+00 1.930008045e+00 
1.439655172e+00 1.400273224e+00 1.637570394e+00 
1.383189655e+00 1.543715847e+00 1.777353178e+00 
1.590517241e+00 1.330601093e+00 1.609613837e+00 
1.307327586e+00 1.680327869e+00 1.862429606e+00 
1.235344828e+00 1.522540984e+00 1.776347546e+00 
1.099568966e+00 1.375683060e+00 1.483909895e+00 
1.332327586e+00 1.355191257e+00 1.613837490e+00 
1.458189655e+00 1.454234973e+00 1.777353178e+00 
1.196120690e+00 1.561475410e+00 1.792437651e+00 
1.136637931e+00 1.258196721e+00 1.460176991e+00 
1.231034483e+00 1.411885246e+00 1.613837490e+00 
1.193750000e+00 1.543715847e+00 1.693684634e+00 
1.410344828e+00 1.415300546e+00 1.639782784e+00 
1.180172414e+00 1.438524590e+00 1.623692679e+00 
1.346982759e+00 1.663251366e+00 1.930008045e+00 
1.389655172e+00 1.535519126e+00 1.792437651e+00 
1.277155172e+00 1.377049180e+00 1.623692679e+00 
1.648275862e+00 1.870218579e+00 2.000000000e+00 
1.275000000e+00 1.277322404e+00 1.468825422e+00 
1.409482759e+00 1.244535519e+00 1.446098150e+00 
1.275862069e+00 1.148907104e+00 1.317176187e+00 
1.438793103e+00 1.234289617e+00 1.458970233e+00 
1.242241379e+00 1.145491803e+00 1.207562349e+00 
1.130172414e+00 1.160519126e+00 1.290225261e+00 
1.337068966e+00 1.259562842e+00 1.484915527e+00 
1.268965517e+00 1.134562842e+00 1.292437651e+00 
1.406896552e+00 1.250000000e+00 1.361222848e+00 
1.243103448e+00 1.137295082e+00 1.305309735e+00 
1.201293103e+00 1.369535519e+00 1.484915527e+00 
1.140948276e+00 1.477459016e+00 1.639782784e+00 
1.132327586e+00 1.399590164e+00 1.486122285e+00 
1.409482759e+00 1.253415301e+00 1.455953339e+00 
1.287931034e+00 1.280737705e+00 1.484915527e+00 
1.390948276e+00 1.509562842e+00 1.766492357e+00 
1.141379310e+00 1.162568306e+00 1.331255028e+00 
1.097413793e+00 1.297131148e+00 1.476267096e+00 
1.248275862e+00 1.123633880e+00 1.291230893e+00 
1.088793103e+00 1.219262295e+00 1.322606597e+00 
1.477586207e+00 1.231557377e+00 1.446098150e+00 
1.229310345e+00 1.338114754e+00 1.486122285e+00 
1.260344828e+00 1.255464481e+00 1.458970233e+00 
1.107758621e+00 1.013661202e+00 1.137570394e+00 
1.044396552e+00 1.291666667e+00 1.331255028e+00 
1.000000000e+00 1.107240437e+00 1.152654867e+00 
1.000000000e+00 1.083333333e+00 1.000000000e+00 
1.030172414e+00 1.065573770e+00 1.163515688e+00 
1.000862069e+00 1.111338798e+00 1.167739340e+00 
1.030172414e+00 1.051229508e+00 1.000000000e+00 
1.145689655e+00 1.057377049e+00 1.153660499e+00 
1.107758621e+00 1.000000000e+00 1.000000000e+00 

1.346982759e+00 1.663251366e+00 1.930008045e+00 
1.520258621e+00 1.640710383e+00 1.930008045e+00 
1.332327586e+00 1.355191257e+00 1.613837490e+00 
1.786206897e+00 1.573087432e+00 1.847345133e+00 
1.307327586e+00 1.680327869e+00 1.862429606e+00 
1.328663793e+00 1.843579235e+00 2.000000000e+00 
1.602801724e+00 1.630464481e+00 1.832260660e+00 
1.235344828e+00 1.522540984e+00 1.776347546e+00 
1.371551724e+00 1.530737705e+00 1.777353178e+00 
1.318750000e+00 1.634562842e+00 1.847345133e+00 
1.328017241e+00 1.362704918e+00 1.613837490e+00 
1.358405172e+00 1.754781421e+00 2.000000000e+00 
1.277155172e+00 1.377049180e+00 1.623692679e+00 
1.564655172e+00 1.636612022e+00 1.930008045e+00 
1.283405172e+00 1.715846995e+00 1.862429606e+00 
1.428879310e+00 1.496584699e+00 1.776347546e+00 
1.651724138e+00 1.441256831e+00 1.777353178e+00 
1.458189655e+00 1.454234973e+00 1.777353178e+00 
1.412931034e+00 1.517076503e+00 1.777353178e+00 
1.180172414e+00 1.438524590e+00 1.623692679e+00 
1.285129310e+00 1.663251366e+00 1.836484312e+00 
1.438793103e+00 1.234289617e+00 1.458970233e+00 
1.477586207e+00 1.231557377e+00 1.446098150e+00 
1.231034483e+00 1.411885246e+00 1.613837490e+00 
1.590517241e+00 1.330601093e+00 1.609613837e+00 
1.196120690e+00 1.561475410e+00 1.792437651e+00 
1.099568966e+00 1.375683060e+00 1.483909895e+00 
1.389655172e+00 1.535519126e+00 1.792437651e+00 
1.140948276e+00 1.477459016e+00 1.639782784e+00 
1.044396552e+00 1.291666667e+00 1.331255028e+00 
1.154525862e+00 1.582650273e+00 1.709774739e+00 
1.097413793e+00 1.297131148e+00 1.476267096e+00 
1.201293103e+00 1.369535519e+00 1.484915527e+00 
1.609913793e+00 1.573770492e+00 1.930008045e+00 
1.136637931e+00 1.258196721e+00 1.460176991e+00 
1.306250000e+00 1.702185792e+00 1.862429606e+00 
1.132327586e+00 1.399590164e+00 1.486122285e+00 
1.237931034e+00 1.415983607e+00 1.639782784e+00 
1.130172414e+00 1.160519126e+00 1.290225261e+00 
1.410344828e+00 1.415300546e+00 1.639782784e+00 
1.409482759e+00 1.253415301e+00 1.455953339e+00 
1.229310345e+00 1.338114754e+00 1.486122285e+00 
1.409482759e+00 1.244535519e+00 1.446098150e+00 
1.406896552e+00 1.250000000e+00 1.361222848e+00 
1.337068966e+00 1.259562842e+00 1.484915527e+00 
1.242241379e+00 1.145491803e+00 1.207562349e+00 
1.275000000e+00 1.277322404e+00 1.468825422e+00 
1.260344828e+00 1.255464481e+00 1.458970233e+00 
1.243103448e+00 1.137295082e+00 1.305309735e+00 
1.562068966e+00 1.534836066e+00 1.792437651e+00 
1.287931034e+00 1.280737705e+00 1.484915527e+00 
1.439655172e+00 1.400273224e+00 1.637570394e+00 
1.275862069e+00 1.148907104e+00 1.317176187e+00 
1.088793103e+00 1.219262295e+00 1.322606597e+00 
1.248275862e+00 1.123633880e+00 1.291230893e+00 
1.268965517e+00 1.134562842e+00 1.292437651e+00 
1.107758621e+00 1.013661202e+00 1.137570394e+00 
1.145689655e+00 1.057377049e+00 1.153660499e+00 
1.030172414e+00 1.051229508e+00 1.000000000e+00 
1.141379310e+00 1.162568306e+00 1.331255028e+00 
1.030172414e+00 1.065573770e+00 1.163515688e+00 
1.107758621e+00 1.000000000e+00 1.000000000e+00 
1.000862069e+00 1.111338798e+00 1.167739340e+00 
1.000000000e+00 1.083333333e+00 1.000000000e+00 
1.000000000e+00 1.107240437e+00 1.152654867e+00 

1.415517241e+00 1.387295082e+00 1.622485921e+00 
1.458189655e+00 1.454234973e+00 1.777353178e+00 
1.237931034e+00 1.415983607e+00 1.639782784e+00 
1.414224138e+00 1.781420765e+00 2.000000000e+00 
1.346551724e+00 1.641393443e+00 1.846339501e+00 
1.631465517e+00 1.759562842e+00 2.000000000e+00 
1.346982759e+00 1.663251366e+00 1.930008045e+00 
1.477586207e+00 1.231557377e+00 1.446098150e+00 
1.651724138e+00 1.441256831e+00 1.777353178e+00 
1.425862069e+00 1.521857923e+00 1.777353178e+00 
1.481034483e+00 1.605874317e+00 1.930008045e+00 
1.307327586e+00 1.680327869e+00 1.862429606e+00 
1.344612069e+00 1.503415301e+00 1.679605792e+00 
1.285775862e+00 1.831284153e+00 1.862429606e+00 
1.406896552e+00 1.250000000e+00 1.361222848e+00 
1.389655172e+00 1.535519126e+00 1.792437651e+00 
2.000000000e+00 1.719262295e+00 2.000000000e+00 
1.180172414e+00 1.438524590e+00 1.623692679e+00 
1.590517241e+00 1.330601093e+00 1.609613837e+00 
1.260344828e+00 1.255464481e+00 1.458970233e+00 
1.841379310e+00 1.592896175e+00 1.930008045e+00 
1.235344828e+00 1.522540984e+00 1.776347546e+00 
1.332327586e+00 1.355191257e+00 1.613837490e+00 
1.229310345e+00 1.338114754e+00 1.486122285e+00 
1.248275862e+00 1.123633880e+00 1.291230893e+00 
1.136637931e+00 1.258196721e+00 1.460176991e+00 
1.409482759e+00 1.244535519e+00 1.446098150e+00 
1.410344828e+00 1.415300546e+00 1.639782784e+00 
1.196120690e+00 1.561475410e+00 1.792437651e+00 
1.409482759e+00 1.253415301e+00 1.455953339e+00 
1.231034483e+00 1.411885246e+00 1.613837490e+00 
1.282758621e+00 1.402322404e+00 1.611625101e+00 
1.242241379e+00 1.145491803e+00 1.207562349e+00 
1.201293103e+00 1.369535519e+00 1.484915527e+00 
1.337068966e+00 1.259562842e+00 1.484915527e+00 
1.341810345e+00 1.401639344e+00 1.621480290e+00 
1.130172414e+00 1.160519126e+00 1.290225261e+00 
1.268965517e+00 1.134562842e+00 1.292437651e+00 
1.099568966e+00 1.375683060e+00 1.483909895e+00 
1.275000000e+00 1.277322404e+00 1.468825422e+00 
1.140948276e+00 1.477459016e+00 1.639782784e+00 
1.484482759e+00 1.375000000e+00 1.621480290e+00 
1.438793103e+00 1.234289617e+00 1.458970233e+00 
1.243103448e+00 1.137295082e+00 1.305309735e+00 
1.287931034e+00 1.280737705e+00 1.484915527e+00 
1.132327586e+00 1.399590164e+00 1.486122285e+00 
1.141379310e+00 1.162568306e+00 1.331255028e+00 
1.097413793e+00 1.297131148e+00 1.476267096e+00 
1.275862069e+00 1.148907104e+00 1.317176187e+00 
1.044396552e+00 1.291666667e+00 1.331255028e+00 
1.145689655e+00 1.057377049e+00 1.153660499e+00 
1.000862069e+00 1.111338798e+00 1.167739340e+00 
1.107758621e+00 1.013661202e+00 1.137570394e+00 
1.088793103e+00 1.219262295e+00 1.322606597e+00 
1.030172414e+00 1.051229508e+00 1.000000000e+00 
1.000000000e+00 1.083333333e+00 1.000000000e+00 
1.000000000e+00 1.107240437e+00 1.152654867e+00 
1.107758621e+00 1.000000000e+00 1.000000000e+00 
1.030172414e+00 1.065573770e+00 1.163515688e+00 

1.410560345e+00 1.923497268e+00 2.000000000e+00 
1.206681034e+00 1.635245902e+00 1.847345133e+00 
1.154525862e+00 1.582650273e+00 1.709774739e+00 
1.720258621e+00 1.593579235e+00 1.930008045e+00 
1.193750000e+00 1.523907104e+00 1.623692679e+00 
1.193750000e+00 1.543715847e+00 1.693684634e+00 
1.277155172e+00 1.377049180e+00 1.623692679e+00 
1.356681034e+00 1.543032787e+00 1.683829445e+00 
1.734482759e+00 1.527322404e+00 1.792437651e+00 
1.367672414e+00 1.572404372e+00 1.707562349e+00 
1.234698276e+00 1.614754098e+00 1.777353178e+00 
1.400862069e+00 1.527322404e+00 1.692477876e+00 
1.326508621e+00 1.903688525e+00 1.930008045e+00 
1.456896552e+00 1.510245902e+00 1.766492357e+00 
1.746767241e+00 1.800546448e+00 2.000000000e+00 
1.194181034e+00 1.491120219e+00 1.546259051e+00 
1.718965517e+00 1.594262295e+00 1.847345133e+00 
1.186853448e+00 1.575819672e+00 1.639782784e+00 
1.291810345e+00 1.579234973e+00 1.777353178e+00 
1.145905172e+00 1.504781421e+00 1.556114240e+00 
1.389655172e+00 1.535519126e+00 1.792437651e+00 
1.318750000e+00 1.634562842e+00 1.847345133e+00 
1.623275862e+00 1.403688525e+00 1.624698311e+00 
1.358405172e+00 1.870901639e+00 1.862429606e+00 
1.786206897e+00 1.573087432e+00 1.847345133e+00 
1.929310345e+00 1.794398907e+00 2.000000000e+00 
1.132327586e+00 1.399590164e+00 1.486122285e+00 
1.661637931e+00 1.834699454e+00 2.000000000e+00 
1.451077586e+00 1.510928962e+00 1.679605792e+00 
1.523275862e+00 1.357240437e+00 1.516090105e+00 
1.231034483e+00 1.411885246e+00 1.613837490e+00 
1.237931034e+00 1.415983607e+00 1.639782784e+00 
1.458189655e+00 1.454234973e+00 1.777353178e+00 
1.651724138e+00 1.441256831e+00 1.777353178e+00 
1.210775862e+00 1.494535519e+00 1.553901850e+00 
1.590517241e+00 1.330601093e+00 1.609613837e+00 
1.378879310e+00 1.588114754e+00 1.792437651e+00 
1.417241379e+00 1.717896175e+00 1.930008045e+00 
1.409482759e+00 1.253415301e+00 1.455953339e+00 
1.481034483e+00 1.605874317e+00 1.930008045e+00 
1.410344828e+00 1.415300546e+00 1.639782784e+00 
1.406896552e+00 1.250000000e+00 1.361222848e+00 
1.287931034e+00 1.280737705e+00 1.484915527e+00 
1.136637931e+00 1.258196721e+00 1.460176991e+00 
1.201293103e+00 1.369535519e+00 1.484915527e+00 
1.088793103e+00 1.219262295e+00 1.322606597e+00 
1.337068966e+00 1.259562842e+00 1.484915527e+00 
1.477586207e+00 1.231557377e+00 1.446098150e+00 
1.328017241e+00 1.362704918e+00 1.613837490e+00 
1.130172414e+00 1.160519126e+00 1.290225261e+00 
1.409482759e+00 1.244535519e+00 1.446098150e+00 
1.275000000e+00 1.277322404e+00 1.468825422e+00 
1.453017241e+00 1.520491803e+00 1.691472245e+00 
1.229310345e+00 1.338114754e+00 1.486122285e+00 
1.242241379e+00 1.145491803e+00 1.207562349e+00 
1.097413793e+00 1.297131148e+00 1.476267096e+00 
1.438793103e+00 1.234289617e+00 1.458970233e+00 
1.248275862e+00 1.123633880e+00 1.291230893e+00 
1.099568966e+00 1.375683060e+00 1.483909895e+00 
1.141379310e+00 1.162568306e+00 1.331255028e+00 
1.260344828e+00 1.255464481e+00 1.458970233e+00 
1.044396552e+00 1.291666667e+00 1.331255028e+00 
1.243103448e+00 1.137295082e+00 1.305309735e+00 
1.275862069e+00 1.148907104e+00 1.317176187e+00 
1.000862069e+00 1.111338798e+00 1.167739340e+00 
1.268965517e+00 1.134562842e+00 1.292437651e+00 
1.107758621e+00 1.013661202e+00 1.137570394e+00 
1.000000000e+00 1.107240437e+00 1.152654867e+00 
1.030172414e+00 1.051229508e+00 1.000000000e+00 
1.107758621e+00 1.000000000e+00 1.000000000e+00 
1.145689655e+00 1.057377049e+00 1.153660499e+00 
1.000000000e+00 1.083333333e+00 1.000000000e+00 
1.030172414e+00 1.065573770e+00 1.163515688e+00 

1.193750000e+00 1.543715847e+00 1.693684634e+00 
1.453017241e+00 1.520491803e+00 1.691472245e+00 
1.389439655e+00 1.640710383e+00 1.847345133e+00 
1.425862069e+00 1.521857923e+00 1.777353178e+00 
1.481034483e+00 1.605874317e+00 1.930008045e+00 
1.631465517e+00 1.600409836e+00 1.847345133e+00 
1.332327586e+00 1.355191257e+00 1.613837490e+00 
1.720258621e+00 1.593579235e+00 1.930008045e+00 
1.346551724e+00 1.641393443e+00 1.846339501e+00 
1.458189655e+00 1.454234973e+00 1.777353178e+00 
1.235344828e+00 1.522540984e+00 1.776347546e+00 
1.484482759e+00 1.375000000e+00 1.621480290e+00 
1.803448276e+00 1.560792350e+00 1.930008045e+00 
1.256465517e+00 1.453551913e+00 1.637570394e+00 
1.439655172e+00 1.400273224e+00 1.637570394e+00 
1.409482759e+00 1.253415301e+00 1.455953339e+00 
1.229310345e+00 1.338114754e+00 1.486122285e+00 
1.196120690e+00 1.561475410e+00 1.792437651e+00 
1.507758621e+00 1.415300546e+00 1.639782784e+00 
1.307327586e+00 1.680327869e+00 1.862429606e+00 
1.099568966e+00 1.375683060e+00 1.483909895e+00 
1.477586207e+00 1.231557377e+00 1.446098150e+00 
1.344612069e+00 1.503415301e+00 1.679605792e+00 
1.346982759e+00 1.663251366e+00 1.930008045e+00 
1.659482759e+00 1.534836066e+00 1.792437651e+00 
1.231034483e+00 1.411885246e+00 1.613837490e+00 
1.277155172e+00 1.377049180e+00 1.623692679e+00 
1.438793103e+00 1.234289617e+00 1.458970233e+00 
1.425000000e+00 1.435109290e+00 1.639782784e+00 
1.576724138e+00 1.554644809e+00 1.792437651e+00 
1.275862069e+00 1.148907104e+00 1.317176187e+00 
1.287931034e+00 1.280737705e+00 1.484915527e+00 
1.275000000e+00 1.277322404e+00 1.468825422e+00 
1.337068966e+00 1.259562842e+00 1.484915527e+00 
1.132327586e+00 1.399590164e+00 1.486122285e+00 
1.381034483e+00 1.457650273e+00 1.638777152e+00 
1.088793103e+00 1.219262295e+00 1.322606597e+00 
1.488793103e+00 1.379098361e+00 1.637570394e+00 
1.651724138e+00 1.441256831e+00 1.777353178e+00 
1.409482759e+00 1.244535519e+00 1.446098150e+00 
1.141379310e+00 1.162568306e+00 1.331255028e+00 
1.097413793e+00 1.297131148e+00 1.476267096e+00 
1.180172414e+00 1.438524590e+00 1.623692679e+00 
1.268965517e+00 1.134562842e+00 1.292437651e+00 
1.260344828e+00 1.255464481e+00 1.458970233e+00 
1.406896552e+00 1.250000000e+00 1.361222848e+00 
1.201293103e+00 1.369535519e+00 1.484915527e+00 
1.130172414e+00 1.160519126e+00 1.290225261e+00 
1.136637931e+00 1.258196721e+00 1.460176991e+00 
1.044396552e+00 1.291666667e+00 1.331255028e+00 
1.243103448e+00 1.137295082e+00 1.305309735e+00 
1.140948276e+00 1.477459016e+00 1.639782784e+00 
1.145689655e+00 1.057377049e+00 1.153660499e+00 
1.000000000e+00 1.083333333e+00 1.000000000e+00 
1.030172414e+00 1.065573770e+00 1.163515688e+00 
1.107758621e+00 1.000000000e+00 1.000000000e+00 
1.242241379e+00 1.145491803e+00 1.207562349e+00 
1.000000000e+00 1.107240437e+00 1.152654867e+00 
1.107758621e+00 1.013661202e+00 1.137570394e+00 
1.248275862e+00 1.123633880e+00 1.291230893e+00 
1.000862069e+00 1.111338798e+00 1.167739340e+00 
1.030172414e+00 1.051229508e+00 1.000000000e+00 
