2.000000000e+00 1.723604573e+00 2.000000000e+00 
1.996105161e+00 1.755211836e+00 2.000000000e+00 
1.950146056e+00 1.763954270e+00 2.000000000e+00 
1.869912366e+00 1.772024210e+00 2.000000000e+00 
1.841869523e+00 1.803631473e+00 2.000000000e+00 
1.812268744e+00 1.811701412e+00 2.000000000e+00 
1.808373905e+00 1.819771352e+00 2.000000000e+00 
1.787341772e+00 1.829858776e+00 2.000000000e+00 
1.783446933e+00 1.838601210e+00 2.000000000e+00 
1.777994158e+00 1.885675857e+00 2.000000000e+00 
1.725024343e+00 1.893745797e+00 2.000000000e+00 
1.706329114e+00 1.917955615e+00 2.000000000e+00 
1.635443038e+00 1.925353060e+00 2.000000000e+00 
