1.435248296e+00 1.680564896e+00 1.897009220e+00 
1.597273612e+00 1.375252186e+00 1.681358219e+00 
1.154625122e+00 1.586415602e+00 1.658421408e+00 
1.492112950e+00 1.338264963e+00 1.679559253e+00 
1.353067186e+00 1.306657700e+00 1.555430627e+00 
1.053554041e+00 1.321452589e+00 1.507758039e+00 
1.407400195e+00 1.455279085e+00 1.681358219e+00 
1.326582278e+00 1.779421654e+00 1.897009220e+00 
1.534177215e+00 1.326160054e+00 1.631886665e+00 
1.207205453e+00 1.588433087e+00 1.805486845e+00 
1.416553067e+00 1.451244116e+00 1.681358219e+00 
1.731256086e+00 1.546738399e+00 1.772880594e+00 
1.714118793e+00 1.561533289e+00 1.732178997e+00 
1.665043817e+00 1.570948218e+00 1.771081628e+00 
1.498539435e+00 1.620040350e+00 1.897009220e+00 
1.053554041e+00 1.353059852e+00 1.631886665e+00 
1.387925998e+00 1.477471419e+00 1.681358219e+00 
1.452969815e+00 1.580363147e+00 1.732178997e+00 
1.087439143e+00 1.265635508e+00 1.381830447e+00 
1.287244401e+00 1.293207801e+00 1.514729031e+00 
1.561830574e+00 1.571620713e+00 1.897009220e+00 
1.017721519e+00 1.255548083e+00 1.342927817e+00 
1.249464460e+00 1.382649630e+00 1.640656622e+00 
1.428237585e+00 1.266308003e+00 1.507758039e+00 
1.156767283e+00 1.481506389e+00 1.681358219e+00 
1.376046738e+00 1.232683255e+00 1.462559029e+00 
1.600778968e+00 1.675184936e+00 1.908477625e+00 
1.017721519e+00 1.287155346e+00 1.467056443e+00 
1.251022395e+00 1.320107599e+00 1.514729031e+00 
1.204868549e+00 1.270342972e+00 1.464357994e+00 
1.260370010e+00 1.211163416e+00 1.381830447e+00 
1.051606621e+00 1.213853396e+00 1.342927817e+00 
1.274975657e+00 1.229993275e+00 1.423656398e+00 
1.105939630e+00 1.155346335e+00 1.250056218e+00 
1.017721519e+00 1.241425689e+00 1.217000225e+00 
1.087439143e+00 1.279757902e+00 1.507758039e+00 
1.141772152e+00 1.221250841e+00 1.414886440e+00 
1.035832522e+00 1.161398790e+00 1.290757814e+00 
1.255306719e+00 1.150638870e+00 1.288958849e+00 
1.257643622e+00 1.100874243e+00 1.297728806e+00 
1.055501461e+00 1.197713517e+00 1.341128851e+00 
1.110418695e+00 1.351042367e+00 1.516527996e+00 
1.294255112e+00 1.169468729e+00 1.381830447e+00 
1.257643622e+00 1.069266980e+00 1.173600180e+00 
1.089386563e+00 1.124411567e+00 1.217000225e+00 
1.081596884e+00 1.000000000e+00 1.000000000e+00 
1.000000000e+00 1.081371890e+00 1.000000000e+00 
1.151703992e+00 1.075319435e+00 1.173600180e+00 
1.206231743e+00 1.061869536e+00 1.164830223e+00 
1.035832522e+00 1.147276395e+00 1.164830223e+00 
1.260370010e+00 1.242770679e+00 1.505959074e+00 
1.081596884e+00 1.031607263e+00 1.124128626e+00 
1.000000000e+00 1.095494284e+00 1.125927592e+00 

1.053554041e+00 1.321452589e+00 1.507758039e+00 
1.409347614e+00 1.570275723e+00 1.805486845e+00 
1.249464460e+00 1.382649630e+00 1.640656622e+00 
1.110418695e+00 1.351042367e+00 1.516527996e+00 
1.718792600e+00 1.874915938e+00 1.908477625e+00 
1.852775073e+00 1.814391392e+00 1.908477625e+00 
1.536708861e+00 1.514458642e+00 1.805486845e+00 
1.947030185e+00 1.806993948e+00 1.908477625e+00 
1.492112950e+00 1.338264963e+00 1.679559253e+00 
1.353067186e+00 1.306657700e+00 1.555430627e+00 
1.207205453e+00 1.588433087e+00 1.805486845e+00 
1.030963973e+00 1.411566913e+00 1.631886665e+00 
1.053554041e+00 1.353059852e+00 1.631886665e+00 
1.768646543e+00 1.461331540e+00 1.771081628e+00 
1.030963973e+00 1.397444519e+00 1.505959074e+00 
1.356183057e+00 1.399462004e+00 1.679559253e+00 
1.727555988e+00 1.827168796e+00 1.908477625e+00 
1.326582278e+00 1.779421654e+00 1.897009220e+00 
1.428237585e+00 1.266308003e+00 1.507758039e+00 
1.123661149e+00 1.475453934e+00 1.681358219e+00 
1.274975657e+00 1.229993275e+00 1.423656398e+00 
1.087439143e+00 1.265635508e+00 1.381830447e+00 
1.478481013e+00 1.712844654e+00 1.897009220e+00 
1.287244401e+00 1.293207801e+00 1.514729031e+00 
1.122297955e+00 1.449226631e+00 1.640656622e+00 
1.260370010e+00 1.242770679e+00 1.505959074e+00 
1.192015579e+00 1.441829186e+00 1.681358219e+00 
1.017721519e+00 1.241425689e+00 1.217000225e+00 
1.087439143e+00 1.279757902e+00 1.507758039e+00 
1.017721519e+00 1.287155346e+00 1.467056443e+00 
1.561830574e+00 1.571620713e+00 1.897009220e+00 
1.204868549e+00 1.270342972e+00 1.464357994e+00 
1.141772152e+00 1.221250841e+00 1.414886440e+00 
1.105939630e+00 1.155346335e+00 1.250056218e+00 
1.251022395e+00 1.320107599e+00 1.514729031e+00 
1.257643622e+00 1.069266980e+00 1.173600180e+00 
1.017721519e+00 1.255548083e+00 1.342927817e+00 
1.051606621e+00 1.213853396e+00 1.342927817e+00 
1.294255112e+00 1.169468729e+00 1.381830447e+00 
1.260370010e+00 1.211163416e+00 1.381830447e+00 
1.035832522e+00 1.161398790e+00 1.290757814e+00 
1.255306719e+00 1.150638870e+00 1.288958849e+00 
1.376046738e+00 1.232683255e+00 1.462559029e+00 
1.055501461e+00 1.197713517e+00 1.341128851e+00 
1.257643622e+00 1.100874243e+00 1.297728806e+00 
1.035832522e+00 1.147276395e+00 1.164830223e+00 
1.151703992e+00 1.075319435e+00 1.173600180e+00 
1.081596884e+00 1.000000000e+00 1.000000000e+00 
1.206231743e+00 1.061869536e+00 1.164830223e+00 
1.081596884e+00 1.031607263e+00 1.124128626e+00 
1.000000000e+00 1.081371890e+00 1.000000000e+00 
1.089386563e+00 1.124411567e+00 1.217000225e+00 
1.000000000e+00 1.095494284e+00 1.125927592e+00 

1.235637780e+00 1.412239408e+00 1.570047223e+00 
1.574488802e+00 1.714862139e+00 1.897009220e+00 
1.638169426e+00 1.708809684e+00 1.908477625e+00 
1.085102240e+00 1.501008742e+00 1.679559253e+00 
1.053554041e+00 1.321452589e+00 1.507758039e+00 
1.108471276e+00 1.459314055e+00 1.516527996e+00 
1.049269718e+00 1.435104237e+00 1.514729031e+00 
1.353067186e+00 1.306657700e+00 1.555430627e+00 
1.601947420e+00 1.523873571e+00 1.723409040e+00 
1.587147030e+00 1.582380632e+00 1.691477400e+00 
1.439143135e+00 1.377942165e+00 1.588486620e+00 
1.326582278e+00 1.779421654e+00 1.897009220e+00 
1.534177215e+00 1.326160054e+00 1.631886665e+00 
1.315157157e+00 1.413584398e+00 1.631886665e+00 
1.123661149e+00 1.475453934e+00 1.681358219e+00 
1.491723466e+00 1.719569603e+00 1.908477625e+00 
1.087439143e+00 1.265635508e+00 1.381830447e+00 
1.122297955e+00 1.449226631e+00 1.640656622e+00 
1.110418695e+00 1.351042367e+00 1.516527996e+00 
1.492112950e+00 1.338264963e+00 1.679559253e+00 
1.310808179e+00 1.401479489e+00 1.588486620e+00 
1.608958130e+00 1.567585743e+00 1.805486845e+00 
1.115287244e+00 1.445191661e+00 1.631886665e+00 
1.118987342e+00 1.427706792e+00 1.555430627e+00 
1.470496592e+00 1.587088097e+00 1.732178997e+00 
1.703213242e+00 1.400806994e+00 1.805486845e+00 
1.141772152e+00 1.221250841e+00 1.414886440e+00 
1.204868549e+00 1.270342972e+00 1.464357994e+00 
1.017721519e+00 1.287155346e+00 1.467056443e+00 
1.428237585e+00 1.266308003e+00 1.507758039e+00 
1.356183057e+00 1.399462004e+00 1.679559253e+00 
1.274975657e+00 1.229993275e+00 1.423656398e+00 
1.260370010e+00 1.211163416e+00 1.381830447e+00 
1.251022395e+00 1.320107599e+00 1.514729031e+00 
1.017721519e+00 1.241425689e+00 1.217000225e+00 
1.087439143e+00 1.279757902e+00 1.507758039e+00 
1.293670886e+00 1.618022865e+00 1.782550034e+00 
1.017721519e+00 1.255548083e+00 1.342927817e+00 
1.055501461e+00 1.197713517e+00 1.341128851e+00 
1.146251217e+00 1.416946873e+00 1.681358219e+00 
1.342940604e+00 1.589105582e+00 1.805486845e+00 
1.260370010e+00 1.242770679e+00 1.505959074e+00 
1.035832522e+00 1.147276395e+00 1.164830223e+00 
1.287244401e+00 1.293207801e+00 1.514729031e+00 
1.257643622e+00 1.069266980e+00 1.173600180e+00 
1.255306719e+00 1.150638870e+00 1.288958849e+00 
1.257643622e+00 1.100874243e+00 1.297728806e+00 
1.376046738e+00 1.232683255e+00 1.462559029e+00 
1.051606621e+00 1.213853396e+00 1.342927817e+00 
1.294255112e+00 1.169468729e+00 1.381830447e+00 
1.035832522e+00 1.161398790e+00 1.290757814e+00 
1.105939630e+00 1.155346335e+00 1.250056218e+00 
1.081596884e+00 1.000000000e+00 1.000000000e+00 
1.206231743e+00 1.061869536e+00 1.164830223e+00 
1.081596884e+00 1.031607263e+00 1.124128626e+00 
1.089386563e+00 1.124411567e+00 1.217000225e+00 
1.000000000e+00 1.081371890e+00 1.000000000e+00 
1.000000000e+00 1.095494284e+00 1.125927592e+00 
1.151703992e+00 1.075319435e+00 1.173600180e+00 

1.491723466e+00 1.719569603e+00 1.908477625e+00 
1.478481013e+00 1.712844654e+00 1.897009220e+00 
1.030963973e+00 1.411566913e+00 1.631886665e+00 
1.746056475e+00 1.526563551e+00 1.743647403e+00 
1.534177215e+00 1.326160054e+00 1.631886665e+00 
1.423953262e+00 1.597175521e+00 1.771081628e+00 
1.608958130e+00 1.567585743e+00 1.805486845e+00 
1.053554041e+00 1.338937458e+00 1.505959074e+00 
1.290944499e+00 1.438466711e+00 1.640656622e+00 
1.506523856e+00 1.599865501e+00 1.772880594e+00 
1.600778968e+00 1.675184936e+00 1.908477625e+00 
1.550730282e+00 1.609952925e+00 1.805486845e+00 
1.122297955e+00 1.449226631e+00 1.640656622e+00 
1.154625122e+00 1.586415602e+00 1.658421408e+00 
1.156767283e+00 1.481506389e+00 1.681358219e+00 
1.310808179e+00 1.295897781e+00 1.588486620e+00 
1.030963973e+00 1.397444519e+00 1.505959074e+00 
1.492112950e+00 1.338264963e+00 1.679559253e+00 
1.524050633e+00 1.422999328e+00 1.681358219e+00 
1.192015579e+00 1.441829186e+00 1.681358219e+00 
1.768646543e+00 1.461331540e+00 1.771081628e+00 
1.428237585e+00 1.266308003e+00 1.507758039e+00 
1.287244401e+00 1.293207801e+00 1.514729031e+00 
1.441285297e+00 1.726294553e+00 1.897009220e+00 
1.597273612e+00 1.375252186e+00 1.681358219e+00 
1.349172347e+00 1.689307330e+00 1.772880594e+00 
1.017721519e+00 1.287155346e+00 1.467056443e+00 
1.371762415e+00 1.657027572e+00 1.805486845e+00 
1.017721519e+00 1.255548083e+00 1.342927817e+00 
1.526777020e+00 1.617350370e+00 1.782550034e+00 
1.087439143e+00 1.265635508e+00 1.381830447e+00 
1.399415774e+00 1.614660390e+00 1.732178997e+00 
1.278286271e+00 1.550773369e+00 1.723409040e+00 
1.335929893e+00 1.622057835e+00 1.743647403e+00 
1.110418695e+00 1.351042367e+00 1.516527996e+00 
1.376046738e+00 1.232683255e+00 1.462559029e+00 
1.416358325e+00 1.562205783e+00 1.732178997e+00 
1.475170399e+00 1.652992603e+00 1.772880594e+00 
1.204868549e+00 1.270342972e+00 1.464357994e+00 
1.260370010e+00 1.211163416e+00 1.381830447e+00 
1.260370010e+00 1.242770679e+00 1.505959074e+00 
1.087439143e+00 1.279757902e+00 1.507758039e+00 
1.017721519e+00 1.241425689e+00 1.217000225e+00 
1.064849075e+00 1.338264963e+00 1.507758039e+00 
1.053554041e+00 1.353059852e+00 1.631886665e+00 
1.141772152e+00 1.221250841e+00 1.414886440e+00 
1.257643622e+00 1.069266980e+00 1.173600180e+00 
1.055501461e+00 1.197713517e+00 1.341128851e+00 
1.384810127e+00 1.436449227e+00 1.681358219e+00 
1.257643622e+00 1.100874243e+00 1.297728806e+00 
1.051606621e+00 1.213853396e+00 1.342927817e+00 
1.274975657e+00 1.229993275e+00 1.423656398e+00 
1.035832522e+00 1.161398790e+00 1.290757814e+00 
1.294255112e+00 1.169468729e+00 1.381830447e+00 
1.255306719e+00 1.150638870e+00 1.288958849e+00 
1.081596884e+00 1.031607263e+00 1.124128626e+00 
1.151703992e+00 1.075319435e+00 1.173600180e+00 
1.206231743e+00 1.061869536e+00 1.164830223e+00 
1.251022395e+00 1.320107599e+00 1.514729031e+00 
1.089386563e+00 1.124411567e+00 1.217000225e+00 
1.105939630e+00 1.155346335e+00 1.250056218e+00 
1.035832522e+00 1.147276395e+00 1.164830223e+00 
1.000000000e+00 1.095494284e+00 1.125927592e+00 
1.000000000e+00 1.081371890e+00 1.000000000e+00 
1.081596884e+00 1.000000000e+00 1.000000000e+00 

1.597273612e+00 1.375252186e+00 1.681358219e+00 
1.249464460e+00 1.382649630e+00 1.640656622e+00 
1.601947420e+00 1.523873571e+00 1.723409040e+00 
1.340798442e+00 1.529253531e+00 1.743647403e+00 
1.146251217e+00 1.416946873e+00 1.681358219e+00 
1.638169426e+00 1.708809684e+00 1.908477625e+00 
1.260370010e+00 1.242770679e+00 1.505959074e+00 
1.650243427e+00 1.625420309e+00 1.782550034e+00 
1.356183057e+00 1.399462004e+00 1.679559253e+00 
1.455890944e+00 1.546065905e+00 1.772880594e+00 
1.144303797e+00 1.525218561e+00 1.681358219e+00 
1.049269718e+00 1.435104237e+00 1.514729031e+00 
1.566504382e+00 1.652992603e+00 1.805486845e+00 
1.696202532e+00 1.574983188e+00 1.805486845e+00 
1.521518987e+00 1.733691997e+00 1.908477625e+00 
1.053554041e+00 1.321452589e+00 1.507758039e+00 
1.349172347e+00 1.689307330e+00 1.772880594e+00 
1.498344693e+00 1.355749832e+00 1.640656622e+00 
1.371762415e+00 1.657027572e+00 1.805486845e+00 
1.310808179e+00 1.295897781e+00 1.588486620e+00 
1.326582278e+00 1.779421654e+00 1.897009220e+00 
1.017721519e+00 1.241425689e+00 1.217000225e+00 
1.657448880e+00 1.589105582e+00 1.805486845e+00 
1.274975657e+00 1.229993275e+00 1.423656398e+00 
1.110418695e+00 1.351042367e+00 1.516527996e+00 
1.087439143e+00 1.279757902e+00 1.507758039e+00 
1.331840312e+00 1.644922663e+00 1.734877445e+00 
1.776436222e+00 1.693342300e+00 1.897009220e+00 
1.053554041e+00 1.353059852e+00 1.631886665e+00 
1.287244401e+00 1.293207801e+00 1.514729031e+00 
1.257643622e+00 1.069266980e+00 1.173600180e+00 
1.087439143e+00 1.265635508e+00 1.381830447e+00 
1.251022395e+00 1.320107599e+00 1.514729031e+00 
1.017721519e+00 1.287155346e+00 1.467056443e+00 
1.122297955e+00 1.449226631e+00 1.640656622e+00 
1.035832522e+00 1.161398790e+00 1.290757814e+00 
1.141772152e+00 1.221250841e+00 1.414886440e+00 
1.376046738e+00 1.232683255e+00 1.462559029e+00 
1.204868549e+00 1.270342972e+00 1.464357994e+00 
1.051606621e+00 1.213853396e+00 1.342927817e+00 
1.035832522e+00 1.147276395e+00 1.164830223e+00 
1.428237585e+00 1.266308003e+00 1.507758039e+00 
1.255306719e+00 1.150638870e+00 1.288958849e+00 
1.257643622e+00 1.100874243e+00 1.297728806e+00 
1.017721519e+00 1.255548083e+00 1.342927817e+00 
1.055501461e+00 1.197713517e+00 1.341128851e+00 
1.294255112e+00 1.169468729e+00 1.381830447e+00 
1.534177215e+00 1.326160054e+00 1.631886665e+00 
1.105939630e+00 1.155346335e+00 1.250056218e+00 
1.260370010e+00 1.211163416e+00 1.381830447e+00 
1.089386563e+00 1.124411567e+00 1.217000225e+00 
1.081596884e+00 1.000000000e+00 1.000000000e+00 
1.151703992e+00 1.075319435e+00 1.173600180e+00 
1.081596884e+00 1.031607263e+00 1.124128626e+00 
1.000000000e+00 1.095494284e+00 1.125927592e+00 
1.206231743e+00 1.061869536e+00 1.164830223e+00 
1.000000000e+00 1.081371890e+00 1.000000000e+00 

1.249464460e+00 1.382649630e+00 1.640656622e+00 
1.053554041e+00 1.353059852e+00 1.631886665e+00 
1.534177215e+00 1.326160054e+00 1.631886665e+00 
1.253554041e+00 1.689979825e+00 1.805486845e+00 
1.087439143e+00 1.279757902e+00 1.507758039e+00 
1.597273612e+00 1.375252186e+00 1.681358219e+00 
1.110418695e+00 1.351042367e+00 1.516527996e+00 
1.473222980e+00 1.728312038e+00 1.897009220e+00 
1.260370010e+00 1.211163416e+00 1.381830447e+00 
1.384810127e+00 1.436449227e+00 1.681358219e+00 
1.350925024e+00 1.509751177e+00 1.805486845e+00 
1.310808179e+00 1.295897781e+00 1.588486620e+00 
1.918987342e+00 1.606590451e+00 1.897009220e+00 
1.524050633e+00 1.422999328e+00 1.681358219e+00 
1.340798442e+00 1.529253531e+00 1.743647403e+00 
1.030963973e+00 1.411566913e+00 1.631886665e+00 
1.053554041e+00 1.338937458e+00 1.505959074e+00 
1.428237585e+00 1.266308003e+00 1.507758039e+00 
1.274975657e+00 1.229993275e+00 1.423656398e+00 
1.017721519e+00 1.287155346e+00 1.467056443e+00 
1.663485881e+00 1.634835239e+00 1.908477625e+00 
1.498344693e+00 1.355749832e+00 1.640656622e+00 
1.301071081e+00 1.607935440e+00 1.805486845e+00 
1.251022395e+00 1.320107599e+00 1.514729031e+00 
1.356183057e+00 1.399462004e+00 1.679559253e+00 
1.376046738e+00 1.232683255e+00 1.462559029e+00 
1.156767283e+00 1.481506389e+00 1.681358219e+00 
1.260370010e+00 1.242770679e+00 1.505959074e+00 
1.494644596e+00 1.704774714e+00 1.897009220e+00 
1.193962999e+00 1.464021520e+00 1.640656622e+00 
1.064849075e+00 1.338264963e+00 1.507758039e+00 
1.287244401e+00 1.293207801e+00 1.514729031e+00 
1.204868549e+00 1.270342972e+00 1.464357994e+00 
1.491723466e+00 1.719569603e+00 1.908477625e+00 
1.087439143e+00 1.265635508e+00 1.381830447e+00 
1.294255112e+00 1.169468729e+00 1.381830447e+00 
1.255306719e+00 1.150638870e+00 1.288958849e+00 
1.257643622e+00 1.069266980e+00 1.173600180e+00 
1.017721519e+00 1.241425689e+00 1.217000225e+00 
1.035832522e+00 1.147276395e+00 1.164830223e+00 
1.051606621e+00 1.213853396e+00 1.342927817e+00 
1.055501461e+00 1.197713517e+00 1.341128851e+00 
1.141772152e+00 1.221250841e+00 1.414886440e+00 
1.035832522e+00 1.161398790e+00 1.290757814e+00 
1.017721519e+00 1.255548083e+00 1.342927817e+00 
1.151703992e+00 1.075319435e+00 1.173600180e+00 
1.206231743e+00 1.061869536e+00 1.164830223e+00 
1.105939630e+00 1.155346335e+00 1.250056218e+00 
1.257643622e+00 1.100874243e+00 1.297728806e+00 
1.081596884e+00 1.000000000e+00 1.000000000e+00 
1.081596884e+00 1.031607263e+00 1.124128626e+00 
1.000000000e+00 1.095494284e+00 1.125927592e+00 
1.089386563e+00 1.124411567e+00 1.217000225e+00 
1.000000000e+00 1.081371890e+00 1.000000000e+00 

1.030963973e+00 1.379959650e+00 1.507758039e+00 
1.110418695e+00 1.351042367e+00 1.516527996e+00 
1.498344693e+00 1.355749832e+00 1.640656622e+00 
1.340798442e+00 1.529253531e+00 1.743647403e+00 
1.122297955e+00 1.449226631e+00 1.640656622e+00 
1.638169426e+00 1.708809684e+00 1.908477625e+00 
1.310808179e+00 1.295897781e+00 1.588486620e+00 
1.356183057e+00 1.399462004e+00 1.679559253e+00 
1.429600779e+00 1.686617350e+00 1.897009220e+00 
1.030963973e+00 1.411566913e+00 1.631886665e+00 
1.422200584e+00 1.774041695e+00 1.835169777e+00 
1.768646543e+00 1.461331540e+00 1.771081628e+00 
1.053554041e+00 1.321452589e+00 1.507758039e+00 
1.597273612e+00 1.375252186e+00 1.681358219e+00 
1.179357352e+00 1.422999328e+00 1.681358219e+00 
1.733008763e+00 1.664425017e+00 1.897009220e+00 
1.428237585e+00 1.266308003e+00 1.507758039e+00 
1.246738072e+00 1.617350370e+00 1.723409040e+00 
1.204868549e+00 1.270342972e+00 1.464357994e+00 
1.278286271e+00 1.550773369e+00 1.723409040e+00 
1.249464460e+00 1.382649630e+00 1.640656622e+00 
1.087439143e+00 1.265635508e+00 1.381830447e+00 
1.294255112e+00 1.169468729e+00 1.381830447e+00 
1.260370010e+00 1.242770679e+00 1.505959074e+00 
1.017721519e+00 1.255548083e+00 1.342927817e+00 
1.260370010e+00 1.211163416e+00 1.381830447e+00 
1.017721519e+00 1.241425689e+00 1.217000225e+00 
1.179357352e+00 1.408876933e+00 1.555430627e+00 
1.350925024e+00 1.509751177e+00 1.805486845e+00 
1.257643622e+00 1.069266980e+00 1.173600180e+00 
1.251022395e+00 1.320107599e+00 1.514729031e+00 
1.087439143e+00 1.279757902e+00 1.507758039e+00 
1.035832522e+00 1.147276395e+00 1.164830223e+00 
1.274975657e+00 1.229993275e+00 1.423656398e+00 
1.017721519e+00 1.287155346e+00 1.467056443e+00 
1.255306719e+00 1.150638870e+00 1.288958849e+00 
1.055501461e+00 1.197713517e+00 1.341128851e+00 
1.257643622e+00 1.100874243e+00 1.297728806e+00 
1.035832522e+00 1.161398790e+00 1.290757814e+00 
1.141772152e+00 1.221250841e+00 1.414886440e+00 
1.287244401e+00 1.293207801e+00 1.514729031e+00 
1.051606621e+00 1.213853396e+00 1.342927817e+00 
1.151703992e+00 1.075319435e+00 1.173600180e+00 
1.105939630e+00 1.155346335e+00 1.250056218e+00 
1.376046738e+00 1.232683255e+00 1.462559029e+00 
1.081596884e+00 1.031607263e+00 1.124128626e+00 
1.089386563e+00 1.124411567e+00 1.217000225e+00 
1.081596884e+00 1.000000000e+00 1.000000000e+00 
1.000000000e+00 1.081371890e+00 1.000000000e+00 
1.000000000e+00 1.095494284e+00 1.125927592e+00 
1.206231743e+00 1.061869536e+00 1.164830223e+00 

1.144303797e+00 1.525218561e+00 1.681358219e+00 
1.053554041e+00 1.353059852e+00 1.631886665e+00 
1.146251217e+00 1.416946873e+00 1.681358219e+00 
1.350925024e+00 1.509751177e+00 1.805486845e+00 
1.491723466e+00 1.719569603e+00 1.908477625e+00 
1.561830574e+00 1.571620713e+00 1.897009220e+00 
1.053554041e+00 1.321452589e+00 1.507758039e+00 
1.340798442e+00 1.529253531e+00 1.743647403e+00 
1.278481013e+00 1.543375925e+00 1.723409040e+00 
1.246738072e+00 1.617350370e+00 1.723409040e+00 
1.597273612e+00 1.375252186e+00 1.681358219e+00 
1.600778968e+00 1.675184936e+00 1.908477625e+00 
1.030963973e+00 1.379959650e+00 1.507758039e+00 
1.087439143e+00 1.279757902e+00 1.507758039e+00 
1.435248296e+00 1.680564896e+00 1.897009220e+00 
1.110418695e+00 1.351042367e+00 1.516527996e+00 
1.429990263e+00 1.786146604e+00 1.875871374e+00 
1.122297955e+00 1.449226631e+00 1.640656622e+00 
1.376046738e+00 1.232683255e+00 1.462559029e+00 
1.141772152e+00 1.221250841e+00 1.414886440e+00 
1.249464460e+00 1.382649630e+00 1.640656622e+00 
1.017721519e+00 1.287155346e+00 1.467056443e+00 
1.260370010e+00 1.211163416e+00 1.381830447e+00 
1.260370010e+00 1.242770679e+00 1.505959074e+00 
1.498344693e+00 1.355749832e+00 1.640656622e+00 
1.087439143e+00 1.265635508e+00 1.381830447e+00 
1.257643622e+00 1.069266980e+00 1.173600180e+00 
1.274975657e+00 1.229993275e+00 1.423656398e+00 
1.204868549e+00 1.270342972e+00 1.464357994e+00 
1.287244401e+00 1.293207801e+00 1.514729031e+00 
1.428237585e+00 1.266308003e+00 1.507758039e+00 
1.017721519e+00 1.255548083e+00 1.342927817e+00 
1.017721519e+00 1.241425689e+00 1.217000225e+00 
1.328724440e+00 1.605917956e+00 1.771081628e+00 
1.055501461e+00 1.197713517e+00 1.341128851e+00 
1.255306719e+00 1.150638870e+00 1.288958849e+00 
1.035832522e+00 1.161398790e+00 1.290757814e+00 
1.051606621e+00 1.213853396e+00 1.342927817e+00 
1.294255112e+00 1.169468729e+00 1.381830447e+00 
1.257643622e+00 1.100874243e+00 1.297728806e+00 
1.105939630e+00 1.155346335e+00 1.250056218e+00 
1.386173320e+00 1.312710155e+00 1.555430627e+00 
1.251022395e+00 1.320107599e+00 1.514729031e+00 
1.000000000e+00 1.095494284e+00 1.125927592e+00 
1.035832522e+00 1.147276395e+00 1.164830223e+00 
1.000000000e+00 1.081371890e+00 1.000000000e+00 
1.081596884e+00 1.031607263e+00 1.124128626e+00 
1.081596884e+00 1.000000000e+00 1.000000000e+00 
1.206231743e+00 1.061869536e+00 1.164830223e+00 
1.089386563e+00 1.124411567e+00 1.217000225e+00 
1.151703992e+00 1.075319435e+00 1.173600180e+00 

1.326582278e+00 1.779421654e+00 1.897009220e+00 
1.179357352e+00 1.408876933e+00 1.555430627e+00 
1.123661149e+00 1.475453934e+00 1.681358219e+00 
1.485686465e+00 1.694687290e+00 1.897009220e+00 
1.460759494e+00 1.574983188e+00 1.772880594e+00 
1.207205453e+00 1.588433087e+00 1.805486845e+00 
1.122297955e+00 1.449226631e+00 1.640656622e+00 
1.534177215e+00 1.527236046e+00 1.805486845e+00 
1.760856865e+00 1.671149966e+00 1.835169777e+00 
1.643622201e+00 1.522528581e+00 1.805486845e+00 
1.600778968e+00 1.675184936e+00 1.908477625e+00 
1.110418695e+00 1.351042367e+00 1.516527996e+00 
1.249464460e+00 1.382649630e+00 1.640656622e+00 
1.017721519e+00 1.241425689e+00 1.217000225e+00 
1.492112950e+00 1.338264963e+00 1.679559253e+00 
1.597273612e+00 1.375252186e+00 1.681358219e+00 
1.260370010e+00 1.211163416e+00 1.381830447e+00 
1.428237585e+00 1.266308003e+00 1.507758039e+00 
1.274975657e+00 1.229993275e+00 1.423656398e+00 
1.053554041e+00 1.321452589e+00 1.507758039e+00 
1.017721519e+00 1.287155346e+00 1.467056443e+00 
1.260370010e+00 1.242770679e+00 1.505959074e+00 
1.141772152e+00 1.221250841e+00 1.414886440e+00 
1.087439143e+00 1.265635508e+00 1.381830447e+00 
1.376046738e+00 1.232683255e+00 1.462559029e+00 
1.030963973e+00 1.411566913e+00 1.631886665e+00 
1.251022395e+00 1.320107599e+00 1.514729031e+00 
1.310808179e+00 1.295897781e+00 1.588486620e+00 
1.146251217e+00 1.416946873e+00 1.681358219e+00 
1.204868549e+00 1.270342972e+00 1.464357994e+00 
1.030963973e+00 1.397444519e+00 1.505959074e+00 
1.105939630e+00 1.155346335e+00 1.250056218e+00 
1.294255112e+00 1.169468729e+00 1.381830447e+00 
1.017721519e+00 1.255548083e+00 1.342927817e+00 
1.257643622e+00 1.069266980e+00 1.173600180e+00 
1.255306719e+00 1.150638870e+00 1.288958849e+00 
1.257643622e+00 1.100874243e+00 1.297728806e+00 
1.055501461e+00 1.197713517e+00 1.341128851e+00 
1.087439143e+00 1.279757902e+00 1.507758039e+00 
1.287244401e+00 1.293207801e+00 1.514729031e+00 
1.051606621e+00 1.213853396e+00 1.342927817e+00 
1.035832522e+00 1.147276395e+00 1.164830223e+00 
1.000000000e+00 1.095494284e+00 1.125927592e+00 
1.151703992e+00 1.075319435e+00 1.173600180e+00 
1.206231743e+00 1.061869536e+00 1.164830223e+00 
1.081596884e+00 1.000000000e+00 1.000000000e+00 
1.035832522e+00 1.161398790e+00 1.290757814e+00 
1.081596884e+00 1.031607263e+00 1.124128626e+00 
1.089386563e+00 1.124411567e+00 1.217000225e+00 
1.000000000e+00 1.081371890e+00 1.000000000e+00 

1.498344693e+00 1.355749832e+00 1.640656622e+00 
1.301071081e+00 1.607935440e+00 1.805486845e+00 
1.686075949e+00 1.833221251e+00 1.908477625e+00 
1.326582278e+00 1.779421654e+00 1.897009220e+00 
1.433300876e+00 1.604572966e+00 1.772880594e+00 
1.315157157e+00 1.413584398e+00 1.631886665e+00 
1.643622201e+00 1.522528581e+00 1.805486845e+00 
1.478481013e+00 1.712844654e+00 1.897009220e+00 
1.873807205e+00 1.761936785e+00 1.908477625e+00 
1.711002921e+00 1.712172159e+00 1.897009220e+00 
1.340798442e+00 1.529253531e+00 1.743647403e+00 
1.760856865e+00 1.671149966e+00 1.835169777e+00 
1.053554041e+00 1.338937458e+00 1.505959074e+00 
1.235637780e+00 1.412239408e+00 1.570047223e+00 
1.146251217e+00 1.416946873e+00 1.681358219e+00 
1.651217137e+00 1.860121049e+00 1.908477625e+00 
1.534177215e+00 1.326160054e+00 1.631886665e+00 
1.085102240e+00 1.501008742e+00 1.679559253e+00 
1.616942551e+00 1.899798252e+00 1.908477625e+00 
1.251022395e+00 1.320107599e+00 1.514729031e+00 
1.724829601e+00 1.796906523e+00 1.908477625e+00 
1.122297955e+00 1.449226631e+00 1.640656622e+00 
1.310808179e+00 1.295897781e+00 1.588486620e+00 
1.598052580e+00 1.554135844e+00 1.805486845e+00 
1.287244401e+00 1.293207801e+00 1.514729031e+00 
1.049269718e+00 1.435104237e+00 1.514729031e+00 
1.030963973e+00 1.379959650e+00 1.507758039e+00 
1.847322298e+00 1.772696705e+00 1.908477625e+00 
1.179357352e+00 1.408876933e+00 1.555430627e+00 
1.428237585e+00 1.266308003e+00 1.507758039e+00 
1.274975657e+00 1.229993275e+00 1.423656398e+00 
1.141772152e+00 1.221250841e+00 1.414886440e+00 
1.356183057e+00 1.399462004e+00 1.679559253e+00 
1.204868549e+00 1.270342972e+00 1.464357994e+00 
1.087439143e+00 1.265635508e+00 1.381830447e+00 
1.017721519e+00 1.255548083e+00 1.342927817e+00 
1.376046738e+00 1.232683255e+00 1.462559029e+00 
1.122297955e+00 1.417619368e+00 1.516527996e+00 
1.017721519e+00 1.241425689e+00 1.217000225e+00 
1.105939630e+00 1.155346335e+00 1.250056218e+00 
1.087439143e+00 1.279757902e+00 1.507758039e+00 
1.064849075e+00 1.338264963e+00 1.507758039e+00 
1.260370010e+00 1.211163416e+00 1.381830447e+00 
1.143524830e+00 1.357094822e+00 1.516527996e+00 
1.257643622e+00 1.100874243e+00 1.297728806e+00 
1.294255112e+00 1.169468729e+00 1.381830447e+00 
1.035832522e+00 1.161398790e+00 1.290757814e+00 
1.055501461e+00 1.197713517e+00 1.341128851e+00 
1.051606621e+00 1.213853396e+00 1.342927817e+00 
1.260370010e+00 1.242770679e+00 1.505959074e+00 
1.017721519e+00 1.287155346e+00 1.467056443e+00 
1.035832522e+00 1.147276395e+00 1.164830223e+00 
1.081596884e+00 1.000000000e+00 1.000000000e+00 
1.257643622e+00 1.069266980e+00 1.173600180e+00 
1.255306719e+00 1.150638870e+00 1.288958849e+00 
1.000000000e+00 1.095494284e+00 1.125927592e+00 
1.000000000e+00 1.081371890e+00 1.000000000e+00 
1.089386563e+00 1.124411567e+00 1.217000225e+00 
1.206231743e+00 1.061869536e+00 1.164830223e+00 
1.151703992e+00 1.075319435e+00 1.173600180e+00 
1.081596884e+00 1.031607263e+00 1.124128626e+00 

1.628821811e+00 1.862138534e+00 1.908477625e+00 
1.301071081e+00 1.607935440e+00 1.805486845e+00 
1.435248296e+00 1.680564896e+00 1.897009220e+00 
1.753261928e+00 1.714189644e+00 1.908477625e+00 
1.278286271e+00 1.550773369e+00 1.723409040e+00 
1.460759494e+00 1.574983188e+00 1.772880594e+00 
1.423953262e+00 1.597175521e+00 1.771081628e+00 
1.498344693e+00 1.355749832e+00 1.640656622e+00 
1.179357352e+00 1.422999328e+00 1.681358219e+00 
1.770983447e+00 1.567585743e+00 1.732178997e+00 
1.760856865e+00 1.671149966e+00 1.835169777e+00 
1.110418695e+00 1.351042367e+00 1.516527996e+00 
1.249464460e+00 1.382649630e+00 1.640656622e+00 
1.579357352e+00 1.568258238e+00 1.743647403e+00 
1.428237585e+00 1.266308003e+00 1.507758039e+00 
1.123661149e+00 1.475453934e+00 1.681358219e+00 
1.613047712e+00 1.583053127e+00 1.805486845e+00 
1.087439143e+00 1.279757902e+00 1.507758039e+00 
1.397273612e+00 1.535305985e+00 1.691477400e+00 
1.749561831e+00 1.754539341e+00 1.908477625e+00 
1.017721519e+00 1.255548083e+00 1.342927817e+00 
1.887828627e+00 1.517821116e+00 1.771081628e+00 
1.030963973e+00 1.379959650e+00 1.507758039e+00 
1.699318403e+00 1.806993948e+00 1.908477625e+00 
1.310808179e+00 1.295897781e+00 1.588486620e+00 
1.017721519e+00 1.287155346e+00 1.467056443e+00 
1.017721519e+00 1.241425689e+00 1.217000225e+00 
1.376046738e+00 1.232683255e+00 1.462559029e+00 
1.053554041e+00 1.321452589e+00 1.507758039e+00 
1.274975657e+00 1.229993275e+00 1.423656398e+00 
1.287244401e+00 1.293207801e+00 1.514729031e+00 
1.204868549e+00 1.270342972e+00 1.464357994e+00 
1.626290166e+00 1.522528581e+00 1.691477400e+00 
1.260370010e+00 1.242770679e+00 1.505959074e+00 
1.257643622e+00 1.100874243e+00 1.297728806e+00 
1.141772152e+00 1.221250841e+00 1.414886440e+00 
1.251022395e+00 1.320107599e+00 1.514729031e+00 
1.035832522e+00 1.161398790e+00 1.290757814e+00 
1.260370010e+00 1.211163416e+00 1.381830447e+00 
1.030963973e+00 1.411566913e+00 1.631886665e+00 
1.055501461e+00 1.197713517e+00 1.341128851e+00 
1.087439143e+00 1.265635508e+00 1.381830447e+00 
1.294255112e+00 1.169468729e+00 1.381830447e+00 
1.257643622e+00 1.069266980e+00 1.173600180e+00 
1.081596884e+00 1.000000000e+00 1.000000000e+00 
1.051606621e+00 1.213853396e+00 1.342927817e+00 
1.035832522e+00 1.147276395e+00 1.164830223e+00 
1.081596884e+00 1.031607263e+00 1.124128626e+00 
1.105939630e+00 1.155346335e+00 1.250056218e+00 
1.255306719e+00 1.150638870e+00 1.288958849e+00 
1.151703992e+00 1.075319435e+00 1.173600180e+00 
1.206231743e+00 1.061869536e+00 1.164830223e+00 
1.000000000e+00 1.095494284e+00 1.125927592e+00 
1.089386563e+00 1.124411567e+00 1.217000225e+00 
1.000000000e+00 1.081371890e+00 1.000000000e+00 

1.448490750e+00 1.724277068e+00 1.826399820e+00 
1.603700097e+00 1.673167451e+00 1.897009220e+00 
1.053554041e+00 1.321452589e+00 1.507758039e+00 
1.340798442e+00 1.529253531e+00 1.743647403e+00 
1.356183057e+00 1.399462004e+00 1.679559253e+00 
1.310808179e+00 1.295897781e+00 1.588486620e+00 
1.918987342e+00 1.606590451e+00 1.897009220e+00 
1.492112950e+00 1.338264963e+00 1.679559253e+00 
1.030963973e+00 1.379959650e+00 1.507758039e+00 
1.030963973e+00 1.411566913e+00 1.631886665e+00 
1.260370010e+00 1.242770679e+00 1.505959074e+00 
1.274975657e+00 1.229993275e+00 1.423656398e+00 
1.143524830e+00 1.357094822e+00 1.516527996e+00 
1.179357352e+00 1.422999328e+00 1.681358219e+00 
1.428237585e+00 1.266308003e+00 1.507758039e+00 
1.087439143e+00 1.279757902e+00 1.507758039e+00 
1.350925024e+00 1.509751177e+00 1.805486845e+00 
1.017721519e+00 1.287155346e+00 1.467056443e+00 
1.141772152e+00 1.221250841e+00 1.414886440e+00 
1.260370010e+00 1.211163416e+00 1.381830447e+00 
1.017721519e+00 1.241425689e+00 1.217000225e+00 
1.335150925e+00 1.731674512e+00 1.782550034e+00 
1.204868549e+00 1.270342972e+00 1.464357994e+00 
1.123661149e+00 1.475453934e+00 1.681358219e+00 
1.376046738e+00 1.232683255e+00 1.462559029e+00 
1.485686465e+00 1.694687290e+00 1.897009220e+00 
1.249464460e+00 1.382649630e+00 1.640656622e+00 
1.017721519e+00 1.255548083e+00 1.342927817e+00 
1.087439143e+00 1.265635508e+00 1.381830447e+00 
1.035832522e+00 1.147276395e+00 1.164830223e+00 
1.257643622e+00 1.100874243e+00 1.297728806e+00 
1.491723466e+00 1.719569603e+00 1.908477625e+00 
1.105939630e+00 1.155346335e+00 1.250056218e+00 
1.251022395e+00 1.320107599e+00 1.514729031e+00 
1.287244401e+00 1.293207801e+00 1.514729031e+00 
1.122297955e+00 1.449226631e+00 1.640656622e+00 
1.294255112e+00 1.169468729e+00 1.381830447e+00 
1.035832522e+00 1.161398790e+00 1.290757814e+00 
1.051606621e+00 1.213853396e+00 1.342927817e+00 
1.055501461e+00 1.197713517e+00 1.341128851e+00 
1.151703992e+00 1.075319435e+00 1.173600180e+00 
1.255306719e+00 1.150638870e+00 1.288958849e+00 
1.081596884e+00 1.031607263e+00 1.124128626e+00 
1.089386563e+00 1.124411567e+00 1.217000225e+00 
1.257643622e+00 1.069266980e+00 1.173600180e+00 
1.206231743e+00 1.061869536e+00 1.164830223e+00 
1.081596884e+00 1.000000000e+00 1.000000000e+00 
1.000000000e+00 1.081371890e+00 1.000000000e+00 
1.000000000e+00 1.095494284e+00 1.125927592e+00 

1.739045764e+00 1.667787492e+00 1.897009220e+00 
1.030963973e+00 1.379959650e+00 1.507758039e+00 
1.144303797e+00 1.525218561e+00 1.681358219e+00 
1.030963973e+00 1.411566913e+00 1.631886665e+00 
1.122297955e+00 1.449226631e+00 1.640656622e+00 
1.641869523e+00 1.705447209e+00 1.908477625e+00 
1.633365531e+00 1.748486886e+00 1.908477625e+00 
1.557416164e+00 1.828513786e+00 1.908477625e+00 
1.326582278e+00 1.779421654e+00 1.897009220e+00 
1.407400195e+00 1.455279085e+00 1.681358219e+00 
1.608958130e+00 1.567585743e+00 1.805486845e+00 
1.409347614e+00 1.570275723e+00 1.805486845e+00 
1.613631938e+00 1.544048420e+00 1.805486845e+00 
1.249464460e+00 1.382649630e+00 1.640656622e+00 
1.017721519e+00 1.287155346e+00 1.467056443e+00 
1.251022395e+00 1.320107599e+00 1.514729031e+00 
1.340798442e+00 1.529253531e+00 1.743647403e+00 
1.204868549e+00 1.270342972e+00 1.464357994e+00 
1.110418695e+00 1.351042367e+00 1.516527996e+00 
1.156767283e+00 1.481506389e+00 1.681358219e+00 
1.638169426e+00 1.708809684e+00 1.908477625e+00 
1.534177215e+00 1.326160054e+00 1.631886665e+00 
1.435248296e+00 1.680564896e+00 1.897009220e+00 
1.141772152e+00 1.221250841e+00 1.414886440e+00 
1.260370010e+00 1.242770679e+00 1.505959074e+00 
1.260370010e+00 1.211163416e+00 1.381830447e+00 
1.597273612e+00 1.375252186e+00 1.681358219e+00 
1.428237585e+00 1.266308003e+00 1.507758039e+00 
1.087439143e+00 1.279757902e+00 1.507758039e+00 
1.274975657e+00 1.229993275e+00 1.423656398e+00 
1.629990263e+00 1.482851379e+00 1.805486845e+00 
1.498344693e+00 1.355749832e+00 1.640656622e+00 
1.356183057e+00 1.399462004e+00 1.679559253e+00 
1.310808179e+00 1.295897781e+00 1.588486620e+00 
1.294255112e+00 1.169468729e+00 1.381830447e+00 
1.918987342e+00 1.606590451e+00 1.897009220e+00 
1.376046738e+00 1.232683255e+00 1.462559029e+00 
1.087439143e+00 1.265635508e+00 1.381830447e+00 
1.287244401e+00 1.293207801e+00 1.514729031e+00 
1.064849075e+00 1.338264963e+00 1.507758039e+00 
1.051606621e+00 1.213853396e+00 1.342927817e+00 
1.255306719e+00 1.150638870e+00 1.288958849e+00 
1.017721519e+00 1.241425689e+00 1.217000225e+00 
1.017721519e+00 1.255548083e+00 1.342927817e+00 
1.207205453e+00 1.588433087e+00 1.805486845e+00 
1.105939630e+00 1.155346335e+00 1.250056218e+00 
1.055501461e+00 1.197713517e+00 1.341128851e+00 
1.257643622e+00 1.069266980e+00 1.173600180e+00 
1.151703992e+00 1.075319435e+00 1.173600180e+00 
1.257643622e+00 1.100874243e+00 1.297728806e+00 
1.035832522e+00 1.161398790e+00 1.290757814e+00 
1.035832522e+00 1.147276395e+00 1.164830223e+00 
1.081596884e+00 1.031607263e+00 1.124128626e+00 
1.081596884e+00 1.000000000e+00 1.000000000e+00 
1.089386563e+00 1.124411567e+00 1.217000225e+00 
1.000000000e+00 1.081371890e+00 1.000000000e+00 
1.000000000e+00 1.095494284e+00 1.125927592e+00 
1.206231743e+00 1.061869536e+00 1.164830223e+00 

1.443427459e+00 1.644250168e+00 1.805486845e+00 
1.278286271e+00 1.550773369e+00 1.723409040e+00 
1.179357352e+00 1.422999328e+00 1.681358219e+00 
1.433300876e+00 1.604572966e+00 1.772880594e+00 
1.335150925e+00 1.731674512e+00 1.782550034e+00 
1.618695229e+00 1.702757229e+00 1.897009220e+00 
1.546640701e+00 1.876260928e+00 1.874072408e+00 
1.123661149e+00 1.475453934e+00 1.681358219e+00 
1.578578384e+00 1.780094149e+00 1.835169777e+00 
1.608958130e+00 1.567585743e+00 1.805486845e+00 
1.122297955e+00 1.449226631e+00 1.640656622e+00 
1.289386563e+00 1.571620713e+00 1.734877445e+00 
1.285296981e+00 1.417619368e+00 1.640656622e+00 
1.497760467e+00 1.594485541e+00 1.772880594e+00 
1.606815969e+00 1.767989240e+00 1.897009220e+00 
1.415189873e+00 1.641560188e+00 1.784348999e+00 
1.053554041e+00 1.353059852e+00 1.631886665e+00 
1.549951315e+00 1.833221251e+00 1.897009220e+00 
1.030963973e+00 1.379959650e+00 1.507758039e+00 
1.368062317e+00 1.511096167e+00 1.723409040e+00 
1.085102240e+00 1.501008742e+00 1.679559253e+00 
1.597273612e+00 1.375252186e+00 1.681358219e+00 
1.705550146e+00 1.801613988e+00 1.908477625e+00 
1.429600779e+00 1.796906523e+00 1.805486845e+00 
1.806037001e+00 1.748486886e+00 1.908477625e+00 
1.310808179e+00 1.295897781e+00 1.588486620e+00 
1.583446933e+00 1.886348352e+00 1.908477625e+00 
1.514313535e+00 1.629455279e+00 1.784348999e+00 
1.476728335e+00 1.855413584e+00 1.826399820e+00 
1.141772152e+00 1.221250841e+00 1.414886440e+00 
1.030963973e+00 1.411566913e+00 1.631886665e+00 
1.580331061e+00 1.804976463e+00 1.875871374e+00 
1.428237585e+00 1.266308003e+00 1.507758039e+00 
1.492112950e+00 1.338264963e+00 1.679559253e+00 
1.664521908e+00 1.882985878e+00 1.908477625e+00 
1.017721519e+00 1.241425689e+00 1.217000225e+00 
1.260370010e+00 1.242770679e+00 1.505959074e+00 
1.287244401e+00 1.293207801e+00 1.514729031e+00 
1.051606621e+00 1.213853396e+00 1.342927817e+00 
1.251022395e+00 1.320107599e+00 1.514729031e+00 
1.274975657e+00 1.229993275e+00 1.423656398e+00 
1.260370010e+00 1.211163416e+00 1.381830447e+00 
1.374294060e+00 1.722932078e+00 1.743647403e+00 
1.204868549e+00 1.270342972e+00 1.464357994e+00 
1.087439143e+00 1.279757902e+00 1.507758039e+00 
1.055501461e+00 1.197713517e+00 1.341128851e+00 
1.257643622e+00 1.100874243e+00 1.297728806e+00 
1.035832522e+00 1.147276395e+00 1.164830223e+00 
1.294255112e+00 1.169468729e+00 1.381830447e+00 
1.017721519e+00 1.255548083e+00 1.342927817e+00 
1.110418695e+00 1.351042367e+00 1.516527996e+00 
1.087439143e+00 1.265635508e+00 1.381830447e+00 
1.376046738e+00 1.232683255e+00 1.462559029e+00 
1.504186952e+00 1.603900471e+00 1.782550034e+00 
1.064849075e+00 1.338264963e+00 1.507758039e+00 
1.053554041e+00 1.338937458e+00 1.505959074e+00 
1.017721519e+00 1.287155346e+00 1.467056443e+00 
1.257643622e+00 1.069266980e+00 1.173600180e+00 
1.255306719e+00 1.150638870e+00 1.288958849e+00 
1.035832522e+00 1.161398790e+00 1.290757814e+00 
1.206231743e+00 1.061869536e+00 1.164830223e+00 
1.151703992e+00 1.075319435e+00 1.173600180e+00 
1.105939630e+00 1.155346335e+00 1.250056218e+00 
1.089386563e+00 1.124411567e+00 1.217000225e+00 
1.000000000e+00 1.081371890e+00 1.000000000e+00 
1.000000000e+00 1.095494284e+00 1.125927592e+00 
1.081596884e+00 1.031607263e+00 1.124128626e+00 
1.081596884e+00 1.000000000e+00 1.000000000e+00 

1.504186952e+00 1.603900471e+00 1.782550034e+00 
1.123661149e+00 1.475453934e+00 1.681358219e+00 
1.491723466e+00 1.719569603e+00 1.908477625e+00 
1.498539435e+00 1.620040350e+00 1.897009220e+00 
1.561830574e+00 1.571620713e+00 1.897009220e+00 
1.492112950e+00 1.338264963e+00 1.679559253e+00 
1.703213242e+00 1.400806994e+00 1.805486845e+00 
1.546900097e+00 1.509078682e+00 1.805486845e+00 
1.053554041e+00 1.338937458e+00 1.505959074e+00 
1.340798442e+00 1.529253531e+00 1.743647403e+00 
1.251022395e+00 1.320107599e+00 1.514729031e+00 
1.428237585e+00 1.266308003e+00 1.507758039e+00 
1.122297955e+00 1.449226631e+00 1.640656622e+00 
1.356183057e+00 1.399462004e+00 1.679559253e+00 
1.310808179e+00 1.295897781e+00 1.588486620e+00 
1.030963973e+00 1.397444519e+00 1.505959074e+00 
1.597273612e+00 1.375252186e+00 1.681358219e+00 
1.146251217e+00 1.416946873e+00 1.681358219e+00 
1.087439143e+00 1.279757902e+00 1.507758039e+00 
1.287244401e+00 1.293207801e+00 1.514729031e+00 
1.301071081e+00 1.607935440e+00 1.805486845e+00 
1.064849075e+00 1.338264963e+00 1.507758039e+00 
1.435248296e+00 1.680564896e+00 1.897009220e+00 
1.087439143e+00 1.265635508e+00 1.381830447e+00 
1.141772152e+00 1.221250841e+00 1.414886440e+00 
1.753261928e+00 1.714189644e+00 1.908477625e+00 
1.017721519e+00 1.287155346e+00 1.467056443e+00 
1.260370010e+00 1.211163416e+00 1.381830447e+00 
1.260370010e+00 1.242770679e+00 1.505959074e+00 
1.179357352e+00 1.408876933e+00 1.555430627e+00 
1.249464460e+00 1.382649630e+00 1.640656622e+00 
1.376046738e+00 1.232683255e+00 1.462559029e+00 
1.017721519e+00 1.255548083e+00 1.342927817e+00 
1.105939630e+00 1.155346335e+00 1.250056218e+00 
1.257643622e+00 1.100874243e+00 1.297728806e+00 
1.506523856e+00 1.599865501e+00 1.772880594e+00 
1.051606621e+00 1.213853396e+00 1.342927817e+00 
1.204868549e+00 1.270342972e+00 1.464357994e+00 
1.055501461e+00 1.197713517e+00 1.341128851e+00 
1.274975657e+00 1.229993275e+00 1.423656398e+00 
1.030963973e+00 1.411566913e+00 1.631886665e+00 
1.017721519e+00 1.241425689e+00 1.217000225e+00 
1.035832522e+00 1.147276395e+00 1.164830223e+00 
1.143524830e+00 1.357094822e+00 1.516527996e+00 
1.035832522e+00 1.161398790e+00 1.290757814e+00 
1.294255112e+00 1.169468729e+00 1.381830447e+00 
1.151703992e+00 1.075319435e+00 1.173600180e+00 
1.255306719e+00 1.150638870e+00 1.288958849e+00 
1.000000000e+00 1.081371890e+00 1.000000000e+00 
1.081596884e+00 1.031607263e+00 1.124128626e+00 
1.000000000e+00 1.095494284e+00 1.125927592e+00 
1.089386563e+00 1.124411567e+00 1.217000225e+00 
1.257643622e+00 1.069266980e+00 1.173600180e+00 
1.206231743e+00 1.061869536e+00 1.164830223e+00 
1.081596884e+00 1.000000000e+00 1.000000000e+00 

1.225121714e+00 1.426361802e+00 1.517877221e+00 
1.092112950e+00 1.569603228e+00 1.535642006e+00 
1.683933788e+00 1.907868191e+00 1.908477625e+00 
1.108471276e+00 1.459314055e+00 1.516527996e+00 
1.310808179e+00 1.295897781e+00 1.588486620e+00 
1.049269718e+00 1.435104237e+00 1.514729031e+00 
1.690944499e+00 1.849361130e+00 1.908477625e+00 
1.514313535e+00 1.629455279e+00 1.784348999e+00 
1.526777020e+00 1.617350370e+00 1.782550034e+00 
1.571567673e+00 1.536650975e+00 1.771081628e+00 
1.053554041e+00 1.321452589e+00 1.507758039e+00 
1.326582278e+00 1.779421654e+00 1.897009220e+00 
1.122297955e+00 1.449226631e+00 1.640656622e+00 
1.496981500e+00 1.514458642e+00 1.732178997e+00 
1.356183057e+00 1.399462004e+00 1.679559253e+00 
1.123661149e+00 1.475453934e+00 1.681358219e+00 
1.331840312e+00 1.644922663e+00 1.734877445e+00 
1.561830574e+00 1.571620713e+00 1.897009220e+00 
1.253554041e+00 1.689979825e+00 1.805486845e+00 
1.115287244e+00 1.445191661e+00 1.631886665e+00 
1.249464460e+00 1.382649630e+00 1.640656622e+00 
1.246738072e+00 1.617350370e+00 1.723409040e+00 
1.428237585e+00 1.266308003e+00 1.507758039e+00 
1.017721519e+00 1.241425689e+00 1.217000225e+00 
1.473222980e+00 1.728312038e+00 1.897009220e+00 
1.274975657e+00 1.229993275e+00 1.423656398e+00 
1.340798442e+00 1.529253531e+00 1.743647403e+00 
1.017721519e+00 1.255548083e+00 1.342927817e+00 
1.122297955e+00 1.417619368e+00 1.516527996e+00 
1.260370010e+00 1.242770679e+00 1.505959074e+00 
1.524050633e+00 1.422999328e+00 1.681358219e+00 
1.087439143e+00 1.279757902e+00 1.507758039e+00 
1.017721519e+00 1.287155346e+00 1.467056443e+00 
1.597273612e+00 1.375252186e+00 1.681358219e+00 
1.287244401e+00 1.293207801e+00 1.514729031e+00 
1.251022395e+00 1.320107599e+00 1.514729031e+00 
1.192015579e+00 1.441829186e+00 1.681358219e+00 
1.260370010e+00 1.211163416e+00 1.381830447e+00 
1.724829601e+00 1.796906523e+00 1.908477625e+00 
1.204868549e+00 1.270342972e+00 1.464357994e+00 
1.257643622e+00 1.069266980e+00 1.173600180e+00 
1.035832522e+00 1.147276395e+00 1.164830223e+00 
1.294255112e+00 1.169468729e+00 1.381830447e+00 
1.055501461e+00 1.197713517e+00 1.341128851e+00 
1.141772152e+00 1.221250841e+00 1.414886440e+00 
1.143524830e+00 1.357094822e+00 1.516527996e+00 
1.087439143e+00 1.265635508e+00 1.381830447e+00 
1.498344693e+00 1.355749832e+00 1.640656622e+00 
1.255306719e+00 1.150638870e+00 1.288958849e+00 
1.376046738e+00 1.232683255e+00 1.462559029e+00 
1.257643622e+00 1.100874243e+00 1.297728806e+00 
1.105939630e+00 1.155346335e+00 1.250056218e+00 
1.081596884e+00 1.031607263e+00 1.124128626e+00 
1.089386563e+00 1.124411567e+00 1.217000225e+00 
1.206231743e+00 1.061869536e+00 1.164830223e+00 
1.035832522e+00 1.161398790e+00 1.290757814e+00 
1.000000000e+00 1.081371890e+00 1.000000000e+00 
1.151703992e+00 1.075319435e+00 1.173600180e+00 
1.081596884e+00 1.000000000e+00 1.000000000e+00 
1.051606621e+00 1.213853396e+00 1.342927817e+00 
1.000000000e+00 1.095494284e+00 1.125927592e+00 

1.030963973e+00 1.379959650e+00 1.507758039e+00 
1.123661149e+00 1.475453934e+00 1.681358219e+00 
1.536708861e+00 1.514458642e+00 1.805486845e+00 
1.429600779e+00 1.686617350e+00 1.897009220e+00 
1.030963973e+00 1.411566913e+00 1.631886665e+00 
1.310808179e+00 1.295897781e+00 1.588486620e+00 
1.326582278e+00 1.779421654e+00 1.897009220e+00 
1.179357352e+00 1.422999328e+00 1.681358219e+00 
1.668159688e+00 1.497646268e+00 1.723409040e+00 
1.491723466e+00 1.719569603e+00 1.908477625e+00 
1.204868549e+00 1.270342972e+00 1.464357994e+00 
1.260370010e+00 1.242770679e+00 1.505959074e+00 
1.158130477e+00 1.515131137e+00 1.805486845e+00 
1.141772152e+00 1.221250841e+00 1.414886440e+00 
1.274975657e+00 1.229993275e+00 1.423656398e+00 
1.260370010e+00 1.211163416e+00 1.381830447e+00 
1.017721519e+00 1.255548083e+00 1.342927817e+00 
1.498344693e+00 1.355749832e+00 1.640656622e+00 
1.087439143e+00 1.279757902e+00 1.507758039e+00 
1.105939630e+00 1.155346335e+00 1.250056218e+00 
1.287244401e+00 1.293207801e+00 1.514729031e+00 
1.064849075e+00 1.338264963e+00 1.507758039e+00 
1.110418695e+00 1.351042367e+00 1.516527996e+00 
1.017721519e+00 1.241425689e+00 1.217000225e+00 
1.376046738e+00 1.232683255e+00 1.462559029e+00 
1.087439143e+00 1.265635508e+00 1.381830447e+00 
1.053554041e+00 1.353059852e+00 1.631886665e+00 
1.428237585e+00 1.266308003e+00 1.507758039e+00 
1.255306719e+00 1.150638870e+00 1.288958849e+00 
1.055501461e+00 1.197713517e+00 1.341128851e+00 
1.251022395e+00 1.320107599e+00 1.514729031e+00 
1.257643622e+00 1.069266980e+00 1.173600180e+00 
1.017721519e+00 1.287155346e+00 1.467056443e+00 
1.257643622e+00 1.100874243e+00 1.297728806e+00 
1.051606621e+00 1.213853396e+00 1.342927817e+00 
1.035832522e+00 1.147276395e+00 1.164830223e+00 
1.000000000e+00 1.095494284e+00 1.125927592e+00 
1.035832522e+00 1.161398790e+00 1.290757814e+00 
1.151703992e+00 1.075319435e+00 1.173600180e+00 
1.081596884e+00 1.031607263e+00 1.124128626e+00 
1.089386563e+00 1.124411567e+00 1.217000225e+00 
1.294255112e+00 1.169468729e+00 1.381830447e+00 
1.000000000e+00 1.081371890e+00 1.000000000e+00 
1.206231743e+00 1.061869536e+00 1.164830223e+00 
1.081596884e+00 1.000000000e+00 1.000000000e+00 

1.467185979e+00 1.776731675e+00 1.826399820e+00 
1.360856865e+00 1.594485541e+00 1.772880594e+00 
1.443427459e+00 1.644250168e+00 1.805486845e+00 
1.269328140e+00 1.558843309e+00 1.723409040e+00 
1.123661149e+00 1.475453934e+00 1.681358219e+00 
1.504186952e+00 1.603900471e+00 1.782550034e+00 
1.485686465e+00 1.694687290e+00 1.897009220e+00 
1.460759494e+00 1.574983188e+00 1.772880594e+00 
1.110418695e+00 1.351042367e+00 1.516527996e+00 
1.053554041e+00 1.353059852e+00 1.631886665e+00 
1.498539435e+00 1.620040350e+00 1.897009220e+00 
1.492112950e+00 1.338264963e+00 1.679559253e+00 
1.407789679e+00 1.660390047e+00 1.805486845e+00 
1.534177215e+00 1.326160054e+00 1.631886665e+00 
1.405452775e+00 1.728312038e+00 1.805486845e+00 
1.452644985e+00 1.874915938e+00 1.835169777e+00 
1.122297955e+00 1.449226631e+00 1.640656622e+00 
1.643622201e+00 1.522528581e+00 1.805486845e+00 
1.053554041e+00 1.338937458e+00 1.505959074e+00 
1.030963973e+00 1.397444519e+00 1.505959074e+00 
1.346445959e+00 1.638197714e+00 1.734877445e+00 
1.887828627e+00 1.517821116e+00 1.771081628e+00 
1.590457644e+00 1.548755884e+00 1.732178997e+00 
1.287244401e+00 1.293207801e+00 1.514729031e+00 
1.030963973e+00 1.411566913e+00 1.631886665e+00 
1.613631938e+00 1.524546066e+00 1.723409040e+00 
1.356183057e+00 1.399462004e+00 1.679559253e+00 
1.353067186e+00 1.306657700e+00 1.555430627e+00 
1.017721519e+00 1.255548083e+00 1.342927817e+00 
1.249464460e+00 1.382649630e+00 1.640656622e+00 
1.521129503e+00 1.667114997e+00 1.908477625e+00 
1.384810127e+00 1.436449227e+00 1.681358219e+00 
1.017721519e+00 1.241425689e+00 1.217000225e+00 
1.260370010e+00 1.211163416e+00 1.381830447e+00 
1.017721519e+00 1.287155346e+00 1.467056443e+00 
1.257643622e+00 1.100874243e+00 1.297728806e+00 
1.349172347e+00 1.689307330e+00 1.772880594e+00 
1.105939630e+00 1.155346335e+00 1.250056218e+00 
1.260370010e+00 1.242770679e+00 1.505959074e+00 
1.087439143e+00 1.279757902e+00 1.507758039e+00 
1.141772152e+00 1.221250841e+00 1.414886440e+00 
1.087439143e+00 1.265635508e+00 1.381830447e+00 
1.251022395e+00 1.320107599e+00 1.514729031e+00 
1.035832522e+00 1.161398790e+00 1.290757814e+00 
1.376046738e+00 1.232683255e+00 1.462559029e+00 
1.204868549e+00 1.270342972e+00 1.464357994e+00 
1.051606621e+00 1.213853396e+00 1.342927817e+00 
1.274975657e+00 1.229993275e+00 1.423656398e+00 
1.428237585e+00 1.266308003e+00 1.507758039e+00 
1.064849075e+00 1.338264963e+00 1.507758039e+00 
1.294255112e+00 1.169468729e+00 1.381830447e+00 
1.055501461e+00 1.197713517e+00 1.341128851e+00 
1.035832522e+00 1.147276395e+00 1.164830223e+00 
1.081596884e+00 1.000000000e+00 1.000000000e+00 
1.257643622e+00 1.069266980e+00 1.173600180e+00 
1.255306719e+00 1.150638870e+00 1.288958849e+00 
1.000000000e+00 1.095494284e+00 1.125927592e+00 
1.000000000e+00 1.081371890e+00 1.000000000e+00 
1.089386563e+00 1.124411567e+00 1.217000225e+00 
1.081596884e+00 1.031607263e+00 1.124128626e+00 
1.206231743e+00 1.061869536e+00 1.164830223e+00 
1.151703992e+00 1.075319435e+00 1.173600180e+00 

1.326582278e+00 1.779421654e+00 1.897009220e+00 
1.278286271e+00 1.550773369e+00 1.723409040e+00 
1.123661149e+00 1.475453934e+00 1.681358219e+00 
1.491723466e+00 1.719569603e+00 1.908477625e+00 
1.784225901e+00 1.613315400e+00 1.908477625e+00 
1.613631938e+00 1.544048420e+00 1.805486845e+00 
1.597273612e+00 1.375252186e+00 1.681358219e+00 
1.601947420e+00 1.523873571e+00 1.723409040e+00 
1.030963973e+00 1.411566913e+00 1.631886665e+00 
1.310808179e+00 1.401479489e+00 1.588486620e+00 
1.146251217e+00 1.416946873e+00 1.681358219e+00 
1.435248296e+00 1.680564896e+00 1.897009220e+00 
1.122297955e+00 1.449226631e+00 1.640656622e+00 
1.376046738e+00 1.232683255e+00 1.462559029e+00 
1.259980526e+00 1.556825824e+00 1.805486845e+00 
1.492112950e+00 1.338264963e+00 1.679559253e+00 
1.146251217e+00 1.402824479e+00 1.555430627e+00 
1.356183057e+00 1.399462004e+00 1.679559253e+00 
1.428237585e+00 1.266308003e+00 1.507758039e+00 
1.596494645e+00 1.487558843e+00 1.691477400e+00 
1.386173320e+00 1.312710155e+00 1.555430627e+00 
1.251022395e+00 1.320107599e+00 1.514729031e+00 
1.204868549e+00 1.270342972e+00 1.464357994e+00 
1.017721519e+00 1.241425689e+00 1.217000225e+00 
1.356183057e+00 1.367854741e+00 1.555430627e+00 
1.274975657e+00 1.229993275e+00 1.423656398e+00 
1.053554041e+00 1.321452589e+00 1.507758039e+00 
1.287244401e+00 1.293207801e+00 1.514729031e+00 
1.141772152e+00 1.221250841e+00 1.414886440e+00 
1.260370010e+00 1.242770679e+00 1.505959074e+00 
1.017721519e+00 1.287155346e+00 1.467056443e+00 
1.294255112e+00 1.169468729e+00 1.381830447e+00 
1.035832522e+00 1.161398790e+00 1.290757814e+00 
1.017721519e+00 1.255548083e+00 1.342927817e+00 
1.105939630e+00 1.155346335e+00 1.250056218e+00 
1.087439143e+00 1.265635508e+00 1.381830447e+00 
1.143524830e+00 1.357094822e+00 1.516527996e+00 
1.255306719e+00 1.150638870e+00 1.288958849e+00 
1.035832522e+00 1.147276395e+00 1.164830223e+00 
1.055501461e+00 1.197713517e+00 1.341128851e+00 
1.151703992e+00 1.075319435e+00 1.173600180e+00 
1.257643622e+00 1.069266980e+00 1.173600180e+00 
1.000000000e+00 1.081371890e+00 1.000000000e+00 
1.260370010e+00 1.211163416e+00 1.381830447e+00 
1.087439143e+00 1.279757902e+00 1.507758039e+00 
1.257643622e+00 1.100874243e+00 1.297728806e+00 
1.206231743e+00 1.061869536e+00 1.164830223e+00 
1.051606621e+00 1.213853396e+00 1.342927817e+00 
1.089386563e+00 1.124411567e+00 1.217000225e+00 
1.081596884e+00 1.031607263e+00 1.124128626e+00 
1.000000000e+00 1.095494284e+00 1.125927592e+00 
1.081596884e+00 1.000000000e+00 1.000000000e+00 

1.534177215e+00 1.527236046e+00 1.805486845e+00 
1.317818890e+00 1.589778077e+00 1.723409040e+00 
1.703213242e+00 1.400806994e+00 1.805486845e+00 
1.393768257e+00 1.620712845e+00 1.732178997e+00 
1.407789679e+00 1.660390047e+00 1.805486845e+00 
1.597273612e+00 1.375252186e+00 1.681358219e+00 
1.385783836e+00 1.694014795e+00 1.784348999e+00 
1.463485881e+00 1.613315400e+00 1.772880594e+00 
1.030963973e+00 1.379959650e+00 1.507758039e+00 
1.249464460e+00 1.382649630e+00 1.640656622e+00 
1.053554041e+00 1.338937458e+00 1.505959074e+00 
1.310808179e+00 1.295897781e+00 1.588486620e+00 
1.241674781e+00 1.622730330e+00 1.772880594e+00 
1.498344693e+00 1.355749832e+00 1.640656622e+00 
1.356183057e+00 1.399462004e+00 1.679559253e+00 
1.326582278e+00 1.779421654e+00 1.897009220e+00 
1.179357352e+00 1.422999328e+00 1.681358219e+00 
1.335150925e+00 1.731674512e+00 1.782550034e+00 
1.030963973e+00 1.411566913e+00 1.631886665e+00 
1.123661149e+00 1.475453934e+00 1.681358219e+00 
1.534177215e+00 1.326160054e+00 1.631886665e+00 
1.428237585e+00 1.266308003e+00 1.507758039e+00 
1.491723466e+00 1.719569603e+00 1.908477625e+00 
1.105939630e+00 1.155346335e+00 1.250056218e+00 
1.122297955e+00 1.449226631e+00 1.640656622e+00 
1.274975657e+00 1.229993275e+00 1.423656398e+00 
1.087439143e+00 1.265635508e+00 1.381830447e+00 
1.053554041e+00 1.353059852e+00 1.631886665e+00 
1.064849075e+00 1.338264963e+00 1.507758039e+00 
1.257643622e+00 1.069266980e+00 1.173600180e+00 
1.087439143e+00 1.279757902e+00 1.507758039e+00 
1.498539435e+00 1.620040350e+00 1.897009220e+00 
1.017721519e+00 1.241425689e+00 1.217000225e+00 
1.287244401e+00 1.293207801e+00 1.514729031e+00 
1.251022395e+00 1.320107599e+00 1.514729031e+00 
1.035832522e+00 1.161398790e+00 1.290757814e+00 
1.017721519e+00 1.287155346e+00 1.467056443e+00 
1.035832522e+00 1.147276395e+00 1.164830223e+00 
1.260370010e+00 1.242770679e+00 1.505959074e+00 
1.255306719e+00 1.150638870e+00 1.288958849e+00 
1.257643622e+00 1.100874243e+00 1.297728806e+00 
1.204868549e+00 1.270342972e+00 1.464357994e+00 
1.376046738e+00 1.232683255e+00 1.462559029e+00 
1.017721519e+00 1.255548083e+00 1.342927817e+00 
1.141772152e+00 1.221250841e+00 1.414886440e+00 
1.260370010e+00 1.211163416e+00 1.381830447e+00 
1.051606621e+00 1.213853396e+00 1.342927817e+00 
1.055501461e+00 1.197713517e+00 1.341128851e+00 
1.294255112e+00 1.169468729e+00 1.381830447e+00 
1.081596884e+00 1.031607263e+00 1.124128626e+00 
1.151703992e+00 1.075319435e+00 1.173600180e+00 
1.000000000e+00 1.095494284e+00 1.125927592e+00 
1.089386563e+00 1.124411567e+00 1.217000225e+00 
1.081596884e+00 1.000000000e+00 1.000000000e+00 
1.470496592e+00 1.587088097e+00 1.732178997e+00 
1.206231743e+00 1.061869536e+00 1.164830223e+00 
1.000000000e+00 1.081371890e+00 1.000000000e+00 
