1.434772296e+00 1.628949302e+00 1.866445655e+00 
1.237191651e+00 1.399706098e+00 1.605967322e+00 
1.571631879e+00 1.628214548e+00 1.797063699e+00 
1.287239089e+00 1.594415871e+00 1.676533270e+00 
1.456356736e+00 1.624540779e+00 1.729576131e+00 
1.553130930e+00 1.748714181e+00 1.930618044e+00 
1.523719165e+00 1.612784717e+00 1.739521667e+00 
1.318074004e+00 1.509184423e+00 1.677954061e+00 
1.174098672e+00 1.434239530e+00 1.605967322e+00 
1.608159393e+00 1.575312270e+00 1.798484490e+00 
1.533206831e+00 1.526818516e+00 1.747336017e+00 
1.336100569e+00 1.698016165e+00 1.778356619e+00 
1.342979127e+00 1.341660544e+00 1.605967322e+00 
1.386148008e+00 1.415870683e+00 1.677954061e+00 
1.244781784e+00 1.384276267e+00 1.605967322e+00 
1.369070209e+00 1.440852314e+00 1.676533270e+00 
1.217504744e+00 1.371785452e+00 1.554818849e+00 
1.326612903e+00 1.548126378e+00 1.714184229e+00 
1.274667932e+00 1.454812638e+00 1.618991238e+00 
1.272770398e+00 1.371050698e+00 1.605967322e+00 
1.421252372e+00 1.778839089e+00 1.930618044e+00 
1.714421252e+00 1.550330639e+00 1.798484490e+00 
1.408206831e+00 1.636296841e+00 1.734312100e+00 
1.100094877e+00 1.491550331e+00 1.593653801e+00 
1.544829222e+00 1.668626010e+00 1.879469571e+00 
1.352941176e+00 1.332108744e+00 1.607388113e+00 
1.351043643e+00 1.366642175e+00 1.664930144e+00 
1.289136622e+00 1.650991918e+00 1.727208146e+00 
1.083728653e+00 1.282880235e+00 1.402557424e+00 
1.111005693e+00 1.295371051e+00 1.453705896e+00 
1.356973435e+00 1.652461425e+00 1.739521667e+00 
1.190702087e+00 1.259368112e+00 1.404925408e+00 
1.248339658e+00 1.506245408e+00 1.664930144e+00 
1.143500949e+00 1.365172667e+00 1.525692636e+00 
1.063330171e+00 1.404114622e+00 1.524271845e+00 
1.225806452e+00 1.196179280e+00 1.473833767e+00 
1.127371917e+00 1.504041146e+00 1.644802273e+00 
1.365512334e+00 1.651726672e+00 1.797063699e+00 
1.260910816e+00 1.245407788e+00 1.486857684e+00 
1.242884250e+00 1.285819251e+00 1.512668719e+00 
1.127134725e+00 1.156502572e+00 1.334596259e+00 
1.016366224e+00 1.229243204e+00 1.392138290e+00 
1.046963947e+00 1.195444526e+00 1.333175468e+00 
1.532258065e+00 1.560617193e+00 1.739521667e+00 
1.118595825e+00 1.128581925e+00 1.272791854e+00 
1.259013283e+00 1.279941220e+00 1.544399716e+00 
1.091081594e+00 1.159441587e+00 1.284394980e+00 
1.000000000e+00 1.020573108e+00 1.201041913e+00 
1.133776091e+00 1.109478325e+00 1.353303339e+00 
1.120493359e+00 1.149155033e+00 1.285815771e+00 
1.000000000e+00 1.000000000e+00 1.000000000e+00 
1.243833017e+00 1.270389420e+00 1.485436893e+00 
1.180740038e+00 1.284349743e+00 1.485436893e+00 

1.351043643e+00 1.366642175e+00 1.664930144e+00 
1.272770398e+00 1.371050698e+00 1.605967322e+00 
1.217504744e+00 1.371785452e+00 1.554818849e+00 
1.289136622e+00 1.650991918e+00 1.727208146e+00 
1.468216319e+00 1.512123439e+00 1.797063699e+00 
1.342979127e+00 1.341660544e+00 1.605967322e+00 
1.620730550e+00 1.940484938e+00 1.930618044e+00 
1.408206831e+00 1.636296841e+00 1.734312100e+00 
1.658444023e+00 1.574577517e+00 1.798484490e+00 
1.174098672e+00 1.434239530e+00 1.605967322e+00 
1.100094877e+00 1.491550331e+00 1.593653801e+00 
1.655597723e+00 1.730345334e+00 1.930618044e+00 
1.582779886e+00 1.852314475e+00 1.847738574e+00 
1.463946869e+00 1.625275533e+00 1.778356619e+00 
1.190464896e+00 1.609845702e+00 1.676533270e+00 
1.421726755e+00 1.598824394e+00 1.739521667e+00 
1.352941176e+00 1.332108744e+00 1.607388113e+00 
1.127371917e+00 1.504041146e+00 1.644802273e+00 
1.344639469e+00 1.512123439e+00 1.677954061e+00 
1.461100569e+00 1.406318883e+00 1.677954061e+00 
1.289848197e+00 1.460690669e+00 1.644802273e+00 
1.406546490e+00 1.531227039e+00 1.688373194e+00 
1.508064516e+00 1.581190301e+00 1.810087615e+00 
1.244781784e+00 1.384276267e+00 1.605967322e+00 
1.305977230e+00 1.454812638e+00 1.676533270e+00 
1.456356736e+00 1.503306392e+00 1.677954061e+00 
1.426944972e+00 1.895664952e+00 1.847738574e+00 
1.259013283e+00 1.279941220e+00 1.544399716e+00 
1.786527514e+00 1.656135195e+00 1.867866446e+00 
1.260910816e+00 1.245407788e+00 1.486857684e+00 
1.640891841e+00 1.848640705e+00 1.866445655e+00 
1.287239089e+00 1.594415871e+00 1.676533270e+00 
1.291034156e+00 1.663482733e+00 1.810087615e+00 
1.274667932e+00 1.454812638e+00 1.618991238e+00 
1.369070209e+00 1.440852314e+00 1.676533270e+00 
1.248339658e+00 1.506245408e+00 1.664930144e+00 
1.143500949e+00 1.365172667e+00 1.525692636e+00 
1.242884250e+00 1.285819251e+00 1.512668719e+00 
1.190702087e+00 1.259368112e+00 1.404925408e+00 
1.111005693e+00 1.295371051e+00 1.453705896e+00 
1.225806452e+00 1.196179280e+00 1.473833767e+00 
1.180740038e+00 1.284349743e+00 1.485436893e+00 
1.083728653e+00 1.282880235e+00 1.402557424e+00 
1.063330171e+00 1.404114622e+00 1.524271845e+00 
1.486480076e+00 1.864070536e+00 1.866445655e+00 
1.091081594e+00 1.159441587e+00 1.284394980e+00 
1.118595825e+00 1.128581925e+00 1.272791854e+00 
1.243833017e+00 1.270389420e+00 1.485436893e+00 
1.046963947e+00 1.195444526e+00 1.333175468e+00 
1.127134725e+00 1.156502572e+00 1.334596259e+00 
1.120493359e+00 1.149155033e+00 1.285815771e+00 
1.133776091e+00 1.109478325e+00 1.353303339e+00 
1.000000000e+00 1.020573108e+00 1.201041913e+00 
1.000000000e+00 1.000000000e+00 1.000000000e+00 
1.016366224e+00 1.229243204e+00 1.392138290e+00 

1.421726755e+00 1.598824394e+00 1.739521667e+00 
1.776091082e+00 1.666421749e+00 1.867866446e+00 
1.351280835e+00 1.694342395e+00 1.797063699e+00 
1.463946869e+00 1.625275533e+00 1.778356619e+00 
1.274667932e+00 1.454812638e+00 1.618991238e+00 
1.174098672e+00 1.434239530e+00 1.605967322e+00 
1.190464896e+00 1.609845702e+00 1.676533270e+00 
1.377134725e+00 1.676708303e+00 1.729576131e+00 
1.291034156e+00 1.645848641e+00 1.677954061e+00 
1.369070209e+00 1.440852314e+00 1.676533270e+00 
1.342979127e+00 1.341660544e+00 1.605967322e+00 
1.555028463e+00 1.756061719e+00 1.847738574e+00 
1.478178368e+00 1.502571639e+00 1.798484490e+00 
1.446869070e+00 1.360029390e+00 1.607388113e+00 
1.336100569e+00 1.698016165e+00 1.778356619e+00 
1.428130930e+00 1.712711242e+00 1.810087615e+00 
1.572817837e+00 1.739897134e+00 1.930618044e+00 
1.386148008e+00 1.415870683e+00 1.677954061e+00 
1.127371917e+00 1.504041146e+00 1.644802273e+00 
1.248339658e+00 1.506245408e+00 1.664930144e+00 
1.670777989e+00 1.634092579e+00 1.810087615e+00 
1.305977230e+00 1.454812638e+00 1.676533270e+00 
1.318074004e+00 1.509184423e+00 1.677954061e+00 
1.572580645e+00 1.710506980e+00 1.810087615e+00 
1.351043643e+00 1.366642175e+00 1.664930144e+00 
1.237191651e+00 1.399706098e+00 1.605967322e+00 
1.438567362e+00 1.535635562e+00 1.688373194e+00 
1.259013283e+00 1.279941220e+00 1.544399716e+00 
1.063330171e+00 1.404114622e+00 1.524271845e+00 
1.577798861e+00 1.634827333e+00 1.810087615e+00 
1.511385199e+00 1.646583395e+00 1.808903623e+00 
1.596774194e+00 1.720058780e+00 1.930618044e+00 
1.217504744e+00 1.376193975e+00 1.544399716e+00 
1.287239089e+00 1.594415871e+00 1.676533270e+00 
1.190702087e+00 1.259368112e+00 1.404925408e+00 
1.111005693e+00 1.295371051e+00 1.453705896e+00 
1.083728653e+00 1.282880235e+00 1.402557424e+00 
1.143500949e+00 1.365172667e+00 1.525692636e+00 
1.180740038e+00 1.284349743e+00 1.485436893e+00 
1.225806452e+00 1.196179280e+00 1.473833767e+00 
1.244781784e+00 1.384276267e+00 1.605967322e+00 
1.133776091e+00 1.109478325e+00 1.353303339e+00 
1.046963947e+00 1.195444526e+00 1.333175468e+00 
1.118595825e+00 1.128581925e+00 1.272791854e+00 
1.120493359e+00 1.149155033e+00 1.285815771e+00 
1.091081594e+00 1.159441587e+00 1.284394980e+00 
1.260910816e+00 1.245407788e+00 1.486857684e+00 
1.127134725e+00 1.156502572e+00 1.334596259e+00 
1.242884250e+00 1.285819251e+00 1.512668719e+00 
1.243833017e+00 1.270389420e+00 1.485436893e+00 
1.000000000e+00 1.020573108e+00 1.201041913e+00 
1.000000000e+00 1.000000000e+00 1.000000000e+00 
1.016366224e+00 1.229243204e+00 1.392138290e+00 

1.318074004e+00 1.509184423e+00 1.677954061e+00 
1.305977230e+00 1.454812638e+00 1.676533270e+00 
1.289136622e+00 1.650991918e+00 1.727208146e+00 
1.342979127e+00 1.341660544e+00 1.605967322e+00 
1.438567362e+00 1.535635562e+00 1.688373194e+00 
1.369070209e+00 1.440852314e+00 1.676533270e+00 
1.596774194e+00 1.720058780e+00 1.930618044e+00 
1.248339658e+00 1.506245408e+00 1.664930144e+00 
1.861480076e+00 1.666421749e+00 1.867866446e+00 
1.434772296e+00 1.628949302e+00 1.866445655e+00 
1.777988615e+00 1.717854519e+00 1.879469571e+00 
1.577798861e+00 1.594415871e+00 1.798484490e+00 
1.264468691e+00 1.551065393e+00 1.676533270e+00 
1.289848197e+00 1.460690669e+00 1.644802273e+00 
1.461100569e+00 1.406318883e+00 1.677954061e+00 
1.484819734e+00 1.401175606e+00 1.607388113e+00 
1.398007590e+00 1.541513593e+00 1.797063699e+00 
1.533681214e+00 1.614254225e+00 1.810087615e+00 
1.242884250e+00 1.285819251e+00 1.512668719e+00 
1.608159393e+00 1.575312270e+00 1.798484490e+00 
1.225806452e+00 1.196179280e+00 1.473833767e+00 
1.274667932e+00 1.454812638e+00 1.618991238e+00 
1.325426945e+00 1.398971345e+00 1.605967322e+00 
1.370967742e+00 1.406318883e+00 1.618991238e+00 
1.456356736e+00 1.503306392e+00 1.677954061e+00 
1.370018975e+00 1.421748714e+00 1.646223064e+00 
1.111005693e+00 1.295371051e+00 1.453705896e+00 
1.180740038e+00 1.284349743e+00 1.485436893e+00 
1.083728653e+00 1.282880235e+00 1.402557424e+00 
1.567836812e+00 1.511388685e+00 1.739521667e+00 
1.259013283e+00 1.279941220e+00 1.544399716e+00 
1.260910816e+00 1.245407788e+00 1.486857684e+00 
1.217504744e+00 1.376193975e+00 1.544399716e+00 
1.127371917e+00 1.504041146e+00 1.644802273e+00 
1.564516129e+00 1.534166054e+00 1.739521667e+00 
1.120493359e+00 1.149155033e+00 1.285815771e+00 
1.127134725e+00 1.156502572e+00 1.334596259e+00 
1.046963947e+00 1.195444526e+00 1.333175468e+00 
1.063330171e+00 1.404114622e+00 1.524271845e+00 
1.143500949e+00 1.365172667e+00 1.525692636e+00 
1.133776091e+00 1.109478325e+00 1.353303339e+00 
1.243833017e+00 1.270389420e+00 1.485436893e+00 
1.190702087e+00 1.259368112e+00 1.404925408e+00 
1.435009488e+00 1.417340191e+00 1.644802273e+00 
1.091081594e+00 1.159441587e+00 1.284394980e+00 
1.118595825e+00 1.128581925e+00 1.272791854e+00 
1.016366224e+00 1.229243204e+00 1.392138290e+00 
1.000000000e+00 1.020573108e+00 1.201041913e+00 
1.000000000e+00 1.000000000e+00 1.000000000e+00 

1.244781784e+00 1.384276267e+00 1.605967322e+00 
1.351043643e+00 1.366642175e+00 1.664930144e+00 
1.438567362e+00 1.535635562e+00 1.688373194e+00 
1.559772296e+00 1.560617193e+00 1.798484490e+00 
1.699240987e+00 1.537105070e+00 1.747336017e+00 
1.504032258e+00 1.714180749e+00 1.798484490e+00 
1.318074004e+00 1.509184423e+00 1.677954061e+00 
1.579459203e+00 1.784717120e+00 1.930618044e+00 
1.190464896e+00 1.609845702e+00 1.676533270e+00 
1.693074004e+00 1.681851580e+00 1.930618044e+00 
1.572580645e+00 1.710506980e+00 1.810087615e+00 
1.291034156e+00 1.645848641e+00 1.677954061e+00 
1.398007590e+00 1.541513593e+00 1.797063699e+00 
1.626185958e+00 1.649522410e+00 1.810087615e+00 
1.127371917e+00 1.504041146e+00 1.644802273e+00 
1.712523719e+00 1.610580456e+00 1.810087615e+00 
1.063330171e+00 1.404114622e+00 1.524271845e+00 
1.673624288e+00 1.648787656e+00 1.810087615e+00 
1.585863378e+00 1.754592212e+00 1.930618044e+00 
1.342979127e+00 1.341660544e+00 1.605967322e+00 
1.100094877e+00 1.491550331e+00 1.593653801e+00 
1.143500949e+00 1.365172667e+00 1.525692636e+00 
1.287239089e+00 1.594415871e+00 1.676533270e+00 
1.564516129e+00 1.534166054e+00 1.739521667e+00 
1.111005693e+00 1.295371051e+00 1.453705896e+00 
1.190702087e+00 1.259368112e+00 1.404925408e+00 
1.242884250e+00 1.285819251e+00 1.512668719e+00 
1.386148008e+00 1.415870683e+00 1.677954061e+00 
1.180740038e+00 1.284349743e+00 1.485436893e+00 
1.248339658e+00 1.506245408e+00 1.664930144e+00 
1.243833017e+00 1.270389420e+00 1.485436893e+00 
1.217504744e+00 1.371785452e+00 1.554818849e+00 
1.272770398e+00 1.371050698e+00 1.605967322e+00 
1.260910816e+00 1.245407788e+00 1.486857684e+00 
1.225806452e+00 1.196179280e+00 1.473833767e+00 
1.461100569e+00 1.406318883e+00 1.677954061e+00 
1.118595825e+00 1.128581925e+00 1.272791854e+00 
1.083728653e+00 1.282880235e+00 1.402557424e+00 
1.091081594e+00 1.159441587e+00 1.284394980e+00 
1.046963947e+00 1.195444526e+00 1.333175468e+00 
1.127134725e+00 1.156502572e+00 1.334596259e+00 
1.133776091e+00 1.109478325e+00 1.353303339e+00 
1.259013283e+00 1.279941220e+00 1.544399716e+00 
1.016366224e+00 1.229243204e+00 1.392138290e+00 
1.401802657e+00 1.751653196e+00 1.810087615e+00 
1.120493359e+00 1.149155033e+00 1.285815771e+00 
1.000000000e+00 1.020573108e+00 1.201041913e+00 
1.000000000e+00 1.000000000e+00 1.000000000e+00 

1.730075901e+00 1.759000735e+00 1.879469571e+00 
1.461100569e+00 1.406318883e+00 1.677954061e+00 
1.411764706e+00 1.416605437e+00 1.618991238e+00 
1.342979127e+00 1.341660544e+00 1.605967322e+00 
1.301233397e+00 1.638501102e+00 1.745915226e+00 
1.237191651e+00 1.399706098e+00 1.605967322e+00 
1.511385199e+00 1.646583395e+00 1.808903623e+00 
1.455645161e+00 1.594415871e+00 1.798484490e+00 
1.438804554e+00 1.654665687e+00 1.778356619e+00 
1.320208729e+00 1.584864071e+00 1.739521667e+00 
1.309535104e+00 1.458486407e+00 1.675349278e+00 
1.601043643e+00 1.540044085e+00 1.739521667e+00 
1.401802657e+00 1.751653196e+00 1.810087615e+00 
1.351280835e+00 1.694342395e+00 1.797063699e+00 
1.577798861e+00 1.634827333e+00 1.810087615e+00 
1.559772296e+00 1.560617193e+00 1.798484490e+00 
1.370018975e+00 1.421748714e+00 1.646223064e+00 
1.664136622e+00 1.611315209e+00 1.810087615e+00 
1.718216319e+00 1.656869949e+00 1.867866446e+00 
1.675996205e+00 1.761939750e+00 1.866445655e+00 
1.248339658e+00 1.506245408e+00 1.664930144e+00 
1.100094877e+00 1.491550331e+00 1.593653801e+00 
1.272770398e+00 1.371050698e+00 1.605967322e+00 
1.652751423e+00 1.756796473e+00 1.847738574e+00 
1.579459203e+00 1.784717120e+00 1.930618044e+00 
1.180740038e+00 1.284349743e+00 1.485436893e+00 
1.208017078e+00 1.518736223e+00 1.644802273e+00 
1.217504744e+00 1.371785452e+00 1.554818849e+00 
1.318074004e+00 1.509184423e+00 1.677954061e+00 
1.406546490e+00 1.531227039e+00 1.688373194e+00 
1.274667932e+00 1.454812638e+00 1.618991238e+00 
1.260910816e+00 1.245407788e+00 1.486857684e+00 
1.518026565e+00 1.556208670e+00 1.729576131e+00 
1.063330171e+00 1.404114622e+00 1.524271845e+00 
1.849146110e+00 1.706833211e+00 1.879469571e+00 
1.444022770e+00 1.432770022e+00 1.664930144e+00 
1.289848197e+00 1.460690669e+00 1.644802273e+00 
1.264468691e+00 1.551065393e+00 1.676533270e+00 
1.083728653e+00 1.282880235e+00 1.402557424e+00 
1.225806452e+00 1.196179280e+00 1.473833767e+00 
1.352941176e+00 1.332108744e+00 1.607388113e+00 
1.243833017e+00 1.270389420e+00 1.485436893e+00 
1.259013283e+00 1.279941220e+00 1.544399716e+00 
1.773719165e+00 1.754592212e+00 1.930618044e+00 
1.190702087e+00 1.259368112e+00 1.404925408e+00 
1.133776091e+00 1.109478325e+00 1.353303339e+00 
1.016366224e+00 1.229243204e+00 1.392138290e+00 
1.456356736e+00 1.503306392e+00 1.677954061e+00 
1.143500949e+00 1.365172667e+00 1.525692636e+00 
1.046963947e+00 1.195444526e+00 1.333175468e+00 
1.127134725e+00 1.156502572e+00 1.334596259e+00 
1.091081594e+00 1.159441587e+00 1.284394980e+00 
1.424098672e+00 1.454812638e+00 1.676533270e+00 
1.118595825e+00 1.128581925e+00 1.272791854e+00 
1.111005693e+00 1.295371051e+00 1.453705896e+00 
1.242884250e+00 1.285819251e+00 1.512668719e+00 
1.120493359e+00 1.149155033e+00 1.285815771e+00 
1.000000000e+00 1.020573108e+00 1.201041913e+00 
1.000000000e+00 1.000000000e+00 1.000000000e+00 

1.567836812e+00 1.511388685e+00 1.739521667e+00 
1.344639469e+00 1.512123439e+00 1.677954061e+00 
1.585863378e+00 1.684055841e+00 1.798484490e+00 
1.217504744e+00 1.371785452e+00 1.554818849e+00 
1.351043643e+00 1.366642175e+00 1.664930144e+00 
1.237191651e+00 1.399706098e+00 1.605967322e+00 
1.466081594e+00 1.750918442e+00 1.810087615e+00 
1.693074004e+00 1.648787656e+00 1.810087615e+00 
1.658444023e+00 1.574577517e+00 1.798484490e+00 
1.248339658e+00 1.506245408e+00 1.664930144e+00 
1.289136622e+00 1.650991918e+00 1.727208146e+00 
1.776091082e+00 1.666421749e+00 1.867866446e+00 
1.522533207e+00 1.733284350e+00 1.798484490e+00 
1.264468691e+00 1.551065393e+00 1.676533270e+00 
1.632827324e+00 1.739162381e+00 1.930618044e+00 
1.386148008e+00 1.415870683e+00 1.677954061e+00 
1.326612903e+00 1.522409993e+00 1.676533270e+00 
1.608159393e+00 1.531227039e+00 1.747336017e+00 
1.260910816e+00 1.245407788e+00 1.486857684e+00 
1.398007590e+00 1.541513593e+00 1.797063699e+00 
1.244781784e+00 1.384276267e+00 1.605967322e+00 
1.289848197e+00 1.460690669e+00 1.644802273e+00 
1.652751423e+00 1.678177810e+00 1.798484490e+00 
1.695445920e+00 1.623071271e+00 1.808903623e+00 
1.127371917e+00 1.504041146e+00 1.644802273e+00 
1.547675522e+00 1.686260103e+00 1.810087615e+00 
1.352941176e+00 1.332108744e+00 1.607388113e+00 
1.522533207e+00 1.753122704e+00 1.867866446e+00 
1.328510436e+00 1.650991918e+00 1.797063699e+00 
1.426944972e+00 1.895664952e+00 1.847738574e+00 
1.111005693e+00 1.295371051e+00 1.453705896e+00 
1.786527514e+00 1.656135195e+00 1.867866446e+00 
1.259013283e+00 1.279941220e+00 1.544399716e+00 
1.243833017e+00 1.270389420e+00 1.485436893e+00 
1.083728653e+00 1.282880235e+00 1.402557424e+00 
1.225806452e+00 1.196179280e+00 1.473833767e+00 
1.704933586e+00 1.639235856e+00 1.810087615e+00 
1.180740038e+00 1.284349743e+00 1.485436893e+00 
1.242884250e+00 1.285819251e+00 1.512668719e+00 
1.564516129e+00 1.534166054e+00 1.739521667e+00 
1.190702087e+00 1.259368112e+00 1.404925408e+00 
1.174098672e+00 1.434239530e+00 1.605967322e+00 
1.133776091e+00 1.109478325e+00 1.353303339e+00 
1.118595825e+00 1.128581925e+00 1.272791854e+00 
1.272770398e+00 1.371050698e+00 1.605967322e+00 
1.295303605e+00 1.681116826e+00 1.797063699e+00 
1.143500949e+00 1.365172667e+00 1.525692636e+00 
1.342979127e+00 1.341660544e+00 1.605967322e+00 
1.091081594e+00 1.159441587e+00 1.284394980e+00 
1.461100569e+00 1.406318883e+00 1.677954061e+00 
1.127134725e+00 1.156502572e+00 1.334596259e+00 
1.046963947e+00 1.195444526e+00 1.333175468e+00 
1.063330171e+00 1.404114622e+00 1.524271845e+00 
1.120493359e+00 1.149155033e+00 1.285815771e+00 
1.000000000e+00 1.020573108e+00 1.201041913e+00 
1.016366224e+00 1.229243204e+00 1.392138290e+00 
1.000000000e+00 1.000000000e+00 1.000000000e+00 

1.434772296e+00 1.628949302e+00 1.866445655e+00 
1.318074004e+00 1.509184423e+00 1.677954061e+00 
1.567836812e+00 1.511388685e+00 1.739521667e+00 
1.460626186e+00 1.584129317e+00 1.739521667e+00 
1.463946869e+00 1.625275533e+00 1.778356619e+00 
1.461100569e+00 1.406318883e+00 1.677954061e+00 
1.553130930e+00 1.748714181e+00 1.930618044e+00 
1.291034156e+00 1.645848641e+00 1.677954061e+00 
1.775142315e+00 1.728141073e+00 1.867866446e+00 
1.695445920e+00 1.623071271e+00 1.808903623e+00 
1.100094877e+00 1.491550331e+00 1.593653801e+00 
1.174098672e+00 1.434239530e+00 1.605967322e+00 
1.289848197e+00 1.460690669e+00 1.644802273e+00 
1.552182163e+00 1.586333578e+00 1.798484490e+00 
1.786527514e+00 1.656135195e+00 1.867866446e+00 
1.274667932e+00 1.454812638e+00 1.618991238e+00 
1.546489564e+00 1.562821455e+00 1.739521667e+00 
1.456356736e+00 1.503306392e+00 1.677954061e+00 
1.287239089e+00 1.594415871e+00 1.676533270e+00 
1.301233397e+00 1.638501102e+00 1.745915226e+00 
1.217504744e+00 1.371785452e+00 1.554818849e+00 
1.289136622e+00 1.650991918e+00 1.727208146e+00 
1.438567362e+00 1.535635562e+00 1.688373194e+00 
1.401802657e+00 1.751653196e+00 1.810087615e+00 
1.127371917e+00 1.504041146e+00 1.644802273e+00 
1.342979127e+00 1.341660544e+00 1.605967322e+00 
1.351280835e+00 1.694342395e+00 1.797063699e+00 
1.351043643e+00 1.366642175e+00 1.664930144e+00 
1.083728653e+00 1.282880235e+00 1.402557424e+00 
1.260910816e+00 1.245407788e+00 1.486857684e+00 
1.248339658e+00 1.506245408e+00 1.664930144e+00 
1.723908918e+00 1.581190301e+00 1.747336017e+00 
1.190702087e+00 1.259368112e+00 1.404925408e+00 
1.242884250e+00 1.285819251e+00 1.512668719e+00 
1.143500949e+00 1.365172667e+00 1.525692636e+00 
1.259013283e+00 1.279941220e+00 1.544399716e+00 
1.272770398e+00 1.371050698e+00 1.605967322e+00 
1.111005693e+00 1.295371051e+00 1.453705896e+00 
1.046963947e+00 1.195444526e+00 1.333175468e+00 
1.133776091e+00 1.109478325e+00 1.353303339e+00 
1.225806452e+00 1.196179280e+00 1.473833767e+00 
1.243833017e+00 1.270389420e+00 1.485436893e+00 
1.180740038e+00 1.284349743e+00 1.485436893e+00 
1.127134725e+00 1.156502572e+00 1.334596259e+00 
1.118595825e+00 1.128581925e+00 1.272791854e+00 
1.063330171e+00 1.404114622e+00 1.524271845e+00 
1.016366224e+00 1.229243204e+00 1.392138290e+00 
1.091081594e+00 1.159441587e+00 1.284394980e+00 
1.120493359e+00 1.149155033e+00 1.285815771e+00 
1.000000000e+00 1.000000000e+00 1.000000000e+00 
1.000000000e+00 1.020573108e+00 1.201041913e+00 

1.343453510e+00 1.370315944e+00 1.605967322e+00 
1.218453510e+00 1.658339456e+00 1.644802273e+00 
1.370967742e+00 1.406318883e+00 1.618991238e+00 
1.320208729e+00 1.584864071e+00 1.739521667e+00 
1.289136622e+00 1.650991918e+00 1.727208146e+00 
1.421252372e+00 1.778839089e+00 1.930618044e+00 
1.237191651e+00 1.399706098e+00 1.605967322e+00 
1.151091082e+00 1.508449669e+00 1.554818849e+00 
1.468216319e+00 1.512123439e+00 1.797063699e+00 
1.577798861e+00 1.634827333e+00 1.810087615e+00 
1.534155598e+00 1.654665687e+00 1.798484490e+00 
1.248339658e+00 1.506245408e+00 1.664930144e+00 
1.352941176e+00 1.332108744e+00 1.607388113e+00 
1.272770398e+00 1.371050698e+00 1.605967322e+00 
1.305977230e+00 1.454812638e+00 1.676533270e+00 
1.438567362e+00 1.535635562e+00 1.688373194e+00 
1.759013283e+00 1.722997796e+00 1.866445655e+00 
1.553130930e+00 1.748714181e+00 1.930618044e+00 
1.643263757e+00 1.743570904e+00 1.867866446e+00 
1.458491461e+00 1.686260103e+00 1.808903623e+00 
1.849146110e+00 1.706833211e+00 1.879469571e+00 
1.478178368e+00 1.468772961e+00 1.677954061e+00 
1.588235294e+00 1.629684056e+00 1.810087615e+00 
1.553130930e+00 1.459955915e+00 1.677954061e+00 
1.512333966e+00 1.423952976e+00 1.664930144e+00 
1.259013283e+00 1.279941220e+00 1.544399716e+00 
1.456356736e+00 1.503306392e+00 1.677954061e+00 
1.264468691e+00 1.551065393e+00 1.676533270e+00 
1.111005693e+00 1.295371051e+00 1.453705896e+00 
1.552182163e+00 1.586333578e+00 1.798484490e+00 
1.417457306e+00 1.541513593e+00 1.797063699e+00 
1.786527514e+00 1.656135195e+00 1.867866446e+00 
1.336100569e+00 1.698016165e+00 1.778356619e+00 
1.143500949e+00 1.365172667e+00 1.525692636e+00 
1.370018975e+00 1.421748714e+00 1.646223064e+00 
1.120493359e+00 1.149155033e+00 1.285815771e+00 
1.225806452e+00 1.196179280e+00 1.473833767e+00 
1.260910816e+00 1.245407788e+00 1.486857684e+00 
1.217504744e+00 1.376193975e+00 1.544399716e+00 
1.063330171e+00 1.404114622e+00 1.524271845e+00 
1.242884250e+00 1.285819251e+00 1.512668719e+00 
1.243833017e+00 1.270389420e+00 1.485436893e+00 
1.180740038e+00 1.284349743e+00 1.485436893e+00 
1.133776091e+00 1.109478325e+00 1.353303339e+00 
1.091081594e+00 1.159441587e+00 1.284394980e+00 
1.190702087e+00 1.259368112e+00 1.404925408e+00 
1.083728653e+00 1.282880235e+00 1.402557424e+00 
1.118595825e+00 1.128581925e+00 1.272791854e+00 
1.369070209e+00 1.440852314e+00 1.676533270e+00 
1.016366224e+00 1.229243204e+00 1.392138290e+00 
1.046963947e+00 1.195444526e+00 1.333175468e+00 
1.127134725e+00 1.156502572e+00 1.334596259e+00 
1.000000000e+00 1.000000000e+00 1.000000000e+00 
1.000000000e+00 1.020573108e+00 1.201041913e+00 

1.264468691e+00 1.551065393e+00 1.676533270e+00 
1.683111954e+00 1.633357825e+00 1.810087615e+00 
1.328273245e+00 1.745775165e+00 1.798484490e+00 
1.734345351e+00 1.722997796e+00 1.866445655e+00 
1.555028463e+00 1.465099192e+00 1.677954061e+00 
1.449715370e+00 1.575312270e+00 1.739521667e+00 
1.518026565e+00 1.556208670e+00 1.729576131e+00 
1.808349146e+00 1.726671565e+00 1.879469571e+00 
1.127371917e+00 1.504041146e+00 1.644802273e+00 
1.318074004e+00 1.509184423e+00 1.677954061e+00 
1.849146110e+00 1.706833211e+00 1.879469571e+00 
1.248339658e+00 1.506245408e+00 1.664930144e+00 
1.555028463e+00 1.756061719e+00 1.847738574e+00 
1.510673624e+00 1.617927994e+00 1.745915226e+00 
1.289848197e+00 1.460690669e+00 1.644802273e+00 
1.532258065e+00 1.560617193e+00 1.739521667e+00 
1.712523719e+00 1.610580456e+00 1.810087615e+00 
1.343453510e+00 1.370315944e+00 1.605967322e+00 
1.352941176e+00 1.332108744e+00 1.607388113e+00 
1.529886148e+00 1.698016165e+00 1.810087615e+00 
1.174098672e+00 1.434239530e+00 1.605967322e+00 
1.305977230e+00 1.454812638e+00 1.676533270e+00 
1.567836812e+00 1.511388685e+00 1.739521667e+00 
1.629743833e+00 1.911094783e+00 1.930618044e+00 
1.467741935e+00 1.473916238e+00 1.677954061e+00 
1.370967742e+00 1.406318883e+00 1.618991238e+00 
1.513757116e+00 1.650991918e+00 1.797063699e+00 
1.326612903e+00 1.548126378e+00 1.714184229e+00 
1.369070209e+00 1.440852314e+00 1.676533270e+00 
1.143500949e+00 1.365172667e+00 1.525692636e+00 
1.289136622e+00 1.650991918e+00 1.727208146e+00 
1.456356736e+00 1.503306392e+00 1.677954061e+00 
1.768500949e+00 1.735488611e+00 1.930618044e+00 
1.259724858e+00 1.676708303e+00 1.676533270e+00 
1.408206831e+00 1.636296841e+00 1.734312100e+00 
1.083728653e+00 1.282880235e+00 1.402557424e+00 
1.217504744e+00 1.376193975e+00 1.544399716e+00 
1.559772296e+00 1.560617193e+00 1.798484490e+00 
1.428130930e+00 1.712711242e+00 1.810087615e+00 
1.421726755e+00 1.598824394e+00 1.739521667e+00 
1.272770398e+00 1.371050698e+00 1.605967322e+00 
1.100094877e+00 1.491550331e+00 1.593653801e+00 
1.190702087e+00 1.259368112e+00 1.404925408e+00 
1.244781784e+00 1.384276267e+00 1.605967322e+00 
1.111005693e+00 1.295371051e+00 1.453705896e+00 
1.063330171e+00 1.404114622e+00 1.524271845e+00 
1.547675522e+00 1.686260103e+00 1.810087615e+00 
1.225806452e+00 1.196179280e+00 1.473833767e+00 
1.127134725e+00 1.156502572e+00 1.334596259e+00 
1.274667932e+00 1.454812638e+00 1.618991238e+00 
1.180740038e+00 1.284349743e+00 1.485436893e+00 
1.046963947e+00 1.195444526e+00 1.333175468e+00 
1.120493359e+00 1.149155033e+00 1.285815771e+00 
1.632827324e+00 1.739162381e+00 1.930618044e+00 
1.259013283e+00 1.279941220e+00 1.544399716e+00 
1.260910816e+00 1.245407788e+00 1.486857684e+00 
1.016366224e+00 1.229243204e+00 1.392138290e+00 
1.243833017e+00 1.270389420e+00 1.485436893e+00 
1.000000000e+00 1.000000000e+00 1.000000000e+00 
1.091081594e+00 1.159441587e+00 1.284394980e+00 
1.133776091e+00 1.109478325e+00 1.353303339e+00 
1.242884250e+00 1.285819251e+00 1.512668719e+00 
1.118595825e+00 1.128581925e+00 1.272791854e+00 
1.000000000e+00 1.020573108e+00 1.201041913e+00 

1.567836812e+00 1.511388685e+00 1.739521667e+00 
1.217504744e+00 1.371785452e+00 1.554818849e+00 
1.369070209e+00 1.440852314e+00 1.676533270e+00 
1.401802657e+00 1.751653196e+00 1.810087615e+00 
1.305977230e+00 1.454812638e+00 1.676533270e+00 
1.596774194e+00 1.720058780e+00 1.930618044e+00 
1.244781784e+00 1.384276267e+00 1.605967322e+00 
1.788425047e+00 1.560617193e+00 1.747336017e+00 
1.442125237e+00 1.576781778e+00 1.678427658e+00 
1.465844402e+00 1.441587068e+00 1.677954061e+00 
1.413662239e+00 1.409257899e+00 1.607388113e+00 
1.560721063e+00 1.569434240e+00 1.739521667e+00 
1.409155598e+00 1.665686995e+00 1.797063699e+00 
1.512333966e+00 1.423952976e+00 1.664930144e+00 
1.143500949e+00 1.365172667e+00 1.525692636e+00 
1.180740038e+00 1.284349743e+00 1.485436893e+00 
1.127371917e+00 1.504041146e+00 1.644802273e+00 
1.484819734e+00 1.401175606e+00 1.607388113e+00 
1.508064516e+00 1.581190301e+00 1.810087615e+00 
1.210863378e+00 1.488611315e+00 1.554818849e+00 
1.318074004e+00 1.509184423e+00 1.677954061e+00 
1.405123340e+00 1.689933872e+00 1.778356619e+00 
1.259013283e+00 1.279941220e+00 1.544399716e+00 
1.342979127e+00 1.341660544e+00 1.605967322e+00 
1.063330171e+00 1.404114622e+00 1.524271845e+00 
1.320208729e+00 1.584864071e+00 1.739521667e+00 
1.456356736e+00 1.503306392e+00 1.677954061e+00 
1.100094877e+00 1.491550331e+00 1.593653801e+00 
1.786527514e+00 1.656135195e+00 1.867866446e+00 
1.083728653e+00 1.282880235e+00 1.402557424e+00 
1.490749526e+00 1.781043350e+00 1.866445655e+00 
1.243833017e+00 1.270389420e+00 1.485436893e+00 
1.111005693e+00 1.295371051e+00 1.453705896e+00 
1.370018975e+00 1.421748714e+00 1.646223064e+00 
1.264468691e+00 1.551065393e+00 1.676533270e+00 
1.260910816e+00 1.245407788e+00 1.486857684e+00 
1.564516129e+00 1.534166054e+00 1.739521667e+00 
1.225806452e+00 1.196179280e+00 1.473833767e+00 
1.190702087e+00 1.259368112e+00 1.404925408e+00 
1.411764706e+00 1.416605437e+00 1.618991238e+00 
1.242884250e+00 1.285819251e+00 1.512668719e+00 
1.091081594e+00 1.159441587e+00 1.284394980e+00 
1.435009488e+00 1.417340191e+00 1.644802273e+00 
1.133776091e+00 1.109478325e+00 1.353303339e+00 
1.046963947e+00 1.195444526e+00 1.333175468e+00 
1.016366224e+00 1.229243204e+00 1.392138290e+00 
1.118595825e+00 1.128581925e+00 1.272791854e+00 
1.127134725e+00 1.156502572e+00 1.334596259e+00 
1.120493359e+00 1.149155033e+00 1.285815771e+00 
1.289136622e+00 1.650991918e+00 1.727208146e+00 
1.000000000e+00 1.020573108e+00 1.201041913e+00 
1.000000000e+00 1.000000000e+00 1.000000000e+00 

1.217504744e+00 1.371785452e+00 1.554818849e+00 
1.289848197e+00 1.460690669e+00 1.644802273e+00 
1.585863378e+00 1.754592212e+00 1.930618044e+00 
1.100094877e+00 1.491550331e+00 1.593653801e+00 
1.417457306e+00 1.541513593e+00 1.797063699e+00 
1.786527514e+00 1.656135195e+00 1.867866446e+00 
1.369070209e+00 1.440852314e+00 1.676533270e+00 
1.714895636e+00 1.724467303e+00 1.866445655e+00 
1.336100569e+00 1.698016165e+00 1.778356619e+00 
1.352941176e+00 1.332108744e+00 1.607388113e+00 
1.470113852e+00 1.477590007e+00 1.739521667e+00 
1.361480076e+00 1.695077149e+00 1.797063699e+00 
1.272770398e+00 1.371050698e+00 1.605967322e+00 
1.326612903e+00 1.548126378e+00 1.714184229e+00 
1.289136622e+00 1.650991918e+00 1.727208146e+00 
1.739563567e+00 1.686260103e+00 1.866445655e+00 
1.386148008e+00 1.415870683e+00 1.677954061e+00 
1.143500949e+00 1.365172667e+00 1.525692636e+00 
1.559772296e+00 1.560617193e+00 1.798484490e+00 
1.342979127e+00 1.341660544e+00 1.605967322e+00 
1.248339658e+00 1.506245408e+00 1.664930144e+00 
1.664136622e+00 1.611315209e+00 1.810087615e+00 
1.428130930e+00 1.712711242e+00 1.810087615e+00 
1.083728653e+00 1.282880235e+00 1.402557424e+00 
1.244781784e+00 1.384276267e+00 1.605967322e+00 
1.777988615e+00 1.717854519e+00 1.879469571e+00 
1.632827324e+00 1.739162381e+00 1.930618044e+00 
1.489089184e+00 1.648787656e+00 1.810087615e+00 
1.318074004e+00 1.509184423e+00 1.677954061e+00 
1.406546490e+00 1.531227039e+00 1.688373194e+00 
1.458491461e+00 1.686260103e+00 1.808903623e+00 
1.351043643e+00 1.366642175e+00 1.664930144e+00 
1.567599620e+00 1.866274798e+00 1.847738574e+00 
1.305977230e+00 1.454812638e+00 1.676533270e+00 
1.190702087e+00 1.259368112e+00 1.404925408e+00 
1.461100569e+00 1.406318883e+00 1.677954061e+00 
1.243833017e+00 1.270389420e+00 1.485436893e+00 
1.242884250e+00 1.285819251e+00 1.512668719e+00 
1.237191651e+00 1.399706098e+00 1.605967322e+00 
1.225806452e+00 1.196179280e+00 1.473833767e+00 
1.180740038e+00 1.284349743e+00 1.485436893e+00 
1.111005693e+00 1.295371051e+00 1.453705896e+00 
1.063330171e+00 1.404114622e+00 1.524271845e+00 
1.260910816e+00 1.245407788e+00 1.486857684e+00 
1.301233397e+00 1.618662748e+00 1.676533270e+00 
1.259013283e+00 1.279941220e+00 1.544399716e+00 
1.133776091e+00 1.109478325e+00 1.353303339e+00 
1.127134725e+00 1.156502572e+00 1.334596259e+00 
1.046963947e+00 1.195444526e+00 1.333175468e+00 
1.118595825e+00 1.128581925e+00 1.272791854e+00 
1.120493359e+00 1.149155033e+00 1.285815771e+00 
1.091081594e+00 1.159441587e+00 1.284394980e+00 
1.000000000e+00 1.020573108e+00 1.201041913e+00 
1.016366224e+00 1.229243204e+00 1.392138290e+00 
1.000000000e+00 1.000000000e+00 1.000000000e+00 

1.375474383e+00 1.642174871e+00 1.798484490e+00 
1.351043643e+00 1.366642175e+00 1.664930144e+00 
1.575426945e+00 1.828067597e+00 1.930618044e+00 
1.342979127e+00 1.341660544e+00 1.605967322e+00 
1.318074004e+00 1.509184423e+00 1.677954061e+00 
1.351280835e+00 1.694342395e+00 1.797063699e+00 
1.468216319e+00 1.512123439e+00 1.797063699e+00 
1.244781784e+00 1.384276267e+00 1.605967322e+00 
1.658444023e+00 1.574577517e+00 1.798484490e+00 
1.428130930e+00 1.712711242e+00 1.810087615e+00 
1.514705882e+00 1.648787656e+00 1.810087615e+00 
1.832068311e+00 1.694342395e+00 1.866445655e+00 
1.217504744e+00 1.371785452e+00 1.554818849e+00 
1.632827324e+00 1.739162381e+00 1.930618044e+00 
1.305977230e+00 1.454812638e+00 1.676533270e+00 
1.274667932e+00 1.454812638e+00 1.618991238e+00 
1.562381404e+00 1.803085966e+00 1.879469571e+00 
1.406546490e+00 1.531227039e+00 1.688373194e+00 
1.461100569e+00 1.406318883e+00 1.677954061e+00 
1.287239089e+00 1.594415871e+00 1.676533270e+00 
1.272770398e+00 1.371050698e+00 1.605967322e+00 
1.180740038e+00 1.284349743e+00 1.485436893e+00 
1.174098672e+00 1.434239530e+00 1.605967322e+00 
1.289848197e+00 1.460690669e+00 1.644802273e+00 
1.265417457e+00 1.569434240e+00 1.657826190e+00 
1.244781784e+00 1.606171932e+00 1.714184229e+00 
1.100094877e+00 1.491550331e+00 1.593653801e+00 
1.208017078e+00 1.518736223e+00 1.644802273e+00 
1.352941176e+00 1.332108744e+00 1.607388113e+00 
1.242884250e+00 1.285819251e+00 1.512668719e+00 
1.320208729e+00 1.584864071e+00 1.739521667e+00 
1.225806452e+00 1.196179280e+00 1.473833767e+00 
1.143500949e+00 1.365172667e+00 1.525692636e+00 
1.111005693e+00 1.295371051e+00 1.453705896e+00 
1.190702087e+00 1.259368112e+00 1.404925408e+00 
1.456356736e+00 1.503306392e+00 1.677954061e+00 
1.259013283e+00 1.279941220e+00 1.544399716e+00 
1.552182163e+00 1.586333578e+00 1.798484490e+00 
1.260910816e+00 1.245407788e+00 1.486857684e+00 
1.091081594e+00 1.159441587e+00 1.284394980e+00 
1.243833017e+00 1.270389420e+00 1.485436893e+00 
1.118595825e+00 1.128581925e+00 1.272791854e+00 
1.127134725e+00 1.156502572e+00 1.334596259e+00 
1.016366224e+00 1.229243204e+00 1.392138290e+00 
1.083728653e+00 1.282880235e+00 1.402557424e+00 
1.063330171e+00 1.404114622e+00 1.524271845e+00 
1.133776091e+00 1.109478325e+00 1.353303339e+00 
1.046963947e+00 1.195444526e+00 1.333175468e+00 
1.000000000e+00 1.000000000e+00 1.000000000e+00 
1.120493359e+00 1.149155033e+00 1.285815771e+00 
1.000000000e+00 1.020573108e+00 1.201041913e+00 

1.786527514e+00 1.656135195e+00 1.867866446e+00 
1.248339658e+00 1.506245408e+00 1.664930144e+00 
1.328984820e+00 1.731080088e+00 1.714184229e+00 
1.455645161e+00 1.594415871e+00 1.798484490e+00 
1.127371917e+00 1.504041146e+00 1.644802273e+00 
1.544829222e+00 1.668626010e+00 1.879469571e+00 
1.351280835e+00 1.694342395e+00 1.797063699e+00 
1.446869070e+00 1.360029390e+00 1.607388113e+00 
1.272770398e+00 1.371050698e+00 1.605967322e+00 
1.375474383e+00 1.642174871e+00 1.798484490e+00 
1.264468691e+00 1.551065393e+00 1.676533270e+00 
1.344639469e+00 1.512123439e+00 1.677954061e+00 
1.309535104e+00 1.458486407e+00 1.675349278e+00 
1.553130930e+00 1.748714181e+00 1.930618044e+00 
1.289848197e+00 1.460690669e+00 1.644802273e+00 
1.111005693e+00 1.295371051e+00 1.453705896e+00 
1.398007590e+00 1.541513593e+00 1.797063699e+00 
1.512808349e+00 1.616458486e+00 1.810087615e+00 
1.225806452e+00 1.196179280e+00 1.473833767e+00 
1.351043643e+00 1.366642175e+00 1.664930144e+00 
1.242884250e+00 1.285819251e+00 1.512668719e+00 
1.465844402e+00 1.441587068e+00 1.677954061e+00 
1.456356736e+00 1.503306392e+00 1.677954061e+00 
1.083728653e+00 1.282880235e+00 1.402557424e+00 
1.217504744e+00 1.371785452e+00 1.554818849e+00 
1.190702087e+00 1.259368112e+00 1.404925408e+00 
1.343453510e+00 1.370315944e+00 1.605967322e+00 
1.143500949e+00 1.365172667e+00 1.525692636e+00 
1.625711575e+00 1.700955180e+00 1.930618044e+00 
1.260910816e+00 1.245407788e+00 1.486857684e+00 
1.336100569e+00 1.698016165e+00 1.778356619e+00 
1.259013283e+00 1.279941220e+00 1.544399716e+00 
1.180740038e+00 1.284349743e+00 1.485436893e+00 
1.243833017e+00 1.270389420e+00 1.485436893e+00 
1.421252372e+00 1.778839089e+00 1.930618044e+00 
1.369070209e+00 1.440852314e+00 1.676533270e+00 
1.063330171e+00 1.404114622e+00 1.524271845e+00 
1.332068311e+00 1.748714181e+00 1.797063699e+00 
1.120493359e+00 1.149155033e+00 1.285815771e+00 
1.118595825e+00 1.128581925e+00 1.272791854e+00 
1.533206831e+00 1.526818516e+00 1.747336017e+00 
1.407969639e+00 1.356355621e+00 1.556239640e+00 
1.133776091e+00 1.109478325e+00 1.353303339e+00 
1.046963947e+00 1.195444526e+00 1.333175468e+00 
1.016366224e+00 1.229243204e+00 1.392138290e+00 
1.000000000e+00 1.000000000e+00 1.000000000e+00 
1.091081594e+00 1.159441587e+00 1.284394980e+00 
1.127134725e+00 1.156502572e+00 1.334596259e+00 
1.000000000e+00 1.020573108e+00 1.201041913e+00 

1.336100569e+00 1.698016165e+00 1.778356619e+00 
1.338709677e+00 1.554739162e+00 1.739521667e+00 
1.264468691e+00 1.551065393e+00 1.676533270e+00 
1.320208729e+00 1.584864071e+00 1.739521667e+00 
1.572580645e+00 1.710506980e+00 1.810087615e+00 
1.217504744e+00 1.371785452e+00 1.554818849e+00 
1.351043643e+00 1.366642175e+00 1.664930144e+00 
1.369070209e+00 1.440852314e+00 1.676533270e+00 
1.401802657e+00 1.751653196e+00 1.810087615e+00 
1.302182163e+00 1.656869949e+00 1.727208146e+00 
1.577798861e+00 1.634827333e+00 1.810087615e+00 
1.559772296e+00 1.560617193e+00 1.798484490e+00 
1.768500949e+00 1.735488611e+00 1.930618044e+00 
1.428130930e+00 1.712711242e+00 1.810087615e+00 
1.248339658e+00 1.506245408e+00 1.664930144e+00 
1.625237192e+00 1.611315209e+00 1.810087615e+00 
1.100094877e+00 1.491550331e+00 1.593653801e+00 
1.409155598e+00 1.665686995e+00 1.797063699e+00 
1.083728653e+00 1.282880235e+00 1.402557424e+00 
1.450664137e+00 1.569434240e+00 1.797063699e+00 
1.759013283e+00 1.722997796e+00 1.866445655e+00 
1.305977230e+00 1.454812638e+00 1.676533270e+00 
1.553130930e+00 1.748714181e+00 1.930618044e+00 
1.406546490e+00 1.531227039e+00 1.688373194e+00 
1.458491461e+00 1.686260103e+00 1.808903623e+00 
1.849146110e+00 1.706833211e+00 1.879469571e+00 
1.274667932e+00 1.454812638e+00 1.618991238e+00 
1.259013283e+00 1.279941220e+00 1.544399716e+00 
1.318074004e+00 1.509184423e+00 1.677954061e+00 
1.260910816e+00 1.245407788e+00 1.486857684e+00 
1.537001898e+00 1.528288024e+00 1.688373194e+00 
1.190702087e+00 1.259368112e+00 1.404925408e+00 
1.225806452e+00 1.196179280e+00 1.473833767e+00 
1.208017078e+00 1.518736223e+00 1.644802273e+00 
1.342979127e+00 1.341660544e+00 1.605967322e+00 
1.564041746e+00 1.505510654e+00 1.739521667e+00 
1.352941176e+00 1.332108744e+00 1.607388113e+00 
1.386148008e+00 1.415870683e+00 1.677954061e+00 
1.063330171e+00 1.404114622e+00 1.524271845e+00 
1.180740038e+00 1.284349743e+00 1.485436893e+00 
1.143500949e+00 1.365172667e+00 1.525692636e+00 
1.272770398e+00 1.371050698e+00 1.605967322e+00 
1.243833017e+00 1.270389420e+00 1.485436893e+00 
1.624762808e+00 1.745040411e+00 1.879469571e+00 
1.111005693e+00 1.295371051e+00 1.453705896e+00 
1.242884250e+00 1.285819251e+00 1.512668719e+00 
1.120493359e+00 1.149155033e+00 1.285815771e+00 
1.289848197e+00 1.460690669e+00 1.644802273e+00 
1.133776091e+00 1.109478325e+00 1.353303339e+00 
1.118595825e+00 1.128581925e+00 1.272791854e+00 
1.127134725e+00 1.156502572e+00 1.334596259e+00 
1.016366224e+00 1.229243204e+00 1.392138290e+00 
1.046963947e+00 1.195444526e+00 1.333175468e+00 
1.091081594e+00 1.159441587e+00 1.284394980e+00 
1.000000000e+00 1.000000000e+00 1.000000000e+00 
1.000000000e+00 1.020573108e+00 1.201041913e+00 

1.342979127e+00 1.341660544e+00 1.605967322e+00 
1.406546490e+00 1.531227039e+00 1.688373194e+00 
1.448766603e+00 1.568699486e+00 1.797063699e+00 
1.351043643e+00 1.366642175e+00 1.664930144e+00 
1.386148008e+00 1.415870683e+00 1.677954061e+00 
1.508064516e+00 1.581190301e+00 1.810087615e+00 
1.305977230e+00 1.454812638e+00 1.676533270e+00 
1.178368121e+00 1.524614254e+00 1.644802273e+00 
1.625711575e+00 1.700955180e+00 1.930618044e+00 
1.437618596e+00 1.580455547e+00 1.727208146e+00 
1.369070209e+00 1.440852314e+00 1.676533270e+00 
1.308823529e+00 1.685525349e+00 1.727208146e+00 
1.217504744e+00 1.371785452e+00 1.554818849e+00 
1.237191651e+00 1.399706098e+00 1.605967322e+00 
1.421252372e+00 1.778839089e+00 1.930618044e+00 
1.190702087e+00 1.259368112e+00 1.404925408e+00 
1.318074004e+00 1.509184423e+00 1.677954061e+00 
1.151091082e+00 1.508449669e+00 1.554818849e+00 
1.468216319e+00 1.512123439e+00 1.797063699e+00 
1.063330171e+00 1.404114622e+00 1.524271845e+00 
1.352941176e+00 1.332108744e+00 1.607388113e+00 
1.174098672e+00 1.434239530e+00 1.605967322e+00 
1.320208729e+00 1.584864071e+00 1.739521667e+00 
1.248339658e+00 1.506245408e+00 1.664930144e+00 
1.083728653e+00 1.282880235e+00 1.402557424e+00 
1.259013283e+00 1.279941220e+00 1.544399716e+00 
1.365037951e+00 1.684055841e+00 1.810087615e+00 
1.225806452e+00 1.196179280e+00 1.473833767e+00 
1.289848197e+00 1.460690669e+00 1.644802273e+00 
1.242884250e+00 1.285819251e+00 1.512668719e+00 
1.046963947e+00 1.195444526e+00 1.333175468e+00 
1.208017078e+00 1.518736223e+00 1.644802273e+00 
1.190464896e+00 1.609845702e+00 1.676533270e+00 
1.133776091e+00 1.109478325e+00 1.353303339e+00 
1.016366224e+00 1.229243204e+00 1.392138290e+00 
1.118595825e+00 1.128581925e+00 1.272791854e+00 
1.143500949e+00 1.365172667e+00 1.525692636e+00 
1.180740038e+00 1.284349743e+00 1.485436893e+00 
1.091081594e+00 1.159441587e+00 1.284394980e+00 
1.120493359e+00 1.149155033e+00 1.285815771e+00 
1.260910816e+00 1.245407788e+00 1.486857684e+00 
1.111005693e+00 1.295371051e+00 1.453705896e+00 
1.243833017e+00 1.270389420e+00 1.485436893e+00 
1.000000000e+00 1.000000000e+00 1.000000000e+00 
1.127134725e+00 1.156502572e+00 1.334596259e+00 
1.000000000e+00 1.020573108e+00 1.201041913e+00 

1.328273245e+00 1.745775165e+00 1.798484490e+00 
1.421726755e+00 1.598824394e+00 1.739521667e+00 
1.562381404e+00 1.803085966e+00 1.879469571e+00 
1.608159393e+00 1.642909625e+00 1.810087615e+00 
1.369070209e+00 1.440852314e+00 1.676533270e+00 
1.354127135e+00 1.669360764e+00 1.778356619e+00 
1.732447818e+00 1.545922116e+00 1.747336017e+00 
1.461100569e+00 1.406318883e+00 1.677954061e+00 
1.100094877e+00 1.491550331e+00 1.593653801e+00 
1.786527514e+00 1.656135195e+00 1.867866446e+00 
1.564516129e+00 1.534166054e+00 1.739521667e+00 
1.324003795e+00 1.681851580e+00 1.745915226e+00 
1.489089184e+00 1.648787656e+00 1.810087615e+00 
1.244781784e+00 1.384276267e+00 1.605967322e+00 
1.127371917e+00 1.504041146e+00 1.644802273e+00 
1.519924099e+00 1.636296841e+00 1.797063699e+00 
1.326612903e+00 1.548126378e+00 1.714184229e+00 
1.174098672e+00 1.434239530e+00 1.605967322e+00 
1.351043643e+00 1.366642175e+00 1.664930144e+00 
1.466081594e+00 1.750918442e+00 1.810087615e+00 
1.351280835e+00 1.694342395e+00 1.797063699e+00 
1.305977230e+00 1.454812638e+00 1.676533270e+00 
1.217504744e+00 1.371785452e+00 1.554818849e+00 
1.637571157e+00 1.626010287e+00 1.810087615e+00 
1.511385199e+00 1.646583395e+00 1.808903623e+00 
1.620730550e+00 1.940484938e+00 1.930618044e+00 
1.559772296e+00 1.560617193e+00 1.798484490e+00 
1.776091082e+00 1.666421749e+00 1.867866446e+00 
1.272770398e+00 1.371050698e+00 1.605967322e+00 
1.318074004e+00 1.509184423e+00 1.677954061e+00 
1.264468691e+00 1.551065393e+00 1.676533270e+00 
1.632827324e+00 1.739162381e+00 1.930618044e+00 
1.585388994e+00 1.522409993e+00 1.688373194e+00 
1.111005693e+00 1.295371051e+00 1.453705896e+00 
1.083728653e+00 1.282880235e+00 1.402557424e+00 
1.190702087e+00 1.259368112e+00 1.404925408e+00 
1.259013283e+00 1.279941220e+00 1.544399716e+00 
1.456356736e+00 1.503306392e+00 1.677954061e+00 
1.463946869e+00 1.625275533e+00 1.778356619e+00 
1.180740038e+00 1.284349743e+00 1.485436893e+00 
1.242884250e+00 1.285819251e+00 1.512668719e+00 
1.143500949e+00 1.365172667e+00 1.525692636e+00 
1.289848197e+00 1.460690669e+00 1.644802273e+00 
1.243833017e+00 1.270389420e+00 1.485436893e+00 
1.225806452e+00 1.196179280e+00 1.473833767e+00 
1.133776091e+00 1.109478325e+00 1.353303339e+00 
1.260910816e+00 1.245407788e+00 1.486857684e+00 
1.127134725e+00 1.156502572e+00 1.334596259e+00 
1.016366224e+00 1.229243204e+00 1.392138290e+00 
1.046963947e+00 1.195444526e+00 1.333175468e+00 
1.063330171e+00 1.404114622e+00 1.524271845e+00 
1.091081594e+00 1.159441587e+00 1.284394980e+00 
1.120493359e+00 1.149155033e+00 1.285815771e+00 
1.000000000e+00 1.020573108e+00 1.201041913e+00 
1.000000000e+00 1.000000000e+00 1.000000000e+00 
1.118595825e+00 1.128581925e+00 1.272791854e+00 

1.577798861e+00 1.634827333e+00 1.810087615e+00 
1.819259962e+00 1.690668626e+00 1.867866446e+00 
1.582068311e+00 1.518736223e+00 1.714184229e+00 
1.274667932e+00 1.454812638e+00 1.618991238e+00 
1.579459203e+00 1.784717120e+00 1.930618044e+00 
1.364326376e+00 1.535635562e+00 1.739521667e+00 
1.463946869e+00 1.625275533e+00 1.778356619e+00 
1.759013283e+00 1.722997796e+00 1.866445655e+00 
1.608159393e+00 1.531227039e+00 1.747336017e+00 
1.545540797e+00 1.607641440e+00 1.778356619e+00 
1.289848197e+00 1.460690669e+00 1.644802273e+00 
1.499051233e+00 1.734753857e+00 1.798958087e+00 
1.127371917e+00 1.504041146e+00 1.644802273e+00 
1.461100569e+00 1.406318883e+00 1.677954061e+00 
1.585863378e+00 1.754592212e+00 1.930618044e+00 
1.302182163e+00 1.656869949e+00 1.727208146e+00 
1.409155598e+00 1.665686995e+00 1.797063699e+00 
1.351043643e+00 1.366642175e+00 1.664930144e+00 
1.336100569e+00 1.698016165e+00 1.778356619e+00 
1.324003795e+00 1.681851580e+00 1.745915226e+00 
1.083728653e+00 1.282880235e+00 1.402557424e+00 
1.511385199e+00 1.646583395e+00 1.808903623e+00 
1.217504744e+00 1.371785452e+00 1.554818849e+00 
1.063330171e+00 1.404114622e+00 1.524271845e+00 
1.781309298e+00 1.714180749e+00 1.867866446e+00 
1.407969639e+00 1.356355621e+00 1.556239640e+00 
1.287239089e+00 1.594415871e+00 1.676533270e+00 
1.575426945e+00 1.828067597e+00 1.930618044e+00 
1.143500949e+00 1.365172667e+00 1.525692636e+00 
1.248339658e+00 1.506245408e+00 1.664930144e+00 
1.343453510e+00 1.370315944e+00 1.605967322e+00 
1.225806452e+00 1.196179280e+00 1.473833767e+00 
1.305977230e+00 1.454812638e+00 1.676533270e+00 
1.272770398e+00 1.371050698e+00 1.605967322e+00 
1.259013283e+00 1.279941220e+00 1.544399716e+00 
1.190702087e+00 1.259368112e+00 1.404925408e+00 
1.466081594e+00 1.750918442e+00 1.810087615e+00 
1.351280835e+00 1.694342395e+00 1.797063699e+00 
1.260910816e+00 1.245407788e+00 1.486857684e+00 
1.738140417e+00 1.740631888e+00 1.930618044e+00 
1.111005693e+00 1.295371051e+00 1.453705896e+00 
1.369070209e+00 1.440852314e+00 1.676533270e+00 
1.318074004e+00 1.509184423e+00 1.677954061e+00 
1.244781784e+00 1.384276267e+00 1.605967322e+00 
1.242884250e+00 1.285819251e+00 1.512668719e+00 
1.046963947e+00 1.195444526e+00 1.333175468e+00 
1.127134725e+00 1.156502572e+00 1.334596259e+00 
1.243833017e+00 1.270389420e+00 1.485436893e+00 
1.174098672e+00 1.434239530e+00 1.605967322e+00 
1.133776091e+00 1.109478325e+00 1.353303339e+00 
1.180740038e+00 1.284349743e+00 1.485436893e+00 
1.091081594e+00 1.159441587e+00 1.284394980e+00 
1.120493359e+00 1.149155033e+00 1.285815771e+00 
1.016366224e+00 1.229243204e+00 1.392138290e+00 
1.000000000e+00 1.020573108e+00 1.201041913e+00 
1.356973435e+00 1.652461425e+00 1.739521667e+00 
1.000000000e+00 1.000000000e+00 1.000000000e+00 
1.118595825e+00 1.128581925e+00 1.272791854e+00 

1.355075901e+00 1.733284350e+00 1.778356619e+00 
1.553130930e+00 1.748714181e+00 1.930618044e+00 
1.406546490e+00 1.531227039e+00 1.688373194e+00 
1.289848197e+00 1.460690669e+00 1.644802273e+00 
1.127371917e+00 1.504041146e+00 1.644802273e+00 
1.496204934e+00 1.576781778e+00 1.810087615e+00 
1.405123340e+00 1.689933872e+00 1.778356619e+00 
1.305977230e+00 1.454812638e+00 1.676533270e+00 
1.417457306e+00 1.541513593e+00 1.797063699e+00 
1.351043643e+00 1.366642175e+00 1.664930144e+00 
1.320208729e+00 1.584864071e+00 1.739521667e+00 
1.478178368e+00 1.468772961e+00 1.677954061e+00 
1.468216319e+00 1.512123439e+00 1.797063699e+00 
1.248339658e+00 1.506245408e+00 1.664930144e+00 
1.318074004e+00 1.509184423e+00 1.677954061e+00 
1.658444023e+00 1.574577517e+00 1.798484490e+00 
1.718216319e+00 1.656869949e+00 1.867866446e+00 
1.190702087e+00 1.259368112e+00 1.404925408e+00 
1.342979127e+00 1.341660544e+00 1.605967322e+00 
1.217504744e+00 1.371785452e+00 1.554818849e+00 
1.259013283e+00 1.279941220e+00 1.544399716e+00 
1.100094877e+00 1.491550331e+00 1.593653801e+00 
1.264468691e+00 1.551065393e+00 1.676533270e+00 
1.375474383e+00 1.814842028e+00 1.797063699e+00 
1.237191651e+00 1.399706098e+00 1.605967322e+00 
1.242884250e+00 1.285819251e+00 1.512668719e+00 
1.083728653e+00 1.282880235e+00 1.402557424e+00 
1.063330171e+00 1.404114622e+00 1.524271845e+00 
1.274667932e+00 1.454812638e+00 1.618991238e+00 
1.632827324e+00 1.739162381e+00 1.930618044e+00 
1.180740038e+00 1.284349743e+00 1.485436893e+00 
1.225806452e+00 1.196179280e+00 1.473833767e+00 
1.143500949e+00 1.365172667e+00 1.525692636e+00 
1.243833017e+00 1.270389420e+00 1.485436893e+00 
1.111005693e+00 1.295371051e+00 1.453705896e+00 
1.120493359e+00 1.149155033e+00 1.285815771e+00 
1.127134725e+00 1.156502572e+00 1.334596259e+00 
1.118595825e+00 1.128581925e+00 1.272791854e+00 
1.046963947e+00 1.195444526e+00 1.333175468e+00 
1.133776091e+00 1.109478325e+00 1.353303339e+00 
1.016366224e+00 1.229243204e+00 1.392138290e+00 
1.260910816e+00 1.245407788e+00 1.486857684e+00 
1.000000000e+00 1.020573108e+00 1.201041913e+00 
1.091081594e+00 1.159441587e+00 1.284394980e+00 
1.000000000e+00 1.000000000e+00 1.000000000e+00 

1.100094877e+00 1.491550331e+00 1.593653801e+00 
1.272770398e+00 1.371050698e+00 1.605967322e+00 
1.629032258e+00 1.678912564e+00 1.810087615e+00 
1.469402277e+00 1.670095518e+00 1.798484490e+00 
1.491935484e+00 1.626010287e+00 1.778356619e+00 
1.559772296e+00 1.560617193e+00 1.798484490e+00 
1.342979127e+00 1.341660544e+00 1.605967322e+00 
1.832068311e+00 1.694342395e+00 1.866445655e+00 
1.248339658e+00 1.506245408e+00 1.664930144e+00 
1.264468691e+00 1.551065393e+00 1.676533270e+00 
1.227229602e+00 1.730345334e+00 1.866445655e+00 
1.244781784e+00 1.384276267e+00 1.605967322e+00 
1.632827324e+00 1.739162381e+00 1.930618044e+00 
1.730550285e+00 1.673769287e+00 1.808903623e+00 
1.781309298e+00 1.714180749e+00 1.867866446e+00 
1.406546490e+00 1.531227039e+00 1.688373194e+00 
1.274667932e+00 1.454812638e+00 1.618991238e+00 
1.289848197e+00 1.460690669e+00 1.644802273e+00 
1.734345351e+00 1.722997796e+00 1.866445655e+00 
1.518026565e+00 1.556208670e+00 1.729576131e+00 
1.127371917e+00 1.504041146e+00 1.644802273e+00 
1.510673624e+00 1.617927994e+00 1.745915226e+00 
1.336100569e+00 1.698016165e+00 1.778356619e+00 
1.732447818e+00 1.545922116e+00 1.747336017e+00 
1.405123340e+00 1.689933872e+00 1.778356619e+00 
1.446869070e+00 1.360029390e+00 1.607388113e+00 
1.461100569e+00 1.406318883e+00 1.677954061e+00 
1.320208729e+00 1.584864071e+00 1.739521667e+00 
1.849146110e+00 1.706833211e+00 1.879469571e+00 
1.714895636e+00 1.724467303e+00 1.866445655e+00 
1.324003795e+00 1.681851580e+00 1.745915226e+00 
1.778937381e+00 1.650257164e+00 1.808903623e+00 
1.217504744e+00 1.371785452e+00 1.554818849e+00 
1.567836812e+00 1.511388685e+00 1.739521667e+00 
1.564516129e+00 1.534166054e+00 1.739521667e+00 
1.305977230e+00 1.454812638e+00 1.676533270e+00 
1.369070209e+00 1.440852314e+00 1.676533270e+00 
1.063330171e+00 1.404114622e+00 1.524271845e+00 
1.243833017e+00 1.270389420e+00 1.485436893e+00 
1.456356736e+00 1.503306392e+00 1.677954061e+00 
1.326612903e+00 1.548126378e+00 1.714184229e+00 
1.143500949e+00 1.365172667e+00 1.525692636e+00 
1.242884250e+00 1.285819251e+00 1.512668719e+00 
1.260910816e+00 1.245407788e+00 1.486857684e+00 
1.225806452e+00 1.196179280e+00 1.473833767e+00 
1.522533207e+00 1.753122704e+00 1.867866446e+00 
1.259013283e+00 1.279941220e+00 1.544399716e+00 
1.118595825e+00 1.128581925e+00 1.272791854e+00 
1.421252372e+00 1.778839089e+00 1.930618044e+00 
1.180740038e+00 1.284349743e+00 1.485436893e+00 
1.174098672e+00 1.434239530e+00 1.605967322e+00 
1.083728653e+00 1.282880235e+00 1.402557424e+00 
1.111005693e+00 1.295371051e+00 1.453705896e+00 
1.091081594e+00 1.159441587e+00 1.284394980e+00 
1.351043643e+00 1.366642175e+00 1.664930144e+00 
1.531309298e+00 1.583394563e+00 1.739521667e+00 
1.318074004e+00 1.509184423e+00 1.677954061e+00 
1.237191651e+00 1.399706098e+00 1.605967322e+00 
1.127134725e+00 1.156502572e+00 1.334596259e+00 
1.811195446e+00 1.730345334e+00 1.879469571e+00 
1.046963947e+00 1.195444526e+00 1.333175468e+00 
1.133776091e+00 1.109478325e+00 1.353303339e+00 
1.016366224e+00 1.229243204e+00 1.392138290e+00 
1.190702087e+00 1.259368112e+00 1.404925408e+00 
1.000000000e+00 1.020573108e+00 1.201041913e+00 
1.000000000e+00 1.000000000e+00 1.000000000e+00 
1.120493359e+00 1.149155033e+00 1.285815771e+00 
