1.551518049e+00 1.656521739e+00 1.881534772e+00 
1.704518288e+00 1.702173913e+00 1.893525180e+00 
1.504661726e+00 1.510869565e+00 1.722781775e+00 
1.542911786e+00 1.451449275e+00 1.650119904e+00 
1.581161846e+00 1.548550725e+00 1.736690647e+00 
1.541955534e+00 1.456521739e+00 1.650119904e+00 
1.361702128e+00 1.612318841e+00 1.650119904e+00 
1.331580206e+00 1.405072464e+00 1.604316547e+00 
1.705474540e+00 1.628985507e+00 1.881534772e+00 
1.534305522e+00 1.778985507e+00 1.847721823e+00 
1.224719101e+00 1.560144928e+00 1.543884892e+00 
1.374611523e+00 1.405797101e+00 1.620383693e+00 
1.431030361e+00 1.398550725e+00 1.602877698e+00 
1.279942625e+00 1.296376812e+00 1.498081535e+00 
1.543868037e+00 1.354347826e+00 1.588009592e+00 
1.771455893e+00 1.582608696e+00 1.775059952e+00 
1.145589290e+00 1.383333333e+00 1.531894484e+00 
1.411427205e+00 1.610869565e+00 1.775059952e+00 
1.585943103e+00 1.459420290e+00 1.668824940e+00 
1.507530481e+00 1.473913043e+00 1.650359712e+00 
1.400908439e+00 1.607971014e+00 1.640287770e+00 
1.526655510e+00 1.456521739e+00 1.636690647e+00 
1.548410232e+00 1.961594203e+00 1.865227818e+00 
1.137222089e+00 1.538405797e+00 1.425419664e+00 
1.491274205e+00 1.368115942e+00 1.550359712e+00 
1.428639732e+00 1.517391304e+00 1.650119904e+00 
1.488405451e+00 1.566666667e+00 1.709352518e+00 
1.748505857e+00 1.448550725e+00 1.656834532e+00 
1.409753765e+00 1.612318841e+00 1.650359712e+00 
1.343533349e+00 1.634782609e+00 1.668824940e+00 
1.493186708e+00 1.493478261e+00 1.636690647e+00 
1.663399474e+00 1.528260870e+00 1.768585132e+00 
1.506574229e+00 1.386231884e+00 1.633812950e+00 
1.293330146e+00 1.277536232e+00 1.415587530e+00 
1.294525460e+00 1.443478261e+00 1.633812950e+00 
1.329667703e+00 1.310144928e+00 1.516546763e+00 
1.145589290e+00 1.357971014e+00 1.425419664e+00 
1.192206550e+00 1.320289855e+00 1.425419664e+00 
1.381066220e+00 1.683333333e+00 1.758752998e+00 
1.069806359e+00 1.206521739e+00 1.290647482e+00 
1.460196032e+00 1.497826087e+00 1.640287770e+00 
1.429117858e+00 1.317391304e+00 1.534052758e+00 
1.503944537e+00 1.531884058e+00 1.650359712e+00 
1.783887162e+00 1.605072464e+00 1.847721823e+00 
1.288548888e+00 1.357246377e+00 1.501918465e+00 
1.322017691e+00 1.290579710e+00 1.477937650e+00 
1.282094191e+00 1.480434783e+00 1.543884892e+00 
1.406167822e+00 1.197101449e+00 1.363309353e+00 
1.310542673e+00 1.242753623e+00 1.411990408e+00 
1.696868276e+00 1.507971014e+00 1.729256595e+00 
1.381305283e+00 1.418840580e+00 1.622781775e+00 
1.283528568e+00 1.800000000e+00 1.668824940e+00 
1.069806359e+00 1.228985507e+00 1.409112710e+00 
1.263686350e+00 1.359420290e+00 1.465947242e+00 
1.183361224e+00 1.123188406e+00 1.224940048e+00 
1.188142481e+00 1.128985507e+00 1.277218225e+00 
1.137222089e+00 1.560869565e+00 1.543884892e+00 
1.184317475e+00 1.168115942e+00 1.343165468e+00 
1.141286158e+00 1.139855072e+00 1.287050360e+00 
1.000000000e+00 1.186231884e+00 1.118465228e+00 
1.404255319e+00 1.210869565e+00 1.366187050e+00 
1.000000000e+00 1.212318841e+00 1.270743405e+00 
1.424336601e+00 1.111594203e+00 1.231414868e+00 
1.570643079e+00 1.449275362e+00 1.640527578e+00 
1.163279943e+00 1.222463768e+00 1.359712230e+00 
1.000000000e+00 1.163768116e+00 1.000000000e+00 
1.069806359e+00 1.202898551e+00 1.256834532e+00 
1.000000000e+00 1.189855072e+00 1.152278177e+00 
1.431030361e+00 1.279710145e+00 1.425419664e+00 
1.244561320e+00 1.121739130e+00 1.259712230e+00 
1.018885967e+00 1.026086957e+00 1.152278177e+00 
1.018885967e+00 1.000000000e+00 1.000000000e+00 
1.293330146e+00 1.221739130e+00 1.349640288e+00 
1.098254841e+00 1.119565217e+00 1.224700240e+00 

1.126703323e+00 1.547101449e+00 1.531894484e+00 
1.381066220e+00 1.683333333e+00 1.758752998e+00 
1.697346402e+00 1.714492754e+00 1.881534772e+00 
1.863256036e+00 1.649275362e+00 1.865227818e+00 
1.536218025e+00 1.526086957e+00 1.756594724e+00 
1.272053550e+00 1.581159420e+00 1.633812950e+00 
1.542911786e+00 1.451449275e+00 1.650119904e+00 
1.431030361e+00 1.398550725e+00 1.602877698e+00 
1.703562037e+00 1.842753623e+00 1.893525180e+00 
1.650968205e+00 1.728260870e+00 1.775299760e+00 
1.292612957e+00 1.473913043e+00 1.650359712e+00 
1.803012192e+00 1.699275362e+00 1.881534772e+00 
1.145589290e+00 1.357971014e+00 1.425419664e+00 
1.899593593e+00 1.796376812e+00 1.893525180e+00 
1.541955534e+00 1.456521739e+00 1.650119904e+00 
1.987568731e+00 1.686231884e+00 1.881534772e+00 
1.329667703e+00 1.310144928e+00 1.516546763e+00 
1.543868037e+00 1.354347826e+00 1.588009592e+00 
1.137222089e+00 1.560869565e+00 1.543884892e+00 
1.431030361e+00 1.279710145e+00 1.425419664e+00 
1.588094669e+00 1.837681159e+00 1.775299760e+00 
1.466411666e+00 1.436231884e+00 1.616306954e+00 
1.653836959e+00 1.531884058e+00 1.758752998e+00 
1.145589290e+00 1.383333333e+00 1.531894484e+00 
1.585943103e+00 1.459420290e+00 1.668824940e+00 
1.429117858e+00 1.317391304e+00 1.534052758e+00 
1.069806359e+00 1.206521739e+00 1.290647482e+00 
1.688262013e+00 1.700000000e+00 1.775299760e+00 
1.548410232e+00 1.961594203e+00 1.865227818e+00 
1.603155630e+00 1.539855072e+00 1.775059952e+00 
1.294525460e+00 1.443478261e+00 1.633812950e+00 
1.069806359e+00 1.228985507e+00 1.409112710e+00 
1.665311977e+00 1.300000000e+00 1.488249400e+00 
1.163279943e+00 1.222463768e+00 1.359712230e+00 
1.069806359e+00 1.202898551e+00 1.256834532e+00 
1.537652403e+00 1.619565217e+00 1.775059952e+00 
1.658618217e+00 1.478985507e+00 1.709352518e+00 
1.480755439e+00 1.426086957e+00 1.640287770e+00 
1.331580206e+00 1.405072464e+00 1.604316547e+00 
1.851063830e+00 1.692028986e+00 1.775299760e+00 
1.416925651e+00 1.557246377e+00 1.768585132e+00 
1.930193641e+00 1.783333333e+00 1.893525180e+00 
1.406167822e+00 1.197101449e+00 1.363309353e+00 
1.310542673e+00 1.242753623e+00 1.411990408e+00 
1.000000000e+00 1.212318841e+00 1.270743405e+00 
1.293330146e+00 1.277536232e+00 1.415587530e+00 
1.192206550e+00 1.320289855e+00 1.425419664e+00 
1.623475974e+00 1.897101449e+00 1.861630695e+00 
1.404255319e+00 1.210869565e+00 1.366187050e+00 
1.310542673e+00 1.312318841e+00 1.495443645e+00 
1.403538131e+00 1.661594203e+00 1.740287770e+00 
1.425292852e+00 1.307971014e+00 1.481534772e+00 
1.000000000e+00 1.189855072e+00 1.152278177e+00 
1.141286158e+00 1.139855072e+00 1.287050360e+00 
1.192206550e+00 1.342753623e+00 1.543884892e+00 
1.437006933e+00 1.517391304e+00 1.668824940e+00 
1.293330146e+00 1.221739130e+00 1.349640288e+00 
1.322017691e+00 1.290579710e+00 1.477937650e+00 
1.244561320e+00 1.121739130e+00 1.259712230e+00 
1.000000000e+00 1.163768116e+00 1.000000000e+00 
1.424336601e+00 1.111594203e+00 1.231414868e+00 
1.183361224e+00 1.123188406e+00 1.224940048e+00 
1.184317475e+00 1.168115942e+00 1.343165468e+00 
1.188142481e+00 1.128985507e+00 1.277218225e+00 
1.018885967e+00 1.000000000e+00 1.000000000e+00 
1.018885967e+00 1.026086957e+00 1.152278177e+00 
1.098254841e+00 1.119565217e+00 1.224700240e+00 
1.000000000e+00 1.186231884e+00 1.118465228e+00 

1.395649056e+00 1.407971014e+00 1.630215827e+00 
1.748505857e+00 1.448550725e+00 1.656834532e+00 
1.343533349e+00 1.634782609e+00 1.668824940e+00 
1.458761654e+00 1.593478261e+00 1.729256595e+00 
1.530958642e+00 1.783333333e+00 1.875059952e+00 
1.557255558e+00 1.487681159e+00 1.668824940e+00 
1.480755439e+00 1.426086957e+00 1.640287770e+00 
1.353813053e+00 1.443478261e+00 1.633812950e+00 
1.551518049e+00 1.656521739e+00 1.881534772e+00 
1.631843175e+00 1.605072464e+00 1.775059952e+00 
1.361702128e+00 1.597101449e+00 1.756594724e+00 
1.590724361e+00 1.487681159e+00 1.709352518e+00 
1.481950753e+00 1.602173913e+00 1.758752998e+00 
1.333731771e+00 1.646376812e+00 1.630215827e+00 
1.863256036e+00 1.649275362e+00 1.865227818e+00 
1.279942625e+00 1.296376812e+00 1.498081535e+00 
1.429117858e+00 1.317391304e+00 1.534052758e+00 
1.497728903e+00 1.780434783e+00 1.775299760e+00 
1.398517810e+00 1.524637681e+00 1.722781775e+00 
1.704518288e+00 1.702173913e+00 1.893525180e+00 
1.709299546e+00 1.560144928e+00 1.743165468e+00 
1.273009802e+00 1.786956522e+00 1.650359712e+00 
1.651924456e+00 1.562318841e+00 1.775299760e+00 
1.374611523e+00 1.405797101e+00 1.620383693e+00 
1.672005738e+00 1.532608696e+00 1.741247002e+00 
1.329667703e+00 1.310144928e+00 1.516546763e+00 
1.617499402e+00 1.436956522e+00 1.650359712e+00 
1.195314368e+00 1.397101449e+00 1.550359712e+00 
1.699737031e+00 1.613043478e+00 1.847721823e+00 
1.543868037e+00 1.354347826e+00 1.588009592e+00 
1.351183361e+00 1.621014493e+00 1.756594724e+00 
1.372699020e+00 1.396376812e+00 1.518465228e+00 
1.381305283e+00 1.418840580e+00 1.622781775e+00 
1.716949558e+00 1.539855072e+00 1.756594724e+00 
1.786755917e+00 1.679710145e+00 1.893525180e+00 
1.460196032e+00 1.497826087e+00 1.640287770e+00 
1.541955534e+00 1.456521739e+00 1.650119904e+00 
1.226631604e+00 1.348550725e+00 1.425419664e+00 
1.607936887e+00 1.583333333e+00 1.758752998e+00 
1.331580206e+00 1.405072464e+00 1.604316547e+00 
1.338513029e+00 1.539855072e+00 1.630215827e+00 
1.288548888e+00 1.357246377e+00 1.501918465e+00 
1.290939517e+00 1.394927536e+00 1.515347722e+00 
1.404255319e+00 1.210869565e+00 1.366187050e+00 
1.411427205e+00 1.610869565e+00 1.775059952e+00 
1.688501076e+00 1.863043478e+00 1.893525180e+00 
1.069806359e+00 1.228985507e+00 1.409112710e+00 
1.163279943e+00 1.222463768e+00 1.359712230e+00 
1.431030361e+00 1.279710145e+00 1.425419664e+00 
1.310542673e+00 1.242753623e+00 1.411990408e+00 
1.137222089e+00 1.560869565e+00 1.543884892e+00 
1.322017691e+00 1.290579710e+00 1.477937650e+00 
1.188142481e+00 1.128985507e+00 1.277218225e+00 
1.137222089e+00 1.538405797e+00 1.425419664e+00 
1.156108056e+00 1.374637681e+00 1.425419664e+00 
1.612479082e+00 1.920289855e+00 1.893525180e+00 
1.263686350e+00 1.359420290e+00 1.465947242e+00 
1.069806359e+00 1.206521739e+00 1.290647482e+00 
1.069806359e+00 1.202898551e+00 1.256834532e+00 
1.406167822e+00 1.197101449e+00 1.363309353e+00 
1.383217786e+00 1.473913043e+00 1.636930456e+00 
1.542911786e+00 1.451449275e+00 1.650119904e+00 
1.183361224e+00 1.123188406e+00 1.224940048e+00 
1.293330146e+00 1.277536232e+00 1.415587530e+00 
1.431030361e+00 1.398550725e+00 1.602877698e+00 
1.000000000e+00 1.186231884e+00 1.118465228e+00 
1.000000000e+00 1.189855072e+00 1.152278177e+00 
1.141286158e+00 1.139855072e+00 1.287050360e+00 
1.244561320e+00 1.121739130e+00 1.259712230e+00 
1.293330146e+00 1.221739130e+00 1.349640288e+00 
1.000000000e+00 1.212318841e+00 1.270743405e+00 
1.184317475e+00 1.168115942e+00 1.343165468e+00 
1.424336601e+00 1.111594203e+00 1.231414868e+00 
1.000000000e+00 1.163768116e+00 1.000000000e+00 
1.018885967e+00 1.026086957e+00 1.152278177e+00 
1.098254841e+00 1.119565217e+00 1.224700240e+00 
1.018885967e+00 1.000000000e+00 1.000000000e+00 

1.408319388e+00 1.556521739e+00 1.768585132e+00 
1.557255558e+00 1.487681159e+00 1.668824940e+00 
1.429117858e+00 1.317391304e+00 1.534052758e+00 
1.507530481e+00 1.473913043e+00 1.650359712e+00 
1.548410232e+00 1.961594203e+00 1.865227818e+00 
1.825962228e+00 1.513768116e+00 1.712949640e+00 
1.537652403e+00 1.619565217e+00 1.775059952e+00 
1.532393019e+00 1.671739130e+00 1.775299760e+00 
1.137222089e+00 1.538405797e+00 1.425419664e+00 
1.428639732e+00 1.517391304e+00 1.650119904e+00 
1.624193163e+00 1.515942029e+00 1.741247002e+00 
1.126703323e+00 1.547101449e+00 1.531894484e+00 
1.381066220e+00 1.683333333e+00 1.758752998e+00 
1.498924217e+00 1.389855072e+00 1.602877698e+00 
1.331580206e+00 1.405072464e+00 1.604316547e+00 
1.697346402e+00 1.714492754e+00 1.881534772e+00 
1.662443223e+00 1.793478261e+00 1.881534772e+00 
1.279942625e+00 1.296376812e+00 1.498081535e+00 
1.410949080e+00 1.471014493e+00 1.636690647e+00 
1.588811858e+00 1.359420290e+00 1.550359712e+00 
1.145589290e+00 1.383333333e+00 1.531894484e+00 
1.704518288e+00 1.702173913e+00 1.893525180e+00 
1.541955534e+00 1.456521739e+00 1.650119904e+00 
1.542911786e+00 1.451449275e+00 1.650119904e+00 
1.480755439e+00 1.426086957e+00 1.640287770e+00 
1.513267989e+00 1.678985507e+00 1.847721823e+00 
1.651924456e+00 1.562318841e+00 1.775299760e+00 
1.294525460e+00 1.443478261e+00 1.633812950e+00 
1.137222089e+00 1.560869565e+00 1.543884892e+00 
1.192206550e+00 1.320289855e+00 1.425419664e+00 
1.491274205e+00 1.368115942e+00 1.550359712e+00 
1.192206550e+00 1.342753623e+00 1.543884892e+00 
1.520918001e+00 1.534057971e+00 1.768585132e+00 
1.415730337e+00 1.391304348e+00 1.550359712e+00 
1.705474540e+00 1.628985507e+00 1.881534772e+00 
1.406167822e+00 1.197101449e+00 1.363309353e+00 
1.333731771e+00 1.671739130e+00 1.736690647e+00 
1.374611523e+00 1.405797101e+00 1.620383693e+00 
1.381305283e+00 1.418840580e+00 1.622781775e+00 
1.329667703e+00 1.310144928e+00 1.516546763e+00 
1.404255319e+00 1.210869565e+00 1.366187050e+00 
1.737987091e+00 1.553623188e+00 1.775059952e+00 
1.195314368e+00 1.397101449e+00 1.550359712e+00 
1.431030361e+00 1.398550725e+00 1.602877698e+00 
1.858474779e+00 1.668115942e+00 1.893525180e+00 
1.069806359e+00 1.228985507e+00 1.409112710e+00 
1.293330146e+00 1.277536232e+00 1.415587530e+00 
1.351422424e+00 1.758695652e+00 1.768585132e+00 
1.272053550e+00 1.581159420e+00 1.633812950e+00 
1.573750896e+00 1.915217391e+00 1.875059952e+00 
1.156108056e+00 1.374637681e+00 1.425419664e+00 
1.460196032e+00 1.497826087e+00 1.640287770e+00 
1.069806359e+00 1.202898551e+00 1.256834532e+00 
1.322017691e+00 1.290579710e+00 1.477937650e+00 
1.188142481e+00 1.128985507e+00 1.277218225e+00 
1.263925412e+00 1.582608696e+00 1.668824940e+00 
1.431030361e+00 1.279710145e+00 1.425419664e+00 
1.069806359e+00 1.206521739e+00 1.290647482e+00 
1.293330146e+00 1.221739130e+00 1.349640288e+00 
1.310542673e+00 1.242753623e+00 1.411990408e+00 
1.183361224e+00 1.123188406e+00 1.224940048e+00 
1.506574229e+00 1.386231884e+00 1.633812950e+00 
1.570643079e+00 1.449275362e+00 1.640527578e+00 
1.000000000e+00 1.189855072e+00 1.152278177e+00 
1.141286158e+00 1.139855072e+00 1.287050360e+00 
1.000000000e+00 1.212318841e+00 1.270743405e+00 
1.163279943e+00 1.222463768e+00 1.359712230e+00 
1.000000000e+00 1.163768116e+00 1.000000000e+00 
1.432942864e+00 1.426086957e+00 1.630215827e+00 
1.184317475e+00 1.168115942e+00 1.343165468e+00 
1.000000000e+00 1.186231884e+00 1.118465228e+00 
1.244561320e+00 1.121739130e+00 1.259712230e+00 
1.424336601e+00 1.111594203e+00 1.231414868e+00 
1.018885967e+00 1.026086957e+00 1.152278177e+00 
1.098254841e+00 1.119565217e+00 1.224700240e+00 
1.018885967e+00 1.000000000e+00 1.000000000e+00 

1.931149892e+00 1.671739130e+00 1.881534772e+00 
1.633755678e+00 1.574637681e+00 1.758752998e+00 
1.375806837e+00 1.548550725e+00 1.650119904e+00 
1.294525460e+00 1.443478261e+00 1.633812950e+00 
1.825962228e+00 1.513768116e+00 1.712949640e+00 
1.351422424e+00 1.758695652e+00 1.768585132e+00 
1.145589290e+00 1.383333333e+00 1.531894484e+00 
1.398039684e+00 1.526811594e+00 1.650359712e+00 
1.507530481e+00 1.473913043e+00 1.650359712e+00 
1.688501076e+00 1.863043478e+00 1.893525180e+00 
1.506574229e+00 1.386231884e+00 1.633812950e+00 
1.623475974e+00 1.757246377e+00 1.865227818e+00 
1.639493187e+00 1.698550725e+00 1.847721823e+00 
1.126703323e+00 1.547101449e+00 1.531894484e+00 
1.597896247e+00 1.620289855e+00 1.775059952e+00 
1.711212049e+00 1.559420290e+00 1.775059952e+00 
1.835524743e+00 1.532608696e+00 1.740287770e+00 
1.488405451e+00 1.566666667e+00 1.709352518e+00 
1.383217786e+00 1.473913043e+00 1.636930456e+00 
1.568252450e+00 1.826811594e+00 1.775059952e+00 
1.458761654e+00 1.593478261e+00 1.729256595e+00 
1.588333732e+00 1.575362319e+00 1.758752998e+00 
1.361702128e+00 1.597101449e+00 1.756594724e+00 
1.587377480e+00 1.837681159e+00 1.775299760e+00 
1.069806359e+00 1.206521739e+00 1.290647482e+00 
1.631843175e+00 1.605072464e+00 1.775059952e+00 
1.192206550e+00 1.342753623e+00 1.543884892e+00 
1.481950753e+00 1.602173913e+00 1.758752998e+00 
1.535261774e+00 1.660144928e+00 1.768585132e+00 
1.783887162e+00 1.605072464e+00 1.847721823e+00 
1.410949080e+00 1.471014493e+00 1.636690647e+00 
1.428639732e+00 1.517391304e+00 1.650119904e+00 
1.704518288e+00 1.533333333e+00 1.722781775e+00 
1.613674396e+00 1.600000000e+00 1.768585132e+00 
1.542911786e+00 1.451449275e+00 1.650119904e+00 
1.273009802e+00 1.786956522e+00 1.650359712e+00 
1.331580206e+00 1.405072464e+00 1.604316547e+00 
1.588811858e+00 1.359420290e+00 1.550359712e+00 
1.788668420e+00 1.674637681e+00 1.875059952e+00 
1.526655510e+00 1.456521739e+00 1.636690647e+00 
1.811618456e+00 1.716666667e+00 1.893525180e+00 
1.399952187e+00 1.497101449e+00 1.640287770e+00 
1.437006933e+00 1.517391304e+00 1.668824940e+00 
1.672005738e+00 1.538405797e+00 1.741247002e+00 
1.192206550e+00 1.320289855e+00 1.425419664e+00 
1.432942864e+00 1.426086957e+00 1.630215827e+00 
1.372220894e+00 1.588405797e+00 1.650119904e+00 
1.374611523e+00 1.405797101e+00 1.620383693e+00 
1.322017691e+00 1.290579710e+00 1.477937650e+00 
1.069806359e+00 1.228985507e+00 1.409112710e+00 
1.803012192e+00 1.699275362e+00 1.881534772e+00 
1.431030361e+00 1.279710145e+00 1.425419664e+00 
1.425292852e+00 1.307971014e+00 1.481534772e+00 
1.069806359e+00 1.202898551e+00 1.256834532e+00 
1.293330146e+00 1.277536232e+00 1.415587530e+00 
1.406167822e+00 1.197101449e+00 1.363309353e+00 
1.404255319e+00 1.210869565e+00 1.366187050e+00 
1.737987091e+00 1.553623188e+00 1.775059952e+00 
1.137222089e+00 1.538405797e+00 1.425419664e+00 
1.381305283e+00 1.418840580e+00 1.622781775e+00 
1.156108056e+00 1.374637681e+00 1.425419664e+00 
1.310542673e+00 1.242753623e+00 1.411990408e+00 
1.244561320e+00 1.121739130e+00 1.259712230e+00 
1.184317475e+00 1.168115942e+00 1.343165468e+00 
1.137222089e+00 1.560869565e+00 1.543884892e+00 
1.420511595e+00 1.337681159e+00 1.515347722e+00 
1.424336601e+00 1.111594203e+00 1.231414868e+00 
1.293330146e+00 1.221739130e+00 1.349640288e+00 
1.163279943e+00 1.222463768e+00 1.359712230e+00 
1.188142481e+00 1.128985507e+00 1.277218225e+00 
1.000000000e+00 1.189855072e+00 1.152278177e+00 
1.000000000e+00 1.186231884e+00 1.118465228e+00 
1.310542673e+00 1.312318841e+00 1.495443645e+00 
1.431269424e+00 1.680434783e+00 1.768585132e+00 
1.000000000e+00 1.212318841e+00 1.270743405e+00 
1.000000000e+00 1.163768116e+00 1.000000000e+00 
1.606980636e+00 1.516666667e+00 1.668824940e+00 
1.183361224e+00 1.123188406e+00 1.224940048e+00 
1.098254841e+00 1.119565217e+00 1.224700240e+00 
1.679177624e+00 1.728260870e+00 1.881534772e+00 
1.018885967e+00 1.026086957e+00 1.152278177e+00 
1.018885967e+00 1.000000000e+00 1.000000000e+00 
1.141286158e+00 1.139855072e+00 1.287050360e+00 

1.383217786e+00 1.473913043e+00 1.636930456e+00 
1.126703323e+00 1.547101449e+00 1.531894484e+00 
1.472866364e+00 1.757971014e+00 1.775299760e+00 
1.748505857e+00 1.448550725e+00 1.656834532e+00 
1.145589290e+00 1.383333333e+00 1.531894484e+00 
1.384413101e+00 1.450724638e+00 1.668824940e+00 
1.403538131e+00 1.661594203e+00 1.740287770e+00 
1.458044466e+00 1.920289855e+00 1.875059952e+00 
1.708343294e+00 1.649275362e+00 1.775299760e+00 
1.631843175e+00 1.605072464e+00 1.775059952e+00 
1.491274205e+00 1.368115942e+00 1.550359712e+00 
1.137222089e+00 1.538405797e+00 1.425419664e+00 
1.294525460e+00 1.443478261e+00 1.633812950e+00 
1.498924217e+00 1.389855072e+00 1.602877698e+00 
1.625388477e+00 2.000000000e+00 1.893525180e+00 
1.195314368e+00 1.397101449e+00 1.550359712e+00 
1.477169496e+00 1.728985507e+00 1.775299760e+00 
1.137222089e+00 1.560869565e+00 1.543884892e+00 
1.649294765e+00 1.715942029e+00 1.893525180e+00 
1.540043031e+00 1.745652174e+00 1.861630695e+00 
1.226631604e+00 1.371014493e+00 1.543884892e+00 
1.415730337e+00 1.391304348e+00 1.550359712e+00 
1.382022472e+00 1.735507246e+00 1.668824940e+00 
1.522830504e+00 1.345652174e+00 1.531894484e+00 
1.696868276e+00 1.507971014e+00 1.729256595e+00 
1.759024623e+00 1.645652174e+00 1.893525180e+00 
1.614391585e+00 1.863768116e+00 1.875059952e+00 
1.279942625e+00 1.296376812e+00 1.498081535e+00 
1.145589290e+00 1.357971014e+00 1.425419664e+00 
1.329667703e+00 1.310144928e+00 1.516546763e+00 
1.288548888e+00 1.357246377e+00 1.501918465e+00 
1.506574229e+00 1.386231884e+00 1.633812950e+00 
1.395649056e+00 1.407971014e+00 1.630215827e+00 
1.374611523e+00 1.405797101e+00 1.620383693e+00 
1.214200335e+00 1.568840580e+00 1.650359712e+00 
1.069806359e+00 1.228985507e+00 1.409112710e+00 
1.685393258e+00 1.562318841e+00 1.775059952e+00 
1.351422424e+00 1.758695652e+00 1.768585132e+00 
1.431030361e+00 1.279710145e+00 1.425419664e+00 
1.069806359e+00 1.202898551e+00 1.256834532e+00 
1.520918001e+00 1.534057971e+00 1.768585132e+00 
1.543868037e+00 1.354347826e+00 1.588009592e+00 
1.573750896e+00 1.915217391e+00 1.875059952e+00 
1.263686350e+00 1.359420290e+00 1.465947242e+00 
1.411427205e+00 1.610869565e+00 1.775059952e+00 
1.293330146e+00 1.277536232e+00 1.415587530e+00 
1.322017691e+00 1.290579710e+00 1.477937650e+00 
1.069806359e+00 1.206521739e+00 1.290647482e+00 
1.310542673e+00 1.242753623e+00 1.411990408e+00 
1.331580206e+00 1.405072464e+00 1.604316547e+00 
1.192206550e+00 1.320289855e+00 1.425419664e+00 
1.126703323e+00 1.569565217e+00 1.650359712e+00 
1.406167822e+00 1.197101449e+00 1.363309353e+00 
1.404255319e+00 1.210869565e+00 1.366187050e+00 
1.244561320e+00 1.121739130e+00 1.259712230e+00 
1.163279943e+00 1.222463768e+00 1.359712230e+00 
1.188142481e+00 1.128985507e+00 1.277218225e+00 
1.431030361e+00 1.398550725e+00 1.602877698e+00 
1.570643079e+00 1.449275362e+00 1.640527578e+00 
1.480755439e+00 1.426086957e+00 1.640287770e+00 
1.183361224e+00 1.123188406e+00 1.224940048e+00 
1.000000000e+00 1.186231884e+00 1.118465228e+00 
1.184317475e+00 1.168115942e+00 1.343165468e+00 
1.141286158e+00 1.139855072e+00 1.287050360e+00 
1.000000000e+00 1.212318841e+00 1.270743405e+00 
1.000000000e+00 1.189855072e+00 1.152278177e+00 
1.424336601e+00 1.111594203e+00 1.231414868e+00 
1.293330146e+00 1.221739130e+00 1.349640288e+00 
1.000000000e+00 1.163768116e+00 1.000000000e+00 
1.018885967e+00 1.026086957e+00 1.152278177e+00 
1.018885967e+00 1.000000000e+00 1.000000000e+00 
1.098254841e+00 1.119565217e+00 1.224700240e+00 

1.331580206e+00 1.405072464e+00 1.604316547e+00 
1.925412383e+00 1.700724638e+00 1.865227818e+00 
1.537652403e+00 1.619565217e+00 1.775059952e+00 
1.890031078e+00 1.788405797e+00 1.881534772e+00 
1.819268468e+00 1.712318841e+00 1.875059952e+00 
1.410949080e+00 1.471014493e+00 1.636690647e+00 
1.192206550e+00 1.342753623e+00 1.543884892e+00 
1.343533349e+00 1.634782609e+00 1.668824940e+00 
1.192206550e+00 1.320289855e+00 1.425419664e+00 
1.444417882e+00 1.596376812e+00 1.722781775e+00 
1.195314368e+00 1.397101449e+00 1.550359712e+00 
1.429117858e+00 1.317391304e+00 1.534052758e+00 
1.587377480e+00 1.837681159e+00 1.775299760e+00 
1.491274205e+00 1.368115942e+00 1.550359712e+00 
1.486413579e+00 1.718840580e+00 1.758752998e+00 
1.615586899e+00 1.439855072e+00 1.640287770e+00 
1.137222089e+00 1.560869565e+00 1.543884892e+00 
1.621802534e+00 1.863768116e+00 1.875059952e+00 
1.630169735e+00 1.823913043e+00 1.865227818e+00 
1.649055702e+00 1.764492754e+00 1.847721823e+00 
1.176428401e+00 1.556521739e+00 1.534052758e+00 
1.272053550e+00 1.581159420e+00 1.633812950e+00 
1.273009802e+00 1.786956522e+00 1.650359712e+00 
1.585943103e+00 1.539855072e+00 1.775059952e+00 
1.294525460e+00 1.443478261e+00 1.633812950e+00 
1.734401148e+00 1.805072464e+00 1.893525180e+00 
1.488883576e+00 1.813768116e+00 1.775059952e+00 
1.374611523e+00 1.405797101e+00 1.620383693e+00 
1.541955534e+00 1.456521739e+00 1.650119904e+00 
1.619650968e+00 1.914492754e+00 1.875059952e+00 
1.426966292e+00 1.792753623e+00 1.758752998e+00 
1.520918001e+00 1.534057971e+00 1.768585132e+00 
1.837676309e+00 1.706521739e+00 1.865227818e+00 
1.881424815e+00 1.632608696e+00 1.847721823e+00 
1.431030361e+00 1.398550725e+00 1.602877698e+00 
1.292612957e+00 1.473913043e+00 1.650359712e+00 
1.351183361e+00 1.621014493e+00 1.756594724e+00 
1.329667703e+00 1.310144928e+00 1.516546763e+00 
1.145589290e+00 1.357971014e+00 1.425419664e+00 
1.279942625e+00 1.296376812e+00 1.498081535e+00 
1.310542673e+00 1.242753623e+00 1.411990408e+00 
1.069806359e+00 1.202898551e+00 1.256834532e+00 
1.395649056e+00 1.407971014e+00 1.630215827e+00 
1.069806359e+00 1.206521739e+00 1.290647482e+00 
1.827874731e+00 1.707246377e+00 1.847721823e+00 
1.322017691e+00 1.290579710e+00 1.477937650e+00 
1.804924695e+00 1.527536232e+00 1.729256595e+00 
1.736313650e+00 1.634057971e+00 1.775299760e+00 
1.543868037e+00 1.354347826e+00 1.588009592e+00 
1.968443701e+00 1.676811594e+00 1.881534772e+00 
1.293330146e+00 1.277536232e+00 1.415587530e+00 
1.069806359e+00 1.228985507e+00 1.409112710e+00 
1.163279943e+00 1.222463768e+00 1.359712230e+00 
1.406167822e+00 1.197101449e+00 1.363309353e+00 
1.293330146e+00 1.221739130e+00 1.349640288e+00 
1.404255319e+00 1.210869565e+00 1.366187050e+00 
1.141286158e+00 1.139855072e+00 1.287050360e+00 
1.890987330e+00 1.731159420e+00 1.893525180e+00 
1.000000000e+00 1.212318841e+00 1.270743405e+00 
1.424336601e+00 1.111594203e+00 1.231414868e+00 
1.557255558e+00 1.487681159e+00 1.668824940e+00 
1.000000000e+00 1.163768116e+00 1.000000000e+00 
1.188142481e+00 1.128985507e+00 1.277218225e+00 
1.000000000e+00 1.186231884e+00 1.118465228e+00 
1.000000000e+00 1.189855072e+00 1.152278177e+00 
1.183361224e+00 1.123188406e+00 1.224940048e+00 
1.018885967e+00 1.000000000e+00 1.000000000e+00 
1.244561320e+00 1.121739130e+00 1.259712230e+00 
1.431030361e+00 1.279710145e+00 1.425419664e+00 
1.098254841e+00 1.119565217e+00 1.224700240e+00 
1.184317475e+00 1.168115942e+00 1.343165468e+00 
1.018885967e+00 1.026086957e+00 1.152278177e+00 

1.701649534e+00 1.780434783e+00 1.881534772e+00 
1.776237150e+00 1.645652174e+00 1.893525180e+00 
1.538847717e+00 1.915217391e+00 1.875059952e+00 
1.145589290e+00 1.357971014e+00 1.425419664e+00 
1.491274205e+00 1.368115942e+00 1.550359712e+00 
1.145589290e+00 1.383333333e+00 1.531894484e+00 
1.480755439e+00 1.426086957e+00 1.640287770e+00 
1.617499402e+00 1.436956522e+00 1.650359712e+00 
1.392541238e+00 1.770289855e+00 1.758752998e+00 
1.331580206e+00 1.405072464e+00 1.604316547e+00 
1.479799187e+00 1.505797101e+00 1.640287770e+00 
1.137222089e+00 1.538405797e+00 1.425419664e+00 
1.722926130e+00 1.883333333e+00 1.893525180e+00 
1.411427205e+00 1.610869565e+00 1.775059952e+00 
1.538130528e+00 1.536956522e+00 1.656834532e+00 
1.428639732e+00 1.517391304e+00 1.650119904e+00 
1.541955534e+00 1.456521739e+00 1.650119904e+00 
1.598135310e+00 1.873188406e+00 1.865227818e+00 
1.825962228e+00 1.513768116e+00 1.712949640e+00 
1.748505857e+00 1.448550725e+00 1.656834532e+00 
1.395649056e+00 1.407971014e+00 1.630215827e+00 
1.383217786e+00 1.473913043e+00 1.636930456e+00 
1.192206550e+00 1.320289855e+00 1.425419664e+00 
1.458044466e+00 1.920289855e+00 1.875059952e+00 
1.664355726e+00 1.694202899e+00 1.861630695e+00 
1.520918001e+00 1.511594203e+00 1.650119904e+00 
1.708343294e+00 1.649275362e+00 1.775299760e+00 
1.742768348e+00 1.731884058e+00 1.881534772e+00 
1.600286875e+00 1.600724638e+00 1.736690647e+00 
1.481950753e+00 1.602173913e+00 1.758752998e+00 
1.294525460e+00 1.443478261e+00 1.633812950e+00 
1.279942625e+00 1.296376812e+00 1.498081535e+00 
1.663399474e+00 1.528260870e+00 1.768585132e+00 
1.410949080e+00 1.471014493e+00 1.636690647e+00 
1.404255319e+00 1.210869565e+00 1.366187050e+00 
1.513267989e+00 1.678985507e+00 1.847721823e+00 
1.431030361e+00 1.398550725e+00 1.602877698e+00 
1.458761654e+00 1.593478261e+00 1.729256595e+00 
1.293330146e+00 1.277536232e+00 1.415587530e+00 
1.543868037e+00 1.354347826e+00 1.588009592e+00 
1.272053550e+00 1.581159420e+00 1.633812950e+00 
1.506574229e+00 1.386231884e+00 1.633812950e+00 
1.415730337e+00 1.391304348e+00 1.550359712e+00 
1.137222089e+00 1.560869565e+00 1.543884892e+00 
1.192206550e+00 1.342753623e+00 1.543884892e+00 
1.881424815e+00 1.632608696e+00 1.847721823e+00 
1.572555582e+00 1.589855072e+00 1.726858513e+00 
1.756155869e+00 1.688405797e+00 1.893525180e+00 
1.163279943e+00 1.222463768e+00 1.359712230e+00 
1.830743486e+00 1.642753623e+00 1.875059952e+00 
1.195314368e+00 1.397101449e+00 1.550359712e+00 
1.361702128e+00 1.571739130e+00 1.650119904e+00 
1.406167822e+00 1.197101449e+00 1.363309353e+00 
1.431030361e+00 1.279710145e+00 1.425419664e+00 
1.000000000e+00 1.189855072e+00 1.152278177e+00 
1.069806359e+00 1.228985507e+00 1.409112710e+00 
1.563949319e+00 1.539130435e+00 1.722781775e+00 
1.329667703e+00 1.310144928e+00 1.516546763e+00 
1.176428401e+00 1.583333333e+00 1.668824940e+00 
1.726512073e+00 1.643478261e+00 1.865227818e+00 
1.310542673e+00 1.242753623e+00 1.411990408e+00 
1.322017691e+00 1.290579710e+00 1.477937650e+00 
1.000000000e+00 1.212318841e+00 1.270743405e+00 
1.069806359e+00 1.206521739e+00 1.290647482e+00 
1.188142481e+00 1.128985507e+00 1.277218225e+00 
1.244561320e+00 1.121739130e+00 1.259712230e+00 
1.018885967e+00 1.000000000e+00 1.000000000e+00 
1.141286158e+00 1.139855072e+00 1.287050360e+00 
1.000000000e+00 1.163768116e+00 1.000000000e+00 
1.542911786e+00 1.451449275e+00 1.650119904e+00 
1.069806359e+00 1.202898551e+00 1.256834532e+00 
1.183361224e+00 1.123188406e+00 1.224940048e+00 
1.424336601e+00 1.111594203e+00 1.231414868e+00 
1.293330146e+00 1.221739130e+00 1.349640288e+00 
1.000000000e+00 1.186231884e+00 1.118465228e+00 
1.381305283e+00 1.418840580e+00 1.622781775e+00 
1.098254841e+00 1.119565217e+00 1.224700240e+00 
1.018885967e+00 1.026086957e+00 1.152278177e+00 
1.184317475e+00 1.168115942e+00 1.343165468e+00 

1.536218025e+00 1.500724638e+00 1.650119904e+00 
1.551518049e+00 1.656521739e+00 1.881534772e+00 
1.399952187e+00 1.651449275e+00 1.875059952e+00 
1.145589290e+00 1.357971014e+00 1.425419664e+00 
1.590724361e+00 1.487681159e+00 1.709352518e+00 
1.460196032e+00 1.497826087e+00 1.640287770e+00 
1.696868276e+00 1.507971014e+00 1.729256595e+00 
1.483624193e+00 1.610869565e+00 1.743165468e+00 
1.542911786e+00 1.451449275e+00 1.650119904e+00 
1.410949080e+00 1.471014493e+00 1.636690647e+00 
1.585943103e+00 1.539855072e+00 1.775059952e+00 
1.651924456e+00 1.562318841e+00 1.775299760e+00 
1.137222089e+00 1.560869565e+00 1.543884892e+00 
1.491513268e+00 1.565942029e+00 1.768585132e+00 
1.437006933e+00 1.517391304e+00 1.668824940e+00 
1.361702128e+00 1.612318841e+00 1.650119904e+00 
1.192206550e+00 1.320289855e+00 1.425419664e+00 
1.411427205e+00 1.584057971e+00 1.640287770e+00 
1.858474779e+00 1.726086957e+00 1.893525180e+00 
1.699737031e+00 1.613043478e+00 1.847721823e+00 
1.395649056e+00 1.407971014e+00 1.630215827e+00 
1.351183361e+00 1.621014493e+00 1.756594724e+00 
1.294525460e+00 1.443478261e+00 1.633812950e+00 
1.726512073e+00 1.643478261e+00 1.865227818e+00 
1.195314368e+00 1.397101449e+00 1.550359712e+00 
1.665311977e+00 1.300000000e+00 1.488249400e+00 
1.329667703e+00 1.310144928e+00 1.516546763e+00 
1.310542673e+00 1.242753623e+00 1.411990408e+00 
1.543868037e+00 1.354347826e+00 1.588009592e+00 
1.272053550e+00 1.581159420e+00 1.633812950e+00 
1.745637103e+00 1.773913043e+00 1.893525180e+00 
1.541955534e+00 1.456521739e+00 1.650119904e+00 
1.526655510e+00 1.456521739e+00 1.636690647e+00 
1.431030361e+00 1.398550725e+00 1.602877698e+00 
1.404255319e+00 1.210869565e+00 1.366187050e+00 
1.409753765e+00 1.612318841e+00 1.650359712e+00 
1.431030361e+00 1.279710145e+00 1.425419664e+00 
1.649055702e+00 1.788405797e+00 1.893525180e+00 
1.322017691e+00 1.290579710e+00 1.477937650e+00 
1.372699020e+00 1.396376812e+00 1.518465228e+00 
1.739899594e+00 1.529710145e+00 1.741247002e+00 
1.163279943e+00 1.222463768e+00 1.359712230e+00 
1.381066220e+00 1.683333333e+00 1.758752998e+00 
1.425292852e+00 1.307971014e+00 1.481534772e+00 
1.406167822e+00 1.197101449e+00 1.363309353e+00 
1.429117858e+00 1.317391304e+00 1.534052758e+00 
1.000000000e+00 1.163768116e+00 1.000000000e+00 
1.293330146e+00 1.277536232e+00 1.415587530e+00 
1.379392780e+00 1.436231884e+00 1.584412470e+00 
1.069806359e+00 1.206521739e+00 1.290647482e+00 
1.244561320e+00 1.121739130e+00 1.259712230e+00 
1.310542673e+00 1.312318841e+00 1.495443645e+00 
1.290939517e+00 1.394927536e+00 1.515347722e+00 
1.069806359e+00 1.202898551e+00 1.256834532e+00 
1.288548888e+00 1.357246377e+00 1.501918465e+00 
1.069806359e+00 1.228985507e+00 1.409112710e+00 
1.000000000e+00 1.212318841e+00 1.270743405e+00 
1.890031078e+00 1.645652174e+00 1.875059952e+00 
1.263686350e+00 1.359420290e+00 1.465947242e+00 
1.381305283e+00 1.418840580e+00 1.622781775e+00 
1.293330146e+00 1.221739130e+00 1.349640288e+00 
1.000000000e+00 1.189855072e+00 1.152278177e+00 
1.184317475e+00 1.168115942e+00 1.343165468e+00 
1.000000000e+00 1.186231884e+00 1.118465228e+00 
1.018885967e+00 1.000000000e+00 1.000000000e+00 
1.098254841e+00 1.119565217e+00 1.224700240e+00 
1.141286158e+00 1.139855072e+00 1.287050360e+00 
1.018885967e+00 1.026086957e+00 1.152278177e+00 
1.424336601e+00 1.111594203e+00 1.231414868e+00 
1.183361224e+00 1.123188406e+00 1.224940048e+00 
1.188142481e+00 1.128985507e+00 1.277218225e+00 

1.447525699e+00 1.836956522e+00 1.775299760e+00 
1.543868037e+00 1.354347826e+00 1.588009592e+00 
1.279942625e+00 1.296376812e+00 1.498081535e+00 
1.329667703e+00 1.310144928e+00 1.516546763e+00 
1.804924695e+00 1.527536232e+00 1.729256595e+00 
1.498924217e+00 1.389855072e+00 1.602877698e+00 
1.863256036e+00 1.740579710e+00 1.893525180e+00 
1.520918001e+00 1.534057971e+00 1.768585132e+00 
1.195314368e+00 1.397101449e+00 1.550359712e+00 
1.456371026e+00 1.634782609e+00 1.756594724e+00 
1.585943103e+00 1.459420290e+00 1.668824940e+00 
1.612479082e+00 1.920289855e+00 1.893525180e+00 
1.331580206e+00 1.405072464e+00 1.604316547e+00 
1.598135310e+00 1.873188406e+00 1.865227818e+00 
1.522830504e+00 1.345652174e+00 1.531894484e+00 
1.656944776e+00 1.636956522e+00 1.775059952e+00 
1.668180732e+00 1.685507246e+00 1.881534772e+00 
1.486732011e+00 1.752173913e+00 1.768585132e+00 
1.858474779e+00 1.596376812e+00 1.775299760e+00 
1.372220894e+00 1.588405797e+00 1.650119904e+00 
1.403538131e+00 1.661594203e+00 1.740287770e+00 
1.649055702e+00 1.788405797e+00 1.893525180e+00 
1.408319388e+00 1.534057971e+00 1.650119904e+00 
1.381066220e+00 1.683333333e+00 1.758752998e+00 
1.427205355e+00 1.630434783e+00 1.729256595e+00 
1.863256036e+00 1.649275362e+00 1.865227818e+00 
1.783887162e+00 1.605072464e+00 1.847721823e+00 
1.491274205e+00 1.368115942e+00 1.550359712e+00 
1.410949080e+00 1.471014493e+00 1.636690647e+00 
1.226631604e+00 1.371014493e+00 1.543884892e+00 
1.145589290e+00 1.383333333e+00 1.531894484e+00 
1.395649056e+00 1.407971014e+00 1.630215827e+00 
1.647143199e+00 1.642028986e+00 1.775059952e+00 
1.569686828e+00 1.659420290e+00 1.861630695e+00 
1.504661726e+00 1.510869565e+00 1.722781775e+00 
1.542911786e+00 1.451449275e+00 1.650119904e+00 
1.195314368e+00 1.370289855e+00 1.415587530e+00 
1.513267989e+00 1.678985507e+00 1.847721823e+00 
1.310542673e+00 1.242753623e+00 1.411990408e+00 
1.570643079e+00 1.449275362e+00 1.640527578e+00 
1.288548888e+00 1.357246377e+00 1.501918465e+00 
1.460196032e+00 1.497826087e+00 1.640287770e+00 
1.781974659e+00 1.448550725e+00 1.656834532e+00 
1.263686350e+00 1.359420290e+00 1.465947242e+00 
1.361702128e+00 1.612318841e+00 1.650119904e+00 
1.294525460e+00 1.443478261e+00 1.633812950e+00 
1.617499402e+00 1.436956522e+00 1.650359712e+00 
1.541955534e+00 1.456521739e+00 1.650119904e+00 
1.383217786e+00 1.473913043e+00 1.636930456e+00 
1.506574229e+00 1.386231884e+00 1.633812950e+00 
1.293330146e+00 1.277536232e+00 1.415587530e+00 
1.069806359e+00 1.202898551e+00 1.256834532e+00 
1.322017691e+00 1.290579710e+00 1.477937650e+00 
1.361941191e+00 1.775362319e+00 1.768585132e+00 
1.606741573e+00 1.929710145e+00 1.875059952e+00 
1.381305283e+00 1.418840580e+00 1.622781775e+00 
1.447525699e+00 1.670289855e+00 1.755155875e+00 
1.406167822e+00 1.197101449e+00 1.363309353e+00 
1.156108056e+00 1.374637681e+00 1.425419664e+00 
1.163279943e+00 1.222463768e+00 1.359712230e+00 
1.184317475e+00 1.168115942e+00 1.343165468e+00 
1.069806359e+00 1.228985507e+00 1.409112710e+00 
1.480755439e+00 1.426086957e+00 1.640287770e+00 
1.000000000e+00 1.186231884e+00 1.118465228e+00 
1.244561320e+00 1.121739130e+00 1.259712230e+00 
1.431030361e+00 1.279710145e+00 1.425419664e+00 
1.293330146e+00 1.221739130e+00 1.349640288e+00 
1.188142481e+00 1.128985507e+00 1.277218225e+00 
1.069806359e+00 1.206521739e+00 1.290647482e+00 
1.424336601e+00 1.111594203e+00 1.231414868e+00 
1.000000000e+00 1.212318841e+00 1.270743405e+00 
1.183361224e+00 1.123188406e+00 1.224940048e+00 
1.000000000e+00 1.163768116e+00 1.000000000e+00 
1.141286158e+00 1.139855072e+00 1.287050360e+00 
1.404255319e+00 1.210869565e+00 1.366187050e+00 
1.000000000e+00 1.189855072e+00 1.152278177e+00 
1.018885967e+00 1.000000000e+00 1.000000000e+00 
1.018885967e+00 1.026086957e+00 1.152278177e+00 
1.098254841e+00 1.119565217e+00 1.224700240e+00 

1.470236672e+00 1.489130435e+00 1.636930456e+00 
1.347119292e+00 1.540579710e+00 1.630215827e+00 
1.126703323e+00 1.544202899e+00 1.543884892e+00 
1.329667703e+00 1.310144928e+00 1.516546763e+00 
1.432942864e+00 1.426086957e+00 1.630215827e+00 
1.428161607e+00 1.444927536e+00 1.616306954e+00 
1.415730337e+00 1.391304348e+00 1.550359712e+00 
1.543868037e+00 1.354347826e+00 1.588009592e+00 
1.704518288e+00 1.739855072e+00 1.875059952e+00 
1.677265121e+00 1.750000000e+00 1.865227818e+00 
1.742768348e+00 1.731884058e+00 1.881534772e+00 
1.410949080e+00 1.471014493e+00 1.636690647e+00 
1.361702128e+00 1.571739130e+00 1.650119904e+00 
1.409036577e+00 1.515942029e+00 1.616306954e+00 
1.503944537e+00 1.531884058e+00 1.650359712e+00 
1.375806837e+00 1.571014493e+00 1.768585132e+00 
1.783887162e+00 1.605072464e+00 1.847721823e+00 
1.527133636e+00 1.868115942e+00 1.893525180e+00 
1.696868276e+00 1.507971014e+00 1.729256595e+00 
1.460196032e+00 1.497826087e+00 1.640287770e+00 
1.542911786e+00 1.451449275e+00 1.650119904e+00 
1.272053550e+00 1.581159420e+00 1.633812950e+00 
1.704757351e+00 1.731159420e+00 1.875059952e+00 
1.729380827e+00 1.685507246e+00 1.775299760e+00 
1.686349510e+00 1.702898551e+00 1.861630695e+00 
1.615586899e+00 1.439855072e+00 1.640287770e+00 
1.541955534e+00 1.456521739e+00 1.650119904e+00 
1.306000478e+00 1.554347826e+00 1.630215827e+00 
1.279942625e+00 1.296376812e+00 1.498081535e+00 
1.431030361e+00 1.398550725e+00 1.602877698e+00 
1.786755917e+00 1.679710145e+00 1.893525180e+00 
1.431030361e+00 1.279710145e+00 1.425419664e+00 
1.195314368e+00 1.397101449e+00 1.550359712e+00 
1.069806359e+00 1.202898551e+00 1.256834532e+00 
1.858474779e+00 1.668115942e+00 1.893525180e+00 
1.406167822e+00 1.197101449e+00 1.363309353e+00 
1.743724600e+00 1.722463768e+00 1.881534772e+00 
1.616065025e+00 1.794927536e+00 1.775299760e+00 
1.310542673e+00 1.242753623e+00 1.411990408e+00 
1.408319388e+00 1.534057971e+00 1.650119904e+00 
1.288548888e+00 1.357246377e+00 1.501918465e+00 
1.491274205e+00 1.368115942e+00 1.550359712e+00 
1.156108056e+00 1.374637681e+00 1.425419664e+00 
1.688501076e+00 1.863043478e+00 1.893525180e+00 
1.536218025e+00 1.628260870e+00 1.775059952e+00 
1.163279943e+00 1.222463768e+00 1.359712230e+00 
1.293330146e+00 1.277536232e+00 1.415587530e+00 
1.428639732e+00 1.517391304e+00 1.650119904e+00 
1.404255319e+00 1.210869565e+00 1.366187050e+00 
1.069806359e+00 1.228985507e+00 1.409112710e+00 
1.557255558e+00 1.487681159e+00 1.668824940e+00 
1.585943103e+00 1.459420290e+00 1.668824940e+00 
1.745637103e+00 1.773913043e+00 1.893525180e+00 
1.069806359e+00 1.206521739e+00 1.290647482e+00 
1.183361224e+00 1.123188406e+00 1.224940048e+00 
1.322017691e+00 1.290579710e+00 1.477937650e+00 
1.000000000e+00 1.212318841e+00 1.270743405e+00 
1.331580206e+00 1.405072464e+00 1.604316547e+00 
1.263686350e+00 1.359420290e+00 1.465947242e+00 
1.244561320e+00 1.121739130e+00 1.259712230e+00 
1.603155630e+00 1.539855072e+00 1.775059952e+00 
1.000000000e+00 1.189855072e+00 1.152278177e+00 
1.293330146e+00 1.221739130e+00 1.349640288e+00 
1.226631604e+00 1.371014493e+00 1.543884892e+00 
1.000000000e+00 1.163768116e+00 1.000000000e+00 
1.429117858e+00 1.317391304e+00 1.534052758e+00 
1.184317475e+00 1.168115942e+00 1.343165468e+00 
1.192206550e+00 1.320289855e+00 1.425419664e+00 
1.188142481e+00 1.128985507e+00 1.277218225e+00 
1.000000000e+00 1.186231884e+00 1.118465228e+00 
1.141286158e+00 1.139855072e+00 1.287050360e+00 
1.018885967e+00 1.000000000e+00 1.000000000e+00 
1.424336601e+00 1.111594203e+00 1.231414868e+00 
1.098254841e+00 1.119565217e+00 1.224700240e+00 
1.018885967e+00 1.026086957e+00 1.152278177e+00 

1.226631604e+00 1.371014493e+00 1.543884892e+00 
1.343533349e+00 1.634782609e+00 1.668824940e+00 
1.748505857e+00 1.448550725e+00 1.656834532e+00 
1.739899594e+00 1.529710145e+00 1.741247002e+00 
1.634950992e+00 1.830434783e+00 1.861630695e+00 
1.272053550e+00 1.581159420e+00 1.633812950e+00 
1.481950753e+00 1.602173913e+00 1.758752998e+00 
1.697346402e+00 1.714492754e+00 1.881534772e+00 
1.783887162e+00 1.605072464e+00 1.847721823e+00 
1.451350705e+00 1.704347826e+00 1.758752998e+00 
1.446330385e+00 1.579710145e+00 1.656834532e+00 
1.539325843e+00 1.584057971e+00 1.740287770e+00 
1.431030361e+00 1.398550725e+00 1.602877698e+00 
1.137222089e+00 1.538405797e+00 1.425419664e+00 
1.428878795e+00 1.723188406e+00 1.768585132e+00 
1.513267989e+00 1.678985507e+00 1.847721823e+00 
1.544824289e+00 1.642028986e+00 1.847721823e+00 
1.585943103e+00 1.539855072e+00 1.775059952e+00 
1.570643079e+00 1.449275362e+00 1.640527578e+00 
1.788668420e+00 1.674637681e+00 1.875059952e+00 
1.145589290e+00 1.357971014e+00 1.425419664e+00 
1.649294765e+00 1.715942029e+00 1.893525180e+00 
1.506574229e+00 1.386231884e+00 1.633812950e+00 
1.415730337e+00 1.391304348e+00 1.550359712e+00 
1.224719101e+00 1.560144928e+00 1.543884892e+00 
1.137222089e+00 1.560869565e+00 1.543884892e+00 
1.292612957e+00 1.473913043e+00 1.650359712e+00 
1.294525460e+00 1.443478261e+00 1.633812950e+00 
1.351183361e+00 1.621014493e+00 1.756594724e+00 
1.562036816e+00 1.577536232e+00 1.668824940e+00 
1.588811858e+00 1.359420290e+00 1.550359712e+00 
1.711212049e+00 1.505797101e+00 1.656834532e+00 
1.374611523e+00 1.405797101e+00 1.620383693e+00 
1.329667703e+00 1.310144928e+00 1.516546763e+00 
1.836480995e+00 1.699275362e+00 1.881534772e+00 
1.519244561e+00 1.657971014e+00 1.768585132e+00 
1.069806359e+00 1.228985507e+00 1.409112710e+00 
1.804924695e+00 1.527536232e+00 1.729256595e+00 
1.331580206e+00 1.405072464e+00 1.604316547e+00 
1.968443701e+00 1.676811594e+00 1.881534772e+00 
1.404255319e+00 1.210869565e+00 1.366187050e+00 
1.431030361e+00 1.279710145e+00 1.425419664e+00 
1.381305283e+00 1.418840580e+00 1.622781775e+00 
1.288548888e+00 1.357246377e+00 1.501918465e+00 
1.653836959e+00 1.531884058e+00 1.758752998e+00 
1.069806359e+00 1.206521739e+00 1.290647482e+00 
1.163279943e+00 1.222463768e+00 1.359712230e+00 
1.432942864e+00 1.426086957e+00 1.630215827e+00 
1.406167822e+00 1.197101449e+00 1.363309353e+00 
1.480755439e+00 1.426086957e+00 1.640287770e+00 
1.279942625e+00 1.296376812e+00 1.498081535e+00 
1.778149653e+00 1.524637681e+00 1.709352518e+00 
1.322017691e+00 1.290579710e+00 1.477937650e+00 
1.623475974e+00 1.897101449e+00 1.861630695e+00 
1.000000000e+00 1.212318841e+00 1.270743405e+00 
1.263686350e+00 1.359420290e+00 1.465947242e+00 
1.184317475e+00 1.168115942e+00 1.343165468e+00 
1.244561320e+00 1.121739130e+00 1.259712230e+00 
1.361702128e+00 1.597101449e+00 1.756594724e+00 
1.310542673e+00 1.242753623e+00 1.411990408e+00 
1.141286158e+00 1.139855072e+00 1.287050360e+00 
1.649055702e+00 1.788405797e+00 1.893525180e+00 
1.000000000e+00 1.163768116e+00 1.000000000e+00 
1.000000000e+00 1.189855072e+00 1.152278177e+00 
1.293330146e+00 1.277536232e+00 1.415587530e+00 
1.000000000e+00 1.186231884e+00 1.118465228e+00 
1.429117858e+00 1.317391304e+00 1.534052758e+00 
1.183361224e+00 1.123188406e+00 1.224940048e+00 
1.069806359e+00 1.202898551e+00 1.256834532e+00 
1.293330146e+00 1.221739130e+00 1.349640288e+00 
1.098254841e+00 1.119565217e+00 1.224700240e+00 
1.018885967e+00 1.000000000e+00 1.000000000e+00 
1.188142481e+00 1.128985507e+00 1.277218225e+00 
1.145589290e+00 1.383333333e+00 1.531894484e+00 
1.424336601e+00 1.111594203e+00 1.231414868e+00 
1.018885967e+00 1.026086957e+00 1.152278177e+00 

1.145589290e+00 1.383333333e+00 1.531894484e+00 
1.704518288e+00 1.739855072e+00 1.875059952e+00 
1.491274205e+00 1.368115942e+00 1.550359712e+00 
1.379392780e+00 1.436231884e+00 1.584412470e+00 
1.214200335e+00 1.543478261e+00 1.543884892e+00 
1.126703323e+00 1.547101449e+00 1.531894484e+00 
1.314606742e+00 1.403623188e+00 1.534052758e+00 
1.395649056e+00 1.407971014e+00 1.630215827e+00 
1.417403777e+00 1.818115942e+00 1.768585132e+00 
1.504661726e+00 1.510869565e+00 1.722781775e+00 
1.513267989e+00 1.678985507e+00 1.847721823e+00 
1.410949080e+00 1.471014493e+00 1.636690647e+00 
1.314845804e+00 1.486231884e+00 1.656834532e+00 
1.544824289e+00 1.642028986e+00 1.847721823e+00 
1.570643079e+00 1.449275362e+00 1.640527578e+00 
1.470475735e+00 1.668840580e+00 1.758752998e+00 
1.437006933e+00 1.517391304e+00 1.668824940e+00 
1.192206550e+00 1.320289855e+00 1.425419664e+00 
1.520918001e+00 1.534057971e+00 1.768585132e+00 
1.738226153e+00 1.754347826e+00 1.893525180e+00 
1.705474540e+00 1.628985507e+00 1.881534772e+00 
1.126703323e+00 1.542753623e+00 1.515587530e+00 
1.686349510e+00 1.702898551e+00 1.861630695e+00 
1.701649534e+00 1.780434783e+00 1.881534772e+00 
1.737987091e+00 1.553623188e+00 1.775059952e+00 
1.279942625e+00 1.296376812e+00 1.498081535e+00 
1.329667703e+00 1.310144928e+00 1.516546763e+00 
1.610805642e+00 1.388405797e+00 1.574580336e+00 
1.392541238e+00 1.770289855e+00 1.758752998e+00 
1.292612957e+00 1.448550725e+00 1.543884892e+00 
1.431030361e+00 1.398550725e+00 1.602877698e+00 
1.404255319e+00 1.210869565e+00 1.366187050e+00 
1.456371026e+00 1.634782609e+00 1.756594724e+00 
1.263686350e+00 1.359420290e+00 1.465947242e+00 
1.069806359e+00 1.228985507e+00 1.409112710e+00 
1.507530481e+00 1.473913043e+00 1.650359712e+00 
1.263925412e+00 1.582608696e+00 1.668824940e+00 
1.282094191e+00 1.480434783e+00 1.543884892e+00 
1.322017691e+00 1.290579710e+00 1.477937650e+00 
1.163279943e+00 1.222463768e+00 1.359712230e+00 
1.156108056e+00 1.374637681e+00 1.425419664e+00 
1.294525460e+00 1.443478261e+00 1.633812950e+00 
1.597896247e+00 1.620289855e+00 1.775059952e+00 
1.472866364e+00 1.757971014e+00 1.775299760e+00 
1.793449677e+00 1.739130435e+00 1.893525180e+00 
1.541955534e+00 1.456521739e+00 1.650119904e+00 
1.447525699e+00 1.670289855e+00 1.755155875e+00 
1.184317475e+00 1.168115942e+00 1.343165468e+00 
1.310542673e+00 1.242753623e+00 1.411990408e+00 
1.424336601e+00 1.111594203e+00 1.231414868e+00 
1.530958642e+00 1.783333333e+00 1.875059952e+00 
1.000000000e+00 1.189855072e+00 1.152278177e+00 
1.000000000e+00 1.212318841e+00 1.270743405e+00 
1.406167822e+00 1.197101449e+00 1.363309353e+00 
1.715037055e+00 1.614492754e+00 1.775059952e+00 
1.293330146e+00 1.277536232e+00 1.415587530e+00 
1.069806359e+00 1.206521739e+00 1.290647482e+00 
1.431030361e+00 1.279710145e+00 1.425419664e+00 
1.141286158e+00 1.139855072e+00 1.287050360e+00 
1.288548888e+00 1.357246377e+00 1.501918465e+00 
1.649055702e+00 1.788405797e+00 1.893525180e+00 
1.244561320e+00 1.121739130e+00 1.259712230e+00 
1.480755439e+00 1.426086957e+00 1.640287770e+00 
1.000000000e+00 1.163768116e+00 1.000000000e+00 
1.000000000e+00 1.186231884e+00 1.118465228e+00 
1.429117858e+00 1.317391304e+00 1.534052758e+00 
1.183361224e+00 1.123188406e+00 1.224940048e+00 
1.188142481e+00 1.128985507e+00 1.277218225e+00 
1.018885967e+00 1.026086957e+00 1.152278177e+00 
1.069806359e+00 1.202898551e+00 1.256834532e+00 
1.293330146e+00 1.221739130e+00 1.349640288e+00 
1.018885967e+00 1.000000000e+00 1.000000000e+00 
1.098254841e+00 1.119565217e+00 1.224700240e+00 

1.559168061e+00 1.596376812e+00 1.743165468e+00 
1.331580206e+00 1.405072464e+00 1.604316547e+00 
1.537652403e+00 1.619565217e+00 1.775059952e+00 
1.668180732e+00 1.685507246e+00 1.881534772e+00 
1.537891465e+00 1.825362319e+00 1.893525180e+00 
1.748505857e+00 1.448550725e+00 1.656834532e+00 
1.343533349e+00 1.634782609e+00 1.668824940e+00 
1.137222089e+00 1.538405797e+00 1.425419664e+00 
1.272053550e+00 1.581159420e+00 1.633812950e+00 
1.399952187e+00 1.651449275e+00 1.875059952e+00 
1.137222089e+00 1.560869565e+00 1.543884892e+00 
1.662443223e+00 1.793478261e+00 1.881534772e+00 
1.431030361e+00 1.398550725e+00 1.602877698e+00 
1.427205355e+00 1.630434783e+00 1.729256595e+00 
1.410949080e+00 1.471014493e+00 1.636690647e+00 
1.544824289e+00 1.642028986e+00 1.847721823e+00 
1.651924456e+00 1.562318841e+00 1.775299760e+00 
1.481950753e+00 1.602173913e+00 1.758752998e+00 
1.429117858e+00 1.317391304e+00 1.534052758e+00 
1.696868276e+00 1.507971014e+00 1.729256595e+00 
1.126703323e+00 1.542753623e+00 1.515587530e+00 
1.192206550e+00 1.342753623e+00 1.543884892e+00 
1.329667703e+00 1.310144928e+00 1.516546763e+00 
1.292612957e+00 1.473913043e+00 1.650359712e+00 
1.480755439e+00 1.426086957e+00 1.640287770e+00 
1.417642840e+00 1.453623188e+00 1.722781775e+00 
1.381305283e+00 1.418840580e+00 1.622781775e+00 
1.786755917e+00 1.679710145e+00 1.893525180e+00 
1.069806359e+00 1.228985507e+00 1.409112710e+00 
1.374611523e+00 1.405797101e+00 1.620383693e+00 
1.294525460e+00 1.443478261e+00 1.633812950e+00 
1.395649056e+00 1.407971014e+00 1.630215827e+00 
1.665311977e+00 1.300000000e+00 1.488249400e+00 
1.310542673e+00 1.242753623e+00 1.411990408e+00 
1.543868037e+00 1.354347826e+00 1.588009592e+00 
1.156108056e+00 1.374637681e+00 1.425419664e+00 
1.293330146e+00 1.277536232e+00 1.415587530e+00 
1.404255319e+00 1.210869565e+00 1.366187050e+00 
1.431030361e+00 1.279710145e+00 1.425419664e+00 
1.310542673e+00 1.312318841e+00 1.495443645e+00 
1.425292852e+00 1.307971014e+00 1.481534772e+00 
1.506574229e+00 1.386231884e+00 1.633812950e+00 
1.069806359e+00 1.202898551e+00 1.256834532e+00 
1.163279943e+00 1.222463768e+00 1.359712230e+00 
1.069806359e+00 1.206521739e+00 1.290647482e+00 
1.406167822e+00 1.197101449e+00 1.363309353e+00 
1.322017691e+00 1.290579710e+00 1.477937650e+00 
1.603155630e+00 1.539855072e+00 1.775059952e+00 
1.424336601e+00 1.111594203e+00 1.231414868e+00 
1.141286158e+00 1.139855072e+00 1.287050360e+00 
1.184317475e+00 1.168115942e+00 1.343165468e+00 
1.000000000e+00 1.189855072e+00 1.152278177e+00 
1.188142481e+00 1.128985507e+00 1.277218225e+00 
1.000000000e+00 1.163768116e+00 1.000000000e+00 
1.183361224e+00 1.123188406e+00 1.224940048e+00 
1.000000000e+00 1.212318841e+00 1.270743405e+00 
1.018885967e+00 1.026086957e+00 1.152278177e+00 
1.293330146e+00 1.221739130e+00 1.349640288e+00 
1.000000000e+00 1.186231884e+00 1.118465228e+00 
1.098254841e+00 1.119565217e+00 1.224700240e+00 
1.018885967e+00 1.000000000e+00 1.000000000e+00 
1.244561320e+00 1.121739130e+00 1.259712230e+00 

1.479799187e+00 1.505797101e+00 1.640287770e+00 
1.679177624e+00 1.728260870e+00 1.881534772e+00 
1.410949080e+00 1.471014493e+00 1.636690647e+00 
1.543868037e+00 1.354347826e+00 1.588009592e+00 
1.415730337e+00 1.391304348e+00 1.550359712e+00 
1.557255558e+00 1.487681159e+00 1.668824940e+00 
1.716949558e+00 1.539855072e+00 1.756594724e+00 
1.506574229e+00 1.386231884e+00 1.633812950e+00 
1.825962228e+00 1.513768116e+00 1.712949640e+00 
1.329667703e+00 1.310144928e+00 1.516546763e+00 
1.711212049e+00 1.559420290e+00 1.775059952e+00 
1.748505857e+00 1.448550725e+00 1.656834532e+00 
1.480755439e+00 1.426086957e+00 1.640287770e+00 
1.372699020e+00 1.396376812e+00 1.518465228e+00 
1.649055702e+00 1.788405797e+00 1.893525180e+00 
1.542911786e+00 1.451449275e+00 1.650119904e+00 
1.739899594e+00 1.529710145e+00 1.741247002e+00 
1.399952187e+00 1.651449275e+00 1.875059952e+00 
1.137222089e+00 1.560869565e+00 1.543884892e+00 
1.491274205e+00 1.368115942e+00 1.550359712e+00 
1.176428401e+00 1.583333333e+00 1.668824940e+00 
1.408319388e+00 1.556521739e+00 1.768585132e+00 
1.612718145e+00 1.633333333e+00 1.847721823e+00 
1.395649056e+00 1.407971014e+00 1.630215827e+00 
1.783887162e+00 1.605072464e+00 1.847721823e+00 
1.279942625e+00 1.296376812e+00 1.498081535e+00 
1.226631604e+00 1.348550725e+00 1.425419664e+00 
1.625388477e+00 2.000000000e+00 1.893525180e+00 
1.351183361e+00 1.621014493e+00 1.756594724e+00 
1.478364810e+00 1.822463768e+00 1.881534772e+00 
1.195314368e+00 1.397101449e+00 1.550359712e+00 
1.522830504e+00 1.345652174e+00 1.531894484e+00 
1.406167822e+00 1.197101449e+00 1.363309353e+00 
1.293330146e+00 1.277536232e+00 1.415587530e+00 
1.830743486e+00 1.642753623e+00 1.875059952e+00 
1.294525460e+00 1.443478261e+00 1.633812950e+00 
1.163279943e+00 1.222463768e+00 1.359712230e+00 
1.498924217e+00 1.389855072e+00 1.602877698e+00 
1.137222089e+00 1.538405797e+00 1.425419664e+00 
1.428639732e+00 1.517391304e+00 1.650119904e+00 
1.349748984e+00 1.407971014e+00 1.584412470e+00 
1.322017691e+00 1.290579710e+00 1.477937650e+00 
1.069806359e+00 1.206521739e+00 1.290647482e+00 
1.375806837e+00 1.548550725e+00 1.650119904e+00 
1.310542673e+00 1.242753623e+00 1.411990408e+00 
1.431030361e+00 1.398550725e+00 1.602877698e+00 
1.293330146e+00 1.221739130e+00 1.349640288e+00 
1.381305283e+00 1.418840580e+00 1.622781775e+00 
1.431030361e+00 1.279710145e+00 1.425419664e+00 
1.290939517e+00 1.394927536e+00 1.515347722e+00 
1.184317475e+00 1.168115942e+00 1.343165468e+00 
1.145589290e+00 1.357971014e+00 1.425419664e+00 
1.000000000e+00 1.212318841e+00 1.270743405e+00 
1.141286158e+00 1.139855072e+00 1.287050360e+00 
1.183361224e+00 1.123188406e+00 1.224940048e+00 
1.000000000e+00 1.189855072e+00 1.152278177e+00 
1.288548888e+00 1.357246377e+00 1.501918465e+00 
1.263686350e+00 1.359420290e+00 1.465947242e+00 
1.786755917e+00 1.679710145e+00 1.893525180e+00 
1.098254841e+00 1.119565217e+00 1.224700240e+00 
1.244561320e+00 1.121739130e+00 1.259712230e+00 
1.404255319e+00 1.210869565e+00 1.366187050e+00 
1.000000000e+00 1.163768116e+00 1.000000000e+00 
1.188142481e+00 1.128985507e+00 1.277218225e+00 
1.424336601e+00 1.111594203e+00 1.231414868e+00 
1.018885967e+00 1.000000000e+00 1.000000000e+00 
1.069806359e+00 1.202898551e+00 1.256834532e+00 
1.000000000e+00 1.186231884e+00 1.118465228e+00 
1.069806359e+00 1.228985507e+00 1.409112710e+00 
1.018885967e+00 1.026086957e+00 1.152278177e+00 

1.466411666e+00 1.484057971e+00 1.636690647e+00 
1.734162085e+00 1.604347826e+00 1.775059952e+00 
1.526655510e+00 1.456521739e+00 1.636690647e+00 
1.697346402e+00 1.714492754e+00 1.881534772e+00 
1.507530481e+00 1.473913043e+00 1.650359712e+00 
1.543868037e+00 1.354347826e+00 1.588009592e+00 
1.534305522e+00 1.574637681e+00 1.726858513e+00 
1.294525460e+00 1.443478261e+00 1.633812950e+00 
1.483624193e+00 1.610869565e+00 1.743165468e+00 
1.709299546e+00 1.560144928e+00 1.743165468e+00 
1.666268229e+00 1.603623188e+00 1.768585132e+00 
1.331580206e+00 1.405072464e+00 1.604316547e+00 
1.192206550e+00 1.320289855e+00 1.425419664e+00 
1.395649056e+00 1.407971014e+00 1.630215827e+00 
1.579727468e+00 1.581159420e+00 1.740287770e+00 
1.137222089e+00 1.560869565e+00 1.543884892e+00 
1.699737031e+00 1.613043478e+00 1.847721823e+00 
1.696868276e+00 1.507971014e+00 1.729256595e+00 
1.263925412e+00 1.582608696e+00 1.668824940e+00 
1.351183361e+00 1.621014493e+00 1.756594724e+00 
1.563949319e+00 1.539130435e+00 1.722781775e+00 
1.759024623e+00 1.645652174e+00 1.893525180e+00 
1.381305283e+00 1.418840580e+00 1.622781775e+00 
1.431030361e+00 1.398550725e+00 1.602877698e+00 
1.597896247e+00 1.620289855e+00 1.775059952e+00 
1.716949558e+00 1.539855072e+00 1.756594724e+00 
1.695912025e+00 1.566666667e+00 1.726858513e+00 
1.637819747e+00 1.805072464e+00 1.893525180e+00 
1.460196032e+00 1.497826087e+00 1.640287770e+00 
1.771455893e+00 1.582608696e+00 1.775059952e+00 
1.428639732e+00 1.517391304e+00 1.650119904e+00 
1.145589290e+00 1.357971014e+00 1.425419664e+00 
1.439875687e+00 1.560144928e+00 1.668824940e+00 
1.708343294e+00 1.594202899e+00 1.768585132e+00 
1.145589290e+00 1.383333333e+00 1.531894484e+00 
1.374611523e+00 1.405797101e+00 1.620383693e+00 
1.137222089e+00 1.538405797e+00 1.425419664e+00 
1.612479082e+00 1.920289855e+00 1.893525180e+00 
1.559168061e+00 1.582608696e+00 1.756594724e+00 
1.429117858e+00 1.317391304e+00 1.534052758e+00 
1.279942625e+00 1.296376812e+00 1.498081535e+00 
1.282094191e+00 1.480434783e+00 1.543884892e+00 
1.544824289e+00 1.613768116e+00 1.755155875e+00 
1.541955534e+00 1.456521739e+00 1.650119904e+00 
1.406167822e+00 1.197101449e+00 1.363309353e+00 
1.431030361e+00 1.279710145e+00 1.425419664e+00 
1.458761654e+00 1.593478261e+00 1.729256595e+00 
1.069806359e+00 1.228985507e+00 1.409112710e+00 
1.163279943e+00 1.222463768e+00 1.359712230e+00 
1.775280899e+00 1.581884058e+00 1.775059952e+00 
1.542911786e+00 1.451449275e+00 1.650119904e+00 
1.649055702e+00 1.788405797e+00 1.893525180e+00 
1.607936887e+00 1.583333333e+00 1.758752998e+00 
1.310542673e+00 1.242753623e+00 1.411990408e+00 
1.322017691e+00 1.290579710e+00 1.477937650e+00 
1.498924217e+00 1.389855072e+00 1.602877698e+00 
1.069806359e+00 1.202898551e+00 1.256834532e+00 
1.455892900e+00 1.493478261e+00 1.636690647e+00 
1.329667703e+00 1.310144928e+00 1.516546763e+00 
1.288548888e+00 1.357246377e+00 1.501918465e+00 
1.399952187e+00 1.651449275e+00 1.875059952e+00 
1.263686350e+00 1.359420290e+00 1.465947242e+00 
1.631843175e+00 1.605072464e+00 1.775059952e+00 
1.183361224e+00 1.123188406e+00 1.224940048e+00 
1.214200335e+00 1.543478261e+00 1.543884892e+00 
1.293330146e+00 1.277536232e+00 1.415587530e+00 
1.188142481e+00 1.128985507e+00 1.277218225e+00 
1.141286158e+00 1.139855072e+00 1.287050360e+00 
1.503944537e+00 1.531884058e+00 1.650359712e+00 
1.069806359e+00 1.206521739e+00 1.290647482e+00 
1.404255319e+00 1.210869565e+00 1.366187050e+00 
1.000000000e+00 1.189855072e+00 1.152278177e+00 
1.424336601e+00 1.111594203e+00 1.231414868e+00 
1.244561320e+00 1.121739130e+00 1.259712230e+00 
1.000000000e+00 1.186231884e+00 1.118465228e+00 
1.018885967e+00 1.000000000e+00 1.000000000e+00 
1.018885967e+00 1.026086957e+00 1.152278177e+00 
1.000000000e+00 1.163768116e+00 1.000000000e+00 
1.098254841e+00 1.119565217e+00 1.224700240e+00 
1.293330146e+00 1.221739130e+00 1.349640288e+00 
1.000000000e+00 1.212318841e+00 1.270743405e+00 
1.184317475e+00 1.168115942e+00 1.343165468e+00 

1.563949319e+00 1.539130435e+00 1.722781775e+00 
1.399952187e+00 1.497101449e+00 1.640287770e+00 
1.381066220e+00 1.683333333e+00 1.758752998e+00 
1.716949558e+00 1.539855072e+00 1.756594724e+00 
1.597896247e+00 1.620289855e+00 1.775059952e+00 
1.279942625e+00 1.296376812e+00 1.498081535e+00 
1.507530481e+00 1.473913043e+00 1.650359712e+00 
1.607936887e+00 1.597101449e+00 1.756594724e+00 
1.557255558e+00 1.487681159e+00 1.668824940e+00 
1.308152044e+00 1.588405797e+00 1.668824940e+00 
1.793449677e+00 1.739130435e+00 1.893525180e+00 
1.480755439e+00 1.426086957e+00 1.640287770e+00 
1.192206550e+00 1.342753623e+00 1.543884892e+00 
1.192206550e+00 1.320289855e+00 1.425419664e+00 
1.775280899e+00 1.581884058e+00 1.775059952e+00 
1.649055702e+00 1.788405797e+00 1.893525180e+00 
1.551518049e+00 1.656521739e+00 1.881534772e+00 
1.455892900e+00 1.493478261e+00 1.636690647e+00 
1.663399474e+00 1.595652174e+00 1.741247002e+00 
1.399952187e+00 1.651449275e+00 1.875059952e+00 
1.631843175e+00 1.605072464e+00 1.775059952e+00 
1.734162085e+00 1.604347826e+00 1.775059952e+00 
1.590724361e+00 1.487681159e+00 1.709352518e+00 
1.395649056e+00 1.407971014e+00 1.630215827e+00 
1.481950753e+00 1.602173913e+00 1.758752998e+00 
1.431030361e+00 1.398550725e+00 1.602877698e+00 
1.543868037e+00 1.354347826e+00 1.588009592e+00 
1.506574229e+00 1.386231884e+00 1.633812950e+00 
1.801099689e+00 1.710869565e+00 1.893525180e+00 
1.572555582e+00 1.589855072e+00 1.726858513e+00 
1.351183361e+00 1.621014493e+00 1.756594724e+00 
1.294525460e+00 1.443478261e+00 1.633812950e+00 
1.703562037e+00 1.496376812e+00 1.722781775e+00 
1.613674396e+00 1.600000000e+00 1.768585132e+00 
1.709299546e+00 1.560144928e+00 1.743165468e+00 
1.156108056e+00 1.374637681e+00 1.425419664e+00 
1.069806359e+00 1.206521739e+00 1.290647482e+00 
1.329667703e+00 1.310144928e+00 1.516546763e+00 
1.137222089e+00 1.560869565e+00 1.543884892e+00 
1.195314368e+00 1.397101449e+00 1.550359712e+00 
1.431030361e+00 1.279710145e+00 1.425419664e+00 
1.466411666e+00 1.484057971e+00 1.636690647e+00 
1.163279943e+00 1.222463768e+00 1.359712230e+00 
1.176428401e+00 1.560869565e+00 1.550359712e+00 
1.705474540e+00 1.628985507e+00 1.881534772e+00 
1.069806359e+00 1.228985507e+00 1.409112710e+00 
1.069806359e+00 1.202898551e+00 1.256834532e+00 
1.322017691e+00 1.290579710e+00 1.477937650e+00 
1.331580206e+00 1.405072464e+00 1.604316547e+00 
1.184317475e+00 1.168115942e+00 1.343165468e+00 
1.141286158e+00 1.139855072e+00 1.287050360e+00 
1.429117858e+00 1.317391304e+00 1.534052758e+00 
1.244561320e+00 1.121739130e+00 1.259712230e+00 
1.310542673e+00 1.242753623e+00 1.411990408e+00 
1.000000000e+00 1.186231884e+00 1.118465228e+00 
1.381305283e+00 1.418840580e+00 1.622781775e+00 
1.000000000e+00 1.212318841e+00 1.270743405e+00 
1.183361224e+00 1.123188406e+00 1.224940048e+00 
1.000000000e+00 1.189855072e+00 1.152278177e+00 
1.406167822e+00 1.197101449e+00 1.363309353e+00 
1.000000000e+00 1.163768116e+00 1.000000000e+00 
1.404255319e+00 1.210869565e+00 1.366187050e+00 
1.293330146e+00 1.277536232e+00 1.415587530e+00 
1.293330146e+00 1.221739130e+00 1.349640288e+00 
1.188142481e+00 1.128985507e+00 1.277218225e+00 
1.424336601e+00 1.111594203e+00 1.231414868e+00 
1.689218264e+00 1.562318841e+00 1.741247002e+00 
1.018885967e+00 1.026086957e+00 1.152278177e+00 
1.018885967e+00 1.000000000e+00 1.000000000e+00 
1.098254841e+00 1.119565217e+00 1.224700240e+00 

1.145589290e+00 1.383333333e+00 1.531894484e+00 
1.623475974e+00 1.757246377e+00 1.865227818e+00 
1.745637103e+00 1.773913043e+00 1.893525180e+00 
1.294525460e+00 1.443478261e+00 1.633812950e+00 
1.793449677e+00 1.739130435e+00 1.893525180e+00 
1.532393019e+00 1.671739130e+00 1.775299760e+00 
1.137222089e+00 1.560869565e+00 1.543884892e+00 
1.361702128e+00 1.597101449e+00 1.756594724e+00 
1.349748984e+00 1.407971014e+00 1.584412470e+00 
1.481233564e+00 1.718840580e+00 1.775059952e+00 
1.708343294e+00 1.649275362e+00 1.775299760e+00 
1.126703323e+00 1.547101449e+00 1.531894484e+00 
1.491274205e+00 1.368115942e+00 1.550359712e+00 
1.176428401e+00 1.583333333e+00 1.668824940e+00 
1.697346402e+00 1.714492754e+00 1.881534772e+00 
1.429117858e+00 1.317391304e+00 1.534052758e+00 
1.585943103e+00 1.459420290e+00 1.668824940e+00 
1.801099689e+00 1.710869565e+00 1.893525180e+00 
1.534305522e+00 1.560869565e+00 1.726858513e+00 
1.543868037e+00 1.354347826e+00 1.588009592e+00 
1.428639732e+00 1.517391304e+00 1.650119904e+00 
1.542911786e+00 1.451449275e+00 1.650119904e+00 
1.410949080e+00 1.471014493e+00 1.636690647e+00 
1.585943103e+00 1.539855072e+00 1.775059952e+00 
1.788668420e+00 1.674637681e+00 1.875059952e+00 
1.499163280e+00 1.579710145e+00 1.768585132e+00 
1.192206550e+00 1.320289855e+00 1.425419664e+00 
1.692087019e+00 1.448550725e+00 1.656834532e+00 
1.619650968e+00 1.914492754e+00 1.875059952e+00 
1.195314368e+00 1.397101449e+00 1.550359712e+00 
1.881424815e+00 1.632608696e+00 1.847721823e+00 
1.263686350e+00 1.359420290e+00 1.465947242e+00 
1.480755439e+00 1.426086957e+00 1.640287770e+00 
1.686349510e+00 1.702898551e+00 1.861630695e+00 
1.803012192e+00 1.699275362e+00 1.881534772e+00 
1.351183361e+00 1.621014493e+00 1.756594724e+00 
1.486971073e+00 1.661594203e+00 1.768585132e+00 
1.714558929e+00 1.868115942e+00 1.893525180e+00 
1.126703323e+00 1.569565217e+00 1.650359712e+00 
1.329667703e+00 1.310144928e+00 1.516546763e+00 
1.726512073e+00 1.643478261e+00 1.865227818e+00 
1.404255319e+00 1.210869565e+00 1.366187050e+00 
1.279942625e+00 1.296376812e+00 1.498081535e+00 
1.310542673e+00 1.242753623e+00 1.411990408e+00 
1.293330146e+00 1.277536232e+00 1.415587530e+00 
1.069806359e+00 1.202898551e+00 1.256834532e+00 
1.322017691e+00 1.290579710e+00 1.477937650e+00 
1.288548888e+00 1.357246377e+00 1.501918465e+00 
1.406167822e+00 1.197101449e+00 1.363309353e+00 
1.163279943e+00 1.222463768e+00 1.359712230e+00 
1.852737270e+00 1.662318841e+00 1.881534772e+00 
1.506574229e+00 1.386231884e+00 1.633812950e+00 
1.431030361e+00 1.279710145e+00 1.425419664e+00 
1.456610088e+00 1.878985507e+00 1.758752998e+00 
1.293330146e+00 1.221739130e+00 1.349640288e+00 
1.431030361e+00 1.398550725e+00 1.602877698e+00 
1.069806359e+00 1.228985507e+00 1.409112710e+00 
1.069806359e+00 1.206521739e+00 1.290647482e+00 
1.156108056e+00 1.374637681e+00 1.425419664e+00 
1.000000000e+00 1.186231884e+00 1.118465228e+00 
1.183361224e+00 1.123188406e+00 1.224940048e+00 
1.424336601e+00 1.111594203e+00 1.231414868e+00 
1.000000000e+00 1.212318841e+00 1.270743405e+00 
1.566818073e+00 1.474637681e+00 1.758752998e+00 
1.000000000e+00 1.163768116e+00 1.000000000e+00 
1.141286158e+00 1.139855072e+00 1.287050360e+00 
1.188142481e+00 1.128985507e+00 1.277218225e+00 
1.466411666e+00 1.436231884e+00 1.616306954e+00 
1.244561320e+00 1.121739130e+00 1.259712230e+00 
1.000000000e+00 1.189855072e+00 1.152278177e+00 
1.184317475e+00 1.168115942e+00 1.343165468e+00 
1.098254841e+00 1.119565217e+00 1.224700240e+00 
1.018885967e+00 1.000000000e+00 1.000000000e+00 
1.018885967e+00 1.026086957e+00 1.152278177e+00 

1.563949319e+00 1.539130435e+00 1.722781775e+00 
1.498924217e+00 1.389855072e+00 1.602877698e+00 
1.551518049e+00 1.530434783e+00 1.668824940e+00 
1.890031078e+00 1.514492754e+00 1.712949640e+00 
1.395649056e+00 1.407971014e+00 1.630215827e+00 
1.353334927e+00 1.774637681e+00 1.768585132e+00 
1.192206550e+00 1.342753623e+00 1.543884892e+00 
1.605068133e+00 1.640579710e+00 1.847721823e+00 
1.804924695e+00 1.527536232e+00 1.729256595e+00 
1.526655510e+00 1.456521739e+00 1.636690647e+00 
1.585943103e+00 1.459420290e+00 1.668824940e+00 
1.745637103e+00 1.773913043e+00 1.893525180e+00 
1.507530481e+00 1.473913043e+00 1.650359712e+00 
1.506574229e+00 1.386231884e+00 1.633812950e+00 
1.331580206e+00 1.405072464e+00 1.604316547e+00 
1.658618217e+00 1.478985507e+00 1.709352518e+00 
1.711212049e+00 1.559420290e+00 1.775059952e+00 
1.615586899e+00 1.439855072e+00 1.640287770e+00 
1.263925412e+00 1.582608696e+00 1.668824940e+00 
1.399952187e+00 1.651449275e+00 1.875059952e+00 
1.491274205e+00 1.368115942e+00 1.550359712e+00 
1.697346402e+00 1.714492754e+00 1.881534772e+00 
1.279942625e+00 1.296376812e+00 1.498081535e+00 
1.588811858e+00 1.359420290e+00 1.550359712e+00 
1.801099689e+00 1.710869565e+00 1.893525180e+00 
1.433181927e+00 1.568115942e+00 1.668824940e+00 
1.410949080e+00 1.471014493e+00 1.636690647e+00 
1.314845804e+00 1.486231884e+00 1.656834532e+00 
1.544824289e+00 1.642028986e+00 1.847721823e+00 
1.651924456e+00 1.562318841e+00 1.775299760e+00 
1.322017691e+00 1.290579710e+00 1.477937650e+00 
1.293330146e+00 1.277536232e+00 1.415587530e+00 
1.145589290e+00 1.357971014e+00 1.425419664e+00 
1.420511595e+00 1.337681159e+00 1.515347722e+00 
1.176428401e+00 1.560869565e+00 1.550359712e+00 
1.381305283e+00 1.418840580e+00 1.622781775e+00 
1.069806359e+00 1.202898551e+00 1.256834532e+00 
1.375806837e+00 1.571014493e+00 1.768585132e+00 
1.163279943e+00 1.222463768e+00 1.359712230e+00 
1.803012192e+00 1.699275362e+00 1.881534772e+00 
1.351183361e+00 1.621014493e+00 1.756594724e+00 
1.192206550e+00 1.320289855e+00 1.425419664e+00 
1.429117858e+00 1.317391304e+00 1.534052758e+00 
1.294525460e+00 1.443478261e+00 1.633812950e+00 
1.310542673e+00 1.242753623e+00 1.411990408e+00 
1.406167822e+00 1.197101449e+00 1.363309353e+00 
1.404255319e+00 1.210869565e+00 1.366187050e+00 
1.195314368e+00 1.397101449e+00 1.550359712e+00 
1.293330146e+00 1.221739130e+00 1.349640288e+00 
1.258426966e+00 1.574637681e+00 1.650359712e+00 
1.069806359e+00 1.206521739e+00 1.290647482e+00 
1.431030361e+00 1.398550725e+00 1.602877698e+00 
1.183361224e+00 1.123188406e+00 1.224940048e+00 
1.184317475e+00 1.168115942e+00 1.343165468e+00 
1.000000000e+00 1.189855072e+00 1.152278177e+00 
1.000000000e+00 1.186231884e+00 1.118465228e+00 
1.000000000e+00 1.212318841e+00 1.270743405e+00 
1.069806359e+00 1.228985507e+00 1.409112710e+00 
1.424336601e+00 1.111594203e+00 1.231414868e+00 
1.188142481e+00 1.128985507e+00 1.277218225e+00 
1.098254841e+00 1.119565217e+00 1.224700240e+00 
1.141286158e+00 1.139855072e+00 1.287050360e+00 
1.431030361e+00 1.279710145e+00 1.425419664e+00 
1.018885967e+00 1.000000000e+00 1.000000000e+00 
1.018885967e+00 1.026086957e+00 1.152278177e+00 
1.000000000e+00 1.163768116e+00 1.000000000e+00 
1.244561320e+00 1.121739130e+00 1.259712230e+00 

1.411427205e+00 1.610869565e+00 1.775059952e+00 
1.470236672e+00 1.489130435e+00 1.636930456e+00 
1.623475974e+00 1.757246377e+00 1.865227818e+00 
1.498924217e+00 1.389855072e+00 1.602877698e+00 
1.745637103e+00 1.773913043e+00 1.893525180e+00 
1.226631604e+00 1.371014493e+00 1.543884892e+00 
1.126703323e+00 1.547101449e+00 1.531894484e+00 
1.658618217e+00 1.478985507e+00 1.709352518e+00 
1.294525460e+00 1.443478261e+00 1.633812950e+00 
1.192206550e+00 1.320289855e+00 1.425419664e+00 
1.480755439e+00 1.426086957e+00 1.640287770e+00 
1.708343294e+00 1.649275362e+00 1.775299760e+00 
1.631843175e+00 1.605072464e+00 1.775059952e+00 
1.590724361e+00 1.487681159e+00 1.709352518e+00 
1.375806837e+00 1.571014493e+00 1.768585132e+00 
1.701649534e+00 1.654347826e+00 1.875059952e+00 
1.137222089e+00 1.538405797e+00 1.425419664e+00 
1.331580206e+00 1.405072464e+00 1.604316547e+00 
1.506574229e+00 1.386231884e+00 1.633812950e+00 
1.554386804e+00 1.657246377e+00 1.775299760e+00 
1.542911786e+00 1.451449275e+00 1.650119904e+00 
1.513267989e+00 1.678985507e+00 1.847721823e+00 
1.479799187e+00 1.505797101e+00 1.640287770e+00 
1.540043031e+00 1.745652174e+00 1.861630695e+00 
1.437006933e+00 1.517391304e+00 1.668824940e+00 
1.415730337e+00 1.391304348e+00 1.550359712e+00 
1.881424815e+00 1.632608696e+00 1.847721823e+00 
1.756155869e+00 1.688405797e+00 1.893525180e+00 
1.374611523e+00 1.405797101e+00 1.620383693e+00 
1.686349510e+00 1.702898551e+00 1.861630695e+00 
1.496055463e+00 1.510144928e+00 1.722781775e+00 
1.410949080e+00 1.471014493e+00 1.636690647e+00 
1.351183361e+00 1.621014493e+00 1.756594724e+00 
1.665311977e+00 1.300000000e+00 1.488249400e+00 
1.381305283e+00 1.418840580e+00 1.622781775e+00 
1.740855845e+00 1.810869565e+00 1.893525180e+00 
1.776237150e+00 1.645652174e+00 1.893525180e+00 
1.329667703e+00 1.310144928e+00 1.516546763e+00 
1.737987091e+00 1.553623188e+00 1.775059952e+00 
1.431030361e+00 1.398550725e+00 1.602877698e+00 
1.491274205e+00 1.368115942e+00 1.550359712e+00 
1.145589290e+00 1.383333333e+00 1.531894484e+00 
1.310542673e+00 1.242753623e+00 1.411990408e+00 
1.310542673e+00 1.312318841e+00 1.495443645e+00 
1.395649056e+00 1.407971014e+00 1.630215827e+00 
1.404255319e+00 1.210869565e+00 1.366187050e+00 
1.406167822e+00 1.197101449e+00 1.363309353e+00 
1.820224719e+00 1.521739130e+00 1.729256595e+00 
1.685393258e+00 1.562318841e+00 1.775059952e+00 
1.195314368e+00 1.397101449e+00 1.550359712e+00 
1.543868037e+00 1.354347826e+00 1.588009592e+00 
1.293330146e+00 1.277536232e+00 1.415587530e+00 
1.288548888e+00 1.357246377e+00 1.501918465e+00 
1.156108056e+00 1.374637681e+00 1.425419664e+00 
1.263686350e+00 1.359420290e+00 1.465947242e+00 
1.272053550e+00 1.581159420e+00 1.633812950e+00 
1.431030361e+00 1.279710145e+00 1.425419664e+00 
1.682285441e+00 1.821014493e+00 1.875059952e+00 
1.000000000e+00 1.212318841e+00 1.270743405e+00 
1.141286158e+00 1.139855072e+00 1.287050360e+00 
1.585943103e+00 1.459420290e+00 1.668824940e+00 
1.425292852e+00 1.307971014e+00 1.481534772e+00 
1.507530481e+00 1.473913043e+00 1.650359712e+00 
1.322017691e+00 1.290579710e+00 1.477937650e+00 
1.069806359e+00 1.206521739e+00 1.290647482e+00 
1.263925412e+00 1.582608696e+00 1.668824940e+00 
1.293330146e+00 1.221739130e+00 1.349640288e+00 
1.000000000e+00 1.163768116e+00 1.000000000e+00 
1.716949558e+00 1.539855072e+00 1.756594724e+00 
1.069806359e+00 1.202898551e+00 1.256834532e+00 
1.612479082e+00 1.920289855e+00 1.893525180e+00 
1.069806359e+00 1.228985507e+00 1.409112710e+00 
1.548410232e+00 1.961594203e+00 1.865227818e+00 
1.188142481e+00 1.128985507e+00 1.277218225e+00 
1.244561320e+00 1.121739130e+00 1.259712230e+00 
1.183361224e+00 1.123188406e+00 1.224940048e+00 
1.424336601e+00 1.111594203e+00 1.231414868e+00 
1.000000000e+00 1.189855072e+00 1.152278177e+00 
1.098254841e+00 1.119565217e+00 1.224700240e+00 
1.018885967e+00 1.026086957e+00 1.152278177e+00 
1.163279943e+00 1.222463768e+00 1.359712230e+00 
1.018885967e+00 1.000000000e+00 1.000000000e+00 
1.184317475e+00 1.168115942e+00 1.343165468e+00 
1.000000000e+00 1.186231884e+00 1.118465228e+00 
