Fo(cost)	Fo(time)	Fo(bonus)

608.333	1672	5532
tour: 0 7 1 2 5 3 9 4 6 8 0 
bonus: 7 1 2 5 3 9 4 6 8 
passengers: 5 6 7 9 10 11 12 15 18 

605.167	1690	5532
tour: 0 7 1 2 8 3 9 4 6 5 0 
bonus: 7 1 2 8 3 9 4 6 5 
passengers: 5 6 7 10 11 12 15 17 18 

856.417	1640	5532
tour: 0 7 1 2 8 9 3 4 6 5 0 
bonus: 7 1 2 8 9 3 4 6 5 
passengers: 5 6 7 11 12 15 17 18 

923.333	1622	5532
tour: 0 7 1 2 5 3 9 8 6 4 0 
bonus: 7 1 2 5 3 9 8 6 4 
passengers: 5 6 7 9 10 18 20 21 

1068.42	1575	5532
tour: 0 7 1 2 5 6 8 9 3 4 0 
bonus: 7 1 2 5 6 8 9 3 4 
passengers: 5 6 7 11 12 13 16 17 19 

1028.08	1616	5532
tour: 0 9 8 6 7 1 2 5 3 4 0 
bonus: 9 8 6 7 1 2 5 3 4 
passengers: 6 7 9 10 11 13 14 16 17 18 

569.75	1502	5179
tour: 0 8 1 2 9 3 4 6 5 0 
bonus: 8 1 2 9 3 4 6 5 
passengers: 5 6 7 9 10 11 12 13 17 18 

528.833	1553	5179
tour: 0 1 2 5 3 9 4 6 8 0 
bonus: 1 2 5 3 9 4 6 8 
passengers: 3 4 5 6 7 9 10 11 12 15 18 

525.667	1571	5179
tour: 0 1 2 8 3 9 4 6 5 0 
bonus: 1 2 8 3 9 4 6 5 
passengers: 3 4 5 6 7 10 11 12 15 17 18 

460.333	1650	5179
tour: 0 8 1 2 5 3 9 4 6 0 
bonus: 8 1 2 5 3 9 4 6 
passengers: 5 6 7 9 10 11 12 15 17 18 21 

713.667	1495	5179
tour: 0 8 2 1 3 9 4 6 5 0 
bonus: 8 2 1 3 9 4 6 5 
passengers: 9 10 11 12 15 17 18 

732.667	1477	5179
tour: 0 5 2 1 3 9 4 6 8 0 
bonus: 5 2 1 3 9 4 6 8 
passengers: 9 10 11 12 15 18 

794.333	1455	5179
tour: 0 8 6 1 2 5 3 9 4 0 
bonus: 8 6 1 2 5 3 9 4 
passengers: 6 7 9 10 11 12 15 17 18 19 

467.083	1571	5153
tour: 0 7 1 2 5 3 9 4 8 0 
bonus: 7 1 2 5 3 9 4 8 
passengers: 5 6 7 9 10 11 12 15 17 18 21 

884.083	1424	5179
tour: 0 9 8 6 1 2 5 3 4 0 
bonus: 9 8 6 1 2 5 3 4 
passengers: 6 7 9 10 11 14 15 16 17 21 

525.917	1542	5153
tour: 0 7 1 2 8 3 9 4 5 0 
bonus: 7 1 2 8 3 9 4 5 
passengers: 5 6 7 10 11 12 15 17 18 20 

1015.42	1399	5179
tour: 0 9 8 6 5 2 1 3 4 0 
bonus: 9 8 6 5 2 1 3 4 
passengers: 9 10 11 12 15 16 19 21 

863.5	1450	4953
tour: 0 7 1 6 8 9 3 4 5 0 
bonus: 7 1 6 8 9 3 4 5 
passengers: 5 13 14 15 18 20 21 

623.75	1486	4886
tour: 0 7 1 2 9 3 4 6 8 0 
bonus: 7 1 2 9 3 4 6 8 
passengers: 5 6 7 9 10 11 12 15 18 

442.333	1354	4800
tour: 0 8 1 2 5 3 9 4 0 
bonus: 8 1 2 5 3 9 4 
passengers: 5 6 7 9 10 11 12 15 16 19 20 

387.583	1452	4800
tour: 0 1 2 5 3 9 4 8 0 
bonus: 1 2 5 3 9 4 8 
passengers: 3 4 5 6 7 9 10 11 12 15 17 18 21 

634.417	1347	4800
tour: 0 8 2 1 3 9 4 5 0 
bonus: 8 2 1 3 9 4 5 
passengers: 9 10 11 12 15 17 18 20 

683.083	1323	4800
tour: 0 9 8 1 2 5 3 4 0 
bonus: 9 8 1 2 5 3 4 
passengers: 6 7 9 10 12 13 15 16 17 20 

699.083	1319	4800
tour: 0 8 2 1 3 4 9 5 0 
bonus: 8 2 1 3 4 9 5 
passengers: 9 10 11 14 15 17 18 

724.167	1316	4800
tour: 0 9 8 2 1 3 4 5 0 
bonus: 9 8 2 1 3 4 5 
passengers: 9 10 11 12 15 17 18 20 

770.333	1304	4800
tour: 0 4 1 2 5 3 9 8 0 
bonus: 4 1 2 5 3 9 8 
passengers: 0 2 5 6 7 9 10 

845.167	1296	4800
tour: 0 8 9 2 1 3 5 4 0 
bonus: 8 9 2 1 3 5 4 
passengers: 9 10 11 12 15 18 20 21 

916.417	1249	4800
tour: 0 8 9 5 2 1 3 4 0 
bonus: 8 9 5 2 1 3 4 
passengers: 9 10 11 14 15 16 19 21 

897.417	1269	4800
tour: 0 5 9 8 2 1 3 4 0 
bonus: 5 9 8 2 1 3 4 
passengers: 9 10 11 13 14 17 19 20 

972.667	1229	4651
tour: 0 9 3 1 2 5 6 8 0 
bonus: 9 3 1 2 5 6 8 
passengers: 5 6 7 

772.333	1271	4625
tour: 0 7 1 2 5 3 9 8 0 
bonus: 7 1 2 5 3 9 8 
passengers: 5 6 7 9 10 

542	1352	4600
tour: 0 8 1 3 9 4 6 5 0 
bonus: 8 1 3 9 4 6 5 
passengers: 5 11 12 15 17 18 

753.333	1302	4600
tour: 0 8 9 3 1 4 6 5 0 
bonus: 8 9 3 1 4 6 5 
passengers: 11 12 17 18 

1059	1227	4600
tour: 0 4 3 1 6 8 9 5 0 
bonus: 4 3 1 6 8 9 5 
passengers: 0 1 5 

1154	1225	4600
tour: 0 4 3 1 6 5 9 8 0 
bonus: 4 3 1 6 5 9 8 
passengers: 0 2 5 

681.669	1311	4533
tour: 0 
bonus: 
passengers: 5 6 7 18 

809.75	1269	4533
tour: 0 8 6 1 2 9 3 4 0 
bonus: 8 6 1 2 9 3 4 
passengers: 6 7 9 10 11 12 15 16 18 21 

744.417	1306	4507
tour: 0 7 1 2 8 9 3 4 0 
bonus: 7 1 2 8 9 3 4 
passengers: 5 6 7 11 12 14 17 19 21 

706.083	1300	4475
tour: 0 8 2 9 3 4 6 5 0 
bonus: 8 2 9 3 4 6 5 
passengers: 9 10 11 13 15 17 18 

725.083	1282	4475
tour: 0 5 2 9 3 4 6 8 0 
bonus: 5 2 9 3 4 6 8 
passengers: 9 10 12 14 15 18 

918.083	1235	4475
tour: 0 8 6 5 2 9 3 4 0 
bonus: 8 6 5 2 9 3 4 
passengers: 9 10 11 12 14 16 20 21 

899.083	1255	4475
tour: 0 5 6 8 2 9 3 4 0 
bonus: 5 6 8 2 9 3 4 
passengers: 9 10 11 13 15 18 20 21 

1065	1224	4425
tour: 0 7 1 3 9 8 6 5 0 
bonus: 7 1 3 9 8 6 5 
passengers: 5 

418	1345	4343
tour: 0 2 1 3 9 4 6 5 0 
bonus: 2 1 3 9 4 6 5 
passengers: 5 9 10 11 12 15 17 18 

468.25	1325	4343
tour: 0 1 2 9 3 4 6 5 0 
bonus: 1 2 9 3 4 6 5 
passengers: 3 4 5 6 7 9 10 11 13 15 17 18 

