Fo(cost)	Fo(time)	Fo(bonus)

653.75	1729	5659
tour: 0 3 6 4 5 7 8 1 9 2 0 
bonus: 3 6 4 5 7 8 1 9 2 
passengers: 0 1 2 3 6 7 8 9 10 14 16 18 19 

925.5	1675	5659
tour: 0 3 6 4 5 7 8 9 1 2 0 
bonus: 3 6 4 5 7 8 9 1 2 
passengers: 0 1 2 3 6 7 8 9 10 11 12 13 14 17 

895	1706	5659
tour: 0 3 6 1 7 5 4 8 9 2 0 
bonus: 3 6 1 7 5 4 8 9 2 
passengers: 0 1 2 3 11 14 15 16 17 19 

937	1669	5659
tour: 0 3 6 1 4 5 7 8 9 2 0 
bonus: 3 6 1 4 5 7 8 9 2 
passengers: 0 1 2 6 7 8 9 10 11 12 13 16 17 19 

1096.5	1586	5659
tour: 0 3 6 4 5 7 2 1 8 9 0 
bonus: 3 6 4 5 7 2 1 8 9 
passengers: 0 1 2 3 11 12 13 14 16 19 

1130	1584	5659
tour: 0 3 2 4 5 7 8 1 6 9 0 
bonus: 3 2 4 5 7 8 1 6 9 
passengers: 6 7 8 9 10 14 16 18 19 

1157	1568	5659
tour: 0 3 6 1 2 4 5 7 8 9 0 
bonus: 3 6 1 2 4 5 7 8 9 
passengers: 0 1 2 6 7 8 9 10 12 13 16 17 18 19 

1063	1663	5659
tour: 0 3 6 2 7 5 4 1 8 9 0 
bonus: 3 6 2 7 5 4 1 8 9 
passengers: 0 1 2 3 11 12 15 16 18 19 

1463.75	1564	5659
tour: 0 9 6 3 2 1 8 7 5 4 0 
bonus: 9 6 3 2 1 8 7 5 4 
passengers: 0 1 2 

1499.5	1550	5659
tour: 0 4 5 7 8 9 6 1 2 3 0 
bonus: 4 5 7 8 9 6 1 2 3 
passengers: 6 7 8 9 10 11 13 14 15 17 

1608.5	1542	5659
tour: 0 3 6 9 8 1 2 7 5 4 0 
bonus: 3 6 9 8 1 2 7 5 4 
passengers: 0 1 2 

653.75	1703	5354
tour: 0 3 6 4 5 7 8 1 9 2 0 
bonus: 3 6 4 5 7 8 1 2 
passengers: 0 1 2 3 6 7 8 9 10 14 16 18 19 

940	1424	5354
tour: 0 3 6 4 5 7 8 1 2 0 
bonus: 3 6 4 5 7 8 1 2 
passengers: 0 1 2 3 6 7 8 9 10 

865.167	1551	5354
tour: 0 1 6 4 5 7 8 3 2 0 
bonus: 1 6 4 5 7 8 3 2 
passengers: 1 2 3 6 7 8 9 10 

1013	1418	5354
tour: 0 3 6 1 8 7 5 4 2 0 
bonus: 3 6 1 8 7 5 4 2 
passengers: 0 1 2 3 

936.5	1532	5354
tour: 0 3 6 5 7 8 4 1 2 0 
bonus: 3 6 5 7 8 4 1 2 
passengers: 0 1 2 3 6 7 8 9 10 

861.667	1687	5354
tour: 0 1 6 5 7 8 4 3 2 0 
bonus: 1 6 5 7 8 4 3 2 
passengers: 1 2 3 6 7 8 9 10 

1379	1417	5354
tour: 0 4 5 7 8 3 6 1 2 0 
bonus: 4 5 7 8 3 6 1 2 
passengers: 6 7 8 9 10 

604.5	1472	5245
tour: 0 3 6 4 5 7 8 9 2 0 
bonus: 3 6 4 5 7 8 9 2 
passengers: 0 1 2 3 6 7 8 9 10 14 15 16 17 18 19 

538.75	1639	5245
tour: 0 3 6 5 7 8 4 9 2 0 
bonus: 3 6 5 7 8 4 9 2 
passengers: 0 1 2 3 6 7 8 9 10 14 16 18 19 

521.583	1765	5245
tour: 0 2 6 3 7 8 4 9 5 0 
bonus: 2 6 3 7 8 4 9 5 
passengers: 1 2 3 6 7 8 9 10 14 16 18 19 

534.333	1763	5245
tour: 0 2 6 3 7 8 5 9 4 0 
bonus: 2 6 3 7 8 5 9 4 
passengers: 1 2 3 6 7 8 9 10 14 16 18 19 

848	1452	5245
tour: 0 2 3 6 4 5 7 8 9 0 
bonus: 2 3 6 4 5 7 8 9 
passengers: 3 6 7 8 9 10 13 14 15 16 17 19 

1053.5	1408	5245
tour: 0 3 6 9 8 7 5 4 2 0 
bonus: 3 6 9 8 7 5 4 2 
passengers: 0 1 2 3 

530.75	1683	5179
tour: 0 3 6 1 7 8 4 9 2 0 
bonus: 3 6 1 7 8 4 9 2 
passengers: 0 1 2 3 6 7 8 9 10 14 16 18 19 

520.583	1740	5179
tour: 0 2 6 3 7 8 1 9 4 0 
bonus: 2 6 3 7 8 1 9 4 
passengers: 1 2 3 6 7 8 9 10 14 16 18 19 

562.25	1633	5055
tour: 0 3 6 5 7 8 1 9 2 0 
bonus: 3 6 5 7 8 1 9 2 
passengers: 0 1 2 3 6 7 8 9 10 14 16 18 19 

651	1371	4940
tour: 0 3 6 4 5 7 8 2 0 
bonus: 3 6 4 5 7 8 2 
passengers: 0 1 2 3 6 7 8 9 10 

604.5	1446	4940
tour: 0 3 6 4 5 7 8 9 2 0 
bonus: 3 6 4 5 7 8 2 
passengers: 0 1 2 3 6 7 8 9 10 13 14 15 16 17 19 

767.5	1322	4940
tour: 0 6 4 5 7 8 3 2 0 
bonus: 6 4 5 7 8 3 2 
passengers: 0 1 2 3 6 7 8 9 10 

753.75	1349	4940
tour: 0 4 6 5 7 8 3 2 0 
bonus: 4 6 5 7 8 3 2 
passengers: 0 1 2 3 6 7 8 9 10 

538.75	1613	4940
tour: 0 3 6 5 7 8 4 9 2 0 
bonus: 3 6 5 7 8 4 2 
passengers: 0 1 2 3 6 7 8 9 10 14 16 18 19 

900	1307	4940
tour: 0 3 6 8 7 5 4 2 0 
bonus: 3 6 8 7 5 4 2 
passengers: 0 1 2 3 

521.583	1739	4940
tour: 0 2 6 3 7 8 4 9 5 0 
bonus: 2 6 3 7 8 4 5 
passengers: 1 2 3 6 7 8 9 10 14 16 18 19 

1118	1296	4940
tour: 0 2 4 5 7 8 3 6 0 
bonus: 2 4 5 7 8 3 6 
passengers: 6 7 8 9 10 

1123.5	1237	4925
tour: 0 3 6 1 2 7 5 4 0 
bonus: 3 6 1 2 7 5 4 
passengers: 0 1 2 

530.75	1657	4874
tour: 0 3 6 1 7 8 4 9 2 0 
bonus: 3 6 1 7 8 4 2 
passengers: 0 1 2 3 6 7 8 9 10 14 16 18 19 

929.25	1293	4874
tour: 0 4 6 1 8 7 2 3 0 
bonus: 4 6 1 8 7 2 3 
passengers: 0 1 2 3 

966	1267	4874
tour: 0 3 6 1 8 7 2 4 0 
bonus: 3 6 1 8 7 2 4 
passengers: 0 1 2 3 

520.583	1714	4874
tour: 0 2 6 3 7 8 1 9 4 0 
bonus: 2 6 3 7 8 1 4 
passengers: 1 2 3 6 7 8 9 10 14 16 18 19 

604.5	1445	4816
tour: 0 3 6 4 5 7 8 9 2 0 
bonus: 3 6 4 5 7 9 2 
passengers: 0 1 2 3 6 7 8 9 10 11 13 14 15 17 19 

723.25	1367	4816
tour: 0 9 6 4 5 7 3 2 0 
bonus: 9 6 4 5 7 3 2 
passengers: 0 1 2 3 

895.25	1287	4816
tour: 0 9 6 4 5 7 2 3 0 
bonus: 9 6 4 5 7 2 3 
passengers: 0 1 2 3 

1017.75	1261	4816
tour: 0 9 6 3 2 7 5 4 0 
bonus: 9 6 3 2 7 5 4 
passengers: 0 1 2 

538.75	1612	4816
tour: 0 3 6 5 7 8 4 9 2 0 
bonus: 3 6 5 7 4 9 2 
passengers: 0 1 2 3 6 7 8 9 10 14 16 18 19 

581.25	1525	4788
tour: 0 6 4 5 7 8 1 9 2 0 
bonus: 6 4 5 7 8 1 9 2 
passengers: 0 1 2 3 6 7 8 9 10 14 16 18 19 

567.5	1552	4788
tour: 0 4 6 5 7 8 1 9 2 0 
bonus: 4 6 5 7 8 1 9 2 
passengers: 0 1 2 3 6 7 8 9 10 14 16 18 19 

489.75	1401	4765
tour: 0 4 6 3 7 8 9 2 0 
bonus: 4 6 3 7 8 9 2 
passengers: 0 1 2 3 6 7 8 9 10 11 14 16 17 18 19 

471.333	1483	4765
tour: 0 2 6 3 7 8 9 4 0 
bonus: 2 6 3 7 8 9 4 
passengers: 1 2 3 6 7 8 9 10 13 14 15 16 18 19 

437.75	1541	4765
tour: 0 6 3 7 8 4 9 2 0 
bonus: 6 3 7 8 4 9 2 
passengers: 0 1 2 3 6 7 8 9 10 14 16 18 19 

467.083	1522	4765
tour: 0 2 6 3 7 8 4 9 0 
bonus: 2 6 3 7 8 4 9 
passengers: 1 2 3 6 7 8 9 10 14 16 18 19 

741.25	1301	4765
tour: 0 4 6 3 2 7 8 9 0 
bonus: 4 6 3 2 7 8 9 
passengers: 0 1 2 6 7 8 9 10 12 13 14 17 18 19 

1006.5	1257	4765
tour: 0 3 6 9 8 7 2 4 0 
bonus: 3 6 9 8 7 2 4 
passengers: 0 1 2 3 

513	1376	4641
tour: 0 3 6 5 7 8 9 2 0 
bonus: 3 6 5 7 8 9 2 
passengers: 0 1 2 3 6 7 8 9 10 11 13 15 17 18 19 

461.25	1535	4575
tour: 0 6 3 7 8 1 9 2 0 
bonus: 6 3 7 8 1 9 2 
passengers: 0 1 2 3 6 7 8 9 10 14 16 18 19 

857	1299	4575
tour: 0 3 6 1 2 7 8 9 0 
bonus: 3 6 1 2 7 8 9 
passengers: 0 1 2 6 7 8 9 10 11 12 13 15 17 19 

669	1121	4511
tour: 0 3 6 4 5 7 2 0 
bonus: 3 6 4 5 7 2 
passengers: 0 1 2 3 

635.5	1222	4511
tour: 0 6 4 5 7 3 2 0 
bonus: 6 4 5 7 3 2 
passengers: 0 1 2 3 

621.75	1249	4511
tour: 0 4 6 5 7 3 2 0 
bonus: 4 6 5 7 3 2 
passengers: 0 1 2 3 

757.5	1117	4511
tour: 0 3 6 2 7 5 4 0 
bonus: 3 6 2 7 5 4 
passengers: 0 1 2 3 

930	1116	4511
tour: 0 6 3 2 7 5 4 0 
bonus: 6 3 2 7 5 4 
passengers: 0 1 2 

536.25	1300	4460
tour: 0 4 6 3 7 8 2 0 
bonus: 4 6 3 7 8 2 
passengers: 0 1 2 3 6 7 8 9 10 

627.833	1232	4460
tour: 0 2 6 3 7 8 4 0 
bonus: 2 6 3 7 8 4 
passengers: 1 2 3 6 7 8 9 10 

489.75	1375	4460
tour: 0 4 6 3 7 8 9 2 0 
bonus: 4 6 3 7 8 2 
passengers: 0 1 2 3 6 7 8 9 10 11 12 14 15 18 19 

471.333	1457	4460
tour: 0 2 6 3 7 8 9 4 0 
bonus: 2 6 3 7 8 4 
passengers: 1 2 3 6 7 8 9 10 11 13 15 16 18 19 

437.75	1515	4460
tour: 0 6 3 7 8 4 9 2 0 
bonus: 6 3 7 8 4 2 
passengers: 0 1 2 3 6 7 8 9 10 14 16 18 19 

467.083	1496	4460
tour: 0 2 6 3 7 8 4 9 0 
bonus: 2 6 3 7 8 4 
passengers: 1 2 3 6 7 8 9 10 14 16 18 19 

613.75	1293	4445
tour: 0 4 6 1 7 3 2 0 
bonus: 4 6 1 7 3 2 
passengers: 0 1 2 3 

532	1268	4374
tour: 0 6 4 5 7 8 9 2 0 
bonus: 6 4 5 7 8 9 2 
passengers: 0 1 2 3 6 7 8 9 10 11 13 14 15 16 19 

561.333	1249	4374
tour: 0 2 6 4 5 7 8 9 0 
bonus: 2 6 4 5 7 8 9 
passengers: 1 2 3 6 7 8 9 10 11 12 13 14 18 19 

518.25	1295	4374
tour: 0 4 6 5 7 8 9 2 0 
bonus: 4 6 5 7 8 9 2 
passengers: 0 1 2 3 6 7 8 9 10 11 12 13 15 17 19 

466.25	1435	4374
tour: 0 6 5 7 8 4 9 2 0 
bonus: 6 5 7 8 4 9 2 
passengers: 0 1 2 3 6 7 8 9 10 14 16 18 19 

535.5	1233	4348
tour: 0 3 6 4 5 7 8 9 0 
bonus: 3 6 4 5 7 8 9 
passengers: 0 1 2 3 6 7 8 9 10 11 12 13 14 16 19 

474	1361	4348
tour: 0 3 6 5 7 8 9 4 0 
bonus: 3 6 5 7 8 9 4 
passengers: 0 1 2 3 6 7 8 9 10 12 13 14 15 18 19 

469.75	1400	4348
tour: 0 3 6 5 7 8 4 9 0 
bonus: 3 6 5 7 8 4 9 
passengers: 0 1 2 3 6 7 8 9 10 14 16 18 19 

423.25	1545	4348
tour: 0 6 3 7 8 4 9 5 0 
bonus: 6 3 7 8 4 9 5 
passengers: 0 1 2 3 6 7 8 9 10 14 16 18 19 

