Fo(cost)	Fo(time)	Fo(bonus)

756.9	1689	5216
tour: 0 2 8 7 3 9 4 1 5 6 0 
bonus: 2 8 7 3 9 4 1 5 6 
passengers: 1 2 3 4 13 22 23 

874.7	1641	5216
tour: 0 6 8 7 3 2 4 9 1 5 0 
bonus: 6 8 7 3 2 4 9 1 5 
passengers: 1 3 4 11 12 13 15 21 22 23 24 

1017.6	1585	5216
tour: 0 2 8 7 3 6 4 9 1 5 0 
bonus: 2 8 7 3 6 4 9 1 5 
passengers: 1 2 3 4 11 12 13 15 21 22 23 24 

752.833	1997	5216
tour: 0 6 8 3 4 9 5 1 7 2 0 
bonus: 6 8 3 4 9 5 1 7 2 
passengers: 1 3 4 13 16 17 22 23 

699.2	1532	4923
tour: 0 2 8 7 1 9 4 5 6 0 
bonus: 2 8 7 1 9 4 5 6 
passengers: 1 2 3 4 7 8 9 10 18 

719.7	1530	4923
tour: 0 6 8 7 2 4 9 1 5 0 
bonus: 6 8 7 2 4 9 1 5 
passengers: 1 3 4 11 12 13 15 21 22 23 24 

670.8	1678	4923
tour: 0 2 8 7 6 9 4 1 5 0 
bonus: 2 8 7 6 9 4 1 5 
passengers: 1 2 3 4 11 12 13 15 22 23 

651.835	1709	4923
tour: 0 6 8 0 
bonus: 6 8 
passengers: 1 3 4 13 16 17 22 23 

914.4	1504	4923
tour: 0 6 4 2 7 8 9 1 5 0 
bonus: 6 4 2 7 8 9 1 5 
passengers: 11 12 13 15 18 21 22 23 24 

958.033	1499	4923
tour: 0 2 8 7 5 6 4 9 1 0 
bonus: 2 8 7 5 6 4 9 1 
passengers: 1 2 3 4 11 12 13 14 15 21 22 23 24 

646.9	1595	4898
tour: 0 6 8 7 3 9 4 1 5 0 
bonus: 6 8 7 3 9 4 1 5 
passengers: 1 3 4 11 12 13 15 22 23 

1064.2	1449	4923
tour: 0 2 8 7 5 1 9 4 6 0 
bonus: 2 8 7 5 1 9 4 6 
passengers: 1 2 3 4 7 8 9 10 

614.4	1615	4831
tour: 0 2 8 7 3 9 4 1 6 0 
bonus: 2 8 7 3 9 4 1 6 
passengers: 1 2 3 4 11 12 13 22 23 

757.7	1484	4831
tour: 0 2 8 7 3 9 1 4 6 0 
bonus: 2 8 7 3 9 1 4 6 
passengers: 1 2 3 4 13 21 22 23 24 

595.5	1744	4831
tour: 0 6 8 3 9 4 1 7 2 0 
bonus: 6 8 3 9 4 1 7 2 
passengers: 1 3 4 13 16 17 22 23 

969.2	1437	4831
tour: 0 2 8 7 3 1 9 4 6 0 
bonus: 2 8 7 3 1 9 4 6 
passengers: 1 2 3 4 7 8 9 10 

984.033	1431	4831
tour: 0 2 8 7 3 6 4 9 1 0 
bonus: 2 8 7 3 6 4 9 1 
passengers: 1 2 3 4 11 12 13 14 15 21 22 23 24 

1142.4	1409	4765
tour: 0 2 8 7 3 1 5 4 6 0 
bonus: 2 8 7 3 1 5 4 6 
passengers: 1 2 3 4 

1157.23	1403	4765
tour: 0 2 8 7 3 6 4 5 1 0 
bonus: 2 8 7 3 6 4 5 1 
passengers: 1 2 3 4 11 12 13 14 15 

620.3	1438	4605
tour: 0 6 8 7 1 9 4 5 0 
bonus: 6 8 7 1 9 4 5 
passengers: 1 3 4 7 8 9 10 18 

531.5	1534	4605
tour: 0 7 8 9 4 1 5 6 0 
bonus: 7 8 9 4 1 5 6 
passengers: 1 4 13 22 23 

1039.2	1426	4641
tour: 0 6 3 7 2 4 9 1 5 0 
bonus: 6 3 7 2 4 9 1 5 
passengers: 11 12 13 15 21 22 23 24 

735.4	1412	4605
tour: 0 6 4 9 8 7 1 5 0 
bonus: 6 4 9 8 7 1 5 
passengers: 11 12 13 15 18 

757.133	1406	4605
tour: 0 6 8 7 5 4 9 1 0 
bonus: 6 8 7 5 4 9 1 
passengers: 1 3 4 11 12 13 14 15 21 22 23 24 

1141.2	1400	4641
tour: 0 2 7 3 6 4 9 1 5 0 
bonus: 2 7 3 6 4 9 1 5 
passengers: 11 12 13 15 21 22 23 24 

1270.8	1375	4641
tour: 0 6 4 9 1 5 7 3 2 0 
bonus: 6 4 9 1 5 7 3 2 
passengers: 16 17 21 22 23 24 

951.833	1380	4605
tour: 0 6 4 5 7 8 9 1 0 
bonus: 6 4 5 7 8 9 1 
passengers: 11 12 13 14 15 18 21 22 23 24 

532.3	1404	4538
tour: 0 6 8 7 1 9 4 2 0 
bonus: 6 8 7 1 9 4 2 
passengers: 1 3 4 7 8 9 10 16 17 18 

652.2	1327	4538
tour: 0 2 8 7 1 9 4 6 0 
bonus: 2 8 7 1 9 4 6 
passengers: 1 2 3 4 7 8 9 10 18 

473.5	1507	4538
tour: 0 6 8 9 4 1 7 2 0 
bonus: 6 8 9 4 1 7 2 
passengers: 1 3 4 13 16 17 22 23 

781.4	1324	4472
tour: 0 6 4 2 8 7 1 5 0 
bonus: 6 4 2 8 7 1 5 
passengers: 11 12 13 15 18 

825.4	1299	4472
tour: 0 2 8 7 1 5 4 6 0 
bonus: 2 8 7 1 5 4 6 
passengers: 1 2 3 4 18 

1159.83	1292	4472
tour: 0 6 4 2 8 7 5 1 0 
bonus: 6 4 2 8 7 5 1 
passengers: 11 12 13 14 15 

761.9	1307	4380
tour: 0 2 8 7 3 1 4 6 0 
bonus: 2 8 7 3 1 4 6 
passengers: 1 2 3 4 13 

1000.58	1281	4380
tour: 0 6 4 2 3 7 8 1 0 
bonus: 6 4 2 3 7 8 1 
passengers: 11 12 13 14 15 18 19 20 

1064.83	1280	4380
tour: 0 6 4 2 8 7 3 1 0 
bonus: 6 4 2 8 7 3 1 
passengers: 11 12 13 14 15 

473.9	1412	4323
tour: 0 2 8 9 4 1 5 6 0 
bonus: 2 8 9 4 1 5 6 
passengers: 1 2 3 4 13 22 23 

557.7	1360	4323
tour: 0 6 8 2 4 9 1 5 0 
bonus: 6 8 2 4 9 1 5 
passengers: 1 3 4 11 12 13 15 21 22 23 24 

1115.8	1264	4348
tour: 0 6 4 9 1 5 7 2 0 
bonus: 6 4 9 1 5 7 2 
passengers: 16 17 21 22 23 24 

450.083	1310	4220
tour: 0 9 8 7 1 4 6 0 
bonus: 9 8 7 1 4 6 
passengers: 1 3 4 5 6 13 18 

427.433	1478	4231
tour: 0 6 8 9 4 1 3 2 0 
bonus: 6 8 9 4 1 3 2 
passengers: 1 3 4 12 13 16 17 22 23 

389	1460	4220
tour: 0 7 8 9 4 1 6 0 
bonus: 7 8 9 4 1 6 
passengers: 1 4 11 12 13 22 23 

971.8	1253	4256
tour: 0 6 4 9 1 7 3 2 0 
bonus: 6 4 9 1 7 3 2 
passengers: 16 17 21 22 23 24 

408.833	1459	4220
tour: 0 6 8 9 4 1 7 0 
bonus: 6 8 9 4 1 7 
passengers: 1 3 4 12 13 22 23 

