Fo(cost)	Fo(time)	Fo(bonus)

748.167	1626	6489
tour: 0 5 1 6 9 2 8 3 4 7 0 
bonus: 5 1 6 9 2 8 3 4 7 
passengers: 5 8 9 12 16 18 26 

794	1622	6489
tour: 0 5 1 6 9 2 4 3 8 7 0 
bonus: 5 1 6 9 2 4 3 8 7 
passengers: 5 8 9 12 16 18 26 

734.667	1727	6489
tour: 0 6 9 1 5 2 8 3 4 7 0 
bonus: 6 9 1 5 2 8 3 4 7 
passengers: 1 2 3 4 5 9 16 18 26 

896.267	1618	6489
tour: 0 6 9 5 1 2 4 3 8 7 0 
bonus: 6 9 5 1 2 4 3 8 7 
passengers: 1 2 3 4 9 10 11 12 16 18 26 

1182.33	1603	6489
tour: 0 5 1 6 9 2 8 7 4 3 0 
bonus: 5 1 6 9 2 8 7 4 3 
passengers: 5 8 9 12 26 

1307.83	1574	6489
tour: 0 2 9 5 1 6 4 3 8 7 0 
bonus: 2 9 5 1 6 4 3 8 7 
passengers: 0 1 2 3 4 26 

1284.6	1599	6489
tour: 0 6 9 5 1 2 8 7 4 3 0 
bonus: 6 9 5 1 2 8 7 4 3 
passengers: 1 2 3 4 9 10 11 12 26 

1327.33	1573	6489
tour: 0 2 9 6 1 5 8 3 4 7 0 
bonus: 2 9 6 1 5 8 3 4 7 
passengers: 0 1 2 3 4 26 

1338	1572	6489
tour: 0 2 1 5 9 6 4 3 8 7 0 
bonus: 2 1 5 9 6 4 3 8 7 
passengers: 5 7 8 26 

1510.83	1550	6489
tour: 0 2 9 6 1 5 8 7 4 3 0 
bonus: 2 9 6 1 5 8 7 4 3 
passengers: 0 1 2 3 4 26 

1855	1531	6489
tour: 0 3 4 6 9 2 1 5 8 7 0 
bonus: 3 4 6 9 2 1 5 8 7 
passengers: 22 

661.333	1573	6023
tour: 0 6 1 5 2 8 3 4 7 0 
bonus: 6 1 5 2 8 3 4 7 
passengers: 5 7 8 9 16 18 26 

707.167	1569	6023
tour: 0 6 1 5 2 4 3 8 7 0 
bonus: 6 1 5 2 4 3 8 7 
passengers: 5 7 8 9 16 18 26 

656.667	1467	5997
tour: 0 5 1 6 9 2 3 4 7 0 
bonus: 5 1 6 9 2 3 4 7 
passengers: 5 8 9 12 13 14 15 16 18 26 

643.167	1568	5997
tour: 0 6 9 1 5 2 3 4 7 0 
bonus: 6 9 1 5 2 3 4 7 
passengers: 1 2 3 4 5 9 14 15 16 17 18 26 

758.933	1463	5997
tour: 0 6 9 5 1 2 3 4 7 0 
bonus: 6 9 5 1 2 3 4 7 
passengers: 1 2 3 4 9 10 11 12 13 15 16 17 18 26 

593.333	1764	5997
tour: 0 7 1 5 2 4 3 6 9 0 
bonus: 7 1 5 2 4 3 6 9 
passengers: 5 8 9 16 18 21 22 27 

589.667	1831	5997
tour: 0 6 1 7 2 4 3 5 9 0 
bonus: 6 1 7 2 4 3 5 9 
passengers: 5 7 8 9 16 18 22 27 

645.667	1555	5971
tour: 0 5 1 6 9 2 8 3 4 0 
bonus: 5 1 6 9 2 8 3 4 
passengers: 5 8 9 12 16 18 26 

625.567	1594	5971
tour: 0 6 1 2 4 3 8 9 5 0 
bonus: 6 1 2 4 3 8 9 5 
passengers: 5 7 8 9 10 11 12 16 18 21 22 

544.167	1699	5971
tour: 0 6 1 5 2 4 3 8 9 0 
bonus: 6 1 5 2 4 3 8 9 
passengers: 5 7 8 9 16 18 21 22 27 

522	1753	5971
tour: 0 5 1 4 2 8 3 6 9 0 
bonus: 5 1 4 2 8 3 6 9 
passengers: 5 8 9 12 16 18 21 22 27 

1104.6	1462	5997
tour: 0 6 9 5 1 2 7 4 3 0 
bonus: 6 9 5 1 2 7 4 3 
passengers: 1 2 3 4 9 10 11 12 26 

509.333	1800	5971
tour: 0 6 1 4 2 8 3 5 9 0 
bonus: 6 1 4 2 8 3 5 9 
passengers: 5 7 8 9 12 16 18 22 27 

1191	1444	5997
tour: 0 7 2 9 5 1 6 4 3 0 
bonus: 7 2 9 5 1 6 4 3 
passengers: 1 3 4 26 

1281.83	1442	5997
tour: 0 2 9 6 1 5 7 4 3 0 
bonus: 2 9 6 1 5 7 4 3 
passengers: 0 1 2 3 4 26 

1315.4	1430	5971
tour: 0 1 5 8 3 4 6 9 2 0 
bonus: 1 5 8 3 4 6 9 2 
passengers: 5 6 7 8 22 

1626	1423	5997
tour: 0 3 4 6 9 2 1 5 7 0 
bonus: 3 4 6 9 2 1 5 7 
passengers: 22 

1236.83	1426	5796
tour: 0 7 8 5 1 6 9 2 3 0 
bonus: 7 8 5 1 6 9 2 3 
passengers: 9 12 13 15 16 17 18 26 

637.167	1492	5606
tour: 0 5 1 9 2 8 3 4 7 0 
bonus: 5 1 9 2 8 3 4 7 
passengers: 5 8 9 10 11 12 16 18 26 

1374.83	1419	5672
tour: 0 2 9 6 4 7 8 5 1 0 
bonus: 2 9 6 4 7 8 5 1 
passengers: 0 1 2 3 4 

1096.75	1456	5646
tour: 0 1 6 9 5 8 7 4 3 0 
bonus: 1 6 9 5 8 7 4 3 
passengers: 1 3 4 7 8 26 

583.333	1380	5580
tour: 0 1 6 9 2 8 3 4 7 0 
bonus: 1 6 9 2 8 3 4 7 
passengers: 1 3 4 6 8 9 12 16 18 26 

572.333	1429	5580
tour: 0 6 1 9 2 8 3 4 7 0 
bonus: 6 1 9 2 8 3 4 7 
passengers: 5 7 8 9 10 11 12 16 18 26 

629.167	1376	5580
tour: 0 1 6 9 2 4 3 8 7 0 
bonus: 1 6 9 2 4 3 8 7 
passengers: 1 3 4 5 6 9 12 16 18 26 

520	1752	5580
tour: 0 7 1 4 2 8 3 6 9 0 
bonus: 7 1 4 2 8 3 6 9 
passengers: 5 8 9 12 16 18 21 22 27 

1038.5	1331	5580
tour: 0 1 2 9 0 
bonus: 1 2 9 
passengers: 1 3 4 5 6 9 12 26 

1017.5	1357	5580
tour: 0 1 6 9 2 8 7 4 3 0 
bonus: 1 6 9 2 8 7 4 3 
passengers: 1 3 4 5 6 9 12 26 

569.833	1414	5531
tour: 0 6 1 5 2 3 4 7 0 
bonus: 6 1 5 2 3 4 7 
passengers: 5 7 8 9 13 15 16 17 18 26 

535	1562	5531
tour: 0 7 1 5 2 4 3 6 0 
bonus: 7 1 5 2 4 3 6 
passengers: 5 8 9 16 18 26 

463.667	1551	5505
tour: 0 5 1 4 2 8 3 6 0 
bonus: 5 1 4 2 8 3 6 
passengers: 5 8 9 12 16 18 26 

558.833	1502	5505
tour: 0 6 1 5 2 8 3 4 0 
bonus: 6 1 5 2 8 3 4 
passengers: 5 7 8 9 16 18 26 

564	1294	5479
tour: 0 5 1 6 9 2 4 3 0 
bonus: 5 1 6 9 2 4 3 
passengers: 5 8 9 12 16 18 26 

448	1419	5479
tour: 0 5 1 9 2 4 3 6 0 
bonus: 5 1 9 2 4 3 6 
passengers: 5 8 9 10 11 12 16 18 26 

550.5	1395	5479
tour: 0 6 9 1 5 2 4 3 0 
bonus: 6 9 1 5 2 4 3 
passengers: 1 2 3 4 5 9 16 18 26 

666.267	1290	5479
tour: 0 6 9 5 1 2 4 3 0 
bonus: 6 9 5 1 2 4 3 
passengers: 1 2 3 4 9 10 11 12 16 18 26 

