1.411242387e+00 1.677102348e+00 2.000000000e+00 
1.378476718e+00 1.677202371e+00 2.000000000e+00 
1.372242622e+00 1.677552449e+00 2.000000000e+00 
1.367901410e+00 1.678077567e+00 2.000000000e+00 
1.362323996e+00 1.679527894e+00 2.000000000e+00 
1.362000033e+00 1.679652922e+00 2.000000000e+00 
1.360887505e+00 1.679977995e+00 2.000000000e+00 
1.358835375e+00 1.680053012e+00 2.000000000e+00 
1.356190591e+00 1.681028231e+00 2.000000000e+00 
1.356071841e+00 1.681853417e+00 2.000000000e+00 
1.350927836e+00 1.682778625e+00 2.000000000e+00 
1.343745383e+00 1.684003901e+00 2.000000000e+00 
