1.442350494e+00 1.679014205e+00 2.000000000e+00 
1.434301662e+00 1.679265171e+00 2.000000000e+00 
1.396678134e+00 1.679315364e+00 2.000000000e+00 
1.396335855e+00 1.681272901e+00 2.000000000e+00 
1.389994910e+00 1.681599157e+00 2.000000000e+00 
1.387856980e+00 1.681699543e+00 2.000000000e+00 
1.387067104e+00 1.681724640e+00 2.000000000e+00 
1.386181566e+00 1.682050896e+00 2.000000000e+00 
1.384040126e+00 1.682151282e+00 2.000000000e+00 
1.383541626e+00 1.684209205e+00 2.000000000e+00 
1.374194766e+00 1.685464037e+00 2.000000000e+00 
1.373539169e+00 1.685564423e+00 2.000000000e+00 
1.372825648e+00 1.685664810e+00 2.000000000e+00 
1.371424058e+00 1.685689906e+00 2.000000000e+00 
1.360738797e+00 1.685740099e+00 2.000000000e+00 
1.356893858e+00 1.686844351e+00 2.000000000e+00 
1.355582665e+00 1.687521960e+00 2.000000000e+00 
