1.424372049e+00 1.569040807e+00 1.362492560e+00 
1.412639764e+00 1.531270391e+00 1.149361815e+00 
1.444201436e+00 1.636876976e+00 1.740683487e+00 
1.419430939e+00 1.540179692e+00 1.190546260e+00 
1.396859806e+00 1.532148773e+00 1.140764500e+00 
1.407021116e+00 1.564673995e+00 1.313917730e+00 
1.430359306e+00 1.612232094e+00 1.602977647e+00 
1.427619315e+00 1.535486624e+00 1.155363402e+00 
1.414105422e+00 1.575139286e+00 1.403296740e+00 
1.422717698e+00 1.571073633e+00 1.366973084e+00 
1.412062277e+00 1.563745420e+00 1.316943324e+00 
1.425332187e+00 1.617075742e+00 1.620089610e+00 
1.384333257e+00 1.624504342e+00 1.671648700e+00 
1.425922838e+00 1.547533002e+00 1.236492295e+00 
1.399396184e+00 1.588114240e+00 1.478390979e+00 
1.404388198e+00 1.519926718e+00 1.060098538e+00 
1.393353636e+00 1.556191337e+00 1.254430924e+00 
1.426253708e+00 1.535662300e+00 1.152139409e+00 
1.403913395e+00 1.617401998e+00 1.639425303e+00 
1.415680785e+00 1.562164333e+00 1.302154289e+00 
1.410140247e+00 1.550067761e+00 1.241948284e+00 
1.398915238e+00 1.557044622e+00 1.300360426e+00 
1.390398624e+00 1.565376700e+00 1.347455525e+00 
1.390705798e+00 1.542563871e+00 1.176864956e+00 
1.407990030e+00 1.539276213e+00 1.159843926e+00 
1.408978252e+00 1.540681624e+00 1.165539647e+00 
1.382633270e+00 1.589770617e+00 1.448564910e+00 
1.403725580e+00 1.584174070e+00 1.427683354e+00 
1.398268417e+00 1.548310997e+00 1.224017922e+00 
1.377104141e+00 1.590473322e+00 1.478936578e+00 
1.398031455e+00 1.550469307e+00 1.237922426e+00 
1.405273736e+00 1.601616222e+00 1.559834006e+00 
1.388289656e+00 1.545751142e+00 1.216057139e+00 
1.389083920e+00 1.628620188e+00 1.678931618e+00 
1.400517807e+00 1.579631582e+00 1.409182594e+00 
1.415958997e+00 1.606886513e+00 1.596703260e+00 
1.392148637e+00 1.607463735e+00 1.563372131e+00 
1.378536448e+00 1.556015660e+00 1.236269096e+00 
1.375068017e+00 1.565577473e+00 1.343892600e+00 
1.441601868e+00 1.596697285e+00 1.500950665e+00 
1.399381264e+00 1.524795463e+00 1.091925137e+00 
1.381486195e+00 1.559152738e+00 1.273460750e+00 
1.396901933e+00 1.550845756e+00 1.239063223e+00 
1.430585737e+00 1.553280128e+00 1.249396535e+00 
1.378284566e+00 1.552953872e+00 1.221083262e+00 
1.433766302e+00 1.580811123e+00 1.434602540e+00 
1.398551895e+00 1.602871054e+00 1.560718537e+00 
1.391435994e+00 1.552075491e+00 1.240311487e+00 
1.410280669e+00 1.574687547e+00 1.374611467e+00 
1.445022906e+00 1.593560207e+00 1.486632829e+00 
1.441872181e+00 1.631180043e+00 1.716272072e+00 
1.403701006e+00 1.645108668e+00 1.775221546e+00 
1.426771515e+00 1.526878482e+00 1.097472059e+00 
1.393127205e+00 1.546453847e+00 1.216181139e+00 
1.404110863e+00 1.569316870e+00 1.347472059e+00 
1.409311755e+00 1.578276364e+00 1.381067720e+00 
1.411694546e+00 1.553982834e+00 1.246362674e+00 
1.416104685e+00 1.561461627e+00 1.310710270e+00 
1.403464043e+00 1.556994429e+00 1.270972489e+00 
1.442352249e+00 1.552477037e+00 1.242568283e+00 
1.422450018e+00 1.612583446e+00 1.597215793e+00 
1.420778115e+00 1.569492546e+00 1.353771245e+00 
1.379348265e+00 1.563594840e+00 1.300128960e+00 
1.466030963e+00 1.551523365e+00 1.243659480e+00 
1.428259114e+00 1.580861316e+00 1.413985517e+00 
1.388862755e+00 1.558826482e+00 1.277081542e+00 
1.388311597e+00 1.588691462e+00 1.464709675e+00 
1.398277194e+00 1.597249410e+00 1.484483500e+00 
1.401008408e+00 1.643075842e+00 1.750669599e+00 
1.393834583e+00 1.581664408e+00 1.410992990e+00 
1.395620579e+00 1.580936606e+00 1.424938827e+00 
1.409623317e+00 1.601490739e+00 1.497247206e+00 
1.382368222e+00 1.577046630e+00 1.360285365e+00 
1.383734707e+00 1.587185665e+00 1.414192183e+00 
1.383565323e+00 1.573733875e+00 1.367898948e+00 
1.391098103e+00 1.575741605e+00 1.371776007e+00 
1.400199224e+00 1.622923255e+00 1.638838370e+00 
1.389748293e+00 1.585604578e+00 1.415952979e+00 
1.369145706e+00 1.536013653e+00 1.131943985e+00 
1.381558161e+00 1.552677810e+00 1.227043516e+00 
1.361859543e+00 1.544395924e+00 1.182320944e+00 
1.404776114e+00 1.595919289e+00 1.479961643e+00 
1.374205297e+00 1.543592832e+00 1.177245222e+00 
1.369244879e+00 1.581488732e+00 1.403478606e+00 
1.379644907e+00 1.533930633e+00 1.119750678e+00 
1.379814291e+00 1.544671987e+00 1.194886251e+00 
1.363467378e+00 1.607639412e+00 1.573275577e+00 
1.358713205e+00 1.558926868e+00 1.262408240e+00 
1.361120570e+00 1.567811073e+00 1.314025197e+00 
1.365504379e+00 1.547859258e+00 1.205723828e+00 
1.382896561e+00 1.539125634e+00 1.137185041e+00 
1.368108336e+00 1.569919189e+00 1.335030752e+00 
1.384006775e+00 1.585479095e+00 1.405818068e+00 
1.413605168e+00 1.586884505e+00 1.435668937e+00 
1.384228818e+00 1.588992622e+00 1.430634548e+00 
1.387734110e+00 1.578276364e+00 1.368080815e+00 
1.356880694e+00 1.559504091e+00 1.239906422e+00 
1.356591950e+00 1.546328364e+00 1.179196151e+00 
1.377757982e+00 1.580710736e+00 1.394649825e+00 
1.369703007e+00 1.566380565e+00 1.292358310e+00 
1.364031700e+00 1.539226020e+00 1.143467694e+00 
1.387021467e+00 1.611554485e+00 1.577251835e+00 
1.356024995e+00 1.534382372e+00 1.108210436e+00 
1.354129294e+00 1.547357326e+00 1.185379605e+00 
1.365763283e+00 1.520604327e+00 1.020195424e+00 
1.348144670e+00 1.604577624e+00 1.519211692e+00 
1.370736866e+00 1.599583396e+00 1.483036836e+00 
1.354482983e+00 1.537519450e+00 1.136655975e+00 
1.360019133e+00 1.573859359e+00 1.330839561e+00 
1.362462481e+00 1.573407619e+00 1.349224588e+00 
1.378102017e+00 1.604728204e+00 1.519972224e+00 
1.356368152e+00 1.553330322e+00 1.199862774e+00 
1.354083657e+00 1.563594840e+00 1.280206336e+00 
1.357702164e+00 1.611328615e+00 1.567794789e+00 
1.358877324e+00 1.593183757e+00 1.448101977e+00 
1.369896965e+00 1.589394168e+00 1.428212420e+00 
1.439973846e+00 1.639010189e+00 1.728853912e+00 
1.358606133e+00 1.598730111e+00 1.481185107e+00 
