1.999042986e+00 1.644341046e+00 1.805073475e+00 
1.998803732e+00 1.639512072e+00 1.776187211e+00 
1.279674216e+00 1.619969819e+00 1.678343975e+00 
1.271988197e+00 1.650930584e+00 1.830341729e+00 
1.996570699e+00 1.594164990e+00 1.507314494e+00 
1.371573889e+00 1.582796781e+00 1.415724304e+00 
1.554629556e+00 1.604099598e+00 1.567614674e+00 
1.551299944e+00 1.639738431e+00 1.756866373e+00 
1.991107744e+00 1.631111670e+00 1.724039947e+00 
1.534771513e+00 1.570397384e+00 1.346395619e+00 
1.988914586e+00 1.564109658e+00 1.343207144e+00 
1.419399474e+00 1.611971831e+00 1.617217766e+00 
1.546853816e+00 1.564537223e+00 1.328520333e+00 
1.565356089e+00 1.583802817e+00 1.442305945e+00 
1.986442300e+00 1.644818913e+00 1.804420912e+00 
1.985445410e+00 1.636217304e+00 1.747086180e+00 
1.985126406e+00 1.611996982e+00 1.635522588e+00 
1.375256001e+00 1.626886318e+00 1.713722834e+00 
1.555726134e+00 1.572107646e+00 1.380907146e+00 
1.536207034e+00 1.670648893e+00 1.964935033e+00 
1.350911955e+00 1.590845070e+00 1.455918917e+00 
1.284040593e+00 1.547761569e+00 1.228298131e+00 
1.422489832e+00 1.604200201e+00 1.571397890e+00 
1.553513039e+00 1.556690141e+00 1.294116189e+00 
1.551838265e+00 1.574547284e+00 1.388680087e+00 
1.277451152e+00 1.612022133e+00 1.615309637e+00 
1.579571736e+00 1.636343058e+00 1.749869900e+00 
1.554868809e+00 1.577364185e+00 1.417235939e+00 
1.980261584e+00 1.589386318e+00 1.473959409e+00 
1.570101284e+00 1.607394366e+00 1.576287987e+00 
1.296411995e+00 1.578596579e+00 1.398080307e+00 
1.296362150e+00 1.581262575e+00 1.405167643e+00 
1.378904618e+00 1.617505030e+00 1.638562378e+00 
1.376923997e+00 1.587449698e+00 1.464344421e+00 
1.973881490e+00 1.588581489e+00 1.465591726e+00 
1.369932610e+00 1.600804829e+00 1.533664847e+00 
1.971728208e+00 1.638380282e+00 1.758543214e+00 
1.548149773e+00 1.681312877e+00 2.000000000e+00 
1.591374910e+00 1.631841046e+00 1.730846433e+00 
1.547990270e+00 1.582344064e+00 1.424876715e+00 
1.968817290e+00 1.590543260e+00 1.491776873e+00 
1.586888907e+00 1.592907445e+00 1.487291531e+00 
1.965667119e+00 1.616524145e+00 1.618151180e+00 
1.963673339e+00 1.603998994e+00 1.559742609e+00 
1.963473961e+00 1.611544266e+00 1.598392546e+00 
1.312747428e+00 1.637273642e+00 1.742419111e+00 
1.430169870e+00 1.645145875e+00 1.785934364e+00 
1.284086849e+00 1.577640845e+00 1.381187996e+00 
1.594604833e+00 1.665140845e+00 1.894408604e+00 
1.957213494e+00 1.610638833e+00 1.591701704e+00 
1.545976553e+00 1.566272636e+00 1.309199494e+00 
1.277932850e+00 1.626081489e+00 1.660724759e+00 
1.282226254e+00 1.576810865e+00 1.373902413e+00 
1.952189170e+00 1.658224346e+00 1.872287524e+00 
1.412134141e+00 1.659834004e+00 1.852933645e+00 
1.271097376e+00 1.584230382e+00 1.405018957e+00 
1.517046814e+00 1.593309859e+00 1.477560899e+00 
1.386441104e+00 1.597837022e+00 1.513171046e+00 
1.545338544e+00 1.603294769e+00 1.536019032e+00 
1.571337427e+00 1.646981891e+00 1.800877244e+00 
1.362489034e+00 1.641775654e+00 1.778830507e+00 
1.946526836e+00 1.649119718e+00 1.817612609e+00 
1.374877183e+00 1.640392354e+00 1.758840584e+00 
1.382573172e+00 1.607545272e+00 1.577675717e+00 
1.401415583e+00 1.576207243e+00 1.372927698e+00 
1.944373555e+00 1.626509054e+00 1.699572943e+00 
1.364828535e+00 1.574270624e+00 1.340753835e+00 
1.289008294e+00 1.585764588e+00 1.412734076e+00 
1.288971609e+00 1.604552314e+00 1.570324052e+00 
1.278806922e+00 1.581237425e+00 1.380287624e+00 
1.581665205e+00 1.555784708e+00 1.263908278e+00 
1.361804370e+00 1.675578471e+00 1.953725808e+00 
1.367393732e+00 1.598163984e+00 1.512774552e+00 
1.351682750e+00 1.584507042e+00 1.458884364e+00 
1.271057501e+00 1.624547284e+00 1.648119543e+00 
1.265813861e+00 1.559104628e+00 1.271119518e+00 
1.373966425e+00 1.591197183e+00 1.472951652e+00 
1.372956376e+00 1.559154930e+00 1.282931745e+00 
1.388873515e+00 1.566297787e+00 1.316633763e+00 
1.937076322e+00 1.610638833e+00 1.586629881e+00 
1.506559534e+00 1.570573441e+00 1.333451731e+00 
1.374750778e+00 1.570950704e+00 1.350410124e+00 
1.570739293e+00 1.599094567e+00 1.526717936e+00 
1.564478826e+00 1.590090543e+00 1.475851017e+00 
1.930935481e+00 1.661267606e+00 1.858550648e+00 
1.259383922e+00 1.638682093e+00 1.705685563e+00 
