Fo(cost)	Fo(time)	Fo(bonus)

9474.5	13693	62048
tour: 0 47 89 16 64 7 56 33 48 94 41 97 44 73 55 84 86 74 50 18 39 32 63 3 70 26 46 79 10 72 82 5 68 76 69 9 81 23 30 22 65 38 62 6 21 4 12 19 54 67 34 11 77 87 78 98 88 8 80 52 14 51 13 37 20 61 1 43 96 17 85 24 35 42 95 49 75 40 45 27 99 92 28 2 15 31 53 91 36 83 25 59 66 58 29 71 93 90 57 60 0 
bonus: 47 89 16 64 7 56 33 48 94 41 97 44 73 55 84 86 74 50 18 39 32 63 3 70 26 46 79 10 72 82 5 68 76 69 9 81 23 30 22 65 38 62 6 21 4 12 19 54 67 34 11 77 87 78 98 88 8 80 52 14 51 13 37 20 61 1 43 96 17 85 24 35 42 95 49 75 40 45 27 99 92 28 2 15 31 53 91 36 83 25 59 66 58 29 71 93 90 57 60 
passengers: 8 5 74 35 197 196 120 50 47 29 55 160 52 63 60 210 208 70 169 

5914.08	13702	62048
tour: 0 60 57 90 93 71 29 58 66 59 77 11 34 31 53 91 36 83 25 39 18 50 32 63 3 70 26 46 79 10 72 82 87 78 98 88 8 80 52 14 51 13 37 20 61 1 43 96 17 85 24 35 42 95 49 75 6 21 4 12 19 54 67 27 45 40 5 68 76 69 9 81 23 30 22 65 38 62 94 41 97 44 73 55 84 86 74 15 2 28 92 99 33 48 56 7 64 16 89 47 0 
bonus: 60 57 90 93 71 29 58 66 59 77 11 34 31 53 91 36 83 25 39 18 50 32 63 3 70 26 46 79 10 72 82 87 78 98 88 8 80 52 14 51 13 37 20 61 1 43 96 17 85 24 35 42 95 49 75 6 21 4 12 19 54 67 27 45 40 5 68 76 69 9 81 23 30 22 65 38 62 94 41 97 44 73 55 84 86 74 15 2 28 92 99 33 48 56 7 64 16 89 47 
passengers: 134 130 52 146 121 218 58 60 173 166 94 17 88 140 106 101 182 184 224 67 

4678.83	13713	62048
tour: 0 60 57 66 59 25 83 36 91 53 31 34 11 77 30 22 65 38 62 94 41 97 44 73 55 84 86 74 50 18 39 32 63 3 70 26 46 79 10 72 82 87 78 98 88 8 80 52 14 51 13 37 20 61 1 43 96 17 85 24 35 42 95 49 75 6 21 4 12 19 54 67 27 45 40 5 68 76 69 9 81 23 71 29 58 90 93 15 2 28 92 99 33 48 56 7 64 16 89 47 0 
bonus: 60 57 66 59 25 83 36 91 53 31 34 11 77 30 22 65 38 62 94 41 97 44 73 55 84 86 74 50 18 39 32 63 3 70 26 46 79 10 72 82 87 78 98 88 8 80 52 14 51 13 37 20 61 1 43 96 17 85 24 35 42 95 49 75 6 21 4 12 19 54 67 27 45 40 5 68 76 69 9 81 23 71 29 58 90 93 15 2 28 92 99 33 48 56 7 64 16 89 47 
passengers: 119 170 147 140 182 197 224 82 121 229 58 60 10 166 97 17 123 48 

4653.25	13779	62048
tour: 0 47 89 55 73 44 97 41 94 62 38 65 22 30 77 11 34 31 53 91 36 83 25 39 18 50 32 63 3 52 80 8 88 72 10 79 46 26 70 4 21 6 75 49 95 42 84 86 74 92 28 2 15 93 90 14 51 13 37 20 61 1 43 96 17 85 24 35 58 29 71 23 81 9 69 76 68 5 82 87 78 98 7 56 48 33 99 27 67 54 19 12 16 64 40 45 59 66 57 60 0 
bonus: 47 89 55 73 44 97 41 94 62 38 65 22 30 77 11 34 31 53 91 36 83 25 39 18 50 32 63 3 52 80 8 88 72 10 79 46 26 70 4 21 6 75 49 95 42 84 86 74 92 28 2 15 93 90 14 51 13 37 20 61 1 43 96 17 85 24 35 58 29 71 23 81 9 69 76 68 5 82 87 78 98 7 56 48 33 99 27 67 54 19 12 16 64 40 45 59 66 57 60 
passengers: 206 219 221 197 178 136 146 169 186 218 121 122 69 59 172 164 131 110 123 125 54 73 77 

4643.83	13878	62048
tour: 0 47 89 55 8 88 72 10 94 41 97 14 51 13 37 20 80 52 91 36 83 25 59 45 40 5 68 76 69 9 81 23 71 29 96 43 1 61 48 56 33 99 27 12 19 54 67 34 31 53 30 22 65 38 62 6 21 4 28 92 74 50 18 39 32 63 3 70 26 46 79 90 93 15 2 75 49 95 42 84 86 73 44 11 77 98 7 64 16 78 87 82 17 85 24 35 58 66 57 60 0 
bonus: 47 89 55 8 88 72 10 94 41 97 14 51 13 37 20 80 52 91 36 83 25 59 45 40 5 68 76 69 9 81 23 71 29 96 43 1 61 48 56 33 99 27 12 19 54 67 34 31 53 30 22 65 38 62 6 21 4 28 92 74 50 18 39 32 63 3 70 26 46 79 90 93 15 2 75 49 95 42 84 86 73 44 11 77 98 7 64 16 78 87 82 17 85 24 35 58 66 57 60 
passengers: 38 46 43 210 20 110 159 125 56 85 87 88 104 96 83 151 69 11 234 

