Fo(cost)	Fo(time)	Fo(bonus)

10063.5	13845	62303
tour: 0 33 71 89 70 25 62 36 18 77 8 27 85 92 54 49 39 60 17 30 73 83 99 68 57 79 63 95 14 84 65 78 11 5 42 82 1 26 15 37 20 7 40 90 48 76 41 96 61 10 72 69 59 94 24 4 55 16 74 9 43 80 28 52 22 44 19 64 81 97 2 86 98 75 87 35 50 23 91 12 32 88 38 13 58 66 21 46 56 29 67 93 3 51 31 45 6 34 47 53 0 
bonus: 33 71 89 70 25 62 36 18 77 8 27 85 92 54 49 39 60 17 30 73 83 99 68 57 79 63 95 14 84 65 78 11 5 42 82 1 26 15 37 20 7 40 90 48 76 41 96 61 10 72 69 59 94 24 4 55 16 74 9 43 80 28 52 22 44 19 64 81 97 2 86 98 75 87 35 50 23 91 12 32 88 38 13 58 66 21 46 56 29 67 93 3 51 31 45 6 34 47 53 
passengers: 2 5 160 154 136 83 84 167 168 57 101 22 77 76 140 139 146 96 126 

4399.08	13866	62303
tour: 0 53 47 34 6 45 31 51 76 41 96 61 10 7 20 78 65 84 14 11 5 42 82 1 26 15 37 3 93 67 29 56 48 90 40 46 21 66 27 85 92 54 49 39 60 17 30 73 83 69 72 28 52 22 44 19 64 81 97 58 13 2 86 98 75 87 35 50 23 91 12 32 88 38 94 59 80 43 9 74 16 55 4 24 95 63 79 57 68 99 8 77 18 36 62 25 70 89 71 33 0 
bonus: 53 47 34 6 45 31 51 76 41 96 61 10 7 20 78 65 84 14 11 5 42 82 1 26 15 37 3 93 67 29 56 48 90 40 46 21 66 27 85 92 54 49 39 60 17 30 73 83 69 72 28 52 22 44 19 64 81 97 58 13 2 86 98 75 87 35 50 23 91 12 32 88 38 94 59 80 43 9 74 16 55 4 24 95 63 79 57 68 99 8 77 18 36 62 25 70 89 71 33 
passengers: 30 134 131 26 106 69 113 114 136 85 172 140 146 147 152 129 79 40 

4374.33	13916	62303
tour: 0 53 47 34 17 30 73 83 69 72 10 61 96 41 76 51 31 45 6 99 68 57 79 63 95 65 78 20 7 40 90 48 56 29 67 93 3 54 49 39 60 84 14 11 5 42 82 1 26 15 37 46 21 66 27 85 92 64 19 44 22 52 81 97 58 13 2 86 98 75 87 35 50 23 91 12 32 88 38 28 80 59 94 24 4 55 16 74 9 43 8 77 18 36 62 25 70 89 71 33 0 
bonus: 53 47 34 17 30 73 83 69 72 10 61 96 41 76 51 31 45 6 99 68 57 79 63 95 65 78 20 7 40 90 48 56 29 67 93 3 54 49 39 60 84 14 11 5 42 82 1 26 15 37 46 21 66 27 85 92 64 19 44 22 52 81 97 58 13 2 86 98 75 87 35 50 23 91 12 32 88 38 28 80 59 94 24 4 55 16 74 9 43 8 77 18 36 62 25 70 89 71 33 
passengers: 84 87 55 30 168 37 137 26 109 113 90 140 147 152 129 22 79 40 

4285.25	13945	62303
tour: 0 53 47 34 17 30 73 83 69 72 10 61 96 41 76 51 31 45 6 99 68 57 79 63 95 65 78 20 7 40 90 48 56 46 21 66 58 13 29 67 93 3 37 15 26 1 82 42 49 54 39 60 84 14 11 5 27 85 92 64 19 44 22 52 81 97 2 86 98 75 87 35 50 23 91 12 32 88 38 28 80 59 94 24 4 55 16 74 9 43 8 77 18 36 62 25 70 89 71 33 0 
bonus: 53 47 34 17 30 73 83 69 72 10 61 96 41 76 51 31 45 6 99 68 57 79 63 95 65 78 20 7 40 90 48 56 46 21 66 58 13 29 67 93 3 37 15 26 1 82 42 49 54 39 60 84 14 11 5 27 85 92 64 19 44 22 52 81 97 2 86 98 75 87 35 50 23 91 12 32 88 38 28 80 59 94 24 4 55 16 74 9 43 8 77 18 36 62 25 70 89 71 33 
passengers: 84 87 55 134 168 37 69 137 113 115 90 140 147 152 129 22 79 40 

