Fo(cost)	Fo(time)	Fo(bonus)

6379.33	13771	61980
tour: 0 48 84 75 7 29 44 81 10 99 69 64 26 40 90 89 15 46 8 88 42 45 9 27 23 14 43 94 11 41 77 24 66 87 95 52 71 57 96 92 5 33 74 20 55 80 72 63 70 31 37 18 61 21 86 91 49 13 60 36 79 19 98 3 68 12 56 97 73 22 35 78 50 53 25 2 85 34 6 28 76 17 38 83 58 93 4 51 65 16 32 67 82 62 47 54 1 30 39 59 0 
bonus: 48 84 75 7 29 44 81 10 99 69 64 26 40 90 89 15 46 8 88 42 45 9 27 23 14 43 94 11 41 77 24 66 87 95 52 71 57 96 92 5 33 74 20 55 80 72 63 70 31 37 18 61 21 86 91 49 13 60 36 79 19 98 3 68 12 56 97 73 22 35 78 50 53 25 2 85 34 6 28 76 17 38 83 58 93 4 51 65 16 32 67 82 62 47 54 1 30 39 59 
passengers: 5 140 137 33 129 43 167 105 99 100 153 118 86 180 179 125 18 21 98 72 

  4658	13817	61980
tour: 0 36 60 13 49 91 86 21 61 18 37 85 34 6 28 89 90 40 26 15 46 27 9 45 42 88 8 64 69 99 10 81 32 67 31 70 63 72 80 55 20 74 33 5 92 96 57 71 52 82 62 47 54 1 7 75 84 48 35 78 50 53 25 2 73 22 29 44 97 56 12 68 3 98 19 79 23 14 43 94 11 41 77 24 66 95 87 83 58 38 17 76 16 65 51 4 93 30 39 59 0 
bonus: 36 60 13 49 91 86 21 61 18 37 85 34 6 28 89 90 40 26 15 46 27 9 45 42 88 8 64 69 99 10 81 32 67 31 70 63 72 80 55 20 74 33 5 92 96 57 71 52 82 62 47 54 1 7 75 84 48 35 78 50 53 25 2 73 22 29 44 97 56 12 68 3 98 19 79 23 14 43 94 11 41 77 24 66 95 87 83 58 38 17 76 16 65 51 4 93 30 39 59 
passengers: 66 68 108 124 50 202 59 93 113 36 37 140 15 126 155 98 

4311.83	13829	61980
tour: 0 59 99 10 81 32 67 31 37 18 61 21 86 69 64 8 46 15 26 40 90 89 28 6 34 85 2 25 96 57 71 92 5 33 74 20 55 80 72 63 70 39 30 93 4 51 65 16 76 17 38 83 58 88 42 45 9 27 23 14 43 94 11 41 44 29 22 73 97 56 12 68 3 98 19 79 36 60 13 49 91 77 24 66 87 95 52 82 62 47 54 1 7 75 84 53 50 78 35 48 0 
bonus: 59 99 10 81 32 67 31 37 18 61 21 86 69 64 8 46 15 26 40 90 89 28 6 34 85 2 25 96 57 71 92 5 33 74 20 55 80 72 63 70 39 30 93 4 51 65 16 76 17 38 83 58 88 42 45 9 27 23 14 43 94 11 41 44 29 22 73 97 56 12 68 3 98 19 79 36 60 13 49 91 77 24 66 87 95 52 82 62 47 54 1 7 75 84 53 50 78 35 48 
passengers: 202 60 57 58 41 20 14 28 26 24 70 62 63 22 199 69 36 

4029.42	13948	61980
tour: 0 48 35 89 90 40 26 15 46 36 60 13 49 91 86 21 61 18 34 85 37 31 67 87 95 52 82 62 47 54 1 42 88 58 83 38 17 76 28 6 56 12 92 5 33 7 75 84 53 50 78 22 29 44 97 73 2 25 96 57 71 24 77 41 11 94 8 64 69 68 3 98 19 79 23 14 43 27 9 45 74 20 66 55 80 72 63 70 39 30 93 4 51 65 16 32 81 10 99 59 0 
bonus: 48 35 89 90 40 26 15 46 36 60 13 49 91 86 21 61 18 34 85 37 31 67 87 95 52 82 62 47 54 1 42 88 58 83 38 17 76 28 6 56 12 92 5 33 7 75 84 53 50 78 22 29 44 97 73 2 25 96 57 71 24 77 41 11 94 8 64 69 68 3 98 19 79 23 14 43 27 9 45 74 20 66 55 80 72 63 70 39 30 93 4 51 65 16 32 81 10 99 59 
passengers: 170 173 68 84 92 93 196 32 36 13 14 197 101 38 23 47 194 130 52 

3669.67	13961	61980
tour: 0 59 99 10 81 32 16 65 51 15 46 8 94 11 41 77 24 71 57 96 25 2 73 97 44 29 22 78 50 53 84 75 7 33 5 92 12 56 6 28 76 17 38 83 58 88 42 1 54 47 62 82 52 95 87 67 31 37 85 34 18 61 21 86 91 49 13 60 36 4 93 30 39 70 63 72 80 55 66 20 74 45 9 27 43 14 23 79 19 98 3 68 69 64 26 40 90 89 35 48 0 
bonus: 59 99 10 81 32 16 65 51 15 46 8 94 11 41 77 24 71 57 96 25 2 73 97 44 29 22 78 50 53 84 75 7 33 5 92 12 56 6 28 76 17 38 83 58 88 42 1 54 47 62 82 52 95 87 67 31 37 85 34 18 61 21 86 91 49 13 60 36 4 93 30 39 70 63 72 80 55 66 20 74 45 9 27 43 14 23 79 19 98 3 68 69 64 26 40 90 89 35 48 
passengers: 202 60 55 57 40 18 138 185 12 145 176 187 104 174 

3612.67	14202	61980
tour: 0 59 99 10 16 32 81 56 64 8 46 75 7 33 5 92 12 3 68 69 86 91 49 13 66 55 80 72 63 70 39 30 93 4 36 60 67 84 53 50 78 96 85 34 21 61 18 15 51 65 1 42 88 26 40 57 71 24 77 41 11 52 82 62 47 54 95 87 83 58 38 17 76 28 6 22 29 44 97 73 2 25 31 37 14 23 79 19 98 45 9 27 43 94 74 20 90 89 35 48 0 
bonus: 59 99 10 16 32 81 56 64 8 46 75 7 33 5 92 12 3 68 69 86 91 49 13 66 55 80 72 63 70 39 30 93 4 36 60 67 84 53 50 78 96 85 34 21 61 18 15 51 65 1 42 88 26 40 57 71 24 77 41 11 52 82 62 47 54 95 87 83 58 38 17 76 28 6 22 29 44 97 73 2 25 31 37 14 23 79 19 98 45 9 27 43 94 74 20 90 89 35 48 
passengers: 202 59 60 57 41 185 183 149 140 125 143 121 8 167 101 112 196 135 13 104 45 174 

