Fo(cost)	Fo(time)	Fo(bonus)

3631.43	13838	61555
tour: 0 56 28 68 76 66 3 83 42 8 69 74 36 86 80 18 93 39 82 19 71 35 15 58 81 31 11 78 96 7 13 50 33 79 9 72 2 90 70 37 41 16 30 38 98 94 53 20 32 45 59 24 27 64 87 23 46 63 88 51 6 21 10 49 57 75 14 4 29 54 99 52 47 1 89 65 55 22 67 26 92 85 61 43 25 97 40 17 34 77 5 12 91 48 73 62 84 60 95 44 0 
bonus: 56 28 68 76 66 3 83 42 8 69 74 36 86 80 18 93 39 82 19 71 35 15 58 81 31 11 78 96 7 13 50 33 79 9 72 2 90 70 37 41 16 30 38 98 94 53 20 32 45 59 24 27 64 87 23 46 63 88 51 6 21 10 49 57 75 14 4 29 54 99 52 47 1 89 65 55 22 67 26 92 85 61 43 25 97 40 17 34 77 5 12 91 48 73 62 84 60 95 44 
passengers: 198 203 139 141 30 67 131 132 205 220 24 2 119 92 99 164 161 170 20 16 180 55 245 136 137 217 241 189 

3370.08	13840	61555
tour: 0 56 28 68 76 66 3 83 42 8 69 74 36 86 80 18 23 46 63 85 92 26 67 22 55 65 89 1 47 52 99 54 29 4 14 75 57 49 10 21 6 51 88 79 9 72 2 90 70 37 41 16 30 38 98 94 53 20 32 45 59 24 27 64 87 93 39 82 19 71 35 15 58 81 31 11 78 96 7 13 50 33 61 43 25 97 40 17 34 77 5 12 91 48 73 62 84 60 95 44 0 
bonus: 56 28 68 76 66 3 83 42 8 69 74 36 86 80 18 23 46 63 85 92 26 67 22 55 65 89 1 47 52 99 54 29 4 14 75 57 49 10 21 6 51 88 79 9 72 2 90 70 37 41 16 30 38 98 94 53 20 32 45 59 24 27 64 87 93 39 82 19 71 35 15 58 81 31 11 78 96 7 13 50 33 61 43 25 97 40 17 34 77 5 12 91 48 73 62 84 60 95 44 
passengers: 200 202 198 146 142 246 79 195 171 11 175 1 2 247 60 58 161 192 204 116 230 226 272 276 52 217 219 241 189 

