Fo(cost)	Fo(time)	Fo(bonus)

3936.45	13759	62124
tour: 0 36 72 46 61 50 94 24 8 13 77 96 64 49 48 16 10 76 86 25 69 67 51 78 37 28 57 95 38 62 53 93 41 33 91 21 20 2 71 73 82 80 63 14 52 4 22 88 31 17 42 68 39 79 74 60 30 40 66 83 44 35 75 84 26 3 1 98 55 15 70 65 81 58 7 27 6 85 9 5 56 90 47 34 19 45 89 23 97 43 11 32 54 99 87 29 12 18 59 92 0 
bonus: 36 72 46 61 50 94 24 8 13 77 96 64 49 48 16 10 76 86 25 69 67 51 78 37 28 57 95 38 62 53 93 41 33 91 21 20 2 71 73 82 80 63 14 52 4 22 88 31 17 42 68 39 79 74 60 30 40 66 83 44 35 75 84 26 3 1 98 55 15 70 65 81 58 7 27 6 85 9 5 56 90 47 34 19 45 89 23 97 43 11 32 54 99 87 29 12 18 59 92 
passengers: 62 205 202 203 128 179 106 145 141 50 197 229 226 166 170 92 112 236 237 77 34 180 22 242 148 271 

3098.88	13775	62124
tour: 0 36 72 46 61 50 94 24 8 13 77 40 30 60 74 79 39 68 42 17 31 88 22 4 52 14 63 80 82 73 71 2 20 21 91 33 41 93 53 62 38 95 57 28 37 78 51 67 69 25 86 76 10 16 97 43 11 32 54 99 87 29 12 18 59 23 89 45 19 34 47 90 56 5 9 85 6 27 7 58 81 65 70 15 55 98 1 3 26 84 75 35 44 83 66 48 49 64 96 92 0 
bonus: 36 72 46 61 50 94 24 8 13 77 40 30 60 74 79 39 68 42 17 31 88 22 4 52 14 63 80 82 73 71 2 20 21 91 33 41 93 53 62 38 95 57 28 37 78 51 67 69 25 86 76 10 16 97 43 11 32 54 99 87 29 12 18 59 23 89 45 19 34 47 90 56 5 9 85 6 27 7 58 81 65 70 15 55 98 1 3 26 84 75 35 44 83 66 48 49 64 96 92 
passengers: 196 194 191 63 65 90 216 171 39 9 158 227 54 53 258 215 209 213 162 175 174 75 70 284 150 157 152 57 122 19 222 35 

3062.05	13811	62124
tour: 0 36 72 46 61 50 94 14 63 22 88 31 17 42 68 39 79 74 9 5 56 90 47 34 19 45 89 23 97 43 11 32 54 99 87 29 12 18 59 92 96 64 49 48 80 82 73 16 10 76 86 25 69 24 8 13 77 40 30 60 21 91 33 41 93 20 2 71 66 83 44 35 75 84 26 3 1 98 55 15 70 65 81 85 6 27 7 58 4 52 53 62 38 95 57 28 37 78 51 67 0 
bonus: 36 72 46 61 50 94 14 63 22 88 31 17 42 68 39 79 74 9 5 56 90 47 34 19 45 89 23 97 43 11 32 54 99 87 29 12 18 59 92 96 64 49 48 80 82 73 16 10 76 86 25 69 24 8 13 77 40 30 60 21 91 33 41 93 20 2 71 66 83 44 35 75 84 26 3 1 98 55 15 70 65 81 85 6 27 7 58 4 52 53 62 38 95 57 28 37 78 51 67 
passengers: 191 190 137 169 217 218 23 116 55 271 93 152 154 229 201 207 208 257 236 233 239 77 181 188 85 21 9 215 213 

2960.02	13873	62124
tour: 0 36 72 46 61 50 94 14 63 22 4 52 53 62 38 95 57 28 37 45 19 34 47 90 56 5 9 49 48 80 82 73 16 10 76 86 25 69 70 15 55 98 58 7 27 6 85 81 65 21 91 99 87 29 12 79 74 60 30 40 77 13 8 24 39 68 42 17 31 88 33 41 93 20 2 71 66 83 44 89 23 97 43 11 32 54 1 3 26 84 75 35 64 96 92 59 18 78 51 67 0 
bonus: 36 72 46 61 50 94 14 63 22 4 52 53 62 38 95 57 28 37 45 19 34 47 90 56 5 9 49 48 80 82 73 16 10 76 86 25 69 70 15 55 98 58 7 27 6 85 81 65 21 91 99 87 29 12 79 74 60 30 40 77 13 8 24 39 68 42 17 31 88 33 41 93 20 2 71 66 83 44 89 23 97 43 11 32 54 1 3 26 84 75 35 64 96 92 59 18 78 51 67 
passengers: 196 193 190 137 133 13 104 268 118 116 27 130 224 201 200 74 36 30 248 223 53 112 208 64 166 257 234 269 97 238 215 213 

2956.25	13919	62124
tour: 0 78 18 59 92 96 64 35 33 41 93 20 2 71 66 83 44 89 23 97 43 11 32 54 1 3 26 84 75 95 57 28 37 39 24 8 13 77 40 30 60 74 79 12 29 87 99 91 21 65 81 85 6 27 45 19 34 47 90 56 5 9 49 48 80 82 73 16 10 76 86 25 69 70 15 55 98 58 7 88 31 68 42 17 36 72 46 61 50 94 14 63 22 4 52 53 62 38 51 67 0 
bonus: 78 18 59 92 96 64 35 33 41 93 20 2 71 66 83 44 89 23 97 43 11 32 54 1 3 26 84 75 95 57 28 37 39 24 8 13 77 40 30 60 74 79 12 29 87 99 91 21 65 81 85 6 27 45 19 34 47 90 56 5 9 49 48 80 82 73 16 10 76 86 25 69 70 15 55 98 58 7 88 31 68 42 17 36 72 46 61 50 94 14 63 22 4 52 53 62 38 51 67 
passengers: 210 155 151 152 154 99 257 256 234 97 79 239 266 261 63 65 90 217 219 284 285 49 245 249 118 27 129 124 224 225 178 181 21 196 133 

2923.97	13943	62124
tour: 0 67 51 38 62 53 52 4 22 63 14 69 25 86 76 10 16 94 50 61 46 72 36 17 42 68 31 88 70 15 55 98 58 7 27 6 85 81 65 21 91 99 87 29 12 79 74 60 30 40 77 13 8 24 44 83 66 71 73 82 80 48 49 9 5 56 90 47 34 19 45 89 23 97 43 11 32 54 39 37 28 57 95 75 84 26 3 1 20 2 93 41 33 35 64 96 92 59 18 78 0 
bonus: 67 51 38 62 53 52 4 22 63 14 69 25 86 76 10 16 94 50 61 46 72 36 17 42 68 31 88 70 15 55 98 58 7 27 6 85 81 65 21 91 99 87 29 12 79 74 60 30 40 77 13 8 24 44 83 66 71 73 82 80 48 49 9 5 56 90 47 34 19 45 89 23 97 43 11 32 54 39 37 28 57 95 75 84 26 3 1 20 2 93 41 33 35 64 96 92 59 18 78 
passengers: 165 161 162 104 145 147 14 178 66 71 199 200 194 191 184 180 36 30 244 110 112 202 208 235 234 23 122 113 277 260 267 238 0 

2823.63	13945	62124
tour: 0 78 18 59 92 96 64 35 33 41 93 20 2 71 66 83 44 24 8 13 77 40 30 60 74 79 12 29 87 99 91 21 65 81 85 6 27 45 19 34 1 3 26 84 75 95 57 28 37 39 54 32 11 43 97 23 89 47 90 56 5 9 49 48 80 82 73 16 10 76 86 25 69 70 15 55 98 58 7 88 31 68 42 17 36 72 46 61 50 94 14 63 22 4 52 53 62 38 51 67 0 
bonus: 78 18 59 92 96 64 35 33 41 93 20 2 71 66 83 44 24 8 13 77 40 30 60 74 79 12 29 87 99 91 21 65 81 85 6 27 45 19 34 1 3 26 84 75 95 57 28 37 39 54 32 11 43 97 23 89 47 90 56 5 9 49 48 80 82 73 16 10 76 86 25 69 70 15 55 98 58 7 88 31 68 42 17 36 72 46 61 50 94 14 63 22 4 52 53 62 38 51 67 
passengers: 210 214 151 154 250 101 99 233 234 63 217 284 280 249 85 118 76 237 268 27 129 124 224 199 178 21 171 196 133 

2686.85	13962	62124
tour: 0 67 51 38 62 53 52 4 22 63 86 25 69 14 94 50 61 46 72 36 17 42 68 31 88 70 15 55 98 58 7 27 6 16 10 76 30 40 77 13 8 24 44 83 66 71 73 82 80 48 49 9 5 56 90 47 34 19 45 89 23 97 43 11 32 91 21 65 81 85 60 74 79 12 29 87 99 54 39 37 28 57 95 75 84 26 3 1 20 2 93 41 33 35 64 96 92 59 18 78 0 
bonus: 67 51 38 62 53 52 4 22 63 86 25 69 14 94 50 61 46 72 36 17 42 68 31 88 70 15 55 98 58 7 27 6 16 10 76 30 40 77 13 8 24 44 83 66 71 73 82 80 48 49 9 5 56 90 47 34 19 45 89 23 97 43 11 32 91 21 65 81 85 60 74 79 12 29 87 99 54 39 37 28 57 95 75 84 26 3 1 20 2 93 41 33 35 64 96 92 59 18 78 
passengers: 165 161 162 145 147 139 14 66 172 173 187 183 201 110 112 208 235 198 230 125 130 148 45 114 271 221 241 246 28 280 281 260 267 262 238 0 6 

2667.8	14070	62124
tour: 0 78 18 59 92 96 64 57 28 1 3 26 89 23 97 43 11 32 91 21 60 74 79 12 29 87 99 54 39 37 95 75 84 83 44 24 8 13 77 40 30 65 81 85 14 94 16 6 27 45 19 34 47 90 56 5 9 49 48 80 82 73 10 76 86 25 69 70 15 55 98 58 7 88 31 68 42 17 36 72 46 61 50 35 33 41 93 20 2 71 66 63 22 4 52 53 62 38 51 67 0 
bonus: 78 18 59 92 96 64 57 28 1 3 26 89 23 97 43 11 32 91 21 60 74 79 12 29 87 99 54 39 37 95 75 84 83 44 24 8 13 77 40 30 65 81 85 14 94 16 6 27 45 19 34 47 90 56 5 9 49 48 80 82 73 10 76 86 25 69 70 15 55 98 58 7 88 31 68 42 17 36 72 46 61 50 35 33 41 93 20 2 71 66 63 22 4 52 53 62 38 51 67 
passengers: 209 214 155 152 254 97 51 28 284 261 237 233 235 249 118 116 27 129 124 224 225 199 178 21 171 196 133 99 

2527.93	14135	62124
tour: 0 7 58 98 94 14 85 81 65 73 82 80 48 49 9 5 56 45 19 34 47 90 64 96 92 59 18 78 55 15 70 69 25 86 27 6 16 10 76 30 40 77 13 8 24 44 83 84 75 95 37 39 54 99 91 21 60 74 79 12 29 87 28 57 22 63 66 71 32 11 43 97 23 89 26 3 1 20 2 93 41 33 88 31 68 42 17 36 72 46 61 50 35 4 52 53 62 38 51 67 0 
bonus: 7 58 98 94 14 85 81 65 73 82 80 48 49 9 5 56 45 19 34 47 90 64 96 92 59 18 78 55 15 70 69 25 86 27 6 16 10 76 30 40 77 13 8 24 44 83 84 75 95 37 39 54 99 91 21 60 74 79 12 29 87 28 57 22 63 66 71 32 11 43 97 23 89 26 3 1 20 2 93 41 33 88 31 68 42 17 36 72 46 61 50 35 4 52 53 62 38 51 67 
passengers: 22 17 20 240 249 223 125 24 116 46 155 214 182 66 201 92 90 204 239 264 266 280 53 87 96 94 273 272 269 3 171 196 133 

2492.88	14274	62124
tour: 0 7 58 92 96 64 49 48 80 82 73 65 87 29 12 79 74 60 9 5 56 45 19 34 63 66 71 32 11 17 36 72 43 97 25 86 27 6 16 94 98 28 57 22 68 42 54 39 37 95 75 84 83 44 24 8 13 77 40 30 76 10 21 91 99 31 88 33 41 93 2 20 1 3 26 89 23 59 18 78 55 15 70 69 14 85 81 90 47 46 61 50 35 4 52 53 62 38 51 67 0 
bonus: 7 58 92 96 64 49 48 80 82 73 65 87 29 12 79 74 60 9 5 56 45 19 34 63 66 71 32 11 17 36 72 43 97 25 86 27 6 16 94 98 28 57 22 68 42 54 39 37 95 75 84 83 44 24 8 13 77 40 30 76 10 21 91 99 31 88 33 41 93 2 20 1 3 26 89 23 59 18 78 55 15 70 69 14 85 81 90 47 46 61 50 35 4 52 53 62 38 51 67 
passengers: 17 20 254 251 253 129 127 218 96 94 194 191 277 71 85 166 170 268 64 90 200 54 53 257 6 77 57 212 215 181 188 133 

