Fo(cost)	Fo(time)	Fo(bonus)

3442.15	13812	61029
tour: 0 66 60 51 3 65 71 92 23 72 37 83 97 96 86 70 10 26 93 32 13 88 19 68 16 25 76 55 95 17 44 22 6 64 9 7 20 74 50 34 39 31 53 59 42 45 77 33 35 57 52 28 63 4 18 82 49 48 2 90 47 21 91 27 46 62 87 85 61 94 69 29 38 56 41 15 80 78 8 89 24 14 1 75 40 58 81 99 98 43 84 12 11 79 54 73 67 30 36 5 0 
bonus: 66 60 51 3 65 71 92 23 72 37 83 97 96 86 70 10 26 93 32 13 88 19 68 16 25 76 55 95 17 44 22 6 64 9 7 20 74 50 34 39 31 53 59 42 45 77 33 35 57 52 28 63 4 18 82 49 48 2 90 47 21 91 27 46 62 87 85 61 94 69 29 38 56 41 15 80 78 8 89 24 14 1 75 40 58 81 99 98 43 84 12 11 79 54 73 67 30 36 5 
passengers: 249 245 132 296 293 66 56 302 372 267 317 319 162 239 200 118 90 88 183 135 229 361 221 207 273 278 84 344 334 315 193 184 

3336.6	13829	61029
tour: 0 5 36 30 42 59 53 31 39 34 50 74 20 7 9 64 1 75 22 6 84 12 11 79 54 73 67 90 2 48 61 85 87 62 46 27 91 21 47 8 78 80 15 41 56 38 29 69 94 4 63 28 52 57 3 65 71 51 60 95 55 76 25 16 68 19 99 98 43 35 33 77 45 88 13 32 93 26 49 82 18 37 72 23 92 83 97 96 86 70 10 81 58 40 89 24 14 44 17 66 0 
bonus: 5 36 30 42 59 53 31 39 34 50 74 20 7 9 64 1 75 22 6 84 12 11 79 54 73 67 90 2 48 61 85 87 62 46 27 91 21 47 8 78 80 15 41 56 38 29 69 94 4 63 28 52 57 3 65 71 51 60 95 55 76 25 16 68 19 99 98 43 35 33 77 45 88 13 32 93 26 49 82 18 37 72 23 92 83 97 96 86 70 10 81 58 40 89 24 14 44 17 66 
passengers: 110 111 112 120 108 27 12 36 251 125 391 216 335 352 168 85 282 177 296 128 205 258 267 262 266 328 78 364 105 64 288 194 195 

3245.48	13831	61029
tour: 0 66 17 44 14 24 89 8 78 80 15 41 56 38 29 69 94 4 63 28 52 57 3 65 71 92 23 72 37 83 97 96 86 40 58 81 10 26 93 32 13 88 45 77 33 35 43 98 99 19 68 16 25 76 55 95 60 51 49 82 18 70 47 21 91 27 46 62 87 85 61 48 2 90 67 73 54 79 11 12 84 6 22 75 1 64 9 7 20 74 50 34 39 31 53 59 42 30 36 5 0 
bonus: 66 17 44 14 24 89 8 78 80 15 41 56 38 29 69 94 4 63 28 52 57 3 65 71 92 23 72 37 83 97 96 86 40 58 81 10 26 93 32 13 88 45 77 33 35 43 98 99 19 68 16 25 76 55 95 60 51 49 82 18 70 47 21 91 27 46 62 87 85 61 48 2 90 67 73 54 79 11 12 84 6 22 75 1 64 9 7 20 74 50 34 39 31 53 59 42 30 36 5 
passengers: 247 246 44 335 341 171 85 86 5 227 177 178 296 302 373 197 185 355 80 326 267 264 320 164 204 130 361 221 214 252 160 346 381 19 314 200 

3078.22	13837	61029
tour: 0 5 36 30 42 59 53 31 39 34 50 74 20 7 9 64 1 75 22 6 84 12 11 79 54 73 67 90 2 48 61 85 87 62 46 27 91 21 47 70 10 81 58 40 86 96 97 83 92 23 72 37 18 82 49 26 93 32 13 88 45 77 33 35 43 98 99 19 68 16 25 76 55 95 60 51 71 65 3 57 52 28 63 4 94 69 29 38 56 41 15 80 78 8 89 24 14 44 17 66 0 
bonus: 5 36 30 42 59 53 31 39 34 50 74 20 7 9 64 1 75 22 6 84 12 11 79 54 73 67 90 2 48 61 85 87 62 46 27 91 21 47 70 10 81 58 40 86 96 97 83 92 23 72 37 18 82 49 26 93 32 13 88 45 77 33 35 43 98 99 19 68 16 25 76 55 95 60 51 71 65 3 57 52 28 63 4 94 69 29 38 56 41 15 80 78 8 89 24 14 44 17 66 
passengers: 110 111 112 120 108 27 12 347 251 210 389 218 288 186 197 305 96 363 359 80 69 206 132 297 243 183 143 275 278 84 173 344 345 

2970.78	13849	61029
tour: 0 5 36 30 42 59 53 31 39 34 50 74 20 7 9 64 1 75 22 6 84 12 11 79 54 73 67 90 2 48 61 85 87 62 46 27 91 21 47 70 10 26 93 32 13 88 45 77 33 35 43 98 99 19 68 16 25 76 55 95 60 51 49 82 18 37 72 23 92 83 97 96 86 40 58 81 71 65 3 57 52 28 63 4 94 69 29 38 56 41 15 80 78 8 89 24 14 44 17 66 0 
bonus: 5 36 30 42 59 53 31 39 34 50 74 20 7 9 64 1 75 22 6 84 12 11 79 54 73 67 90 2 48 61 85 87 62 46 27 91 21 47 70 10 26 93 32 13 88 45 77 33 35 43 98 99 19 68 16 25 76 55 95 60 51 49 82 18 37 72 23 92 83 97 96 86 40 58 81 71 65 3 57 52 28 63 4 94 69 29 38 56 41 15 80 78 8 89 24 14 44 17 66 
passengers: 110 111 112 120 108 27 12 37 251 210 391 222 223 215 326 94 258 267 266 318 132 363 308 185 356 357 243 183 143 135 275 278 84 173 344 345 

2877.9	13882	61029
tour: 0 5 36 30 42 59 53 31 39 34 50 74 20 7 9 64 1 14 24 89 8 78 80 15 41 56 38 29 69 94 4 63 28 52 57 3 65 71 81 58 40 75 22 6 84 12 11 79 54 73 67 46 27 91 21 47 90 2 48 61 85 87 62 18 37 72 23 92 83 97 96 86 70 10 26 93 32 13 88 45 77 33 35 43 98 99 19 68 16 25 76 55 95 60 51 49 82 44 17 66 0 
bonus: 5 36 30 42 59 53 31 39 34 50 74 20 7 9 64 1 14 24 89 8 78 80 15 41 56 38 29 69 94 4 63 28 52 57 3 65 71 81 58 40 75 22 6 84 12 11 79 54 73 67 46 27 91 21 47 90 2 48 61 85 87 62 18 37 72 23 92 83 97 96 86 70 10 26 93 32 13 88 45 77 33 35 43 98 99 19 68 16 25 76 55 95 60 51 49 82 44 17 66 
passengers: 113 111 117 198 152 29 30 335 171 85 83 5 224 174 189 12 347 161 251 250 210 389 391 223 218 97 302 303 73 324 326 267 320 133 364 

2808.87	13924	61029
tour: 0 5 36 30 42 59 53 31 39 34 50 74 20 7 9 64 1 14 24 89 8 78 91 21 47 90 2 48 61 85 87 62 56 38 29 80 15 41 98 99 19 68 16 25 76 55 95 60 51 71 65 3 57 52 28 63 58 81 10 70 86 40 75 22 6 69 94 4 18 37 72 23 92 83 97 96 27 46 67 73 54 79 11 12 84 43 35 33 77 45 88 13 32 93 26 49 82 44 17 66 0 
bonus: 5 36 30 42 59 53 31 39 34 50 74 20 7 9 64 1 14 24 89 8 78 91 21 47 90 2 48 61 85 87 62 56 38 29 80 15 41 98 99 19 68 16 25 76 55 95 60 51 71 65 3 57 52 28 63 58 81 10 70 86 40 75 22 6 69 94 4 18 37 72 23 92 83 97 96 27 46 67 73 54 79 11 12 84 43 35 33 77 45 88 13 32 93 26 49 82 44 17 66 
passengers: 113 111 120 108 109 27 39 3 124 125 391 222 168 318 166 162 202 132 243 176 138 140 136 185 354 315 21 12 306 254 158 347 377 92 324 73 364 

2777.43	14041	61029
tour: 0 66 17 2 90 47 70 10 26 93 3 65 71 81 58 63 28 52 57 49 51 60 95 55 76 25 16 68 32 13 88 45 77 33 35 43 84 12 29 38 56 62 18 37 72 23 11 79 54 73 67 46 27 21 91 78 8 89 24 14 1 64 9 7 20 74 50 34 39 31 53 87 85 61 48 19 99 98 41 15 80 4 94 69 6 22 44 82 75 40 86 96 97 83 92 59 42 30 36 5 0 
bonus: 66 17 2 90 47 70 10 26 93 3 65 71 81 58 63 28 52 57 49 51 60 95 55 76 25 16 68 32 13 88 45 77 33 35 43 84 12 29 38 56 62 18 37 72 23 11 79 54 73 67 46 27 21 91 78 8 89 24 14 1 64 9 7 20 74 50 34 39 31 53 87 85 61 48 19 99 98 41 15 80 4 94 69 6 22 44 82 75 40 86 96 97 83 92 59 42 30 36 5 
passengers: 247 249 245 43 45 188 175 206 164 165 268 382 383 170 214 218 307 346 309 252 39 27 25 54 390 208 350 6 281 358 200 

2756.7	14063	61029
tour: 0 5 36 30 42 59 92 83 97 96 27 46 67 73 54 79 11 23 72 37 18 62 56 38 29 12 84 43 35 33 77 45 88 13 32 82 44 48 19 68 16 25 76 55 95 60 51 49 57 52 28 63 58 81 71 65 3 93 26 10 70 86 40 75 22 6 69 94 4 80 15 41 98 99 61 85 87 53 31 39 34 50 74 20 7 9 64 1 14 24 89 8 78 91 21 47 90 2 17 66 0 
bonus: 5 36 30 42 59 92 83 97 96 27 46 67 73 54 79 11 23 72 37 18 62 56 38 29 12 84 43 35 33 77 45 88 13 32 82 44 48 19 68 16 25 76 55 95 60 51 49 57 52 28 63 58 81 71 65 3 93 26 10 70 86 40 75 22 6 69 94 4 80 15 41 98 99 61 85 87 53 31 39 34 50 74 20 7 9 64 1 14 24 89 8 78 91 21 47 90 2 17 66 
passengers: 118 119 112 115 120 36 56 306 106 377 388 90 94 363 359 124 261 166 202 176 137 229 297 70 284 314 14 272 276 152 154 155 50 52 33 28 345 

2748.23	14101	61029
tour: 0 66 5 36 30 42 59 92 83 97 96 57 52 28 63 58 81 71 65 3 93 26 10 70 86 40 75 22 6 69 94 4 80 15 41 33 35 43 84 12 29 20 74 50 34 39 31 53 87 85 61 48 19 68 32 13 88 45 77 7 9 64 1 14 24 89 8 78 91 21 47 90 2 17 44 82 49 51 60 95 55 76 25 16 99 98 38 56 62 18 37 72 23 11 79 54 73 67 46 27 0 
bonus: 66 5 36 30 42 59 92 83 97 96 57 52 28 63 58 81 71 65 3 93 26 10 70 86 40 75 22 6 69 94 4 80 15 41 33 35 43 84 12 29 20 74 50 34 39 31 53 87 85 61 48 19 68 32 13 88 45 77 7 9 64 1 14 24 89 8 78 91 21 47 90 2 17 44 82 49 51 60 95 55 76 25 16 99 98 38 56 62 18 37 72 23 11 79 54 73 67 46 27 
passengers: 247 248 110 116 368 371 176 297 76 314 14 18 276 278 82 50 53 152 390 391 267 262 25 33 40 44 361 359 128 130 206 204 170 214 218 219 97 299 57 

2681.37	14111	61029
tour: 0 66 5 36 30 42 59 92 83 97 96 57 52 28 63 58 81 71 65 3 93 26 10 70 86 40 75 22 6 64 1 14 24 89 8 78 91 21 69 94 4 80 15 41 98 99 19 48 61 85 87 53 31 39 34 50 74 20 7 9 55 95 60 51 49 82 44 17 2 90 47 76 25 16 68 32 13 88 45 77 33 35 43 84 12 29 38 56 62 18 37 72 23 11 79 54 73 67 46 27 0 
bonus: 66 5 36 30 42 59 92 83 97 96 57 52 28 63 58 81 71 65 3 93 26 10 70 86 40 75 22 6 64 1 14 24 89 8 78 91 21 69 94 4 80 15 41 98 99 19 48 61 85 87 53 31 39 34 50 74 20 7 9 55 95 60 51 49 82 44 17 2 90 47 76 25 16 68 32 13 88 45 77 33 35 43 84 12 29 38 56 62 18 37 72 23 11 79 54 73 67 46 27 
passengers: 247 248 110 116 368 371 183 297 70 312 14 18 335 282 272 351 122 124 152 310 25 33 206 130 361 44 84 170 214 218 219 97 98 299 57 

2670.4	14136	61029
tour: 0 66 5 36 30 42 59 92 83 97 96 57 52 28 63 58 81 71 65 3 93 26 10 70 86 40 75 22 6 64 1 14 24 89 8 78 91 21 69 94 4 80 15 41 33 35 43 84 12 29 20 74 50 34 39 31 53 87 85 61 48 19 68 32 13 88 45 77 7 9 55 95 60 51 49 82 44 17 2 90 47 76 25 16 99 98 38 56 62 18 37 72 23 11 79 54 73 67 46 27 0 
bonus: 66 5 36 30 42 59 92 83 97 96 57 52 28 63 58 81 71 65 3 93 26 10 70 86 40 75 22 6 64 1 14 24 89 8 78 91 21 69 94 4 80 15 41 33 35 43 84 12 29 20 74 50 34 39 31 53 87 85 61 48 19 68 32 13 88 45 77 7 9 55 95 60 51 49 82 44 17 2 90 47 76 25 16 99 98 38 56 62 18 37 72 23 11 79 54 73 67 46 27 
passengers: 247 248 110 116 368 371 183 297 70 14 18 239 335 276 278 349 88 94 82 53 152 146 209 267 262 330 34 206 361 44 170 214 218 219 299 57 

2629.47	14145	61029
tour: 0 66 5 36 30 23 72 37 18 62 56 38 29 20 7 9 55 95 60 51 49 82 44 17 2 90 47 76 25 16 68 19 48 69 94 4 80 15 41 98 99 61 85 87 53 31 39 34 50 74 21 91 78 8 89 24 14 1 64 6 22 75 40 86 70 10 26 93 3 65 71 81 58 63 28 52 57 96 97 83 92 59 42 32 13 88 45 77 33 35 43 84 12 11 79 54 73 67 46 27 0 
bonus: 66 5 36 30 23 72 37 18 62 56 38 29 20 7 9 55 95 60 51 49 82 44 17 2 90 47 76 25 16 68 19 48 69 94 4 80 15 41 98 99 61 85 87 53 31 39 34 50 74 21 91 78 8 89 24 14 1 64 6 22 75 40 86 70 10 26 93 3 65 71 81 58 63 28 52 57 96 97 83 92 59 42 32 13 88 45 77 33 35 43 84 12 11 79 54 73 67 46 27 
passengers: 249 245 246 56 65 305 168 163 203 129 360 1 213 207 147 151 344 38 16 240 292 193 227 374 373 118 112 325 93 

2532.35	14266	61029
tour: 0 66 5 36 30 42 32 13 88 45 77 73 54 79 11 12 29 20 60 95 55 9 7 96 97 83 92 59 65 71 81 58 8 78 91 21 74 50 34 39 31 53 87 85 61 94 69 48 19 68 16 25 76 47 90 2 23 72 37 89 24 14 1 64 6 22 75 40 86 70 10 26 93 3 57 52 28 63 51 49 82 44 17 84 43 35 33 41 15 80 4 99 98 38 56 62 18 67 46 27 0 
bonus: 66 5 36 30 42 32 13 88 45 77 73 54 79 11 12 29 20 60 95 55 9 7 96 97 83 92 59 65 71 81 58 8 78 91 21 74 50 34 39 31 53 87 85 61 94 69 48 19 68 16 25 76 47 90 2 23 72 37 89 24 14 1 64 6 22 75 40 86 70 10 26 93 3 57 52 28 63 51 49 82 44 17 84 43 35 33 41 15 80 4 99 98 38 56 62 18 67 46 27 
passengers: 244 249 245 111 112 346 36 82 51 203 163 27 241 156 149 151 389 258 0 56 306 301 106 19 313 286 130 361 44 388 93 170 214 

