Fo(cost)	Fo(time)	Fo(bonus)

2805.33	2979	11290
tour: 0 19 16 18 14 9 13 17 15 11 10 4 2 5 3 1 8 7 12 6 0 
bonus: 19 16 18 14 9 13 17 15 11 10 4 2 5 3 1 8 7 12 6 
passengers: 16 15 

2309.83	2987	11290
tour: 0 19 16 13 17 8 1 3 9 14 18 15 11 10 4 2 5 7 12 6 0 
bonus: 19 16 13 17 8 1 3 9 14 18 15 11 10 4 2 5 7 12 6 
passengers: 25 12 26 0 16 15 14 

2274.83	3029	11290
tour: 0 6 12 7 5 4 2 8 1 3 9 13 17 15 11 10 14 18 16 19 0 
bonus: 6 12 7 5 4 2 8 1 3 9 13 17 15 11 10 14 18 16 19 
passengers: 0 12 18 17 

2134.08	3082	11290
tour: 0 19 16 12 7 5 3 1 8 17 13 9 14 10 4 2 11 15 18 6 0 
bonus: 19 16 12 7 5 3 1 8 17 13 9 14 10 4 2 11 15 18 6 
passengers: 0 12 11 1 3 2 

2104.5	3091	11290
tour: 0 19 16 12 7 5 4 2 11 15 17 13 8 1 3 9 10 14 18 6 0 
bonus: 19 16 12 7 5 4 2 11 15 17 13 8 1 3 9 10 14 18 6 
passengers: 20 24 23 26 12 0 1 

1471.92	3102	11290
tour: 0 6 18 15 17 13 8 1 3 9 14 10 4 2 11 5 7 12 16 19 0 
bonus: 6 18 15 17 13 8 1 3 9 14 10 4 2 11 5 7 12 16 19 
passengers: 20 24 23 26 12 0 1 3 2 5 4 6 

