Fo(cost)	Fo(time)	Fo(bonus)

  3125	2963	13725
tour: 0 14 1 10 17 11 9 12 6 5 19 16 2 15 8 18 4 3 7 13 0 
bonus: 14 1 10 17 11 9 12 6 5 19 16 2 15 8 18 4 3 7 13 
passengers: 1 3 2 23 24 8 

  3079	2972	13725
tour: 0 14 1 10 17 15 8 6 11 9 12 18 4 5 19 2 16 3 7 13 0 
bonus: 14 1 10 17 15 8 6 11 9 12 18 4 5 19 2 16 3 7 13 
passengers: 1 3 2 13 15 14 9 8 

  3030	2979	13725
tour: 0 14 1 10 17 15 8 18 4 5 19 2 16 3 11 9 12 6 7 13 0 
bonus: 14 1 10 17 15 8 18 4 5 19 2 16 3 11 9 12 6 7 13 
passengers: 1 3 2 13 15 14 9 8 22 21 20 

  2977	2986	13725
tour: 0 14 1 10 17 15 2 16 19 5 4 18 8 6 12 9 11 3 7 13 0 
bonus: 14 1 10 17 15 2 16 19 5 4 18 8 6 12 9 11 3 7 13 
passengers: 1 3 2 6 7 16 18 17 

  2928	3008	13725
tour: 0 14 1 10 17 7 3 11 9 12 6 5 19 16 2 15 8 18 4 13 0 
bonus: 14 1 10 17 7 3 11 9 12 6 5 19 16 2 15 8 18 4 13 
passengers: 1 3 2 29 28 27 23 24 

  2926	3014	13725
tour: 0 14 1 10 17 7 3 11 9 12 6 8 18 4 5 19 16 2 15 13 0 
bonus: 14 1 10 17 7 3 11 9 12 6 8 18 4 5 19 16 2 15 13 
passengers: 1 3 2 29 28 27 23 24 13 15 14 

  2898	3026	13725
tour: 0 14 1 10 17 15 8 18 4 5 19 16 2 6 12 9 11 3 7 13 0 
bonus: 14 1 10 17 15 8 18 4 5 19 16 2 6 12 9 11 3 7 13 
passengers: 1 3 2 13 15 14 16 18 17 

  2896	3033	13725
tour: 0 13 7 17 10 1 18 4 5 6 12 9 11 3 8 15 2 19 16 14 0 
bonus: 13 7 17 10 1 18 4 5 6 12 9 11 3 8 15 2 19 16 14 
passengers: 1 3 2 13 15 14 16 18 17 23 24 

2539.58	3037	13725
tour: 0 4 18 8 15 17 10 1 14 16 2 19 5 6 12 9 11 3 7 13 0 
bonus: 4 18 8 15 17 10 1 14 16 2 19 5 6 12 9 11 3 7 13 
passengers: 6 7 16 18 17 

2121.17	3045	13725
tour: 0 13 7 17 15 8 18 4 9 12 6 5 19 2 16 3 11 10 1 14 0 
bonus: 13 7 17 15 8 18 4 9 12 6 5 19 2 16 3 11 10 1 14 
passengers: 25 13 14 9 8 

  2092	3142	13725
tour: 0 13 15 8 3 7 17 10 11 6 12 9 4 18 1 14 5 19 2 16 0 
bonus: 13 15 8 3 7 17 10 11 6 12 9 4 18 1 14 5 19 2 16 
passengers: 13 14 6 

2018.5	3342	13725
tour: 0 13 7 17 15 8 3 11 10 19 2 16 14 1 18 9 4 5 6 12 0 
bonus: 13 7 17 15 8 3 11 10 19 2 16 14 1 18 9 4 5 6 12 
passengers: 25 13 15 14 16 18 17 

1785.17	3496	13725
tour: 0 12 10 11 5 4 9 18 1 14 16 19 2 6 8 3 7 17 15 13 0 
bonus: 12 10 11 5 4 9 18 1 14 16 19 2 6 8 3 7 17 15 13 
passengers: 6 7 9 8 23 

1693.92	3619	13725
tour: 0 12 6 8 3 7 14 1 18 9 4 5 11 10 19 16 2 17 15 13 0 
bonus: 12 6 8 3 7 14 1 18 9 4 5 11 10 19 16 2 17 15 13 
passengers: 23 22 21 29 13 15 14 

