Fo(cost)	Fo(time)	Fo(bonus)

  3663	3024	13866
tour: 0 19 10 5 9 7 4 11 2 12 14 3 15 17 13 1 18 8 16 6 0 
bonus: 19 10 5 9 7 4 11 2 12 14 3 15 17 13 1 18 8 16 6 
passengers: 1 3 2 40 13 12 

  3222	3044	13866
tour: 0 19 3 14 10 5 9 7 4 11 2 12 15 17 13 1 18 8 16 6 0 
bonus: 19 3 14 10 5 9 7 4 11 2 12 15 17 13 1 18 8 16 6 
passengers: 1 3 2 45 44 46 19 18 17 20 40 

3043.83	3064	13866
tour: 0 6 16 8 18 5 9 1 13 17 15 12 2 11 4 7 10 14 3 19 0 
bonus: 6 16 8 18 5 9 1 13 17 15 12 2 11 4 7 10 14 3 19 
passengers: 0 10 15 14 24 26 25 

2568.25	3087	13866
tour: 0 6 2 11 4 7 16 8 18 12 15 17 13 1 9 5 10 14 3 19 0 
bonus: 6 2 11 4 7 16 8 18 12 15 17 13 1 9 5 10 14 3 19 
passengers: 8 15 14 24 27 26 25 11 33 32 

1754.93	3206	13866
tour: 0 10 14 7 9 5 17 13 1 18 19 3 15 12 8 16 2 11 4 6 0 
bonus: 10 14 7 9 5 17 13 1 18 19 3 15 12 8 16 2 11 4 6 
passengers: 33 11 45 44 46 43 42 41 15 14 23 22 21 

1693.33	3279	13866
tour: 0 10 14 7 15 12 9 5 17 13 1 18 19 3 4 11 8 16 2 6 0 
bonus: 10 14 7 15 12 9 5 17 13 1 18 19 3 4 11 8 16 2 6 
passengers: 33 11 45 44 47 46 16 27 43 42 41 

1669.33	3453	13866
tour: 0 18 10 14 7 15 12 8 9 5 17 1 13 19 3 4 11 16 2 6 0 
bonus: 18 10 14 7 15 12 8 9 5 17 1 13 19 3 4 11 16 2 6 
passengers: 33 32 11 45 44 47 46 16 23 

1516.6	3469	13866
tour: 0 18 10 14 7 15 12 9 5 17 1 13 19 3 8 16 2 6 11 4 0 
bonus: 18 10 14 7 15 12 9 5 17 1 13 19 3 8 16 2 6 11 4 
passengers: 33 32 11 45 44 46 43 42 41 15 14 

