Fo(cost)	Fo(time)	Fo(bonus)

3228.5	2942	13031
tour: 0 12 10 9 14 5 18 11 3 7 8 13 4 1 17 16 19 2 6 15 0 
bonus: 12 10 9 14 5 18 11 3 7 8 13 4 1 17 16 19 2 6 15 
passengers: 1 8 7 20 

2737.33	2950	13031
tour: 0 12 10 16 17 1 4 13 8 7 3 15 9 14 5 18 11 6 19 2 0 
bonus: 12 10 16 17 1 4 13 8 7 3 15 9 14 5 18 11 6 19 2 
passengers: 1 11 10 23 22 20 

2115.42	2999	13031
tour: 0 2 6 19 15 3 7 8 1 4 13 16 17 14 5 18 11 9 10 12 0 
bonus: 2 6 19 15 3 7 8 1 4 13 16 17 14 5 18 11 9 10 12 
passengers: 9 31 32 20 35 34 33 3 2 

2095.42	3006	13031
tour: 0 6 2 19 15 3 7 8 1 4 13 16 17 14 5 18 11 9 10 12 0 
bonus: 6 2 19 15 3 7 8 1 4 13 16 17 14 5 18 11 9 10 12 
passengers: 9 31 32 20 35 34 33 3 2 

1828.22	3258	13031
tour: 0 6 13 15 19 3 7 8 1 4 17 16 10 12 11 9 14 5 18 2 0 
bonus: 6 13 15 19 3 7 8 1 4 17 16 10 12 11 9 14 5 18 2 
passengers: 11 10 13 12 24 26 25 31 32 8 7 20 

1750.08	3570	13031
tour: 0 2 18 5 12 11 9 19 3 15 13 6 14 17 16 7 8 1 4 10 0 
bonus: 2 18 5 12 11 9 19 3 15 13 6 14 17 16 7 8 1 4 10 
passengers: 35 34 33 37 36 38 9 19 18 16 15 17 

1734.6	3912	13031
tour: 0 2 18 11 12 5 1 9 3 19 15 13 6 14 4 17 16 7 8 10 0 
bonus: 2 18 11 12 5 1 9 3 19 15 13 6 14 4 17 16 7 8 10 
passengers: 0 35 34 33 3 2 37 36 38 9 19 18 16 15 17 

1715.33	4072	13031
tour: 0 10 8 17 16 7 2 18 11 12 5 1 9 3 19 15 13 6 4 14 0 
bonus: 10 8 17 16 7 2 18 11 12 5 1 9 3 19 15 13 6 4 14 
passengers: 32 35 34 33 3 2 37 36 38 

