Fo(cost)	Fo(time)	Fo(bonus)

3160.5	2894	13012
tour: 0 1 16 19 7 5 4 18 9 14 15 17 6 13 2 8 12 3 11 10 0 
bonus: 1 16 19 7 5 4 18 9 14 15 17 6 13 2 8 12 3 11 10 
passengers: 7 6 5 0 32 31 30 33 21 20 16 17 15 

  2755	2914	13012
tour: 0 10 11 3 12 8 2 4 18 9 14 6 13 17 15 5 7 19 16 1 0 
bonus: 10 11 3 12 8 2 4 18 9 14 6 13 17 15 5 7 19 16 1 
passengers: 13 

2483.92	2970	13012
tour: 0 10 1 16 14 6 13 17 15 9 19 7 5 11 3 12 8 2 4 18 0 
bonus: 10 1 16 14 6 13 17 15 9 19 7 5 11 3 12 8 2 4 18 
passengers: 32 31 30 19 18 

2208.5	3061	13012
tour: 0 1 10 11 5 7 19 9 15 14 6 13 17 16 3 12 8 2 4 18 0 
bonus: 1 10 11 5 7 19 9 15 14 6 13 17 16 3 12 8 2 4 18 
passengers: 27 29 28 17 

2040.1	3087	13012
tour: 0 10 11 5 13 17 6 14 15 9 19 7 18 4 2 8 12 3 16 1 0 
bonus: 10 11 5 13 17 6 14 15 9 19 7 18 4 2 8 12 3 16 1 
passengers: 32 31 30 33 21 20 22 12 

  2005	3180	13012
tour: 0 1 10 11 5 7 19 9 15 14 6 17 13 16 3 12 18 4 2 8 0 
bonus: 1 10 11 5 7 19 9 15 14 6 17 13 16 3 12 18 4 2 8 
passengers: 27 29 28 17 22 

1988.83	3189	13012
tour: 0 1 10 11 5 7 19 9 15 12 3 16 14 6 13 17 18 4 2 8 0 
bonus: 1 10 11 5 7 19 9 15 12 3 16 14 6 13 17 18 4 2 8 
passengers: 18 15 22 

1954.77	3194	13012
tour: 0 1 10 11 5 15 9 19 7 18 4 13 17 6 14 16 3 12 2 8 0 
bonus: 1 10 11 5 15 9 19 7 18 4 13 17 6 14 16 3 12 2 8 
passengers: 32 31 30 33 21 20 22 17 15 

1607.17	3395	13012
tour: 0 8 2 12 15 9 19 7 18 4 17 6 14 16 3 13 5 11 10 1 0 
bonus: 8 2 12 15 9 19 7 18 4 17 6 14 16 3 13 5 11 10 1 
passengers: 32 31 30 29 33 21 20 22 17 13 

