Fo(cost)	Fo(time)	Fo(bonus)

7897.42	27373	125957
tour: 0 39 36 113 57 11 110 146 14 115 147 175 107 195 161 194 140 37 126 181 151 2 43 60 88 122 142 22 20 78 61 67 128 69 114 187 33 105 179 163 198 42 24 72 13 41 82 158 134 31 190 8 81 150 46 139 185 59 76 47 157 97 51 153 168 68 188 123 83 73 93 1 12 58 183 119 70 130 50 44 111 89 167 145 85 92 172 112 197 162 66 6 152 29 102 148 27 98 164 71 100 56 129 144 30 77 53 180 169 19 34 28 45 137 40 91 75 80 160 192 90 94 143 84 101 199 141 54 99 154 159 32 63 9 52 103 86 178 26 55 184 138 118 35 149 87 65 106 5 117 191 96 116 64 127 79 189 25 48 182 165 131 170 95 10 120 74 109 124 176 17 196 7 132 38 21 49 3 18 125 174 104 133 23 16 121 166 186 62 4 177 171 135 108 155 136 173 15 193 156 0 
bonus: 39 36 113 57 11 110 146 14 115 147 175 107 195 161 194 140 37 126 181 151 2 43 60 88 122 142 22 20 78 61 67 128 69 114 187 33 105 179 163 198 42 24 72 13 41 82 158 134 31 190 8 81 150 46 139 185 59 76 47 157 97 51 153 168 68 188 123 83 73 93 1 12 58 183 119 70 130 50 44 111 89 167 145 85 92 172 112 197 162 66 6 152 29 102 148 27 98 164 71 100 56 129 144 30 77 53 180 169 19 34 28 45 137 40 91 75 80 160 192 90 94 143 84 101 199 141 54 99 154 159 32 63 9 52 103 86 178 26 55 184 138 118 35 149 87 65 106 5 117 191 96 116 64 127 79 189 25 48 182 165 131 170 95 10 120 74 109 124 176 17 196 7 132 38 21 49 3 18 125 174 104 133 23 16 121 166 186 62 4 177 171 135 108 155 136 173 15 193 156 
passengers: 141 137 26 421 362 317 397 89 231 223 241 266 412 43 258 8 58 403 336 205 338 

7561.67	27378	125957
tour: 0 156 193 15 173 136 155 108 135 171 177 4 62 186 166 121 16 23 133 104 174 125 18 3 49 21 38 132 7 196 17 176 124 109 74 120 10 95 170 131 165 182 48 25 189 79 127 64 116 47 76 59 185 139 46 150 81 8 190 31 134 158 82 41 13 72 24 42 198 163 179 105 33 187 114 69 128 67 61 78 20 22 142 122 88 60 43 2 151 181 126 37 140 194 161 195 107 175 147 115 14 157 97 51 153 168 68 188 123 83 73 93 1 12 58 183 119 70 130 50 44 111 89 167 145 85 92 172 112 197 162 66 6 152 29 102 148 27 98 164 71 100 56 129 144 30 77 53 180 169 19 34 28 45 137 40 91 75 80 160 192 90 94 143 84 101 199 141 54 99 154 159 32 63 9 52 103 86 178 26 55 184 138 118 35 149 87 65 106 5 117 191 96 146 110 11 57 113 36 39 0 
bonus: 156 193 15 173 136 155 108 135 171 177 4 62 186 166 121 16 23 133 104 174 125 18 3 49 21 38 132 7 196 17 176 124 109 74 120 10 95 170 131 165 182 48 25 189 79 127 64 116 47 76 59 185 139 46 150 81 8 190 31 134 158 82 41 13 72 24 42 198 163 179 105 33 187 114 69 128 67 61 78 20 22 142 122 88 60 43 2 151 181 126 37 140 194 161 195 107 175 147 115 14 157 97 51 153 168 68 188 123 83 73 93 1 12 58 183 119 70 130 50 44 111 89 167 145 85 92 172 112 197 162 66 6 152 29 102 148 27 98 164 71 100 56 129 144 30 77 53 180 169 19 34 28 45 137 40 91 75 80 160 192 90 94 143 84 101 199 141 54 99 154 159 32 63 9 52 103 86 178 26 55 184 138 118 35 149 87 65 106 5 117 191 96 146 110 11 57 113 36 39 
passengers: 38 308 152 108 437 271 105 101 398 177 355 277 236 2 189 419 190 132 75 76 247 330 

  7413	27387	125957
tour: 0 39 36 113 57 11 166 121 16 23 133 104 174 125 18 3 49 21 38 132 7 196 17 176 124 109 74 120 10 95 170 131 165 182 48 25 194 140 37 126 110 146 14 115 147 175 107 195 161 70 130 50 44 111 76 59 185 139 46 150 81 8 190 31 134 158 82 41 13 72 24 42 198 163 179 105 33 187 114 69 128 67 61 78 20 47 157 97 51 153 168 68 188 123 83 73 93 1 12 58 183 119 22 142 122 88 60 43 2 151 181 77 30 144 129 56 100 71 164 189 79 127 64 116 96 191 117 5 106 160 192 90 94 143 84 101 199 141 54 99 154 159 32 63 9 52 103 86 178 26 55 184 138 118 35 149 53 180 169 19 34 28 45 137 40 91 75 80 87 65 98 27 148 102 29 152 6 66 162 197 112 172 92 85 145 167 89 186 62 4 177 171 135 108 155 136 173 15 193 156 0 
bonus: 39 36 113 57 11 166 121 16 23 133 104 174 125 18 3 49 21 38 132 7 196 17 176 124 109 74 120 10 95 170 131 165 182 48 25 194 140 37 126 110 146 14 115 147 175 107 195 161 70 130 50 44 111 76 59 185 139 46 150 81 8 190 31 134 158 82 41 13 72 24 42 198 163 179 105 33 187 114 69 128 67 61 78 20 47 157 97 51 153 168 68 188 123 83 73 93 1 12 58 183 119 22 142 122 88 60 43 2 151 181 77 30 144 129 56 100 71 164 189 79 127 64 116 96 191 117 5 106 160 192 90 94 143 84 101 199 141 54 99 154 159 32 63 9 52 103 86 178 26 55 184 138 118 35 149 53 180 169 19 34 28 45 137 40 91 75 80 87 65 98 27 148 102 29 152 6 66 162 197 112 172 92 85 145 167 89 186 62 4 177 171 135 108 155 136 173 15 193 156 
passengers: 85 140 141 407 354 421 96 88 320 388 390 277 185 236 75 158 154 153 211 165 299 

7396.75	27408	125957
tour: 0 39 36 113 57 11 110 146 96 191 117 5 106 65 87 149 35 118 138 184 55 26 178 86 103 52 9 63 32 159 154 99 54 141 199 101 84 143 94 90 192 160 80 75 91 40 137 45 28 34 19 169 180 53 77 30 144 104 174 125 18 3 49 21 38 132 7 196 17 176 124 109 74 120 10 95 170 131 165 182 48 25 194 140 37 126 181 151 2 43 60 129 56 100 71 164 189 79 127 64 116 47 157 97 51 153 168 68 188 123 83 73 93 1 12 58 183 119 107 195 161 70 130 50 44 175 147 115 14 135 171 177 4 62 186 166 121 16 23 133 88 122 142 22 20 78 61 67 128 69 114 187 33 105 179 163 198 42 24 72 13 41 82 158 134 31 190 8 81 150 46 139 185 59 76 111 89 167 145 85 92 172 112 197 162 66 6 152 29 102 148 27 98 108 155 136 173 15 193 156 0 
bonus: 39 36 113 57 11 110 146 96 191 117 5 106 65 87 149 35 118 138 184 55 26 178 86 103 52 9 63 32 159 154 99 54 141 199 101 84 143 94 90 192 160 80 75 91 40 137 45 28 34 19 169 180 53 77 30 144 104 174 125 18 3 49 21 38 132 7 196 17 176 124 109 74 120 10 95 170 131 165 182 48 25 194 140 37 126 181 151 2 43 60 129 56 100 71 164 189 79 127 64 116 47 157 97 51 153 168 68 188 123 83 73 93 1 12 58 183 119 107 195 161 70 130 50 44 175 147 115 14 135 171 177 4 62 186 166 121 16 23 133 88 122 142 22 20 78 61 67 128 69 114 187 33 105 179 163 198 42 24 72 13 41 82 158 134 31 190 8 81 150 46 139 185 59 76 111 89 167 145 85 92 172 112 197 162 66 6 152 29 102 148 27 98 108 155 136 173 15 193 156 
passengers: 87 144 139 164 285 392 209 203 273 407 354 191 277 235 96 182 187 317 89 32 231 222 299 

7273.25	27410	125957
tour: 0 39 36 113 57 11 166 121 16 23 133 88 122 142 22 20 78 61 67 128 69 114 187 33 105 179 163 198 42 24 72 13 41 82 158 134 31 190 8 81 150 46 139 185 59 76 111 44 50 130 70 161 195 107 119 183 58 12 1 93 73 83 123 188 68 168 153 51 97 157 47 116 64 127 79 189 164 71 100 56 129 60 43 2 151 181 77 30 144 104 174 125 18 19 169 180 53 149 35 118 138 184 55 26 178 86 103 52 9 63 32 159 154 99 54 141 199 101 84 143 94 90 192 160 106 5 117 191 96 34 28 45 137 40 91 75 80 87 65 98 27 148 102 29 152 6 66 162 197 112 172 92 85 145 167 89 186 62 4 177 171 135 108 155 136 173 15 193 156 3 49 21 38 132 7 196 17 176 124 109 74 120 10 95 170 131 165 182 48 25 194 140 37 126 110 146 14 115 147 175 0 
bonus: 39 36 113 57 11 166 121 16 23 133 88 122 142 22 20 78 61 67 128 69 114 187 33 105 179 163 198 42 24 72 13 41 82 158 134 31 190 8 81 150 46 139 185 59 76 111 44 50 130 70 161 195 107 119 183 58 12 1 93 73 83 123 188 68 168 153 51 97 157 47 116 64 127 79 189 164 71 100 56 129 60 43 2 151 181 77 30 144 104 174 125 18 19 169 180 53 149 35 118 138 184 55 26 178 86 103 52 9 63 32 159 154 99 54 141 199 101 84 143 94 90 192 160 106 5 117 191 96 34 28 45 137 40 91 75 80 87 65 98 27 148 102 29 152 6 66 162 197 112 172 92 85 145 167 89 186 62 4 177 171 135 108 155 136 173 15 193 156 3 49 21 38 132 7 196 17 176 124 109 74 120 10 95 170 131 165 182 48 25 194 140 37 126 110 146 14 115 147 175 
passengers: 85 86 137 362 425 196 189 1 190 131 302 130 17 281 282 72 297 38 108 106 437 206 407 372 

