Fo(cost)	Fo(time)	Fo(bonus)

5195.62	27396	123017
tour: 0 38 186 133 109 16 31 34 48 99 142 52 86 187 94 54 58 41 89 18 10 121 183 60 172 68 161 12 181 97 158 148 71 189 79 23 154 143 5 166 106 64 179 156 95 125 57 83 15 180 193 194 135 175 185 159 196 53 3 182 144 37 2 62 146 63 30 74 107 118 150 8 173 17 25 115 7 42 131 171 51 11 138 91 20 178 56 167 124 82 155 170 22 55 46 160 45 33 87 32 76 147 168 21 137 77 162 103 6 145 24 4 152 40 81 140 174 151 163 85 132 195 108 88 139 190 92 129 123 39 67 13 120 35 176 36 80 1 184 26 98 75 153 113 93 70 104 19 127 66 90 69 101 73 112 157 169 116 29 72 164 191 102 78 122 50 111 61 100 188 49 149 114 105 134 117 177 14 197 110 130 44 141 43 47 84 128 59 9 28 199 198 96 136 165 126 119 65 192 27 0 
bonus: 38 186 133 109 16 31 34 48 99 142 52 86 187 94 54 58 41 89 18 10 121 183 60 172 68 161 12 181 97 158 148 71 189 79 23 154 143 5 166 106 64 179 156 95 125 57 83 15 180 193 194 135 175 185 159 196 53 3 182 144 37 2 62 146 63 30 74 107 118 150 8 173 17 25 115 7 42 131 171 51 11 138 91 20 178 56 167 124 82 155 170 22 55 46 160 45 33 87 32 76 147 168 21 137 77 162 103 6 145 24 4 152 40 81 140 174 151 163 85 132 195 108 88 139 190 92 129 123 39 67 13 120 35 176 36 80 1 184 26 98 75 153 113 93 70 104 19 127 66 90 69 101 73 112 157 169 116 29 72 164 191 102 78 122 50 111 61 100 188 49 149 114 105 134 117 177 14 197 110 130 44 141 43 47 84 128 59 9 28 199 198 96 136 165 126 119 65 192 27 
passengers: 265 269 273 196 200 16 691 402 676 354 776 617 316 282 640 659 89 317 297 422 100 134 707 512 518 82 379 716 717 

4822.13	27417	123017
tour: 0 27 192 65 119 126 165 105 114 149 49 188 134 117 75 98 26 190 139 88 108 195 132 85 163 151 174 140 81 40 152 4 24 145 146 63 135 194 193 67 39 123 129 92 173 8 13 120 35 176 36 80 1 184 89 41 58 54 94 187 86 52 142 113 153 72 29 116 180 15 83 57 125 95 156 179 64 106 166 5 143 154 23 79 189 71 148 158 97 181 12 161 60 172 68 150 118 107 74 30 136 96 198 199 164 191 102 100 61 131 171 51 11 138 91 20 178 56 167 124 82 155 170 22 55 46 160 45 33 34 31 16 6 103 162 77 137 21 168 147 76 32 87 93 70 104 19 127 66 90 69 101 73 112 157 169 183 121 10 18 175 185 159 196 53 3 182 144 37 2 62 177 14 197 110 130 44 141 43 47 84 128 59 9 28 48 99 111 50 122 78 42 7 115 25 17 109 133 186 38 0 
bonus: 27 192 65 119 126 165 105 114 149 49 188 134 117 75 98 26 190 139 88 108 195 132 85 163 151 174 140 81 40 152 4 24 145 146 63 135 194 193 67 39 123 129 92 173 8 13 120 35 176 36 80 1 184 89 41 58 54 94 187 86 52 142 113 153 72 29 116 180 15 83 57 125 95 156 179 64 106 166 5 143 154 23 79 189 71 148 158 97 181 12 161 60 172 68 150 118 107 74 30 136 96 198 199 164 191 102 100 61 131 171 51 11 138 91 20 178 56 167 124 82 155 170 22 55 46 160 45 33 34 31 16 6 103 162 77 137 21 168 147 76 32 87 93 70 104 19 127 66 90 69 101 73 112 157 169 183 121 10 18 175 185 159 196 53 3 182 144 37 2 62 177 14 197 110 130 44 141 43 47 84 128 59 9 28 48 99 111 50 122 78 42 7 115 25 17 109 133 186 38 
passengers: 167 165 161 571 569 543 144 555 766 130 634 240 252 314 589 455 117 115 337 593 640 297 233 53 54 7 505 756 256 344 338 556 675 326 605 437 

4764.63	27425	123017
tour: 0 27 192 65 119 126 165 105 114 149 49 188 100 61 111 50 122 78 102 191 164 72 29 116 169 157 112 73 101 69 90 66 127 19 104 70 93 113 153 134 117 75 98 26 184 1 80 36 176 35 120 86 187 94 54 58 41 89 18 10 121 183 60 172 68 150 118 107 74 30 136 96 198 199 28 9 59 128 84 47 43 141 44 130 110 197 14 177 62 2 37 175 185 159 196 53 3 182 144 171 131 42 7 115 25 17 173 8 13 67 39 123 129 92 190 139 88 108 195 132 85 163 151 174 140 81 40 152 4 24 145 6 103 162 77 137 21 168 147 76 32 87 33 45 160 46 55 22 170 155 82 124 167 56 178 20 91 138 11 51 146 63 135 194 193 180 15 83 57 125 95 156 179 64 106 166 5 143 154 23 79 189 71 148 158 97 181 12 161 52 142 99 48 34 31 16 109 133 186 38 0 
bonus: 27 192 65 119 126 165 105 114 149 49 188 100 61 111 50 122 78 102 191 164 72 29 116 169 157 112 73 101 69 90 66 127 19 104 70 93 113 153 134 117 75 98 26 184 1 80 36 176 35 120 86 187 94 54 58 41 89 18 10 121 183 60 172 68 150 118 107 74 30 136 96 198 199 28 9 59 128 84 47 43 141 44 130 110 197 14 177 62 2 37 175 185 159 196 53 3 182 144 171 131 42 7 115 25 17 173 8 13 67 39 123 129 92 190 139 88 108 195 132 85 163 151 174 140 81 40 152 4 24 145 6 103 162 77 137 21 168 147 76 32 87 33 45 160 46 55 22 170 155 82 124 167 56 178 20 91 138 11 51 146 63 135 194 193 180 15 83 57 125 95 156 179 64 106 166 5 143 154 23 79 189 71 148 158 97 181 12 161 52 142 99 48 34 31 16 109 133 186 38 
passengers: 165 154 158 161 569 534 0 439 236 69 22 418 656 172 324 286 285 288 316 636 640 282 59 469 276 95 209 295 110 92 611 771 126 117 397 314 

4752.95	27433	123017
tour: 0 27 192 65 119 126 165 105 114 149 49 188 134 117 75 98 26 184 1 80 36 176 35 120 13 67 39 123 129 92 190 139 88 108 195 132 85 163 151 174 140 81 40 152 4 24 145 6 103 162 77 137 21 168 147 179 64 106 166 5 143 154 23 79 189 71 148 158 97 181 12 161 68 172 60 183 121 10 18 89 41 58 54 94 187 86 52 142 113 153 72 29 116 169 157 112 73 101 69 90 66 127 19 104 70 93 87 33 45 160 46 55 22 170 155 82 144 182 3 53 196 159 185 175 37 2 62 177 14 197 110 130 44 141 43 47 84 128 59 9 28 76 32 11 138 91 20 178 56 167 124 125 95 156 57 83 15 180 193 194 135 63 146 51 171 131 61 100 102 191 164 199 198 96 136 30 74 107 118 150 8 173 17 25 115 7 42 78 122 50 111 99 48 34 31 16 109 133 186 38 0 
bonus: 27 192 65 119 126 165 105 114 149 49 188 134 117 75 98 26 184 1 80 36 176 35 120 13 67 39 123 129 92 190 139 88 108 195 132 85 163 151 174 140 81 40 152 4 24 145 6 103 162 77 137 21 168 147 179 64 106 166 5 143 154 23 79 189 71 148 158 97 181 12 161 68 172 60 183 121 10 18 89 41 58 54 94 187 86 52 142 113 153 72 29 116 169 157 112 73 101 69 90 66 127 19 104 70 93 87 33 45 160 46 55 22 170 155 82 144 182 3 53 196 159 185 175 37 2 62 177 14 197 110 130 44 141 43 47 84 128 59 9 28 76 32 11 138 91 20 178 56 167 124 125 95 156 57 83 15 180 193 194 135 63 146 51 171 131 61 100 102 191 164 199 198 96 136 30 74 107 118 150 8 173 17 25 115 7 42 78 122 50 111 99 48 34 31 16 109 133 186 38 
passengers: 167 165 155 154 160 253 235 277 99 95 358 127 402 72 490 278 523 175 176 409 364 481 105 109 790 289 310 432 753 455 595 593 136 437 197 

