Fo(cost)	Fo(time)	Fo(bonus)

4888.52	27365	124065
tour: 0 1 49 125 78 106 153 11 196 164 37 90 132 19 27 50 71 88 146 128 18 141 22 65 185 195 121 135 154 170 198 84 112 131 16 175 160 194 51 34 188 133 72 15 20 43 69 116 2 189 111 66 92 184 45 173 149 38 47 159 187 64 179 26 168 161 44 13 109 199 148 97 30 123 56 54 39 136 14 17 82 70 5 124 181 156 118 101 150 41 177 31 99 139 142 158 130 25 138 67 171 48 122 117 180 62 104 7 61 86 155 24 103 115 76 83 28 53 183 165 52 4 96 89 140 110 8 21 134 172 151 143 193 145 9 163 144 35 102 68 126 169 79 192 91 57 75 120 29 60 46 3 100 94 152 190 12 40 182 59 108 129 73 77 119 162 32 191 87 6 174 80 166 157 74 176 197 36 23 167 33 98 42 58 178 147 127 186 113 63 55 107 114 93 95 137 85 81 10 105 0 
bonus: 1 49 125 78 106 153 11 196 164 37 90 132 19 27 50 71 88 146 128 18 141 22 65 185 195 121 135 154 170 198 84 112 131 16 175 160 194 51 34 188 133 72 15 20 43 69 116 2 189 111 66 92 184 45 173 149 38 47 159 187 64 179 26 168 161 44 13 109 199 148 97 30 123 56 54 39 136 14 17 82 70 5 124 181 156 118 101 150 41 177 31 99 139 142 158 130 25 138 67 171 48 122 117 180 62 104 7 61 86 155 24 103 115 76 83 28 53 183 165 52 4 96 89 140 110 8 21 134 172 151 143 193 145 9 163 144 35 102 68 126 169 79 192 91 57 75 120 29 60 46 3 100 94 152 190 12 40 182 59 108 129 73 77 119 162 32 191 87 6 174 80 166 157 74 176 197 36 23 167 33 98 42 58 178 147 127 186 113 63 55 107 114 93 95 137 85 81 10 105 
passengers: 6 4 10 5 254 64 676 609 809 91 369 742 139 227 823 298 282 212 78 79 22 663 702 475 29 498 359 354 561 153 657 750 754 420 371 580 584 510 445 

4862.88	27391	124065
tour: 0 1 49 125 78 106 20 43 69 116 2 189 15 72 133 188 34 51 194 8 110 140 89 96 4 52 165 135 121 195 185 65 22 141 18 158 142 139 99 31 177 41 150 101 118 156 19 132 90 37 164 196 11 153 40 182 59 108 129 73 77 21 134 172 151 143 193 145 9 163 144 35 102 68 126 169 79 192 91 57 75 120 29 60 46 3 100 94 119 162 32 191 87 128 146 88 71 50 27 160 175 16 131 183 53 28 83 76 115 103 24 155 86 61 7 104 62 180 117 122 48 152 190 12 171 67 138 25 130 6 174 80 166 111 66 92 184 45 173 149 38 47 159 187 64 179 26 168 161 44 13 109 199 148 97 30 123 56 54 39 136 14 17 82 70 5 124 181 112 84 198 170 154 157 74 176 197 36 23 167 33 98 42 58 178 147 127 186 113 63 55 107 114 93 95 137 85 81 10 105 0 
bonus: 1 49 125 78 106 20 43 69 116 2 189 15 72 133 188 34 51 194 8 110 140 89 96 4 52 165 135 121 195 185 65 22 141 18 158 142 139 99 31 177 41 150 101 118 156 19 132 90 37 164 196 11 153 40 182 59 108 129 73 77 21 134 172 151 143 193 145 9 163 144 35 102 68 126 169 79 192 91 57 75 120 29 60 46 3 100 94 119 162 32 191 87 128 146 88 71 50 27 160 175 16 131 183 53 28 83 76 115 103 24 155 86 61 7 104 62 180 117 122 48 152 190 12 171 67 138 25 130 6 174 80 166 111 66 92 184 45 173 149 38 47 159 187 64 179 26 168 161 44 13 109 199 148 97 30 123 56 54 39 136 14 17 82 70 5 124 181 112 84 198 170 154 157 74 176 197 36 23 167 33 98 42 58 178 147 127 186 113 63 55 107 114 93 95 137 85 81 10 105 
passengers: 6 1 4 11 253 14 737 182 185 267 43 340 344 791 119 770 377 17 173 176 653 89 136 318 33 621 244 139 227 162 297 25 686 371 804 580 584 510 445 

