Fo(cost)	Fo(time)	Fo(bonus)

8054.75	27364	124979
tour: 0 186 64 143 61 173 19 184 105 195 80 142 30 21 17 127 139 88 97 135 72 66 103 145 62 188 23 160 24 191 77 93 28 76 79 70 38 59 63 36 75 122 46 91 198 34 29 193 1 35 170 69 159 94 148 152 144 65 166 15 177 154 84 58 151 43 120 171 157 87 95 131 45 48 108 2 175 100 121 40 22 82 115 196 167 16 106 172 124 81 60 185 153 165 109 134 176 85 133 136 123 41 50 128 179 110 178 189 86 146 92 104 199 102 112 181 183 187 197 7 26 20 57 138 111 119 169 180 156 126 129 18 98 117 155 33 5 53 74 162 132 149 67 54 192 125 116 47 14 78 137 8 39 32 13 107 44 90 56 55 6 3 37 118 52 96 101 141 147 27 49 163 113 68 158 11 164 174 150 99 161 194 83 9 4 168 130 31 10 42 12 73 51 190 140 114 182 71 89 25 0 
bonus: 186 64 143 61 173 19 184 105 195 80 142 30 21 17 127 139 88 97 135 72 66 103 145 62 188 23 160 24 191 77 93 28 76 79 70 38 59 63 36 75 122 46 91 198 34 29 193 1 35 170 69 159 94 148 152 144 65 166 15 177 154 84 58 151 43 120 171 157 87 95 131 45 48 108 2 175 100 121 40 22 82 115 196 167 16 106 172 124 81 60 185 153 165 109 134 176 85 133 136 123 41 50 128 179 110 178 189 86 146 92 104 199 102 112 181 183 187 197 7 26 20 57 138 111 119 169 180 156 126 129 18 98 117 155 33 5 53 74 162 132 149 67 54 192 125 116 47 14 78 137 8 39 32 13 107 44 90 56 55 6 3 37 118 52 96 101 141 147 27 49 163 113 68 158 11 164 174 150 99 161 194 83 9 4 168 130 31 10 42 12 73 51 190 140 114 182 71 89 25 
passengers: 211 212 215 257 218 86 106 298 294 163 261 329 92 189 186 225 226 196 399 158 

7176.75	27369	124979
tour: 0 186 64 143 61 173 19 142 80 195 105 184 98 18 129 126 82 115 196 167 16 106 172 124 81 60 185 153 165 109 134 176 85 133 136 123 41 50 128 179 110 178 189 86 146 92 104 199 102 112 181 183 187 197 7 26 49 163 113 68 158 27 11 164 174 150 99 161 194 83 9 4 168 130 31 10 42 12 73 51 190 140 114 182 71 20 57 138 22 40 121 100 175 2 108 48 45 131 95 87 157 171 120 43 151 58 84 154 177 15 166 65 144 152 148 94 159 69 170 35 1 193 29 34 198 91 46 122 75 36 63 59 38 70 79 76 28 93 77 191 24 160 23 188 62 145 103 66 72 135 97 88 139 127 17 21 30 111 119 169 180 156 147 141 101 96 52 118 37 3 6 55 56 90 44 107 13 32 39 8 137 78 14 47 116 125 192 54 67 149 132 162 74 53 5 33 155 117 89 25 0 
bonus: 186 64 143 61 173 19 142 80 195 105 184 98 18 129 126 82 115 196 167 16 106 172 124 81 60 185 153 165 109 134 176 85 133 136 123 41 50 128 179 110 178 189 86 146 92 104 199 102 112 181 183 187 197 7 26 49 163 113 68 158 27 11 164 174 150 99 161 194 83 9 4 168 130 31 10 42 12 73 51 190 140 114 182 71 20 57 138 22 40 121 100 175 2 108 48 45 131 95 87 157 171 120 43 151 58 84 154 177 15 166 65 144 152 148 94 159 69 170 35 1 193 29 34 198 91 46 122 75 36 63 59 38 70 79 76 28 93 77 191 24 160 23 188 62 145 103 66 72 135 97 88 139 127 17 21 30 111 119 169 180 156 147 141 101 96 52 118 37 3 6 55 56 90 44 107 13 32 39 8 137 78 14 47 116 125 192 54 67 149 132 162 74 53 5 33 155 117 89 25 
passengers: 215 75 74 259 425 323 409 382 159 279 50 403 201 84 217 134 243 

7159.5	27415	124979
tour: 0 186 64 174 150 99 161 194 83 9 158 68 113 163 49 27 11 164 143 61 173 19 142 80 195 105 184 98 117 155 33 5 53 74 162 132 149 67 54 192 125 116 47 14 78 137 8 39 32 13 107 44 90 40 121 100 175 2 4 168 130 31 10 42 12 17 21 30 111 119 169 180 187 183 181 112 102 199 104 157 171 120 43 151 58 84 154 177 15 166 65 144 152 92 146 86 189 178 110 179 128 50 41 123 136 133 85 176 134 109 165 153 185 60 81 124 172 106 16 167 196 115 82 22 138 57 20 26 7 197 108 48 45 131 95 87 18 129 126 156 147 141 101 96 52 118 37 3 6 55 56 70 38 59 63 36 75 122 46 91 198 34 29 193 1 35 170 79 76 28 93 77 191 24 160 23 188 62 145 103 66 72 135 97 88 139 127 69 159 94 148 73 51 190 140 114 182 71 89 25 0 
bonus: 186 64 174 150 99 161 194 83 9 158 68 113 163 49 27 11 164 143 61 173 19 142 80 195 105 184 98 117 155 33 5 53 74 162 132 149 67 54 192 125 116 47 14 78 137 8 39 32 13 107 44 90 40 121 100 175 2 4 168 130 31 10 42 12 17 21 30 111 119 169 180 187 183 181 112 102 199 104 157 171 120 43 151 58 84 154 177 15 166 65 144 152 92 146 86 189 178 110 179 128 50 41 123 136 133 85 176 134 109 165 153 185 60 81 124 172 106 16 167 196 115 82 22 138 57 20 26 7 197 108 48 45 131 95 87 18 129 126 156 147 141 101 96 52 118 37 3 6 55 56 70 38 59 63 36 75 122 46 91 198 34 29 193 1 35 170 79 76 28 93 77 191 24 160 23 188 62 145 103 66 72 135 97 88 139 127 69 159 94 148 73 51 190 140 114 182 71 89 25 
passengers: 214 215 271 258 225 317 382 122 120 52 392 199 78 162 63 302 9 433 84 218 372 

6966.08	27416	124979
tour: 0 25 89 117 155 33 5 53 74 162 132 149 67 54 192 125 116 47 14 78 137 8 39 32 13 107 44 90 40 121 100 175 2 4 9 83 194 161 99 150 174 123 136 133 85 176 134 109 165 153 185 60 81 124 172 106 16 167 196 115 82 22 138 57 20 71 182 114 140 190 51 73 148 94 159 69 127 139 88 97 135 72 66 103 41 50 128 179 110 178 189 86 146 92 152 144 65 166 15 177 154 84 58 151 43 120 171 157 104 199 102 112 181 183 187 180 169 119 111 30 21 17 12 42 10 31 130 168 87 95 131 45 48 108 197 7 26 49 163 113 68 158 27 11 164 145 62 188 23 160 24 191 77 93 28 76 79 170 35 1 193 29 34 198 91 46 122 75 36 63 59 38 70 56 55 6 3 37 118 52 96 101 141 147 156 126 129 18 98 184 105 195 80 142 19 173 61 143 64 186 0 
bonus: 25 89 117 155 33 5 53 74 162 132 149 67 54 192 125 116 47 14 78 137 8 39 32 13 107 44 90 40 121 100 175 2 4 9 83 194 161 99 150 174 123 136 133 85 176 134 109 165 153 185 60 81 124 172 106 16 167 196 115 82 22 138 57 20 71 182 114 140 190 51 73 148 94 159 69 127 139 88 97 135 72 66 103 41 50 128 179 110 178 189 86 146 92 152 144 65 166 15 177 154 84 58 151 43 120 171 157 104 199 102 112 181 183 187 180 169 119 111 30 21 17 12 42 10 31 130 168 87 95 131 45 48 108 197 7 26 49 163 113 68 158 27 11 164 145 62 188 23 160 24 191 77 93 28 76 79 170 35 1 193 29 34 198 91 46 122 75 36 63 59 38 70 56 55 6 3 37 118 52 96 101 141 147 156 126 129 18 98 184 105 195 80 142 19 173 61 143 64 186 
passengers: 89 282 284 189 145 144 317 365 81 200 353 52 53 59 162 171 86 248 110 141 305 404 316 76 

