Fo(cost)	Fo(time)	Fo(bonus)

5238.87	27295	124894
tour: 0 188 34 73 8 17 163 43 9 128 170 21 77 191 18 160 2 86 71 6 164 176 132 90 199 100 114 134 28 49 109 198 94 155 120 56 89 39 47 82 159 122 190 68 137 29 10 85 189 63 46 15 58 4 78 60 64 93 123 35 193 95 75 11 129 38 141 97 152 125 36 52 126 102 180 136 83 67 26 195 175 150 19 65 84 105 30 179 186 5 130 79 173 70 119 72 161 3 45 50 196 106 153 16 184 156 80 57 91 169 116 41 62 154 113 143 145 40 187 27 37 172 1 87 32 13 55 185 14 69 76 171 181 147 31 33 133 115 144 138 59 149 157 142 174 7 61 140 12 88 124 139 53 108 166 92 51 165 24 99 54 23 74 101 146 121 177 197 44 81 111 107 48 118 22 98 96 183 112 182 131 25 151 42 162 178 167 127 117 158 103 194 192 20 148 168 110 104 66 135 0 
bonus: 188 34 73 8 17 163 43 9 128 170 21 77 191 18 160 2 86 71 6 164 176 132 90 199 100 114 134 28 49 109 198 94 155 120 56 89 39 47 82 159 122 190 68 137 29 10 85 189 63 46 15 58 4 78 60 64 93 123 35 193 95 75 11 129 38 141 97 152 125 36 52 126 102 180 136 83 67 26 195 175 150 19 65 84 105 30 179 186 5 130 79 173 70 119 72 161 3 45 50 196 106 153 16 184 156 80 57 91 169 116 41 62 154 113 143 145 40 187 27 37 172 1 87 32 13 55 185 14 69 76 171 181 147 31 33 133 115 144 138 59 149 157 142 174 7 61 140 12 88 124 139 53 108 166 92 51 165 24 99 54 23 74 101 146 121 177 197 44 81 111 107 48 118 22 98 96 183 112 182 131 25 151 42 162 178 167 127 117 158 103 194 192 20 148 168 110 104 66 135 
passengers: 149 144 24 656 647 21 436 111 205 43 48 359 361 500 489 598 504 591 311 14 213 779 455 341 133 683 717 571 561 550 665 98 99 364 368 732 626 757 761 668 

5213.13	27296	124894
tour: 0 73 8 17 163 43 9 128 170 21 77 191 18 160 2 86 71 6 164 141 38 129 11 98 96 183 112 182 131 25 151 42 162 178 167 127 117 158 103 194 192 20 148 168 186 5 172 1 87 32 13 55 185 130 79 173 70 119 72 161 3 45 50 196 106 153 16 184 156 80 57 91 169 116 41 62 154 113 143 176 81 111 107 48 118 22 44 197 177 121 146 101 74 23 97 152 125 36 52 126 102 180 136 83 67 26 195 175 150 19 65 84 105 30 179 82 159 122 190 68 137 29 10 85 189 63 46 15 58 4 78 60 64 93 123 35 193 95 75 174 7 61 140 12 88 132 90 199 100 114 145 40 187 27 37 147 31 33 133 115 144 138 59 149 157 142 14 69 76 171 181 134 28 49 109 198 94 155 120 56 89 39 47 124 139 53 108 166 92 51 165 24 99 54 110 104 66 135 34 188 0 
bonus: 73 8 17 163 43 9 128 170 21 77 191 18 160 2 86 71 6 164 141 38 129 11 98 96 183 112 182 131 25 151 42 162 178 167 127 117 158 103 194 192 20 148 168 186 5 172 1 87 32 13 55 185 130 79 173 70 119 72 161 3 45 50 196 106 153 16 184 156 80 57 91 169 116 41 62 154 113 143 176 81 111 107 48 118 22 44 197 177 121 146 101 74 23 97 152 125 36 52 126 102 180 136 83 67 26 195 175 150 19 65 84 105 30 179 82 159 122 190 68 137 29 10 85 189 63 46 15 58 4 78 60 64 93 123 35 193 95 75 174 7 61 140 12 88 132 90 199 100 114 145 40 187 27 37 147 31 33 133 115 144 138 59 149 157 142 14 69 76 171 181 134 28 49 109 198 94 155 120 56 89 39 47 124 139 53 108 166 92 51 165 24 99 54 110 104 66 135 34 188 
passengers: 23 653 658 645 649 104 754 141 236 310 288 15 214 63 616 700 418 156 154 590 274 273 282 270 205 46 551 431 434 109 447 561 305 721 389 390 219 665 

5132.78	27325	124894
tour: 0 73 8 17 163 43 9 128 170 21 77 191 18 160 2 86 71 6 164 176 143 113 154 62 41 116 169 91 57 80 156 184 16 153 106 196 50 45 3 161 72 119 70 173 79 130 185 55 13 32 87 1 172 5 186 179 30 105 151 42 162 178 167 127 117 158 103 194 192 20 148 168 25 131 182 112 183 96 98 22 118 48 107 111 81 44 197 177 121 146 34 135 66 104 110 157 149 59 138 144 115 133 33 31 147 37 27 187 40 145 114 100 199 90 132 88 12 140 61 7 174 142 14 69 76 171 181 134 28 49 109 198 94 155 120 56 89 39 47 124 139 53 108 166 92 51 165 24 99 54 23 74 101 82 159 122 190 68 137 29 10 85 189 63 46 15 58 4 78 60 64 93 123 35 193 95 75 11 129 38 141 97 152 125 36 52 126 102 180 136 83 67 26 195 175 150 19 65 84 188 0 
bonus: 73 8 17 163 43 9 128 170 21 77 191 18 160 2 86 71 6 164 176 143 113 154 62 41 116 169 91 57 80 156 184 16 153 106 196 50 45 3 161 72 119 70 173 79 130 185 55 13 32 87 1 172 5 186 179 30 105 151 42 162 178 167 127 117 158 103 194 192 20 148 168 25 131 182 112 183 96 98 22 118 48 107 111 81 44 197 177 121 146 34 135 66 104 110 157 149 59 138 144 115 133 33 31 147 37 27 187 40 145 114 100 199 90 132 88 12 140 61 7 174 142 14 69 76 171 181 134 28 49 109 198 94 155 120 56 89 39 47 124 139 53 108 166 92 51 165 24 99 54 23 74 101 82 159 122 190 68 137 29 10 85 189 63 46 15 58 4 78 60 64 93 123 35 193 95 75 11 129 38 141 97 152 125 36 52 126 102 180 136 83 67 26 195 175 150 19 65 84 188 
passengers: 653 646 658 649 647 701 52 10 300 238 39 133 709 585 103 363 82 318 192 407 447 561 304 721 396 403 620 663 665 100 111 205 43 359 302 31 156 

4895.97	27328	124894
tour: 0 188 84 65 19 150 175 195 26 67 83 136 180 102 126 52 36 125 152 97 141 38 129 11 75 95 193 35 123 93 64 60 78 4 58 15 46 63 189 85 10 29 137 68 190 122 159 82 47 39 89 56 120 155 94 198 109 49 28 134 181 171 76 69 14 142 174 7 61 140 12 88 124 139 53 108 166 92 51 165 24 99 54 23 74 101 146 121 132 90 199 100 114 145 40 187 27 37 147 31 33 133 115 144 138 59 149 157 110 104 66 135 34 73 8 17 163 43 9 128 170 21 77 191 18 160 2 86 71 6 164 176 143 113 154 62 41 116 169 91 57 80 156 184 16 153 106 196 50 45 3 161 72 119 70 173 79 130 185 55 13 32 87 1 172 5 186 179 30 105 151 42 162 178 167 127 117 158 103 194 192 20 148 168 25 131 182 112 183 96 98 22 118 48 107 111 81 44 197 177 0 
bonus: 188 84 65 19 150 175 195 26 67 83 136 180 102 126 52 36 125 152 97 141 38 129 11 75 95 193 35 123 93 64 60 78 4 58 15 46 63 189 85 10 29 137 68 190 122 159 82 47 39 89 56 120 155 94 198 109 49 28 134 181 171 76 69 14 142 174 7 61 140 12 88 124 139 53 108 166 92 51 165 24 99 54 23 74 101 146 121 132 90 199 100 114 145 40 187 27 37 147 31 33 133 115 144 138 59 149 157 110 104 66 135 34 73 8 17 163 43 9 128 170 21 77 191 18 160 2 86 71 6 164 176 143 113 154 62 41 116 169 91 57 80 156 184 16 153 106 196 50 45 3 161 72 119 70 173 79 130 185 55 13 32 87 1 172 5 186 179 30 105 151 42 162 178 167 127 117 158 103 194 192 20 148 168 25 131 182 112 183 96 98 22 118 48 107 111 81 44 197 177 
passengers: 332 322 274 273 275 303 270 752 280 210 175 622 535 305 266 389 223 95 483 434 106 439 542 256 146 653 606 457 300 133 137 6 185 510 103 731 

4838.17	27341	124894
tour: 0 135 66 104 110 54 23 74 101 146 121 177 197 44 81 111 107 48 118 22 98 96 183 112 182 131 25 168 148 20 46 63 70 173 79 130 3 161 72 119 15 99 24 165 132 90 199 100 114 145 40 187 27 37 147 31 33 133 115 144 138 59 149 157 142 174 7 61 140 12 88 124 45 50 196 106 153 16 184 156 80 57 91 169 116 41 62 154 113 143 176 164 6 71 86 2 160 18 191 77 21 170 139 53 108 166 92 51 19 150 175 195 26 67 83 136 180 102 126 52 36 125 152 97 141 38 129 11 75 103 194 192 134 28 49 109 198 94 155 120 56 89 39 47 82 159 122 190 68 137 29 10 85 189 162 178 167 127 117 158 58 4 78 60 64 93 123 35 193 95 65 84 188 34 73 8 17 163 43 9 128 181 171 76 69 14 185 55 13 32 87 1 172 5 186 179 30 105 151 42 0 
bonus: 135 66 104 110 54 23 74 101 146 121 177 197 44 81 111 107 48 118 22 98 96 183 112 182 131 25 168 148 20 46 63 70 173 79 130 3 161 72 119 15 99 24 165 132 90 199 100 114 145 40 187 27 37 147 31 33 133 115 144 138 59 149 157 142 174 7 61 140 12 88 124 45 50 196 106 153 16 184 156 80 57 91 169 116 41 62 154 113 143 176 164 6 71 86 2 160 18 191 77 21 170 139 53 108 166 92 51 19 150 175 195 26 67 83 136 180 102 126 52 36 125 152 97 141 38 129 11 75 103 194 192 134 28 49 109 198 94 155 120 56 89 39 47 82 159 122 190 68 137 29 10 85 189 162 178 167 127 117 158 58 4 78 60 64 93 123 35 193 95 65 84 188 34 73 8 17 163 43 9 128 181 171 76 69 14 185 55 13 32 87 1 172 5 186 179 30 105 151 42 
passengers: 537 416 405 415 98 83 84 104 670 205 46 439 570 540 559 767 770 775 59 615 640 70 66 226 528 301 780 176 285 283 467 466 20 277 329 722 684 682 306 744 238 37 343 0 

4837.2	27373	124894
tour: 0 73 8 17 163 43 9 128 181 171 76 69 14 185 62 41 116 169 91 57 80 178 162 189 85 10 29 137 68 190 122 159 82 47 39 89 56 120 155 94 198 109 49 28 134 192 194 103 75 11 129 38 141 97 152 125 36 52 126 102 180 136 83 67 26 195 175 154 113 143 145 40 187 132 90 199 100 114 156 184 16 153 106 196 50 45 124 88 12 140 61 7 174 142 157 149 59 138 144 115 133 33 31 147 37 27 165 24 99 15 119 72 161 3 130 79 173 70 63 46 20 148 168 25 131 182 112 183 96 98 22 118 48 107 111 81 176 164 6 71 86 2 160 18 191 77 21 170 139 53 108 166 92 51 19 150 78 60 84 65 95 193 35 123 93 64 4 58 158 167 127 117 55 13 32 87 1 172 5 186 179 30 105 151 42 44 197 177 121 146 101 74 23 54 110 104 66 135 34 188 0 
bonus: 73 8 17 163 43 9 128 181 171 76 69 14 185 62 41 116 169 91 57 80 178 162 189 85 10 29 137 68 190 122 159 82 47 39 89 56 120 155 94 198 109 49 28 134 192 194 103 75 11 129 38 141 97 152 125 36 52 126 102 180 136 83 67 26 195 175 154 113 143 145 40 187 132 90 199 100 114 156 184 16 153 106 196 50 45 124 88 12 140 61 7 174 142 157 149 59 138 144 115 133 33 31 147 37 27 165 24 99 15 119 72 161 3 130 79 173 70 63 46 20 148 168 25 131 182 112 183 96 98 22 118 48 107 111 81 176 164 6 71 86 2 160 18 191 77 21 170 139 53 108 166 92 51 19 150 78 60 84 65 95 193 35 123 93 64 4 58 158 167 127 117 55 13 32 87 1 172 5 186 179 30 105 151 42 44 197 177 121 146 101 74 23 54 110 104 66 135 34 188 
passengers: 24 645 648 26 722 684 742 116 624 755 302 518 150 425 350 550 542 473 300 299 310 105 421 87 417 315 643 233 388 217 358 238 39 137 343 712 706 191 193 481 101 

