Fo(cost)	Fo(time)	Fo(bonus)

6122.5	6922	29656
tour: 0 2 41 20 14 19 38 34 18 28 13 46 4 16 44 10 37 5 25 33 49 1 31 8 12 3 6 29 15 40 22 9 11 45 27 7 39 36 17 30 26 48 21 42 35 24 47 43 23 32 0 
bonus: 2 41 20 14 19 38 34 18 28 13 46 4 16 44 10 37 5 25 33 49 1 31 8 12 3 6 29 15 40 22 9 11 45 27 7 39 36 17 30 26 48 21 42 35 24 47 43 23 32 
passengers: 4 60 57 13 51 15 30 10 19 47 22 

5055.83	6951	29656
tour: 0 32 23 43 47 24 35 42 21 48 45 27 7 39 36 17 30 26 25 33 49 1 31 28 13 46 4 16 44 10 37 5 14 19 38 34 18 8 12 3 6 29 15 40 22 9 11 20 41 2 0 
bonus: 32 23 43 47 24 35 42 21 48 45 27 7 39 36 17 30 26 25 33 49 1 31 28 13 46 4 16 44 10 37 5 14 19 38 34 18 8 12 3 6 29 15 40 22 9 11 20 41 2 
passengers: 1 22 53 52 74 13 51 15 45 30 19 47 46 72 37 

4999.17	6958	29656
tour: 0 32 23 43 47 24 35 42 21 48 26 30 17 36 39 7 27 45 8 12 3 6 29 20 41 15 40 22 4 16 44 11 9 34 18 46 13 28 31 1 49 33 25 5 37 10 14 19 38 2 0 
bonus: 32 23 43 47 24 35 42 21 48 26 30 17 36 39 7 27 45 8 12 3 6 29 20 41 15 40 22 4 16 44 11 9 34 18 46 13 28 31 1 49 33 25 5 37 10 14 19 38 2 
passengers: 1 26 30 29 65 12 14 49 36 32 35 7 75 

4373.83	6966	29656
tour: 0 32 23 6 3 12 8 45 27 7 39 36 17 30 26 48 21 42 43 47 24 35 31 1 49 33 25 5 37 10 14 19 38 34 18 28 13 46 4 16 44 11 9 22 40 15 29 20 41 2 0 
bonus: 32 23 6 3 12 8 45 27 7 39 36 17 30 26 48 21 42 43 47 24 35 31 1 49 33 25 5 37 10 14 19 38 34 18 28 13 46 4 16 44 11 9 22 40 15 29 20 41 2 
passengers: 5 11 10 28 31 22 7 74 75 16 17 12 14 49 37 72 

4333.5	7069	29656
tour: 0 32 30 26 25 44 16 4 22 40 9 11 20 41 15 29 46 13 28 31 1 7 27 45 8 48 21 42 35 24 47 43 23 6 3 12 39 36 17 18 34 33 49 10 37 5 14 19 38 2 0 
bonus: 32 30 26 25 44 16 4 22 40 9 11 20 41 15 29 46 13 28 31 1 7 27 45 8 48 21 42 35 24 47 43 23 6 3 12 39 36 17 18 34 33 49 10 37 5 14 19 38 2 
passengers: 0 49 50 36 70 66 28 31 73 18 41 54 

3315.33	7141	29656
tour: 0 2 38 19 14 16 44 25 26 30 17 36 39 12 8 45 27 7 1 21 42 35 31 28 13 46 4 22 40 9 11 20 41 15 29 24 47 43 5 37 10 49 33 34 18 48 3 6 23 32 0 
bonus: 2 38 19 14 16 44 25 26 30 17 36 39 12 8 45 27 7 1 21 42 35 31 28 13 46 4 22 40 9 11 20 41 15 29 24 47 43 5 37 10 49 33 34 18 48 3 6 23 32 
passengers: 4 44 45 51 40 30 26 12 33 68 66 73 

3057.42	7165	29656
tour: 0 32 23 6 20 41 15 29 43 47 24 8 45 27 7 1 21 42 35 31 28 13 46 4 22 40 9 11 44 16 10 49 33 34 18 48 3 12 39 36 17 30 26 25 5 37 14 19 38 2 0 
bonus: 32 23 6 20 41 15 29 43 47 24 8 45 27 7 1 21 42 35 31 28 13 46 4 22 40 9 11 44 16 10 49 33 34 18 48 3 12 39 36 17 30 26 25 5 37 14 19 38 2 
passengers: 19 30 28 29 12 32 33 51 75 59 41 54 

2717.58	7540	29656
tour: 0 32 30 26 25 23 7 27 45 8 24 47 43 29 15 41 39 36 12 3 6 20 11 17 44 16 14 37 10 49 33 34 18 48 9 40 22 5 19 38 2 4 1 21 42 35 46 13 28 31 0 
bonus: 32 30 26 25 23 7 27 45 8 24 47 43 29 15 41 39 36 12 3 6 20 11 17 44 16 14 37 10 49 33 34 18 48 9 40 22 5 19 38 2 4 1 21 42 35 46 13 28 31 
passengers: 26 27 21 68 66 74 75 37 16 

2610.25	8481	29656
tour: 0 28 21 42 43 29 15 41 16 14 37 9 23 25 26 24 8 45 39 1 7 27 11 17 30 32 12 44 13 46 35 36 31 47 40 22 4 2 38 20 6 3 48 5 19 34 18 33 49 10 0 
bonus: 28 21 42 43 29 15 41 16 14 37 9 23 25 26 24 8 45 39 1 7 27 11 17 30 32 12 44 13 46 35 36 31 47 40 22 4 2 38 20 6 3 48 5 19 34 18 33 49 10 
passengers: 47 46 44 36 35 22 53 52 40 72 9 8 68 60 

