Fo(cost)	Fo(time)	Fo(bonus)

4261.92	6957	31262
tour: 0 33 42 46 17 21 18 43 12 22 11 47 37 20 35 14 16 45 40 13 1 29 6 2 26 34 31 41 38 19 39 30 7 5 32 49 15 48 3 28 9 23 44 24 25 10 4 36 27 8 0 
bonus: 33 42 46 17 21 18 43 12 22 11 47 37 20 35 14 16 45 40 13 1 29 6 2 26 34 31 41 38 19 39 30 7 5 32 49 15 48 3 28 9 23 44 24 25 10 4 36 27 8 
passengers: 66 36 37 31 5 26 9 6 27 21 22 69 14 28 

3599.83	6979	31262
tour: 0 33 42 46 17 21 18 43 12 22 11 47 37 20 35 14 2 26 34 31 41 38 19 39 30 7 5 32 49 15 48 3 28 9 23 44 24 25 10 4 36 27 8 6 29 1 13 40 45 16 0 
bonus: 33 42 46 17 21 18 43 12 22 11 47 37 20 35 14 2 26 34 31 41 38 19 39 30 7 5 32 49 15 48 3 28 9 23 44 24 25 10 4 36 27 8 6 29 1 13 40 45 16 
passengers: 61 36 37 32 9 6 27 21 22 69 14 28 16 15 

3409.42	7011	31262
tour: 0 33 42 46 17 21 18 43 12 22 11 47 37 20 35 14 2 26 34 31 41 38 19 39 30 7 5 32 49 15 48 3 28 9 23 25 24 10 4 44 13 1 29 6 8 27 36 40 45 16 0 
bonus: 33 42 46 17 21 18 43 12 22 11 47 37 20 35 14 2 26 34 31 41 38 19 39 30 7 5 32 49 15 48 3 28 9 23 25 24 10 4 44 13 1 29 6 8 27 36 40 45 16 
passengers: 61 36 37 32 9 6 27 21 22 69 14 28 16 15 

2532.25	7047	31262
tour: 0 33 42 46 17 21 18 43 12 48 15 49 32 5 7 30 39 19 38 41 31 34 26 2 6 29 22 11 47 37 20 35 14 16 45 40 36 27 8 1 13 44 4 10 24 25 23 9 28 3 0 
bonus: 33 42 46 17 21 18 43 12 48 15 49 32 5 7 30 39 19 38 41 31 34 26 2 6 29 22 11 47 37 20 35 14 16 45 40 36 27 8 1 13 44 4 10 24 25 23 9 28 3 
passengers: 55 56 57 68 70 41 44 39 54 8 36 37 63 48 49 62 

2451.83	7059	31262
tour: 0 33 42 46 17 21 18 43 39 30 7 5 32 49 15 48 12 22 11 47 37 20 35 14 16 45 40 36 27 8 1 29 6 2 26 34 31 41 38 19 13 44 4 10 24 25 23 9 28 3 0 
bonus: 33 42 46 17 21 18 43 39 30 7 5 32 49 15 48 12 22 11 47 37 20 35 14 16 45 40 36 27 8 1 29 6 2 26 34 31 41 38 19 13 44 4 10 24 25 23 9 28 3 
passengers: 57 65 64 21 22 72 71 66 31 63 26 9 29 62 

2448.83	7074	31262
tour: 0 33 42 22 11 47 12 43 18 21 17 46 48 15 49 32 5 7 30 39 36 27 8 1 29 6 37 20 35 14 2 26 34 31 41 38 19 13 44 4 10 24 25 23 9 28 3 40 45 16 0 
bonus: 33 42 22 11 47 12 43 18 21 17 46 48 15 49 32 5 7 30 39 36 27 8 1 29 6 37 20 35 14 2 26 34 31 41 38 19 13 44 4 10 24 25 23 9 28 3 40 45 16 
passengers: 55 57 67 68 71 44 4 36 9 8 50 62 

2246.67	7154	31262
tour: 0 33 42 46 17 21 18 43 12 48 15 49 32 5 7 30 39 36 27 8 1 37 6 29 22 11 47 41 31 34 26 2 14 35 20 38 19 13 44 4 10 28 9 23 25 24 16 45 40 3 0 
bonus: 33 42 46 17 21 18 43 12 48 15 49 32 5 7 30 39 36 27 8 1 37 6 29 22 11 47 41 31 34 26 2 14 35 20 38 19 13 44 4 10 28 9 23 25 24 16 45 40 3 
passengers: 55 56 57 68 24 25 44 4 3 36 37 29 62 16 15 

2194.83	7214	31262
tour: 0 33 42 46 17 21 18 43 12 48 15 49 32 5 7 30 41 47 11 22 29 6 37 1 8 27 36 39 2 26 34 31 20 35 14 38 19 13 44 4 10 24 25 23 9 28 16 45 40 3 0 
bonus: 33 42 46 17 21 18 43 12 48 15 49 32 5 7 30 41 47 11 22 29 6 37 1 8 27 36 39 2 26 34 31 20 35 14 38 19 13 44 4 10 24 25 23 9 28 16 45 40 3 
passengers: 55 56 57 68 24 25 54 66 26 5 33 29 62 16 

