Fo(cost)	Fo(time)	Fo(bonus)

3972.67	6987	30137
tour: 0 5 34 36 35 14 26 23 4 2 31 7 30 45 13 40 1 19 18 20 21 25 10 6 46 15 38 24 28 48 27 41 22 32 16 8 33 44 9 49 47 37 3 11 17 43 29 12 42 39 0 
bonus: 5 34 36 35 14 26 23 4 2 31 7 30 45 13 40 1 19 18 20 21 25 10 6 46 15 38 24 28 48 27 41 22 32 16 8 33 44 9 49 47 37 3 11 17 43 29 12 42 39 
passengers: 40 10 11 3 59 58 50 49 51 45 

2800.67	7018	30137
tour: 0 5 34 21 20 18 19 1 40 25 10 6 46 15 38 24 28 48 27 41 22 32 16 8 33 44 13 45 30 2 4 23 26 14 35 36 31 7 9 49 47 37 3 11 17 43 29 12 42 39 0 
bonus: 5 34 21 20 18 19 1 40 25 10 6 46 15 38 24 28 48 27 41 22 32 16 8 33 44 13 45 30 2 4 23 26 14 35 36 31 7 9 49 47 37 3 11 17 43 29 12 42 39 
passengers: 39 38 7 50 14 27 36 11 20 21 34 45 

2711.17	7051	30137
tour: 0 13 40 1 19 18 20 21 34 5 25 10 6 46 15 38 24 28 48 27 41 8 33 44 32 22 45 30 2 4 23 16 26 14 35 36 31 7 9 49 47 37 3 11 17 43 29 12 42 39 0 
bonus: 13 40 1 19 18 20 21 34 5 25 10 6 46 15 38 24 28 48 27 41 8 33 44 32 22 45 30 2 4 23 16 26 14 35 36 31 7 9 49 47 37 3 11 17 43 29 12 42 39 
passengers: 59 58 7 50 49 27 36 11 20 21 34 45 

  2527	7289	30137
tour: 0 13 18 20 42 12 29 43 17 21 11 3 37 5 34 26 16 23 4 27 48 28 24 38 32 15 46 6 10 30 45 22 41 8 33 44 19 1 40 25 14 47 49 9 7 35 36 31 2 39 0 
bonus: 13 18 20 42 12 29 43 17 21 11 3 37 5 34 26 16 23 4 27 48 28 24 38 32 15 46 6 10 30 45 22 41 8 33 44 19 1 40 25 14 47 49 9 7 35 36 31 2 39 
passengers: 8 67 5 1 0 14 13 50 62 60 17 18 

2320.25	7490	30137
tour: 0 13 18 20 36 35 7 9 4 27 41 8 33 44 19 1 49 47 14 25 40 48 28 24 38 21 17 11 3 37 5 34 42 12 29 43 23 16 26 22 45 30 10 6 46 15 32 31 2 39 0 
bonus: 13 18 20 36 35 7 9 4 27 41 8 33 44 19 1 49 47 14 25 40 48 28 24 38 21 17 11 3 37 5 34 42 12 29 43 23 16 26 22 45 30 10 6 46 15 32 31 2 39 
passengers: 6 42 41 27 26 62 37 59 57 0 45 4 10 24 23 

2117.5	7624	30137
tour: 0 13 23 16 26 1 49 47 17 43 29 12 42 34 5 37 3 11 21 38 32 6 10 30 45 22 27 4 9 7 35 41 8 15 46 24 28 48 40 25 14 33 44 19 18 20 36 31 2 39 0 
bonus: 13 23 16 26 1 49 47 17 43 29 12 42 34 5 37 3 11 21 38 32 6 10 30 45 22 27 4 9 7 35 41 8 15 46 24 28 48 40 25 14 33 44 19 18 20 36 31 2 39 
passengers: 9 22 20 5 46 49 27 26 3 62 61 60 19 

