Fo(cost)	Fo(time)	Fo(bonus)

  6100	7038	32082
tour: 0 18 32 30 27 14 23 37 39 22 38 47 13 21 4 11 49 16 41 42 5 7 12 35 36 24 8 45 19 46 26 20 31 6 48 28 25 17 15 34 40 2 44 3 1 29 10 33 9 43 0 
bonus: 18 32 30 27 14 23 37 39 22 38 47 13 21 4 11 49 16 41 42 5 7 12 35 36 24 8 45 19 46 26 20 31 6 48 28 25 17 15 34 40 2 44 3 1 29 10 33 9 43 
passengers: 4 2 3 46 49 57 30 55 90 96 64 45 44 43 86 92 26 11 12 10 

2584.4	7046	32082
tour: 0 18 32 30 6 31 20 13 47 4 21 26 46 19 45 8 24 36 35 12 7 5 42 41 16 49 11 15 38 22 39 37 23 14 27 43 9 33 10 29 1 3 44 2 40 34 48 28 25 17 0 
bonus: 18 32 30 6 31 20 13 47 4 21 26 46 19 45 8 24 36 35 12 7 5 42 41 16 49 11 15 38 22 39 37 23 14 27 43 9 33 10 29 1 3 44 2 40 34 48 28 25 17 
passengers: 90 91 88 39 34 25 71 66 65 68 67 58 47 54 48 52 23 6 84 17 61 60 92 

2484.53	7177	32082
tour: 0 18 32 10 27 14 23 2 44 3 1 29 26 34 40 20 31 6 30 21 13 47 4 37 39 22 38 15 17 25 28 48 46 19 11 49 16 45 8 24 36 35 12 7 5 41 42 9 33 43 0 
bonus: 18 32 10 27 14 23 2 44 3 1 29 26 34 40 20 31 6 30 21 13 47 4 37 39 22 38 15 17 25 28 48 46 19 11 49 16 45 8 24 36 35 12 7 5 41 42 9 33 43 
passengers: 15 11 12 5 6 47 49 48 29 27 94 95 96 41 40 38 25 73 72 

2400.98	7265	32082
tour: 0 18 32 10 27 14 11 49 16 7 5 41 39 37 4 47 13 29 1 3 44 2 22 38 15 17 25 28 48 34 26 21 30 6 31 20 40 12 35 36 24 8 45 19 46 23 42 9 33 43 0 
bonus: 18 32 10 27 14 11 49 16 7 5 41 39 37 4 47 13 29 1 3 44 2 22 38 15 17 25 28 48 34 26 21 30 6 31 20 40 12 35 36 24 8 45 19 46 23 42 9 33 43 
passengers: 100 97 66 65 68 47 54 53 46 48 84 17 29 27 94 95 63 41 45 44 39 43 73 72 

2251.48	7298	32082
tour: 0 43 9 33 26 34 40 20 31 6 30 21 25 17 15 11 49 16 45 19 46 48 28 8 24 36 35 12 39 37 4 3 44 2 22 38 47 13 29 1 7 5 41 42 23 14 27 10 32 18 0 
bonus: 43 9 33 26 34 40 20 31 6 30 21 25 17 15 11 49 16 45 19 46 48 28 8 24 36 35 12 39 37 4 3 44 2 22 38 47 13 29 1 7 5 41 42 23 14 27 10 32 18 
passengers: 81 80 61 60 27 100 97 96 85 42 24 57 54 20 84 15 16 7 9 8 

2018.33	7454	32082
tour: 0 43 29 1 7 5 41 42 23 46 19 45 16 49 11 15 17 25 13 47 38 22 2 44 3 48 28 8 24 36 35 34 26 21 30 6 31 20 40 12 39 37 4 33 9 27 14 10 32 18 0 
bonus: 43 29 1 7 5 41 42 23 46 19 45 16 49 11 15 17 25 13 47 38 22 2 44 3 48 28 8 24 36 35 34 26 21 30 6 31 20 40 12 39 37 4 33 9 27 14 10 32 18 
passengers: 76 83 75 77 81 7 67 85 86 99 98 32 31 30 94 95 37 36 35 24 58 

2003.32	7519	32082
tour: 0 43 29 1 42 23 46 19 45 16 49 11 15 17 25 13 47 38 22 2 44 3 48 28 8 24 36 35 34 26 21 30 6 31 20 40 12 39 41 5 7 37 4 33 9 27 14 10 32 18 0 
bonus: 43 29 1 42 23 46 19 45 16 49 11 15 17 25 13 47 38 22 2 44 3 48 28 8 24 36 35 34 26 21 30 6 31 20 40 12 39 41 5 7 37 4 33 9 27 14 10 32 18 
passengers: 76 83 75 77 81 9 85 86 99 98 32 31 30 94 95 37 36 35 38 25 24 58 57 66 

1985.02	9400	32082
tour: 0 2 33 32 34 26 45 22 27 5 48 41 18 1 29 13 6 31 36 35 43 10 14 23 42 16 17 25 30 21 44 3 12 9 49 11 19 46 40 20 7 37 4 38 15 28 39 8 24 47 0 
bonus: 2 33 32 34 26 45 22 27 5 48 41 18 1 29 13 6 31 36 35 43 10 14 23 42 16 17 25 30 21 44 3 12 9 49 11 19 46 40 20 7 37 4 38 15 28 39 8 24 47 
passengers: 17 13 94 95 64 10 42 41 74 26 28 27 99 97 87 46 

