1.357352941e+00 1.880969875e+00 2.000000000e+00 
1.442030361e+00 1.866274798e+00 2.000000000e+00 
1.538330171e+00 1.807494489e+00 2.000000000e+00 
1.620872865e+00 1.755326965e+00 2.000000000e+00 
1.595825427e+00 1.801616458e+00 2.000000000e+00 
1.615180266e+00 1.788390889e+00 2.000000000e+00 
1.859108159e+00 1.754592212e+00 2.000000000e+00 
1.355075901e+00 1.763409258e+00 1.930618044e+00 
1.327941176e+00 1.793534166e+00 1.930618044e+00 
1.544592030e+00 1.677443057e+00 1.930618044e+00 
1.595351044e+00 1.648052902e+00 1.930618044e+00 
1.508918406e+00 1.720058780e+00 1.930618044e+00 
1.591461101e+00 1.667891256e+00 1.930618044e+00 
1.670303605e+00 1.638501102e+00 1.930618044e+00 
1.311812144e+00 1.750918442e+00 1.879469571e+00 
1.528842505e+00 1.668626010e+00 1.879469571e+00 
1.523149905e+00 1.701689934e+00 1.879469571e+00 
1.625237192e+00 1.613519471e+00 1.867866446e+00 
1.504981025e+00 1.749448935e+00 1.867866446e+00 
1.211242884e+00 1.730345334e+00 1.866445655e+00 
1.418785579e+00 1.628949302e+00 1.866445655e+00 
1.282400380e+00 1.663482733e+00 1.810087615e+00 
1.428130930e+00 1.625275533e+00 1.810087615e+00 
1.496204934e+00 1.576781778e+00 1.810087615e+00 
1.571157495e+00 1.567229978e+00 1.810087615e+00 
1.489943074e+00 1.617927994e+00 1.808903623e+00 
1.478178368e+00 1.502571639e+00 1.798484490e+00 
1.553130930e+00 1.493019838e+00 1.798484490e+00 
1.375474383e+00 1.642174871e+00 1.798484490e+00 
1.455645161e+00 1.594415871e+00 1.798484490e+00 
1.181831120e+00 1.642909625e+00 1.797063699e+00 
1.370018975e+00 1.554739162e+00 1.797063699e+00 
1.389373814e+00 1.541513593e+00 1.797063699e+00 
1.468216319e+00 1.512123439e+00 1.797063699e+00 
1.326755218e+00 1.542248347e+00 1.745915226e+00 
1.285246679e+00 1.638501102e+00 1.745915226e+00 
1.364326376e+00 1.535635562e+00 1.739521667e+00 
1.311574953e+00 1.584864071e+00 1.739521667e+00 
1.470113852e+00 1.477590007e+00 1.739521667e+00 
1.228795066e+00 1.606171932e+00 1.714184229e+00 
1.310626186e+00 1.548126378e+00 1.714184229e+00 
1.295445920e+00 1.542248347e+00 1.688373194e+00 
1.397912713e+00 1.531227039e+00 1.688373194e+00 
1.386148008e+00 1.415870683e+00 1.677954061e+00 
1.318074004e+00 1.509184423e+00 1.677954061e+00 
1.461100569e+00 1.406318883e+00 1.677954061e+00 
1.297343454e+00 1.454812638e+00 1.676533270e+00 
1.369070209e+00 1.440852314e+00 1.676533270e+00 
1.255834915e+00 1.551065393e+00 1.676533270e+00 
1.181831120e+00 1.609845702e+00 1.676533270e+00 
1.194876660e+00 1.521675239e+00 1.675349278e+00 
1.293548387e+00 1.458486407e+00 1.675349278e+00 
1.351043643e+00 1.366642175e+00 1.664930144e+00 
1.248339658e+00 1.506245408e+00 1.664930144e+00 
1.127371917e+00 1.504041146e+00 1.644802273e+00 
1.281214421e+00 1.460690669e+00 1.644802273e+00 
1.266034156e+00 1.454812638e+00 1.618991238e+00 
1.352941176e+00 1.332108744e+00 1.607388113e+00 
1.165464896e+00 1.434239530e+00 1.605967322e+00 
1.244781784e+00 1.384276267e+00 1.605967322e+00 
1.264136622e+00 1.371050698e+00 1.605967322e+00 
1.237191651e+00 1.399706098e+00 1.605967322e+00 
1.342979127e+00 1.341660544e+00 1.605967322e+00 
1.084108159e+00 1.491550331e+00 1.593653801e+00 
1.201518027e+00 1.371785452e+00 1.554818849e+00 
1.259013283e+00 1.279941220e+00 1.544399716e+00 
1.143500949e+00 1.365172667e+00 1.525692636e+00 
1.054696395e+00 1.404114622e+00 1.524271845e+00 
1.242884250e+00 1.285819251e+00 1.512668719e+00 
1.260910816e+00 1.245407788e+00 1.486857684e+00 
1.172106262e+00 1.284349743e+00 1.485436893e+00 
1.243833017e+00 1.270389420e+00 1.485436893e+00 
1.225806452e+00 1.196179280e+00 1.473833767e+00 
1.111005693e+00 1.295371051e+00 1.453705896e+00 
1.190702087e+00 1.259368112e+00 1.404925408e+00 
1.067741935e+00 1.282880235e+00 1.402557424e+00 
1.016366224e+00 1.229243204e+00 1.392138290e+00 
1.133776091e+00 1.109478325e+00 1.353303339e+00 
1.127134725e+00 1.156502572e+00 1.334596259e+00 
1.038330171e+00 1.195444526e+00 1.333175468e+00 
1.120493359e+00 1.149155033e+00 1.285815771e+00 
1.091081594e+00 1.159441587e+00 1.284394980e+00 
1.118595825e+00 1.128581925e+00 1.272791854e+00 
1.000000000e+00 1.020573108e+00 1.201041913e+00 
1.000000000e+00 1.000000000e+00 1.000000000e+00 
