1.321551724e+00 1.754781421e+00 2.000000000e+00 
1.300344828e+00 1.795765027e+00 2.000000000e+00 
1.298620690e+00 1.808060109e+00 2.000000000e+00 
1.293275862e+00 1.843579235e+00 2.000000000e+00 
1.435517241e+00 1.732240437e+00 2.000000000e+00 
1.765344828e+00 1.719945355e+00 2.000000000e+00 
1.844310345e+00 1.718579235e+00 2.000000000e+00 
1.870689655e+00 1.713797814e+00 2.000000000e+00 
1.937931034e+00 1.692622951e+00 2.000000000e+00 
1.318793103e+00 1.663251366e+00 1.930008045e+00 
1.390689655e+00 1.627049180e+00 1.930008045e+00 
1.445000000e+00 1.605874317e+00 1.930008045e+00 
1.300344828e+00 1.775956284e+00 1.930008045e+00 
1.298620690e+00 1.788251366e+00 1.930008045e+00 
1.592068966e+00 1.573770492e+00 1.930008045e+00 
1.293275862e+00 1.823770492e+00 1.930008045e+00 
1.803448276e+00 1.560792350e+00 1.930008045e+00 
1.279137931e+00 1.680327869e+00 1.862429606e+00 
1.270517241e+00 1.680327869e+00 1.862429606e+00 
1.255517241e+00 1.715846995e+00 1.862429606e+00 
1.251551724e+00 1.790983607e+00 1.862429606e+00 
1.169827586e+00 1.635245902e+00 1.847345133e+00 
1.293103448e+00 1.634562842e+00 1.847345133e+00 
1.786206897e+00 1.573087432e+00 1.847345133e+00 
1.167931034e+00 1.561475410e+00 1.792437651e+00 
1.379655172e+00 1.535519126e+00 1.792437651e+00 
1.553793103e+00 1.534836066e+00 1.792437651e+00 
1.734482759e+00 1.527322404e+00 1.792437651e+00 
1.440344828e+00 1.454234973e+00 1.777353178e+00 
1.361551724e+00 1.530737705e+00 1.777353178e+00 
1.346551724e+00 1.543032787e+00 1.777353178e+00 
1.402931034e+00 1.517076503e+00 1.777353178e+00 
1.400862069e+00 1.521857923e+00 1.777353178e+00 
1.651724138e+00 1.441256831e+00 1.777353178e+00 
1.199310345e+00 1.522540984e+00 1.776347546e+00 
1.411034483e+00 1.496584699e+00 1.776347546e+00 
1.340862069e+00 1.519808743e+00 1.775140788e+00 
1.352068966e+00 1.510245902e+00 1.766492357e+00 
1.373103448e+00 1.509562842e+00 1.766492357e+00 
1.128103448e+00 1.582650273e+00 1.709774739e+00 
1.159482759e+00 1.543715847e+00 1.693684634e+00 
1.317758621e+00 1.503415301e+00 1.679605792e+00 
1.123793103e+00 1.477459016e+00 1.639782784e+00 
1.227931034e+00 1.415983607e+00 1.639782784e+00 
1.402068966e+00 1.415300546e+00 1.639782784e+00 
1.439655172e+00 1.400273224e+00 1.637570394e+00 
1.488793103e+00 1.379098361e+00 1.637570394e+00 
1.155172414e+00 1.438524590e+00 1.623692679e+00 
1.259310345e+00 1.377049180e+00 1.623692679e+00 
1.484482759e+00 1.375000000e+00 1.621480290e+00 
1.221034483e+00 1.411885246e+00 1.613837490e+00 
1.314482759e+00 1.355191257e+00 1.613837490e+00 
1.310172414e+00 1.362704918e+00 1.613837490e+00 
1.590517241e+00 1.330601093e+00 1.609613837e+00 
