1.190464896e+00 1.609845702e+00 1.676533270e+00 
1.466081594e+00 1.783982366e+00 1.930618044e+00 
1.190464896e+00 1.642909625e+00 1.797063699e+00 
1.544592030e+00 1.565760470e+00 1.798484490e+00 
1.373339658e+00 1.880969875e+00 2.000000000e+00 
1.554316888e+00 1.807494489e+00 2.000000000e+00 
1.508064516e+00 1.581190301e+00 1.810087615e+00 
1.386859583e+00 1.845701690e+00 1.930618044e+00 
1.563567362e+00 1.682586334e+00 1.930618044e+00 
1.326612903e+00 1.548126378e+00 1.714184229e+00 
1.398007590e+00 1.541513593e+00 1.797063699e+00 
1.670303605e+00 1.638501102e+00 1.930618044e+00 
1.817362429e+00 1.763409258e+00 2.000000000e+00 
1.370018975e+00 1.554739162e+00 1.797063699e+00 
1.327798861e+00 1.750918442e+00 1.879469571e+00 
1.305977230e+00 1.454812638e+00 1.676533270e+00 
1.375474383e+00 1.642174871e+00 1.798484490e+00 
1.143500949e+00 1.365172667e+00 1.525692636e+00 
1.352941176e+00 1.332108744e+00 1.607388113e+00 
1.564516129e+00 1.642909625e+00 1.866445655e+00 
1.272770398e+00 1.371050698e+00 1.605967322e+00 
1.237191651e+00 1.399706098e+00 1.605967322e+00 
1.190702087e+00 1.259368112e+00 1.404925408e+00 
1.111005693e+00 1.295371051e+00 1.453705896e+00 
1.455645161e+00 1.594415871e+00 1.798484490e+00 
1.342741935e+00 1.542248347e+00 1.745915226e+00 
1.244781784e+00 1.384276267e+00 1.605967322e+00 
1.538899431e+00 1.579720794e+00 1.798484490e+00 
1.243833017e+00 1.270389420e+00 1.485436893e+00 
1.342979127e+00 1.341660544e+00 1.605967322e+00 
1.248339658e+00 1.506245408e+00 1.664930144e+00 
1.127371917e+00 1.504041146e+00 1.644802273e+00 
1.291034156e+00 1.663482733e+00 1.810087615e+00 
1.217504744e+00 1.371785452e+00 1.554818849e+00 
1.369070209e+00 1.440852314e+00 1.676533270e+00 
1.083728653e+00 1.282880235e+00 1.402557424e+00 
1.100094877e+00 1.491550331e+00 1.593653801e+00 
1.468216319e+00 1.512123439e+00 1.797063699e+00 
1.301233397e+00 1.638501102e+00 1.745915226e+00 
1.571157495e+00 1.567229978e+00 1.810087615e+00 
1.553130930e+00 1.748714181e+00 1.930618044e+00 
1.700189753e+00 1.617927994e+00 1.867866446e+00 
1.553130930e+00 1.493019838e+00 1.798484490e+00 
1.260910816e+00 1.245407788e+00 1.486857684e+00 
1.535341556e+00 1.742101396e+00 1.847738574e+00 
1.091081594e+00 1.159441587e+00 1.284394980e+00 
1.351043643e+00 1.366642175e+00 1.664930144e+00 
1.406546490e+00 1.531227039e+00 1.688373194e+00 
1.180740038e+00 1.284349743e+00 1.485436893e+00 
1.118595825e+00 1.128581925e+00 1.272791854e+00 
1.461100569e+00 1.406318883e+00 1.677954061e+00 
1.259013283e+00 1.279941220e+00 1.544399716e+00 
1.318074004e+00 1.509184423e+00 1.677954061e+00 
1.242884250e+00 1.285819251e+00 1.512668719e+00 
1.289848197e+00 1.460690669e+00 1.644802273e+00 
1.046963947e+00 1.195444526e+00 1.333175468e+00 
1.016366224e+00 1.229243204e+00 1.392138290e+00 
1.063330171e+00 1.404114622e+00 1.524271845e+00 
1.264468691e+00 1.551065393e+00 1.676533270e+00 
1.120493359e+00 1.149155033e+00 1.285815771e+00 
1.133776091e+00 1.109478325e+00 1.353303339e+00 
1.000000000e+00 1.000000000e+00 1.000000000e+00 
1.127134725e+00 1.156502572e+00 1.334596259e+00 
1.000000000e+00 1.020573108e+00 1.201041913e+00 
1.225806452e+00 1.196179280e+00 1.473833767e+00 

1.563567362e+00 1.682586334e+00 1.930618044e+00 
1.571157495e+00 1.567229978e+00 1.810087615e+00 
1.700189753e+00 1.617927994e+00 1.867866446e+00 
1.508064516e+00 1.581190301e+00 1.810087615e+00 
1.386148008e+00 1.415870683e+00 1.677954061e+00 
1.318074004e+00 1.509184423e+00 1.677954061e+00 
1.352941176e+00 1.332108744e+00 1.607388113e+00 
1.636859583e+00 1.755326965e+00 2.000000000e+00 
1.553130930e+00 1.493019838e+00 1.798484490e+00 
1.424335863e+00 1.533431301e+00 1.688373194e+00 
1.190702087e+00 1.259368112e+00 1.404925408e+00 
1.328510436e+00 1.650991918e+00 1.797063699e+00 
1.546015180e+00 1.901542983e+00 2.000000000e+00 
1.370018975e+00 1.554739162e+00 1.797063699e+00 
1.244781784e+00 1.384276267e+00 1.605967322e+00 
1.111005693e+00 1.295371051e+00 1.453705896e+00 
1.255218216e+00 1.745775165e+00 1.714184229e+00 
1.127371917e+00 1.504041146e+00 1.644802273e+00 
1.622628083e+00 1.842027921e+00 2.000000000e+00 
1.538899431e+00 1.579720794e+00 1.798484490e+00 
1.622153700e+00 1.894930198e+00 2.000000000e+00 
1.259724858e+00 1.709772226e+00 1.797063699e+00 
1.670303605e+00 1.638501102e+00 1.930618044e+00 
1.434772296e+00 1.628949302e+00 1.866445655e+00 
1.301233397e+00 1.638501102e+00 1.745915226e+00 
1.519924099e+00 1.981631154e+00 2.000000000e+00 
1.544829222e+00 1.668626010e+00 1.879469571e+00 
1.217504744e+00 1.371785452e+00 1.554818849e+00 
1.401802657e+00 1.771491550e+00 1.879469571e+00 
1.342741935e+00 1.542248347e+00 1.745915226e+00 
1.429079696e+00 1.783982366e+00 1.930618044e+00 
1.398007590e+00 1.541513593e+00 1.797063699e+00 
1.083728653e+00 1.282880235e+00 1.402557424e+00 
1.248339658e+00 1.506245408e+00 1.664930144e+00 
1.369070209e+00 1.440852314e+00 1.676533270e+00 
1.351043643e+00 1.366642175e+00 1.664930144e+00 
1.305977230e+00 1.454812638e+00 1.676533270e+00 
1.332068311e+00 1.768552535e+00 1.866445655e+00 
1.468216319e+00 1.512123439e+00 1.797063699e+00 
1.274667932e+00 1.454812638e+00 1.618991238e+00 
1.260910816e+00 1.245407788e+00 1.486857684e+00 
1.365037951e+00 1.684055841e+00 1.810087615e+00 
1.100094877e+00 1.491550331e+00 1.593653801e+00 
1.461100569e+00 1.406318883e+00 1.677954061e+00 
1.143500949e+00 1.365172667e+00 1.525692636e+00 
1.264468691e+00 1.551065393e+00 1.676533270e+00 
1.295303605e+00 1.681116826e+00 1.797063699e+00 
1.237191651e+00 1.399706098e+00 1.605967322e+00 
1.289848197e+00 1.460690669e+00 1.644802273e+00 
1.120493359e+00 1.149155033e+00 1.285815771e+00 
1.242884250e+00 1.285819251e+00 1.512668719e+00 
1.243833017e+00 1.270389420e+00 1.485436893e+00 
1.272770398e+00 1.371050698e+00 1.605967322e+00 
1.180740038e+00 1.284349743e+00 1.485436893e+00 
1.326612903e+00 1.548126378e+00 1.714184229e+00 
1.133776091e+00 1.109478325e+00 1.353303339e+00 
1.127134725e+00 1.156502572e+00 1.334596259e+00 
1.091081594e+00 1.159441587e+00 1.284394980e+00 
1.016366224e+00 1.229243204e+00 1.392138290e+00 
1.342979127e+00 1.341660544e+00 1.605967322e+00 
1.063330171e+00 1.404114622e+00 1.524271845e+00 
1.259013283e+00 1.279941220e+00 1.544399716e+00 
1.225806452e+00 1.196179280e+00 1.473833767e+00 
1.118595825e+00 1.128581925e+00 1.272791854e+00 
1.000000000e+00 1.020573108e+00 1.201041913e+00 
1.000000000e+00 1.000000000e+00 1.000000000e+00 
1.046963947e+00 1.195444526e+00 1.333175468e+00 

1.572106262e+00 1.681116826e+00 1.930618044e+00 
1.083728653e+00 1.282880235e+00 1.402557424e+00 
1.100094877e+00 1.491550331e+00 1.593653801e+00 
1.328510436e+00 1.650991918e+00 1.797063699e+00 
1.390891841e+00 1.756796473e+00 1.847738574e+00 
1.922201139e+00 1.844966936e+00 2.000000000e+00 
1.398007590e+00 1.541513593e+00 1.797063699e+00 
1.295303605e+00 1.681116826e+00 1.797063699e+00 
1.342741935e+00 1.542248347e+00 1.745915226e+00 
1.364326376e+00 1.535635562e+00 1.739521667e+00 
1.512808349e+00 1.616458486e+00 1.810087615e+00 
1.511385199e+00 1.646583395e+00 1.808903623e+00 
1.174098672e+00 1.434239530e+00 1.605967322e+00 
1.470588235e+00 1.506245408e+00 1.739521667e+00 
1.305977230e+00 1.454812638e+00 1.676533270e+00 
1.821631879e+00 1.875826598e+00 2.000000000e+00 
1.466081594e+00 1.783982366e+00 1.930618044e+00 
1.370018975e+00 1.554739162e+00 1.797063699e+00 
1.455645161e+00 1.594415871e+00 1.798484490e+00 
1.478178368e+00 1.502571639e+00 1.798484490e+00 
1.143500949e+00 1.365172667e+00 1.525692636e+00 
1.911290323e+00 1.864070536e+00 2.000000000e+00 
1.326612903e+00 1.548126378e+00 1.714184229e+00 
1.670303605e+00 1.638501102e+00 1.930618044e+00 
1.563567362e+00 1.682586334e+00 1.930618044e+00 
1.564516129e+00 1.642909625e+00 1.866445655e+00 
1.760910816e+00 1.878765614e+00 2.000000000e+00 
1.227229602e+00 1.712711242e+00 1.734312100e+00 
1.468216319e+00 1.512123439e+00 1.797063699e+00 
1.237191651e+00 1.399706098e+00 1.605967322e+00 
1.386148008e+00 1.415870683e+00 1.677954061e+00 
1.260910816e+00 1.245407788e+00 1.486857684e+00 
1.318074004e+00 1.509184423e+00 1.677954061e+00 
1.365037951e+00 1.684055841e+00 1.810087615e+00 
1.553130930e+00 1.493019838e+00 1.798484490e+00 
1.571157495e+00 1.567229978e+00 1.810087615e+00 
1.700189753e+00 1.617927994e+00 1.867866446e+00 
1.272770398e+00 1.371050698e+00 1.605967322e+00 
1.190702087e+00 1.259368112e+00 1.404925408e+00 
1.111005693e+00 1.295371051e+00 1.453705896e+00 
1.352941176e+00 1.332108744e+00 1.607388113e+00 
1.190464896e+00 1.609845702e+00 1.676533270e+00 
1.550521822e+00 1.738427627e+00 1.866445655e+00 
1.351043643e+00 1.366642175e+00 1.664930144e+00 
1.375474383e+00 1.642174871e+00 1.798484490e+00 
1.369070209e+00 1.440852314e+00 1.676533270e+00 
1.217504744e+00 1.371785452e+00 1.554818849e+00 
1.289848197e+00 1.460690669e+00 1.644802273e+00 
1.570208729e+00 1.595885378e+00 1.810087615e+00 
1.225806452e+00 1.196179280e+00 1.473833767e+00 
1.461100569e+00 1.406318883e+00 1.677954061e+00 
1.248339658e+00 1.506245408e+00 1.664930144e+00 
1.302182163e+00 1.656869949e+00 1.727208146e+00 
1.264468691e+00 1.551065393e+00 1.676533270e+00 
1.120493359e+00 1.149155033e+00 1.285815771e+00 
1.342979127e+00 1.341660544e+00 1.605967322e+00 
1.259013283e+00 1.279941220e+00 1.544399716e+00 
1.244781784e+00 1.606171932e+00 1.714184229e+00 
1.091081594e+00 1.159441587e+00 1.284394980e+00 
1.127134725e+00 1.156502572e+00 1.334596259e+00 
1.133776091e+00 1.109478325e+00 1.353303339e+00 
1.244781784e+00 1.384276267e+00 1.605967322e+00 
1.063330171e+00 1.404114622e+00 1.524271845e+00 
1.242884250e+00 1.285819251e+00 1.512668719e+00 
1.243833017e+00 1.270389420e+00 1.485436893e+00 
1.127371917e+00 1.504041146e+00 1.644802273e+00 
1.046963947e+00 1.195444526e+00 1.333175468e+00 
1.180740038e+00 1.284349743e+00 1.485436893e+00 
1.016366224e+00 1.229243204e+00 1.392138290e+00 
1.000000000e+00 1.000000000e+00 1.000000000e+00 
1.118595825e+00 1.128581925e+00 1.272791854e+00 
1.000000000e+00 1.020573108e+00 1.201041913e+00 

1.342741935e+00 1.542248347e+00 1.745915226e+00 
1.127371917e+00 1.504041146e+00 1.644802273e+00 
1.595351044e+00 1.648052902e+00 1.930618044e+00 
1.364326376e+00 1.535635562e+00 1.739521667e+00 
1.625237192e+00 1.613519471e+00 1.867866446e+00 
1.470113852e+00 1.477590007e+00 1.739521667e+00 
1.622153700e+00 1.894930198e+00 2.000000000e+00 
1.274667932e+00 1.454812638e+00 1.618991238e+00 
1.769924099e+00 1.827332843e+00 2.000000000e+00 
1.563567362e+00 1.682586334e+00 1.930618044e+00 
1.553130930e+00 1.493019838e+00 1.798484490e+00 
1.419592030e+00 1.839823659e+00 1.866445655e+00 
1.328510436e+00 1.650991918e+00 1.797063699e+00 
1.305977230e+00 1.454812638e+00 1.676533270e+00 
1.473671727e+00 1.842762675e+00 1.930618044e+00 
1.555028463e+00 1.756061719e+00 1.847738574e+00 
1.428130930e+00 1.712711242e+00 1.810087615e+00 
1.571157495e+00 1.567229978e+00 1.810087615e+00 
1.478178368e+00 1.502571639e+00 1.798484490e+00 
1.827324478e+00 1.825863336e+00 2.000000000e+00 
1.264468691e+00 1.551065393e+00 1.676533270e+00 
1.259724858e+00 1.709772226e+00 1.797063699e+00 
1.525379507e+00 1.781778104e+00 1.866445655e+00 
1.259724858e+00 1.676708303e+00 1.676533270e+00 
1.326612903e+00 1.548126378e+00 1.714184229e+00 
1.496204934e+00 1.576781778e+00 1.810087615e+00 
1.351043643e+00 1.366642175e+00 1.664930144e+00 
1.352941176e+00 1.332108744e+00 1.607388113e+00 
1.462286528e+00 1.639235856e+00 1.798484490e+00 
1.468216319e+00 1.512123439e+00 1.797063699e+00 
1.295303605e+00 1.681116826e+00 1.797063699e+00 
1.644449715e+00 1.889052168e+00 2.000000000e+00 
1.083728653e+00 1.282880235e+00 1.402557424e+00 
1.461100569e+00 1.406318883e+00 1.677954061e+00 
1.100094877e+00 1.491550331e+00 1.593653801e+00 
1.398007590e+00 1.541513593e+00 1.797063699e+00 
1.369070209e+00 1.440852314e+00 1.676533270e+00 
1.242884250e+00 1.285819251e+00 1.512668719e+00 
1.244781784e+00 1.384276267e+00 1.605967322e+00 
1.386148008e+00 1.415870683e+00 1.677954061e+00 
1.225806452e+00 1.196179280e+00 1.473833767e+00 
1.553368121e+00 1.758265981e+00 1.930618044e+00 
1.289848197e+00 1.460690669e+00 1.644802273e+00 
1.237191651e+00 1.399706098e+00 1.605967322e+00 
1.174098672e+00 1.434239530e+00 1.605967322e+00 
1.492647059e+00 1.787656135e+00 1.930618044e+00 
1.613614801e+00 2.000000000e+00 2.000000000e+00 
1.063330171e+00 1.404114622e+00 1.524271845e+00 
1.143500949e+00 1.365172667e+00 1.525692636e+00 
1.217504744e+00 1.371785452e+00 1.554818849e+00 
1.318074004e+00 1.509184423e+00 1.677954061e+00 
1.260910816e+00 1.245407788e+00 1.486857684e+00 
1.248339658e+00 1.506245408e+00 1.664930144e+00 
1.243833017e+00 1.270389420e+00 1.485436893e+00 
1.180740038e+00 1.284349743e+00 1.485436893e+00 
1.259013283e+00 1.279941220e+00 1.544399716e+00 
1.046963947e+00 1.195444526e+00 1.333175468e+00 
1.118595825e+00 1.128581925e+00 1.272791854e+00 
1.453747628e+00 1.658339456e+00 1.810087615e+00 
1.091081594e+00 1.159441587e+00 1.284394980e+00 
1.342979127e+00 1.341660544e+00 1.605967322e+00 
1.272770398e+00 1.371050698e+00 1.605967322e+00 
1.111005693e+00 1.295371051e+00 1.453705896e+00 
1.127134725e+00 1.156502572e+00 1.334596259e+00 
1.120493359e+00 1.149155033e+00 1.285815771e+00 
1.133776091e+00 1.109478325e+00 1.353303339e+00 
1.000000000e+00 1.020573108e+00 1.201041913e+00 
1.016366224e+00 1.229243204e+00 1.392138290e+00 
1.000000000e+00 1.000000000e+00 1.000000000e+00 
1.190702087e+00 1.259368112e+00 1.404925408e+00 

1.386148008e+00 1.415870683e+00 1.677954061e+00 
1.326612903e+00 1.548126378e+00 1.714184229e+00 
1.508064516e+00 1.581190301e+00 1.810087615e+00 
1.398007590e+00 1.541513593e+00 1.797063699e+00 
1.328510436e+00 1.650991918e+00 1.797063699e+00 
1.301233397e+00 1.638501102e+00 1.745915226e+00 
1.295303605e+00 1.681116826e+00 1.797063699e+00 
1.544829222e+00 1.668626010e+00 1.879469571e+00 
1.255218216e+00 1.745775165e+00 1.714184229e+00 
1.289136622e+00 1.650991918e+00 1.727208146e+00 
1.700189753e+00 1.617927994e+00 1.867866446e+00 
1.424335863e+00 1.533431301e+00 1.688373194e+00 
1.670303605e+00 1.638501102e+00 1.930618044e+00 
1.370018975e+00 1.554739162e+00 1.797063699e+00 
1.352941176e+00 1.332108744e+00 1.607388113e+00 
1.571157495e+00 1.567229978e+00 1.810087615e+00 
1.244781784e+00 1.384276267e+00 1.605967322e+00 
1.111005693e+00 1.295371051e+00 1.453705896e+00 
1.563567362e+00 1.682586334e+00 1.930618044e+00 
1.365037951e+00 1.684055841e+00 1.810087615e+00 
1.538899431e+00 1.579720794e+00 1.798484490e+00 
1.272770398e+00 1.371050698e+00 1.605967322e+00 
1.342741935e+00 1.542248347e+00 1.745915226e+00 
1.499762808e+00 1.834680382e+00 1.866445655e+00 
1.217504744e+00 1.371785452e+00 1.554818849e+00 
1.100094877e+00 1.491550331e+00 1.593653801e+00 
1.259724858e+00 1.709772226e+00 1.797063699e+00 
1.264468691e+00 1.551065393e+00 1.676533270e+00 
1.127371917e+00 1.504041146e+00 1.644802273e+00 
1.553130930e+00 1.493019838e+00 1.798484490e+00 
1.468216319e+00 1.512123439e+00 1.797063699e+00 
1.289848197e+00 1.460690669e+00 1.644802273e+00 
1.260910816e+00 1.245407788e+00 1.486857684e+00 
1.259724858e+00 1.676708303e+00 1.676533270e+00 
1.143500949e+00 1.365172667e+00 1.525692636e+00 
1.419592030e+00 1.839823659e+00 1.866445655e+00 
1.514468691e+00 1.766348273e+00 1.879469571e+00 
1.461100569e+00 1.406318883e+00 1.677954061e+00 
1.083728653e+00 1.282880235e+00 1.402557424e+00 
1.351043643e+00 1.366642175e+00 1.664930144e+00 
1.369070209e+00 1.440852314e+00 1.676533270e+00 
1.544592030e+00 1.565760470e+00 1.798484490e+00 
1.473671727e+00 1.842762675e+00 1.930618044e+00 
1.237191651e+00 1.399706098e+00 1.605967322e+00 
1.462286528e+00 1.639235856e+00 1.798484490e+00 
1.248339658e+00 1.506245408e+00 1.664930144e+00 
1.342979127e+00 1.341660544e+00 1.605967322e+00 
1.118595825e+00 1.128581925e+00 1.272791854e+00 
1.225806452e+00 1.196179280e+00 1.473833767e+00 
1.318074004e+00 1.509184423e+00 1.677954061e+00 
1.120493359e+00 1.149155033e+00 1.285815771e+00 
1.243833017e+00 1.270389420e+00 1.485436893e+00 
1.242884250e+00 1.285819251e+00 1.512668719e+00 
1.180740038e+00 1.284349743e+00 1.485436893e+00 
1.305977230e+00 1.454812638e+00 1.676533270e+00 
1.259013283e+00 1.279941220e+00 1.544399716e+00 
1.063330171e+00 1.404114622e+00 1.524271845e+00 
1.046963947e+00 1.195444526e+00 1.333175468e+00 
1.127134725e+00 1.156502572e+00 1.334596259e+00 
1.555265655e+00 1.816311536e+00 1.930618044e+00 
1.133776091e+00 1.109478325e+00 1.353303339e+00 
1.091081594e+00 1.159441587e+00 1.284394980e+00 
1.016366224e+00 1.229243204e+00 1.392138290e+00 
1.000000000e+00 1.000000000e+00 1.000000000e+00 
1.190702087e+00 1.259368112e+00 1.404925408e+00 
1.000000000e+00 1.020573108e+00 1.201041913e+00 

1.527751423e+00 1.695077149e+00 1.866445655e+00 
1.527988615e+00 1.731814842e+00 1.930618044e+00 
1.332068311e+00 1.768552535e+00 1.866445655e+00 
1.428130930e+00 1.625275533e+00 1.810087615e+00 
1.401802657e+00 1.771491550e+00 1.879469571e+00 
1.406546490e+00 1.531227039e+00 1.688373194e+00 
1.318074004e+00 1.509184423e+00 1.677954061e+00 
1.342741935e+00 1.542248347e+00 1.745915226e+00 
1.365037951e+00 1.684055841e+00 1.810087615e+00 
1.572106262e+00 1.681116826e+00 1.930618044e+00 
1.210863378e+00 1.488611315e+00 1.554818849e+00 
1.399193548e+00 1.836884644e+00 1.930618044e+00 
1.710626186e+00 1.807494489e+00 2.000000000e+00 
1.564516129e+00 1.642909625e+00 1.866445655e+00 
1.729601518e+00 1.755326965e+00 2.000000000e+00 
1.190464896e+00 1.642909625e+00 1.797063699e+00 
1.352941176e+00 1.332108744e+00 1.607388113e+00 
1.301233397e+00 1.638501102e+00 1.745915226e+00 
1.429079696e+00 1.783982366e+00 1.930618044e+00 
1.515654649e+00 1.707567965e+00 1.847738574e+00 
1.563567362e+00 1.682586334e+00 1.930618044e+00 
1.326612903e+00 1.548126378e+00 1.714184229e+00 
1.264468691e+00 1.551065393e+00 1.676533270e+00 
1.398007590e+00 1.541513593e+00 1.797063699e+00 
1.386148008e+00 1.415870683e+00 1.677954061e+00 
1.217504744e+00 1.371785452e+00 1.554818849e+00 
1.508064516e+00 1.581190301e+00 1.810087615e+00 
1.370018975e+00 1.554739162e+00 1.797063699e+00 
1.289848197e+00 1.460690669e+00 1.644802273e+00 
1.111005693e+00 1.295371051e+00 1.453705896e+00 
1.700189753e+00 1.617927994e+00 1.867866446e+00 
1.670303605e+00 1.638501102e+00 1.930618044e+00 
1.260910816e+00 1.245407788e+00 1.486857684e+00 
1.190702087e+00 1.259368112e+00 1.404925408e+00 
1.468216319e+00 1.512123439e+00 1.797063699e+00 
1.127371917e+00 1.504041146e+00 1.644802273e+00 
1.244781784e+00 1.384276267e+00 1.605967322e+00 
1.143500949e+00 1.365172667e+00 1.525692636e+00 
1.237191651e+00 1.399706098e+00 1.605967322e+00 
1.063330171e+00 1.404114622e+00 1.524271845e+00 
1.305977230e+00 1.454812638e+00 1.676533270e+00 
1.342979127e+00 1.341660544e+00 1.605967322e+00 
1.553130930e+00 1.493019838e+00 1.798484490e+00 
1.272770398e+00 1.371050698e+00 1.605967322e+00 
1.083728653e+00 1.282880235e+00 1.402557424e+00 
1.100094877e+00 1.491550331e+00 1.593653801e+00 
1.190464896e+00 1.609845702e+00 1.676533270e+00 
1.248339658e+00 1.506245408e+00 1.664930144e+00 
1.571157495e+00 1.567229978e+00 1.810087615e+00 
1.180740038e+00 1.284349743e+00 1.485436893e+00 
1.120493359e+00 1.149155033e+00 1.285815771e+00 
1.461100569e+00 1.406318883e+00 1.677954061e+00 
1.478178368e+00 1.502571639e+00 1.798484490e+00 
1.274667932e+00 1.454812638e+00 1.618991238e+00 
1.225806452e+00 1.196179280e+00 1.473833767e+00 
1.046963947e+00 1.195444526e+00 1.333175468e+00 
1.243833017e+00 1.270389420e+00 1.485436893e+00 
1.369070209e+00 1.440852314e+00 1.676533270e+00 
1.351043643e+00 1.366642175e+00 1.664930144e+00 
1.127134725e+00 1.156502572e+00 1.334596259e+00 
1.259013283e+00 1.279941220e+00 1.544399716e+00 
1.016366224e+00 1.229243204e+00 1.392138290e+00 
1.000000000e+00 1.000000000e+00 1.000000000e+00 
1.091081594e+00 1.159441587e+00 1.284394980e+00 
1.133776091e+00 1.109478325e+00 1.353303339e+00 
1.242884250e+00 1.285819251e+00 1.512668719e+00 
1.118595825e+00 1.128581925e+00 1.272791854e+00 
1.000000000e+00 1.020573108e+00 1.201041913e+00 

1.519924099e+00 1.981631154e+00 2.000000000e+00 
1.401802657e+00 1.751653196e+00 1.810087615e+00 
1.549573055e+00 1.814842028e+00 1.930618044e+00 
1.692836812e+00 1.841293167e+00 2.000000000e+00 
1.401802657e+00 1.771491550e+00 1.879469571e+00 
1.828273245e+00 1.778839089e+00 2.000000000e+00 
1.817836812e+00 1.792064658e+00 2.000000000e+00 
1.328510436e+00 1.650991918e+00 1.797063699e+00 
1.386148008e+00 1.415870683e+00 1.677954061e+00 
1.301233397e+00 1.638501102e+00 1.745915226e+00 
1.370018975e+00 1.554739162e+00 1.797063699e+00 
1.544829222e+00 1.668626010e+00 1.879469571e+00 
1.091081594e+00 1.159441587e+00 1.284394980e+00 
1.363693548e+00 1.532696547e+00 1.677954061e+00 
1.700189753e+00 1.617927994e+00 1.867866446e+00 
1.563567362e+00 1.682586334e+00 1.930618044e+00 
1.434772296e+00 1.628949302e+00 1.866445655e+00 
1.553130930e+00 1.932402645e+00 2.000000000e+00 
1.398007590e+00 1.541513593e+00 1.797063699e+00 
1.332068311e+00 1.768552535e+00 1.866445655e+00 
1.174098672e+00 1.434239530e+00 1.605967322e+00 
1.461100569e+00 1.406318883e+00 1.677954061e+00 
1.571157495e+00 1.567229978e+00 1.810087615e+00 
1.670303605e+00 1.638501102e+00 1.930618044e+00 
1.342741935e+00 1.542248347e+00 1.745915226e+00 
1.496204934e+00 1.576781778e+00 1.810087615e+00 
1.553130930e+00 1.493019838e+00 1.798484490e+00 
1.237191651e+00 1.399706098e+00 1.605967322e+00 
1.244781784e+00 1.606171932e+00 1.714184229e+00 
1.352941176e+00 1.332108744e+00 1.607388113e+00 
1.289848197e+00 1.460690669e+00 1.644802273e+00 
1.468216319e+00 1.512123439e+00 1.797063699e+00 
1.227229602e+00 1.697281411e+00 1.745915226e+00 
1.369070209e+00 1.440852314e+00 1.676533270e+00 
1.342979127e+00 1.341660544e+00 1.605967322e+00 
1.225806452e+00 1.196179280e+00 1.473833767e+00 
1.326612903e+00 1.548126378e+00 1.714184229e+00 
1.100094877e+00 1.491550331e+00 1.593653801e+00 
1.351043643e+00 1.366642175e+00 1.664930144e+00 
1.111005693e+00 1.295371051e+00 1.453705896e+00 
1.455645161e+00 1.594415871e+00 1.798484490e+00 
1.127371917e+00 1.504041146e+00 1.644802273e+00 
1.242884250e+00 1.285819251e+00 1.512668719e+00 
1.305977230e+00 1.454812638e+00 1.676533270e+00 
1.127134725e+00 1.156502572e+00 1.334596259e+00 
1.190464896e+00 1.609845702e+00 1.676533270e+00 
1.143500949e+00 1.365172667e+00 1.525692636e+00 
1.272770398e+00 1.371050698e+00 1.605967322e+00 
1.217504744e+00 1.371785452e+00 1.554818849e+00 
1.083728653e+00 1.282880235e+00 1.402557424e+00 
1.244781784e+00 1.384276267e+00 1.605967322e+00 
1.118595825e+00 1.128581925e+00 1.272791854e+00 
1.264468691e+00 1.551065393e+00 1.676533270e+00 
1.260910816e+00 1.245407788e+00 1.486857684e+00 
1.046963947e+00 1.195444526e+00 1.333175468e+00 
1.180740038e+00 1.284349743e+00 1.485436893e+00 
1.243833017e+00 1.270389420e+00 1.485436893e+00 
1.259013283e+00 1.279941220e+00 1.544399716e+00 
1.133776091e+00 1.109478325e+00 1.353303339e+00 
1.016366224e+00 1.229243204e+00 1.392138290e+00 
1.120493359e+00 1.149155033e+00 1.285815771e+00 
1.190702087e+00 1.259368112e+00 1.404925408e+00 
1.000000000e+00 1.020573108e+00 1.201041913e+00 
1.000000000e+00 1.000000000e+00 1.000000000e+00 
1.063330171e+00 1.404114622e+00 1.524271845e+00 

1.248339658e+00 1.506245408e+00 1.664930144e+00 
1.401802657e+00 1.771491550e+00 1.879469571e+00 
1.553130930e+00 1.493019838e+00 1.798484490e+00 
1.470113852e+00 1.477590007e+00 1.739521667e+00 
1.237191651e+00 1.399706098e+00 1.605967322e+00 
1.255218216e+00 1.745775165e+00 1.714184229e+00 
1.468216319e+00 1.512123439e+00 1.797063699e+00 
1.295303605e+00 1.681116826e+00 1.797063699e+00 
1.364326376e+00 1.535635562e+00 1.739521667e+00 
1.625237192e+00 1.613519471e+00 1.867866446e+00 
1.365037951e+00 1.684055841e+00 1.810087615e+00 
1.342979127e+00 1.341660544e+00 1.605967322e+00 
1.544592030e+00 1.677443057e+00 1.930618044e+00 
1.595351044e+00 1.648052902e+00 1.930618044e+00 
1.352941176e+00 1.332108744e+00 1.607388113e+00 
1.496204934e+00 1.576781778e+00 1.810087615e+00 
1.742409867e+00 1.759000735e+00 2.000000000e+00 
1.369070209e+00 1.440852314e+00 1.676533270e+00 
1.328510436e+00 1.650991918e+00 1.797063699e+00 
1.478178368e+00 1.502571639e+00 1.798484490e+00 
1.272770398e+00 1.371050698e+00 1.605967322e+00 
1.083728653e+00 1.282880235e+00 1.402557424e+00 
1.429079696e+00 1.783982366e+00 1.930618044e+00 
1.217504744e+00 1.371785452e+00 1.554818849e+00 
1.320208729e+00 1.584864071e+00 1.739521667e+00 
1.595825427e+00 1.801616458e+00 2.000000000e+00 
1.289848197e+00 1.460690669e+00 1.644802273e+00 
1.318074004e+00 1.509184423e+00 1.677954061e+00 
1.623814042e+00 1.788390889e+00 2.000000000e+00 
1.244781784e+00 1.384276267e+00 1.605967322e+00 
1.370018975e+00 1.554739162e+00 1.797063699e+00 
1.521110057e+00 1.927994122e+00 2.000000000e+00 
1.127371917e+00 1.504041146e+00 1.644802273e+00 
1.398007590e+00 1.541513593e+00 1.797063699e+00 
1.190702087e+00 1.259368112e+00 1.404925408e+00 
1.461100569e+00 1.406318883e+00 1.677954061e+00 
1.100094877e+00 1.491550331e+00 1.593653801e+00 
1.289136622e+00 1.650991918e+00 1.727208146e+00 
1.531783681e+00 1.701689934e+00 1.879469571e+00 
1.264468691e+00 1.551065393e+00 1.676533270e+00 
1.242884250e+00 1.285819251e+00 1.512668719e+00 
1.180740038e+00 1.284349743e+00 1.485436893e+00 
1.515654649e+00 1.707567965e+00 1.847738574e+00 
1.406546490e+00 1.531227039e+00 1.688373194e+00 
1.225806452e+00 1.196179280e+00 1.473833767e+00 
1.342741935e+00 1.542248347e+00 1.745915226e+00 
1.386148008e+00 1.415870683e+00 1.677954061e+00 
1.063330171e+00 1.404114622e+00 1.524271845e+00 
1.351043643e+00 1.366642175e+00 1.664930144e+00 
1.243833017e+00 1.270389420e+00 1.485436893e+00 
1.305977230e+00 1.454812638e+00 1.676533270e+00 
1.111005693e+00 1.295371051e+00 1.453705896e+00 
1.046963947e+00 1.195444526e+00 1.333175468e+00 
1.259013283e+00 1.279941220e+00 1.544399716e+00 
1.260910816e+00 1.245407788e+00 1.486857684e+00 
1.143500949e+00 1.365172667e+00 1.525692636e+00 
1.133776091e+00 1.109478325e+00 1.353303339e+00 
1.118595825e+00 1.128581925e+00 1.272791854e+00 
1.091081594e+00 1.159441587e+00 1.284394980e+00 
1.127134725e+00 1.156502572e+00 1.334596259e+00 
1.016366224e+00 1.229243204e+00 1.392138290e+00 
1.120493359e+00 1.149155033e+00 1.285815771e+00 
1.000000000e+00 1.000000000e+00 1.000000000e+00 
1.000000000e+00 1.020573108e+00 1.201041913e+00 

1.478178368e+00 1.502571639e+00 1.798484490e+00 
1.364326376e+00 1.535635562e+00 1.739521667e+00 
1.274667932e+00 1.454812638e+00 1.618991238e+00 
1.369070209e+00 1.440852314e+00 1.676533270e+00 
1.332068311e+00 1.768552535e+00 1.866445655e+00 
1.217504744e+00 1.371785452e+00 1.554818849e+00 
1.342741935e+00 1.542248347e+00 1.745915226e+00 
1.453747628e+00 1.658339456e+00 1.810087615e+00 
1.352941176e+00 1.332108744e+00 1.607388113e+00 
1.571157495e+00 1.567229978e+00 1.810087615e+00 
1.670303605e+00 1.638501102e+00 1.930618044e+00 
1.295303605e+00 1.681116826e+00 1.797063699e+00 
1.455645161e+00 1.594415871e+00 1.798484490e+00 
1.572106262e+00 1.681116826e+00 1.930618044e+00 
1.563567362e+00 1.682586334e+00 1.930618044e+00 
1.100094877e+00 1.491550331e+00 1.593653801e+00 
1.370018975e+00 1.554739162e+00 1.797063699e+00 
1.248339658e+00 1.506245408e+00 1.664930144e+00 
1.508064516e+00 1.581190301e+00 1.810087615e+00 
1.342979127e+00 1.341660544e+00 1.605967322e+00 
1.244781784e+00 1.384276267e+00 1.605967322e+00 
1.468216319e+00 1.512123439e+00 1.797063699e+00 
1.301233397e+00 1.638501102e+00 1.745915226e+00 
1.700189753e+00 1.617927994e+00 1.867866446e+00 
1.553130930e+00 1.493019838e+00 1.798484490e+00 
1.386148008e+00 1.415870683e+00 1.677954061e+00 
1.328510436e+00 1.650991918e+00 1.797063699e+00 
1.083728653e+00 1.282880235e+00 1.402557424e+00 
1.398007590e+00 1.541513593e+00 1.797063699e+00 
1.401802657e+00 1.771491550e+00 1.879469571e+00 
1.429079696e+00 1.783982366e+00 1.930618044e+00 
1.237191651e+00 1.399706098e+00 1.605967322e+00 
1.190702087e+00 1.259368112e+00 1.404925408e+00 
1.305977230e+00 1.454812638e+00 1.676533270e+00 
1.180740038e+00 1.284349743e+00 1.485436893e+00 
1.318074004e+00 1.509184423e+00 1.677954061e+00 
1.326612903e+00 1.548126378e+00 1.714184229e+00 
1.272770398e+00 1.371050698e+00 1.605967322e+00 
1.510673624e+00 1.718589273e+00 1.847738574e+00 
1.289848197e+00 1.460690669e+00 1.644802273e+00 
1.264468691e+00 1.551065393e+00 1.676533270e+00 
1.351043643e+00 1.366642175e+00 1.664930144e+00 
1.989563567e+00 1.812637766e+00 2.000000000e+00 
1.259013283e+00 1.279941220e+00 1.544399716e+00 
1.127371917e+00 1.504041146e+00 1.644802273e+00 
1.461100569e+00 1.406318883e+00 1.677954061e+00 
1.243833017e+00 1.270389420e+00 1.485436893e+00 
1.365037951e+00 1.684055841e+00 1.810087615e+00 
1.260910816e+00 1.245407788e+00 1.486857684e+00 
1.242884250e+00 1.285819251e+00 1.512668719e+00 
1.046963947e+00 1.195444526e+00 1.333175468e+00 
1.174098672e+00 1.434239530e+00 1.605967322e+00 
1.091081594e+00 1.159441587e+00 1.284394980e+00 
1.564753321e+00 1.819250551e+00 2.000000000e+00 
1.133776091e+00 1.109478325e+00 1.353303339e+00 
1.111005693e+00 1.295371051e+00 1.453705896e+00 
1.120493359e+00 1.149155033e+00 1.285815771e+00 
1.016366224e+00 1.229243204e+00 1.392138290e+00 
1.225806452e+00 1.196179280e+00 1.473833767e+00 
1.143500949e+00 1.365172667e+00 1.525692636e+00 
1.063330171e+00 1.404114622e+00 1.524271845e+00 
1.127134725e+00 1.156502572e+00 1.334596259e+00 
1.118595825e+00 1.128581925e+00 1.272791854e+00 
1.000000000e+00 1.000000000e+00 1.000000000e+00 
1.000000000e+00 1.020573108e+00 1.201041913e+00 

1.670303605e+00 1.638501102e+00 1.930618044e+00 
1.210863378e+00 1.488611315e+00 1.554818849e+00 
1.259724858e+00 1.709772226e+00 1.797063699e+00 
1.352941176e+00 1.332108744e+00 1.607388113e+00 
1.428130930e+00 1.712711242e+00 1.810087615e+00 
1.456356736e+00 1.503306392e+00 1.677954061e+00 
1.516366224e+00 1.952975753e+00 2.000000000e+00 
1.419592030e+00 1.839823659e+00 1.866445655e+00 
1.301233397e+00 1.638501102e+00 1.745915226e+00 
1.514468691e+00 1.766348273e+00 1.879469571e+00 
1.365512334e+00 1.651726672e+00 1.797063699e+00 
1.622153700e+00 1.894930198e+00 2.000000000e+00 
1.824478178e+00 1.866274798e+00 2.000000000e+00 
1.662239089e+00 1.698750918e+00 1.879469571e+00 
1.504981025e+00 1.749448935e+00 1.867866446e+00 
1.178368121e+00 1.520940485e+00 1.605967322e+00 
1.178368121e+00 1.524614254e+00 1.644802273e+00 
1.571157495e+00 1.567229978e+00 1.810087615e+00 
1.351280835e+00 1.694342395e+00 1.797063699e+00 
1.217504744e+00 1.371785452e+00 1.554818849e+00 
1.564516129e+00 1.642909625e+00 1.866445655e+00 
1.596774194e+00 1.720058780e+00 1.930618044e+00 
1.538899431e+00 1.579720794e+00 1.798484490e+00 
1.544592030e+00 1.565760470e+00 1.798484490e+00 
1.462286528e+00 1.639235856e+00 1.798484490e+00 
1.468216319e+00 1.512123439e+00 1.797063699e+00 
1.417457306e+00 1.541513593e+00 1.797063699e+00 
1.272770398e+00 1.371050698e+00 1.605967322e+00 
1.342979127e+00 1.341660544e+00 1.605967322e+00 
1.553130930e+00 1.493019838e+00 1.798484490e+00 
1.479838710e+00 1.859662013e+00 1.930618044e+00 
1.237191651e+00 1.399706098e+00 1.605967322e+00 
1.208017078e+00 1.518736223e+00 1.644802273e+00 
1.490749526e+00 1.684790595e+00 1.810087615e+00 
1.579459203e+00 1.784717120e+00 1.930618044e+00 
1.408206831e+00 1.636296841e+00 1.734312100e+00 
1.351043643e+00 1.366642175e+00 1.664930144e+00 
1.248339658e+00 1.506245408e+00 1.664930144e+00 
1.305977230e+00 1.454812638e+00 1.676533270e+00 
1.289848197e+00 1.460690669e+00 1.644802273e+00 
1.180740038e+00 1.284349743e+00 1.485436893e+00 
1.260910816e+00 1.245407788e+00 1.486857684e+00 
1.083728653e+00 1.282880235e+00 1.402557424e+00 
1.143500949e+00 1.365172667e+00 1.525692636e+00 
1.461100569e+00 1.406318883e+00 1.677954061e+00 
1.190702087e+00 1.259368112e+00 1.404925408e+00 
1.118595825e+00 1.128581925e+00 1.272791854e+00 
1.318074004e+00 1.509184423e+00 1.677954061e+00 
1.091081594e+00 1.159441587e+00 1.284394980e+00 
1.111005693e+00 1.295371051e+00 1.453705896e+00 
1.063330171e+00 1.404114622e+00 1.524271845e+00 
1.242884250e+00 1.285819251e+00 1.512668719e+00 
1.225806452e+00 1.196179280e+00 1.473833767e+00 
1.046963947e+00 1.195444526e+00 1.333175468e+00 
1.120493359e+00 1.149155033e+00 1.285815771e+00 
1.259013283e+00 1.279941220e+00 1.544399716e+00 
1.369070209e+00 1.440852314e+00 1.676533270e+00 
1.243833017e+00 1.270389420e+00 1.485436893e+00 
1.016366224e+00 1.229243204e+00 1.392138290e+00 
1.127134725e+00 1.156502572e+00 1.334596259e+00 
1.000000000e+00 1.000000000e+00 1.000000000e+00 
1.133776091e+00 1.109478325e+00 1.353303339e+00 
1.000000000e+00 1.020573108e+00 1.201041913e+00 

1.326612903e+00 1.548126378e+00 1.714184229e+00 
1.217504744e+00 1.371785452e+00 1.554818849e+00 
1.508064516e+00 1.581190301e+00 1.810087615e+00 
1.406546490e+00 1.531227039e+00 1.688373194e+00 
1.364326376e+00 1.535635562e+00 1.739521667e+00 
1.470588235e+00 1.506245408e+00 1.739521667e+00 
1.398007590e+00 1.541513593e+00 1.797063699e+00 
1.100094877e+00 1.491550331e+00 1.593653801e+00 
1.342979127e+00 1.341660544e+00 1.605967322e+00 
1.237191651e+00 1.399706098e+00 1.605967322e+00 
1.527988615e+00 1.731814842e+00 1.930618044e+00 
1.227229602e+00 1.730345334e+00 1.866445655e+00 
1.190464896e+00 1.609845702e+00 1.676533270e+00 
1.528700190e+00 1.713445996e+00 1.847738574e+00 
1.190464896e+00 1.642909625e+00 1.797063699e+00 
1.272770398e+00 1.371050698e+00 1.605967322e+00 
1.370018975e+00 1.554739162e+00 1.797063699e+00 
1.355075901e+00 1.763409258e+00 1.930618044e+00 
1.244781784e+00 1.384276267e+00 1.605967322e+00 
1.305977230e+00 1.454812638e+00 1.676533270e+00 
1.522533207e+00 1.753122704e+00 1.867866446e+00 
1.700189753e+00 1.617927994e+00 1.867866446e+00 
1.264468691e+00 1.551065393e+00 1.676533270e+00 
1.670303605e+00 1.638501102e+00 1.930618044e+00 
1.127371917e+00 1.504041146e+00 1.644802273e+00 
1.544829222e+00 1.668626010e+00 1.879469571e+00 
1.595351044e+00 1.648052902e+00 1.930618044e+00 
1.468216319e+00 1.512123439e+00 1.797063699e+00 
1.289848197e+00 1.460690669e+00 1.644802273e+00 
1.291034156e+00 1.663482733e+00 1.810087615e+00 
1.180740038e+00 1.284349743e+00 1.485436893e+00 
1.063330171e+00 1.404114622e+00 1.524271845e+00 
1.544592030e+00 1.677443057e+00 1.930618044e+00 
1.190702087e+00 1.259368112e+00 1.404925408e+00 
1.571157495e+00 1.567229978e+00 1.810087615e+00 
1.083728653e+00 1.282880235e+00 1.402557424e+00 
1.248339658e+00 1.506245408e+00 1.664930144e+00 
1.243833017e+00 1.270389420e+00 1.485436893e+00 
1.842741935e+00 1.932402645e+00 2.000000000e+00 
1.821869070e+00 1.951506245e+00 2.000000000e+00 
1.352941176e+00 1.332108744e+00 1.607388113e+00 
1.351043643e+00 1.366642175e+00 1.664930144e+00 
1.344639469e+00 1.512123439e+00 1.677954061e+00 
1.274667932e+00 1.454812638e+00 1.618991238e+00 
1.553130930e+00 1.493019838e+00 1.798484490e+00 
1.369070209e+00 1.440852314e+00 1.676533270e+00 
2.000000000e+00 1.879500367e+00 2.000000000e+00 
1.478178368e+00 1.502571639e+00 1.798484490e+00 
1.118595825e+00 1.128581925e+00 1.272791854e+00 
1.342741935e+00 1.542248347e+00 1.745915226e+00 
1.046963947e+00 1.195444526e+00 1.333175468e+00 
1.461100569e+00 1.406318883e+00 1.677954061e+00 
1.386148008e+00 1.415870683e+00 1.677954061e+00 
1.091081594e+00 1.159441587e+00 1.284394980e+00 
1.111005693e+00 1.295371051e+00 1.453705896e+00 
1.242884250e+00 1.285819251e+00 1.512668719e+00 
1.016366224e+00 1.229243204e+00 1.392138290e+00 
1.120493359e+00 1.149155033e+00 1.285815771e+00 
1.143500949e+00 1.365172667e+00 1.525692636e+00 
1.225806452e+00 1.196179280e+00 1.473833767e+00 
1.259013283e+00 1.279941220e+00 1.544399716e+00 
1.127134725e+00 1.156502572e+00 1.334596259e+00 
1.260910816e+00 1.245407788e+00 1.486857684e+00 
1.133776091e+00 1.109478325e+00 1.353303339e+00 
1.000000000e+00 1.000000000e+00 1.000000000e+00 
1.000000000e+00 1.020573108e+00 1.201041913e+00 

1.401802657e+00 1.771491550e+00 1.879469571e+00 
1.817362429e+00 1.763409258e+00 2.000000000e+00 
1.305977230e+00 1.454812638e+00 1.676533270e+00 
1.272770398e+00 1.371050698e+00 1.605967322e+00 
1.510673624e+00 1.718589273e+00 1.847738574e+00 
1.544592030e+00 1.644379133e+00 1.810087615e+00 
1.544829222e+00 1.668626010e+00 1.879469571e+00 
1.342741935e+00 1.542248347e+00 1.745915226e+00 
1.301233397e+00 1.638501102e+00 1.745915226e+00 
1.370018975e+00 1.554739162e+00 1.797063699e+00 
1.328273245e+00 1.745775165e+00 1.798484490e+00 
1.587523719e+00 1.865540044e+00 2.000000000e+00 
1.326612903e+00 1.548126378e+00 1.714184229e+00 
1.398244782e+00 1.782512858e+00 1.866445655e+00 
1.424335863e+00 1.533431301e+00 1.688373194e+00 
1.328510436e+00 1.650991918e+00 1.797063699e+00 
1.356973435e+00 1.672299780e+00 1.808903623e+00 
1.417457306e+00 1.541513593e+00 1.797063699e+00 
1.264468691e+00 1.551065393e+00 1.676533270e+00 
1.475569260e+00 1.742101396e+00 1.847738574e+00 
1.468216319e+00 1.512123439e+00 1.797063699e+00 
1.210863378e+00 1.521675239e+00 1.675349278e+00 
1.244781784e+00 1.384276267e+00 1.605967322e+00 
1.670303605e+00 1.638501102e+00 1.930618044e+00 
1.563567362e+00 1.682586334e+00 1.930618044e+00 
1.255218216e+00 1.745775165e+00 1.714184229e+00 
1.291034156e+00 1.645848641e+00 1.677954061e+00 
1.458017078e+00 1.866274798e+00 2.000000000e+00 
1.217504744e+00 1.371785452e+00 1.554818849e+00 
1.127371917e+00 1.504041146e+00 1.644802273e+00 
1.571157495e+00 1.567229978e+00 1.810087615e+00 
1.352941176e+00 1.332108744e+00 1.607388113e+00 
1.570208729e+00 1.595885378e+00 1.810087615e+00 
1.700189753e+00 1.617927994e+00 1.867866446e+00 
1.564516129e+00 1.642909625e+00 1.866445655e+00 
1.553130930e+00 1.748714181e+00 1.930618044e+00 
1.421252372e+00 1.745775165e+00 1.810087615e+00 
1.174098672e+00 1.434239530e+00 1.605967322e+00 
1.461100569e+00 1.406318883e+00 1.677954061e+00 
1.544592030e+00 1.565760470e+00 1.798484490e+00 
1.421252372e+00 1.778839089e+00 1.930618044e+00 
1.248339658e+00 1.506245408e+00 1.664930144e+00 
1.525853890e+00 1.736223365e+00 1.879469571e+00 
1.100094877e+00 1.491550331e+00 1.593653801e+00 
1.237191651e+00 1.399706098e+00 1.605967322e+00 
1.538899431e+00 1.579720794e+00 1.798484490e+00 
1.428130930e+00 1.712711242e+00 1.810087615e+00 
1.274667932e+00 1.454812638e+00 1.618991238e+00 
1.311432638e+00 1.542248347e+00 1.688373194e+00 
1.455645161e+00 1.594415871e+00 1.798484490e+00 
1.260910816e+00 1.245407788e+00 1.486857684e+00 
1.190702087e+00 1.259368112e+00 1.404925408e+00 
1.320208729e+00 1.584864071e+00 1.739521667e+00 
1.243833017e+00 1.270389420e+00 1.485436893e+00 
1.489089184e+00 1.648787656e+00 1.810087615e+00 
1.180740038e+00 1.284349743e+00 1.485436893e+00 
1.143500949e+00 1.365172667e+00 1.525692636e+00 
1.369070209e+00 1.440852314e+00 1.676533270e+00 
1.553130930e+00 1.493019838e+00 1.798484490e+00 
1.063330171e+00 1.404114622e+00 1.524271845e+00 
1.351043643e+00 1.366642175e+00 1.664930144e+00 
1.342979127e+00 1.341660544e+00 1.605967322e+00 
1.289848197e+00 1.460690669e+00 1.644802273e+00 
1.318074004e+00 1.509184423e+00 1.677954061e+00 
1.111005693e+00 1.295371051e+00 1.453705896e+00 
1.259013283e+00 1.279941220e+00 1.544399716e+00 
1.225806452e+00 1.196179280e+00 1.473833767e+00 
1.456356736e+00 1.503306392e+00 1.677954061e+00 
1.016366224e+00 1.229243204e+00 1.392138290e+00 
1.118595825e+00 1.128581925e+00 1.272791854e+00 
1.127134725e+00 1.156502572e+00 1.334596259e+00 
1.133776091e+00 1.109478325e+00 1.353303339e+00 
1.046963947e+00 1.195444526e+00 1.333175468e+00 
1.242884250e+00 1.285819251e+00 1.512668719e+00 
1.120493359e+00 1.149155033e+00 1.285815771e+00 
1.091081594e+00 1.159441587e+00 1.284394980e+00 
1.000000000e+00 1.000000000e+00 1.000000000e+00 
1.000000000e+00 1.020573108e+00 1.201041913e+00 
1.083728653e+00 1.282880235e+00 1.402557424e+00 

1.571157495e+00 1.567229978e+00 1.810087615e+00 
1.190464896e+00 1.609845702e+00 1.676533270e+00 
1.476992410e+00 1.855988244e+00 1.930618044e+00 
1.364326376e+00 1.535635562e+00 1.739521667e+00 
1.326612903e+00 1.548126378e+00 1.714184229e+00 
1.272770398e+00 1.371050698e+00 1.605967322e+00 
1.342741935e+00 1.542248347e+00 1.745915226e+00 
1.375474383e+00 1.642174871e+00 1.798484490e+00 
1.237191651e+00 1.399706098e+00 1.605967322e+00 
1.386148008e+00 1.415870683e+00 1.677954061e+00 
1.217504744e+00 1.371785452e+00 1.554818849e+00 
1.553130930e+00 1.493019838e+00 1.798484490e+00 
1.264468691e+00 1.551065393e+00 1.676533270e+00 
1.470588235e+00 1.506245408e+00 1.739521667e+00 
1.478178368e+00 1.502571639e+00 1.798484490e+00 
1.531783681e+00 1.701689934e+00 1.879469571e+00 
1.100094877e+00 1.491550331e+00 1.593653801e+00 
1.468216319e+00 1.512123439e+00 1.797063699e+00 
1.190464896e+00 1.642909625e+00 1.797063699e+00 
1.370018975e+00 1.554739162e+00 1.797063699e+00 
1.127371917e+00 1.504041146e+00 1.644802273e+00 
1.342979127e+00 1.341660544e+00 1.605967322e+00 
1.508064516e+00 1.581190301e+00 1.810087615e+00 
1.398007590e+00 1.541513593e+00 1.797063699e+00 
1.305977230e+00 1.454812638e+00 1.676533270e+00 
1.248339658e+00 1.506245408e+00 1.664930144e+00 
1.083728653e+00 1.282880235e+00 1.402557424e+00 
1.352941176e+00 1.332108744e+00 1.607388113e+00 
1.244781784e+00 1.384276267e+00 1.605967322e+00 
1.327798861e+00 1.750918442e+00 1.879469571e+00 
1.654648956e+00 1.681851580e+00 1.930618044e+00 
1.527751423e+00 1.725202057e+00 1.930618044e+00 
1.369070209e+00 1.440852314e+00 1.676533270e+00 
1.180740038e+00 1.284349743e+00 1.485436893e+00 
1.351043643e+00 1.366642175e+00 1.664930144e+00 
1.461100569e+00 1.406318883e+00 1.677954061e+00 
1.318074004e+00 1.509184423e+00 1.677954061e+00 
1.274667932e+00 1.454812638e+00 1.618991238e+00 
1.289848197e+00 1.460690669e+00 1.644802273e+00 
1.600094877e+00 1.706833211e+00 1.930618044e+00 
1.291034156e+00 1.663482733e+00 1.810087615e+00 
1.242884250e+00 1.285819251e+00 1.512668719e+00 
1.515654649e+00 1.707567965e+00 1.847738574e+00 
1.091081594e+00 1.159441587e+00 1.284394980e+00 
1.455645161e+00 1.594415871e+00 1.798484490e+00 
1.260910816e+00 1.245407788e+00 1.486857684e+00 
1.225806452e+00 1.196179280e+00 1.473833767e+00 
1.127134725e+00 1.156502572e+00 1.334596259e+00 
1.111005693e+00 1.295371051e+00 1.453705896e+00 
1.063330171e+00 1.404114622e+00 1.524271845e+00 
1.190702087e+00 1.259368112e+00 1.404925408e+00 
1.143500949e+00 1.365172667e+00 1.525692636e+00 
1.120493359e+00 1.149155033e+00 1.285815771e+00 
1.046963947e+00 1.195444526e+00 1.333175468e+00 
1.259013283e+00 1.279941220e+00 1.544399716e+00 
1.118595825e+00 1.128581925e+00 1.272791854e+00 
1.016366224e+00 1.229243204e+00 1.392138290e+00 
1.243833017e+00 1.270389420e+00 1.485436893e+00 
1.428130930e+00 1.625275533e+00 1.810087615e+00 
1.133776091e+00 1.109478325e+00 1.353303339e+00 
1.000000000e+00 1.000000000e+00 1.000000000e+00 
1.000000000e+00 1.020573108e+00 1.201041913e+00 

1.636859583e+00 1.755326965e+00 2.000000000e+00 
1.289136622e+00 1.650991918e+00 1.727208146e+00 
1.320208729e+00 1.584864071e+00 1.739521667e+00 
1.544829222e+00 1.668626010e+00 1.879469571e+00 
1.564516129e+00 1.642909625e+00 1.866445655e+00 
1.497390892e+00 1.671565026e+00 1.808903623e+00 
1.295303605e+00 1.681116826e+00 1.797063699e+00 
1.571157495e+00 1.567229978e+00 1.810087615e+00 
1.572106262e+00 1.681116826e+00 1.930618044e+00 
1.538899431e+00 1.579720794e+00 1.798484490e+00 
1.143500949e+00 1.365172667e+00 1.525692636e+00 
1.352941176e+00 1.332108744e+00 1.607388113e+00 
1.227229602e+00 1.730345334e+00 1.866445655e+00 
1.326612903e+00 1.548126378e+00 1.714184229e+00 
1.289848197e+00 1.460690669e+00 1.644802273e+00 
1.570208729e+00 1.595885378e+00 1.810087615e+00 
1.260910816e+00 1.245407788e+00 1.486857684e+00 
1.670303605e+00 1.638501102e+00 1.930618044e+00 
1.305977230e+00 1.454812638e+00 1.676533270e+00 
1.563567362e+00 1.682586334e+00 1.930618044e+00 
1.700189753e+00 1.617927994e+00 1.867866446e+00 
1.544829222e+00 1.648787656e+00 1.810087615e+00 
1.370018975e+00 1.554739162e+00 1.797063699e+00 
1.406546490e+00 1.531227039e+00 1.688373194e+00 
1.417457306e+00 1.541513593e+00 1.797063699e+00 
1.468216319e+00 1.512123439e+00 1.797063699e+00 
1.510673624e+00 1.718589273e+00 1.847738574e+00 
1.859108159e+00 1.754592212e+00 2.000000000e+00 
1.553130930e+00 1.493019838e+00 1.798484490e+00 
1.328510436e+00 1.650991918e+00 1.797063699e+00 
1.628320683e+00 1.828067597e+00 2.000000000e+00 
1.111005693e+00 1.295371051e+00 1.453705896e+00 
1.546015180e+00 1.901542983e+00 2.000000000e+00 
1.127371917e+00 1.504041146e+00 1.644802273e+00 
1.244781784e+00 1.384276267e+00 1.605967322e+00 
1.083728653e+00 1.282880235e+00 1.402557424e+00 
1.365037951e+00 1.684055841e+00 1.810087615e+00 
1.519924099e+00 1.981631154e+00 2.000000000e+00 
1.272770398e+00 1.371050698e+00 1.605967322e+00 
1.530597723e+00 1.622336517e+00 1.808903623e+00 
1.527751423e+00 1.695077149e+00 1.866445655e+00 
1.100094877e+00 1.491550331e+00 1.593653801e+00 
1.342741935e+00 1.542248347e+00 1.745915226e+00 
1.217504744e+00 1.371785452e+00 1.554818849e+00 
1.342979127e+00 1.341660544e+00 1.605967322e+00 
1.401802657e+00 1.771491550e+00 1.879469571e+00 
1.237191651e+00 1.399706098e+00 1.605967322e+00 
1.301233397e+00 1.638501102e+00 1.745915226e+00 
1.544592030e+00 1.565760470e+00 1.798484490e+00 
1.461100569e+00 1.406318883e+00 1.677954061e+00 
1.351043643e+00 1.366642175e+00 1.664930144e+00 
1.318074004e+00 1.509184423e+00 1.677954061e+00 
1.180740038e+00 1.284349743e+00 1.485436893e+00 
1.421252372e+00 1.778839089e+00 1.930618044e+00 
1.369070209e+00 1.440852314e+00 1.676533270e+00 
1.248339658e+00 1.506245408e+00 1.664930144e+00 
1.243833017e+00 1.270389420e+00 1.485436893e+00 
1.127134725e+00 1.156502572e+00 1.334596259e+00 
1.063330171e+00 1.404114622e+00 1.524271845e+00 
1.259013283e+00 1.279941220e+00 1.544399716e+00 
1.046963947e+00 1.195444526e+00 1.333175468e+00 
1.133776091e+00 1.109478325e+00 1.353303339e+00 
1.120493359e+00 1.149155033e+00 1.285815771e+00 
1.264468691e+00 1.551065393e+00 1.676533270e+00 
1.225806452e+00 1.196179280e+00 1.473833767e+00 
1.016366224e+00 1.229243204e+00 1.392138290e+00 
1.118595825e+00 1.128581925e+00 1.272791854e+00 
1.091081594e+00 1.159441587e+00 1.284394980e+00 
1.190702087e+00 1.259368112e+00 1.404925408e+00 
1.000000000e+00 1.020573108e+00 1.201041913e+00 
1.242884250e+00 1.285819251e+00 1.512668719e+00 
1.000000000e+00 1.000000000e+00 1.000000000e+00 

1.522533207e+00 1.753122704e+00 1.867866446e+00 
1.320208729e+00 1.584864071e+00 1.739521667e+00 
1.553130930e+00 1.493019838e+00 1.798484490e+00 
1.461100569e+00 1.406318883e+00 1.677954061e+00 
1.496204934e+00 1.576781778e+00 1.810087615e+00 
1.289136622e+00 1.650991918e+00 1.727208146e+00 
1.274667932e+00 1.454812638e+00 1.618991238e+00 
1.255218216e+00 1.745775165e+00 1.714184229e+00 
1.342979127e+00 1.341660544e+00 1.605967322e+00 
1.625237192e+00 1.613519471e+00 1.867866446e+00 
1.544829222e+00 1.668626010e+00 1.879469571e+00 
1.429079696e+00 1.783982366e+00 1.930618044e+00 
1.544592030e+00 1.677443057e+00 1.930618044e+00 
1.468216319e+00 1.512123439e+00 1.797063699e+00 
1.364326376e+00 1.535635562e+00 1.739521667e+00 
1.237191651e+00 1.399706098e+00 1.605967322e+00 
1.470113852e+00 1.477590007e+00 1.739521667e+00 
1.595351044e+00 1.648052902e+00 1.930618044e+00 
1.351043643e+00 1.366642175e+00 1.664930144e+00 
1.478178368e+00 1.502571639e+00 1.798484490e+00 
1.243833017e+00 1.270389420e+00 1.485436893e+00 
1.434772296e+00 1.628949302e+00 1.866445655e+00 
1.424335863e+00 1.533431301e+00 1.688373194e+00 
1.352941176e+00 1.332108744e+00 1.607388113e+00 
1.332068311e+00 1.768552535e+00 1.866445655e+00 
1.375474383e+00 1.642174871e+00 1.798484490e+00 
1.342741935e+00 1.542248347e+00 1.745915226e+00 
1.264468691e+00 1.551065393e+00 1.676533270e+00 
1.401802657e+00 1.771491550e+00 1.879469571e+00 
1.369070209e+00 1.440852314e+00 1.676533270e+00 
1.326612903e+00 1.548126378e+00 1.714184229e+00 
1.386148008e+00 1.415870683e+00 1.677954061e+00 
1.398007590e+00 1.541513593e+00 1.797063699e+00 
1.248339658e+00 1.506245408e+00 1.664930144e+00 
1.301233397e+00 1.638501102e+00 1.745915226e+00 
1.318074004e+00 1.509184423e+00 1.677954061e+00 
1.225806452e+00 1.196179280e+00 1.473833767e+00 
1.305977230e+00 1.454812638e+00 1.676533270e+00 
1.180740038e+00 1.284349743e+00 1.485436893e+00 
1.295303605e+00 1.681116826e+00 1.797063699e+00 
1.328510436e+00 1.650991918e+00 1.797063699e+00 
1.370018975e+00 1.554739162e+00 1.797063699e+00 
1.190702087e+00 1.259368112e+00 1.404925408e+00 
1.244781784e+00 1.384276267e+00 1.605967322e+00 
1.091081594e+00 1.159441587e+00 1.284394980e+00 
1.272770398e+00 1.371050698e+00 1.605967322e+00 
1.259013283e+00 1.279941220e+00 1.544399716e+00 
1.046963947e+00 1.195444526e+00 1.333175468e+00 
1.242884250e+00 1.285819251e+00 1.512668719e+00 
1.111005693e+00 1.295371051e+00 1.453705896e+00 
1.217504744e+00 1.371785452e+00 1.554818849e+00 
1.083728653e+00 1.282880235e+00 1.402557424e+00 
1.100094877e+00 1.491550331e+00 1.593653801e+00 
1.120493359e+00 1.149155033e+00 1.285815771e+00 
1.133776091e+00 1.109478325e+00 1.353303339e+00 
1.289848197e+00 1.460690669e+00 1.644802273e+00 
1.016366224e+00 1.229243204e+00 1.392138290e+00 
1.127134725e+00 1.156502572e+00 1.334596259e+00 
1.260910816e+00 1.245407788e+00 1.486857684e+00 
1.063330171e+00 1.404114622e+00 1.524271845e+00 
1.143500949e+00 1.365172667e+00 1.525692636e+00 
1.127371917e+00 1.504041146e+00 1.644802273e+00 
1.118595825e+00 1.128581925e+00 1.272791854e+00 
1.000000000e+00 1.020573108e+00 1.201041913e+00 
1.000000000e+00 1.000000000e+00 1.000000000e+00 

1.210863378e+00 1.488611315e+00 1.554818849e+00 
1.320208729e+00 1.584864071e+00 1.739521667e+00 
1.468216319e+00 1.512123439e+00 1.797063699e+00 
1.421252372e+00 1.778839089e+00 1.930618044e+00 
1.318074004e+00 1.509184423e+00 1.677954061e+00 
1.289848197e+00 1.460690669e+00 1.644802273e+00 
1.563567362e+00 1.682586334e+00 1.930618044e+00 
1.063330171e+00 1.404114622e+00 1.524271845e+00 
1.264468691e+00 1.551065393e+00 1.676533270e+00 
1.470113852e+00 1.477590007e+00 1.739521667e+00 
1.417457306e+00 1.541513593e+00 1.797063699e+00 
1.364326376e+00 1.535635562e+00 1.739521667e+00 
1.700189753e+00 1.617927994e+00 1.867866446e+00 
1.352941176e+00 1.332108744e+00 1.607388113e+00 
1.670303605e+00 1.638501102e+00 1.930618044e+00 
1.553130930e+00 1.493019838e+00 1.798484490e+00 
1.237191651e+00 1.399706098e+00 1.605967322e+00 
1.342979127e+00 1.341660544e+00 1.605967322e+00 
1.691650854e+00 1.788390889e+00 2.000000000e+00 
1.127371917e+00 1.504041146e+00 1.644802273e+00 
1.351043643e+00 1.366642175e+00 1.664930144e+00 
1.419592030e+00 1.839823659e+00 1.866445655e+00 
1.462286528e+00 1.639235856e+00 1.798484490e+00 
1.259724858e+00 1.676708303e+00 1.676533270e+00 
1.742409867e+00 1.759000735e+00 2.000000000e+00 
1.111005693e+00 1.295371051e+00 1.453705896e+00 
1.091081594e+00 1.159441587e+00 1.284394980e+00 
1.436195446e+00 1.719324026e+00 1.798484490e+00 
1.365512334e+00 1.651726672e+00 1.797063699e+00 
1.225806452e+00 1.196179280e+00 1.473833767e+00 
1.259013283e+00 1.279941220e+00 1.544399716e+00 
1.354127135e+00 1.669360764e+00 1.778356619e+00 
1.571157495e+00 1.567229978e+00 1.810087615e+00 
1.369070209e+00 1.440852314e+00 1.676533270e+00 
1.190702087e+00 1.259368112e+00 1.404925408e+00 
1.242884250e+00 1.285819251e+00 1.512668719e+00 
1.046963947e+00 1.195444526e+00 1.333175468e+00 
1.143500949e+00 1.365172667e+00 1.525692636e+00 
1.386148008e+00 1.415870683e+00 1.677954061e+00 
1.453747628e+00 1.658339456e+00 1.810087615e+00 
1.259724858e+00 1.709772226e+00 1.797063699e+00 
1.496204934e+00 1.576781778e+00 1.810087615e+00 
1.248339658e+00 1.506245408e+00 1.664930144e+00 
1.325426945e+00 1.398971345e+00 1.605967322e+00 
1.217504744e+00 1.376193975e+00 1.544399716e+00 
1.243833017e+00 1.270389420e+00 1.485436893e+00 
1.180740038e+00 1.284349743e+00 1.485436893e+00 
1.133776091e+00 1.109478325e+00 1.353303339e+00 
1.461100569e+00 1.406318883e+00 1.677954061e+00 
1.016366224e+00 1.229243204e+00 1.392138290e+00 
1.260910816e+00 1.245407788e+00 1.486857684e+00 
1.118595825e+00 1.128581925e+00 1.272791854e+00 
1.127134725e+00 1.156502572e+00 1.334596259e+00 
1.120493359e+00 1.149155033e+00 1.285815771e+00 
1.000000000e+00 1.020573108e+00 1.201041913e+00 
1.000000000e+00 1.000000000e+00 1.000000000e+00 

1.320208729e+00 1.584864071e+00 1.739521667e+00 
1.272770398e+00 1.371050698e+00 1.605967322e+00 
1.421252372e+00 1.778839089e+00 1.930618044e+00 
1.428130930e+00 1.712711242e+00 1.810087615e+00 
1.305977230e+00 1.454812638e+00 1.676533270e+00 
1.564516129e+00 1.642909625e+00 1.866445655e+00 
1.570208729e+00 1.595885378e+00 1.810087615e+00 
1.264468691e+00 1.551065393e+00 1.676533270e+00 
1.514231499e+00 1.659808964e+00 1.808903623e+00 
1.424335863e+00 1.533431301e+00 1.688373194e+00 
1.700189753e+00 1.617927994e+00 1.867866446e+00 
1.274667932e+00 1.454812638e+00 1.618991238e+00 
1.563567362e+00 1.682586334e+00 1.930618044e+00 
1.289848197e+00 1.460690669e+00 1.644802273e+00 
1.571157495e+00 1.567229978e+00 1.810087615e+00 
1.455645161e+00 1.594415871e+00 1.798484490e+00 
1.326612903e+00 1.548126378e+00 1.714184229e+00 
1.369070209e+00 1.440852314e+00 1.676533270e+00 
1.227229602e+00 1.730345334e+00 1.866445655e+00 
1.237191651e+00 1.399706098e+00 1.605967322e+00 
1.342741935e+00 1.542248347e+00 1.745915226e+00 
1.174098672e+00 1.434239530e+00 1.605967322e+00 
1.190464896e+00 1.609845702e+00 1.676533270e+00 
1.553130930e+00 1.493019838e+00 1.798484490e+00 
1.446869070e+00 1.360029390e+00 1.607388113e+00 
1.217504744e+00 1.371785452e+00 1.554818849e+00 
1.527988615e+00 1.731814842e+00 1.930618044e+00 
1.301233397e+00 1.638501102e+00 1.745915226e+00 
1.538899431e+00 1.579720794e+00 1.798484490e+00 
1.399193548e+00 1.836884644e+00 1.930618044e+00 
1.244781784e+00 1.384276267e+00 1.605967322e+00 
1.063330171e+00 1.404114622e+00 1.524271845e+00 
1.190464896e+00 1.642909625e+00 1.797063699e+00 
1.639468691e+00 1.830271859e+00 2.000000000e+00 
1.190702087e+00 1.259368112e+00 1.404925408e+00 
1.417457306e+00 1.541513593e+00 1.797063699e+00 
1.670303605e+00 1.638501102e+00 1.930618044e+00 
1.461100569e+00 1.406318883e+00 1.677954061e+00 
1.910341556e+00 1.811168259e+00 2.000000000e+00 
1.244781784e+00 1.606171932e+00 1.714184229e+00 
1.100094877e+00 1.491550331e+00 1.593653801e+00 
1.127371917e+00 1.504041146e+00 1.644802273e+00 
1.351043643e+00 1.366642175e+00 1.664930144e+00 
1.468216319e+00 1.512123439e+00 1.797063699e+00 
1.083728653e+00 1.282880235e+00 1.402557424e+00 
1.544592030e+00 1.565760470e+00 1.798484490e+00 
1.243833017e+00 1.270389420e+00 1.485436893e+00 
1.342979127e+00 1.341660544e+00 1.605967322e+00 
1.531783681e+00 1.701689934e+00 1.879469571e+00 
1.260910816e+00 1.245407788e+00 1.486857684e+00 
1.180740038e+00 1.284349743e+00 1.485436893e+00 
1.091081594e+00 1.159441587e+00 1.284394980e+00 
1.386148008e+00 1.415870683e+00 1.677954061e+00 
1.248339658e+00 1.506245408e+00 1.664930144e+00 
1.127134725e+00 1.156502572e+00 1.334596259e+00 
1.118595825e+00 1.128581925e+00 1.272791854e+00 
1.259013283e+00 1.279941220e+00 1.544399716e+00 
1.046963947e+00 1.195444526e+00 1.333175468e+00 
1.111005693e+00 1.295371051e+00 1.453705896e+00 
1.016366224e+00 1.229243204e+00 1.392138290e+00 
1.143500949e+00 1.365172667e+00 1.525692636e+00 
1.242884250e+00 1.285819251e+00 1.512668719e+00 
1.515654649e+00 1.707567965e+00 1.847738574e+00 
1.318074004e+00 1.509184423e+00 1.677954061e+00 
1.133776091e+00 1.109478325e+00 1.353303339e+00 
1.225806452e+00 1.196179280e+00 1.473833767e+00 
1.120493359e+00 1.149155033e+00 1.285815771e+00 
1.000000000e+00 1.020573108e+00 1.201041913e+00 
1.000000000e+00 1.000000000e+00 1.000000000e+00 

1.386148008e+00 1.415870683e+00 1.677954061e+00 
1.508064516e+00 1.581190301e+00 1.810087615e+00 
1.600094877e+00 1.667891256e+00 1.930618044e+00 
1.817362429e+00 1.763409258e+00 2.000000000e+00 
1.710626186e+00 1.807494489e+00 2.000000000e+00 
1.274667932e+00 1.454812638e+00 1.618991238e+00 
1.519924099e+00 1.981631154e+00 2.000000000e+00 
1.546015180e+00 1.901542983e+00 2.000000000e+00 
1.549573055e+00 1.703894195e+00 1.879469571e+00 
1.342979127e+00 1.341660544e+00 1.605967322e+00 
1.370018975e+00 1.554739162e+00 1.797063699e+00 
1.365037951e+00 1.684055841e+00 1.810087615e+00 
1.670303605e+00 1.638501102e+00 1.930618044e+00 
1.210863378e+00 1.488611315e+00 1.554818849e+00 
1.244781784e+00 1.384276267e+00 1.605967322e+00 
1.326612903e+00 1.548126378e+00 1.714184229e+00 
1.522296015e+00 1.802351212e+00 1.879469571e+00 
1.669592030e+00 1.857457752e+00 2.000000000e+00 
1.434772296e+00 1.628949302e+00 1.866445655e+00 
1.563567362e+00 1.682586334e+00 1.930618044e+00 
1.700189753e+00 1.617927994e+00 1.867866446e+00 
1.352941176e+00 1.332108744e+00 1.607388113e+00 
1.255218216e+00 1.745775165e+00 1.714184229e+00 
1.328510436e+00 1.650991918e+00 1.797063699e+00 
1.468216319e+00 1.512123439e+00 1.797063699e+00 
1.538899431e+00 1.579720794e+00 1.798484490e+00 
1.553130930e+00 1.493019838e+00 1.798484490e+00 
1.424335863e+00 1.533431301e+00 1.688373194e+00 
1.342741935e+00 1.542248347e+00 1.745915226e+00 
1.483159393e+00 1.894195445e+00 1.930618044e+00 
1.509250474e+00 1.814107274e+00 1.930618044e+00 
1.127371917e+00 1.504041146e+00 1.644802273e+00 
1.332068311e+00 1.768552535e+00 1.866445655e+00 
1.248339658e+00 1.506245408e+00 1.664930144e+00 
1.369070209e+00 1.440852314e+00 1.676533270e+00 
1.398007590e+00 1.541513593e+00 1.797063699e+00 
1.289848197e+00 1.460690669e+00 1.644802273e+00 
1.571157495e+00 1.567229978e+00 1.810087615e+00 
1.272770398e+00 1.371050698e+00 1.605967322e+00 
1.295303605e+00 1.681116826e+00 1.797063699e+00 
1.260910816e+00 1.245407788e+00 1.486857684e+00 
1.522533207e+00 1.753122704e+00 1.867866446e+00 
1.289136622e+00 1.650991918e+00 1.727208146e+00 
1.242884250e+00 1.285819251e+00 1.512668719e+00 
1.305977230e+00 1.454812638e+00 1.676533270e+00 
1.127134725e+00 1.156502572e+00 1.334596259e+00 
1.461100569e+00 1.406318883e+00 1.677954061e+00 
1.063330171e+00 1.404114622e+00 1.524271845e+00 
1.100094877e+00 1.491550331e+00 1.593653801e+00 
1.351043643e+00 1.366642175e+00 1.664930144e+00 
1.301233397e+00 1.638501102e+00 1.745915226e+00 
1.225806452e+00 1.196179280e+00 1.473833767e+00 
1.243833017e+00 1.270389420e+00 1.485436893e+00 
1.259013283e+00 1.279941220e+00 1.544399716e+00 
1.083728653e+00 1.282880235e+00 1.402557424e+00 
1.143500949e+00 1.365172667e+00 1.525692636e+00 
1.259724858e+00 1.709772226e+00 1.797063699e+00 
1.237191651e+00 1.399706098e+00 1.605967322e+00 
1.217504744e+00 1.371785452e+00 1.554818849e+00 
1.318074004e+00 1.509184423e+00 1.677954061e+00 
1.118595825e+00 1.128581925e+00 1.272791854e+00 
1.111005693e+00 1.295371051e+00 1.453705896e+00 
1.180740038e+00 1.284349743e+00 1.485436893e+00 
1.016366224e+00 1.229243204e+00 1.392138290e+00 
1.264468691e+00 1.551065393e+00 1.676533270e+00 
1.133776091e+00 1.109478325e+00 1.353303339e+00 
1.091081594e+00 1.159441587e+00 1.284394980e+00 
1.120493359e+00 1.149155033e+00 1.285815771e+00 
1.190702087e+00 1.259368112e+00 1.404925408e+00 
1.046963947e+00 1.195444526e+00 1.333175468e+00 
1.000000000e+00 1.000000000e+00 1.000000000e+00 
1.000000000e+00 1.020573108e+00 1.201041913e+00 

1.510673624e+00 1.718589273e+00 1.847738574e+00 
1.174098672e+00 1.434239530e+00 1.605967322e+00 
1.628320683e+00 1.828067597e+00 2.000000000e+00 
1.546015180e+00 1.901542983e+00 2.000000000e+00 
1.572106262e+00 1.681116826e+00 1.930618044e+00 
1.478178368e+00 1.502571639e+00 1.798484490e+00 
1.406546490e+00 1.531227039e+00 1.688373194e+00 
1.291034156e+00 1.645848641e+00 1.677954061e+00 
1.564516129e+00 1.642909625e+00 1.866445655e+00 
1.328510436e+00 1.650991918e+00 1.797063699e+00 
1.401802657e+00 1.771491550e+00 1.879469571e+00 
1.563567362e+00 1.682586334e+00 1.930618044e+00 
1.817362429e+00 1.763409258e+00 2.000000000e+00 
1.111005693e+00 1.295371051e+00 1.453705896e+00 
1.342741935e+00 1.542248347e+00 1.745915226e+00 
1.332068311e+00 1.768552535e+00 1.866445655e+00 
1.352941176e+00 1.332108744e+00 1.607388113e+00 
1.670303605e+00 1.638501102e+00 1.930618044e+00 
1.100094877e+00 1.491550331e+00 1.593653801e+00 
1.255218216e+00 1.745775165e+00 1.714184229e+00 
1.496204934e+00 1.576781778e+00 1.810087615e+00 
1.244781784e+00 1.384276267e+00 1.605967322e+00 
1.527751423e+00 1.725202057e+00 1.930618044e+00 
1.260910816e+00 1.245407788e+00 1.486857684e+00 
1.301233397e+00 1.638501102e+00 1.745915226e+00 
1.700189753e+00 1.617927994e+00 1.867866446e+00 
1.370018975e+00 1.554739162e+00 1.797063699e+00 
1.083728653e+00 1.282880235e+00 1.402557424e+00 
1.600094877e+00 1.667891256e+00 1.930618044e+00 
1.217504744e+00 1.371785452e+00 1.554818849e+00 
1.429079696e+00 1.783982366e+00 1.930618044e+00 
1.571157495e+00 1.567229978e+00 1.810087615e+00 
1.289848197e+00 1.460690669e+00 1.644802273e+00 
1.326612903e+00 1.548126378e+00 1.714184229e+00 
1.468216319e+00 1.512123439e+00 1.797063699e+00 
1.553130930e+00 1.493019838e+00 1.798484490e+00 
1.272770398e+00 1.371050698e+00 1.605967322e+00 
1.180740038e+00 1.284349743e+00 1.485436893e+00 
1.259724858e+00 1.676708303e+00 1.676533270e+00 
1.305977230e+00 1.454812638e+00 1.676533270e+00 
1.462286528e+00 1.639235856e+00 1.798484490e+00 
1.342979127e+00 1.341660544e+00 1.605967322e+00 
1.264468691e+00 1.551065393e+00 1.676533270e+00 
1.461100569e+00 1.406318883e+00 1.677954061e+00 
1.120493359e+00 1.149155033e+00 1.285815771e+00 
1.519924099e+00 1.981631154e+00 2.000000000e+00 
1.237191651e+00 1.399706098e+00 1.605967322e+00 
1.295303605e+00 1.681116826e+00 1.797063699e+00 
1.248339658e+00 1.506245408e+00 1.664930144e+00 
1.190702087e+00 1.259368112e+00 1.404925408e+00 
1.398007590e+00 1.541513593e+00 1.797063699e+00 
1.365037951e+00 1.684055841e+00 1.810087615e+00 
1.318074004e+00 1.509184423e+00 1.677954061e+00 
1.369070209e+00 1.440852314e+00 1.676533270e+00 
1.351043643e+00 1.366642175e+00 1.664930144e+00 
1.242884250e+00 1.285819251e+00 1.512668719e+00 
1.127371917e+00 1.504041146e+00 1.644802273e+00 
1.386148008e+00 1.415870683e+00 1.677954061e+00 
1.046963947e+00 1.195444526e+00 1.333175468e+00 
1.143500949e+00 1.365172667e+00 1.525692636e+00 
1.259013283e+00 1.279941220e+00 1.544399716e+00 
1.063330171e+00 1.404114622e+00 1.524271845e+00 
1.127134725e+00 1.156502572e+00 1.334596259e+00 
1.133776091e+00 1.109478325e+00 1.353303339e+00 
1.225806452e+00 1.196179280e+00 1.473833767e+00 
1.000000000e+00 1.020573108e+00 1.201041913e+00 
1.091081594e+00 1.159441587e+00 1.284394980e+00 
1.000000000e+00 1.000000000e+00 1.000000000e+00 
1.016366224e+00 1.229243204e+00 1.392138290e+00 
1.118595825e+00 1.128581925e+00 1.272791854e+00 
1.243833017e+00 1.270389420e+00 1.485436893e+00 

1.508064516e+00 1.581190301e+00 1.810087615e+00 
1.564516129e+00 1.642909625e+00 1.866445655e+00 
1.301233397e+00 1.638501102e+00 1.745915226e+00 
1.571157495e+00 1.567229978e+00 1.810087615e+00 
1.370018975e+00 1.554739162e+00 1.797063699e+00 
1.833017078e+00 1.871418075e+00 2.000000000e+00 
1.289848197e+00 1.460690669e+00 1.644802273e+00 
1.326612903e+00 1.548126378e+00 1.714184229e+00 
1.264468691e+00 1.551065393e+00 1.676533270e+00 
1.217504744e+00 1.371785452e+00 1.554818849e+00 
1.428130930e+00 1.625275533e+00 1.810087615e+00 
1.342979127e+00 1.341660544e+00 1.605967322e+00 
1.244781784e+00 1.384276267e+00 1.605967322e+00 
1.363693548e+00 1.532696547e+00 1.677954061e+00 
1.455645161e+00 1.594415871e+00 1.798484490e+00 
1.100094877e+00 1.491550331e+00 1.593653801e+00 
1.446869070e+00 1.360029390e+00 1.607388113e+00 
1.398007590e+00 1.541513593e+00 1.797063699e+00 
1.468216319e+00 1.512123439e+00 1.797063699e+00 
1.563567362e+00 1.682586334e+00 1.930618044e+00 
1.190464896e+00 1.609845702e+00 1.676533270e+00 
1.190702087e+00 1.259368112e+00 1.404925408e+00 
1.399193548e+00 1.836884644e+00 1.930618044e+00 
1.670303605e+00 1.638501102e+00 1.930618044e+00 
1.700189753e+00 1.617927994e+00 1.867866446e+00 
1.538899431e+00 1.579720794e+00 1.798484490e+00 
1.553130930e+00 1.493019838e+00 1.798484490e+00 
1.466081594e+00 1.783982366e+00 1.930618044e+00 
1.527988615e+00 1.731814842e+00 1.930618044e+00 
1.237191651e+00 1.399706098e+00 1.605967322e+00 
1.227229602e+00 1.730345334e+00 1.866445655e+00 
1.174098672e+00 1.434239530e+00 1.605967322e+00 
1.461100569e+00 1.406318883e+00 1.677954061e+00 
1.305977230e+00 1.454812638e+00 1.676533270e+00 
1.456356736e+00 1.503306392e+00 1.677954061e+00 
1.248339658e+00 1.506245408e+00 1.664930144e+00 
1.143500949e+00 1.365172667e+00 1.525692636e+00 
1.180740038e+00 1.284349743e+00 1.485436893e+00 
1.111005693e+00 1.295371051e+00 1.453705896e+00 
1.083728653e+00 1.282880235e+00 1.402557424e+00 
1.369070209e+00 1.440852314e+00 1.676533270e+00 
1.379269450e+00 1.903747245e+00 2.000000000e+00 
1.190464896e+00 1.642909625e+00 1.797063699e+00 
1.531783681e+00 1.701689934e+00 1.879469571e+00 
1.063330171e+00 1.404114622e+00 1.524271845e+00 
1.127371917e+00 1.504041146e+00 1.644802273e+00 
1.406546490e+00 1.531227039e+00 1.688373194e+00 
1.046963947e+00 1.195444526e+00 1.333175468e+00 
1.091081594e+00 1.159441587e+00 1.284394980e+00 
1.260910816e+00 1.245407788e+00 1.486857684e+00 
1.243833017e+00 1.270389420e+00 1.485436893e+00 
1.515654649e+00 1.707567965e+00 1.847738574e+00 
1.225806452e+00 1.196179280e+00 1.473833767e+00 
1.351043643e+00 1.366642175e+00 1.664930144e+00 
1.127134725e+00 1.156502572e+00 1.334596259e+00 
1.242884250e+00 1.285819251e+00 1.512668719e+00 
1.259013283e+00 1.279941220e+00 1.544399716e+00 
1.133776091e+00 1.109478325e+00 1.353303339e+00 
1.118595825e+00 1.128581925e+00 1.272791854e+00 
1.120493359e+00 1.149155033e+00 1.285815771e+00 
1.000000000e+00 1.020573108e+00 1.201041913e+00 
1.016366224e+00 1.229243204e+00 1.392138290e+00 
1.000000000e+00 1.000000000e+00 1.000000000e+00 
