1.304186952e+00 1.716207128e+00 1.826399820e+00 
1.570983447e+00 1.640215198e+00 1.908477625e+00 
1.561830574e+00 1.571620713e+00 1.897009220e+00 
1.925219085e+00 1.723604573e+00 2.000000000e+00 
1.326582278e+00 1.779421654e+00 1.897009220e+00 
1.349172347e+00 1.720914593e+00 1.897009220e+00 
1.476338851e+00 1.825151311e+00 2.000000000e+00 
1.371762415e+00 1.687962340e+00 1.908477625e+00 
1.498539435e+00 1.620040350e+00 1.897009220e+00 
1.808373905e+00 1.600537996e+00 1.908477625e+00 
1.887828627e+00 1.531943510e+00 1.897009220e+00 
1.514313535e+00 1.661062542e+00 1.908477625e+00 
1.472638754e+00 1.673167451e+00 1.897009220e+00 
1.703213242e+00 1.369199731e+00 1.681358219e+00 
1.784225901e+00 1.613315400e+00 1.908477625e+00 
1.429600779e+00 1.686617350e+00 1.897009220e+00 
1.461538462e+00 1.680564896e+00 1.908477625e+00 
1.146251217e+00 1.416946873e+00 1.681358219e+00 
1.356183057e+00 1.399462004e+00 1.679559253e+00 
1.287244401e+00 1.293207801e+00 1.514729031e+00 
1.488802337e+00 1.646267653e+00 1.897009220e+00 
1.085102240e+00 1.501008742e+00 1.679559253e+00 
1.158130477e+00 1.515131137e+00 1.805486845e+00 
1.123661149e+00 1.475453934e+00 1.681358219e+00 
1.017721519e+00 1.287155346e+00 1.467056443e+00 
1.285296981e+00 1.448554136e+00 1.805486845e+00 
1.703213242e+00 1.400806994e+00 1.805486845e+00 
1.310808179e+00 1.295897781e+00 1.588486620e+00 
1.053554041e+00 1.321452589e+00 1.507758039e+00 
1.204868549e+00 1.270342972e+00 1.464357994e+00 
1.371178189e+00 1.708137189e+00 1.826399820e+00 
1.017721519e+00 1.241425689e+00 1.217000225e+00 
1.141772152e+00 1.221250841e+00 1.414886440e+00 
1.030963973e+00 1.379959650e+00 1.507758039e+00 
1.087439143e+00 1.265635508e+00 1.381830447e+00 
1.087439143e+00 1.279757902e+00 1.507758039e+00 
1.035832522e+00 1.147276395e+00 1.164830223e+00 
1.030963973e+00 1.411566913e+00 1.631886665e+00 
1.035832522e+00 1.161398790e+00 1.290757814e+00 
1.017721519e+00 1.255548083e+00 1.342927817e+00 
1.428237585e+00 1.266308003e+00 1.507758039e+00 
1.105939630e+00 1.155346335e+00 1.250056218e+00 
1.534177215e+00 1.326160054e+00 1.631886665e+00 
1.492112950e+00 1.338264963e+00 1.679559253e+00 
1.051606621e+00 1.213853396e+00 1.342927817e+00 
1.255306719e+00 1.150638870e+00 1.288958849e+00 
1.122297955e+00 1.449226631e+00 1.640656622e+00 
1.251022395e+00 1.320107599e+00 1.514729031e+00 
1.249464460e+00 1.382649630e+00 1.640656622e+00 
1.053554041e+00 1.353059852e+00 1.631886665e+00 
1.260370010e+00 1.242770679e+00 1.505959074e+00 
1.257643622e+00 1.100874243e+00 1.297728806e+00 
1.274975657e+00 1.229993275e+00 1.423656398e+00 
1.597273612e+00 1.375252186e+00 1.681358219e+00 
1.376046738e+00 1.232683255e+00 1.462559029e+00 
1.260370010e+00 1.211163416e+00 1.381830447e+00 
1.055501461e+00 1.197713517e+00 1.341128851e+00 
1.110418695e+00 1.351042367e+00 1.516527996e+00 
1.294255112e+00 1.169468729e+00 1.381830447e+00 
1.257643622e+00 1.069266980e+00 1.173600180e+00 
1.089386563e+00 1.124411567e+00 1.217000225e+00 
1.081596884e+00 1.000000000e+00 1.000000000e+00 
1.081596884e+00 1.031607263e+00 1.124128626e+00 
1.000000000e+00 1.081371890e+00 1.000000000e+00 
1.000000000e+00 1.095494284e+00 1.125927592e+00 
1.151703992e+00 1.075319435e+00 1.173600180e+00 
1.206231743e+00 1.061869536e+00 1.164830223e+00 

1.122297955e+00 1.449226631e+00 1.640656622e+00 
1.561830574e+00 1.571620713e+00 1.897009220e+00 
1.085102240e+00 1.501008742e+00 1.679559253e+00 
1.158130477e+00 1.515131137e+00 1.805486845e+00 
1.249464460e+00 1.382649630e+00 1.640656622e+00 
1.498539435e+00 1.620040350e+00 1.897009220e+00 
1.435248296e+00 1.680564896e+00 1.897009220e+00 
1.274975657e+00 1.229993275e+00 1.423656398e+00 
1.349172347e+00 1.720914593e+00 1.897009220e+00 
1.371762415e+00 1.687962340e+00 1.908477625e+00 
1.356183057e+00 1.399462004e+00 1.679559253e+00 
1.887828627e+00 1.531943510e+00 1.897009220e+00 
1.285296981e+00 1.448554136e+00 1.805486845e+00 
1.017721519e+00 1.241425689e+00 1.217000225e+00 
1.808373905e+00 1.600537996e+00 1.908477625e+00 
1.053554041e+00 1.353059852e+00 1.631886665e+00 
1.326582278e+00 1.779421654e+00 1.897009220e+00 
1.492112950e+00 1.338264963e+00 1.679559253e+00 
1.784225901e+00 1.613315400e+00 1.908477625e+00 
1.703213242e+00 1.369199731e+00 1.681358219e+00 
1.703213242e+00 1.400806994e+00 1.805486845e+00 
1.310808179e+00 1.295897781e+00 1.588486620e+00 
1.428237585e+00 1.266308003e+00 1.507758039e+00 
1.597273612e+00 1.375252186e+00 1.681358219e+00 
1.349172347e+00 1.746469401e+00 1.908477625e+00 
1.110418695e+00 1.351042367e+00 1.516527996e+00 
1.534177215e+00 1.326160054e+00 1.631886665e+00 
1.123661149e+00 1.475453934e+00 1.681358219e+00 
1.017721519e+00 1.287155346e+00 1.467056443e+00 
1.053554041e+00 1.321452589e+00 1.507758039e+00 
1.260370010e+00 1.242770679e+00 1.505959074e+00 
1.017721519e+00 1.255548083e+00 1.342927817e+00 
1.141772152e+00 1.221250841e+00 1.414886440e+00 
1.294255112e+00 1.169468729e+00 1.381830447e+00 
1.030963973e+00 1.379959650e+00 1.507758039e+00 
1.260370010e+00 1.211163416e+00 1.381830447e+00 
1.251022395e+00 1.320107599e+00 1.514729031e+00 
1.087439143e+00 1.265635508e+00 1.381830447e+00 
1.121713729e+00 1.583725622e+00 1.681358219e+00 
1.287244401e+00 1.293207801e+00 1.514729031e+00 
1.146251217e+00 1.416946873e+00 1.681358219e+00 
1.544498539e+00 1.904505716e+00 2.000000000e+00 
1.255306719e+00 1.150638870e+00 1.288958849e+00 
1.376046738e+00 1.232683255e+00 1.462559029e+00 
1.257643622e+00 1.069266980e+00 1.173600180e+00 
1.035832522e+00 1.147276395e+00 1.164830223e+00 
1.257643622e+00 1.100874243e+00 1.297728806e+00 
1.204868549e+00 1.270342972e+00 1.464357994e+00 
1.055501461e+00 1.197713517e+00 1.341128851e+00 
1.030963973e+00 1.411566913e+00 1.631886665e+00 
1.087439143e+00 1.279757902e+00 1.507758039e+00 
1.480623174e+00 1.632145259e+00 1.908477625e+00 
1.262706913e+00 1.507061197e+00 1.805486845e+00 
1.051606621e+00 1.213853396e+00 1.342927817e+00 
1.035832522e+00 1.161398790e+00 1.290757814e+00 
1.105939630e+00 1.155346335e+00 1.250056218e+00 
1.206231743e+00 1.061869536e+00 1.164830223e+00 
1.151703992e+00 1.075319435e+00 1.173600180e+00 
1.089386563e+00 1.124411567e+00 1.217000225e+00 
1.000000000e+00 1.095494284e+00 1.125927592e+00 
1.081596884e+00 1.031607263e+00 1.124128626e+00 
1.081596884e+00 1.000000000e+00 1.000000000e+00 
1.000000000e+00 1.081371890e+00 1.000000000e+00 

1.326582278e+00 1.779421654e+00 1.897009220e+00 
1.728919182e+00 1.923335575e+00 2.000000000e+00 
1.808373905e+00 1.600537996e+00 1.908477625e+00 
1.784225901e+00 1.613315400e+00 1.908477625e+00 
1.647322298e+00 1.925353060e+00 2.000000000e+00 
1.887828627e+00 1.531943510e+00 1.897009220e+00 
1.249464460e+00 1.382649630e+00 1.640656622e+00 
1.597273612e+00 1.375252186e+00 1.681358219e+00 
1.703213242e+00 1.369199731e+00 1.681358219e+00 
1.561830574e+00 1.571620713e+00 1.897009220e+00 
1.349172347e+00 1.720914593e+00 1.897009220e+00 
1.371762415e+00 1.687962340e+00 1.908477625e+00 
1.570983447e+00 1.640215198e+00 1.908477625e+00 
1.498539435e+00 1.620040350e+00 1.897009220e+00 
1.514313535e+00 1.661062542e+00 1.908477625e+00 
1.123661149e+00 1.475453934e+00 1.681358219e+00 
1.110418695e+00 1.351042367e+00 1.516527996e+00 
1.703213242e+00 1.400806994e+00 1.805486845e+00 
1.492112950e+00 1.338264963e+00 1.679559253e+00 
1.262706913e+00 1.507061197e+00 1.805486845e+00 
1.294255112e+00 1.169468729e+00 1.381830447e+00 
1.461538462e+00 1.680564896e+00 1.908477625e+00 
1.285296981e+00 1.448554136e+00 1.805486845e+00 
1.472638754e+00 1.673167451e+00 1.897009220e+00 
1.274975657e+00 1.229993275e+00 1.423656398e+00 
1.429600779e+00 1.686617350e+00 1.897009220e+00 
1.146251217e+00 1.416946873e+00 1.681358219e+00 
1.085102240e+00 1.501008742e+00 1.679559253e+00 
1.287244401e+00 1.293207801e+00 1.514729031e+00 
1.488802337e+00 1.646267653e+00 1.897009220e+00 
1.053554041e+00 1.321452589e+00 1.507758039e+00 
1.158130477e+00 1.515131137e+00 1.805486845e+00 
1.260370010e+00 1.211163416e+00 1.381830447e+00 
1.030963973e+00 1.379959650e+00 1.507758039e+00 
1.260370010e+00 1.242770679e+00 1.505959074e+00 
1.141772152e+00 1.221250841e+00 1.414886440e+00 
1.017721519e+00 1.255548083e+00 1.342927817e+00 
1.122297955e+00 1.449226631e+00 1.640656622e+00 
1.251022395e+00 1.320107599e+00 1.514729031e+00 
1.017721519e+00 1.241425689e+00 1.217000225e+00 
1.310808179e+00 1.295897781e+00 1.588486620e+00 
1.975851996e+00 1.817081372e+00 2.000000000e+00 
1.087439143e+00 1.279757902e+00 1.507758039e+00 
1.030963973e+00 1.411566913e+00 1.631886665e+00 
1.017721519e+00 1.287155346e+00 1.467056443e+00 
1.087439143e+00 1.265635508e+00 1.381830447e+00 
1.738461538e+00 1.851378615e+00 2.000000000e+00 
1.055501461e+00 1.197713517e+00 1.341128851e+00 
1.105939630e+00 1.155346335e+00 1.250056218e+00 
1.428237585e+00 1.266308003e+00 1.507758039e+00 
1.053554041e+00 1.353059852e+00 1.631886665e+00 
1.257643622e+00 1.069266980e+00 1.173600180e+00 
1.376046738e+00 1.232683255e+00 1.462559029e+00 
1.534177215e+00 1.326160054e+00 1.631886665e+00 
1.204868549e+00 1.270342972e+00 1.464357994e+00 
1.035832522e+00 1.161398790e+00 1.290757814e+00 
1.257643622e+00 1.100874243e+00 1.297728806e+00 
1.000000000e+00 1.081371890e+00 1.000000000e+00 
1.255306719e+00 1.150638870e+00 1.288958849e+00 
1.035832522e+00 1.147276395e+00 1.164830223e+00 
1.051606621e+00 1.213853396e+00 1.342927817e+00 
1.000000000e+00 1.095494284e+00 1.125927592e+00 
1.081596884e+00 1.031607263e+00 1.124128626e+00 
1.206231743e+00 1.061869536e+00 1.164830223e+00 
1.081596884e+00 1.000000000e+00 1.000000000e+00 
1.089386563e+00 1.124411567e+00 1.217000225e+00 
1.151703992e+00 1.075319435e+00 1.173600180e+00 

1.429600779e+00 1.686617350e+00 1.897009220e+00 
1.461538462e+00 1.680564896e+00 1.908477625e+00 
1.472638754e+00 1.673167451e+00 1.897009220e+00 
1.488802337e+00 1.646267653e+00 1.897009220e+00 
1.326582278e+00 1.779421654e+00 1.897009220e+00 
1.158130477e+00 1.515131137e+00 1.805486845e+00 
1.349172347e+00 1.720914593e+00 1.897009220e+00 
1.274975657e+00 1.229993275e+00 1.423656398e+00 
1.356183057e+00 1.399462004e+00 1.679559253e+00 
1.122297955e+00 1.449226631e+00 1.640656622e+00 
1.249464460e+00 1.382649630e+00 1.640656622e+00 
1.514313535e+00 1.661062542e+00 1.908477625e+00 
1.085102240e+00 1.501008742e+00 1.679559253e+00 
1.371762415e+00 1.687962340e+00 1.908477625e+00 
1.626744304e+00 1.972427707e+00 2.000000000e+00 
1.498539435e+00 1.620040350e+00 1.897009220e+00 
1.310808179e+00 1.295897781e+00 1.588486620e+00 
1.349172347e+00 1.746469401e+00 1.908477625e+00 
1.887828627e+00 1.531943510e+00 1.897009220e+00 
1.570983447e+00 1.640215198e+00 1.908477625e+00 
1.110418695e+00 1.351042367e+00 1.516527996e+00 
1.784225901e+00 1.613315400e+00 1.908477625e+00 
1.492112950e+00 1.338264963e+00 1.679559253e+00 
1.808373905e+00 1.600537996e+00 1.908477625e+00 
1.561830574e+00 1.571620713e+00 1.897009220e+00 
1.123661149e+00 1.475453934e+00 1.681358219e+00 
1.703213242e+00 1.400806994e+00 1.805486845e+00 
1.017721519e+00 1.241425689e+00 1.217000225e+00 
1.287244401e+00 1.293207801e+00 1.514729031e+00 
1.285296981e+00 1.448554136e+00 1.805486845e+00 
1.435248296e+00 1.680564896e+00 1.897009220e+00 
1.262706913e+00 1.507061197e+00 1.805486845e+00 
1.087439143e+00 1.265635508e+00 1.381830447e+00 
1.687244401e+00 1.938130464e+00 2.000000000e+00 
1.703213242e+00 1.369199731e+00 1.681358219e+00 
1.053554041e+00 1.321452589e+00 1.507758039e+00 
1.146251217e+00 1.416946873e+00 1.681358219e+00 
1.204868549e+00 1.270342972e+00 1.464357994e+00 
1.035832522e+00 1.147276395e+00 1.164830223e+00 
1.030963973e+00 1.411566913e+00 1.631886665e+00 
1.294255112e+00 1.169468729e+00 1.381830447e+00 
1.035832522e+00 1.161398790e+00 1.290757814e+00 
1.017721519e+00 1.255548083e+00 1.342927817e+00 
1.260370010e+00 1.242770679e+00 1.505959074e+00 
1.105939630e+00 1.155346335e+00 1.250056218e+00 
1.030963973e+00 1.379959650e+00 1.507758039e+00 
1.257643622e+00 1.069266980e+00 1.173600180e+00 
1.376046738e+00 1.232683255e+00 1.462559029e+00 
1.087439143e+00 1.279757902e+00 1.507758039e+00 
1.053554041e+00 1.353059852e+00 1.631886665e+00 
1.597273612e+00 1.375252186e+00 1.681358219e+00 
1.017721519e+00 1.287155346e+00 1.467056443e+00 
1.428237585e+00 1.266308003e+00 1.507758039e+00 
1.260370010e+00 1.211163416e+00 1.381830447e+00 
1.121713729e+00 1.583725622e+00 1.681358219e+00 
1.534177215e+00 1.326160054e+00 1.631886665e+00 
1.000000000e+00 1.081371890e+00 1.000000000e+00 
1.055501461e+00 1.197713517e+00 1.341128851e+00 
1.251022395e+00 1.320107599e+00 1.514729031e+00 
1.141772152e+00 1.221250841e+00 1.414886440e+00 
1.255306719e+00 1.150638870e+00 1.288958849e+00 
1.257643622e+00 1.100874243e+00 1.297728806e+00 
1.206231743e+00 1.061869536e+00 1.164830223e+00 
1.051606621e+00 1.213853396e+00 1.342927817e+00 
1.000000000e+00 1.095494284e+00 1.125927592e+00 
1.089386563e+00 1.124411567e+00 1.217000225e+00 
1.081596884e+00 1.000000000e+00 1.000000000e+00 
1.081596884e+00 1.031607263e+00 1.124128626e+00 
1.151703992e+00 1.075319435e+00 1.173600180e+00 

1.262706913e+00 1.507061197e+00 1.805486845e+00 
1.429600779e+00 1.686617350e+00 1.897009220e+00 
1.472638754e+00 1.673167451e+00 1.897009220e+00 
1.488802337e+00 1.646267653e+00 1.897009220e+00 
1.326582278e+00 1.779421654e+00 1.897009220e+00 
1.349172347e+00 1.720914593e+00 1.897009220e+00 
1.887828627e+00 1.531943510e+00 1.897009220e+00 
1.371762415e+00 1.687962340e+00 1.908477625e+00 
1.461538462e+00 1.680564896e+00 1.908477625e+00 
1.498539435e+00 1.620040350e+00 1.897009220e+00 
1.123661149e+00 1.475453934e+00 1.681358219e+00 
1.085102240e+00 1.501008742e+00 1.679559253e+00 
1.784225901e+00 1.613315400e+00 1.908477625e+00 
1.570983447e+00 1.640215198e+00 1.908477625e+00 
1.514313535e+00 1.661062542e+00 1.908477625e+00 
1.561830574e+00 1.571620713e+00 1.897009220e+00 
1.030963973e+00 1.379959650e+00 1.507758039e+00 
1.122297955e+00 1.449226631e+00 1.640656622e+00 
1.158130477e+00 1.515131137e+00 1.805486845e+00 
1.146251217e+00 1.416946873e+00 1.681358219e+00 
1.030963973e+00 1.411566913e+00 1.631886665e+00 
1.310808179e+00 1.295897781e+00 1.588486620e+00 
1.808373905e+00 1.600537996e+00 1.908477625e+00 
1.053554041e+00 1.321452589e+00 1.507758039e+00 
1.110418695e+00 1.351042367e+00 1.516527996e+00 
1.703213242e+00 1.369199731e+00 1.681358219e+00 
1.274975657e+00 1.229993275e+00 1.423656398e+00 
1.017721519e+00 1.241425689e+00 1.217000225e+00 
1.204868549e+00 1.270342972e+00 1.464357994e+00 
1.597273612e+00 1.375252186e+00 1.681358219e+00 
1.141772152e+00 1.221250841e+00 1.414886440e+00 
1.534177215e+00 1.326160054e+00 1.631886665e+00 
1.249464460e+00 1.382649630e+00 1.640656622e+00 
1.255306719e+00 1.150638870e+00 1.288958849e+00 
1.035832522e+00 1.161398790e+00 1.290757814e+00 
1.285296981e+00 1.448554136e+00 1.805486845e+00 
1.087439143e+00 1.265635508e+00 1.381830447e+00 
1.260370010e+00 1.211163416e+00 1.381830447e+00 
1.703213242e+00 1.400806994e+00 1.805486845e+00 
1.017721519e+00 1.255548083e+00 1.342927817e+00 
1.105939630e+00 1.155346335e+00 1.250056218e+00 
1.053554041e+00 1.353059852e+00 1.631886665e+00 
1.492112950e+00 1.338264963e+00 1.679559253e+00 
1.087439143e+00 1.279757902e+00 1.507758039e+00 
1.055501461e+00 1.197713517e+00 1.341128851e+00 
1.376046738e+00 1.232683255e+00 1.462559029e+00 
1.356183057e+00 1.399462004e+00 1.679559253e+00 
1.017721519e+00 1.287155346e+00 1.467056443e+00 
1.428237585e+00 1.266308003e+00 1.507758039e+00 
1.257643622e+00 1.100874243e+00 1.297728806e+00 
1.294255112e+00 1.169468729e+00 1.381830447e+00 
1.287244401e+00 1.293207801e+00 1.514729031e+00 
1.251022395e+00 1.320107599e+00 1.514729031e+00 
1.260370010e+00 1.242770679e+00 1.505959074e+00 
1.257643622e+00 1.069266980e+00 1.173600180e+00 
1.081596884e+00 1.000000000e+00 1.000000000e+00 
1.089386563e+00 1.124411567e+00 1.217000225e+00 
1.206231743e+00 1.061869536e+00 1.164830223e+00 
1.051606621e+00 1.213853396e+00 1.342927817e+00 
1.000000000e+00 1.095494284e+00 1.125927592e+00 
1.000000000e+00 1.081371890e+00 1.000000000e+00 
1.035832522e+00 1.147276395e+00 1.164830223e+00 
1.151703992e+00 1.075319435e+00 1.173600180e+00 
1.081596884e+00 1.031607263e+00 1.124128626e+00 

1.655306719e+00 1.771351715e+00 2.000000000e+00 
1.488802337e+00 1.646267653e+00 1.897009220e+00 
1.461538462e+00 1.680564896e+00 1.908477625e+00 
1.648296008e+00 1.811028917e+00 2.000000000e+00 
1.085102240e+00 1.501008742e+00 1.679559253e+00 
1.158130477e+00 1.515131137e+00 1.805486845e+00 
1.925219085e+00 1.723604573e+00 2.000000000e+00 
1.570983447e+00 1.640215198e+00 1.908477625e+00 
1.632716650e+00 1.829858776e+00 2.000000000e+00 
1.514313535e+00 1.661062542e+00 1.908477625e+00 
1.561830574e+00 1.571620713e+00 1.897009220e+00 
1.887828627e+00 1.531943510e+00 1.897009220e+00 
1.498539435e+00 1.620040350e+00 1.897009220e+00 
1.371762415e+00 1.687962340e+00 1.908477625e+00 
1.784225901e+00 1.613315400e+00 1.908477625e+00 
1.373320351e+00 1.917955615e+00 2.000000000e+00 
1.017721519e+00 1.241425689e+00 1.217000225e+00 
1.310808179e+00 1.295897781e+00 1.588486620e+00 
1.285296981e+00 1.448554136e+00 1.805486845e+00 
1.123661149e+00 1.475453934e+00 1.681358219e+00 
1.326582278e+00 1.779421654e+00 1.897009220e+00 
1.703213242e+00 1.369199731e+00 1.681358219e+00 
1.262706913e+00 1.507061197e+00 1.805486845e+00 
1.053554041e+00 1.353059852e+00 1.631886665e+00 
1.053554041e+00 1.321452589e+00 1.507758039e+00 
1.808373905e+00 1.600537996e+00 1.908477625e+00 
1.146251217e+00 1.416946873e+00 1.681358219e+00 
1.030963973e+00 1.379959650e+00 1.507758039e+00 
1.349172347e+00 1.720914593e+00 1.897009220e+00 
1.703213242e+00 1.400806994e+00 1.805486845e+00 
1.030963973e+00 1.411566913e+00 1.631886665e+00 
1.087439143e+00 1.265635508e+00 1.381830447e+00 
1.349172347e+00 1.746469401e+00 1.908477625e+00 
1.121713729e+00 1.583725622e+00 1.681358219e+00 
1.534177215e+00 1.326160054e+00 1.631886665e+00 
1.274975657e+00 1.229993275e+00 1.423656398e+00 
1.492112950e+00 1.338264963e+00 1.679559253e+00 
1.260370010e+00 1.211163416e+00 1.381830447e+00 
1.597273612e+00 1.375252186e+00 1.681358219e+00 
1.141772152e+00 1.221250841e+00 1.414886440e+00 
1.122297955e+00 1.449226631e+00 1.640656622e+00 
1.249464460e+00 1.382649630e+00 1.640656622e+00 
1.251022395e+00 1.320107599e+00 1.514729031e+00 
1.055501461e+00 1.197713517e+00 1.341128851e+00 
1.257643622e+00 1.069266980e+00 1.173600180e+00 
1.110418695e+00 1.351042367e+00 1.516527996e+00 
1.204868549e+00 1.270342972e+00 1.464357994e+00 
1.287244401e+00 1.293207801e+00 1.514729031e+00 
1.087439143e+00 1.279757902e+00 1.507758039e+00 
1.017721519e+00 1.255548083e+00 1.342927817e+00 
1.260370010e+00 1.242770679e+00 1.505959074e+00 
1.017721519e+00 1.287155346e+00 1.467056443e+00 
1.255306719e+00 1.150638870e+00 1.288958849e+00 
1.257643622e+00 1.100874243e+00 1.297728806e+00 
1.428237585e+00 1.266308003e+00 1.507758039e+00 
1.376046738e+00 1.232683255e+00 1.462559029e+00 
1.051606621e+00 1.213853396e+00 1.342927817e+00 
1.035832522e+00 1.147276395e+00 1.164830223e+00 
1.000000000e+00 1.095494284e+00 1.125927592e+00 
1.035832522e+00 1.161398790e+00 1.290757814e+00 
1.151703992e+00 1.075319435e+00 1.173600180e+00 
1.081596884e+00 1.031607263e+00 1.124128626e+00 
1.294255112e+00 1.169468729e+00 1.381830447e+00 
1.000000000e+00 1.081371890e+00 1.000000000e+00 
1.206231743e+00 1.061869536e+00 1.164830223e+00 
1.081596884e+00 1.000000000e+00 1.000000000e+00 
1.089386563e+00 1.124411567e+00 1.217000225e+00 
1.105939630e+00 1.155346335e+00 1.250056218e+00 

1.461538462e+00 1.680564896e+00 1.908477625e+00 
1.648296008e+00 1.811028917e+00 2.000000000e+00 
1.775851996e+00 1.798251513e+00 2.000000000e+00 
1.472638754e+00 1.673167451e+00 1.897009220e+00 
1.429600779e+00 1.686617350e+00 1.897009220e+00 
1.663485881e+00 1.634835239e+00 1.908477625e+00 
1.992989289e+00 1.731674512e+00 2.000000000e+00 
1.974294060e+00 1.771351715e+00 2.000000000e+00 
1.887828627e+00 1.531943510e+00 1.897009220e+00 
1.808373905e+00 1.600537996e+00 1.908477625e+00 
1.514313535e+00 1.661062542e+00 1.908477625e+00 
1.784225901e+00 1.613315400e+00 1.908477625e+00 
1.371762415e+00 1.687962340e+00 1.908477625e+00 
1.570983447e+00 1.640215198e+00 1.908477625e+00 
1.498539435e+00 1.620040350e+00 1.897009220e+00 
1.085102240e+00 1.501008742e+00 1.679559253e+00 
1.703213242e+00 1.400806994e+00 1.805486845e+00 
1.158130477e+00 1.515131137e+00 1.805486845e+00 
1.349172347e+00 1.720914593e+00 1.897009220e+00 
1.146251217e+00 1.416946873e+00 1.681358219e+00 
1.597273612e+00 1.375252186e+00 1.681358219e+00 
1.561830574e+00 1.571620713e+00 1.897009220e+00 
1.121713729e+00 1.583725622e+00 1.681358219e+00 
1.123661149e+00 1.475453934e+00 1.681358219e+00 
1.053554041e+00 1.321452589e+00 1.507758039e+00 
1.285296981e+00 1.448554136e+00 1.805486845e+00 
1.492112950e+00 1.338264963e+00 1.679559253e+00 
1.703213242e+00 1.369199731e+00 1.681358219e+00 
1.087439143e+00 1.265635508e+00 1.381830447e+00 
1.310808179e+00 1.295897781e+00 1.588486620e+00 
1.030963973e+00 1.379959650e+00 1.507758039e+00 
1.373320351e+00 1.917955615e+00 2.000000000e+00 
1.030963973e+00 1.411566913e+00 1.631886665e+00 
1.326582278e+00 1.779421654e+00 1.897009220e+00 
1.262706913e+00 1.507061197e+00 1.805486845e+00 
1.017721519e+00 1.241425689e+00 1.217000225e+00 
1.349172347e+00 1.746469401e+00 1.908477625e+00 
1.428237585e+00 1.266308003e+00 1.507758039e+00 
1.524440117e+00 1.912575656e+00 2.000000000e+00 
1.204868549e+00 1.270342972e+00 1.464357994e+00 
1.087439143e+00 1.279757902e+00 1.507758039e+00 
1.110418695e+00 1.351042367e+00 1.516527996e+00 
1.122297955e+00 1.449226631e+00 1.640656622e+00 
1.534177215e+00 1.326160054e+00 1.631886665e+00 
1.053554041e+00 1.353059852e+00 1.631886665e+00 
1.249464460e+00 1.382649630e+00 1.640656622e+00 
1.251022395e+00 1.320107599e+00 1.514729031e+00 
1.260370010e+00 1.211163416e+00 1.381830447e+00 
1.260370010e+00 1.242770679e+00 1.505959074e+00 
1.017721519e+00 1.255548083e+00 1.342927817e+00 
1.035832522e+00 1.147276395e+00 1.164830223e+00 
1.294255112e+00 1.169468729e+00 1.381830447e+00 
1.017721519e+00 1.287155346e+00 1.467056443e+00 
1.035832522e+00 1.161398790e+00 1.290757814e+00 
1.257643622e+00 1.100874243e+00 1.297728806e+00 
1.287244401e+00 1.293207801e+00 1.514729031e+00 
1.141772152e+00 1.221250841e+00 1.414886440e+00 
1.055501461e+00 1.197713517e+00 1.341128851e+00 
1.105939630e+00 1.155346335e+00 1.250056218e+00 
1.257643622e+00 1.069266980e+00 1.173600180e+00 
1.274975657e+00 1.229993275e+00 1.423656398e+00 
1.255306719e+00 1.150638870e+00 1.288958849e+00 
1.376046738e+00 1.232683255e+00 1.462559029e+00 
1.051606621e+00 1.213853396e+00 1.342927817e+00 
1.000000000e+00 1.081371890e+00 1.000000000e+00 
1.089386563e+00 1.124411567e+00 1.217000225e+00 
1.000000000e+00 1.095494284e+00 1.125927592e+00 
1.081596884e+00 1.000000000e+00 1.000000000e+00 
1.081596884e+00 1.031607263e+00 1.124128626e+00 
1.206231743e+00 1.061869536e+00 1.164830223e+00 
1.151703992e+00 1.075319435e+00 1.173600180e+00 

1.535929893e+00 1.811701412e+00 2.000000000e+00 
1.395910419e+00 1.859448554e+00 2.000000000e+00 
1.847517040e+00 1.763281775e+00 2.000000000e+00 
1.648296008e+00 1.811028917e+00 2.000000000e+00 
1.797663096e+00 1.790181574e+00 2.000000000e+00 
1.349172347e+00 1.720914593e+00 1.897009220e+00 
1.514313535e+00 1.661062542e+00 1.908477625e+00 
1.498539435e+00 1.620040350e+00 1.897009220e+00 
1.887828627e+00 1.531943510e+00 1.897009220e+00 
1.570983447e+00 1.640215198e+00 1.908477625e+00 
1.703213242e+00 1.369199731e+00 1.681358219e+00 
1.561830574e+00 1.571620713e+00 1.897009220e+00 
1.123661149e+00 1.475453934e+00 1.681358219e+00 
1.463875365e+00 1.667787492e+00 1.897009220e+00 
1.122297955e+00 1.449226631e+00 1.640656622e+00 
1.251022395e+00 1.320107599e+00 1.514729031e+00 
1.476338851e+00 1.825151311e+00 2.000000000e+00 
1.146251217e+00 1.416946873e+00 1.681358219e+00 
1.030963973e+00 1.379959650e+00 1.507758039e+00 
1.285296981e+00 1.448554136e+00 1.805486845e+00 
1.597273612e+00 1.375252186e+00 1.681358219e+00 
1.488802337e+00 1.646267653e+00 1.897009220e+00 
1.249464460e+00 1.382649630e+00 1.640656622e+00 
1.085102240e+00 1.501008742e+00 1.679559253e+00 
1.287244401e+00 1.293207801e+00 1.514729031e+00 
1.492112950e+00 1.338264963e+00 1.679559253e+00 
1.461538462e+00 1.680564896e+00 1.908477625e+00 
1.429600779e+00 1.686617350e+00 1.897009220e+00 
1.017721519e+00 1.241425689e+00 1.217000225e+00 
1.053554041e+00 1.353059852e+00 1.631886665e+00 
1.376046738e+00 1.232683255e+00 1.462559029e+00 
1.371762415e+00 1.687962340e+00 1.908477625e+00 
1.110418695e+00 1.351042367e+00 1.516527996e+00 
1.158130477e+00 1.515131137e+00 1.805486845e+00 
1.310808179e+00 1.295897781e+00 1.588486620e+00 
1.784225901e+00 1.613315400e+00 1.908477625e+00 
1.035832522e+00 1.161398790e+00 1.290757814e+00 
1.204868549e+00 1.270342972e+00 1.464357994e+00 
1.141772152e+00 1.221250841e+00 1.414886440e+00 
1.035832522e+00 1.147276395e+00 1.164830223e+00 
1.087439143e+00 1.279757902e+00 1.507758039e+00 
1.255306719e+00 1.150638870e+00 1.288958849e+00 
1.703213242e+00 1.400806994e+00 1.805486845e+00 
1.105939630e+00 1.155346335e+00 1.250056218e+00 
1.030963973e+00 1.411566913e+00 1.631886665e+00 
1.087439143e+00 1.265635508e+00 1.381830447e+00 
1.257643622e+00 1.100874243e+00 1.297728806e+00 
1.356183057e+00 1.399462004e+00 1.679559253e+00 
1.260370010e+00 1.211163416e+00 1.381830447e+00 
1.053554041e+00 1.321452589e+00 1.507758039e+00 
1.274975657e+00 1.229993275e+00 1.423656398e+00 
1.260370010e+00 1.242770679e+00 1.505959074e+00 
1.081596884e+00 1.031607263e+00 1.124128626e+00 
1.055501461e+00 1.197713517e+00 1.341128851e+00 
1.051606621e+00 1.213853396e+00 1.342927817e+00 
1.428237585e+00 1.266308003e+00 1.507758039e+00 
1.534177215e+00 1.326160054e+00 1.631886665e+00 
1.294255112e+00 1.169468729e+00 1.381830447e+00 
1.000000000e+00 1.095494284e+00 1.125927592e+00 
1.081596884e+00 1.000000000e+00 1.000000000e+00 
1.151703992e+00 1.075319435e+00 1.173600180e+00 
1.017721519e+00 1.287155346e+00 1.467056443e+00 
1.206231743e+00 1.061869536e+00 1.164830223e+00 
1.089386563e+00 1.124411567e+00 1.217000225e+00 
1.017721519e+00 1.255548083e+00 1.342927817e+00 
1.000000000e+00 1.081371890e+00 1.000000000e+00 
1.257643622e+00 1.069266980e+00 1.173600180e+00 

1.349172347e+00 1.746469401e+00 1.908477625e+00 
1.488802337e+00 1.646267653e+00 1.897009220e+00 
1.816553067e+00 2.000000000e+00 2.000000000e+00 
1.429600779e+00 1.686617350e+00 1.897009220e+00 
1.461538462e+00 1.680564896e+00 1.908477625e+00 
1.085102240e+00 1.501008742e+00 1.679559253e+00 
1.435248296e+00 1.680564896e+00 1.897009220e+00 
1.514313535e+00 1.661062542e+00 1.908477625e+00 
1.887828627e+00 1.531943510e+00 1.897009220e+00 
1.570983447e+00 1.640215198e+00 1.908477625e+00 
1.121713729e+00 1.583725622e+00 1.681358219e+00 
1.784225901e+00 1.613315400e+00 1.908477625e+00 
1.808373905e+00 1.600537996e+00 1.908477625e+00 
1.703213242e+00 1.400806994e+00 1.805486845e+00 
1.349172347e+00 1.720914593e+00 1.897009220e+00 
1.492112950e+00 1.338264963e+00 1.679559253e+00 
1.146251217e+00 1.416946873e+00 1.681358219e+00 
1.703213242e+00 1.369199731e+00 1.681358219e+00 
1.371762415e+00 1.687962340e+00 1.908477625e+00 
1.262706913e+00 1.507061197e+00 1.805486845e+00 
1.498539435e+00 1.620040350e+00 1.897009220e+00 
1.561830574e+00 1.571620713e+00 1.897009220e+00 
1.285296981e+00 1.448554136e+00 1.805486845e+00 
1.123661149e+00 1.475453934e+00 1.681358219e+00 
1.030963973e+00 1.411566913e+00 1.631886665e+00 
1.158130477e+00 1.515131137e+00 1.805486845e+00 
1.356183057e+00 1.399462004e+00 1.679559253e+00 
1.030963973e+00 1.379959650e+00 1.507758039e+00 
1.597273612e+00 1.375252186e+00 1.681358219e+00 
1.463875365e+00 1.667787492e+00 1.897009220e+00 
1.122297955e+00 1.449226631e+00 1.640656622e+00 
1.053554041e+00 1.353059852e+00 1.631886665e+00 
1.310808179e+00 1.295897781e+00 1.588486620e+00 
1.053554041e+00 1.321452589e+00 1.507758039e+00 
1.110418695e+00 1.351042367e+00 1.516527996e+00 
1.087439143e+00 1.279757902e+00 1.507758039e+00 
1.251022395e+00 1.320107599e+00 1.514729031e+00 
1.141772152e+00 1.221250841e+00 1.414886440e+00 
1.017721519e+00 1.241425689e+00 1.217000225e+00 
1.204868549e+00 1.270342972e+00 1.464357994e+00 
1.534177215e+00 1.326160054e+00 1.631886665e+00 
1.035832522e+00 1.161398790e+00 1.290757814e+00 
1.249464460e+00 1.382649630e+00 1.640656622e+00 
1.105939630e+00 1.155346335e+00 1.250056218e+00 
1.087439143e+00 1.265635508e+00 1.381830447e+00 
1.257643622e+00 1.069266980e+00 1.173600180e+00 
1.274975657e+00 1.229993275e+00 1.423656398e+00 
1.017721519e+00 1.255548083e+00 1.342927817e+00 
1.260370010e+00 1.211163416e+00 1.381830447e+00 
1.017721519e+00 1.287155346e+00 1.467056443e+00 
1.255306719e+00 1.150638870e+00 1.288958849e+00 
1.260370010e+00 1.242770679e+00 1.505959074e+00 
1.376046738e+00 1.232683255e+00 1.462559029e+00 
1.287244401e+00 1.293207801e+00 1.514729031e+00 
1.035832522e+00 1.147276395e+00 1.164830223e+00 
1.257643622e+00 1.100874243e+00 1.297728806e+00 
1.428237585e+00 1.266308003e+00 1.507758039e+00 
1.055501461e+00 1.197713517e+00 1.341128851e+00 
1.294255112e+00 1.169468729e+00 1.381830447e+00 
1.081596884e+00 1.000000000e+00 1.000000000e+00 
1.089386563e+00 1.124411567e+00 1.217000225e+00 
1.000000000e+00 1.081371890e+00 1.000000000e+00 
1.051606621e+00 1.213853396e+00 1.342927817e+00 
1.081596884e+00 1.031607263e+00 1.124128626e+00 
1.206231743e+00 1.061869536e+00 1.164830223e+00 
1.151703992e+00 1.075319435e+00 1.173600180e+00 
1.000000000e+00 1.095494284e+00 1.125927592e+00 

1.925219085e+00 1.723604573e+00 2.000000000e+00 
1.655306719e+00 1.771351715e+00 2.000000000e+00 
1.262706913e+00 1.507061197e+00 1.805486845e+00 
1.847517040e+00 1.763281775e+00 2.000000000e+00 
1.395910419e+00 1.859448554e+00 2.000000000e+00 
1.123661149e+00 1.475453934e+00 1.681358219e+00 
1.648296008e+00 1.811028917e+00 2.000000000e+00 
1.514313535e+00 1.661062542e+00 1.908477625e+00 
1.274975657e+00 1.229993275e+00 1.423656398e+00 
1.887828627e+00 1.531943510e+00 1.897009220e+00 
1.349172347e+00 1.720914593e+00 1.897009220e+00 
1.561830574e+00 1.571620713e+00 1.897009220e+00 
1.784225901e+00 1.613315400e+00 1.908477625e+00 
1.646153846e+00 1.811701412e+00 2.000000000e+00 
1.371762415e+00 1.687962340e+00 1.908477625e+00 
1.808373905e+00 1.600537996e+00 1.908477625e+00 
1.110418695e+00 1.351042367e+00 1.516527996e+00 
1.249464460e+00 1.382649630e+00 1.640656622e+00 
1.498539435e+00 1.620040350e+00 1.897009220e+00 
1.492112950e+00 1.338264963e+00 1.679559253e+00 
1.570983447e+00 1.640215198e+00 1.908477625e+00 
1.122297955e+00 1.449226631e+00 1.640656622e+00 
1.435248296e+00 1.680564896e+00 1.897009220e+00 
1.703213242e+00 1.369199731e+00 1.681358219e+00 
1.703213242e+00 1.400806994e+00 1.805486845e+00 
1.017721519e+00 1.287155346e+00 1.467056443e+00 
1.285296981e+00 1.448554136e+00 1.805486845e+00 
1.326582278e+00 1.779421654e+00 1.897009220e+00 
1.476338851e+00 1.825151311e+00 2.000000000e+00 
1.461538462e+00 1.680564896e+00 1.908477625e+00 
1.488802337e+00 1.646267653e+00 1.897009220e+00 
1.429600779e+00 1.686617350e+00 1.897009220e+00 
1.017721519e+00 1.241425689e+00 1.217000225e+00 
1.146251217e+00 1.416946873e+00 1.681358219e+00 
1.310808179e+00 1.295897781e+00 1.588486620e+00 
1.597273612e+00 1.375252186e+00 1.681358219e+00 
1.085102240e+00 1.501008742e+00 1.679559253e+00 
1.158130477e+00 1.515131137e+00 1.805486845e+00 
1.255306719e+00 1.150638870e+00 1.288958849e+00 
1.251022395e+00 1.320107599e+00 1.514729031e+00 
1.017721519e+00 1.255548083e+00 1.342927817e+00 
1.260370010e+00 1.211163416e+00 1.381830447e+00 
1.287244401e+00 1.293207801e+00 1.514729031e+00 
1.030963973e+00 1.379959650e+00 1.507758039e+00 
1.087439143e+00 1.265635508e+00 1.381830447e+00 
1.053554041e+00 1.353059852e+00 1.631886665e+00 
1.204868549e+00 1.270342972e+00 1.464357994e+00 
1.030963973e+00 1.411566913e+00 1.631886665e+00 
1.260370010e+00 1.242770679e+00 1.505959074e+00 
1.463875365e+00 1.667787492e+00 1.897009220e+00 
1.376046738e+00 1.232683255e+00 1.462559029e+00 
1.141772152e+00 1.221250841e+00 1.414886440e+00 
1.534177215e+00 1.326160054e+00 1.631886665e+00 
1.035832522e+00 1.161398790e+00 1.290757814e+00 
1.055501461e+00 1.197713517e+00 1.341128851e+00 
1.053554041e+00 1.321452589e+00 1.507758039e+00 
1.294255112e+00 1.169468729e+00 1.381830447e+00 
1.257643622e+00 1.100874243e+00 1.297728806e+00 
1.051606621e+00 1.213853396e+00 1.342927817e+00 
1.428237585e+00 1.266308003e+00 1.507758039e+00 
1.087439143e+00 1.279757902e+00 1.507758039e+00 
1.035832522e+00 1.147276395e+00 1.164830223e+00 
1.105939630e+00 1.155346335e+00 1.250056218e+00 
1.000000000e+00 1.095494284e+00 1.125927592e+00 
1.089386563e+00 1.124411567e+00 1.217000225e+00 
1.081596884e+00 1.031607263e+00 1.124128626e+00 
1.257643622e+00 1.069266980e+00 1.173600180e+00 
1.081596884e+00 1.000000000e+00 1.000000000e+00 
1.206231743e+00 1.061869536e+00 1.164830223e+00 
1.000000000e+00 1.081371890e+00 1.000000000e+00 
1.151703992e+00 1.075319435e+00 1.173600180e+00 

1.429600779e+00 1.686617350e+00 1.897009220e+00 
1.498539435e+00 1.620040350e+00 1.897009220e+00 
1.488802337e+00 1.646267653e+00 1.897009220e+00 
1.274975657e+00 1.229993275e+00 1.423656398e+00 
1.561830574e+00 1.571620713e+00 1.897009220e+00 
1.435248296e+00 1.680564896e+00 1.897009220e+00 
1.887828627e+00 1.531943510e+00 1.897009220e+00 
1.472638754e+00 1.673167451e+00 1.897009220e+00 
1.376046738e+00 1.232683255e+00 1.462559029e+00 
1.461538462e+00 1.680564896e+00 1.908477625e+00 
1.371762415e+00 1.687962340e+00 1.908477625e+00 
1.146251217e+00 1.416946873e+00 1.681358219e+00 
1.570983447e+00 1.640215198e+00 1.908477625e+00 
1.514313535e+00 1.661062542e+00 1.908477625e+00 
1.123661149e+00 1.475453934e+00 1.681358219e+00 
1.310808179e+00 1.295897781e+00 1.588486620e+00 
1.085102240e+00 1.501008742e+00 1.679559253e+00 
1.349172347e+00 1.720914593e+00 1.897009220e+00 
1.349172347e+00 1.746469401e+00 1.908477625e+00 
1.158130477e+00 1.515131137e+00 1.805486845e+00 
1.121713729e+00 1.583725622e+00 1.681358219e+00 
1.110418695e+00 1.351042367e+00 1.516527996e+00 
1.285296981e+00 1.448554136e+00 1.805486845e+00 
1.122297955e+00 1.449226631e+00 1.640656622e+00 
1.808373905e+00 1.600537996e+00 1.908477625e+00 
1.703213242e+00 1.369199731e+00 1.681358219e+00 
1.030963973e+00 1.379959650e+00 1.507758039e+00 
1.053554041e+00 1.321452589e+00 1.507758039e+00 
1.492112950e+00 1.338264963e+00 1.679559253e+00 
1.030963973e+00 1.411566913e+00 1.631886665e+00 
1.249464460e+00 1.382649630e+00 1.640656622e+00 
1.784225901e+00 1.613315400e+00 1.908477625e+00 
1.262706913e+00 1.507061197e+00 1.805486845e+00 
1.326582278e+00 1.779421654e+00 1.897009220e+00 
1.703213242e+00 1.400806994e+00 1.805486845e+00 
1.017721519e+00 1.287155346e+00 1.467056443e+00 
1.428237585e+00 1.266308003e+00 1.507758039e+00 
1.251022395e+00 1.320107599e+00 1.514729031e+00 
1.017721519e+00 1.241425689e+00 1.217000225e+00 
1.287244401e+00 1.293207801e+00 1.514729031e+00 
1.051606621e+00 1.213853396e+00 1.342927817e+00 
1.087439143e+00 1.265635508e+00 1.381830447e+00 
1.053554041e+00 1.353059852e+00 1.631886665e+00 
1.260370010e+00 1.211163416e+00 1.381830447e+00 
1.597273612e+00 1.375252186e+00 1.681358219e+00 
1.087439143e+00 1.279757902e+00 1.507758039e+00 
1.017721519e+00 1.255548083e+00 1.342927817e+00 
1.055501461e+00 1.197713517e+00 1.341128851e+00 
1.534177215e+00 1.326160054e+00 1.631886665e+00 
1.255306719e+00 1.150638870e+00 1.288958849e+00 
1.204868549e+00 1.270342972e+00 1.464357994e+00 
1.035832522e+00 1.161398790e+00 1.290757814e+00 
1.260370010e+00 1.242770679e+00 1.505959074e+00 
1.257643622e+00 1.069266980e+00 1.173600180e+00 
1.294255112e+00 1.169468729e+00 1.381830447e+00 
1.035832522e+00 1.147276395e+00 1.164830223e+00 
1.141772152e+00 1.221250841e+00 1.414886440e+00 
1.105939630e+00 1.155346335e+00 1.250056218e+00 
1.089386563e+00 1.124411567e+00 1.217000225e+00 
1.081596884e+00 1.000000000e+00 1.000000000e+00 
1.000000000e+00 1.095494284e+00 1.125927592e+00 
1.000000000e+00 1.081371890e+00 1.000000000e+00 
1.206231743e+00 1.061869536e+00 1.164830223e+00 
1.151703992e+00 1.075319435e+00 1.173600180e+00 
1.257643622e+00 1.100874243e+00 1.297728806e+00 
1.081596884e+00 1.031607263e+00 1.124128626e+00 

1.461538462e+00 1.680564896e+00 1.908477625e+00 
1.395910419e+00 1.859448554e+00 2.000000000e+00 
1.429600779e+00 1.686617350e+00 1.897009220e+00 
1.847517040e+00 1.763281775e+00 2.000000000e+00 
1.472638754e+00 1.673167451e+00 1.897009220e+00 
1.655306719e+00 1.771351715e+00 2.000000000e+00 
1.648296008e+00 1.811028917e+00 2.000000000e+00 
1.158130477e+00 1.515131137e+00 1.805486845e+00 
1.561830574e+00 1.571620713e+00 1.897009220e+00 
1.514313535e+00 1.661062542e+00 1.908477625e+00 
1.085102240e+00 1.501008742e+00 1.679559253e+00 
1.498539435e+00 1.620040350e+00 1.897009220e+00 
1.349172347e+00 1.720914593e+00 1.897009220e+00 
1.784225901e+00 1.613315400e+00 1.908477625e+00 
1.887828627e+00 1.531943510e+00 1.897009220e+00 
1.310808179e+00 1.295897781e+00 1.588486620e+00 
1.371762415e+00 1.687962340e+00 1.908477625e+00 
1.570983447e+00 1.640215198e+00 1.908477625e+00 
1.123661149e+00 1.475453934e+00 1.681358219e+00 
1.808373905e+00 1.600537996e+00 1.908477625e+00 
1.285296981e+00 1.448554136e+00 1.805486845e+00 
1.053554041e+00 1.353059852e+00 1.631886665e+00 
1.597273612e+00 1.375252186e+00 1.681358219e+00 
1.087439143e+00 1.265635508e+00 1.381830447e+00 
1.349172347e+00 1.746469401e+00 1.908477625e+00 
1.141772152e+00 1.221250841e+00 1.414886440e+00 
1.053554041e+00 1.321452589e+00 1.507758039e+00 
1.146251217e+00 1.416946873e+00 1.681358219e+00 
1.030963973e+00 1.411566913e+00 1.631886665e+00 
1.087439143e+00 1.279757902e+00 1.507758039e+00 
1.703213242e+00 1.369199731e+00 1.681358219e+00 
1.488802337e+00 1.646267653e+00 1.897009220e+00 
1.251022395e+00 1.320107599e+00 1.514729031e+00 
1.255306719e+00 1.150638870e+00 1.288958849e+00 
1.122297955e+00 1.449226631e+00 1.640656622e+00 
1.534177215e+00 1.326160054e+00 1.631886665e+00 
1.110418695e+00 1.351042367e+00 1.516527996e+00 
1.249464460e+00 1.382649630e+00 1.640656622e+00 
1.376046738e+00 1.232683255e+00 1.462559029e+00 
1.035832522e+00 1.147276395e+00 1.164830223e+00 
1.260370010e+00 1.211163416e+00 1.381830447e+00 
1.035832522e+00 1.161398790e+00 1.290757814e+00 
1.051606621e+00 1.213853396e+00 1.342927817e+00 
1.055501461e+00 1.197713517e+00 1.341128851e+00 
1.287244401e+00 1.293207801e+00 1.514729031e+00 
1.204868549e+00 1.270342972e+00 1.464357994e+00 
1.257643622e+00 1.069266980e+00 1.173600180e+00 
1.017721519e+00 1.241425689e+00 1.217000225e+00 
1.030963973e+00 1.379959650e+00 1.507758039e+00 
1.260370010e+00 1.242770679e+00 1.505959074e+00 
1.017721519e+00 1.255548083e+00 1.342927817e+00 
1.274975657e+00 1.229993275e+00 1.423656398e+00 
1.703213242e+00 1.400806994e+00 1.805486845e+00 
1.017721519e+00 1.287155346e+00 1.467056443e+00 
1.428237585e+00 1.266308003e+00 1.507758039e+00 
1.492112950e+00 1.338264963e+00 1.679559253e+00 
1.257643622e+00 1.100874243e+00 1.297728806e+00 
1.105939630e+00 1.155346335e+00 1.250056218e+00 
1.000000000e+00 1.081371890e+00 1.000000000e+00 
1.294255112e+00 1.169468729e+00 1.381830447e+00 
1.000000000e+00 1.095494284e+00 1.125927592e+00 
1.081596884e+00 1.000000000e+00 1.000000000e+00 
1.081596884e+00 1.031607263e+00 1.124128626e+00 
1.206231743e+00 1.061869536e+00 1.164830223e+00 
1.089386563e+00 1.124411567e+00 1.217000225e+00 
1.151703992e+00 1.075319435e+00 1.173600180e+00 

1.356183057e+00 1.399462004e+00 1.679559253e+00 
1.472638754e+00 1.673167451e+00 1.897009220e+00 
1.429600779e+00 1.686617350e+00 1.897009220e+00 
1.461538462e+00 1.680564896e+00 1.908477625e+00 
1.488802337e+00 1.646267653e+00 1.897009220e+00 
1.085102240e+00 1.501008742e+00 1.679559253e+00 
1.561830574e+00 1.571620713e+00 1.897009220e+00 
1.784225901e+00 1.613315400e+00 1.908477625e+00 
1.808373905e+00 1.600537996e+00 1.908477625e+00 
1.514313535e+00 1.661062542e+00 1.908477625e+00 
1.158130477e+00 1.515131137e+00 1.805486845e+00 
1.570983447e+00 1.640215198e+00 1.908477625e+00 
1.121713729e+00 1.583725622e+00 1.681358219e+00 
1.017721519e+00 1.241425689e+00 1.217000225e+00 
1.349172347e+00 1.720914593e+00 1.897009220e+00 
1.887828627e+00 1.531943510e+00 1.897009220e+00 
1.371762415e+00 1.687962340e+00 1.908477625e+00 
1.498539435e+00 1.620040350e+00 1.897009220e+00 
1.249464460e+00 1.382649630e+00 1.640656622e+00 
1.492112950e+00 1.338264963e+00 1.679559253e+00 
1.349172347e+00 1.746469401e+00 1.908477625e+00 
1.703213242e+00 1.369199731e+00 1.681358219e+00 
1.122297955e+00 1.449226631e+00 1.640656622e+00 
1.376046738e+00 1.232683255e+00 1.462559029e+00 
1.326582278e+00 1.779421654e+00 1.897009220e+00 
1.287244401e+00 1.293207801e+00 1.514729031e+00 
1.030963973e+00 1.379959650e+00 1.507758039e+00 
1.260370010e+00 1.242770679e+00 1.505959074e+00 
1.703213242e+00 1.400806994e+00 1.805486845e+00 
1.285296981e+00 1.448554136e+00 1.805486845e+00 
1.251022395e+00 1.320107599e+00 1.514729031e+00 
1.146251217e+00 1.416946873e+00 1.681358219e+00 
1.274975657e+00 1.229993275e+00 1.423656398e+00 
1.255306719e+00 1.150638870e+00 1.288958849e+00 
1.260370010e+00 1.211163416e+00 1.381830447e+00 
1.310808179e+00 1.295897781e+00 1.588486620e+00 
1.053554041e+00 1.321452589e+00 1.507758039e+00 
1.017721519e+00 1.255548083e+00 1.342927817e+00 
1.110418695e+00 1.351042367e+00 1.516527996e+00 
1.030963973e+00 1.411566913e+00 1.631886665e+00 
1.123661149e+00 1.475453934e+00 1.681358219e+00 
1.017721519e+00 1.287155346e+00 1.467056443e+00 
1.262706913e+00 1.507061197e+00 1.805486845e+00 
1.053554041e+00 1.353059852e+00 1.631886665e+00 
1.428237585e+00 1.266308003e+00 1.507758039e+00 
1.257643622e+00 1.069266980e+00 1.173600180e+00 
1.087439143e+00 1.265635508e+00 1.381830447e+00 
1.597273612e+00 1.375252186e+00 1.681358219e+00 
1.051606621e+00 1.213853396e+00 1.342927817e+00 
1.105939630e+00 1.155346335e+00 1.250056218e+00 
1.204868549e+00 1.270342972e+00 1.464357994e+00 
1.035832522e+00 1.147276395e+00 1.164830223e+00 
1.055501461e+00 1.197713517e+00 1.341128851e+00 
1.534177215e+00 1.326160054e+00 1.631886665e+00 
1.294255112e+00 1.169468729e+00 1.381830447e+00 
1.087439143e+00 1.279757902e+00 1.507758039e+00 
1.035832522e+00 1.161398790e+00 1.290757814e+00 
1.206231743e+00 1.061869536e+00 1.164830223e+00 
1.081596884e+00 1.031607263e+00 1.124128626e+00 
1.089386563e+00 1.124411567e+00 1.217000225e+00 
1.081596884e+00 1.000000000e+00 1.000000000e+00 
1.257643622e+00 1.100874243e+00 1.297728806e+00 
1.000000000e+00 1.095494284e+00 1.125927592e+00 
1.141772152e+00 1.221250841e+00 1.414886440e+00 
1.000000000e+00 1.081371890e+00 1.000000000e+00 
1.151703992e+00 1.075319435e+00 1.173600180e+00 

1.326582278e+00 1.779421654e+00 1.897009220e+00 
1.354040896e+00 1.653665098e+00 1.908477625e+00 
1.887828627e+00 1.531943510e+00 1.897009220e+00 
1.122297955e+00 1.449226631e+00 1.640656622e+00 
1.808373905e+00 1.600537996e+00 1.908477625e+00 
1.488802337e+00 1.646267653e+00 1.897009220e+00 
1.784225901e+00 1.613315400e+00 1.908477625e+00 
1.274975657e+00 1.229993275e+00 1.423656398e+00 
1.597273612e+00 1.375252186e+00 1.681358219e+00 
1.570983447e+00 1.640215198e+00 1.908477625e+00 
1.703213242e+00 1.400806994e+00 1.805486845e+00 
1.085102240e+00 1.501008742e+00 1.679559253e+00 
1.030963973e+00 1.411566913e+00 1.631886665e+00 
1.534177215e+00 1.326160054e+00 1.631886665e+00 
1.262706913e+00 1.507061197e+00 1.805486845e+00 
1.498539435e+00 1.620040350e+00 1.897009220e+00 
1.249464460e+00 1.382649630e+00 1.640656622e+00 
1.121713729e+00 1.583725622e+00 1.681358219e+00 
1.561830574e+00 1.571620713e+00 1.897009220e+00 
1.492112950e+00 1.338264963e+00 1.679559253e+00 
1.349172347e+00 1.720914593e+00 1.897009220e+00 
1.310808179e+00 1.295897781e+00 1.588486620e+00 
1.123661149e+00 1.475453934e+00 1.681358219e+00 
1.703213242e+00 1.369199731e+00 1.681358219e+00 
1.428237585e+00 1.266308003e+00 1.507758039e+00 
1.146251217e+00 1.416946873e+00 1.681358219e+00 
1.255306719e+00 1.150638870e+00 1.288958849e+00 
1.030963973e+00 1.379959650e+00 1.507758039e+00 
1.053554041e+00 1.321452589e+00 1.507758039e+00 
1.158130477e+00 1.515131137e+00 1.805486845e+00 
1.110418695e+00 1.351042367e+00 1.516527996e+00 
1.035832522e+00 1.147276395e+00 1.164830223e+00 
1.285296981e+00 1.448554136e+00 1.805486845e+00 
1.204868549e+00 1.270342972e+00 1.464357994e+00 
1.035832522e+00 1.161398790e+00 1.290757814e+00 
1.257643622e+00 1.069266980e+00 1.173600180e+00 
1.260370010e+00 1.242770679e+00 1.505959074e+00 
1.141772152e+00 1.221250841e+00 1.414886440e+00 
1.087439143e+00 1.279757902e+00 1.507758039e+00 
1.294255112e+00 1.169468729e+00 1.381830447e+00 
1.105939630e+00 1.155346335e+00 1.250056218e+00 
1.251022395e+00 1.320107599e+00 1.514729031e+00 
1.287244401e+00 1.293207801e+00 1.514729031e+00 
1.260370010e+00 1.211163416e+00 1.381830447e+00 
1.087439143e+00 1.265635508e+00 1.381830447e+00 
1.376046738e+00 1.232683255e+00 1.462559029e+00 
1.053554041e+00 1.353059852e+00 1.631886665e+00 
1.017721519e+00 1.255548083e+00 1.342927817e+00 
1.017721519e+00 1.287155346e+00 1.467056443e+00 
1.017721519e+00 1.241425689e+00 1.217000225e+00 
1.257643622e+00 1.100874243e+00 1.297728806e+00 
1.051606621e+00 1.213853396e+00 1.342927817e+00 
1.055501461e+00 1.197713517e+00 1.341128851e+00 
1.151703992e+00 1.075319435e+00 1.173600180e+00 
1.081596884e+00 1.031607263e+00 1.124128626e+00 
1.206231743e+00 1.061869536e+00 1.164830223e+00 
1.089386563e+00 1.124411567e+00 1.217000225e+00 
1.000000000e+00 1.095494284e+00 1.125927592e+00 
1.000000000e+00 1.081371890e+00 1.000000000e+00 
1.081596884e+00 1.000000000e+00 1.000000000e+00 

1.847517040e+00 1.763281775e+00 2.000000000e+00 
1.488802337e+00 1.646267653e+00 1.897009220e+00 
1.395910419e+00 1.859448554e+00 2.000000000e+00 
1.655306719e+00 1.771351715e+00 2.000000000e+00 
1.472638754e+00 1.673167451e+00 1.897009220e+00 
1.461538462e+00 1.680564896e+00 1.908477625e+00 
1.429600779e+00 1.686617350e+00 1.897009220e+00 
1.121713729e+00 1.583725622e+00 1.681358219e+00 
1.648296008e+00 1.811028917e+00 2.000000000e+00 
1.262706913e+00 1.507061197e+00 1.805486845e+00 
1.498539435e+00 1.620040350e+00 1.897009220e+00 
1.371762415e+00 1.687962340e+00 1.908477625e+00 
1.925219085e+00 1.723604573e+00 2.000000000e+00 
1.514313535e+00 1.661062542e+00 1.908477625e+00 
1.146251217e+00 1.416946873e+00 1.681358219e+00 
1.310808179e+00 1.295897781e+00 1.588486620e+00 
1.887828627e+00 1.531943510e+00 1.897009220e+00 
1.123661149e+00 1.475453934e+00 1.681358219e+00 
1.349172347e+00 1.720914593e+00 1.897009220e+00 
1.561830574e+00 1.571620713e+00 1.897009220e+00 
1.784225901e+00 1.613315400e+00 1.908477625e+00 
1.808373905e+00 1.600537996e+00 1.908477625e+00 
1.597273612e+00 1.375252186e+00 1.681358219e+00 
1.570983447e+00 1.640215198e+00 1.908477625e+00 
1.158130477e+00 1.515131137e+00 1.805486845e+00 
1.085102240e+00 1.501008742e+00 1.679559253e+00 
1.053554041e+00 1.321452589e+00 1.507758039e+00 
1.053554041e+00 1.353059852e+00 1.631886665e+00 
1.703213242e+00 1.369199731e+00 1.681358219e+00 
1.285296981e+00 1.448554136e+00 1.805486845e+00 
1.087439143e+00 1.265635508e+00 1.381830447e+00 
1.141772152e+00 1.221250841e+00 1.414886440e+00 
1.703213242e+00 1.400806994e+00 1.805486845e+00 
1.017721519e+00 1.241425689e+00 1.217000225e+00 
1.030963973e+00 1.379959650e+00 1.507758039e+00 
1.030963973e+00 1.411566913e+00 1.631886665e+00 
1.110418695e+00 1.351042367e+00 1.516527996e+00 
1.534177215e+00 1.326160054e+00 1.631886665e+00 
1.087439143e+00 1.279757902e+00 1.507758039e+00 
1.428237585e+00 1.266308003e+00 1.507758039e+00 
1.356183057e+00 1.399462004e+00 1.679559253e+00 
1.260370010e+00 1.211163416e+00 1.381830447e+00 
1.492112950e+00 1.338264963e+00 1.679559253e+00 
1.035832522e+00 1.161398790e+00 1.290757814e+00 
1.255306719e+00 1.150638870e+00 1.288958849e+00 
1.035832522e+00 1.147276395e+00 1.164830223e+00 
1.122297955e+00 1.449226631e+00 1.640656622e+00 
1.017721519e+00 1.255548083e+00 1.342927817e+00 
1.260370010e+00 1.242770679e+00 1.505959074e+00 
1.294255112e+00 1.169468729e+00 1.381830447e+00 
1.017721519e+00 1.287155346e+00 1.467056443e+00 
1.204868549e+00 1.270342972e+00 1.464357994e+00 
1.274975657e+00 1.229993275e+00 1.423656398e+00 
1.249464460e+00 1.382649630e+00 1.640656622e+00 
1.257643622e+00 1.069266980e+00 1.173600180e+00 
1.287244401e+00 1.293207801e+00 1.514729031e+00 
1.055501461e+00 1.197713517e+00 1.341128851e+00 
1.251022395e+00 1.320107599e+00 1.514729031e+00 
1.051606621e+00 1.213853396e+00 1.342927817e+00 
1.257643622e+00 1.100874243e+00 1.297728806e+00 
1.105939630e+00 1.155346335e+00 1.250056218e+00 
1.376046738e+00 1.232683255e+00 1.462559029e+00 
1.081596884e+00 1.031607263e+00 1.124128626e+00 
1.000000000e+00 1.081371890e+00 1.000000000e+00 
1.206231743e+00 1.061869536e+00 1.164830223e+00 
1.081596884e+00 1.000000000e+00 1.000000000e+00 
1.151703992e+00 1.075319435e+00 1.173600180e+00 
1.000000000e+00 1.095494284e+00 1.125927592e+00 
1.089386563e+00 1.124411567e+00 1.217000225e+00 

1.395910419e+00 1.859448554e+00 2.000000000e+00 
1.925219085e+00 1.723604573e+00 2.000000000e+00 
1.632716650e+00 1.829858776e+00 2.000000000e+00 
1.693281402e+00 1.811701412e+00 2.000000000e+00 
1.876144109e+00 1.798251513e+00 2.000000000e+00 
1.472638754e+00 1.673167451e+00 1.897009220e+00 
1.918208374e+00 1.784801614e+00 2.000000000e+00 
1.514313535e+00 1.661062542e+00 1.908477625e+00 
1.887828627e+00 1.531943510e+00 1.897009220e+00 
1.349172347e+00 1.720914593e+00 1.897009220e+00 
1.808373905e+00 1.600537996e+00 1.908477625e+00 
1.429600779e+00 1.686617350e+00 1.897009220e+00 
1.570983447e+00 1.640215198e+00 1.908477625e+00 
1.703213242e+00 1.369199731e+00 1.681358219e+00 
1.123661149e+00 1.475453934e+00 1.681358219e+00 
1.085102240e+00 1.501008742e+00 1.679559253e+00 
1.561830574e+00 1.571620713e+00 1.897009220e+00 
1.371762415e+00 1.687962340e+00 1.908477625e+00 
1.121713729e+00 1.583725622e+00 1.681358219e+00 
1.784225901e+00 1.613315400e+00 1.908477625e+00 
1.310808179e+00 1.295897781e+00 1.588486620e+00 
1.146251217e+00 1.416946873e+00 1.681358219e+00 
1.498539435e+00 1.620040350e+00 1.897009220e+00 
1.703213242e+00 1.400806994e+00 1.805486845e+00 
1.285296981e+00 1.448554136e+00 1.805486845e+00 
1.287244401e+00 1.293207801e+00 1.514729031e+00 
1.349172347e+00 1.746469401e+00 1.908477625e+00 
1.492112950e+00 1.338264963e+00 1.679559253e+00 
1.053554041e+00 1.321452589e+00 1.507758039e+00 
1.030963973e+00 1.379959650e+00 1.507758039e+00 
1.030963973e+00 1.411566913e+00 1.631886665e+00 
1.158130477e+00 1.515131137e+00 1.805486845e+00 
1.251022395e+00 1.320107599e+00 1.514729031e+00 
1.534177215e+00 1.326160054e+00 1.631886665e+00 
1.262706913e+00 1.507061197e+00 1.805486845e+00 
1.122297955e+00 1.449226631e+00 1.640656622e+00 
1.017721519e+00 1.255548083e+00 1.342927817e+00 
1.141772152e+00 1.221250841e+00 1.414886440e+00 
1.204868549e+00 1.270342972e+00 1.464357994e+00 
1.597273612e+00 1.375252186e+00 1.681358219e+00 
1.087439143e+00 1.279757902e+00 1.507758039e+00 
1.110418695e+00 1.351042367e+00 1.516527996e+00 
1.255306719e+00 1.150638870e+00 1.288958849e+00 
1.376046738e+00 1.232683255e+00 1.462559029e+00 
1.260370010e+00 1.211163416e+00 1.381830447e+00 
1.087439143e+00 1.265635508e+00 1.381830447e+00 
1.105939630e+00 1.155346335e+00 1.250056218e+00 
1.053554041e+00 1.353059852e+00 1.631886665e+00 
1.428237585e+00 1.266308003e+00 1.507758039e+00 
1.257643622e+00 1.069266980e+00 1.173600180e+00 
1.017721519e+00 1.287155346e+00 1.467056443e+00 
1.294255112e+00 1.169468729e+00 1.381830447e+00 
1.260370010e+00 1.242770679e+00 1.505959074e+00 
1.249464460e+00 1.382649630e+00 1.640656622e+00 
1.035832522e+00 1.161398790e+00 1.290757814e+00 
1.055501461e+00 1.197713517e+00 1.341128851e+00 
1.274975657e+00 1.229993275e+00 1.423656398e+00 
1.035832522e+00 1.147276395e+00 1.164830223e+00 
1.081596884e+00 1.031607263e+00 1.124128626e+00 
1.017721519e+00 1.241425689e+00 1.217000225e+00 
1.257643622e+00 1.100874243e+00 1.297728806e+00 
1.051606621e+00 1.213853396e+00 1.342927817e+00 
1.206231743e+00 1.061869536e+00 1.164830223e+00 
1.089386563e+00 1.124411567e+00 1.217000225e+00 
1.151703992e+00 1.075319435e+00 1.173600180e+00 
1.081596884e+00 1.000000000e+00 1.000000000e+00 
1.000000000e+00 1.081371890e+00 1.000000000e+00 
1.000000000e+00 1.095494284e+00 1.125927592e+00 

1.585004869e+00 1.859448554e+00 2.000000000e+00 
1.561830574e+00 1.571620713e+00 1.897009220e+00 
1.472638754e+00 1.673167451e+00 1.897009220e+00 
1.498539435e+00 1.620040350e+00 1.897009220e+00 
1.918208374e+00 1.784801614e+00 2.000000000e+00 
1.648296008e+00 1.811028917e+00 2.000000000e+00 
1.085102240e+00 1.501008742e+00 1.679559253e+00 
1.326582278e+00 1.779421654e+00 1.897009220e+00 
1.158130477e+00 1.515131137e+00 1.805486845e+00 
1.373320351e+00 1.917955615e+00 2.000000000e+00 
1.371762415e+00 1.687962340e+00 1.908477625e+00 
1.121713729e+00 1.583725622e+00 1.681358219e+00 
1.287244401e+00 1.293207801e+00 1.514729031e+00 
1.435248296e+00 1.680564896e+00 1.897009220e+00 
1.521129503e+00 1.667114997e+00 1.908477625e+00 
1.349172347e+00 1.720914593e+00 1.897009220e+00 
1.570983447e+00 1.640215198e+00 1.908477625e+00 
1.876144109e+00 1.798251513e+00 2.000000000e+00 
1.274975657e+00 1.229993275e+00 1.423656398e+00 
1.146251217e+00 1.416946873e+00 1.681358219e+00 
1.285296981e+00 1.448554136e+00 1.805486845e+00 
1.349172347e+00 1.746469401e+00 1.908477625e+00 
1.087439143e+00 1.265635508e+00 1.381830447e+00 
1.356183057e+00 1.399462004e+00 1.679559253e+00 
1.703213242e+00 1.369199731e+00 1.681358219e+00 
1.808373905e+00 1.600537996e+00 1.908477625e+00 
1.784225901e+00 1.613315400e+00 1.908477625e+00 
1.703213242e+00 1.400806994e+00 1.805486845e+00 
1.110418695e+00 1.351042367e+00 1.516527996e+00 
1.262706913e+00 1.507061197e+00 1.805486845e+00 
1.887828627e+00 1.531943510e+00 1.897009220e+00 
1.310808179e+00 1.295897781e+00 1.588486620e+00 
1.123661149e+00 1.475453934e+00 1.681358219e+00 
1.030963973e+00 1.379959650e+00 1.507758039e+00 
1.053554041e+00 1.353059852e+00 1.631886665e+00 
1.122297955e+00 1.449226631e+00 1.640656622e+00 
1.053554041e+00 1.321452589e+00 1.507758039e+00 
1.017721519e+00 1.255548083e+00 1.342927817e+00 
1.534177215e+00 1.326160054e+00 1.631886665e+00 
1.249464460e+00 1.382649630e+00 1.640656622e+00 
1.597273612e+00 1.375252186e+00 1.681358219e+00 
1.251022395e+00 1.320107599e+00 1.514729031e+00 
1.204868549e+00 1.270342972e+00 1.464357994e+00 
1.030963973e+00 1.411566913e+00 1.631886665e+00 
1.260370010e+00 1.242770679e+00 1.505959074e+00 
1.141772152e+00 1.221250841e+00 1.414886440e+00 
1.428237585e+00 1.266308003e+00 1.507758039e+00 
1.492112950e+00 1.338264963e+00 1.679559253e+00 
1.260370010e+00 1.211163416e+00 1.381830447e+00 
1.055501461e+00 1.197713517e+00 1.341128851e+00 
1.051606621e+00 1.213853396e+00 1.342927817e+00 
1.105939630e+00 1.155346335e+00 1.250056218e+00 
1.376046738e+00 1.232683255e+00 1.462559029e+00 
1.017721519e+00 1.241425689e+00 1.217000225e+00 
1.035832522e+00 1.147276395e+00 1.164830223e+00 
1.017721519e+00 1.287155346e+00 1.467056443e+00 
1.087439143e+00 1.279757902e+00 1.507758039e+00 
1.257643622e+00 1.069266980e+00 1.173600180e+00 
1.294255112e+00 1.169468729e+00 1.381830447e+00 
1.257643622e+00 1.100874243e+00 1.297728806e+00 
1.035832522e+00 1.161398790e+00 1.290757814e+00 
1.255306719e+00 1.150638870e+00 1.288958849e+00 
1.081596884e+00 1.000000000e+00 1.000000000e+00 
1.000000000e+00 1.095494284e+00 1.125927592e+00 
1.081596884e+00 1.031607263e+00 1.124128626e+00 
1.206231743e+00 1.061869536e+00 1.164830223e+00 
1.000000000e+00 1.081371890e+00 1.000000000e+00 
1.151703992e+00 1.075319435e+00 1.173600180e+00 
1.089386563e+00 1.124411567e+00 1.217000225e+00 

1.371762415e+00 1.687962340e+00 1.908477625e+00 
1.123661149e+00 1.475453934e+00 1.681358219e+00 
1.476338851e+00 1.825151311e+00 2.000000000e+00 
1.570983447e+00 1.640215198e+00 1.908477625e+00 
1.514313535e+00 1.661062542e+00 1.908477625e+00 
1.992989289e+00 1.731674512e+00 2.000000000e+00 
1.349172347e+00 1.720914593e+00 1.897009220e+00 
1.262706913e+00 1.507061197e+00 1.805486845e+00 
1.251022395e+00 1.320107599e+00 1.514729031e+00 
1.703213242e+00 1.369199731e+00 1.681358219e+00 
1.784225901e+00 1.613315400e+00 1.908477625e+00 
1.655306719e+00 1.771351715e+00 2.000000000e+00 
1.887828627e+00 1.531943510e+00 1.897009220e+00 
1.808373905e+00 1.600537996e+00 1.908477625e+00 
1.498539435e+00 1.620040350e+00 1.897009220e+00 
1.356183057e+00 1.399462004e+00 1.679559253e+00 
1.110418695e+00 1.351042367e+00 1.516527996e+00 
1.535929893e+00 1.811701412e+00 2.000000000e+00 
1.304186952e+00 1.716207128e+00 1.826399820e+00 
1.429600779e+00 1.686617350e+00 1.897009220e+00 
1.146251217e+00 1.416946873e+00 1.681358219e+00 
1.472638754e+00 1.673167451e+00 1.897009220e+00 
1.287244401e+00 1.293207801e+00 1.514729031e+00 
1.488802337e+00 1.646267653e+00 1.897009220e+00 
1.465628043e+00 1.925353060e+00 2.000000000e+00 
1.122297955e+00 1.449226631e+00 1.640656622e+00 
1.285296981e+00 1.448554136e+00 1.805486845e+00 
1.017721519e+00 1.241425689e+00 1.217000225e+00 
1.085102240e+00 1.501008742e+00 1.679559253e+00 
1.703213242e+00 1.400806994e+00 1.805486845e+00 
1.461538462e+00 1.680564896e+00 1.908477625e+00 
1.561830574e+00 1.571620713e+00 1.897009220e+00 
1.030963973e+00 1.411566913e+00 1.631886665e+00 
1.492112950e+00 1.338264963e+00 1.679559253e+00 
1.260370010e+00 1.211163416e+00 1.381830447e+00 
1.053554041e+00 1.321452589e+00 1.507758039e+00 
1.030963973e+00 1.379959650e+00 1.507758039e+00 
1.310808179e+00 1.295897781e+00 1.588486620e+00 
1.121713729e+00 1.583725622e+00 1.681358219e+00 
1.158130477e+00 1.515131137e+00 1.805486845e+00 
1.534177215e+00 1.326160054e+00 1.631886665e+00 
1.376046738e+00 1.232683255e+00 1.462559029e+00 
1.051606621e+00 1.213853396e+00 1.342927817e+00 
1.141772152e+00 1.221250841e+00 1.414886440e+00 
1.053554041e+00 1.353059852e+00 1.631886665e+00 
1.260370010e+00 1.242770679e+00 1.505959074e+00 
1.274975657e+00 1.229993275e+00 1.423656398e+00 
1.055501461e+00 1.197713517e+00 1.341128851e+00 
1.597273612e+00 1.375252186e+00 1.681358219e+00 
1.035832522e+00 1.161398790e+00 1.290757814e+00 
1.294255112e+00 1.169468729e+00 1.381830447e+00 
1.105939630e+00 1.155346335e+00 1.250056218e+00 
1.087439143e+00 1.265635508e+00 1.381830447e+00 
1.087439143e+00 1.279757902e+00 1.507758039e+00 
1.017721519e+00 1.287155346e+00 1.467056443e+00 
1.257643622e+00 1.100874243e+00 1.297728806e+00 
1.035832522e+00 1.147276395e+00 1.164830223e+00 
1.204868549e+00 1.270342972e+00 1.464357994e+00 
1.428237585e+00 1.266308003e+00 1.507758039e+00 
1.017721519e+00 1.255548083e+00 1.342927817e+00 
1.257643622e+00 1.069266980e+00 1.173600180e+00 
1.206231743e+00 1.061869536e+00 1.164830223e+00 
1.089386563e+00 1.124411567e+00 1.217000225e+00 
1.255306719e+00 1.150638870e+00 1.288958849e+00 
1.081596884e+00 1.000000000e+00 1.000000000e+00 
1.151703992e+00 1.075319435e+00 1.173600180e+00 
1.000000000e+00 1.095494284e+00 1.125927592e+00 
1.000000000e+00 1.081371890e+00 1.000000000e+00 
1.081596884e+00 1.031607263e+00 1.124128626e+00 

1.429600779e+00 1.686617350e+00 1.897009220e+00 
1.373320351e+00 1.917955615e+00 2.000000000e+00 
1.655306719e+00 1.771351715e+00 2.000000000e+00 
1.887828627e+00 1.531943510e+00 1.897009220e+00 
1.472638754e+00 1.673167451e+00 1.897009220e+00 
1.395910419e+00 1.859448554e+00 2.000000000e+00 
1.597273612e+00 1.375252186e+00 1.681358219e+00 
1.461538462e+00 1.680564896e+00 1.908477625e+00 
1.784225901e+00 1.613315400e+00 1.908477625e+00 
1.435248296e+00 1.680564896e+00 1.897009220e+00 
1.158130477e+00 1.515131137e+00 1.805486845e+00 
1.535929893e+00 1.811701412e+00 2.000000000e+00 
1.428237585e+00 1.266308003e+00 1.507758039e+00 
1.085102240e+00 1.501008742e+00 1.679559253e+00 
1.703213242e+00 1.369199731e+00 1.681358219e+00 
1.251022395e+00 1.320107599e+00 1.514729031e+00 
1.274975657e+00 1.229993275e+00 1.423656398e+00 
1.087439143e+00 1.265635508e+00 1.381830447e+00 
1.122297955e+00 1.449226631e+00 1.640656622e+00 
1.349172347e+00 1.720914593e+00 1.897009220e+00 
1.121713729e+00 1.583725622e+00 1.681358219e+00 
1.371762415e+00 1.687962340e+00 1.908477625e+00 
1.498539435e+00 1.620040350e+00 1.897009220e+00 
1.561830574e+00 1.571620713e+00 1.897009220e+00 
1.310808179e+00 1.295897781e+00 1.588486620e+00 
1.349172347e+00 1.746469401e+00 1.908477625e+00 
1.146251217e+00 1.416946873e+00 1.681358219e+00 
1.204868549e+00 1.270342972e+00 1.464357994e+00 
1.534177215e+00 1.326160054e+00 1.631886665e+00 
1.326582278e+00 1.779421654e+00 1.897009220e+00 
1.141772152e+00 1.221250841e+00 1.414886440e+00 
1.602921130e+00 1.803631473e+00 2.000000000e+00 
1.356183057e+00 1.399462004e+00 1.679559253e+00 
1.053554041e+00 1.321452589e+00 1.507758039e+00 
1.808373905e+00 1.600537996e+00 1.908477625e+00 
1.030963973e+00 1.379959650e+00 1.507758039e+00 
1.285296981e+00 1.448554136e+00 1.805486845e+00 
1.087439143e+00 1.279757902e+00 1.507758039e+00 
1.123661149e+00 1.475453934e+00 1.681358219e+00 
1.030963973e+00 1.411566913e+00 1.631886665e+00 
1.053554041e+00 1.353059852e+00 1.631886665e+00 
1.703213242e+00 1.400806994e+00 1.805486845e+00 
1.262706913e+00 1.507061197e+00 1.805486845e+00 
1.757156767e+00 1.755211836e+00 2.000000000e+00 
1.017721519e+00 1.241425689e+00 1.217000225e+00 
1.260370010e+00 1.211163416e+00 1.381830447e+00 
1.492112950e+00 1.338264963e+00 1.679559253e+00 
1.110418695e+00 1.351042367e+00 1.516527996e+00 
1.260370010e+00 1.242770679e+00 1.505959074e+00 
1.105939630e+00 1.155346335e+00 1.250056218e+00 
1.287244401e+00 1.293207801e+00 1.514729031e+00 
1.249464460e+00 1.382649630e+00 1.640656622e+00 
1.017721519e+00 1.255548083e+00 1.342927817e+00 
1.035832522e+00 1.147276395e+00 1.164830223e+00 
1.376046738e+00 1.232683255e+00 1.462559029e+00 
1.051606621e+00 1.213853396e+00 1.342927817e+00 
1.294255112e+00 1.169468729e+00 1.381830447e+00 
1.255306719e+00 1.150638870e+00 1.288958849e+00 
1.017721519e+00 1.287155346e+00 1.467056443e+00 
1.035832522e+00 1.161398790e+00 1.290757814e+00 
1.257643622e+00 1.100874243e+00 1.297728806e+00 
1.480623174e+00 1.632145259e+00 1.908477625e+00 
1.000000000e+00 1.081371890e+00 1.000000000e+00 
1.000000000e+00 1.095494284e+00 1.125927592e+00 
1.206231743e+00 1.061869536e+00 1.164830223e+00 
1.055501461e+00 1.197713517e+00 1.341128851e+00 
1.081596884e+00 1.031607263e+00 1.124128626e+00 
1.089386563e+00 1.124411567e+00 1.217000225e+00 
1.151703992e+00 1.075319435e+00 1.173600180e+00 
1.081596884e+00 1.000000000e+00 1.000000000e+00 
1.257643622e+00 1.069266980e+00 1.173600180e+00 

1.570983447e+00 1.640215198e+00 1.908477625e+00 
1.648296008e+00 1.811028917e+00 2.000000000e+00 
1.877312561e+00 1.798251513e+00 2.000000000e+00 
1.646153846e+00 1.811701412e+00 2.000000000e+00 
1.703213242e+00 1.369199731e+00 1.681358219e+00 
1.561830574e+00 1.571620713e+00 1.897009220e+00 
1.784225901e+00 1.613315400e+00 1.908477625e+00 
1.887828627e+00 1.531943510e+00 1.897009220e+00 
1.521129503e+00 1.667114997e+00 1.908477625e+00 
1.385199611e+00 1.727639543e+00 1.908477625e+00 
1.262706913e+00 1.507061197e+00 1.805486845e+00 
1.373904576e+00 1.720914593e+00 1.897009220e+00 
1.085102240e+00 1.501008742e+00 1.679559253e+00 
1.429600779e+00 1.686617350e+00 1.897009220e+00 
1.146251217e+00 1.416946873e+00 1.681358219e+00 
1.461538462e+00 1.680564896e+00 1.908477625e+00 
1.285296981e+00 1.448554136e+00 1.805486845e+00 
1.382862707e+00 1.712844654e+00 1.897009220e+00 
1.488802337e+00 1.646267653e+00 1.897009220e+00 
1.121713729e+00 1.583725622e+00 1.681358219e+00 
1.030963973e+00 1.379959650e+00 1.507758039e+00 
1.030963973e+00 1.411566913e+00 1.631886665e+00 
1.274975657e+00 1.229993275e+00 1.423656398e+00 
1.158130477e+00 1.515131137e+00 1.805486845e+00 
1.597273612e+00 1.375252186e+00 1.681358219e+00 
1.123661149e+00 1.475453934e+00 1.681358219e+00 
1.703213242e+00 1.400806994e+00 1.805486845e+00 
1.435053554e+00 1.701412239e+00 1.908477625e+00 
1.428237585e+00 1.266308003e+00 1.507758039e+00 
1.534177215e+00 1.326160054e+00 1.631886665e+00 
1.310808179e+00 1.295897781e+00 1.588486620e+00 
1.463875365e+00 1.667787492e+00 1.897009220e+00 
1.110418695e+00 1.351042367e+00 1.516527996e+00 
1.532424537e+00 1.833221251e+00 2.000000000e+00 
1.087439143e+00 1.279757902e+00 1.507758039e+00 
1.053554041e+00 1.321452589e+00 1.507758039e+00 
1.141772152e+00 1.221250841e+00 1.414886440e+00 
1.260370010e+00 1.242770679e+00 1.505959074e+00 
1.249464460e+00 1.382649630e+00 1.640656622e+00 
1.287244401e+00 1.293207801e+00 1.514729031e+00 
1.260370010e+00 1.211163416e+00 1.381830447e+00 
1.294255112e+00 1.169468729e+00 1.381830447e+00 
1.035832522e+00 1.161398790e+00 1.290757814e+00 
1.087439143e+00 1.265635508e+00 1.381830447e+00 
1.122297955e+00 1.449226631e+00 1.640656622e+00 
1.053554041e+00 1.353059852e+00 1.631886665e+00 
1.376046738e+00 1.232683255e+00 1.462559029e+00 
1.492112950e+00 1.338264963e+00 1.679559253e+00 
1.017721519e+00 1.255548083e+00 1.342927817e+00 
1.017721519e+00 1.287155346e+00 1.467056443e+00 
1.055501461e+00 1.197713517e+00 1.341128851e+00 
1.105939630e+00 1.155346335e+00 1.250056218e+00 
1.017721519e+00 1.241425689e+00 1.217000225e+00 
1.204868549e+00 1.270342972e+00 1.464357994e+00 
1.035832522e+00 1.147276395e+00 1.164830223e+00 
1.356183057e+00 1.399462004e+00 1.679559253e+00 
1.251022395e+00 1.320107599e+00 1.514729031e+00 
1.257643622e+00 1.100874243e+00 1.297728806e+00 
1.051606621e+00 1.213853396e+00 1.342927817e+00 
1.000000000e+00 1.095494284e+00 1.125927592e+00 
1.255306719e+00 1.150638870e+00 1.288958849e+00 
1.081596884e+00 1.000000000e+00 1.000000000e+00 
1.151703992e+00 1.075319435e+00 1.173600180e+00 
1.089386563e+00 1.124411567e+00 1.217000225e+00 
1.000000000e+00 1.081371890e+00 1.000000000e+00 
1.081596884e+00 1.031607263e+00 1.124128626e+00 
1.257643622e+00 1.069266980e+00 1.173600180e+00 
1.206231743e+00 1.061869536e+00 1.164830223e+00 
