2.000000000e+00 1.723604573e+00 2.000000000e+00 
1.996105161e+00 1.710154674e+00 1.709242186e+00 
1.950146056e+00 1.763954270e+00 2.000000000e+00 
1.869912366e+00 1.613315400e+00 1.102990780e+00 
1.841869523e+00 1.675857431e+00 1.194513155e+00 
1.812268744e+00 1.728984533e+00 1.485270969e+00 
1.808373905e+00 1.819771352e+00 2.000000000e+00 
1.787341772e+00 1.747141896e+00 1.485270969e+00 
1.783446933e+00 1.755884331e+00 1.485270969e+00 
1.777994158e+00 1.885675857e+00 2.000000000e+00 
1.725024343e+00 1.893745797e+00 2.000000000e+00 
1.706329114e+00 1.872898453e+00 1.709242186e+00 
1.635443038e+00 1.925353060e+00 2.000000000e+00 
