1.332327586e+00 1.355191257e+00 1.613837490e+00 
1.180172414e+00 1.438524590e+00 1.623692679e+00 
1.468534483e+00 1.857923497e+00 1.862429606e+00 
1.407327586e+00 1.806693989e+00 1.846339501e+00 
1.389655172e+00 1.535519126e+00 1.792437651e+00 
1.834482759e+00 1.613387978e+00 1.847345133e+00 
1.816379310e+00 1.676912568e+00 1.930008045e+00 
1.593965517e+00 1.784836066e+00 1.930008045e+00 
1.348275862e+00 1.558743169e+00 1.776347546e+00 
1.643534483e+00 1.717213115e+00 1.930008045e+00 
1.265517241e+00 1.417349727e+00 1.628921963e+00 
1.381034483e+00 1.457650273e+00 1.638777152e+00 
1.311422414e+00 1.724043716e+00 1.709774739e+00 
1.410344828e+00 1.415300546e+00 1.639782784e+00 
1.275000000e+00 1.277322404e+00 1.468825422e+00 
1.798275862e+00 1.703551913e+00 1.930008045e+00 
1.562068966e+00 1.534836066e+00 1.792437651e+00 
1.574137931e+00 1.513661202e+00 1.692477876e+00 
1.396336207e+00 1.697404372e+00 1.832260660e+00 
1.731034483e+00 1.625683060e+00 1.845132743e+00 
1.587500000e+00 1.484972678e+00 1.775140788e+00 
1.232974138e+00 1.610655738e+00 1.698913918e+00 
1.556034483e+00 1.527322404e+00 1.692477876e+00 
1.136637931e+00 1.258196721e+00 1.460176991e+00 
1.277155172e+00 1.377049180e+00 1.623692679e+00 
1.140948276e+00 1.477459016e+00 1.639782784e+00 
1.397198276e+00 1.832650273e+00 1.846339501e+00 
1.406896552e+00 1.250000000e+00 1.361222848e+00 
1.231034483e+00 1.411885246e+00 1.613837490e+00 
1.260344828e+00 1.255464481e+00 1.458970233e+00 
1.378879310e+00 1.588114754e+00 1.792437651e+00 
1.328017241e+00 1.362704918e+00 1.613837490e+00 
1.300215517e+00 1.897540984e+00 1.708769107e+00 
1.337068966e+00 1.259562842e+00 1.484915527e+00 
1.097413793e+00 1.297131148e+00 1.476267096e+00 
1.409482759e+00 1.253415301e+00 1.455953339e+00 
1.590517241e+00 1.330601093e+00 1.609613837e+00 
1.416379310e+00 1.648224044e+00 1.847345133e+00 
1.409482759e+00 1.244535519e+00 1.446098150e+00 
1.287931034e+00 1.280737705e+00 1.484915527e+00 
1.201293103e+00 1.369535519e+00 1.484915527e+00 
1.229310345e+00 1.338114754e+00 1.486122285e+00 
1.438793103e+00 1.234289617e+00 1.458970233e+00 
1.477586207e+00 1.231557377e+00 1.446098150e+00 
1.099568966e+00 1.375683060e+00 1.483909895e+00 
1.243103448e+00 1.137295082e+00 1.305309735e+00 
1.268965517e+00 1.134562842e+00 1.292437651e+00 
1.132327586e+00 1.399590164e+00 1.486122285e+00 
1.141379310e+00 1.162568306e+00 1.331255028e+00 
1.242241379e+00 1.145491803e+00 1.207562349e+00 
1.044396552e+00 1.291666667e+00 1.331255028e+00 
1.130172414e+00 1.160519126e+00 1.290225261e+00 
1.000000000e+00 1.107240437e+00 1.152654867e+00 
1.107758621e+00 1.000000000e+00 1.000000000e+00 
1.248275862e+00 1.123633880e+00 1.291230893e+00 
1.107758621e+00 1.013661202e+00 1.137570394e+00 
1.145689655e+00 1.057377049e+00 1.153660499e+00 
1.088793103e+00 1.219262295e+00 1.322606597e+00 
1.275862069e+00 1.148907104e+00 1.317176187e+00 
1.000862069e+00 1.111338798e+00 1.167739340e+00 
1.030172414e+00 1.065573770e+00 1.163515688e+00 
1.000000000e+00 1.083333333e+00 1.000000000e+00 
1.030172414e+00 1.051229508e+00 1.000000000e+00 

1.371551724e+00 1.530737705e+00 1.777353178e+00 
1.378879310e+00 1.588114754e+00 1.792437651e+00 
1.233405172e+00 1.780054645e+00 1.708769107e+00 
1.533620690e+00 1.663934426e+00 1.836484312e+00 
1.235344828e+00 1.522540984e+00 1.776347546e+00 
1.407327586e+00 1.806693989e+00 1.846339501e+00 
1.553017241e+00 1.756830601e+00 1.930008045e+00 
1.453017241e+00 1.520491803e+00 1.691472245e+00 
1.722413793e+00 1.688524590e+00 1.847345133e+00 
1.523275862e+00 1.357240437e+00 1.516090105e+00 
1.834482759e+00 1.613387978e+00 1.847345133e+00 
1.237931034e+00 1.415983607e+00 1.639782784e+00 
1.644827586e+00 1.495218579e+00 1.777353178e+00 
1.415517241e+00 1.387295082e+00 1.622485921e+00 
1.341810345e+00 1.401639344e+00 1.621480290e+00 
1.283405172e+00 1.696038251e+00 1.792437651e+00 
1.597413793e+00 1.360655738e+00 1.528962188e+00 
1.333620690e+00 1.409153005e+00 1.622485921e+00 
1.831896552e+00 1.686475410e+00 1.845132743e+00 
1.527586207e+00 1.403688525e+00 1.624698311e+00 
1.337068966e+00 1.259562842e+00 1.484915527e+00 
1.484482759e+00 1.375000000e+00 1.621480290e+00 
1.397198276e+00 1.832650273e+00 1.846339501e+00 
1.673275862e+00 1.492486339e+00 1.692477876e+00 
1.715517241e+00 1.717213115e+00 1.930008045e+00 
1.780172414e+00 1.695355191e+00 1.930008045e+00 
1.562068966e+00 1.534836066e+00 1.792437651e+00 
1.339655172e+00 1.363387978e+00 1.613837490e+00 
1.201293103e+00 1.369535519e+00 1.484915527e+00 
1.140948276e+00 1.477459016e+00 1.639782784e+00 
1.136637931e+00 1.258196721e+00 1.460176991e+00 
1.609482759e+00 1.487704918e+00 1.677393403e+00 
1.097413793e+00 1.297131148e+00 1.476267096e+00 
1.406896552e+00 1.250000000e+00 1.361222848e+00 
1.234267241e+00 1.446721311e+00 1.525945294e+00 
1.287931034e+00 1.280737705e+00 1.484915527e+00 
1.132327586e+00 1.399590164e+00 1.486122285e+00 
1.229310345e+00 1.338114754e+00 1.486122285e+00 
1.409482759e+00 1.253415301e+00 1.455953339e+00 
1.618103448e+00 1.737704918e+00 1.847345133e+00 
1.477586207e+00 1.231557377e+00 1.446098150e+00 
1.641379310e+00 1.511612022e+00 1.679605792e+00 
1.438793103e+00 1.234289617e+00 1.458970233e+00 
1.275000000e+00 1.277322404e+00 1.468825422e+00 
1.409482759e+00 1.244535519e+00 1.446098150e+00 
1.260344828e+00 1.255464481e+00 1.458970233e+00 
1.248275862e+00 1.123633880e+00 1.291230893e+00 
1.130172414e+00 1.160519126e+00 1.290225261e+00 
1.044396552e+00 1.291666667e+00 1.331255028e+00 
1.099568966e+00 1.375683060e+00 1.483909895e+00 
1.141379310e+00 1.162568306e+00 1.331255028e+00 
1.088793103e+00 1.219262295e+00 1.322606597e+00 
1.000000000e+00 1.083333333e+00 1.000000000e+00 
1.243103448e+00 1.137295082e+00 1.305309735e+00 
1.000862069e+00 1.111338798e+00 1.167739340e+00 
1.242241379e+00 1.145491803e+00 1.207562349e+00 
1.268965517e+00 1.134562842e+00 1.292437651e+00 
1.275862069e+00 1.148907104e+00 1.317176187e+00 
1.030172414e+00 1.065573770e+00 1.163515688e+00 
1.107758621e+00 1.000000000e+00 1.000000000e+00 
1.030172414e+00 1.051229508e+00 1.000000000e+00 
1.000000000e+00 1.107240437e+00 1.152654867e+00 
1.145689655e+00 1.057377049e+00 1.153660499e+00 
1.107758621e+00 1.013661202e+00 1.137570394e+00 

1.231034483e+00 1.411885246e+00 1.613837490e+00 
1.731034483e+00 1.625683060e+00 1.845132743e+00 
1.609482759e+00 1.487704918e+00 1.677393403e+00 
1.277155172e+00 1.377049180e+00 1.623692679e+00 
1.496551724e+00 1.676229508e+00 1.930008045e+00 
1.180172414e+00 1.438524590e+00 1.623692679e+00 
1.345258621e+00 1.459016393e+00 1.637570394e+00 
1.235344828e+00 1.522540984e+00 1.776347546e+00 
1.332327586e+00 1.355191257e+00 1.613837490e+00 
1.439655172e+00 1.400273224e+00 1.637570394e+00 
1.328017241e+00 1.362704918e+00 1.613837490e+00 
1.433836207e+00 1.717213115e+00 1.836484312e+00 
1.834482759e+00 1.613387978e+00 1.847345133e+00 
1.389655172e+00 1.535519126e+00 1.792437651e+00 
1.381034483e+00 1.457650273e+00 1.638777152e+00 
1.789655172e+00 1.517076503e+00 1.762268705e+00 
1.590517241e+00 1.330601093e+00 1.609613837e+00 
1.136637931e+00 1.258196721e+00 1.460176991e+00 
1.140948276e+00 1.477459016e+00 1.639782784e+00 
1.484482759e+00 1.375000000e+00 1.621480290e+00 
1.343103448e+00 1.470628415e+00 1.628921963e+00 
1.366594828e+00 1.725409836e+00 1.836484312e+00 
1.397198276e+00 1.832650273e+00 1.846339501e+00 
1.477586207e+00 1.231557377e+00 1.446098150e+00 
1.229310345e+00 1.338114754e+00 1.486122285e+00 
1.488793103e+00 1.379098361e+00 1.637570394e+00 
1.409482759e+00 1.253415301e+00 1.455953339e+00 
1.337068966e+00 1.259562842e+00 1.484915527e+00 
1.675000000e+00 1.628415301e+00 1.930008045e+00 
1.275000000e+00 1.277322404e+00 1.468825422e+00 
1.132327586e+00 1.399590164e+00 1.486122285e+00 
1.510991379e+00 1.657103825e+00 1.832260660e+00 
1.706896552e+00 1.502732240e+00 1.693684634e+00 
1.438793103e+00 1.234289617e+00 1.458970233e+00 
1.287931034e+00 1.280737705e+00 1.484915527e+00 
1.201293103e+00 1.369535519e+00 1.484915527e+00 
1.088793103e+00 1.219262295e+00 1.322606597e+00 
1.409482759e+00 1.244535519e+00 1.446098150e+00 
1.232974138e+00 1.610655738e+00 1.698913918e+00 
1.248275862e+00 1.123633880e+00 1.291230893e+00 
1.099568966e+00 1.375683060e+00 1.483909895e+00 
1.275862069e+00 1.148907104e+00 1.317176187e+00 
1.268965517e+00 1.134562842e+00 1.292437651e+00 
1.260344828e+00 1.255464481e+00 1.458970233e+00 
1.425000000e+00 1.435109290e+00 1.639782784e+00 
1.243103448e+00 1.137295082e+00 1.305309735e+00 
1.044396552e+00 1.291666667e+00 1.331255028e+00 
1.130172414e+00 1.160519126e+00 1.290225261e+00 
1.141379310e+00 1.162568306e+00 1.331255028e+00 
1.406896552e+00 1.250000000e+00 1.361222848e+00 
1.097413793e+00 1.297131148e+00 1.476267096e+00 
1.242241379e+00 1.145491803e+00 1.207562349e+00 
1.030172414e+00 1.051229508e+00 1.000000000e+00 
1.107758621e+00 1.013661202e+00 1.137570394e+00 
1.107758621e+00 1.000000000e+00 1.000000000e+00 
1.000000000e+00 1.107240437e+00 1.152654867e+00 
1.030172414e+00 1.065573770e+00 1.163515688e+00 
1.145689655e+00 1.057377049e+00 1.153660499e+00 
1.000862069e+00 1.111338798e+00 1.167739340e+00 
1.000000000e+00 1.083333333e+00 1.000000000e+00 

1.154525862e+00 1.562841530e+00 1.554907482e+00 
1.277801724e+00 1.690573770e+00 1.836484312e+00 
1.562068966e+00 1.534836066e+00 1.792437651e+00 
1.389655172e+00 1.535519126e+00 1.792437651e+00 
1.410344828e+00 1.415300546e+00 1.639782784e+00 
1.644827586e+00 1.495218579e+00 1.777353178e+00 
1.344612069e+00 1.503415301e+00 1.679605792e+00 
1.537500000e+00 1.752732240e+00 1.930008045e+00 
1.421551724e+00 1.395491803e+00 1.622485921e+00 
1.623275862e+00 1.403688525e+00 1.624698311e+00 
1.500431034e+00 1.475409836e+00 1.766492357e+00 
1.297198276e+00 1.571038251e+00 1.693684634e+00 
1.252155172e+00 1.596311475e+00 1.709774739e+00 
1.338362069e+00 1.585382514e+00 1.776347546e+00 
1.484482759e+00 1.375000000e+00 1.621480290e+00 
1.407327586e+00 1.806693989e+00 1.846339501e+00 
1.341810345e+00 1.401639344e+00 1.621480290e+00 
1.785344828e+00 1.634562842e+00 1.847345133e+00 
1.731034483e+00 1.625683060e+00 1.845132743e+00 
1.523706897e+00 1.762978142e+00 1.845132743e+00 
1.400862069e+00 1.527322404e+00 1.692477876e+00 
1.742241379e+00 1.450136612e+00 1.762268705e+00 
1.304741379e+00 1.378415301e+00 1.612831858e+00 
1.099568966e+00 1.375683060e+00 1.483909895e+00 
1.231034483e+00 1.411885246e+00 1.613837490e+00 
1.330603448e+00 1.637295082e+00 1.792437651e+00 
1.471120690e+00 1.788934426e+00 1.845132743e+00 
1.332327586e+00 1.355191257e+00 1.613837490e+00 
1.512068966e+00 1.387978142e+00 1.622485921e+00 
1.371551724e+00 1.530737705e+00 1.777353178e+00 
1.173562931e+00 1.604508197e+00 1.613837490e+00 
1.187500000e+00 1.483606557e+00 1.638777152e+00 
1.680172414e+00 1.471994536e+00 1.775140788e+00 
1.506896552e+00 1.771857923e+00 1.847345133e+00 
1.237931034e+00 1.415983607e+00 1.639782784e+00 
1.097413793e+00 1.297131148e+00 1.476267096e+00 
1.275000000e+00 1.277322404e+00 1.468825422e+00 
1.564655172e+00 1.636612022e+00 1.930008045e+00 
1.428879310e+00 1.496584699e+00 1.776347546e+00 
1.287931034e+00 1.280737705e+00 1.484915527e+00 
1.438793103e+00 1.234289617e+00 1.458970233e+00 
1.406896552e+00 1.250000000e+00 1.361222848e+00 
1.136637931e+00 1.258196721e+00 1.460176991e+00 
1.477586207e+00 1.231557377e+00 1.446098150e+00 
1.242241379e+00 1.145491803e+00 1.207562349e+00 
1.409482759e+00 1.253415301e+00 1.455953339e+00 
1.201293103e+00 1.369535519e+00 1.484915527e+00 
1.229310345e+00 1.338114754e+00 1.486122285e+00 
1.590517241e+00 1.330601093e+00 1.609613837e+00 
1.337068966e+00 1.259562842e+00 1.484915527e+00 
1.268965517e+00 1.134562842e+00 1.292437651e+00 
1.180172414e+00 1.438524590e+00 1.623692679e+00 
1.044396552e+00 1.291666667e+00 1.331255028e+00 
1.243103448e+00 1.137295082e+00 1.305309735e+00 
1.282758621e+00 1.402322404e+00 1.611625101e+00 
1.260344828e+00 1.255464481e+00 1.458970233e+00 
1.141379310e+00 1.162568306e+00 1.331255028e+00 
1.275862069e+00 1.148907104e+00 1.317176187e+00 
1.132327586e+00 1.399590164e+00 1.486122285e+00 
1.409482759e+00 1.244535519e+00 1.446098150e+00 
1.088793103e+00 1.219262295e+00 1.322606597e+00 
1.130172414e+00 1.160519126e+00 1.290225261e+00 
1.535991379e+00 1.729508197e+00 1.847345133e+00 
1.248275862e+00 1.123633880e+00 1.291230893e+00 
1.107758621e+00 1.000000000e+00 1.000000000e+00 
1.030172414e+00 1.065573770e+00 1.163515688e+00 
1.000000000e+00 1.083333333e+00 1.000000000e+00 
1.000000000e+00 1.107240437e+00 1.152654867e+00 
1.030172414e+00 1.051229508e+00 1.000000000e+00 
1.107758621e+00 1.013661202e+00 1.137570394e+00 
1.000862069e+00 1.111338798e+00 1.167739340e+00 
1.145689655e+00 1.057377049e+00 1.153660499e+00 

1.265517241e+00 1.417349727e+00 1.628921963e+00 
1.590517241e+00 1.330601093e+00 1.609613837e+00 
1.363577586e+00 1.833333333e+00 1.846339501e+00 
1.484482759e+00 1.375000000e+00 1.621480290e+00 
1.297198276e+00 1.571038251e+00 1.693684634e+00 
1.180172414e+00 1.438524590e+00 1.623692679e+00 
1.338362069e+00 1.585382514e+00 1.776347546e+00 
1.366594828e+00 1.725409836e+00 1.836484312e+00 
1.371551724e+00 1.530737705e+00 1.777353178e+00 
1.337068966e+00 1.259562842e+00 1.484915527e+00 
1.459913793e+00 1.699453552e+00 1.930008045e+00 
1.510991379e+00 1.657103825e+00 1.832260660e+00 
1.574137931e+00 1.513661202e+00 1.692477876e+00 
1.252155172e+00 1.596311475e+00 1.709774739e+00 
1.551724138e+00 1.668715847e+00 1.836484312e+00 
1.609482759e+00 1.487704918e+00 1.677393403e+00 
1.277155172e+00 1.377049180e+00 1.623692679e+00 
1.596551724e+00 1.510928962e+00 1.679605792e+00 
1.140948276e+00 1.477459016e+00 1.639782784e+00 
1.256465517e+00 1.453551913e+00 1.637570394e+00 
1.551293103e+00 1.529371585e+00 1.683829445e+00 
1.436206897e+00 1.442622951e+00 1.639782784e+00 
1.507758621e+00 1.415300546e+00 1.639782784e+00 
1.275000000e+00 1.277322404e+00 1.468825422e+00 
1.359267241e+00 1.537568306e+00 1.679605792e+00 
1.623275862e+00 1.403688525e+00 1.624698311e+00 
1.564655172e+00 1.636612022e+00 1.930008045e+00 
1.742241379e+00 1.450136612e+00 1.762268705e+00 
1.613793103e+00 1.517759563e+00 1.762268705e+00 
1.477586207e+00 1.231557377e+00 1.446098150e+00 
1.328017241e+00 1.362704918e+00 1.613837490e+00 
1.612068966e+00 1.493169399e+00 1.709774739e+00 
1.229310345e+00 1.338114754e+00 1.486122285e+00 
1.523275862e+00 1.357240437e+00 1.516090105e+00 
1.287931034e+00 1.280737705e+00 1.484915527e+00 
1.433836207e+00 1.717213115e+00 1.836484312e+00 
1.201293103e+00 1.369535519e+00 1.484915527e+00 
1.389655172e+00 1.535519126e+00 1.792437651e+00 
1.044396552e+00 1.291666667e+00 1.331255028e+00 
1.141379310e+00 1.162568306e+00 1.331255028e+00 
1.132327586e+00 1.399590164e+00 1.486122285e+00 
1.099568966e+00 1.375683060e+00 1.483909895e+00 
1.097413793e+00 1.297131148e+00 1.476267096e+00 
1.232974138e+00 1.610655738e+00 1.698913918e+00 
1.260344828e+00 1.255464481e+00 1.458970233e+00 
1.644827586e+00 1.495218579e+00 1.777353178e+00 
1.130172414e+00 1.160519126e+00 1.290225261e+00 
1.136637931e+00 1.258196721e+00 1.460176991e+00 
1.268965517e+00 1.134562842e+00 1.292437651e+00 
1.406896552e+00 1.250000000e+00 1.361222848e+00 
1.243103448e+00 1.137295082e+00 1.305309735e+00 
1.275862069e+00 1.148907104e+00 1.317176187e+00 
1.030172414e+00 1.065573770e+00 1.163515688e+00 
1.248275862e+00 1.123633880e+00 1.291230893e+00 
1.030172414e+00 1.051229508e+00 1.000000000e+00 
1.088793103e+00 1.219262295e+00 1.322606597e+00 
1.438793103e+00 1.234289617e+00 1.458970233e+00 
1.409482759e+00 1.244535519e+00 1.446098150e+00 
1.000000000e+00 1.107240437e+00 1.152654867e+00 
1.145689655e+00 1.057377049e+00 1.153660499e+00 
1.107758621e+00 1.000000000e+00 1.000000000e+00 
1.000862069e+00 1.111338798e+00 1.167739340e+00 
1.242241379e+00 1.145491803e+00 1.207562349e+00 
1.107758621e+00 1.013661202e+00 1.137570394e+00 
1.000000000e+00 1.083333333e+00 1.000000000e+00 
1.409482759e+00 1.253415301e+00 1.455953339e+00 

1.407327586e+00 1.806693989e+00 1.846339501e+00 
1.363146552e+00 1.786202186e+00 1.776347546e+00 
1.381034483e+00 1.457650273e+00 1.638777152e+00 
1.276508621e+00 1.585382514e+00 1.682823813e+00 
1.252155172e+00 1.596311475e+00 1.709774739e+00 
1.562931034e+00 1.588797814e+00 1.792437651e+00 
1.425000000e+00 1.435109290e+00 1.639782784e+00 
1.425862069e+00 1.521857923e+00 1.777353178e+00 
1.277155172e+00 1.377049180e+00 1.623692679e+00 
1.248491379e+00 1.653005464e+00 1.623692679e+00 
1.496551724e+00 1.676229508e+00 1.930008045e+00 
1.706896552e+00 1.502732240e+00 1.693684634e+00 
1.623275862e+00 1.403688525e+00 1.624698311e+00 
1.365517241e+00 1.543715847e+00 1.683829445e+00 
1.323706897e+00 1.504098361e+00 1.639782784e+00 
1.339655172e+00 1.363387978e+00 1.613837490e+00 
1.210775862e+00 1.494535519e+00 1.553901850e+00 
1.433836207e+00 1.717213115e+00 1.836484312e+00 
1.445258621e+00 1.594262295e+00 1.792437651e+00 
1.598275862e+00 1.424180328e+00 1.624698311e+00 
1.490948276e+00 1.729508197e+00 1.847345133e+00 
1.231034483e+00 1.411885246e+00 1.613837490e+00 
1.589655172e+00 1.429644809e+00 1.624698311e+00 
1.321982759e+00 1.559426230e+00 1.638777152e+00 
1.590517241e+00 1.330601093e+00 1.609613837e+00 
1.297198276e+00 1.571038251e+00 1.693684634e+00 
1.667241379e+00 1.508196721e+00 1.683829445e+00 
1.809482759e+00 1.661885246e+00 1.847345133e+00 
1.429094828e+00 1.750683060e+00 1.847345133e+00 
1.132327586e+00 1.399590164e+00 1.486122285e+00 
1.099568966e+00 1.375683060e+00 1.483909895e+00 
1.366594828e+00 1.725409836e+00 1.836484312e+00 
1.406896552e+00 1.250000000e+00 1.361222848e+00 
1.201293103e+00 1.369535519e+00 1.484915527e+00 
1.136637931e+00 1.258196721e+00 1.460176991e+00 
1.275000000e+00 1.277322404e+00 1.468825422e+00 
1.673275862e+00 1.492486339e+00 1.692477876e+00 
1.229310345e+00 1.338114754e+00 1.486122285e+00 
1.337068966e+00 1.259562842e+00 1.484915527e+00 
1.438793103e+00 1.234289617e+00 1.458970233e+00 
1.409482759e+00 1.253415301e+00 1.455953339e+00 
1.145905172e+00 1.504781421e+00 1.556114240e+00 
1.287931034e+00 1.280737705e+00 1.484915527e+00 
1.044396552e+00 1.291666667e+00 1.331255028e+00 
1.242241379e+00 1.145491803e+00 1.207562349e+00 
1.141379310e+00 1.162568306e+00 1.331255028e+00 
1.248275862e+00 1.123633880e+00 1.291230893e+00 
1.477586207e+00 1.231557377e+00 1.446098150e+00 
1.256465517e+00 1.453551913e+00 1.637570394e+00 
1.088793103e+00 1.219262295e+00 1.322606597e+00 
1.097413793e+00 1.297131148e+00 1.476267096e+00 
1.378017241e+00 1.482923497e+00 1.639782784e+00 
1.624568966e+00 1.579918033e+00 1.792437651e+00 
1.130172414e+00 1.160519126e+00 1.290225261e+00 
1.268965517e+00 1.134562842e+00 1.292437651e+00 
1.260344828e+00 1.255464481e+00 1.458970233e+00 
1.409482759e+00 1.244535519e+00 1.446098150e+00 
1.243103448e+00 1.137295082e+00 1.305309735e+00 
1.275862069e+00 1.148907104e+00 1.317176187e+00 
1.030172414e+00 1.065573770e+00 1.163515688e+00 
1.145689655e+00 1.057377049e+00 1.153660499e+00 
1.030172414e+00 1.051229508e+00 1.000000000e+00 
1.107758621e+00 1.013661202e+00 1.137570394e+00 
1.000000000e+00 1.107240437e+00 1.152654867e+00 
1.107758621e+00 1.000000000e+00 1.000000000e+00 
1.000000000e+00 1.083333333e+00 1.000000000e+00 
1.000862069e+00 1.111338798e+00 1.167739340e+00 

1.412931034e+00 1.517076503e+00 1.777353178e+00 
1.590517241e+00 1.330601093e+00 1.609613837e+00 
1.417241379e+00 1.717896175e+00 1.930008045e+00 
1.484482759e+00 1.375000000e+00 1.621480290e+00 
1.407327586e+00 1.806693989e+00 1.846339501e+00 
1.256465517e+00 1.453551913e+00 1.637570394e+00 
1.510991379e+00 1.657103825e+00 1.832260660e+00 
1.390301724e+00 1.773907104e+00 1.832260660e+00 
1.277155172e+00 1.377049180e+00 1.623692679e+00 
1.381034483e+00 1.457650273e+00 1.638777152e+00 
1.914655172e+00 1.614754098e+00 1.930008045e+00 
1.378879310e+00 1.588114754e+00 1.792437651e+00 
1.541379310e+00 1.690573770e+00 1.836484312e+00 
1.237715517e+00 1.671448087e+00 1.709774739e+00 
1.328017241e+00 1.362704918e+00 1.613837490e+00 
1.332327586e+00 1.355191257e+00 1.613837490e+00 
1.275000000e+00 1.277322404e+00 1.468825422e+00 
1.140948276e+00 1.477459016e+00 1.639782784e+00 
1.433836207e+00 1.717213115e+00 1.836484312e+00 
1.389655172e+00 1.535519126e+00 1.792437651e+00 
1.132327586e+00 1.399590164e+00 1.486122285e+00 
1.644827586e+00 1.495218579e+00 1.777353178e+00 
1.527586207e+00 1.403688525e+00 1.624698311e+00 
1.508620690e+00 1.500000000e+00 1.692477876e+00 
1.255387931e+00 1.543715847e+00 1.683829445e+00 
1.410344828e+00 1.415300546e+00 1.639782784e+00 
1.097413793e+00 1.297131148e+00 1.476267096e+00 
1.136637931e+00 1.258196721e+00 1.460176991e+00 
1.438793103e+00 1.234289617e+00 1.458970233e+00 
1.180172414e+00 1.438524590e+00 1.623692679e+00 
1.231034483e+00 1.411885246e+00 1.613837490e+00 
1.099568966e+00 1.375683060e+00 1.483909895e+00 
1.287931034e+00 1.280737705e+00 1.484915527e+00 
1.201293103e+00 1.369535519e+00 1.484915527e+00 
1.260344828e+00 1.255464481e+00 1.458970233e+00 
1.409482759e+00 1.253415301e+00 1.455953339e+00 
1.337068966e+00 1.259562842e+00 1.484915527e+00 
1.675431034e+00 1.633196721e+00 1.930008045e+00 
1.130172414e+00 1.160519126e+00 1.290225261e+00 
1.248275862e+00 1.123633880e+00 1.291230893e+00 
1.477586207e+00 1.231557377e+00 1.446098150e+00 
1.409482759e+00 1.244535519e+00 1.446098150e+00 
1.141379310e+00 1.162568306e+00 1.331255028e+00 
1.275862069e+00 1.148907104e+00 1.317176187e+00 
1.252155172e+00 1.596311475e+00 1.709774739e+00 
1.229310345e+00 1.338114754e+00 1.486122285e+00 
1.406896552e+00 1.250000000e+00 1.361222848e+00 
1.044396552e+00 1.291666667e+00 1.331255028e+00 
1.243103448e+00 1.137295082e+00 1.305309735e+00 
1.268965517e+00 1.134562842e+00 1.292437651e+00 
1.088793103e+00 1.219262295e+00 1.322606597e+00 
1.242241379e+00 1.145491803e+00 1.207562349e+00 
1.107758621e+00 1.013661202e+00 1.137570394e+00 
1.107758621e+00 1.000000000e+00 1.000000000e+00 
1.000862069e+00 1.111338798e+00 1.167739340e+00 
1.000000000e+00 1.107240437e+00 1.152654867e+00 
1.145689655e+00 1.057377049e+00 1.153660499e+00 
1.030172414e+00 1.051229508e+00 1.000000000e+00 
1.030172414e+00 1.065573770e+00 1.163515688e+00 
1.000000000e+00 1.083333333e+00 1.000000000e+00 

1.493965517e+00 1.463797814e+00 1.639782784e+00 
1.390301724e+00 1.773907104e+00 1.832260660e+00 
1.363146552e+00 1.806010929e+00 1.846339501e+00 
1.399137931e+00 1.532103825e+00 1.766492357e+00 
1.326293103e+00 1.582650273e+00 1.775140788e+00 
1.580603448e+00 1.557377049e+00 1.777353178e+00 
1.154525862e+00 1.582650273e+00 1.709774739e+00 
1.523275862e+00 1.357240437e+00 1.516090105e+00 
1.506896552e+00 1.771857923e+00 1.847345133e+00 
1.590517241e+00 1.330601093e+00 1.609613837e+00 
1.564655172e+00 1.636612022e+00 1.930008045e+00 
1.428879310e+00 1.496584699e+00 1.776347546e+00 
1.367672414e+00 1.572404372e+00 1.707562349e+00 
1.596551724e+00 1.530054645e+00 1.777353178e+00 
1.507758621e+00 1.415300546e+00 1.639782784e+00 
1.277155172e+00 1.377049180e+00 1.623692679e+00 
1.770689655e+00 1.588797814e+00 1.792437651e+00 
1.439655172e+00 1.400273224e+00 1.637570394e+00 
1.344612069e+00 1.503415301e+00 1.679605792e+00 
1.537500000e+00 1.752732240e+00 1.930008045e+00 
1.201293103e+00 1.369535519e+00 1.484915527e+00 
1.283405172e+00 1.696038251e+00 1.792437651e+00 
1.358405172e+00 1.870901639e+00 1.862429606e+00 
1.287931034e+00 1.280737705e+00 1.484915527e+00 
1.466379310e+00 1.477459016e+00 1.639782784e+00 
1.265517241e+00 1.417349727e+00 1.628921963e+00 
1.196120690e+00 1.537568306e+00 1.639782784e+00 
1.491810345e+00 1.615437158e+00 1.792437651e+00 
1.736206897e+00 1.614754098e+00 1.836484312e+00 
1.187500000e+00 1.483606557e+00 1.638777152e+00 
1.498275862e+00 1.456284153e+00 1.639782784e+00 
1.099568966e+00 1.375683060e+00 1.483909895e+00 
1.250431034e+00 1.477459016e+00 1.621480290e+00 
1.476724138e+00 1.457650273e+00 1.638777152e+00 
1.260344828e+00 1.255464481e+00 1.458970233e+00 
1.710344828e+00 1.601775956e+00 1.792437651e+00 
1.275000000e+00 1.277322404e+00 1.468825422e+00 
1.409482759e+00 1.244535519e+00 1.446098150e+00 
1.477586207e+00 1.231557377e+00 1.446098150e+00 
1.136637931e+00 1.258196721e+00 1.460176991e+00 
1.268965517e+00 1.134562842e+00 1.292437651e+00 
1.409482759e+00 1.253415301e+00 1.455953339e+00 
1.229310345e+00 1.338114754e+00 1.486122285e+00 
1.141379310e+00 1.162568306e+00 1.331255028e+00 
1.132327586e+00 1.399590164e+00 1.486122285e+00 
1.556896552e+00 1.610655738e+00 1.792437651e+00 
1.438793103e+00 1.234289617e+00 1.458970233e+00 
1.406896552e+00 1.250000000e+00 1.361222848e+00 
1.130172414e+00 1.160519126e+00 1.290225261e+00 
1.275862069e+00 1.148907104e+00 1.317176187e+00 
1.242241379e+00 1.145491803e+00 1.207562349e+00 
1.231034483e+00 1.411885246e+00 1.613837490e+00 
1.328017241e+00 1.362704918e+00 1.613837490e+00 
1.243103448e+00 1.137295082e+00 1.305309735e+00 
1.000000000e+00 1.107240437e+00 1.152654867e+00 
1.044396552e+00 1.291666667e+00 1.331255028e+00 
1.145689655e+00 1.057377049e+00 1.153660499e+00 
1.337068966e+00 1.259562842e+00 1.484915527e+00 
1.030172414e+00 1.065573770e+00 1.163515688e+00 
1.107758621e+00 1.013661202e+00 1.137570394e+00 
1.248275862e+00 1.123633880e+00 1.291230893e+00 
1.107758621e+00 1.000000000e+00 1.000000000e+00 
1.000000000e+00 1.083333333e+00 1.000000000e+00 
1.088793103e+00 1.219262295e+00 1.322606597e+00 
1.488793103e+00 1.379098361e+00 1.637570394e+00 
1.030172414e+00 1.051229508e+00 1.000000000e+00 
1.097413793e+00 1.297131148e+00 1.476267096e+00 
1.000862069e+00 1.111338798e+00 1.167739340e+00 

1.231034483e+00 1.411885246e+00 1.613837490e+00 
1.237931034e+00 1.415983607e+00 1.639782784e+00 
1.297198276e+00 1.571038251e+00 1.693684634e+00 
1.686206897e+00 1.558060109e+00 1.776347546e+00 
1.484482759e+00 1.375000000e+00 1.621480290e+00 
1.338362069e+00 1.585382514e+00 1.776347546e+00 
1.545689655e+00 1.504098361e+00 1.668744972e+00 
1.491810345e+00 1.615437158e+00 1.792437651e+00 
1.397198276e+00 1.832650273e+00 1.846339501e+00 
1.439655172e+00 1.400273224e+00 1.637570394e+00 
1.387284483e+00 1.872267760e+00 1.862429606e+00 
1.587500000e+00 1.484972678e+00 1.775140788e+00 
1.252155172e+00 1.596311475e+00 1.709774739e+00 
1.326293103e+00 1.582650273e+00 1.775140788e+00 
1.556034483e+00 1.527322404e+00 1.692477876e+00 
1.140948276e+00 1.477459016e+00 1.639782784e+00 
1.366594828e+00 1.725409836e+00 1.836484312e+00 
1.507758621e+00 1.415300546e+00 1.639782784e+00 
1.277155172e+00 1.377049180e+00 1.623692679e+00 
1.551293103e+00 1.529371585e+00 1.683829445e+00 
1.421551724e+00 1.376366120e+00 1.613837490e+00 
1.544827586e+00 1.575136612e+00 1.792437651e+00 
1.438362069e+00 1.627732240e+00 1.930008045e+00 
1.365517241e+00 1.543715847e+00 1.683829445e+00 
1.405172414e+00 1.536885246e+00 1.766492357e+00 
1.590517241e+00 1.330601093e+00 1.609613837e+00 
1.409482759e+00 1.253415301e+00 1.455953339e+00 
1.287931034e+00 1.280737705e+00 1.484915527e+00 
1.550000000e+00 1.363387978e+00 1.609613837e+00 
1.229310345e+00 1.338114754e+00 1.486122285e+00 
1.097413793e+00 1.297131148e+00 1.476267096e+00 
1.406896552e+00 1.250000000e+00 1.361222848e+00 
1.275000000e+00 1.277322404e+00 1.468825422e+00 
1.283405172e+00 1.696038251e+00 1.792437651e+00 
1.574137931e+00 1.568989071e+00 1.775140788e+00 
1.260344828e+00 1.255464481e+00 1.458970233e+00 
1.099568966e+00 1.375683060e+00 1.483909895e+00 
1.438793103e+00 1.234289617e+00 1.458970233e+00 
1.248275862e+00 1.123633880e+00 1.291230893e+00 
1.477586207e+00 1.231557377e+00 1.446098150e+00 
1.132327586e+00 1.399590164e+00 1.486122285e+00 
1.337068966e+00 1.259562842e+00 1.484915527e+00 
1.136637931e+00 1.258196721e+00 1.460176991e+00 
1.141379310e+00 1.162568306e+00 1.331255028e+00 
1.242241379e+00 1.145491803e+00 1.207562349e+00 
1.201293103e+00 1.369535519e+00 1.484915527e+00 
1.268965517e+00 1.134562842e+00 1.292437651e+00 
1.409482759e+00 1.244535519e+00 1.446098150e+00 
1.088793103e+00 1.219262295e+00 1.322606597e+00 
1.130172414e+00 1.160519126e+00 1.290225261e+00 
1.243103448e+00 1.137295082e+00 1.305309735e+00 
1.044396552e+00 1.291666667e+00 1.331255028e+00 
1.275862069e+00 1.148907104e+00 1.317176187e+00 
1.030172414e+00 1.051229508e+00 1.000000000e+00 
1.030172414e+00 1.065573770e+00 1.163515688e+00 
1.000000000e+00 1.083333333e+00 1.000000000e+00 
1.107758621e+00 1.013661202e+00 1.137570394e+00 
1.000000000e+00 1.107240437e+00 1.152654867e+00 
1.145689655e+00 1.057377049e+00 1.153660499e+00 
1.000862069e+00 1.111338798e+00 1.167739340e+00 
1.107758621e+00 1.000000000e+00 1.000000000e+00 

1.283405172e+00 1.696038251e+00 1.792437651e+00 
1.338362069e+00 1.585382514e+00 1.776347546e+00 
1.237931034e+00 1.415983607e+00 1.639782784e+00 
1.456896552e+00 1.510245902e+00 1.766492357e+00 
1.507758621e+00 1.415300546e+00 1.639782784e+00 
1.675000000e+00 1.628415301e+00 1.930008045e+00 
1.307327586e+00 1.660519126e+00 1.707562349e+00 
1.459913793e+00 1.699453552e+00 1.930008045e+00 
1.510991379e+00 1.657103825e+00 1.832260660e+00 
1.396336207e+00 1.697404372e+00 1.832260660e+00 
1.140948276e+00 1.477459016e+00 1.639782784e+00 
1.277155172e+00 1.377049180e+00 1.623692679e+00 
1.412931034e+00 1.517076503e+00 1.777353178e+00 
1.914655172e+00 1.614754098e+00 1.930008045e+00 
1.332327586e+00 1.355191257e+00 1.613837490e+00 
1.335560345e+00 1.691256831e+00 1.708769107e+00 
1.337068966e+00 1.259562842e+00 1.484915527e+00 
1.435129310e+00 1.779371585e+00 1.846339501e+00 
1.406896552e+00 1.250000000e+00 1.361222848e+00 
1.201293103e+00 1.369535519e+00 1.484915527e+00 
1.180172414e+00 1.438524590e+00 1.623692679e+00 
1.260344828e+00 1.255464481e+00 1.458970233e+00 
1.367672414e+00 1.572404372e+00 1.707562349e+00 
1.484482759e+00 1.375000000e+00 1.621480290e+00 
1.439655172e+00 1.400273224e+00 1.637570394e+00 
1.328017241e+00 1.362704918e+00 1.613837490e+00 
1.136637931e+00 1.258196721e+00 1.460176991e+00 
1.287931034e+00 1.280737705e+00 1.484915527e+00 
1.409482759e+00 1.253415301e+00 1.455953339e+00 
1.644827586e+00 1.495218579e+00 1.777353178e+00 
1.438793103e+00 1.234289617e+00 1.458970233e+00 
1.402801724e+00 1.921448087e+00 1.846339501e+00 
1.097413793e+00 1.297131148e+00 1.476267096e+00 
1.269181034e+00 1.612704918e+00 1.682823813e+00 
1.389655172e+00 1.535519126e+00 1.792437651e+00 
1.590517241e+00 1.330601093e+00 1.609613837e+00 
1.099568966e+00 1.375683060e+00 1.483909895e+00 
1.229310345e+00 1.338114754e+00 1.486122285e+00 
1.477586207e+00 1.231557377e+00 1.446098150e+00 
1.268965517e+00 1.134562842e+00 1.292437651e+00 
1.275000000e+00 1.277322404e+00 1.468825422e+00 
1.132327586e+00 1.399590164e+00 1.486122285e+00 
1.242241379e+00 1.145491803e+00 1.207562349e+00 
1.130172414e+00 1.160519126e+00 1.290225261e+00 
1.409482759e+00 1.244535519e+00 1.446098150e+00 
1.044396552e+00 1.291666667e+00 1.331255028e+00 
1.141379310e+00 1.162568306e+00 1.331255028e+00 
1.248275862e+00 1.123633880e+00 1.291230893e+00 
1.088793103e+00 1.219262295e+00 1.322606597e+00 
1.107758621e+00 1.000000000e+00 1.000000000e+00 
1.243103448e+00 1.137295082e+00 1.305309735e+00 
1.145689655e+00 1.057377049e+00 1.153660499e+00 
1.275862069e+00 1.148907104e+00 1.317176187e+00 
1.000862069e+00 1.111338798e+00 1.167739340e+00 
1.000000000e+00 1.107240437e+00 1.152654867e+00 
1.107758621e+00 1.013661202e+00 1.137570394e+00 
1.000000000e+00 1.083333333e+00 1.000000000e+00 
1.030172414e+00 1.065573770e+00 1.163515688e+00 
1.030172414e+00 1.051229508e+00 1.000000000e+00 

1.667241379e+00 1.508196721e+00 1.683829445e+00 
1.338362069e+00 1.585382514e+00 1.776347546e+00 
1.457543103e+00 1.730874317e+00 1.846339501e+00 
1.193750000e+00 1.543715847e+00 1.693684634e+00 
1.491810345e+00 1.615437158e+00 1.792437651e+00 
1.397198276e+00 1.832650273e+00 1.846339501e+00 
1.439655172e+00 1.400273224e+00 1.637570394e+00 
1.140948276e+00 1.477459016e+00 1.639782784e+00 
1.666379310e+00 1.576502732e+00 1.792437651e+00 
1.345258621e+00 1.459016393e+00 1.637570394e+00 
1.785344828e+00 1.634562842e+00 1.847345133e+00 
1.706896552e+00 1.502732240e+00 1.693684634e+00 
1.390301724e+00 1.773907104e+00 1.832260660e+00 
1.731034483e+00 1.625683060e+00 1.845132743e+00 
1.780172414e+00 1.482240437e+00 1.762268705e+00 
1.415517241e+00 1.387295082e+00 1.622485921e+00 
1.534913793e+00 1.541666667e+00 1.766492357e+00 
1.503448276e+00 1.562841530e+00 1.777353178e+00 
1.672413793e+00 1.554644809e+00 1.792437651e+00 
1.231034483e+00 1.411885246e+00 1.613837490e+00 
1.606034483e+00 1.556693989e+00 1.777353178e+00 
1.496551724e+00 1.676229508e+00 1.930008045e+00 
1.621551724e+00 1.531420765e+00 1.776347546e+00 
1.590517241e+00 1.330601093e+00 1.609613837e+00 
1.180172414e+00 1.438524590e+00 1.623692679e+00 
1.564655172e+00 1.636612022e+00 1.930008045e+00 
1.438793103e+00 1.234289617e+00 1.458970233e+00 
1.554741379e+00 1.547814208e+00 1.775140788e+00 
1.410344828e+00 1.415300546e+00 1.639782784e+00 
1.675862069e+00 1.543715847e+00 1.777353178e+00 
1.406896552e+00 1.250000000e+00 1.361222848e+00 
1.341810345e+00 1.401639344e+00 1.621480290e+00 
1.580603448e+00 1.557377049e+00 1.777353178e+00 
1.488793103e+00 1.379098361e+00 1.637570394e+00 
1.484482759e+00 1.375000000e+00 1.621480290e+00 
1.099568966e+00 1.375683060e+00 1.483909895e+00 
1.304741379e+00 1.378415301e+00 1.612831858e+00 
1.477586207e+00 1.231557377e+00 1.446098150e+00 
1.282758621e+00 1.402322404e+00 1.611625101e+00 
1.260344828e+00 1.255464481e+00 1.458970233e+00 
1.409482759e+00 1.253415301e+00 1.455953339e+00 
1.132327586e+00 1.399590164e+00 1.486122285e+00 
1.136637931e+00 1.258196721e+00 1.460176991e+00 
1.409482759e+00 1.244535519e+00 1.446098150e+00 
1.252155172e+00 1.596311475e+00 1.709774739e+00 
1.463362069e+00 1.646174863e+00 1.777353178e+00 
1.328017241e+00 1.362704918e+00 1.613837490e+00 
1.287931034e+00 1.280737705e+00 1.484915527e+00 
1.201293103e+00 1.369535519e+00 1.484915527e+00 
1.088793103e+00 1.219262295e+00 1.322606597e+00 
1.229310345e+00 1.338114754e+00 1.486122285e+00 
1.243103448e+00 1.137295082e+00 1.305309735e+00 
1.337068966e+00 1.259562842e+00 1.484915527e+00 
1.097413793e+00 1.297131148e+00 1.476267096e+00 
1.275000000e+00 1.277322404e+00 1.468825422e+00 
1.130172414e+00 1.160519126e+00 1.290225261e+00 
1.248275862e+00 1.123633880e+00 1.291230893e+00 
1.242241379e+00 1.145491803e+00 1.207562349e+00 
1.044396552e+00 1.291666667e+00 1.331255028e+00 
1.275862069e+00 1.148907104e+00 1.317176187e+00 
1.268965517e+00 1.134562842e+00 1.292437651e+00 
1.333620690e+00 1.409153005e+00 1.622485921e+00 
1.030172414e+00 1.065573770e+00 1.163515688e+00 
1.000000000e+00 1.083333333e+00 1.000000000e+00 
1.107758621e+00 1.000000000e+00 1.000000000e+00 
1.141379310e+00 1.162568306e+00 1.331255028e+00 
1.000000000e+00 1.107240437e+00 1.152654867e+00 
1.030172414e+00 1.051229508e+00 1.000000000e+00 
1.145689655e+00 1.057377049e+00 1.153660499e+00 
1.107758621e+00 1.013661202e+00 1.137570394e+00 
1.000862069e+00 1.111338798e+00 1.167739340e+00 

1.715517241e+00 1.717213115e+00 1.930008045e+00 
1.307327586e+00 1.660519126e+00 1.707562349e+00 
1.785344828e+00 1.634562842e+00 1.847345133e+00 
1.731034483e+00 1.625683060e+00 1.845132743e+00 
1.285129310e+00 1.639344262e+00 1.683829445e+00 
1.914655172e+00 1.614754098e+00 1.930008045e+00 
1.734482759e+00 1.527322404e+00 1.792437651e+00 
1.378879310e+00 1.588114754e+00 1.792437651e+00 
1.233405172e+00 1.780054645e+00 1.708769107e+00 
1.285775862e+00 1.807377049e+00 1.709774739e+00 
1.289870690e+00 1.709699454e+00 1.693684634e+00 
1.590517241e+00 1.330601093e+00 1.609613837e+00 
1.779310345e+00 1.674863388e+00 1.862429606e+00 
1.428879310e+00 1.496584699e+00 1.776347546e+00 
1.332327586e+00 1.355191257e+00 1.613837490e+00 
1.180172414e+00 1.438524590e+00 1.623692679e+00 
1.596551724e+00 1.530054645e+00 1.777353178e+00 
1.140948276e+00 1.477459016e+00 1.639782784e+00 
1.389655172e+00 1.535519126e+00 1.792437651e+00 
1.237931034e+00 1.415983607e+00 1.639782784e+00 
1.306250000e+00 1.702185792e+00 1.862429606e+00 
1.344181034e+00 1.644808743e+00 1.694690265e+00 
1.644827586e+00 1.495218579e+00 1.777353178e+00 
1.477586207e+00 1.231557377e+00 1.446098150e+00 
1.344612069e+00 1.503415301e+00 1.679605792e+00 
1.439655172e+00 1.400273224e+00 1.637570394e+00 
1.337068966e+00 1.259562842e+00 1.484915527e+00 
1.282758621e+00 1.402322404e+00 1.611625101e+00 
1.333620690e+00 1.409153005e+00 1.622485921e+00 
1.406896552e+00 1.250000000e+00 1.361222848e+00 
1.201293103e+00 1.369535519e+00 1.484915527e+00 
1.231034483e+00 1.411885246e+00 1.613837490e+00 
1.132327586e+00 1.399590164e+00 1.486122285e+00 
1.417241379e+00 1.717896175e+00 1.930008045e+00 
1.415517241e+00 1.387295082e+00 1.622485921e+00 
1.484482759e+00 1.375000000e+00 1.621480290e+00 
1.409482759e+00 1.244535519e+00 1.446098150e+00 
1.136637931e+00 1.258196721e+00 1.460176991e+00 
1.409482759e+00 1.253415301e+00 1.455953339e+00 
1.097413793e+00 1.297131148e+00 1.476267096e+00 
1.798275862e+00 1.703551913e+00 1.930008045e+00 
1.272198276e+00 1.571721311e+00 1.682823813e+00 
1.275000000e+00 1.277322404e+00 1.468825422e+00 
1.268965517e+00 1.134562842e+00 1.292437651e+00 
1.438793103e+00 1.234289617e+00 1.458970233e+00 
1.044396552e+00 1.291666667e+00 1.331255028e+00 
1.243103448e+00 1.137295082e+00 1.305309735e+00 
1.242241379e+00 1.145491803e+00 1.207562349e+00 
1.260344828e+00 1.255464481e+00 1.458970233e+00 
1.141379310e+00 1.162568306e+00 1.331255028e+00 
1.287931034e+00 1.280737705e+00 1.484915527e+00 
1.099568966e+00 1.375683060e+00 1.483909895e+00 
1.275862069e+00 1.148907104e+00 1.317176187e+00 
1.229310345e+00 1.338114754e+00 1.486122285e+00 
1.130172414e+00 1.160519126e+00 1.290225261e+00 
1.248275862e+00 1.123633880e+00 1.291230893e+00 
1.000862069e+00 1.111338798e+00 1.167739340e+00 
1.107758621e+00 1.013661202e+00 1.137570394e+00 
1.030172414e+00 1.051229508e+00 1.000000000e+00 
1.107758621e+00 1.000000000e+00 1.000000000e+00 
1.145689655e+00 1.057377049e+00 1.153660499e+00 
1.088793103e+00 1.219262295e+00 1.322606597e+00 
1.000000000e+00 1.107240437e+00 1.152654867e+00 
1.030172414e+00 1.065573770e+00 1.163515688e+00 
1.000000000e+00 1.083333333e+00 1.000000000e+00 

1.154525862e+00 1.582650273e+00 1.709774739e+00 
1.235344828e+00 1.522540984e+00 1.776347546e+00 
1.328017241e+00 1.362704918e+00 1.613837490e+00 
1.540517241e+00 1.515027322e+00 1.677393403e+00 
1.433836207e+00 1.717213115e+00 1.836484312e+00 
1.389655172e+00 1.535519126e+00 1.792437651e+00 
1.607758621e+00 1.520491803e+00 1.775140788e+00 
1.231034483e+00 1.411885246e+00 1.613837490e+00 
1.681034483e+00 1.499316940e+00 1.775140788e+00 
1.479956897e+00 1.703551913e+00 1.832260660e+00 
1.523275862e+00 1.357240437e+00 1.516090105e+00 
1.196120690e+00 1.537568306e+00 1.639782784e+00 
1.543965517e+00 1.530054645e+00 1.777353178e+00 
1.371551724e+00 1.530737705e+00 1.777353178e+00 
1.673275862e+00 1.492486339e+00 1.692477876e+00 
1.333620690e+00 1.409153005e+00 1.622485921e+00 
1.699137931e+00 1.673497268e+00 1.845132743e+00 
1.562068966e+00 1.534836066e+00 1.792437651e+00 
1.282758621e+00 1.402322404e+00 1.611625101e+00 
1.731034483e+00 1.625683060e+00 1.845132743e+00 
1.180172414e+00 1.438524590e+00 1.623692679e+00 
1.438793103e+00 1.234289617e+00 1.458970233e+00 
1.590517241e+00 1.330601093e+00 1.609613837e+00 
1.145905172e+00 1.504781421e+00 1.556114240e+00 
1.551724138e+00 1.668715847e+00 1.836484312e+00 
1.507758621e+00 1.415300546e+00 1.639782784e+00 
1.768103448e+00 1.649590164e+00 1.930008045e+00 
1.613793103e+00 1.517759563e+00 1.762268705e+00 
1.596551724e+00 1.510928962e+00 1.679605792e+00 
1.237931034e+00 1.415983607e+00 1.639782784e+00 
1.415517241e+00 1.387295082e+00 1.622485921e+00 
1.289439655e+00 1.743852459e+00 1.777353178e+00 
1.574137931e+00 1.513661202e+00 1.692477876e+00 
1.201293103e+00 1.369535519e+00 1.484915527e+00 
1.496551724e+00 1.676229508e+00 1.930008045e+00 
1.341810345e+00 1.401639344e+00 1.621480290e+00 
1.187500000e+00 1.483606557e+00 1.638777152e+00 
1.132327586e+00 1.399590164e+00 1.486122285e+00 
1.623275862e+00 1.403688525e+00 1.624698311e+00 
1.337068966e+00 1.259562842e+00 1.484915527e+00 
1.136637931e+00 1.258196721e+00 1.460176991e+00 
1.637931034e+00 1.517076503e+00 1.762268705e+00 
1.097413793e+00 1.297131148e+00 1.476267096e+00 
1.409482759e+00 1.253415301e+00 1.455953339e+00 
1.406896552e+00 1.250000000e+00 1.361222848e+00 
1.099568966e+00 1.375683060e+00 1.483909895e+00 
1.477586207e+00 1.231557377e+00 1.446098150e+00 
1.260344828e+00 1.255464481e+00 1.458970233e+00 
1.287931034e+00 1.280737705e+00 1.484915527e+00 
1.409482759e+00 1.244535519e+00 1.446098150e+00 
1.243103448e+00 1.137295082e+00 1.305309735e+00 
1.229310345e+00 1.338114754e+00 1.486122285e+00 
1.242241379e+00 1.145491803e+00 1.207562349e+00 
1.248275862e+00 1.123633880e+00 1.291230893e+00 
1.268965517e+00 1.134562842e+00 1.292437651e+00 
1.088793103e+00 1.219262295e+00 1.322606597e+00 
1.141379310e+00 1.162568306e+00 1.331255028e+00 
1.130172414e+00 1.160519126e+00 1.290225261e+00 
1.275000000e+00 1.277322404e+00 1.468825422e+00 
1.275862069e+00 1.148907104e+00 1.317176187e+00 
1.107758621e+00 1.000000000e+00 1.000000000e+00 
1.044396552e+00 1.291666667e+00 1.331255028e+00 
1.000000000e+00 1.107240437e+00 1.152654867e+00 
1.030172414e+00 1.065573770e+00 1.163515688e+00 
1.000000000e+00 1.083333333e+00 1.000000000e+00 
1.107758621e+00 1.013661202e+00 1.137570394e+00 
1.030172414e+00 1.051229508e+00 1.000000000e+00 
1.000862069e+00 1.111338798e+00 1.167739340e+00 
1.145689655e+00 1.057377049e+00 1.153660499e+00 

1.237715517e+00 1.465846995e+00 1.530168946e+00 
1.367672414e+00 1.572404372e+00 1.707562349e+00 
1.567241379e+00 1.572404372e+00 1.776347546e+00 
1.303663793e+00 1.737021858e+00 1.691472245e+00 
1.590517241e+00 1.330601093e+00 1.609613837e+00 
1.433836207e+00 1.717213115e+00 1.836484312e+00 
1.277155172e+00 1.377049180e+00 1.623692679e+00 
1.516379310e+00 1.561475410e+00 1.775140788e+00 
1.305818966e+00 1.629098361e+00 1.777353178e+00 
1.484482759e+00 1.375000000e+00 1.621480290e+00 
1.328017241e+00 1.362704918e+00 1.613837490e+00 
1.366594828e+00 1.725409836e+00 1.836484312e+00 
1.406896552e+00 1.250000000e+00 1.361222848e+00 
1.534913793e+00 1.541666667e+00 1.766492357e+00 
1.505172414e+00 1.581967213e+00 1.775140788e+00 
1.410344828e+00 1.415300546e+00 1.639782784e+00 
1.549137931e+00 1.529371585e+00 1.766492357e+00 
1.477586207e+00 1.231557377e+00 1.446098150e+00 
1.099568966e+00 1.375683060e+00 1.483909895e+00 
1.237931034e+00 1.415983607e+00 1.639782784e+00 
1.326293103e+00 1.582650273e+00 1.775140788e+00 
1.588793103e+00 1.558060109e+00 1.776347546e+00 
1.596551724e+00 1.571038251e+00 1.777353178e+00 
1.234267241e+00 1.446721311e+00 1.525945294e+00 
1.584482759e+00 1.584016393e+00 1.777353178e+00 
1.451077586e+00 1.510928962e+00 1.679605792e+00 
1.644827586e+00 1.495218579e+00 1.777353178e+00 
1.409482759e+00 1.244535519e+00 1.446098150e+00 
1.763793103e+00 1.592896175e+00 1.792437651e+00 
1.523275862e+00 1.357240437e+00 1.516090105e+00 
1.621551724e+00 1.531420765e+00 1.776347546e+00 
1.438362069e+00 1.627732240e+00 1.930008045e+00 
1.300215517e+00 1.897540984e+00 1.708769107e+00 
1.337068966e+00 1.259562842e+00 1.484915527e+00 
1.415086207e+00 1.554644809e+00 1.692477876e+00 
1.140948276e+00 1.477459016e+00 1.639782784e+00 
1.275000000e+00 1.277322404e+00 1.468825422e+00 
1.201293103e+00 1.369535519e+00 1.484915527e+00 
1.097413793e+00 1.297131148e+00 1.476267096e+00 
1.141379310e+00 1.162568306e+00 1.331255028e+00 
1.439655172e+00 1.400273224e+00 1.637570394e+00 
1.132327586e+00 1.399590164e+00 1.486122285e+00 
1.229310345e+00 1.338114754e+00 1.486122285e+00 
1.260344828e+00 1.255464481e+00 1.458970233e+00 
1.136637931e+00 1.258196721e+00 1.460176991e+00 
1.287931034e+00 1.280737705e+00 1.484915527e+00 
1.275862069e+00 1.148907104e+00 1.317176187e+00 
1.268965517e+00 1.134562842e+00 1.292437651e+00 
1.438793103e+00 1.234289617e+00 1.458970233e+00 
1.243103448e+00 1.137295082e+00 1.305309735e+00 
1.407327586e+00 1.806693989e+00 1.846339501e+00 
1.088793103e+00 1.219262295e+00 1.322606597e+00 
1.130172414e+00 1.160519126e+00 1.290225261e+00 
1.242241379e+00 1.145491803e+00 1.207562349e+00 
1.044396552e+00 1.291666667e+00 1.331255028e+00 
1.409482759e+00 1.253415301e+00 1.455953339e+00 
1.107758621e+00 1.013661202e+00 1.137570394e+00 
1.107758621e+00 1.000000000e+00 1.000000000e+00 
1.248275862e+00 1.123633880e+00 1.291230893e+00 
1.000862069e+00 1.111338798e+00 1.167739340e+00 
1.000000000e+00 1.107240437e+00 1.152654867e+00 
1.000000000e+00 1.083333333e+00 1.000000000e+00 
1.145689655e+00 1.057377049e+00 1.153660499e+00 
1.030172414e+00 1.065573770e+00 1.163515688e+00 
1.030172414e+00 1.051229508e+00 1.000000000e+00 

1.484482759e+00 1.375000000e+00 1.621480290e+00 
1.443750000e+00 1.517076503e+00 1.679605792e+00 
1.287068966e+00 1.483606557e+00 1.628921963e+00 
1.600000000e+00 1.601775956e+00 1.792437651e+00 
1.667241379e+00 1.508196721e+00 1.683829445e+00 
1.491810345e+00 1.615437158e+00 1.792437651e+00 
1.366594828e+00 1.725409836e+00 1.836484312e+00 
1.410344828e+00 1.415300546e+00 1.639782784e+00 
1.486853448e+00 1.757513661e+00 1.846339501e+00 
1.400862069e+00 1.527322404e+00 1.692477876e+00 
1.250431034e+00 1.477459016e+00 1.621480290e+00 
1.471551724e+00 1.713114754e+00 1.792437651e+00 
1.571551724e+00 1.703551913e+00 1.836484312e+00 
1.510991379e+00 1.657103825e+00 1.832260660e+00 
1.706896552e+00 1.502732240e+00 1.693684634e+00 
1.776724138e+00 1.654371585e+00 1.930008045e+00 
1.252155172e+00 1.596311475e+00 1.709774739e+00 
1.246982759e+00 1.556010929e+00 1.609613837e+00 
1.456034483e+00 1.543715847e+00 1.777353178e+00 
1.381034483e+00 1.457650273e+00 1.638777152e+00 
1.277155172e+00 1.377049180e+00 1.623692679e+00 
1.590517241e+00 1.330601093e+00 1.609613837e+00 
1.517025862e+00 1.750683060e+00 1.847345133e+00 
1.194181034e+00 1.491120219e+00 1.546259051e+00 
1.284482759e+00 1.589480874e+00 1.639782784e+00 
1.556896552e+00 1.610655738e+00 1.792437651e+00 
1.483836207e+00 1.778005464e+00 1.847345133e+00 
1.914655172e+00 1.614754098e+00 1.930008045e+00 
1.201293103e+00 1.369535519e+00 1.484915527e+00 
1.173562931e+00 1.604508197e+00 1.613837490e+00 
1.518534483e+00 1.730191257e+00 1.930008045e+00 
1.616379310e+00 1.530054645e+00 1.777353178e+00 
1.346982759e+00 1.648907104e+00 1.776347546e+00 
1.574137931e+00 1.513661202e+00 1.692477876e+00 
1.321982759e+00 1.559426230e+00 1.638777152e+00 
1.426293103e+00 1.570355191e+00 1.777353178e+00 
1.734482759e+00 1.527322404e+00 1.792437651e+00 
1.136637931e+00 1.258196721e+00 1.460176991e+00 
1.691379310e+00 1.696721311e+00 1.847345133e+00 
1.237715517e+00 1.465846995e+00 1.530168946e+00 
1.718965517e+00 1.594262295e+00 1.847345133e+00 
1.145905172e+00 1.504781421e+00 1.556114240e+00 
1.210775862e+00 1.494535519e+00 1.553901850e+00 
1.323706897e+00 1.504098361e+00 1.639782784e+00 
1.409482759e+00 1.253415301e+00 1.455953339e+00 
1.652586207e+00 1.719945355e+00 1.845132743e+00 
1.332327586e+00 1.355191257e+00 1.613837490e+00 
1.406896552e+00 1.250000000e+00 1.361222848e+00 
1.438793103e+00 1.234289617e+00 1.458970233e+00 
1.409482759e+00 1.244535519e+00 1.446098150e+00 
1.099568966e+00 1.375683060e+00 1.483909895e+00 
1.515948276e+00 1.614754098e+00 1.792437651e+00 
1.275000000e+00 1.277322404e+00 1.468825422e+00 
1.229310345e+00 1.338114754e+00 1.486122285e+00 
1.287931034e+00 1.280737705e+00 1.484915527e+00 
1.247629310e+00 1.628415301e+00 1.639782784e+00 
1.439655172e+00 1.400273224e+00 1.637570394e+00 
1.132327586e+00 1.399590164e+00 1.486122285e+00 
1.656250000e+00 1.702868852e+00 1.847345133e+00 
1.097413793e+00 1.297131148e+00 1.476267096e+00 
1.337068966e+00 1.259562842e+00 1.484915527e+00 
1.268965517e+00 1.134562842e+00 1.292437651e+00 
1.343103448e+00 1.470628415e+00 1.628921963e+00 
1.260344828e+00 1.255464481e+00 1.458970233e+00 
1.242241379e+00 1.145491803e+00 1.207562349e+00 
1.275862069e+00 1.148907104e+00 1.317176187e+00 
1.088793103e+00 1.219262295e+00 1.322606597e+00 
1.130172414e+00 1.160519126e+00 1.290225261e+00 
1.141379310e+00 1.162568306e+00 1.331255028e+00 
1.107758621e+00 1.013661202e+00 1.137570394e+00 
1.107758621e+00 1.000000000e+00 1.000000000e+00 
1.145689655e+00 1.057377049e+00 1.153660499e+00 
1.000862069e+00 1.111338798e+00 1.167739340e+00 
1.044396552e+00 1.291666667e+00 1.331255028e+00 
1.243103448e+00 1.137295082e+00 1.305309735e+00 
1.030172414e+00 1.065573770e+00 1.163515688e+00 
1.000000000e+00 1.107240437e+00 1.152654867e+00 
1.477586207e+00 1.231557377e+00 1.446098150e+00 
1.248275862e+00 1.123633880e+00 1.291230893e+00 
1.030172414e+00 1.051229508e+00 1.000000000e+00 
1.000000000e+00 1.083333333e+00 1.000000000e+00 

1.415517241e+00 1.387295082e+00 1.622485921e+00 
1.237931034e+00 1.415983607e+00 1.639782784e+00 
1.546120690e+00 1.603142077e+00 1.792437651e+00 
1.426293103e+00 1.677595628e+00 1.792437651e+00 
1.574137931e+00 1.513661202e+00 1.692477876e+00 
1.180172414e+00 1.438524590e+00 1.623692679e+00 
1.390301724e+00 1.773907104e+00 1.832260660e+00 
1.304741379e+00 1.378415301e+00 1.612831858e+00 
1.780172414e+00 1.482240437e+00 1.762268705e+00 
1.140948276e+00 1.477459016e+00 1.639782784e+00 
1.701724138e+00 1.482923497e+00 1.762268705e+00 
1.231034483e+00 1.411885246e+00 1.613837490e+00 
1.454956897e+00 1.750683060e+00 1.847345133e+00 
1.496551724e+00 1.676229508e+00 1.930008045e+00 
1.371551724e+00 1.530737705e+00 1.777353178e+00 
1.332327586e+00 1.355191257e+00 1.613837490e+00 
1.453232759e+00 1.819672131e+00 1.846339501e+00 
1.564655172e+00 1.636612022e+00 1.930008045e+00 
1.333620690e+00 1.409153005e+00 1.622485921e+00 
1.718965517e+00 1.594262295e+00 1.847345133e+00 
1.410344828e+00 1.415300546e+00 1.639782784e+00 
1.341810345e+00 1.401639344e+00 1.621480290e+00 
1.488793103e+00 1.379098361e+00 1.637570394e+00 
1.638793103e+00 1.516393443e+00 1.693684634e+00 
1.438793103e+00 1.234289617e+00 1.458970233e+00 
1.590517241e+00 1.330601093e+00 1.609613837e+00 
1.657758621e+00 1.483606557e+00 1.679605792e+00 
1.283405172e+00 1.696038251e+00 1.792437651e+00 
1.525000000e+00 1.495901639e+00 1.677393403e+00 
1.201293103e+00 1.369535519e+00 1.484915527e+00 
1.562068966e+00 1.534836066e+00 1.792437651e+00 
1.136637931e+00 1.258196721e+00 1.460176991e+00 
1.297198276e+00 1.571038251e+00 1.693684634e+00 
1.252155172e+00 1.596311475e+00 1.709774739e+00 
1.406896552e+00 1.250000000e+00 1.361222848e+00 
1.132327586e+00 1.399590164e+00 1.486122285e+00 
1.275000000e+00 1.277322404e+00 1.468825422e+00 
1.282758621e+00 1.402322404e+00 1.611625101e+00 
1.099568966e+00 1.375683060e+00 1.483909895e+00 
1.338362069e+00 1.585382514e+00 1.776347546e+00 
1.229310345e+00 1.338114754e+00 1.486122285e+00 
1.439655172e+00 1.400273224e+00 1.637570394e+00 
1.287931034e+00 1.280737705e+00 1.484915527e+00 
1.206681034e+00 1.620901639e+00 1.679605792e+00 
1.097413793e+00 1.297131148e+00 1.476267096e+00 
1.491810345e+00 1.615437158e+00 1.792437651e+00 
1.409482759e+00 1.244535519e+00 1.446098150e+00 
1.397198276e+00 1.832650273e+00 1.846339501e+00 
1.409482759e+00 1.253415301e+00 1.455953339e+00 
1.243103448e+00 1.137295082e+00 1.305309735e+00 
1.260344828e+00 1.255464481e+00 1.458970233e+00 
1.268965517e+00 1.134562842e+00 1.292437651e+00 
1.275862069e+00 1.148907104e+00 1.317176187e+00 
1.088793103e+00 1.219262295e+00 1.322606597e+00 
1.141379310e+00 1.162568306e+00 1.331255028e+00 
1.130172414e+00 1.160519126e+00 1.290225261e+00 
1.242241379e+00 1.145491803e+00 1.207562349e+00 
1.673275862e+00 1.492486339e+00 1.692477876e+00 
1.044396552e+00 1.291666667e+00 1.331255028e+00 
1.337068966e+00 1.259562842e+00 1.484915527e+00 
1.248275862e+00 1.123633880e+00 1.291230893e+00 
1.030172414e+00 1.051229508e+00 1.000000000e+00 
1.107758621e+00 1.013661202e+00 1.137570394e+00 
1.000862069e+00 1.111338798e+00 1.167739340e+00 
1.145689655e+00 1.057377049e+00 1.153660499e+00 
1.000000000e+00 1.083333333e+00 1.000000000e+00 
1.000000000e+00 1.107240437e+00 1.152654867e+00 
1.477586207e+00 1.231557377e+00 1.446098150e+00 
1.107758621e+00 1.000000000e+00 1.000000000e+00 
1.030172414e+00 1.065573770e+00 1.163515688e+00 

1.512068966e+00 1.387978142e+00 1.622485921e+00 
1.338362069e+00 1.585382514e+00 1.776347546e+00 
1.265517241e+00 1.417349727e+00 1.628921963e+00 
1.523275862e+00 1.357240437e+00 1.516090105e+00 
1.481034483e+00 1.605874317e+00 1.930008045e+00 
1.366594828e+00 1.725409836e+00 1.836484312e+00 
1.304741379e+00 1.378415301e+00 1.612831858e+00 
1.307327586e+00 1.660519126e+00 1.707562349e+00 
1.425000000e+00 1.435109290e+00 1.639782784e+00 
1.718965517e+00 1.594262295e+00 1.847345133e+00 
1.279525862e+00 1.619535519e+00 1.693684634e+00 
1.428879310e+00 1.496584699e+00 1.776347546e+00 
1.341810345e+00 1.401639344e+00 1.621480290e+00 
1.378879310e+00 1.588114754e+00 1.792437651e+00 
1.345474138e+00 1.730191257e+00 1.846339501e+00 
1.590517241e+00 1.330601093e+00 1.609613837e+00 
1.328017241e+00 1.362704918e+00 1.613837490e+00 
1.300431034e+00 1.519808743e+00 1.638777152e+00 
1.438793103e+00 1.234289617e+00 1.458970233e+00 
1.256465517e+00 1.453551913e+00 1.637570394e+00 
1.260344828e+00 1.255464481e+00 1.458970233e+00 
1.421551724e+00 1.395491803e+00 1.622485921e+00 
1.439655172e+00 1.400273224e+00 1.637570394e+00 
1.344612069e+00 1.503415301e+00 1.679605792e+00 
1.409482759e+00 1.253415301e+00 1.455953339e+00 
1.201293103e+00 1.369535519e+00 1.484915527e+00 
1.269181034e+00 1.612704918e+00 1.682823813e+00 
1.484482759e+00 1.375000000e+00 1.621480290e+00 
1.389655172e+00 1.535519126e+00 1.792437651e+00 
1.287931034e+00 1.280737705e+00 1.484915527e+00 
1.097413793e+00 1.297131148e+00 1.476267096e+00 
1.231034483e+00 1.411885246e+00 1.613837490e+00 
1.229310345e+00 1.338114754e+00 1.486122285e+00 
1.132327586e+00 1.399590164e+00 1.486122285e+00 
1.136637931e+00 1.258196721e+00 1.460176991e+00 
1.409482759e+00 1.244535519e+00 1.446098150e+00 
1.283405172e+00 1.691939891e+00 1.709774739e+00 
1.392025862e+00 1.840163934e+00 1.847345133e+00 
1.310344828e+00 1.605191257e+00 1.639782784e+00 
1.333620690e+00 1.409153005e+00 1.622485921e+00 
1.477586207e+00 1.231557377e+00 1.446098150e+00 
1.044396552e+00 1.291666667e+00 1.331255028e+00 
1.145905172e+00 1.504781421e+00 1.556114240e+00 
1.275000000e+00 1.277322404e+00 1.468825422e+00 
1.099568966e+00 1.375683060e+00 1.483909895e+00 
1.180172414e+00 1.438524590e+00 1.623692679e+00 
1.243103448e+00 1.137295082e+00 1.305309735e+00 
1.088793103e+00 1.219262295e+00 1.322606597e+00 
1.337068966e+00 1.259562842e+00 1.484915527e+00 
1.141379310e+00 1.162568306e+00 1.331255028e+00 
1.242241379e+00 1.145491803e+00 1.207562349e+00 
1.406896552e+00 1.250000000e+00 1.361222848e+00 
1.130172414e+00 1.160519126e+00 1.290225261e+00 
1.248275862e+00 1.123633880e+00 1.291230893e+00 
1.000862069e+00 1.111338798e+00 1.167739340e+00 
1.107758621e+00 1.013661202e+00 1.137570394e+00 
1.000000000e+00 1.107240437e+00 1.152654867e+00 
1.107758621e+00 1.000000000e+00 1.000000000e+00 
1.030172414e+00 1.065573770e+00 1.163515688e+00 
1.268965517e+00 1.134562842e+00 1.292437651e+00 
1.275862069e+00 1.148907104e+00 1.317176187e+00 
1.145689655e+00 1.057377049e+00 1.153660499e+00 
1.030172414e+00 1.051229508e+00 1.000000000e+00 
1.000000000e+00 1.083333333e+00 1.000000000e+00 

1.366594828e+00 1.725409836e+00 1.836484312e+00 
1.246336207e+00 1.543715847e+00 1.683829445e+00 
1.545689655e+00 1.504098361e+00 1.668744972e+00 
1.585775862e+00 1.753415301e+00 1.846339501e+00 
1.533620690e+00 1.663934426e+00 1.836484312e+00 
1.651724138e+00 1.441256831e+00 1.777353178e+00 
1.749137931e+00 1.655054645e+00 1.836484312e+00 
1.140948276e+00 1.477459016e+00 1.639782784e+00 
1.616379310e+00 1.530054645e+00 1.777353178e+00 
1.574137931e+00 1.513661202e+00 1.692477876e+00 
1.328017241e+00 1.362704918e+00 1.613837490e+00 
1.367672414e+00 1.572404372e+00 1.707562349e+00 
1.407327586e+00 1.806693989e+00 1.846339501e+00 
1.618965517e+00 1.676912568e+00 1.930008045e+00 
1.389655172e+00 1.535519126e+00 1.792437651e+00 
1.834482759e+00 1.613387978e+00 1.847345133e+00 
1.644827586e+00 1.495218579e+00 1.777353178e+00 
1.604310345e+00 1.764344262e+00 1.847345133e+00 
1.597413793e+00 1.360655738e+00 1.528962188e+00 
1.589655172e+00 1.703551913e+00 1.846339501e+00 
1.560991379e+00 1.849726776e+00 1.862429606e+00 
1.252155172e+00 1.596311475e+00 1.709774739e+00 
1.439655172e+00 1.400273224e+00 1.637570394e+00 
1.484482759e+00 1.375000000e+00 1.621480290e+00 
1.556034483e+00 1.527322404e+00 1.692477876e+00 
1.229310345e+00 1.338114754e+00 1.486122285e+00 
1.699137931e+00 1.673497268e+00 1.845132743e+00 
1.097413793e+00 1.297131148e+00 1.476267096e+00 
1.237931034e+00 1.415983607e+00 1.639782784e+00 
1.573275862e+00 1.515027322e+00 1.775140788e+00 
1.477586207e+00 1.231557377e+00 1.446098150e+00 
1.201293103e+00 1.369535519e+00 1.484915527e+00 
1.260344828e+00 1.255464481e+00 1.458970233e+00 
1.287931034e+00 1.280737705e+00 1.484915527e+00 
1.132327586e+00 1.399590164e+00 1.486122285e+00 
1.409482759e+00 1.253415301e+00 1.455953339e+00 
1.409482759e+00 1.244535519e+00 1.446098150e+00 
1.438793103e+00 1.234289617e+00 1.458970233e+00 
1.768103448e+00 1.649590164e+00 1.930008045e+00 
1.277155172e+00 1.377049180e+00 1.623692679e+00 
1.141379310e+00 1.162568306e+00 1.331255028e+00 
1.596551724e+00 1.510928962e+00 1.679605792e+00 
1.099568966e+00 1.375683060e+00 1.483909895e+00 
1.136637931e+00 1.258196721e+00 1.460176991e+00 
1.130172414e+00 1.160519126e+00 1.290225261e+00 
1.243103448e+00 1.137295082e+00 1.305309735e+00 
1.275000000e+00 1.277322404e+00 1.468825422e+00 
1.088793103e+00 1.219262295e+00 1.322606597e+00 
1.268965517e+00 1.134562842e+00 1.292437651e+00 
1.337068966e+00 1.259562842e+00 1.484915527e+00 
1.231034483e+00 1.411885246e+00 1.613837490e+00 
1.406896552e+00 1.250000000e+00 1.361222848e+00 
1.275862069e+00 1.148907104e+00 1.317176187e+00 
1.044396552e+00 1.291666667e+00 1.331255028e+00 
1.030172414e+00 1.065573770e+00 1.163515688e+00 
1.107758621e+00 1.000000000e+00 1.000000000e+00 
1.242241379e+00 1.145491803e+00 1.207562349e+00 
1.000000000e+00 1.107240437e+00 1.152654867e+00 
1.107758621e+00 1.013661202e+00 1.137570394e+00 
1.248275862e+00 1.123633880e+00 1.291230893e+00 
1.000862069e+00 1.111338798e+00 1.167739340e+00 
1.000000000e+00 1.083333333e+00 1.000000000e+00 
1.145689655e+00 1.057377049e+00 1.153660499e+00 
1.030172414e+00 1.051229508e+00 1.000000000e+00 

1.914655172e+00 1.614754098e+00 1.930008045e+00 
1.196120690e+00 1.561475410e+00 1.792437651e+00 
1.365517241e+00 1.543715847e+00 1.683829445e+00 
1.371551724e+00 1.530737705e+00 1.777353178e+00 
1.453232759e+00 1.819672131e+00 1.846339501e+00 
1.415517241e+00 1.387295082e+00 1.622485921e+00 
1.333620690e+00 1.409153005e+00 1.622485921e+00 
1.282758621e+00 1.402322404e+00 1.611625101e+00 
1.562068966e+00 1.534836066e+00 1.792437651e+00 
1.433836207e+00 1.717213115e+00 1.836484312e+00 
1.341810345e+00 1.401639344e+00 1.621480290e+00 
1.644827586e+00 1.495218579e+00 1.777353178e+00 
1.838793103e+00 1.598360656e+00 1.845132743e+00 
1.381034483e+00 1.457650273e+00 1.638777152e+00 
1.304741379e+00 1.378415301e+00 1.612831858e+00 
1.680172414e+00 1.471994536e+00 1.775140788e+00 
1.457543103e+00 1.730874317e+00 1.846339501e+00 
1.180172414e+00 1.438524590e+00 1.623692679e+00 
1.484482759e+00 1.375000000e+00 1.621480290e+00 
1.097413793e+00 1.297131148e+00 1.476267096e+00 
1.481465517e+00 1.654371585e+00 1.930008045e+00 
1.785344828e+00 1.634562842e+00 1.847345133e+00 
1.132327586e+00 1.399590164e+00 1.486122285e+00 
1.328017241e+00 1.362704918e+00 1.613837490e+00 
1.425000000e+00 1.435109290e+00 1.639782784e+00 
1.140948276e+00 1.477459016e+00 1.639782784e+00 
1.507758621e+00 1.415300546e+00 1.639782784e+00 
1.409482759e+00 1.244535519e+00 1.446098150e+00 
1.406896552e+00 1.250000000e+00 1.361222848e+00 
1.488793103e+00 1.379098361e+00 1.637570394e+00 
1.229310345e+00 1.338114754e+00 1.486122285e+00 
1.287931034e+00 1.280737705e+00 1.484915527e+00 
1.477586207e+00 1.231557377e+00 1.446098150e+00 
1.545689655e+00 1.504098361e+00 1.668744972e+00 
1.438793103e+00 1.234289617e+00 1.458970233e+00 
1.231034483e+00 1.411885246e+00 1.613837490e+00 
1.409482759e+00 1.253415301e+00 1.455953339e+00 
1.454956897e+00 1.750683060e+00 1.847345133e+00 
1.337068966e+00 1.259562842e+00 1.484915527e+00 
1.136637931e+00 1.258196721e+00 1.460176991e+00 
1.275000000e+00 1.277322404e+00 1.468825422e+00 
1.638793103e+00 1.516393443e+00 1.693684634e+00 
1.201293103e+00 1.369535519e+00 1.484915527e+00 
1.439655172e+00 1.400273224e+00 1.637570394e+00 
1.260344828e+00 1.255464481e+00 1.458970233e+00 
1.130172414e+00 1.160519126e+00 1.290225261e+00 
1.088793103e+00 1.219262295e+00 1.322606597e+00 
1.590517241e+00 1.330601093e+00 1.609613837e+00 
1.044396552e+00 1.291666667e+00 1.331255028e+00 
1.141379310e+00 1.162568306e+00 1.331255028e+00 
1.248275862e+00 1.123633880e+00 1.291230893e+00 
1.099568966e+00 1.375683060e+00 1.483909895e+00 
1.673275862e+00 1.492486339e+00 1.692477876e+00 
1.000000000e+00 1.083333333e+00 1.000000000e+00 
1.243103448e+00 1.137295082e+00 1.305309735e+00 
1.000862069e+00 1.111338798e+00 1.167739340e+00 
1.242241379e+00 1.145491803e+00 1.207562349e+00 
1.268965517e+00 1.134562842e+00 1.292437651e+00 
1.275862069e+00 1.148907104e+00 1.317176187e+00 
1.030172414e+00 1.065573770e+00 1.163515688e+00 
1.107758621e+00 1.013661202e+00 1.137570394e+00 
1.107758621e+00 1.000000000e+00 1.000000000e+00 
1.000000000e+00 1.107240437e+00 1.152654867e+00 
1.145689655e+00 1.057377049e+00 1.153660499e+00 
1.030172414e+00 1.051229508e+00 1.000000000e+00 

1.562068966e+00 1.534836066e+00 1.792437651e+00 
1.834482759e+00 1.613387978e+00 1.847345133e+00 
1.668534483e+00 1.743852459e+00 1.930008045e+00 
1.551293103e+00 1.529371585e+00 1.683829445e+00 
1.356681034e+00 1.543032787e+00 1.683829445e+00 
1.304741379e+00 1.378415301e+00 1.612831858e+00 
1.297198276e+00 1.571038251e+00 1.693684634e+00 
1.237931034e+00 1.415983607e+00 1.639782784e+00 
1.338362069e+00 1.585382514e+00 1.776347546e+00 
1.624353448e+00 1.724043716e+00 1.847345133e+00 
1.731034483e+00 1.690573770e+00 1.930008045e+00 
1.702586207e+00 1.714480874e+00 1.862429606e+00 
1.673275862e+00 1.492486339e+00 1.692477876e+00 
1.636206897e+00 1.683743169e+00 1.847345133e+00 
1.252155172e+00 1.596311475e+00 1.709774739e+00 
1.556034483e+00 1.527322404e+00 1.692477876e+00 
1.768103448e+00 1.649590164e+00 1.930008045e+00 
1.595905172e+00 1.730874317e+00 1.846339501e+00 
1.454956897e+00 1.750683060e+00 1.847345133e+00 
1.439655172e+00 1.400273224e+00 1.637570394e+00 
1.574137931e+00 1.513661202e+00 1.692477876e+00 
1.590517241e+00 1.330601093e+00 1.609613837e+00 
1.275000000e+00 1.277322404e+00 1.468825422e+00 
1.260344828e+00 1.255464481e+00 1.458970233e+00 
1.388577586e+00 1.773224044e+00 1.847345133e+00 
1.180172414e+00 1.438524590e+00 1.623692679e+00 
1.132327586e+00 1.399590164e+00 1.486122285e+00 
1.484482759e+00 1.375000000e+00 1.621480290e+00 
1.410344828e+00 1.415300546e+00 1.639782784e+00 
1.488793103e+00 1.379098361e+00 1.637570394e+00 
1.553017241e+00 1.756830601e+00 1.930008045e+00 
1.409482759e+00 1.253415301e+00 1.455953339e+00 
1.409482759e+00 1.244535519e+00 1.446098150e+00 
1.140948276e+00 1.477459016e+00 1.639782784e+00 
1.229310345e+00 1.338114754e+00 1.486122285e+00 
1.287931034e+00 1.280737705e+00 1.484915527e+00 
1.136637931e+00 1.258196721e+00 1.460176991e+00 
1.433836207e+00 1.717213115e+00 1.836484312e+00 
1.314655172e+00 1.598360656e+00 1.766492357e+00 
1.389655172e+00 1.535519126e+00 1.792437651e+00 
1.097413793e+00 1.297131148e+00 1.476267096e+00 
1.438793103e+00 1.234289617e+00 1.458970233e+00 
1.421551724e+00 1.395491803e+00 1.622485921e+00 
1.406896552e+00 1.250000000e+00 1.361222848e+00 
1.099568966e+00 1.375683060e+00 1.483909895e+00 
1.243103448e+00 1.137295082e+00 1.305309735e+00 
1.044396552e+00 1.291666667e+00 1.331255028e+00 
1.337068966e+00 1.259562842e+00 1.484915527e+00 
1.332327586e+00 1.355191257e+00 1.613837490e+00 
1.201293103e+00 1.369535519e+00 1.484915527e+00 
1.248275862e+00 1.123633880e+00 1.291230893e+00 
1.477586207e+00 1.231557377e+00 1.446098150e+00 
1.644827586e+00 1.495218579e+00 1.777353178e+00 
1.242241379e+00 1.145491803e+00 1.207562349e+00 
1.268965517e+00 1.134562842e+00 1.292437651e+00 
1.130172414e+00 1.160519126e+00 1.290225261e+00 
1.141379310e+00 1.162568306e+00 1.331255028e+00 
1.275862069e+00 1.148907104e+00 1.317176187e+00 
1.030172414e+00 1.065573770e+00 1.163515688e+00 
1.088793103e+00 1.219262295e+00 1.322606597e+00 
1.107758621e+00 1.000000000e+00 1.000000000e+00 
1.000862069e+00 1.111338798e+00 1.167739340e+00 
1.000000000e+00 1.107240437e+00 1.152654867e+00 
1.030172414e+00 1.051229508e+00 1.000000000e+00 
1.107758621e+00 1.013661202e+00 1.137570394e+00 
1.000000000e+00 1.083333333e+00 1.000000000e+00 
1.145689655e+00 1.057377049e+00 1.153660499e+00 
