1.598551891e+00 1.597886886e+00 1.829714286e+00 
1.500402253e+00 1.611559975e+00 1.789714286e+00 
1.630193081e+00 1.650714730e+00 1.924190476e+00 
1.262268705e+00 1.543194531e+00 1.645904762e+00 
1.585947707e+00 1.710379117e+00 1.892000000e+00 
1.468489944e+00 1.371037912e+00 1.681714286e+00 
1.474658085e+00 1.810441268e+00 1.865523810e+00 
1.427460177e+00 1.568676196e+00 1.748000000e+00 
1.403325020e+00 1.342448726e+00 1.613523810e+00 
1.497988737e+00 1.671224363e+00 1.816190476e+00 
1.588629928e+00 1.749533872e+00 1.924190476e+00 
1.118262269e+00 1.507768800e+00 1.571428571e+00 
1.271118262e+00 1.601615911e+00 1.681714286e+00 
1.492357200e+00 1.796768179e+00 1.892000000e+00 
1.586484312e+00 1.560596644e+00 1.816190476e+00 
1.202735318e+00 1.345556246e+00 1.567809524e+00 
1.518101368e+00 1.788688626e+00 1.924190476e+00 
1.399302494e+00 1.467992542e+00 1.738095238e+00 
1.519978278e+00 1.536979490e+00 1.789714286e+00 
1.607666935e+00 1.719080174e+00 1.924190476e+00 
1.296057924e+00 1.561218148e+00 1.738095238e+00 
1.300080451e+00 1.342448726e+00 1.603619048e+00 
1.550818182e+00 1.369173400e+00 1.640571429e+00 
1.680072405e+00 1.541330019e+00 1.816190476e+00 
1.185438455e+00 1.354878807e+00 1.603619048e+00 
1.344328238e+00 1.540708515e+00 1.705904762e+00 
1.378921963e+00 1.647607209e+00 1.813904762e+00 
1.389648431e+00 1.378495960e+00 1.681714286e+00 
1.705285599e+00 1.638906153e+00 1.924190476e+00 
1.572271118e+00 1.585456805e+00 1.816190476e+00 
1.364440869e+00 1.376009944e+00 1.619428571e+00 
1.364708769e+00 1.276569298e+00 1.505523810e+00 
1.395816573e+00 1.338719702e+00 1.567809524e+00 
1.456691070e+00 1.737103791e+00 1.823809524e+00 
1.407884151e+00 1.584835301e+00 1.753904762e+00 
1.529364441e+00 1.602858919e+00 1.816190476e+00 
1.323411102e+00 1.414543195e+00 1.619428571e+00 
1.089300080e+00 1.224984462e+00 1.433333333e+00 
1.272190668e+00 1.422622747e+00 1.681714286e+00 
1.403057120e+00 1.301429459e+00 1.532571429e+00 
1.086349960e+00 1.380981976e+00 1.346476190e+00 
1.275140788e+00 1.292728403e+00 1.511428571e+00 
1.089300080e+00 1.201367309e+00 1.325333333e+00 
1.160364441e+00 1.471721566e+00 1.603619048e+00 
1.466076428e+00 1.472343070e+00 1.757523810e+00 
1.567176187e+00 1.467371038e+00 1.753904762e+00 
1.285867257e+00 1.347420758e+00 1.603619048e+00 
1.388576026e+00 1.374145432e+00 1.613523810e+00 
1.086349960e+00 1.394033561e+00 1.495619048e+00 
1.773129525e+00 1.610938471e+00 1.892000000e+00 
1.247251006e+00 1.320696085e+00 1.505523810e+00 
1.247251006e+00 1.281541330e+00 1.495619048e+00 
1.773934031e+00 1.507147296e+00 1.775047619e+00 
1.181818182e+00 1.211932878e+00 1.346476190e+00 
1.377849558e+00 1.615288999e+00 1.757523810e+00 
1.357200322e+00 1.272840273e+00 1.459809524e+00 
1.158755430e+00 1.288999378e+00 1.495619048e+00 
1.414320193e+00 1.270975761e+00 1.470285714e+00 
1.196299276e+00 1.141081417e+00 1.210285714e+00 
1.273531778e+00 1.220012430e+00 1.391619048e+00 
1.234111022e+00 1.144188937e+00 1.242476190e+00 
1.234915527e+00 1.154133002e+00 1.283619048e+00 
1.108608206e+00 1.155376010e+00 1.257142857e+00 
1.236524537e+00 1.185829708e+00 1.362285714e+00 
1.133815768e+00 1.187072716e+00 1.319428571e+00 
1.022526146e+00 1.296457427e+00 1.325333333e+00 
1.000000000e+00 1.076444997e+00 1.075809524e+00 
1.120675784e+00 1.023617154e+00 1.108000000e+00 
1.076427997e+00 1.198881293e+00 1.284190476e+00 
1.174577635e+00 1.422622747e+00 1.511428571e+00 
1.132743363e+00 1.091361094e+00 1.186095238e+00 
1.161705551e+00 1.159105034e+00 1.325333333e+00 
1.069991955e+00 1.089496582e+00 1.149142857e+00 
1.113435237e+00 1.024860162e+00 1.000000000e+00 
1.000000000e+00 1.056556868e+00 1.000000000e+00 
1.068382944e+00 1.117464264e+00 1.170285714e+00 
1.002413516e+00 1.121193288e+00 1.176190476e+00 
1.120675784e+00 1.000000000e+00 1.000000000e+00 
1.113435237e+00 1.054692356e+00 1.134476190e+00 

1.411906677e+00 1.696084525e+00 1.816190476e+00 
1.607666935e+00 1.719080174e+00 1.924190476e+00 
1.255028158e+00 1.318831572e+00 1.509142857e+00 
1.446232502e+00 1.631448104e+00 1.789714286e+00 
1.394744167e+00 1.640770665e+00 1.789714286e+00 
1.349155270e+00 1.597265382e+00 1.757523810e+00 
1.459640386e+00 1.548788067e+00 1.757523810e+00 
1.443282381e+00 1.643256681e+00 1.813904762e+00 
1.411370072e+00 1.529521442e+00 1.738095238e+00 
1.273799678e+00 1.592293350e+00 1.738095238e+00 
1.452936444e+00 1.377874456e+00 1.619428571e+00 
1.456691070e+00 1.562461156e+00 1.789714286e+00 
1.484848753e+00 1.486016159e+00 1.738095238e+00 
1.542236525e+00 1.604723431e+00 1.816190476e+00 
1.395816573e+00 1.338719702e+00 1.567809524e+00 
1.516760257e+00 1.463020510e+00 1.748000000e+00 
1.198712792e+00 1.569297700e+00 1.630095238e+00 
1.271118262e+00 1.601615911e+00 1.681714286e+00 
1.504692679e+00 1.775015538e+00 1.924190476e+00 
1.550818182e+00 1.369173400e+00 1.640571429e+00 
1.551890587e+00 1.650714730e+00 1.865523810e+00 
1.389648431e+00 1.378495960e+00 1.681714286e+00 
1.403057120e+00 1.301429459e+00 1.532571429e+00 
1.515151247e+00 1.674331883e+00 1.816190476e+00 
1.831053902e+00 1.614045991e+00 1.850857143e+00 
1.317511665e+00 1.580484773e+00 1.705904762e+00 
1.178332261e+00 1.372280920e+00 1.603619048e+00 
1.360686243e+00 1.415164699e+00 1.681714286e+00 
1.564226066e+00 1.560596644e+00 1.816190476e+00 
1.461786002e+00 1.512119329e+00 1.789714286e+00 
1.387234916e+00 1.564947172e+00 1.757523810e+00 
1.357200322e+00 1.272840273e+00 1.459809524e+00 
1.407884151e+00 1.717837166e+00 1.892000000e+00 
1.185438455e+00 1.354878807e+00 1.603619048e+00 
1.223920354e+00 1.434431324e+00 1.630095238e+00 
1.272190668e+00 1.422622747e+00 1.681714286e+00 
1.563958166e+00 1.585456805e+00 1.816190476e+00 
1.341914722e+00 1.420136731e+00 1.619428571e+00 
1.588629928e+00 1.749533872e+00 1.924190476e+00 
1.567176187e+00 1.467371038e+00 1.753904762e+00 
1.613298471e+00 1.541330019e+00 1.816190476e+00 
1.275140788e+00 1.292728403e+00 1.511428571e+00 
1.364708769e+00 1.276569298e+00 1.505523810e+00 
1.158755430e+00 1.288999378e+00 1.495619048e+00 
1.247251006e+00 1.320696085e+00 1.505523810e+00 
1.630193081e+00 1.633934121e+00 1.924190476e+00 
1.273531778e+00 1.220012430e+00 1.391619048e+00 
1.633411102e+00 1.622125544e+00 1.892000000e+00 
1.285867257e+00 1.347420758e+00 1.603619048e+00 
1.247251006e+00 1.281541330e+00 1.495619048e+00 
1.086349960e+00 1.394033561e+00 1.495619048e+00 
1.086349960e+00 1.380981976e+00 1.346476190e+00 
1.202735318e+00 1.345556246e+00 1.567809524e+00 
1.174577635e+00 1.422622747e+00 1.511428571e+00 
1.076427997e+00 1.198881293e+00 1.284190476e+00 
1.236524537e+00 1.185829708e+00 1.362285714e+00 
1.234915527e+00 1.154133002e+00 1.283619048e+00 
1.181818182e+00 1.211932878e+00 1.346476190e+00 
1.161705551e+00 1.159105034e+00 1.325333333e+00 
1.089300080e+00 1.201367309e+00 1.325333333e+00 
1.108608206e+00 1.155376010e+00 1.257142857e+00 
1.414320193e+00 1.270975761e+00 1.470285714e+00 
1.196299276e+00 1.141081417e+00 1.210285714e+00 
1.022526146e+00 1.296457427e+00 1.325333333e+00 
1.113435237e+00 1.054692356e+00 1.134476190e+00 
1.002413516e+00 1.121193288e+00 1.176190476e+00 
1.133815768e+00 1.187072716e+00 1.319428571e+00 
1.089300080e+00 1.224984462e+00 1.433333333e+00 
1.113435237e+00 1.024860162e+00 1.000000000e+00 
1.000000000e+00 1.056556868e+00 1.000000000e+00 
1.132743363e+00 1.091361094e+00 1.186095238e+00 
1.000000000e+00 1.076444997e+00 1.075809524e+00 
1.120675784e+00 1.000000000e+00 1.000000000e+00 
1.234111022e+00 1.144188937e+00 1.242476190e+00 
1.120675784e+00 1.023617154e+00 1.108000000e+00 
1.069991955e+00 1.089496582e+00 1.149142857e+00 
1.068382944e+00 1.117464264e+00 1.170285714e+00 

1.507642800e+00 1.651336234e+00 1.813904762e+00 
1.441673371e+00 1.408328154e+00 1.681714286e+00 
1.410297667e+00 1.658794282e+00 1.816190476e+00 
1.300080451e+00 1.342448726e+00 1.603619048e+00 
1.542236525e+00 1.627097576e+00 1.816190476e+00 
1.302761866e+00 1.466128030e+00 1.640000000e+00 
1.517296862e+00 1.657551274e+00 1.924190476e+00 
1.351300885e+00 1.671224363e+00 1.705904762e+00 
1.543845535e+00 1.586078310e+00 1.813904762e+00 
1.285867257e+00 1.347420758e+00 1.603619048e+00 
1.572271118e+00 1.585456805e+00 1.816190476e+00 
1.247251006e+00 1.320696085e+00 1.505523810e+00 
1.507106195e+00 1.436917340e+00 1.789714286e+00 
1.418879324e+00 1.817899316e+00 1.924190476e+00 
1.320193081e+00 1.711000622e+00 1.738095238e+00 
1.178332261e+00 1.372280920e+00 1.603619048e+00 
1.452936444e+00 1.377874456e+00 1.619428571e+00 
1.360954948e+00 1.542573027e+00 1.789714286e+00 
1.773129525e+00 1.610938471e+00 1.892000000e+00 
1.351568785e+00 1.559975140e+00 1.705904762e+00 
1.198712792e+00 1.569297700e+00 1.630095238e+00 
1.385358005e+00 1.515848353e+00 1.753904762e+00 
1.360686243e+00 1.415164699e+00 1.681714286e+00 
1.376240547e+00 1.663144810e+00 1.865523810e+00 
1.320460981e+00 1.458669981e+00 1.681714286e+00 
1.258246179e+00 1.532628962e+00 1.630095238e+00 
1.413515688e+00 1.476072094e+00 1.789714286e+00 
1.086349960e+00 1.380981976e+00 1.346476190e+00 
1.312415929e+00 1.426973275e+00 1.630095238e+00 
1.468489944e+00 1.371037912e+00 1.681714286e+00 
1.402520515e+00 1.390926041e+00 1.630095238e+00 
1.247251006e+00 1.281541330e+00 1.495619048e+00 
1.407884151e+00 1.717837166e+00 1.892000000e+00 
1.603111022e+00 1.619018024e+00 1.823809524e+00 
1.248592116e+00 1.500310752e+00 1.619428571e+00 
1.185438455e+00 1.354878807e+00 1.603619048e+00 
1.273531778e+00 1.220012430e+00 1.391619048e+00 
1.089300080e+00 1.224984462e+00 1.433333333e+00 
1.158755430e+00 1.288999378e+00 1.495619048e+00 
1.395816573e+00 1.338719702e+00 1.567809524e+00 
1.271118262e+00 1.601615911e+00 1.681714286e+00 
1.271922767e+00 1.395276569e+00 1.619428571e+00 
1.613298471e+00 1.541330019e+00 1.816190476e+00 
1.364708769e+00 1.276569298e+00 1.505523810e+00 
1.089300080e+00 1.201367309e+00 1.325333333e+00 
1.275140788e+00 1.292728403e+00 1.511428571e+00 
1.299543846e+00 1.520820385e+00 1.681714286e+00 
1.086349960e+00 1.394033561e+00 1.495619048e+00 
1.550818182e+00 1.369173400e+00 1.640571429e+00 
1.633411102e+00 1.622125544e+00 1.892000000e+00 
1.586484312e+00 1.560596644e+00 1.816190476e+00 
1.317242961e+00 1.483530143e+00 1.681714286e+00 
1.403057120e+00 1.301429459e+00 1.532571429e+00 
1.076427997e+00 1.198881293e+00 1.284190476e+00 
1.414320193e+00 1.270975761e+00 1.470285714e+00 
1.234111022e+00 1.144188937e+00 1.242476190e+00 
1.108608206e+00 1.155376010e+00 1.257142857e+00 
1.174577635e+00 1.422622747e+00 1.511428571e+00 
1.234915527e+00 1.154133002e+00 1.283619048e+00 
1.236524537e+00 1.185829708e+00 1.362285714e+00 
1.357200322e+00 1.272840273e+00 1.459809524e+00 
1.022526146e+00 1.296457427e+00 1.325333333e+00 
1.161705551e+00 1.159105034e+00 1.325333333e+00 
1.330651649e+00 1.438160348e+00 1.645904762e+00 
1.069991955e+00 1.089496582e+00 1.149142857e+00 
1.068382944e+00 1.117464264e+00 1.170285714e+00 
1.196299276e+00 1.141081417e+00 1.210285714e+00 
1.113435237e+00 1.024860162e+00 1.000000000e+00 
1.000000000e+00 1.056556868e+00 1.000000000e+00 
1.000000000e+00 1.076444997e+00 1.075809524e+00 
1.002413516e+00 1.121193288e+00 1.176190476e+00 
1.120675784e+00 1.000000000e+00 1.000000000e+00 
1.120675784e+00 1.023617154e+00 1.108000000e+00 
1.132743363e+00 1.091361094e+00 1.186095238e+00 
1.113435237e+00 1.054692356e+00 1.134476190e+00 
1.133815768e+00 1.187072716e+00 1.319428571e+00 
1.181818182e+00 1.211932878e+00 1.346476190e+00 

1.300080451e+00 1.342448726e+00 1.603619048e+00 
1.248592116e+00 1.500310752e+00 1.619428571e+00 
1.351568785e+00 1.559975140e+00 1.705904762e+00 
1.413515688e+00 1.476072094e+00 1.789714286e+00 
1.334674175e+00 1.579863269e+00 1.715809524e+00 
1.597479485e+00 1.724673710e+00 1.924190476e+00 
1.426387772e+00 1.775015538e+00 1.865523810e+00 
1.358809332e+00 1.722187694e+00 1.816190476e+00 
1.831053902e+00 1.614045991e+00 1.850857143e+00 
1.331456154e+00 1.634555625e+00 1.757523810e+00 
1.322606597e+00 1.558110628e+00 1.695238095e+00 
1.550818182e+00 1.369173400e+00 1.640571429e+00 
2.000000000e+00 1.678060907e+00 1.924190476e+00 
1.696701529e+00 1.643878185e+00 1.865523810e+00 
1.836685438e+00 1.662523306e+00 1.892000000e+00 
1.118262269e+00 1.507768800e+00 1.571428571e+00 
1.567176187e+00 1.467371038e+00 1.753904762e+00 
1.262268705e+00 1.543194531e+00 1.645904762e+00 
1.271118262e+00 1.601615911e+00 1.681714286e+00 
1.492357200e+00 1.796768179e+00 1.892000000e+00 
1.394475463e+00 1.661280298e+00 1.789714286e+00 
1.395816573e+00 1.338719702e+00 1.567809524e+00 
1.387234916e+00 1.564947172e+00 1.757523810e+00 
1.607666935e+00 1.719080174e+00 1.924190476e+00 
1.178332261e+00 1.372280920e+00 1.603619048e+00 
1.388576026e+00 1.374145432e+00 1.613523810e+00 
1.564762671e+00 1.769422001e+00 1.924190476e+00 
1.285867257e+00 1.347420758e+00 1.603619048e+00 
1.349155270e+00 1.597265382e+00 1.757523810e+00 
1.592115849e+00 1.585456805e+00 1.829714286e+00 
1.364708769e+00 1.276569298e+00 1.505523810e+00 
1.530168946e+00 1.469857054e+00 1.695238095e+00 
1.432823813e+00 1.633934121e+00 1.816190476e+00 
1.204344328e+00 1.366687383e+00 1.503238095e+00 
1.247251006e+00 1.320696085e+00 1.505523810e+00 
1.174577635e+00 1.422622747e+00 1.511428571e+00 
1.553767498e+00 1.666873835e+00 1.892000000e+00 
1.273531778e+00 1.220012430e+00 1.391619048e+00 
1.258246179e+00 1.532628962e+00 1.630095238e+00 
1.320193081e+00 1.711000622e+00 1.738095238e+00 
1.272190668e+00 1.422622747e+00 1.681714286e+00 
1.389648431e+00 1.378495960e+00 1.681714286e+00 
1.357200322e+00 1.272840273e+00 1.459809524e+00 
1.086349960e+00 1.380981976e+00 1.346476190e+00 
1.089300080e+00 1.201367309e+00 1.325333333e+00 
1.089300080e+00 1.224984462e+00 1.433333333e+00 
1.247251006e+00 1.281541330e+00 1.495619048e+00 
1.256637168e+00 1.361093847e+00 1.511428571e+00 
1.323411102e+00 1.414543195e+00 1.619428571e+00 
1.086349960e+00 1.394033561e+00 1.495619048e+00 
1.181818182e+00 1.211932878e+00 1.346476190e+00 
1.495038616e+00 1.597265382e+00 1.816190476e+00 
1.403057120e+00 1.301429459e+00 1.532571429e+00 
1.022526146e+00 1.296457427e+00 1.325333333e+00 
1.133815768e+00 1.187072716e+00 1.319428571e+00 
1.236524537e+00 1.185829708e+00 1.362285714e+00 
1.275140788e+00 1.292728403e+00 1.511428571e+00 
1.234111022e+00 1.144188937e+00 1.242476190e+00 
1.113435237e+00 1.024860162e+00 1.000000000e+00 
1.076427997e+00 1.198881293e+00 1.284190476e+00 
1.108608206e+00 1.155376010e+00 1.257142857e+00 
1.414320193e+00 1.270975761e+00 1.470285714e+00 
1.158755430e+00 1.288999378e+00 1.495619048e+00 
1.132743363e+00 1.091361094e+00 1.186095238e+00 
1.196299276e+00 1.141081417e+00 1.210285714e+00 
1.120675784e+00 1.000000000e+00 1.000000000e+00 
1.234915527e+00 1.154133002e+00 1.283619048e+00 
1.069991955e+00 1.089496582e+00 1.149142857e+00 
1.000000000e+00 1.076444997e+00 1.075809524e+00 
1.113435237e+00 1.054692356e+00 1.134476190e+00 
1.068382944e+00 1.117464264e+00 1.170285714e+00 
1.002413516e+00 1.121193288e+00 1.176190476e+00 
1.000000000e+00 1.056556868e+00 1.000000000e+00 
1.161705551e+00 1.159105034e+00 1.325333333e+00 
1.120675784e+00 1.023617154e+00 1.108000000e+00 
1.452936444e+00 1.377874456e+00 1.619428571e+00 

1.331456154e+00 1.634555625e+00 1.757523810e+00 
1.569053097e+00 1.436295836e+00 1.689333333e+00 
1.271118262e+00 1.601615911e+00 1.681714286e+00 
1.388576026e+00 1.374145432e+00 1.613523810e+00 
1.468489944e+00 1.371037912e+00 1.681714286e+00 
1.376508447e+00 1.436295836e+00 1.679428571e+00 
1.429873693e+00 1.451833437e+00 1.681714286e+00 
1.689460981e+00 1.702299565e+00 1.924190476e+00 
1.223920354e+00 1.434431324e+00 1.630095238e+00 
1.613298471e+00 1.541330019e+00 1.816190476e+00 
1.198712792e+00 1.569297700e+00 1.630095238e+00 
1.160364441e+00 1.471721566e+00 1.603619048e+00 
1.662912309e+00 1.654443754e+00 1.892000000e+00 
1.300080451e+00 1.342448726e+00 1.603619048e+00 
1.302761866e+00 1.466128030e+00 1.640000000e+00 
1.330651649e+00 1.438160348e+00 1.645904762e+00 
1.489139179e+00 1.492852704e+00 1.738095238e+00 
1.397425583e+00 1.776880050e+00 1.816190476e+00 
1.567176187e+00 1.467371038e+00 1.753904762e+00 
1.413515688e+00 1.430702300e+00 1.645904762e+00 
1.271922767e+00 1.395276569e+00 1.619428571e+00 
1.550818182e+00 1.369173400e+00 1.640571429e+00 
1.611689461e+00 1.500310752e+00 1.789714286e+00 
1.259587289e+00 1.561218148e+00 1.679428571e+00 
1.118262269e+00 1.507768800e+00 1.571428571e+00 
1.794312148e+00 1.625854568e+00 1.865523810e+00 
1.414320193e+00 1.270975761e+00 1.470285714e+00 
1.646283186e+00 1.456183965e+00 1.789714286e+00 
1.312415929e+00 1.426973275e+00 1.630095238e+00 
1.349155270e+00 1.476693599e+00 1.681714286e+00 
1.645752212e+00 1.650714730e+00 1.850857143e+00 
1.285867257e+00 1.347420758e+00 1.603619048e+00 
1.705285599e+00 1.638906153e+00 1.924190476e+00 
1.441673371e+00 1.408328154e+00 1.681714286e+00 
1.468489944e+00 1.484151647e+00 1.705904762e+00 
1.643604183e+00 1.536357986e+00 1.816190476e+00 
1.275140788e+00 1.292728403e+00 1.511428571e+00 
1.185438455e+00 1.354878807e+00 1.603619048e+00 
1.403325020e+00 1.342448726e+00 1.613523810e+00 
1.416197104e+00 1.560596644e+00 1.816190476e+00 
1.273531778e+00 1.220012430e+00 1.391619048e+00 
1.379994368e+00 1.491609695e+00 1.705904762e+00 
1.241888174e+00 1.666873835e+00 1.738095238e+00 
1.456691070e+00 1.724673710e+00 1.924190476e+00 
1.174577635e+00 1.422622747e+00 1.511428571e+00 
1.262268705e+00 1.543194531e+00 1.645904762e+00 
1.247251006e+00 1.281541330e+00 1.495619048e+00 
1.178332261e+00 1.372280920e+00 1.603619048e+00 
1.364708769e+00 1.276569298e+00 1.505523810e+00 
1.339233307e+00 1.525170914e+00 1.789714286e+00 
1.089300080e+00 1.224984462e+00 1.433333333e+00 
1.158755430e+00 1.288999378e+00 1.495619048e+00 
1.403057120e+00 1.301429459e+00 1.532571429e+00 
1.133815768e+00 1.187072716e+00 1.319428571e+00 
1.234111022e+00 1.144188937e+00 1.242476190e+00 
1.236524537e+00 1.185829708e+00 1.362285714e+00 
1.357200322e+00 1.272840273e+00 1.459809524e+00 
1.089300080e+00 1.201367309e+00 1.325333333e+00 
1.247251006e+00 1.320696085e+00 1.505523810e+00 
1.108608206e+00 1.155376010e+00 1.257142857e+00 
1.086349960e+00 1.394033561e+00 1.495619048e+00 
1.076427997e+00 1.198881293e+00 1.284190476e+00 
1.234915527e+00 1.154133002e+00 1.283619048e+00 
1.181818182e+00 1.211932878e+00 1.346476190e+00 
1.196299276e+00 1.141081417e+00 1.210285714e+00 
1.086349960e+00 1.380981976e+00 1.346476190e+00 
1.022526146e+00 1.296457427e+00 1.325333333e+00 
1.002413516e+00 1.121193288e+00 1.176190476e+00 
1.069991955e+00 1.089496582e+00 1.149142857e+00 
1.068382944e+00 1.117464264e+00 1.170285714e+00 
1.132743363e+00 1.091361094e+00 1.186095238e+00 
1.113435237e+00 1.024860162e+00 1.000000000e+00 
1.120675784e+00 1.000000000e+00 1.000000000e+00 
1.161705551e+00 1.159105034e+00 1.325333333e+00 
1.469026549e+00 1.609695463e+00 1.829714286e+00 
1.000000000e+00 1.056556868e+00 1.000000000e+00 
1.120675784e+00 1.023617154e+00 1.108000000e+00 
1.113435237e+00 1.054692356e+00 1.134476190e+00 
1.000000000e+00 1.076444997e+00 1.075809524e+00 

1.364440869e+00 1.376009944e+00 1.619428571e+00 
1.468489944e+00 1.371037912e+00 1.681714286e+00 
1.420488335e+00 1.487880671e+00 1.689333333e+00 
1.386967015e+00 1.783716594e+00 1.829714286e+00 
1.640120676e+00 1.493474208e+00 1.789714286e+00 
1.497988737e+00 1.594157862e+00 1.789714286e+00 
1.118262269e+00 1.507768800e+00 1.571428571e+00 
1.418610619e+00 1.560596644e+00 1.757523810e+00 
1.415661303e+00 1.623368552e+00 1.789714286e+00 
1.492357200e+00 1.796768179e+00 1.892000000e+00 
1.470903459e+00 1.674331883e+00 1.813904762e+00 
1.394475463e+00 1.661280298e+00 1.789714286e+00 
1.586484312e+00 1.560596644e+00 1.816190476e+00 
1.160364441e+00 1.471721566e+00 1.603619048e+00 
1.330651649e+00 1.438160348e+00 1.645904762e+00 
1.411906677e+00 1.696084525e+00 1.816190476e+00 
1.629927595e+00 1.678682411e+00 1.892000000e+00 
1.740144811e+00 1.499689248e+00 1.816190476e+00 
1.485921158e+00 1.806090740e+00 1.924190476e+00 
1.517296862e+00 1.768178993e+00 1.924190476e+00 
1.299812550e+00 1.619639528e+00 1.681714286e+00 
1.255028158e+00 1.318831572e+00 1.509142857e+00 
1.611689461e+00 1.500310752e+00 1.789714286e+00 
1.575221239e+00 1.736482287e+00 1.892000000e+00 
1.621882542e+00 1.536979490e+00 1.816190476e+00 
1.459372486e+00 1.446861405e+00 1.667047619e+00 
1.550818182e+00 1.369173400e+00 1.640571429e+00 
1.248592116e+00 1.500310752e+00 1.619428571e+00 
1.528827836e+00 1.629583592e+00 1.816190476e+00 
1.542236525e+00 1.604723431e+00 1.816190476e+00 
1.592115849e+00 1.585456805e+00 1.829714286e+00 
1.320460981e+00 1.458669981e+00 1.681714286e+00 
1.577634755e+00 1.577998757e+00 1.816190476e+00 
1.421560740e+00 1.425730267e+00 1.645904762e+00 
1.591579244e+00 1.682411436e+00 1.924190476e+00 
1.429873693e+00 1.451833437e+00 1.681714286e+00 
1.689726468e+00 1.573648229e+00 1.892000000e+00 
1.340037812e+00 1.622747048e+00 1.738095238e+00 
1.185438455e+00 1.354878807e+00 1.603619048e+00 
1.516760257e+00 1.463020510e+00 1.748000000e+00 
1.089300080e+00 1.224984462e+00 1.433333333e+00 
1.357200322e+00 1.272840273e+00 1.459809524e+00 
1.465271923e+00 1.487880671e+00 1.738095238e+00 
1.395816573e+00 1.338719702e+00 1.567809524e+00 
1.385358005e+00 1.515848353e+00 1.753904762e+00 
1.357468222e+00 1.617775016e+00 1.738095238e+00 
1.530973451e+00 1.550031075e+00 1.789714286e+00 
1.403057120e+00 1.301429459e+00 1.532571429e+00 
1.402520515e+00 1.390926041e+00 1.630095238e+00 
1.247251006e+00 1.281541330e+00 1.495619048e+00 
1.551890587e+00 1.650714730e+00 1.865523810e+00 
1.275140788e+00 1.292728403e+00 1.511428571e+00 
1.537409493e+00 1.505904288e+00 1.789714286e+00 
1.312415929e+00 1.426973275e+00 1.630095238e+00 
1.247251006e+00 1.320696085e+00 1.505523810e+00 
1.414320193e+00 1.270975761e+00 1.470285714e+00 
1.331456154e+00 1.634555625e+00 1.757523810e+00 
1.273531778e+00 1.220012430e+00 1.391619048e+00 
1.086349960e+00 1.394033561e+00 1.495619048e+00 
1.388576026e+00 1.374145432e+00 1.613523810e+00 
1.569053097e+00 1.436295836e+00 1.689333333e+00 
1.258246179e+00 1.532628962e+00 1.630095238e+00 
1.196299276e+00 1.141081417e+00 1.210285714e+00 
1.535532582e+00 1.692977004e+00 1.823809524e+00 
1.089300080e+00 1.201367309e+00 1.325333333e+00 
1.076427997e+00 1.198881293e+00 1.284190476e+00 
1.161705551e+00 1.159105034e+00 1.325333333e+00 
1.158755430e+00 1.288999378e+00 1.495619048e+00 
1.174577635e+00 1.422622747e+00 1.511428571e+00 
1.022526146e+00 1.296457427e+00 1.325333333e+00 
1.133815768e+00 1.187072716e+00 1.319428571e+00 
1.086349960e+00 1.380981976e+00 1.346476190e+00 
1.236524537e+00 1.185829708e+00 1.362285714e+00 
1.069991955e+00 1.089496582e+00 1.149142857e+00 
1.234111022e+00 1.144188937e+00 1.242476190e+00 
1.068382944e+00 1.117464264e+00 1.170285714e+00 
1.497988737e+00 1.671224363e+00 1.816190476e+00 
1.113435237e+00 1.054692356e+00 1.134476190e+00 
1.108608206e+00 1.155376010e+00 1.257142857e+00 
1.002413516e+00 1.121193288e+00 1.176190476e+00 
1.364708769e+00 1.276569298e+00 1.505523810e+00 
1.120675784e+00 1.000000000e+00 1.000000000e+00 
1.000000000e+00 1.056556868e+00 1.000000000e+00 
1.000000000e+00 1.076444997e+00 1.075809524e+00 
1.234915527e+00 1.154133002e+00 1.283619048e+00 
1.181818182e+00 1.211932878e+00 1.346476190e+00 
1.132743363e+00 1.091361094e+00 1.186095238e+00 
1.113435237e+00 1.024860162e+00 1.000000000e+00 
1.120675784e+00 1.023617154e+00 1.108000000e+00 

1.596138375e+00 1.674331883e+00 1.892000000e+00 
1.394744167e+00 1.640770665e+00 1.789714286e+00 
1.592115849e+00 1.585456805e+00 1.829714286e+00 
1.545722446e+00 1.536357986e+00 1.757523810e+00 
1.488334674e+00 1.553138595e+00 1.753904762e+00 
1.705285599e+00 1.638906153e+00 1.924190476e+00 
1.452936444e+00 1.377874456e+00 1.619428571e+00 
1.306784393e+00 1.520820385e+00 1.705904762e+00 
1.360686243e+00 1.415164699e+00 1.681714286e+00 
1.468489944e+00 1.484151647e+00 1.705904762e+00 
1.516760257e+00 1.463020510e+00 1.748000000e+00 
1.418879324e+00 1.817899316e+00 1.924190476e+00 
1.550818182e+00 1.369173400e+00 1.640571429e+00 
1.591579244e+00 1.682411436e+00 1.924190476e+00 
1.403057120e+00 1.301429459e+00 1.532571429e+00 
1.285867257e+00 1.347420758e+00 1.603619048e+00 
1.323411102e+00 1.414543195e+00 1.619428571e+00 
1.456691070e+00 1.724673710e+00 1.924190476e+00 
1.567176187e+00 1.467371038e+00 1.753904762e+00 
1.388576026e+00 1.374145432e+00 1.613523810e+00 
1.630193081e+00 1.650714730e+00 1.924190476e+00 
1.198712792e+00 1.569297700e+00 1.630095238e+00 
1.306516492e+00 1.642635177e+00 1.789714286e+00 
1.118262269e+00 1.507768800e+00 1.571428571e+00 
1.377849558e+00 1.615288999e+00 1.757523810e+00 
1.271118262e+00 1.601615911e+00 1.681714286e+00 
1.551890587e+00 1.650714730e+00 1.865523810e+00 
1.455349960e+00 1.480422623e+00 1.689333333e+00 
1.406007241e+00 1.607830951e+00 1.757523810e+00 
1.523732904e+00 1.595400870e+00 1.757523810e+00 
1.158755430e+00 1.288999378e+00 1.495619048e+00 
1.259587289e+00 1.561218148e+00 1.679428571e+00 
1.402520515e+00 1.390926041e+00 1.630095238e+00 
1.407884151e+00 1.717837166e+00 1.892000000e+00 
1.185438455e+00 1.354878807e+00 1.603619048e+00 
1.255028158e+00 1.318831572e+00 1.509142857e+00 
1.317242961e+00 1.483530143e+00 1.681714286e+00 
1.646283186e+00 1.456183965e+00 1.789714286e+00 
1.262268705e+00 1.543194531e+00 1.645904762e+00 
1.468489944e+00 1.371037912e+00 1.681714286e+00 
1.247251006e+00 1.281541330e+00 1.495619048e+00 
1.495038616e+00 1.597265382e+00 1.816190476e+00 
1.273531778e+00 1.220012430e+00 1.391619048e+00 
1.312148029e+00 1.506525792e+00 1.645904762e+00 
1.357200322e+00 1.272840273e+00 1.459809524e+00 
1.272727273e+00 1.646985705e+00 1.738095238e+00 
1.586484312e+00 1.560596644e+00 1.816190476e+00 
1.414320193e+00 1.270975761e+00 1.470285714e+00 
1.160364441e+00 1.471721566e+00 1.603619048e+00 
1.330651649e+00 1.438160348e+00 1.645904762e+00 
1.349155270e+00 1.476693599e+00 1.681714286e+00 
1.489139179e+00 1.492852704e+00 1.738095238e+00 
1.089300080e+00 1.201367309e+00 1.325333333e+00 
1.404934031e+00 1.678060907e+00 1.816190476e+00 
1.086349960e+00 1.380981976e+00 1.346476190e+00 
1.398230088e+00 1.522684897e+00 1.738095238e+00 
1.247251006e+00 1.320696085e+00 1.505523810e+00 
1.302761866e+00 1.466128030e+00 1.640000000e+00 
1.086349960e+00 1.394033561e+00 1.495619048e+00 
1.089300080e+00 1.224984462e+00 1.433333333e+00 
1.275140788e+00 1.292728403e+00 1.511428571e+00 
1.364708769e+00 1.276569298e+00 1.505523810e+00 
1.174577635e+00 1.422622747e+00 1.511428571e+00 
1.234111022e+00 1.144188937e+00 1.242476190e+00 
1.621882542e+00 1.536979490e+00 1.816190476e+00 
1.223920354e+00 1.434431324e+00 1.630095238e+00 
1.133815768e+00 1.187072716e+00 1.319428571e+00 
1.108608206e+00 1.155376010e+00 1.257142857e+00 
1.444086887e+00 1.519577377e+00 1.748000000e+00 
1.471440064e+00 1.659415786e+00 1.816190476e+00 
1.236524537e+00 1.185829708e+00 1.362285714e+00 
1.196299276e+00 1.141081417e+00 1.210285714e+00 
1.068382944e+00 1.117464264e+00 1.170285714e+00 
1.161705551e+00 1.159105034e+00 1.325333333e+00 
1.069991955e+00 1.089496582e+00 1.149142857e+00 
1.000000000e+00 1.076444997e+00 1.075809524e+00 
1.181818182e+00 1.211932878e+00 1.346476190e+00 
1.076427997e+00 1.198881293e+00 1.284190476e+00 
1.120675784e+00 1.023617154e+00 1.108000000e+00 
1.000000000e+00 1.056556868e+00 1.000000000e+00 
1.120675784e+00 1.000000000e+00 1.000000000e+00 
1.132743363e+00 1.091361094e+00 1.186095238e+00 
1.234915527e+00 1.154133002e+00 1.283619048e+00 
1.022526146e+00 1.296457427e+00 1.325333333e+00 
1.002413516e+00 1.121193288e+00 1.176190476e+00 
1.113435237e+00 1.054692356e+00 1.134476190e+00 
1.113435237e+00 1.024860162e+00 1.000000000e+00 

1.462858407e+00 1.525170914e+00 1.789714286e+00 
1.469563154e+00 1.500932256e+00 1.738095238e+00 
1.550818182e+00 1.369173400e+00 1.640571429e+00 
1.419147224e+00 1.699813549e+00 1.865523810e+00 
1.178332261e+00 1.372280920e+00 1.603619048e+00 
1.629927595e+00 1.678682411e+00 1.892000000e+00 
1.272190668e+00 1.422622747e+00 1.681714286e+00 
1.446232502e+00 1.631448104e+00 1.789714286e+00 
1.802896219e+00 1.599129894e+00 1.892000000e+00 
1.455082060e+00 1.793660659e+00 1.924190476e+00 
1.349155270e+00 1.597265382e+00 1.757523810e+00 
1.341914722e+00 1.420136731e+00 1.619428571e+00 
1.621882542e+00 1.536979490e+00 1.816190476e+00 
1.300080451e+00 1.342448726e+00 1.603619048e+00 
1.592115849e+00 1.585456805e+00 1.829714286e+00 
1.543845535e+00 1.586078310e+00 1.813904762e+00 
1.582998391e+00 1.688004972e+00 1.823809524e+00 
1.198712792e+00 1.569297700e+00 1.630095238e+00 
1.740144811e+00 1.499689248e+00 1.816190476e+00 
1.705285599e+00 1.638906153e+00 1.924190476e+00 
1.420488335e+00 1.487880671e+00 1.689333333e+00 
1.413515688e+00 1.524549410e+00 1.721714286e+00 
1.643604183e+00 1.536357986e+00 1.816190476e+00 
1.650040225e+00 1.695463021e+00 1.924190476e+00 
1.583534191e+00 1.662523306e+00 1.823809524e+00 
1.262268705e+00 1.543194531e+00 1.645904762e+00 
1.418879324e+00 1.817899316e+00 1.924190476e+00 
1.507106195e+00 1.436917340e+00 1.789714286e+00 
1.271118262e+00 1.601615911e+00 1.681714286e+00 
1.495038616e+00 1.597265382e+00 1.816190476e+00 
1.324752212e+00 1.729645743e+00 1.705904762e+00 
1.258246179e+00 1.532628962e+00 1.630095238e+00 
1.535532582e+00 1.692977004e+00 1.823809524e+00 
1.086349960e+00 1.380981976e+00 1.346476190e+00 
1.699380531e+00 1.694841516e+00 1.924190476e+00 
1.275140788e+00 1.292728403e+00 1.511428571e+00 
1.364708769e+00 1.276569298e+00 1.505523810e+00 
1.185438455e+00 1.354878807e+00 1.603619048e+00 
1.357200322e+00 1.272840273e+00 1.459809524e+00 
1.118262269e+00 1.507768800e+00 1.571428571e+00 
1.086349960e+00 1.394033561e+00 1.495619048e+00 
1.468489944e+00 1.371037912e+00 1.681714286e+00 
1.158755430e+00 1.288999378e+00 1.495619048e+00 
1.160364441e+00 1.471721566e+00 1.603619048e+00 
1.403057120e+00 1.301429459e+00 1.532571429e+00 
1.633411102e+00 1.622125544e+00 1.892000000e+00 
1.545454545e+00 1.697949037e+00 1.829714286e+00 
1.388576026e+00 1.374145432e+00 1.613523810e+00 
1.161705551e+00 1.159105034e+00 1.325333333e+00 
1.273531778e+00 1.220012430e+00 1.391619048e+00 
1.247251006e+00 1.281541330e+00 1.495619048e+00 
1.247251006e+00 1.320696085e+00 1.505523810e+00 
1.236524537e+00 1.185829708e+00 1.362285714e+00 
1.452936444e+00 1.377874456e+00 1.619428571e+00 
1.108608206e+00 1.155376010e+00 1.257142857e+00 
1.089300080e+00 1.201367309e+00 1.325333333e+00 
1.414320193e+00 1.270975761e+00 1.470285714e+00 
1.133815768e+00 1.187072716e+00 1.319428571e+00 
1.387234916e+00 1.564947172e+00 1.757523810e+00 
1.607666935e+00 1.719080174e+00 1.924190476e+00 
1.174577635e+00 1.422622747e+00 1.511428571e+00 
1.196299276e+00 1.141081417e+00 1.210285714e+00 
1.234111022e+00 1.144188937e+00 1.242476190e+00 
1.360686243e+00 1.415164699e+00 1.681714286e+00 
1.120675784e+00 1.000000000e+00 1.000000000e+00 
1.113435237e+00 1.054692356e+00 1.134476190e+00 
1.181818182e+00 1.211932878e+00 1.346476190e+00 
1.113435237e+00 1.024860162e+00 1.000000000e+00 
1.068382944e+00 1.117464264e+00 1.170285714e+00 
1.000000000e+00 1.076444997e+00 1.075809524e+00 
1.234915527e+00 1.154133002e+00 1.283619048e+00 
1.076427997e+00 1.198881293e+00 1.284190476e+00 
1.000000000e+00 1.056556868e+00 1.000000000e+00 
1.089300080e+00 1.224984462e+00 1.433333333e+00 
1.022526146e+00 1.296457427e+00 1.325333333e+00 
1.120675784e+00 1.023617154e+00 1.108000000e+00 
1.002413516e+00 1.121193288e+00 1.176190476e+00 
1.069991955e+00 1.089496582e+00 1.149142857e+00 
1.132743363e+00 1.091361094e+00 1.186095238e+00 

1.436846340e+00 1.586078310e+00 1.738095238e+00 
1.543577635e+00 1.761342449e+00 1.865523810e+00 
1.633411102e+00 1.622125544e+00 1.892000000e+00 
1.160364441e+00 1.471721566e+00 1.603619048e+00 
1.317242961e+00 1.483530143e+00 1.681714286e+00 
1.545454545e+00 1.769422001e+00 1.924190476e+00 
1.404934031e+00 1.678060907e+00 1.816190476e+00 
1.455082060e+00 1.793660659e+00 1.924190476e+00 
1.349155270e+00 1.597265382e+00 1.757523810e+00 
1.621882542e+00 1.536979490e+00 1.816190476e+00 
1.543845535e+00 1.586078310e+00 1.813904762e+00 
1.223920354e+00 1.434431324e+00 1.630095238e+00 
1.285867257e+00 1.347420758e+00 1.603619048e+00 
1.488871279e+00 1.660658794e+00 1.823809524e+00 
1.273531778e+00 1.220012430e+00 1.391619048e+00 
1.456691070e+00 1.737103791e+00 1.823809524e+00 
1.379994368e+00 1.491609695e+00 1.705904762e+00 
1.559935640e+00 1.614045991e+00 1.865523810e+00 
1.462858407e+00 1.525170914e+00 1.789714286e+00 
1.452936444e+00 1.377874456e+00 1.619428571e+00 
1.642534191e+00 1.502796768e+00 1.775047619e+00 
1.271118262e+00 1.601615911e+00 1.681714286e+00 
1.300080451e+00 1.342448726e+00 1.603619048e+00 
1.241888174e+00 1.666873835e+00 1.738095238e+00 
1.462053902e+00 1.587942822e+00 1.748000000e+00 
1.395816573e+00 1.338719702e+00 1.567809524e+00 
1.516760257e+00 1.500310752e+00 1.738095238e+00 
1.351568785e+00 1.559975140e+00 1.705904762e+00 
1.389648431e+00 1.378495960e+00 1.681714286e+00 
1.158755430e+00 1.288999378e+00 1.495619048e+00 
1.299543846e+00 1.520820385e+00 1.681714286e+00 
1.613572003e+00 1.761963953e+00 1.924190476e+00 
1.673909895e+00 1.695463021e+00 1.924190476e+00 
1.468489944e+00 1.371037912e+00 1.681714286e+00 
1.312148029e+00 1.506525792e+00 1.645904762e+00 
1.275140788e+00 1.292728403e+00 1.511428571e+00 
1.247251006e+00 1.281541330e+00 1.495619048e+00 
1.174577635e+00 1.422622747e+00 1.511428571e+00 
1.364708769e+00 1.276569298e+00 1.505523810e+00 
1.185438455e+00 1.354878807e+00 1.603619048e+00 
1.086349960e+00 1.380981976e+00 1.346476190e+00 
1.403057120e+00 1.301429459e+00 1.532571429e+00 
1.247251006e+00 1.320696085e+00 1.505523810e+00 
1.086349960e+00 1.394033561e+00 1.495619048e+00 
1.567176187e+00 1.467371038e+00 1.753904762e+00 
1.234111022e+00 1.144188937e+00 1.242476190e+00 
1.357200322e+00 1.272840273e+00 1.459809524e+00 
1.108608206e+00 1.155376010e+00 1.257142857e+00 
1.133815768e+00 1.187072716e+00 1.319428571e+00 
1.089300080e+00 1.224984462e+00 1.433333333e+00 
1.414320193e+00 1.270975761e+00 1.470285714e+00 
1.271922767e+00 1.395276569e+00 1.619428571e+00 
1.234915527e+00 1.154133002e+00 1.283619048e+00 
1.089300080e+00 1.201367309e+00 1.325333333e+00 
1.161705551e+00 1.159105034e+00 1.325333333e+00 
1.196299276e+00 1.141081417e+00 1.210285714e+00 
1.076427997e+00 1.198881293e+00 1.284190476e+00 
1.181818182e+00 1.211932878e+00 1.346476190e+00 
1.068382944e+00 1.117464264e+00 1.170285714e+00 
1.312148029e+00 1.603480423e+00 1.738095238e+00 
1.022526146e+00 1.296457427e+00 1.325333333e+00 
1.236524537e+00 1.185829708e+00 1.362285714e+00 
1.000000000e+00 1.076444997e+00 1.075809524e+00 
1.113435237e+00 1.054692356e+00 1.134476190e+00 
1.113435237e+00 1.024860162e+00 1.000000000e+00 
1.002413516e+00 1.121193288e+00 1.176190476e+00 
1.069991955e+00 1.089496582e+00 1.149142857e+00 
1.132743363e+00 1.091361094e+00 1.186095238e+00 
1.000000000e+00 1.056556868e+00 1.000000000e+00 
1.120675784e+00 1.000000000e+00 1.000000000e+00 
1.120675784e+00 1.023617154e+00 1.108000000e+00 

1.272190668e+00 1.422622747e+00 1.681714286e+00 
1.444086887e+00 1.683032940e+00 1.924190476e+00 
1.234647627e+00 1.517712865e+00 1.738095238e+00 
1.544917940e+00 1.464885022e+00 1.757523810e+00 
1.452936444e+00 1.377874456e+00 1.619428571e+00 
1.619469027e+00 1.612181479e+00 1.924190476e+00 
1.454813355e+00 1.617153511e+00 1.816190476e+00 
1.567444087e+00 1.586699814e+00 1.813904762e+00 
1.542236525e+00 1.533250466e+00 1.742857143e+00 
1.388576026e+00 1.374145432e+00 1.613523810e+00 
1.360686243e+00 1.415164699e+00 1.681714286e+00 
1.436846340e+00 1.791796147e+00 1.892000000e+00 
1.235183427e+00 1.382846489e+00 1.571428571e+00 
1.531777957e+00 1.646985705e+00 1.829714286e+00 
1.588093323e+00 1.561839652e+00 1.789714286e+00 
1.221775543e+00 1.491609695e+00 1.588952381e+00 
1.465271923e+00 1.487880671e+00 1.738095238e+00 
1.643604183e+00 1.536357986e+00 1.816190476e+00 
1.218020917e+00 1.518955873e+00 1.603619048e+00 
1.271922767e+00 1.395276569e+00 1.619428571e+00 
1.640120676e+00 1.493474208e+00 1.789714286e+00 
1.495038616e+00 1.597265382e+00 1.816190476e+00 
1.441673371e+00 1.408328154e+00 1.681714286e+00 
1.394475463e+00 1.661280298e+00 1.789714286e+00 
1.410297667e+00 1.658794282e+00 1.816190476e+00 
1.397425583e+00 1.776880050e+00 1.816190476e+00 
1.387234916e+00 1.564947172e+00 1.757523810e+00 
1.223920354e+00 1.434431324e+00 1.630095238e+00 
1.395279968e+00 1.513362337e+00 1.705904762e+00 
1.446232502e+00 1.631448104e+00 1.789714286e+00 
1.403057120e+00 1.301429459e+00 1.532571429e+00 
1.611689461e+00 1.500310752e+00 1.789714286e+00 
1.630732100e+00 1.580484773e+00 1.816190476e+00 
1.285867257e+00 1.347420758e+00 1.603619048e+00 
1.715205149e+00 1.597886886e+00 1.829714286e+00 
1.364708769e+00 1.276569298e+00 1.505523810e+00 
1.089300080e+00 1.224984462e+00 1.433333333e+00 
1.086349960e+00 1.394033561e+00 1.495619048e+00 
1.198712792e+00 1.569297700e+00 1.630095238e+00 
1.089300080e+00 1.201367309e+00 1.325333333e+00 
1.247251006e+00 1.320696085e+00 1.505523810e+00 
1.133815768e+00 1.187072716e+00 1.319428571e+00 
1.468489944e+00 1.371037912e+00 1.681714286e+00 
1.544650040e+00 1.511497825e+00 1.753904762e+00 
1.247251006e+00 1.281541330e+00 1.495619048e+00 
1.174577635e+00 1.422622747e+00 1.511428571e+00 
1.357200322e+00 1.272840273e+00 1.459809524e+00 
1.086349960e+00 1.380981976e+00 1.346476190e+00 
1.273531778e+00 1.220012430e+00 1.391619048e+00 
1.586484312e+00 1.556246116e+00 1.775047619e+00 
1.158755430e+00 1.288999378e+00 1.495619048e+00 
1.076427997e+00 1.198881293e+00 1.284190476e+00 
1.181818182e+00 1.211932878e+00 1.346476190e+00 
1.236524537e+00 1.185829708e+00 1.362285714e+00 
1.414320193e+00 1.270975761e+00 1.470285714e+00 
1.161705551e+00 1.159105034e+00 1.325333333e+00 
1.275140788e+00 1.292728403e+00 1.511428571e+00 
1.202735318e+00 1.345556246e+00 1.567809524e+00 
1.196299276e+00 1.141081417e+00 1.210285714e+00 
1.612767498e+00 1.643878185e+00 1.823809524e+00 
1.234915527e+00 1.154133002e+00 1.283619048e+00 
1.022526146e+00 1.296457427e+00 1.325333333e+00 
1.132743363e+00 1.091361094e+00 1.186095238e+00 
1.108608206e+00 1.155376010e+00 1.257142857e+00 
1.113435237e+00 1.054692356e+00 1.134476190e+00 
1.120675784e+00 1.000000000e+00 1.000000000e+00 
1.000000000e+00 1.076444997e+00 1.075809524e+00 
1.069991955e+00 1.089496582e+00 1.149142857e+00 
1.120675784e+00 1.023617154e+00 1.108000000e+00 
1.068382944e+00 1.117464264e+00 1.170285714e+00 
1.000000000e+00 1.056556868e+00 1.000000000e+00 
1.002413516e+00 1.121193288e+00 1.176190476e+00 
1.113435237e+00 1.024860162e+00 1.000000000e+00 
1.234111022e+00 1.144188937e+00 1.242476190e+00 

1.433896219e+00 1.521441889e+00 1.705904762e+00 
1.607666935e+00 1.719080174e+00 1.924190476e+00 
1.185572808e+00 1.521441889e+00 1.603619048e+00 
1.424778761e+00 1.552517091e+00 1.753904762e+00 
1.272190668e+00 1.422622747e+00 1.681714286e+00 
1.455082060e+00 1.793660659e+00 1.924190476e+00 
1.360686243e+00 1.415164699e+00 1.681714286e+00 
1.718688656e+00 1.607209447e+00 1.924190476e+00 
1.476267096e+00 1.709757613e+00 1.829714286e+00 
1.411370072e+00 1.529521442e+00 1.738095238e+00 
1.204344328e+00 1.366687383e+00 1.503238095e+00 
1.118262269e+00 1.507768800e+00 1.571428571e+00 
1.643604183e+00 1.536357986e+00 1.816190476e+00 
1.413515688e+00 1.524549410e+00 1.721714286e+00 
1.402252615e+00 1.402734618e+00 1.619428571e+00 
1.218825422e+00 1.491609695e+00 1.535619048e+00 
1.550818182e+00 1.369173400e+00 1.640571429e+00 
1.538750603e+00 1.500932256e+00 1.789714286e+00 
1.441673371e+00 1.408328154e+00 1.681714286e+00 
1.452936444e+00 1.377874456e+00 1.619428571e+00 
1.619469027e+00 1.612181479e+00 1.924190476e+00 
1.689726468e+00 1.573648229e+00 1.892000000e+00 
1.466076428e+00 1.472343070e+00 1.757523810e+00 
1.262268705e+00 1.543194531e+00 1.645904762e+00 
1.530973451e+00 1.550031075e+00 1.789714286e+00 
1.285867257e+00 1.373523928e+00 1.561904762e+00 
1.158755430e+00 1.288999378e+00 1.495619048e+00 
1.279163315e+00 1.395276569e+00 1.571428571e+00 
1.322606597e+00 1.558110628e+00 1.695238095e+00 
1.317511665e+00 1.580484773e+00 1.705904762e+00 
1.601769912e+00 1.687383468e+00 1.823809524e+00 
1.468489944e+00 1.371037912e+00 1.681714286e+00 
1.576830249e+00 1.702921069e+00 1.829714286e+00 
1.437382944e+00 1.549409571e+00 1.748000000e+00 
1.388576026e+00 1.374145432e+00 1.613523810e+00 
1.407884151e+00 1.717837166e+00 1.892000000e+00 
1.341914722e+00 1.420136731e+00 1.619428571e+00 
1.327701529e+00 1.568054692e+00 1.816190476e+00 
1.223920354e+00 1.434431324e+00 1.630095238e+00 
1.255028158e+00 1.318831572e+00 1.509142857e+00 
1.588629928e+00 1.749533872e+00 1.924190476e+00 
1.086349960e+00 1.394033561e+00 1.495619048e+00 
1.364708769e+00 1.276569298e+00 1.505523810e+00 
1.646283186e+00 1.456183965e+00 1.789714286e+00 
1.221775543e+00 1.491609695e+00 1.588952381e+00 
1.403057120e+00 1.301429459e+00 1.532571429e+00 
1.275140788e+00 1.292728403e+00 1.511428571e+00 
1.357200322e+00 1.272840273e+00 1.459809524e+00 
1.271118262e+00 1.601615911e+00 1.681714286e+00 
1.174577635e+00 1.422622747e+00 1.511428571e+00 
1.247251006e+00 1.281541330e+00 1.495619048e+00 
1.247251006e+00 1.320696085e+00 1.505523810e+00 
1.089300080e+00 1.201367309e+00 1.325333333e+00 
1.586484312e+00 1.560596644e+00 1.816190476e+00 
1.273531778e+00 1.220012430e+00 1.391619048e+00 
1.230893001e+00 1.415786203e+00 1.603619048e+00 
1.256637168e+00 1.361093847e+00 1.511428571e+00 
1.236524537e+00 1.185829708e+00 1.362285714e+00 
1.089300080e+00 1.224984462e+00 1.433333333e+00 
1.108608206e+00 1.155376010e+00 1.257142857e+00 
1.181818182e+00 1.211932878e+00 1.346476190e+00 
1.133815768e+00 1.187072716e+00 1.319428571e+00 
1.234111022e+00 1.144188937e+00 1.242476190e+00 
1.076427997e+00 1.198881293e+00 1.284190476e+00 
1.132743363e+00 1.091361094e+00 1.186095238e+00 
1.414320193e+00 1.270975761e+00 1.470285714e+00 
1.196299276e+00 1.141081417e+00 1.210285714e+00 
1.002413516e+00 1.121193288e+00 1.176190476e+00 
1.113435237e+00 1.024860162e+00 1.000000000e+00 
1.161705551e+00 1.159105034e+00 1.325333333e+00 
1.069991955e+00 1.089496582e+00 1.149142857e+00 
1.300080451e+00 1.342448726e+00 1.603619048e+00 
1.234915527e+00 1.154133002e+00 1.283619048e+00 
1.000000000e+00 1.076444997e+00 1.075809524e+00 
1.086349960e+00 1.380981976e+00 1.346476190e+00 
1.068382944e+00 1.117464264e+00 1.170285714e+00 
1.120675784e+00 1.023617154e+00 1.108000000e+00 
1.120675784e+00 1.000000000e+00 1.000000000e+00 
1.022526146e+00 1.296457427e+00 1.325333333e+00 
1.000000000e+00 1.056556868e+00 1.000000000e+00 
1.113435237e+00 1.054692356e+00 1.134476190e+00 

1.344328238e+00 1.540708515e+00 1.705904762e+00 
1.198712792e+00 1.569297700e+00 1.630095238e+00 
1.572271118e+00 1.585456805e+00 1.816190476e+00 
1.413515688e+00 1.524549410e+00 1.721714286e+00 
1.740144811e+00 1.499689248e+00 1.816190476e+00 
1.320193081e+00 1.711000622e+00 1.738095238e+00 
1.456691070e+00 1.724673710e+00 1.924190476e+00 
1.185438455e+00 1.354878807e+00 1.603619048e+00 
1.567444087e+00 1.586699814e+00 1.813904762e+00 
1.598551891e+00 1.597886886e+00 1.829714286e+00 
1.596138375e+00 1.670602859e+00 1.924190476e+00 
1.271118262e+00 1.601615911e+00 1.681714286e+00 
1.468489944e+00 1.371037912e+00 1.681714286e+00 
1.423169751e+00 1.674953387e+00 1.865523810e+00 
1.598551891e+00 1.611559975e+00 1.865523810e+00 
1.360686243e+00 1.415164699e+00 1.681714286e+00 
1.160364441e+00 1.471721566e+00 1.603619048e+00 
1.202735318e+00 1.345556246e+00 1.567809524e+00 
1.330651649e+00 1.438160348e+00 1.645904762e+00 
1.275140788e+00 1.292728403e+00 1.511428571e+00 
1.223920354e+00 1.434431324e+00 1.630095238e+00 
1.388576026e+00 1.374145432e+00 1.613523810e+00 
1.544917940e+00 1.464885022e+00 1.757523810e+00 
1.531777957e+00 1.521441889e+00 1.705904762e+00 
1.441673371e+00 1.408328154e+00 1.681714286e+00 
1.178332261e+00 1.372280920e+00 1.603619048e+00 
1.089300080e+00 1.224984462e+00 1.433333333e+00 
1.273531778e+00 1.220012430e+00 1.391619048e+00 
1.452936444e+00 1.377874456e+00 1.619428571e+00 
1.349155270e+00 1.597265382e+00 1.757523810e+00 
1.403057120e+00 1.301429459e+00 1.532571429e+00 
1.364708769e+00 1.276569298e+00 1.505523810e+00 
1.378921963e+00 1.537600994e+00 1.789714286e+00 
1.247251006e+00 1.281541330e+00 1.495619048e+00 
1.312148029e+00 1.506525792e+00 1.645904762e+00 
1.247251006e+00 1.320696085e+00 1.505523810e+00 
1.158755430e+00 1.288999378e+00 1.495619048e+00 
1.621882542e+00 1.536979490e+00 1.816190476e+00 
1.086349960e+00 1.380981976e+00 1.346476190e+00 
1.174577635e+00 1.422622747e+00 1.511428571e+00 
1.357200322e+00 1.272840273e+00 1.459809524e+00 
1.086349960e+00 1.394033561e+00 1.495619048e+00 
1.471440064e+00 1.659415786e+00 1.816190476e+00 
1.414320193e+00 1.270975761e+00 1.470285714e+00 
1.234915527e+00 1.154133002e+00 1.283619048e+00 
1.390185036e+00 1.520820385e+00 1.695238095e+00 
1.181818182e+00 1.211932878e+00 1.346476190e+00 
1.312415929e+00 1.426973275e+00 1.630095238e+00 
1.538213998e+00 1.611559975e+00 1.813904762e+00 
1.076427997e+00 1.198881293e+00 1.284190476e+00 
1.236524537e+00 1.185829708e+00 1.362285714e+00 
1.234111022e+00 1.144188937e+00 1.242476190e+00 
1.271922767e+00 1.395276569e+00 1.619428571e+00 
1.161705551e+00 1.159105034e+00 1.325333333e+00 
1.133815768e+00 1.187072716e+00 1.319428571e+00 
1.022526146e+00 1.296457427e+00 1.325333333e+00 
1.089300080e+00 1.201367309e+00 1.325333333e+00 
1.196299276e+00 1.141081417e+00 1.210285714e+00 
1.069991955e+00 1.089496582e+00 1.149142857e+00 
1.113435237e+00 1.024860162e+00 1.000000000e+00 
1.120675784e+00 1.023617154e+00 1.108000000e+00 
1.108608206e+00 1.155376010e+00 1.257142857e+00 
1.132743363e+00 1.091361094e+00 1.186095238e+00 
1.120675784e+00 1.000000000e+00 1.000000000e+00 
1.317242961e+00 1.483530143e+00 1.681714286e+00 
1.113435237e+00 1.054692356e+00 1.134476190e+00 
1.068382944e+00 1.117464264e+00 1.170285714e+00 
1.000000000e+00 1.076444997e+00 1.075809524e+00 
1.002413516e+00 1.121193288e+00 1.176190476e+00 
1.000000000e+00 1.056556868e+00 1.000000000e+00 

1.643604183e+00 1.536357986e+00 1.816190476e+00 
1.395816573e+00 1.338719702e+00 1.567809524e+00 
1.218020917e+00 1.525170914e+00 1.630095238e+00 
1.160364441e+00 1.471721566e+00 1.603619048e+00 
1.394475463e+00 1.661280298e+00 1.789714286e+00 
1.586484312e+00 1.560596644e+00 1.816190476e+00 
1.440332261e+00 1.541330019e+00 1.757523810e+00 
1.302761866e+00 1.466128030e+00 1.640000000e+00 
1.621882542e+00 1.536979490e+00 1.816190476e+00 
1.271922767e+00 1.395276569e+00 1.619428571e+00 
1.285867257e+00 1.347420758e+00 1.603619048e+00 
1.389648431e+00 1.378495960e+00 1.681714286e+00 
1.572271118e+00 1.585456805e+00 1.816190476e+00 
1.381872084e+00 1.716594158e+00 1.813904762e+00 
1.592115849e+00 1.585456805e+00 1.829714286e+00 
1.466076428e+00 1.500310752e+00 1.789714286e+00 
1.358809332e+00 1.722187694e+00 1.816190476e+00 
1.544917940e+00 1.464885022e+00 1.757523810e+00 
1.619469027e+00 1.612181479e+00 1.924190476e+00 
1.456691070e+00 1.724673710e+00 1.924190476e+00 
1.567444087e+00 1.586699814e+00 1.813904762e+00 
1.174577635e+00 1.422622747e+00 1.511428571e+00 
1.317242961e+00 1.483530143e+00 1.681714286e+00 
1.448913918e+00 1.614667495e+00 1.816190476e+00 
1.468489944e+00 1.371037912e+00 1.681714286e+00 
1.377849558e+00 1.615288999e+00 1.757523810e+00 
1.300080451e+00 1.342448726e+00 1.603619048e+00 
1.256637168e+00 1.361093847e+00 1.511428571e+00 
1.502011263e+00 1.714729646e+00 1.829714286e+00 
1.415661303e+00 1.623368552e+00 1.789714286e+00 
1.235183427e+00 1.382846489e+00 1.571428571e+00 
1.495038616e+00 1.597265382e+00 1.816190476e+00 
1.531777957e+00 1.646985705e+00 1.829714286e+00 
1.455349960e+00 1.480422623e+00 1.689333333e+00 
1.570394208e+00 1.614045991e+00 1.865523810e+00 
1.364708769e+00 1.276569298e+00 1.505523810e+00 
1.433628319e+00 1.528278434e+00 1.753904762e+00 
1.234647627e+00 1.517712865e+00 1.738095238e+00 
1.360686243e+00 1.415164699e+00 1.681714286e+00 
1.273531778e+00 1.220012430e+00 1.391619048e+00 
1.489139179e+00 1.492852704e+00 1.738095238e+00 
1.403057120e+00 1.301429459e+00 1.532571429e+00 
1.320460981e+00 1.458669981e+00 1.681714286e+00 
1.330651649e+00 1.438160348e+00 1.645904762e+00 
1.312148029e+00 1.506525792e+00 1.645904762e+00 
1.086349960e+00 1.380981976e+00 1.346476190e+00 
1.198712792e+00 1.569297700e+00 1.630095238e+00 
1.158755430e+00 1.288999378e+00 1.495619048e+00 
1.275140788e+00 1.292728403e+00 1.511428571e+00 
1.414320193e+00 1.270975761e+00 1.470285714e+00 
1.247251006e+00 1.320696085e+00 1.505523810e+00 
1.357200322e+00 1.272840273e+00 1.459809524e+00 
1.231965406e+00 1.435674332e+00 1.603619048e+00 
1.089300080e+00 1.201367309e+00 1.325333333e+00 
1.118262269e+00 1.507768800e+00 1.571428571e+00 
1.086349960e+00 1.394033561e+00 1.495619048e+00 
1.089300080e+00 1.224984462e+00 1.433333333e+00 
1.196299276e+00 1.141081417e+00 1.210285714e+00 
1.108608206e+00 1.155376010e+00 1.257142857e+00 
1.247251006e+00 1.281541330e+00 1.495619048e+00 
1.379994368e+00 1.491609695e+00 1.705904762e+00 
1.234915527e+00 1.154133002e+00 1.283619048e+00 
1.133815768e+00 1.187072716e+00 1.319428571e+00 
1.076427997e+00 1.198881293e+00 1.284190476e+00 
1.022526146e+00 1.296457427e+00 1.325333333e+00 
1.113435237e+00 1.024860162e+00 1.000000000e+00 
1.161705551e+00 1.159105034e+00 1.325333333e+00 
1.236524537e+00 1.185829708e+00 1.362285714e+00 
1.234111022e+00 1.144188937e+00 1.242476190e+00 
1.181818182e+00 1.211932878e+00 1.346476190e+00 
1.113435237e+00 1.054692356e+00 1.134476190e+00 
1.120675784e+00 1.000000000e+00 1.000000000e+00 
1.069991955e+00 1.089496582e+00 1.149142857e+00 
1.068382944e+00 1.117464264e+00 1.170285714e+00 
1.000000000e+00 1.056556868e+00 1.000000000e+00 
1.000000000e+00 1.076444997e+00 1.075809524e+00 
1.002413516e+00 1.121193288e+00 1.176190476e+00 
1.120675784e+00 1.023617154e+00 1.108000000e+00 
1.132743363e+00 1.091361094e+00 1.186095238e+00 

1.160364441e+00 1.471721566e+00 1.603619048e+00 
1.385625905e+00 1.552517091e+00 1.715809524e+00 
1.300080451e+00 1.342448726e+00 1.603619048e+00 
1.607666935e+00 1.719080174e+00 1.924190476e+00 
1.271922767e+00 1.395276569e+00 1.619428571e+00 
1.519978278e+00 1.536979490e+00 1.789714286e+00 
1.564226066e+00 1.560596644e+00 1.816190476e+00 
1.356663717e+00 1.658794282e+00 1.738095238e+00 
1.344328238e+00 1.540708515e+00 1.705904762e+00 
1.476267096e+00 1.709757613e+00 1.829714286e+00 
1.378921963e+00 1.559975140e+00 1.753904762e+00 
1.334674175e+00 1.579863269e+00 1.715809524e+00 
1.456691070e+00 1.562461156e+00 1.789714286e+00 
1.379994368e+00 1.491609695e+00 1.705904762e+00 
1.697506034e+00 1.642635177e+00 1.829714286e+00 
1.320193081e+00 1.711000622e+00 1.738095238e+00 
1.754891392e+00 1.625854568e+00 1.823809524e+00 
1.744971842e+00 1.626476072e+00 1.823809524e+00 
1.466076428e+00 1.472343070e+00 1.757523810e+00 
1.178332261e+00 1.372280920e+00 1.603619048e+00 
1.262268705e+00 1.543194531e+00 1.645904762e+00 
1.773129525e+00 1.610938471e+00 1.892000000e+00 
1.528023331e+00 1.805469236e+00 1.924190476e+00 
1.272190668e+00 1.422622747e+00 1.681714286e+00 
1.360686243e+00 1.415164699e+00 1.681714286e+00 
1.392598552e+00 1.528899938e+00 1.757523810e+00 
1.317511665e+00 1.580484773e+00 1.705904762e+00 
1.944489139e+00 1.600994406e+00 1.850857143e+00 
1.285867257e+00 1.347420758e+00 1.603619048e+00 
1.535532582e+00 1.692977004e+00 1.823809524e+00 
1.576830249e+00 1.702921069e+00 1.829714286e+00 
1.499597747e+00 1.555003108e+00 1.789714286e+00 
1.696701529e+00 1.643878185e+00 1.865523810e+00 
1.699380531e+00 1.694841516e+00 1.924190476e+00 
1.452936444e+00 1.377874456e+00 1.619428571e+00 
1.086349960e+00 1.380981976e+00 1.346476190e+00 
1.643604183e+00 1.536357986e+00 1.816190476e+00 
1.407884151e+00 1.717837166e+00 1.892000000e+00 
1.375971842e+00 1.604101927e+00 1.816190476e+00 
1.550818182e+00 1.369173400e+00 1.640571429e+00 
1.185438455e+00 1.354878807e+00 1.603619048e+00 
1.255028158e+00 1.318831572e+00 1.509142857e+00 
1.386967015e+00 1.783716594e+00 1.829714286e+00 
1.689460981e+00 1.702299565e+00 1.924190476e+00 
1.089300080e+00 1.201367309e+00 1.325333333e+00 
1.567176187e+00 1.467371038e+00 1.753904762e+00 
1.158755430e+00 1.288999378e+00 1.495619048e+00 
1.495038616e+00 1.597265382e+00 1.816190476e+00 
1.198712792e+00 1.569297700e+00 1.630095238e+00 
1.086349960e+00 1.394033561e+00 1.495619048e+00 
1.275140788e+00 1.292728403e+00 1.511428571e+00 
1.247251006e+00 1.281541330e+00 1.495619048e+00 
1.389648431e+00 1.378495960e+00 1.681714286e+00 
1.364708769e+00 1.276569298e+00 1.505523810e+00 
1.357200322e+00 1.272840273e+00 1.459809524e+00 
1.273531778e+00 1.220012430e+00 1.391619048e+00 
1.611689461e+00 1.500310752e+00 1.789714286e+00 
1.545454545e+00 1.769422001e+00 1.924190476e+00 
1.236524537e+00 1.185829708e+00 1.362285714e+00 
1.133815768e+00 1.187072716e+00 1.319428571e+00 
1.414320193e+00 1.270975761e+00 1.470285714e+00 
1.174577635e+00 1.422622747e+00 1.511428571e+00 
1.108608206e+00 1.155376010e+00 1.257142857e+00 
1.196299276e+00 1.141081417e+00 1.210285714e+00 
1.234111022e+00 1.144188937e+00 1.242476190e+00 
1.247251006e+00 1.320696085e+00 1.505523810e+00 
1.161705551e+00 1.159105034e+00 1.325333333e+00 
1.403057120e+00 1.301429459e+00 1.532571429e+00 
1.120675784e+00 1.000000000e+00 1.000000000e+00 
1.113435237e+00 1.054692356e+00 1.134476190e+00 
1.181818182e+00 1.211932878e+00 1.346476190e+00 
1.068382944e+00 1.117464264e+00 1.170285714e+00 
1.076427997e+00 1.198881293e+00 1.284190476e+00 
1.089300080e+00 1.224984462e+00 1.433333333e+00 
1.022526146e+00 1.296457427e+00 1.325333333e+00 
1.002413516e+00 1.121193288e+00 1.176190476e+00 
1.000000000e+00 1.076444997e+00 1.075809524e+00 
1.645213194e+00 1.655065258e+00 1.892000000e+00 
1.113435237e+00 1.024860162e+00 1.000000000e+00 
1.234915527e+00 1.154133002e+00 1.283619048e+00 
1.069991955e+00 1.089496582e+00 1.149142857e+00 
1.132743363e+00 1.091361094e+00 1.186095238e+00 
1.000000000e+00 1.056556868e+00 1.000000000e+00 
1.120675784e+00 1.023617154e+00 1.108000000e+00 

1.404398230e+00 1.661901802e+00 1.775047619e+00 
1.330651649e+00 1.438160348e+00 1.645904762e+00 
1.441673371e+00 1.408328154e+00 1.681714286e+00 
1.352373290e+00 1.572405221e+00 1.757523810e+00 
1.223920354e+00 1.434431324e+00 1.630095238e+00 
1.185438455e+00 1.354878807e+00 1.603619048e+00 
1.386967015e+00 1.783716594e+00 1.829714286e+00 
1.298873693e+00 1.475450590e+00 1.738095238e+00 
1.364440869e+00 1.376009944e+00 1.619428571e+00 
1.495038616e+00 1.597265382e+00 1.816190476e+00 
1.633411102e+00 1.622125544e+00 1.892000000e+00 
1.525878520e+00 1.761342449e+00 1.924190476e+00 
1.625100563e+00 1.691112492e+00 1.892000000e+00 
1.388576026e+00 1.374145432e+00 1.613523810e+00 
1.504692679e+00 1.643878185e+00 1.865523810e+00 
1.455082060e+00 1.793660659e+00 1.924190476e+00 
1.271922767e+00 1.395276569e+00 1.619428571e+00 
1.619469027e+00 1.588564326e+00 1.816190476e+00 
1.378921963e+00 1.559975140e+00 1.753904762e+00 
1.705285599e+00 1.638906153e+00 1.924190476e+00 
1.435237329e+00 1.456183965e+00 1.689333333e+00 
1.247251006e+00 1.281541330e+00 1.495619048e+00 
1.559131134e+00 1.735239279e+00 1.892000000e+00 
1.089300080e+00 1.224984462e+00 1.433333333e+00 
1.567176187e+00 1.467371038e+00 1.753904762e+00 
1.198712792e+00 1.569297700e+00 1.630095238e+00 
1.649235720e+00 1.746426352e+00 1.924190476e+00 
1.698576026e+00 1.541330019e+00 1.816190476e+00 
1.262268705e+00 1.543194531e+00 1.645904762e+00 
1.320460981e+00 1.458669981e+00 1.681714286e+00 
1.118262269e+00 1.507768800e+00 1.571428571e+00 
1.158755430e+00 1.288999378e+00 1.495619048e+00 
1.423169751e+00 1.674953387e+00 1.865523810e+00 
1.402520515e+00 1.390926041e+00 1.630095238e+00 
1.086349960e+00 1.380981976e+00 1.346476190e+00 
1.468489944e+00 1.371037912e+00 1.681714286e+00 
1.653258246e+00 1.578620261e+00 1.816190476e+00 
1.413515688e+00 1.476072094e+00 1.789714286e+00 
1.672831858e+00 1.620882536e+00 1.823809524e+00 
1.360686243e+00 1.415164699e+00 1.681714286e+00 
1.275140788e+00 1.292728403e+00 1.511428571e+00 
1.247251006e+00 1.320696085e+00 1.505523810e+00 
1.403057120e+00 1.301429459e+00 1.532571429e+00 
1.364708769e+00 1.276569298e+00 1.505523810e+00 
1.181818182e+00 1.211932878e+00 1.346476190e+00 
1.086349960e+00 1.394033561e+00 1.495619048e+00 
1.089300080e+00 1.201367309e+00 1.325333333e+00 
1.202735318e+00 1.345556246e+00 1.567809524e+00 
1.357200322e+00 1.272840273e+00 1.459809524e+00 
1.234111022e+00 1.144188937e+00 1.242476190e+00 
1.133815768e+00 1.187072716e+00 1.319428571e+00 
1.285867257e+00 1.347420758e+00 1.603619048e+00 
1.414320193e+00 1.270975761e+00 1.470285714e+00 
1.108608206e+00 1.155376010e+00 1.257142857e+00 
1.022526146e+00 1.296457427e+00 1.325333333e+00 
1.234915527e+00 1.154133002e+00 1.283619048e+00 
1.174577635e+00 1.422622747e+00 1.511428571e+00 
1.161705551e+00 1.159105034e+00 1.325333333e+00 
1.196299276e+00 1.141081417e+00 1.210285714e+00 
1.273531778e+00 1.220012430e+00 1.391619048e+00 
1.113435237e+00 1.024860162e+00 1.000000000e+00 
1.076427997e+00 1.198881293e+00 1.284190476e+00 
1.236524537e+00 1.185829708e+00 1.362285714e+00 
1.120675784e+00 1.023617154e+00 1.108000000e+00 
1.068382944e+00 1.117464264e+00 1.170285714e+00 
1.113435237e+00 1.054692356e+00 1.134476190e+00 
1.002413516e+00 1.121193288e+00 1.176190476e+00 
1.000000000e+00 1.076444997e+00 1.075809524e+00 
1.120675784e+00 1.000000000e+00 1.000000000e+00 
1.069991955e+00 1.089496582e+00 1.149142857e+00 
1.000000000e+00 1.056556868e+00 1.000000000e+00 
1.132743363e+00 1.091361094e+00 1.186095238e+00 

1.469026549e+00 1.509011809e+00 1.695238095e+00 
1.542236525e+00 1.604723431e+00 1.816190476e+00 
1.389648431e+00 1.378495960e+00 1.681714286e+00 
1.272190668e+00 1.422622747e+00 1.681714286e+00 
1.507106195e+00 1.436917340e+00 1.789714286e+00 
1.402252615e+00 1.632069608e+00 1.721714286e+00 
1.403057120e+00 1.301429459e+00 1.532571429e+00 
1.160364441e+00 1.471721566e+00 1.603619048e+00 
1.506033789e+00 1.559975140e+00 1.753904762e+00 
1.395816573e+00 1.338719702e+00 1.567809524e+00 
1.630193081e+00 1.650714730e+00 1.924190476e+00 
1.258246179e+00 1.532628962e+00 1.630095238e+00 
1.358809332e+00 1.722187694e+00 1.816190476e+00 
1.255028158e+00 1.318831572e+00 1.509142857e+00 
1.351568785e+00 1.559975140e+00 1.705904762e+00 
1.483775543e+00 1.637663145e+00 1.892000000e+00 
1.468489944e+00 1.371037912e+00 1.681714286e+00 
1.364708769e+00 1.276569298e+00 1.505523810e+00 
1.462590507e+00 1.594779366e+00 1.757523810e+00 
1.569053097e+00 1.436295836e+00 1.689333333e+00 
1.550818182e+00 1.369173400e+00 1.640571429e+00 
1.300080451e+00 1.342448726e+00 1.603619048e+00 
1.643604183e+00 1.536357986e+00 1.816190476e+00 
1.185438455e+00 1.354878807e+00 1.603619048e+00 
1.431214803e+00 1.651957738e+00 1.816190476e+00 
1.586484312e+00 1.560596644e+00 1.816190476e+00 
1.419147224e+00 1.699813549e+00 1.865523810e+00 
1.444891392e+00 1.581106277e+00 1.748000000e+00 
1.411906677e+00 1.696084525e+00 1.816190476e+00 
1.247251006e+00 1.320696085e+00 1.505523810e+00 
1.802896219e+00 1.599129894e+00 1.892000000e+00 
1.414320193e+00 1.270975761e+00 1.470285714e+00 
1.517296862e+00 1.657551274e+00 1.924190476e+00 
1.271118262e+00 1.601615911e+00 1.681714286e+00 
1.390185036e+00 1.520820385e+00 1.695238095e+00 
1.592115849e+00 1.585456805e+00 1.829714286e+00 
1.178332261e+00 1.372280920e+00 1.603619048e+00 
1.198712792e+00 1.569297700e+00 1.630095238e+00 
1.089300080e+00 1.201367309e+00 1.325333333e+00 
1.271922767e+00 1.395276569e+00 1.619428571e+00 
1.086349960e+00 1.394033561e+00 1.495619048e+00 
1.357200322e+00 1.272840273e+00 1.459809524e+00 
1.411370072e+00 1.529521442e+00 1.738095238e+00 
1.086349960e+00 1.380981976e+00 1.346476190e+00 
1.572271118e+00 1.585456805e+00 1.816190476e+00 
1.275140788e+00 1.292728403e+00 1.511428571e+00 
1.174577635e+00 1.422622747e+00 1.511428571e+00 
1.650305712e+00 1.569919204e+00 1.823809524e+00 
1.273531778e+00 1.220012430e+00 1.391619048e+00 
1.413515688e+00 1.524549410e+00 1.721714286e+00 
1.158755430e+00 1.288999378e+00 1.495619048e+00 
1.089300080e+00 1.224984462e+00 1.433333333e+00 
1.236524537e+00 1.185829708e+00 1.362285714e+00 
1.247251006e+00 1.281541330e+00 1.495619048e+00 
1.161705551e+00 1.159105034e+00 1.325333333e+00 
1.076427997e+00 1.198881293e+00 1.284190476e+00 
1.181818182e+00 1.211932878e+00 1.346476190e+00 
1.022526146e+00 1.296457427e+00 1.325333333e+00 
1.234915527e+00 1.154133002e+00 1.283619048e+00 
1.108608206e+00 1.155376010e+00 1.257142857e+00 
1.234111022e+00 1.144188937e+00 1.242476190e+00 
1.133815768e+00 1.187072716e+00 1.319428571e+00 
1.000000000e+00 1.056556868e+00 1.000000000e+00 
1.196299276e+00 1.141081417e+00 1.210285714e+00 
1.000000000e+00 1.076444997e+00 1.075809524e+00 
1.120675784e+00 1.000000000e+00 1.000000000e+00 
1.002413516e+00 1.121193288e+00 1.176190476e+00 
1.068382944e+00 1.117464264e+00 1.170285714e+00 
1.069991955e+00 1.089496582e+00 1.149142857e+00 
1.120675784e+00 1.023617154e+00 1.108000000e+00 
1.113435237e+00 1.054692356e+00 1.134476190e+00 
1.132743363e+00 1.091361094e+00 1.186095238e+00 
1.113435237e+00 1.024860162e+00 1.000000000e+00 

1.429873693e+00 1.451833437e+00 1.681714286e+00 
1.516760257e+00 1.463020510e+00 1.748000000e+00 
1.388576026e+00 1.374145432e+00 1.613523810e+00 
1.468489944e+00 1.371037912e+00 1.681714286e+00 
1.466076428e+00 1.500310752e+00 1.789714286e+00 
1.202735318e+00 1.345556246e+00 1.567809524e+00 
1.455349960e+00 1.480422623e+00 1.689333333e+00 
1.317511665e+00 1.580484773e+00 1.705904762e+00 
1.704207562e+00 1.649471722e+00 1.892000000e+00 
1.272727273e+00 1.646985705e+00 1.738095238e+00 
1.327701529e+00 1.568054692e+00 1.816190476e+00 
1.185438455e+00 1.354878807e+00 1.603619048e+00 
1.178332261e+00 1.372280920e+00 1.603619048e+00 
1.646283186e+00 1.456183965e+00 1.789714286e+00 
1.492357200e+00 1.796768179e+00 1.892000000e+00 
1.385625905e+00 1.552517091e+00 1.715809524e+00 
1.160364441e+00 1.471721566e+00 1.603619048e+00 
1.223920354e+00 1.434431324e+00 1.630095238e+00 
1.300080451e+00 1.342448726e+00 1.603619048e+00 
1.424778761e+00 1.552517091e+00 1.753904762e+00 
1.504692679e+00 1.643878185e+00 1.865523810e+00 
1.399839099e+00 1.427594779e+00 1.643619048e+00 
1.302761866e+00 1.466128030e+00 1.640000000e+00 
1.402520515e+00 1.390926041e+00 1.630095238e+00 
1.299543846e+00 1.520820385e+00 1.681714286e+00 
1.441673371e+00 1.408328154e+00 1.681714286e+00 
1.517296862e+00 1.657551274e+00 1.924190476e+00 
1.621882542e+00 1.536979490e+00 1.816190476e+00 
1.262268705e+00 1.543194531e+00 1.645904762e+00 
1.285867257e+00 1.347420758e+00 1.603619048e+00 
1.794312148e+00 1.625854568e+00 1.865523810e+00 
1.357200322e+00 1.272840273e+00 1.459809524e+00 
1.444086887e+00 1.519577377e+00 1.748000000e+00 
1.550818182e+00 1.369173400e+00 1.640571429e+00 
1.344328238e+00 1.540708515e+00 1.705904762e+00 
1.317242961e+00 1.483530143e+00 1.681714286e+00 
1.395816573e+00 1.338719702e+00 1.567809524e+00 
1.364440869e+00 1.376009944e+00 1.619428571e+00 
1.198712792e+00 1.569297700e+00 1.630095238e+00 
1.423169751e+00 1.476693599e+00 1.681714286e+00 
1.429873693e+00 1.422001243e+00 1.640000000e+00 
1.330651649e+00 1.438160348e+00 1.645904762e+00 
1.271118262e+00 1.601615911e+00 1.681714286e+00 
1.403057120e+00 1.301429459e+00 1.532571429e+00 
1.089300080e+00 1.224984462e+00 1.433333333e+00 
1.158755430e+00 1.288999378e+00 1.495619048e+00 
1.697506034e+00 1.642635177e+00 1.829714286e+00 
1.273531778e+00 1.220012430e+00 1.391619048e+00 
1.744971842e+00 1.626476072e+00 1.823809524e+00 
1.247251006e+00 1.320696085e+00 1.505523810e+00 
1.421560740e+00 1.425730267e+00 1.645904762e+00 
1.323411102e+00 1.414543195e+00 1.619428571e+00 
1.275140788e+00 1.292728403e+00 1.511428571e+00 
1.089300080e+00 1.201367309e+00 1.325333333e+00 
1.503620274e+00 1.736482287e+00 1.924190476e+00 
1.247251006e+00 1.281541330e+00 1.495619048e+00 
1.076427997e+00 1.198881293e+00 1.284190476e+00 
1.196299276e+00 1.141081417e+00 1.210285714e+00 
1.234111022e+00 1.144188937e+00 1.242476190e+00 
1.414320193e+00 1.270975761e+00 1.470285714e+00 
1.108608206e+00 1.155376010e+00 1.257142857e+00 
1.466076428e+00 1.472343070e+00 1.757523810e+00 
1.174577635e+00 1.422622747e+00 1.511428571e+00 
1.086349960e+00 1.380981976e+00 1.346476190e+00 
1.086349960e+00 1.394033561e+00 1.495619048e+00 
1.022526146e+00 1.296457427e+00 1.325333333e+00 
1.161705551e+00 1.159105034e+00 1.325333333e+00 
1.234915527e+00 1.154133002e+00 1.283619048e+00 
1.133815768e+00 1.187072716e+00 1.319428571e+00 
1.113435237e+00 1.054692356e+00 1.134476190e+00 
1.236524537e+00 1.185829708e+00 1.362285714e+00 
1.181818182e+00 1.211932878e+00 1.346476190e+00 
1.120675784e+00 1.000000000e+00 1.000000000e+00 
1.069991955e+00 1.089496582e+00 1.149142857e+00 
1.120675784e+00 1.023617154e+00 1.108000000e+00 
1.113435237e+00 1.024860162e+00 1.000000000e+00 
1.000000000e+00 1.056556868e+00 1.000000000e+00 
1.068382944e+00 1.117464264e+00 1.170285714e+00 
1.364708769e+00 1.276569298e+00 1.505523810e+00 
1.000000000e+00 1.076444997e+00 1.075809524e+00 
1.002413516e+00 1.121193288e+00 1.176190476e+00 
1.132743363e+00 1.091361094e+00 1.186095238e+00 

1.444086887e+00 1.519577377e+00 1.748000000e+00 
1.737192277e+00 1.607209447e+00 1.924190476e+00 
1.459372486e+00 1.446861405e+00 1.667047619e+00 
1.392330652e+00 1.460534493e+00 1.640571429e+00 
1.378921963e+00 1.559975140e+00 1.753904762e+00 
1.326361223e+00 1.499067744e+00 1.640571429e+00 
1.419549477e+00 1.544437539e+00 1.789714286e+00 
1.466076428e+00 1.500310752e+00 1.789714286e+00 
1.262268705e+00 1.543194531e+00 1.645904762e+00 
1.322606597e+00 1.558110628e+00 1.695238095e+00 
1.218020917e+00 1.525170914e+00 1.630095238e+00 
1.577634755e+00 1.577998757e+00 1.816190476e+00 
1.364440869e+00 1.376009944e+00 1.619428571e+00 
1.320193081e+00 1.711000622e+00 1.738095238e+00 
1.421560740e+00 1.425730267e+00 1.645904762e+00 
1.559935640e+00 1.614045991e+00 1.865523810e+00 
1.462858407e+00 1.525170914e+00 1.789714286e+00 
1.567176187e+00 1.467371038e+00 1.753904762e+00 
1.388576026e+00 1.374145432e+00 1.613523810e+00 
1.299543846e+00 1.520820385e+00 1.681714286e+00 
1.351568785e+00 1.559975140e+00 1.705904762e+00 
1.423169751e+00 1.674953387e+00 1.865523810e+00 
1.178332261e+00 1.372280920e+00 1.603619048e+00 
1.302761866e+00 1.466128030e+00 1.640000000e+00 
1.550818182e+00 1.369173400e+00 1.640571429e+00 
1.403325020e+00 1.342448726e+00 1.613523810e+00 
1.569053097e+00 1.436295836e+00 1.689333333e+00 
1.468489944e+00 1.371037912e+00 1.681714286e+00 
1.364708769e+00 1.276569298e+00 1.505523810e+00 
1.429873693e+00 1.451833437e+00 1.681714286e+00 
1.704207562e+00 1.649471722e+00 1.892000000e+00 
1.407884151e+00 1.717837166e+00 1.892000000e+00 
1.312148029e+00 1.506525792e+00 1.645904762e+00 
1.255028158e+00 1.318831572e+00 1.509142857e+00 
1.643604183e+00 1.536357986e+00 1.816190476e+00 
1.407884151e+00 1.474829086e+00 1.645904762e+00 
1.118262269e+00 1.507768800e+00 1.571428571e+00 
1.662912309e+00 1.654443754e+00 1.892000000e+00 
1.353982301e+00 1.513362337e+00 1.681714286e+00 
1.365245374e+00 1.487880671e+00 1.738095238e+00 
1.452399839e+00 1.670602859e+00 1.924190476e+00 
1.300080451e+00 1.342448726e+00 1.603619048e+00 
1.089300080e+00 1.224984462e+00 1.433333333e+00 
1.185438455e+00 1.354878807e+00 1.603619048e+00 
1.414320193e+00 1.270975761e+00 1.470285714e+00 
1.387234916e+00 1.564947172e+00 1.757523810e+00 
1.273531778e+00 1.220012430e+00 1.391619048e+00 
1.423169751e+00 1.476693599e+00 1.681714286e+00 
1.158755430e+00 1.288999378e+00 1.495619048e+00 
1.202735318e+00 1.345556246e+00 1.567809524e+00 
1.234915527e+00 1.154133002e+00 1.283619048e+00 
1.357200322e+00 1.272840273e+00 1.459809524e+00 
1.471440064e+00 1.659415786e+00 1.816190476e+00 
1.312415929e+00 1.426973275e+00 1.630095238e+00 
1.275140788e+00 1.292728403e+00 1.511428571e+00 
1.086349960e+00 1.394033561e+00 1.495619048e+00 
1.586484312e+00 1.560596644e+00 1.816190476e+00 
1.271922767e+00 1.395276569e+00 1.619428571e+00 
1.108608206e+00 1.155376010e+00 1.257142857e+00 
1.086349960e+00 1.380981976e+00 1.346476190e+00 
1.413515688e+00 1.430702300e+00 1.645904762e+00 
1.403057120e+00 1.301429459e+00 1.532571429e+00 
1.022526146e+00 1.296457427e+00 1.325333333e+00 
1.161705551e+00 1.159105034e+00 1.325333333e+00 
1.089300080e+00 1.201367309e+00 1.325333333e+00 
1.196299276e+00 1.141081417e+00 1.210285714e+00 
1.236524537e+00 1.185829708e+00 1.362285714e+00 
1.247251006e+00 1.281541330e+00 1.495619048e+00 
1.076427997e+00 1.198881293e+00 1.284190476e+00 
1.247251006e+00 1.320696085e+00 1.505523810e+00 
1.234111022e+00 1.144188937e+00 1.242476190e+00 
1.705285599e+00 1.638906153e+00 1.924190476e+00 
1.174577635e+00 1.422622747e+00 1.511428571e+00 
1.543308930e+00 1.609695463e+00 1.816190476e+00 
1.133815768e+00 1.187072716e+00 1.319428571e+00 
1.113435237e+00 1.024860162e+00 1.000000000e+00 
1.572271118e+00 1.585456805e+00 1.816190476e+00 
1.002413516e+00 1.121193288e+00 1.176190476e+00 
1.113435237e+00 1.054692356e+00 1.134476190e+00 
1.000000000e+00 1.076444997e+00 1.075809524e+00 
1.120675784e+00 1.000000000e+00 1.000000000e+00 
1.181818182e+00 1.211932878e+00 1.346476190e+00 
1.132743363e+00 1.091361094e+00 1.186095238e+00 
1.069991955e+00 1.089496582e+00 1.149142857e+00 
1.000000000e+00 1.056556868e+00 1.000000000e+00 
1.120675784e+00 1.023617154e+00 1.108000000e+00 
1.068382944e+00 1.117464264e+00 1.170285714e+00 

1.525878520e+00 1.761342449e+00 1.924190476e+00 
1.330651649e+00 1.438160348e+00 1.645904762e+00 
1.395816573e+00 1.338719702e+00 1.567809524e+00 
1.364440869e+00 1.376009944e+00 1.619428571e+00 
1.611423974e+00 1.617775016e+00 1.829714286e+00 
1.437650845e+00 1.489123679e+00 1.695238095e+00 
1.507106195e+00 1.436917340e+00 1.789714286e+00 
1.418879324e+00 1.817899316e+00 1.924190476e+00 
1.379994368e+00 1.491609695e+00 1.705904762e+00 
1.462858407e+00 1.525170914e+00 1.789714286e+00 
1.223920354e+00 1.434431324e+00 1.630095238e+00 
1.285867257e+00 1.347420758e+00 1.603619048e+00 
1.389648431e+00 1.378495960e+00 1.681714286e+00 
1.619469027e+00 1.612181479e+00 1.924190476e+00 
1.403325020e+00 1.342448726e+00 1.613523810e+00 
1.271922767e+00 1.395276569e+00 1.619428571e+00 
1.300080451e+00 1.342448726e+00 1.603619048e+00 
1.551890587e+00 1.650714730e+00 1.865523810e+00 
1.531777957e+00 1.646985705e+00 1.829714286e+00 
1.317242961e+00 1.483530143e+00 1.681714286e+00 
1.455349960e+00 1.480422623e+00 1.689333333e+00 
1.474658085e+00 1.810441268e+00 1.865523810e+00 
1.547868061e+00 1.749533872e+00 1.865523810e+00 
1.569053097e+00 1.436295836e+00 1.689333333e+00 
1.234647627e+00 1.517712865e+00 1.738095238e+00 
1.510056315e+00 1.787445618e+00 1.865523810e+00 
1.118262269e+00 1.507768800e+00 1.571428571e+00 
1.327701529e+00 1.568054692e+00 1.816190476e+00 
1.302761866e+00 1.466128030e+00 1.640000000e+00 
1.376508447e+00 1.436295836e+00 1.679428571e+00 
1.275140788e+00 1.292728403e+00 1.511428571e+00 
1.202735318e+00 1.345556246e+00 1.567809524e+00 
1.414320193e+00 1.270975761e+00 1.470285714e+00 
1.174577635e+00 1.422622747e+00 1.511428571e+00 
1.388576026e+00 1.374145432e+00 1.613523810e+00 
1.364708769e+00 1.276569298e+00 1.505523810e+00 
1.403057120e+00 1.301429459e+00 1.532571429e+00 
1.086349960e+00 1.394033561e+00 1.495619048e+00 
1.178332261e+00 1.372280920e+00 1.603619048e+00 
1.247251006e+00 1.281541330e+00 1.495619048e+00 
1.108608206e+00 1.155376010e+00 1.257142857e+00 
1.550818182e+00 1.369173400e+00 1.640571429e+00 
1.089300080e+00 1.201367309e+00 1.325333333e+00 
1.185438455e+00 1.354878807e+00 1.603619048e+00 
1.460981496e+00 1.499689248e+00 1.738095238e+00 
1.086349960e+00 1.380981976e+00 1.346476190e+00 
1.607666935e+00 1.719080174e+00 1.924190476e+00 
1.234111022e+00 1.144188937e+00 1.242476190e+00 
1.273531778e+00 1.220012430e+00 1.391619048e+00 
1.158755430e+00 1.288999378e+00 1.495619048e+00 
1.181818182e+00 1.211932878e+00 1.346476190e+00 
1.247251006e+00 1.320696085e+00 1.505523810e+00 
1.357200322e+00 1.272840273e+00 1.459809524e+00 
1.089300080e+00 1.224984462e+00 1.433333333e+00 
1.161705551e+00 1.159105034e+00 1.325333333e+00 
1.133815768e+00 1.187072716e+00 1.319428571e+00 
1.234915527e+00 1.154133002e+00 1.283619048e+00 
1.113435237e+00 1.054692356e+00 1.134476190e+00 
1.076427997e+00 1.198881293e+00 1.284190476e+00 
1.113435237e+00 1.024860162e+00 1.000000000e+00 
1.002413516e+00 1.121193288e+00 1.176190476e+00 
1.120675784e+00 1.000000000e+00 1.000000000e+00 
1.000000000e+00 1.076444997e+00 1.075809524e+00 
1.069991955e+00 1.089496582e+00 1.149142857e+00 
1.196299276e+00 1.141081417e+00 1.210285714e+00 
1.068382944e+00 1.117464264e+00 1.170285714e+00 
1.022526146e+00 1.296457427e+00 1.325333333e+00 
1.000000000e+00 1.056556868e+00 1.000000000e+00 
1.120675784e+00 1.023617154e+00 1.108000000e+00 
1.236524537e+00 1.185829708e+00 1.362285714e+00 
1.132743363e+00 1.091361094e+00 1.186095238e+00 

1.330651649e+00 1.438160348e+00 1.645904762e+00 
1.413515688e+00 1.586078310e+00 1.789714286e+00 
1.643604183e+00 1.536357986e+00 1.816190476e+00 
1.312148029e+00 1.506525792e+00 1.645904762e+00 
1.338964602e+00 1.509011809e+00 1.681714286e+00 
1.599624296e+00 1.549409571e+00 1.823809524e+00 
1.495038616e+00 1.597265382e+00 1.816190476e+00 
1.492357200e+00 1.796768179e+00 1.892000000e+00 
1.160364441e+00 1.471721566e+00 1.603619048e+00 
1.681415929e+00 1.666252331e+00 1.829714286e+00 
1.654867257e+00 1.748912368e+00 1.924190476e+00 
1.285867257e+00 1.347420758e+00 1.603619048e+00 
1.625100563e+00 1.691112492e+00 1.892000000e+00 
1.398230088e+00 1.522684897e+00 1.738095238e+00 
1.423169751e+00 1.476693599e+00 1.681714286e+00 
1.629927595e+00 1.678682411e+00 1.892000000e+00 
1.622687047e+00 1.699192045e+00 1.850857143e+00 
1.421560740e+00 1.425730267e+00 1.645904762e+00 
1.429873693e+00 1.422001243e+00 1.640000000e+00 
1.564762671e+00 1.769422001e+00 1.924190476e+00 
1.364440869e+00 1.376009944e+00 1.619428571e+00 
1.394744167e+00 1.640770665e+00 1.789714286e+00 
1.441673371e+00 1.408328154e+00 1.681714286e+00 
1.247251006e+00 1.320696085e+00 1.505523810e+00 
1.349155270e+00 1.597265382e+00 1.757523810e+00 
1.737192277e+00 1.607209447e+00 1.924190476e+00 
1.198712792e+00 1.569297700e+00 1.630095238e+00 
1.705285599e+00 1.638906153e+00 1.924190476e+00 
1.469026549e+00 1.509011809e+00 1.695238095e+00 
1.629123089e+00 1.671845867e+00 1.829714286e+00 
1.312415929e+00 1.426973275e+00 1.630095238e+00 
1.364708769e+00 1.276569298e+00 1.505523810e+00 
1.507106195e+00 1.436917340e+00 1.789714286e+00 
1.456691070e+00 1.737103791e+00 1.823809524e+00 
1.441673371e+00 1.633934121e+00 1.816190476e+00 
1.320193081e+00 1.711000622e+00 1.738095238e+00 
1.592652454e+00 1.705407085e+00 1.823809524e+00 
1.567444087e+00 1.586699814e+00 1.813904762e+00 
1.472781175e+00 1.849596022e+00 1.924190476e+00 
1.300080451e+00 1.342448726e+00 1.603619048e+00 
1.255028158e+00 1.318831572e+00 1.509142857e+00 
1.448913918e+00 1.614667495e+00 1.816190476e+00 
1.701528560e+00 1.720323182e+00 1.924190476e+00 
1.357200322e+00 1.272840273e+00 1.459809524e+00 
1.402520515e+00 1.390926041e+00 1.630095238e+00 
1.302761866e+00 1.466128030e+00 1.640000000e+00 
1.086349960e+00 1.380981976e+00 1.346476190e+00 
1.275140788e+00 1.292728403e+00 1.511428571e+00 
1.468489944e+00 1.371037912e+00 1.681714286e+00 
1.510056315e+00 1.787445618e+00 1.865523810e+00 
1.341914722e+00 1.420136731e+00 1.619428571e+00 
1.499597747e+00 1.555003108e+00 1.789714286e+00 
1.202735318e+00 1.345556246e+00 1.567809524e+00 
1.086349960e+00 1.394033561e+00 1.495619048e+00 
1.223920354e+00 1.434431324e+00 1.630095238e+00 
1.420488335e+00 1.487880671e+00 1.689333333e+00 
1.413515688e+00 1.430702300e+00 1.645904762e+00 
1.185438455e+00 1.354878807e+00 1.603619048e+00 
1.158755430e+00 1.288999378e+00 1.495619048e+00 
1.181818182e+00 1.211932878e+00 1.346476190e+00 
1.306784393e+00 1.520820385e+00 1.705904762e+00 
1.403057120e+00 1.301429459e+00 1.532571429e+00 
1.089300080e+00 1.201367309e+00 1.325333333e+00 
1.118262269e+00 1.507768800e+00 1.571428571e+00 
1.247251006e+00 1.281541330e+00 1.495619048e+00 
1.271118262e+00 1.601615911e+00 1.681714286e+00 
1.234915527e+00 1.154133002e+00 1.283619048e+00 
1.234111022e+00 1.144188937e+00 1.242476190e+00 
1.161705551e+00 1.159105034e+00 1.325333333e+00 
1.022526146e+00 1.296457427e+00 1.325333333e+00 
1.196299276e+00 1.141081417e+00 1.210285714e+00 
1.089300080e+00 1.224984462e+00 1.433333333e+00 
1.133815768e+00 1.187072716e+00 1.319428571e+00 
1.174577635e+00 1.422622747e+00 1.511428571e+00 
1.414320193e+00 1.270975761e+00 1.470285714e+00 
1.076427997e+00 1.198881293e+00 1.284190476e+00 
1.236524537e+00 1.185829708e+00 1.362285714e+00 
1.132743363e+00 1.091361094e+00 1.186095238e+00 
1.113435237e+00 1.054692356e+00 1.134476190e+00 
1.273531778e+00 1.220012430e+00 1.391619048e+00 
1.069991955e+00 1.089496582e+00 1.149142857e+00 
1.000000000e+00 1.056556868e+00 1.000000000e+00 
1.000000000e+00 1.076444997e+00 1.075809524e+00 
1.120675784e+00 1.023617154e+00 1.108000000e+00 
1.113435237e+00 1.024860162e+00 1.000000000e+00 
1.068382944e+00 1.117464264e+00 1.170285714e+00 
1.108608206e+00 1.155376010e+00 1.257142857e+00 
1.120675784e+00 1.000000000e+00 1.000000000e+00 
1.002413516e+00 1.121193288e+00 1.176190476e+00 
