1.748527405e+00 1.571813725e+00 1.590422442e+00 
1.806402092e+00 1.566421569e+00 1.533322267e+00 
1.839947692e+00 1.601225490e+00 1.694082496e+00 
1.541235501e+00 1.606372549e+00 1.652917255e+00 
1.495749943e+00 1.632598039e+00 1.779649763e+00 
1.561840459e+00 1.677450980e+00 2.000000000e+00 
1.597381738e+00 1.556372549e+00 1.256784795e+00 
1.420676029e+00 1.581862745e+00 1.357208067e+00 
1.606905276e+00 1.672549020e+00 1.844136443e+00 
1.550929611e+00 1.689705882e+00 1.895178023e+00 
1.341383330e+00 1.674509804e+00 1.739729438e+00 
1.483724699e+00 1.743382353e+00 2.000000000e+00 
1.476773937e+00 1.762009804e+00 1.843472487e+00 
1.288483625e+00 1.812254902e+00 1.548925222e+00 
