1.862287931e+00 1.657344358e+00 2.000000000e+00 
1.841059588e+00 1.661964981e+00 2.000000000e+00 
1.819014771e+00 1.666828794e+00 2.000000000e+00 
1.800508011e+00 1.671449416e+00 2.000000000e+00 
1.792343263e+00 1.674854086e+00 2.000000000e+00 
1.787172257e+00 1.676313230e+00 2.000000000e+00 
1.782001250e+00 1.679474708e+00 2.000000000e+00 
1.759684275e+00 1.686527237e+00 2.000000000e+00 
1.757234851e+00 1.686770428e+00 2.000000000e+00 
1.751791686e+00 1.691147860e+00 2.000000000e+00 
1.740361040e+00 1.696498054e+00 2.000000000e+00 
1.732468451e+00 1.701361868e+00 2.000000000e+00 
1.731924134e+00 1.703550584e+00 2.000000000e+00 
1.727025286e+00 1.708171206e+00 2.000000000e+00 
1.621700047e+00 1.708414397e+00 2.000000000e+00 
1.600743863e+00 1.759727626e+00 2.000000000e+00 
1.599383072e+00 1.805690661e+00 2.000000000e+00 
1.598838755e+00 1.813959144e+00 2.000000000e+00 
1.591762641e+00 1.815904669e+00 2.000000000e+00 
1.506985349e+00 1.827577821e+00 2.000000000e+00 
1.501814343e+00 1.839494163e+00 2.000000000e+00 
