1.620530282e+00 1.611545988e+00 1.824113077e+00 
1.580063995e+00 1.618639922e+00 1.824113077e+00 
1.774062266e+00 1.652641879e+00 2.000000000e+00 
1.609089884e+00 1.664628180e+00 2.000000000e+00 
1.575488414e+00 1.639921722e+00 1.824113077e+00 
1.537623531e+00 1.656800391e+00 1.824113077e+00 
1.523243546e+00 1.637720157e+00 1.586258542e+00 
1.496674538e+00 1.705968689e+00 2.000000000e+00 
1.479597765e+00 1.674412916e+00 1.586258542e+00 
1.495856541e+00 1.713307241e+00 1.824113077e+00 
1.402567297e+00 1.756360078e+00 1.868389029e+00 
1.491254946e+00 1.781555773e+00 2.000000000e+00 
1.476369133e+00 1.886741683e+00 2.000000000e+00 
1.381828325e+00 1.869129159e+00 1.945708134e+00 
1.403122263e+00 1.923679061e+00 1.969765047e+00 
1.434579021e+00 1.940068493e+00 2.000000000e+00 
