1.879803812e+00 1.698429319e+00 2.000000000e+00 
1.309197864e+00 1.615968586e+00 1.478639434e+00 
1.848450984e+00 1.706544503e+00 2.000000000e+00 
1.806854163e+00 1.665706806e+00 1.767027423e+00 
1.775501335e+00 1.662565445e+00 1.687769550e+00 
1.716055131e+00 1.665183246e+00 1.723736675e+00 
1.706587198e+00 1.700523560e+00 1.795426804e+00 
1.430387409e+00 1.654188482e+00 1.555374725e+00 
1.702086050e+00 1.718324607e+00 1.884205387e+00 
1.730800273e+00 1.769633508e+00 2.000000000e+00 
1.694378221e+00 1.779581152e+00 2.000000000e+00 
1.426972745e+00 1.766753927e+00 1.817804541e+00 
1.693549388e+00 1.805497382e+00 2.000000000e+00 
1.690755572e+00 1.759685864e+00 1.758320449e+00 
1.291084622e+00 1.752356021e+00 1.727317113e+00 
1.684857515e+00 1.818848168e+00 2.000000000e+00 
1.410091886e+00 1.750785340e+00 1.569370982e+00 
1.530654374e+00 1.800785340e+00 1.859142322e+00 
1.425755883e+00 1.844502618e+00 2.000000000e+00 
1.509179239e+00 1.821465969e+00 1.884368134e+00 
1.351306885e+00 1.812303665e+00 1.761819513e+00 
1.374641460e+00 1.895026178e+00 1.884368134e+00 
