1.400256134e+00 1.614170475e+00 1.637201585e+00 
1.378881650e+00 1.640093904e+00 1.781536556e+00 
1.389232208e+00 1.624085313e+00 1.655461785e+00 
1.373842315e+00 1.592942234e+00 1.515485443e+00 
1.363847499e+00 1.618391149e+00 1.648975444e+00 
1.436097107e+00 1.628006294e+00 1.724191589e+00 
1.368586486e+00 1.563047876e+00 1.349039752e+00 
1.374799260e+00 1.575510102e+00 1.404487246e+00 
1.354818267e+00 1.570739992e+00 1.380201180e+00 
1.361747098e+00 1.632501686e+00 1.733107330e+00 
1.384357531e+00 1.607477336e+00 1.578078233e+00 
1.361247027e+00 1.627556754e+00 1.706590344e+00 
1.360108145e+00 1.626907420e+00 1.686504124e+00 
1.376238997e+00 1.609899853e+00 1.595973229e+00 
1.408814770e+00 1.615918683e+00 1.645259890e+00 
1.358431078e+00 1.613496166e+00 1.631739403e+00 
1.395398227e+00 1.569815939e+00 1.356907516e+00 
1.353683451e+00 1.592118079e+00 1.486102400e+00 
1.376857480e+00 1.603406508e+00 1.562557063e+00 
