2.000000000e+00 1.616895778e+00 1.781733497e+00 
1.356625949e+00 1.601979136e+00 1.639827231e+00 
1.989157933e+00 1.618114458e+00 1.742715317e+00 
1.321069751e+00 1.553573170e+00 1.344604177e+00 
1.976219733e+00 1.579604173e+00 1.517035199e+00 
1.975280087e+00 1.524324851e+00 1.167821686e+00 
1.532670763e+00 1.571658380e+00 1.469588061e+00 
1.969786773e+00 1.564151311e+00 1.406878546e+00 
1.966389592e+00 1.583601443e+00 1.542596055e+00 
1.397121070e+00 1.653309935e+00 1.950651109e+00 
1.962703289e+00 1.549770888e+00 1.344797576e+00 
1.560607156e+00 1.615238374e+00 1.735511217e+00 
1.406469100e+00 1.570390953e+00 1.447153816e+00 
1.368690278e+00 1.571902116e+00 1.436565240e+00 
1.954607879e+00 1.590621039e+00 1.572008767e+00 
1.953812794e+00 1.543823730e+00 1.295819366e+00 
1.405782436e+00 1.562932631e+00 1.406024368e+00 
1.318075894e+00 1.629423808e+00 1.810179216e+00 
1.950415613e+00 1.537584089e+00 1.240765214e+00 
1.948680882e+00 1.603490299e+00 1.650206292e+00 
1.947379834e+00 1.598664327e+00 1.648401238e+00 
1.945428262e+00 1.555035585e+00 1.353065369e+00 
1.577629201e+00 1.552939456e+00 1.312693399e+00 
1.944271774e+00 1.540655162e+00 1.260137313e+00 
1.943476690e+00 1.589987326e+00 1.569655750e+00 
1.943259848e+00 1.549819635e+00 1.317028752e+00 
1.427105168e+00 1.545578629e+00 1.299767922e+00 
1.942320202e+00 1.662913132e+00 2.000000000e+00 
1.939284424e+00 1.587306230e+00 1.534328262e+00 
1.938633900e+00 1.625134055e+00 1.780847086e+00 
1.937549693e+00 1.520181340e+00 1.128867973e+00 
1.937332851e+00 1.530125768e+00 1.199345668e+00 
1.936465486e+00 1.606463878e+00 1.645935405e+00 
1.935959523e+00 1.598761821e+00 1.591461449e+00 
1.935381279e+00 1.599639271e+00 1.604983239e+00 
1.934007951e+00 1.643999220e+00 1.874290872e+00 
1.932128659e+00 1.626596471e+00 1.772289195e+00 
1.425322009e+00 1.583308960e+00 1.522579293e+00 
1.930104807e+00 1.561177732e+00 1.366023079e+00 
1.597578605e+00 1.606853856e+00 1.648062790e+00 
1.925189736e+00 1.609388710e+00 1.667724987e+00 
1.924033249e+00 1.559422833e+00 1.356385379e+00 
1.590820383e+00 1.662718144e+00 1.983738396e+00 
1.921142031e+00 1.528517110e+00 1.153139505e+00 
1.918395374e+00 1.592960905e+00 1.555747163e+00 
1.916660643e+00 1.642098079e+00 1.847956421e+00 
1.914853632e+00 1.662230672e+00 1.974261862e+00 
1.914564510e+00 1.660378278e+00 1.958258123e+00 
1.914203108e+00 1.641854343e+00 1.841396983e+00 
1.913480304e+00 1.636150921e+00 1.815400980e+00 
1.362871702e+00 1.598956810e+00 1.590865137e+00 
1.558800145e+00 1.599785512e+00 1.602581872e+00 
1.908420672e+00 1.561860193e+00 1.361204229e+00 
1.906758222e+00 1.612557278e+00 1.666757994e+00 
1.905023491e+00 1.589597348e+00 1.530911552e+00 
1.373834478e+00 1.586428780e+00 1.514263151e+00 
1.531911818e+00 1.622989178e+00 1.716010186e+00 
1.902204554e+00 1.647655260e+00 1.874709902e+00 
1.520021684e+00 1.534025544e+00 1.159183213e+00 
1.901481749e+00 1.598176855e+00 1.579551315e+00 
1.898301409e+00 1.591888466e+00 1.532555441e+00 
1.897940007e+00 1.641025641e+00 1.829325683e+00 
1.895843874e+00 1.593058399e+00 1.530605338e+00 
1.387025660e+00 1.612752267e+00 1.662696622e+00 
1.893964583e+00 1.540850151e+00 1.205921222e+00 
1.892518974e+00 1.598274349e+00 1.576763151e+00 
