1.431683075e+00 1.600756106e+00 1.588419934e+00 
1.327481593e+00 1.608167935e+00 1.624573434e+00 
1.344938721e+00 1.542207631e+00 1.230313566e+00 
1.359144576e+00 1.575884196e+00 1.353148542e+00 
1.364717006e+00 1.561955927e+00 1.301638658e+00 
1.414309858e+00 1.627269562e+00 1.721202756e+00 
1.455662841e+00 1.557727702e+00 1.313180091e+00 
1.358541832e+00 1.569516988e+00 1.347965360e+00 
1.392516516e+00 1.540516341e+00 1.208663319e+00 
1.438839185e+00 1.575834453e+00 1.403740905e+00 
1.374759198e+00 1.559717455e+00 1.333977207e+00 
1.356390862e+00 1.533452718e+00 1.147833366e+00 
1.321335965e+00 1.597075063e+00 1.530777155e+00 
1.416389916e+00 1.581455504e+00 1.412594167e+00 
1.359042937e+00 1.630701885e+00 1.704655206e+00 
1.363375604e+00 1.577127792e+00 1.383072565e+00 
1.386988997e+00 1.572700592e+00 1.389994205e+00 
1.312739177e+00 1.568273392e+00 1.347466358e+00 
1.404530037e+00 1.620355171e+00 1.633040371e+00 
1.351025256e+00 1.559468736e+00 1.284640397e+00 
1.302943992e+00 1.562950803e+00 1.292817591e+00 
1.333420396e+00 1.557628215e+00 1.267690426e+00 
1.311674329e+00 1.561806696e+00 1.293719014e+00 
1.354975004e+00 1.633437795e+00 1.697958921e+00 
1.315067425e+00 1.545490723e+00 1.179447556e+00 
1.333752497e+00 1.596080187e+00 1.486848883e+00 
1.312572536e+00 1.581157041e+00 1.387966003e+00 
1.364823372e+00 1.556981545e+00 1.256374348e+00 
1.324136953e+00 1.560911307e+00 1.267529457e+00 
1.295323414e+00 1.555688206e+00 1.249227352e+00 
1.313312375e+00 1.581256529e+00 1.397302170e+00 
1.313206009e+00 1.530617321e+00 1.086407830e+00 
1.314998877e+00 1.613838731e+00 1.586504411e+00 
1.356312860e+00 1.578520619e+00 1.377921576e+00 
1.308549514e+00 1.524449087e+00 1.056258451e+00 
1.291801496e+00 1.583495001e+00 1.429592428e+00 
1.298656235e+00 1.563547729e+00 1.282064902e+00 
1.340512687e+00 1.580112421e+00 1.412320520e+00 
1.288271306e+00 1.598666866e+00 1.497231344e+00 
1.294680486e+00 1.588419639e+00 1.479959436e+00 
1.292073322e+00 1.562105158e+00 1.251851136e+00 
1.300512924e+00 1.579813958e+00 1.358074174e+00 
1.302477161e+00 1.546336368e+00 1.192083575e+00 
1.284150190e+00 1.543998408e+00 1.159793317e+00 
1.289355064e+00 1.534348107e+00 1.090448136e+00 
1.292458606e+00 1.580510372e+00 1.354887000e+00 
1.296940186e+00 1.563448242e+00 1.274724744e+00 
1.311615236e+00 1.582102174e+00 1.390541498e+00 
1.367490811e+00 1.605432025e+00 1.546584251e+00 
1.302016239e+00 1.635278317e+00 1.712188526e+00 
1.313388014e+00 1.556981545e+00 1.252398429e+00 
1.323274201e+00 1.610207432e+00 1.541497650e+00 
1.306026261e+00 1.569666219e+00 1.292881978e+00 
1.310734757e+00 1.541710193e+00 1.122368167e+00 
1.302587073e+00 1.612495647e+00 1.576476080e+00 
1.283017976e+00 1.598617122e+00 1.444755650e+00 
1.342376467e+00 1.540416853e+00 1.119438542e+00 
1.305599612e+00 1.542655325e+00 1.121643809e+00 
1.293061350e+00 1.547480476e+00 1.160598159e+00 
1.296989824e+00 1.624583396e+00 1.602021763e+00 
1.286572985e+00 1.578321644e+00 1.353695834e+00 
1.317935778e+00 1.607670497e+00 1.531340545e+00 
1.286197156e+00 1.619260807e+00 1.554922413e+00 
1.286843629e+00 1.559319505e+00 1.226289357e+00 
1.286796355e+00 1.573347262e+00 1.294121435e+00 
1.288972144e+00 1.612893598e+00 1.577248728e+00 
1.295430962e+00 1.633537283e+00 1.661113257e+00 
1.337693971e+00 1.648360941e+00 1.750418518e+00 
1.281268836e+00 1.561607720e+00 1.232856867e+00 
1.283738905e+00 1.582649356e+00 1.385422703e+00 
1.278582487e+00 1.643734766e+00 1.721637370e+00 
1.282793424e+00 1.586330398e+00 1.355257227e+00 
1.293680640e+00 1.628214694e+00 1.598432168e+00 
1.275764953e+00 1.546784062e+00 1.125716309e+00 
1.289189604e+00 1.630552654e+00 1.607188848e+00 
1.347168875e+00 1.656120977e+00 1.780938124e+00 
1.289981445e+00 1.557777446e+00 1.194321035e+00 
1.286608441e+00 1.570760583e+00 1.242209130e+00 
1.275962323e+00 1.552454857e+00 1.160356706e+00 
1.287145001e+00 1.641197831e+00 1.692276737e+00 
1.275501400e+00 1.610953589e+00 1.522213637e+00 
1.279475967e+00 1.597423270e+00 1.403000451e+00 
1.274109179e+00 1.606028951e+00 1.475903033e+00 
1.281452023e+00 1.624832115e+00 1.585763956e+00 
1.290384456e+00 1.567328259e+00 1.236736205e+00 
1.284747025e+00 1.564393374e+00 1.236301590e+00 
1.274000449e+00 1.553300502e+00 1.148090915e+00 
1.278489121e+00 1.562503109e+00 1.193467903e+00 
1.272361221e+00 1.565935433e+00 1.235094327e+00 
1.279269143e+00 1.575088295e+00 1.297131543e+00 
1.278506849e+00 1.551559469e+00 1.179077329e+00 
1.256107218e+00 1.575884196e+00 1.303377117e+00 
1.269710328e+00 1.570860071e+00 1.230522825e+00 
1.279962890e+00 1.582798587e+00 1.323675230e+00 
1.287166275e+00 1.634681391e+00 1.623430558e+00 
1.268672663e+00 1.617867980e+00 1.539839675e+00 
1.279604789e+00 1.541958912e+00 1.059268560e+00 
1.276834529e+00 1.585435010e+00 1.348802395e+00 
1.267591268e+00 1.573745212e+00 1.278105080e+00 
1.265254748e+00 1.598666866e+00 1.386501191e+00 
1.278237387e+00 1.583097050e+00 1.320069538e+00 
1.266581967e+00 1.623737751e+00 1.562777670e+00 
1.272237127e+00 1.582201661e+00 1.318331080e+00 
1.268280288e+00 1.572103666e+00 1.230265276e+00 
1.273111697e+00 1.558374372e+00 1.139865430e+00 
1.293402905e+00 1.662886136e+00 1.756100702e+00 
1.265889402e+00 1.612296672e+00 1.477947331e+00 
1.277947833e+00 1.589563747e+00 1.357060073e+00 
1.261139541e+00 1.571606228e+00 1.198940828e+00 
1.267066526e+00 1.562602597e+00 1.141974116e+00 
1.274871474e+00 1.545938417e+00 1.055485803e+00 
1.273116424e+00 1.564592349e+00 1.151278089e+00 
1.261091085e+00 1.619559270e+00 1.484321679e+00 
1.258595015e+00 1.567228772e+00 1.169596291e+00 
