1.410270923e+00 1.590682525e+00 1.543707648e+00 
1.753867633e+00 1.594926714e+00 1.582381413e+00 
1.503509169e+00 1.566155061e+00 1.393998064e+00 
1.634178553e+00 1.612396980e+00 1.659470797e+00 
1.645611652e+00 1.601934561e+00 1.623830268e+00 
1.709116293e+00 1.656664857e+00 1.923201033e+00 
1.454909063e+00 1.569658984e+00 1.398370442e+00 
1.349262697e+00 1.637023146e+00 1.773604389e+00 
2.000000000e+00 1.547253615e+00 1.276944176e+00 
1.998792544e+00 1.576420076e+00 1.463423685e+00 
1.282022489e+00 1.579627893e+00 1.482591158e+00 
1.596936080e+00 1.547944529e+00 1.286172959e+00 
1.468115614e+00 1.614469723e+00 1.662778316e+00 
1.988529168e+00 1.622365889e+00 1.727460471e+00 
1.987321712e+00 1.612841139e+00 1.669812843e+00 
1.481259528e+00 1.634407541e+00 1.764488545e+00 
1.984303071e+00 1.593890342e+00 1.556502097e+00 
1.983322013e+00 1.568968070e+00 1.394078735e+00 
1.403831409e+00 1.587721463e+00 1.491868345e+00 
1.979850577e+00 1.560282288e+00 1.349209422e+00 
1.977058335e+00 1.528598924e+00 1.146708616e+00 
1.976001811e+00 1.546315945e+00 1.247111972e+00 
1.974945287e+00 1.584809752e+00 1.496176186e+00 
1.299832465e+00 1.643833588e+00 1.821555340e+00 
1.589314014e+00 1.564032966e+00 1.393514037e+00 
1.969436269e+00 1.639984208e+00 1.803388190e+00 
1.967474153e+00 1.626363322e+00 1.706356889e+00 
1.964983775e+00 1.576123970e+00 1.435801872e+00 
1.964530979e+00 1.675911760e+00 2.000000000e+00 
1.358337484e+00 1.628534768e+00 1.739319135e+00 
1.372160592e+00 1.571238217e+00 1.405727654e+00 
1.317221342e+00 1.640428367e+00 1.815456599e+00 
1.381455739e+00 1.555593940e+00 1.311035818e+00 
1.961436873e+00 1.644820609e+00 1.840271055e+00 
1.419024979e+00 1.603563145e+00 1.575104873e+00 
1.960304883e+00 1.645906332e+00 1.836189093e+00 
1.958418233e+00 1.663968810e+00 1.925330752e+00 
1.956908913e+00 1.587178601e+00 1.516553727e+00 
1.953890272e+00 1.561614766e+00 1.326879639e+00 
1.295977662e+00 1.568425209e+00 1.372442723e+00 
1.949588710e+00 1.639243942e+00 1.780590513e+00 
1.948003924e+00 1.665301288e+00 1.925330752e+00 
1.289707947e+00 1.549128954e+00 1.248015489e+00 
1.944834352e+00 1.637467305e+00 1.774378832e+00 
1.576748925e+00 1.573162908e+00 1.435285576e+00 
1.942343974e+00 1.654838869e+00 1.883510810e+00 
1.279890574e+00 1.576716182e+00 1.415859955e+00 
1.625952758e+00 1.638108868e+00 1.773652791e+00 
1.391039922e+00 1.652766125e+00 1.863617296e+00 
1.935099238e+00 1.544786063e+00 1.226734430e+00 
1.933740850e+00 1.558357598e+00 1.325605034e+00 
1.419188740e+00 1.604648867e+00 1.577686350e+00 
1.578295978e+00 1.609929428e+00 1.616198774e+00 
1.420396197e+00 1.604895623e+00 1.606873185e+00 
1.355835031e+00 1.646251789e+00 1.825814779e+00 
1.400359973e+00 1.594679959e+00 1.527654082e+00 
1.351545544e+00 1.632532202e+00 1.711261697e+00 
1.922496415e+00 1.681685831e+00 2.000000000e+00 
1.559165346e+00 1.564477126e+00 1.359874153e+00 
1.577616784e+00 1.600996891e+00 1.561342369e+00 
1.917892989e+00 1.543305532e+00 1.216634398e+00 
1.293109954e+00 1.612446331e+00 1.607921910e+00 
1.270155460e+00 1.624734738e+00 1.676395611e+00 
1.333597464e+00 1.610620342e+00 1.564811229e+00 
1.280267904e+00 1.572373291e+00 1.372507260e+00 
1.285368651e+00 1.666337660e+00 1.897418522e+00 
1.633763490e+00 1.668163648e+00 1.907002259e+00 
1.900384877e+00 1.674135123e+00 1.932978380e+00 
1.620632405e+00 1.680698811e+00 1.972991288e+00 
1.268300506e+00 1.643340078e+00 1.716101968e+00 
1.617198702e+00 1.689483295e+00 2.000000000e+00 
1.381882877e+00 1.609287865e+00 1.566343982e+00 
1.262099464e+00 1.607659280e+00 1.535414650e+00 
1.263495585e+00 1.601786507e+00 1.446757018e+00 
1.271992302e+00 1.659477866e+00 1.798402711e+00 
1.262829220e+00 1.623945122e+00 1.591642465e+00 
1.244994340e+00 1.556186152e+00 1.227089384e+00 
1.319787186e+00 1.633321818e+00 1.678347854e+00 
1.337974492e+00 1.598529339e+00 1.490029042e+00 
