1.410592963e+00 1.557772484e+00 1.309131724e+00 
1.384665729e+00 1.573307524e+00 1.419177768e+00 
1.399778730e+00 1.623783998e+00 1.659801078e+00 
1.381539959e+00 1.522384356e+00 1.083730685e+00 
1.384673727e+00 1.554496724e+00 1.282013469e+00 
1.420999314e+00 1.544768712e+00 1.227826115e+00 
1.386613171e+00 1.569882867e+00 1.377230497e+00 
1.399245550e+00 1.545910264e+00 1.216372544e+00 
1.365062016e+00 1.578469327e+00 1.421029347e+00 
1.404883933e+00 1.558864403e+00 1.299578889e+00 
1.420628753e+00 1.545165773e+00 1.216388930e+00 
1.389594983e+00 1.591870161e+00 1.485801832e+00 
1.362769339e+00 1.583382966e+00 1.427288666e+00 
1.401634198e+00 1.531367878e+00 1.139900703e+00 
1.374259379e+00 1.568443518e+00 1.361254486e+00 
1.422634845e+00 1.575342466e+00 1.419997051e+00 
1.359097059e+00 1.550029780e+00 1.219534975e+00 
1.392794066e+00 1.546654755e+00 1.228956725e+00 
1.379760469e+00 1.592316855e+00 1.505808714e+00 
1.360529981e+00 1.565217391e+00 1.327008471e+00 
1.371137607e+00 1.568493151e+00 1.367612119e+00 
1.362938624e+00 1.561842366e+00 1.316210326e+00 
1.377907666e+00 1.542684137e+00 1.204148847e+00 
1.391770359e+00 1.517421084e+00 1.040226777e+00 
1.366225682e+00 1.578667858e+00 1.429730128e+00 
1.356001946e+00 1.542386341e+00 1.186665356e+00 
1.382470358e+00 1.561296407e+00 1.298661292e+00 
1.381770559e+00 1.561544570e+00 1.290370152e+00 
1.381719907e+00 1.670538019e+00 1.932900752e+00 
1.353754590e+00 1.560700814e+00 1.275639450e+00 
1.342711089e+00 1.595791146e+00 1.492978748e+00 
1.366781523e+00 1.598868374e+00 1.540923168e+00 
1.369516739e+00 1.604129442e+00 1.550885645e+00 
1.353782582e+00 1.575838793e+00 1.364449688e+00 
1.357534840e+00 1.550873536e+00 1.219764374e+00 
1.351492572e+00 1.532906492e+00 1.132445231e+00 
1.353272062e+00 1.562636490e+00 1.290042439e+00 
1.383703338e+00 1.538366091e+00 1.154942732e+00 
1.350172950e+00 1.640212428e+00 1.732553376e+00 
1.364332891e+00 1.587403216e+00 1.448311458e+00 
1.362849317e+00 1.626811594e+00 1.694571433e+00 
1.343328246e+00 1.607256303e+00 1.530878763e+00 
1.371296228e+00 1.598074251e+00 1.519048321e+00 
1.346717941e+00 1.580653167e+00 1.393911091e+00 
1.349249215e+00 1.569138376e+00 1.329073064e+00 
1.367341362e+00 1.568790947e+00 1.330941028e+00 
1.367294709e+00 1.606015485e+00 1.551115044e+00 
1.346776591e+00 1.584524519e+00 1.420701634e+00 
1.345724892e+00 1.578518960e+00 1.372511429e+00 
1.353322714e+00 1.615147905e+00 1.581608743e+00 
1.362656039e+00 1.541939647e+00 1.154598633e+00 
1.349935685e+00 1.603831646e+00 1.548132855e+00 
1.342375186e+00 1.624131427e+00 1.629471235e+00 
1.340411749e+00 1.570726623e+00 1.332661522e+00 
1.343588171e+00 1.551568394e+00 1.221681496e+00 
1.384113887e+00 1.566210046e+00 1.337462518e+00 
1.339882567e+00 1.590827874e+00 1.477314064e+00 
1.338392328e+00 1.585914235e+00 1.381474381e+00 
1.343384230e+00 1.564125472e+00 1.283865048e+00 
1.350170285e+00 1.618572563e+00 1.612315457e+00 
1.353581307e+00 1.543230097e+00 1.173753461e+00 
1.351022040e+00 1.564572166e+00 1.288731587e+00 
1.354747639e+00 1.625620409e+00 1.650428485e+00 
1.348406790e+00 1.590381179e+00 1.436136919e+00 
1.362999940e+00 1.640113163e+00 1.709498763e+00 
1.320204208e+00 1.539805440e+00 1.111340510e+00 
1.368037163e+00 1.645026802e+00 1.739402579e+00 
1.323436615e+00 1.564224737e+00 1.268757476e+00 
1.342821724e+00 1.614254517e+00 1.541939078e+00 
1.326409096e+00 1.617381378e+00 1.603270576e+00 
1.330068047e+00 1.541790748e+00 1.125137230e+00 
1.336759462e+00 1.591870161e+00 1.419636566e+00 
1.340373093e+00 1.579511614e+00 1.346507398e+00 
1.345674240e+00 1.550923169e+00 1.176080224e+00 
1.322731484e+00 1.625074449e+00 1.626554589e+00 
1.332482022e+00 1.606263649e+00 1.505464615e+00 
1.330815833e+00 1.647607703e+00 1.728915761e+00 
1.315085675e+00 1.596486004e+00 1.430369169e+00 
1.339539999e+00 1.583283701e+00 1.332677907e+00 
1.314529835e+00 1.596287473e+00 1.424191778e+00 
1.317395680e+00 1.607802263e+00 1.471710171e+00 
1.338825537e+00 1.575094302e+00 1.316898524e+00 
1.337939124e+00 1.557325789e+00 1.203886677e+00 
1.324057770e+00 1.575491364e+00 1.291664618e+00 
1.312443766e+00 1.577526305e+00 1.292434744e+00 
1.342131256e+00 1.555787175e+00 1.183584853e+00 
1.329758802e+00 1.580504268e+00 1.307034361e+00 
1.327715388e+00 1.563629144e+00 1.242245490e+00 
1.307158615e+00 1.536926742e+00 1.064575857e+00 
1.415770146e+00 1.661107802e+00 1.793114749e+00 
1.328621795e+00 1.594848124e+00 1.383604516e+00 
1.321594476e+00 1.583581497e+00 1.323157843e+00 
1.324044441e+00 1.564026206e+00 1.219551361e+00 
1.300436542e+00 1.576136589e+00 1.274492454e+00 
1.316615903e+00 1.647359539e+00 1.705664520e+00 
1.309841845e+00 1.565763351e+00 1.214389880e+00 
1.318777950e+00 1.566160413e+00 1.216978813e+00 
1.336866098e+00 1.558864403e+00 1.185108719e+00 
