2.000000000e+00 1.586634027e+00 1.542895206e+00 
1.302880969e+00 1.583647491e+00 1.487183603e+00 
1.983606557e+00 1.517796818e+00 1.132176621e+00 
1.415585887e+00 1.589082007e+00 1.531451134e+00 
1.300962224e+00 1.594418605e+00 1.580389387e+00 
1.980256593e+00 1.541738066e+00 1.240245253e+00 
1.306848182e+00 1.607588739e+00 1.618686099e+00 
1.354686386e+00 1.581248470e+00 1.476028442e+00 
1.971774768e+00 1.638041616e+00 1.804503796e+00 
1.653670706e+00 1.655177479e+00 1.918125933e+00 
1.321287954e+00 1.555789474e+00 1.344044428e+00 
1.364474697e+00 1.564357405e+00 1.395310017e+00 
1.309271561e+00 1.551676867e+00 1.305603261e+00 
1.450023521e+00 1.615618115e+00 1.690159382e+00 
1.301188168e+00 1.561615667e+00 1.374717108e+00 
1.298568781e+00 1.572974296e+00 1.425083864e+00 
1.594547398e+00 1.582913097e+00 1.489976406e+00 
1.566535994e+00 1.654638923e+00 1.876346243e+00 
1.960156807e+00 1.582521420e+00 1.510280404e+00 
1.307270135e+00 1.531603427e+00 1.192831806e+00 
1.307163222e+00 1.531652387e+00 1.192831806e+00 
1.956450463e+00 1.510110159e+00 1.064699934e+00 
1.419992872e+00 1.579388005e+00 1.461952073e+00 
1.953528154e+00 1.587466340e+00 1.491741971e+00 
1.300659301e+00 1.589424725e+00 1.511468148e+00 
1.950106914e+00 1.577184823e+00 1.429738536e+00 
1.311511048e+00 1.631187271e+00 1.782386081e+00 
1.948681397e+00 1.525189718e+00 1.133444617e+00 
1.946471846e+00 1.673390453e+00 2.000000000e+00 
1.318775481e+00 1.663647491e+00 1.932138099e+00 
1.942195296e+00 1.611897185e+00 1.632618012e+00 
1.320052031e+00 1.638482252e+00 1.813315571e+00 
1.938346401e+00 1.538261934e+00 1.214660610e+00 
1.288518888e+00 1.571358629e+00 1.421215672e+00 
1.936920884e+00 1.614638923e+00 1.631799432e+00 
1.296988596e+00 1.589424725e+00 1.495963276e+00 
1.934212402e+00 1.615422277e+00 1.637015874e+00 
1.933214540e+00 1.600930233e+00 1.588222076e+00 
1.336677120e+00 1.624088127e+00 1.701780011e+00 
1.304133999e+00 1.612778458e+00 1.629809158e+00 
1.285643621e+00 1.605091799e+00 1.583663708e+00 
1.646614398e+00 1.625703794e+00 1.715776126e+00 
1.928153956e+00 1.672802938e+00 1.978700865e+00 
1.927441197e+00 1.676083231e+00 2.000000000e+00 
1.923307199e+00 1.654296206e+00 1.861547598e+00 
1.552565930e+00 1.580807834e+00 1.484150041e+00 
1.384111190e+00 1.645924113e+00 1.816846701e+00 
1.575837491e+00 1.568372093e+00 1.401457394e+00 
1.917248753e+00 1.677649939e+00 2.000000000e+00 
1.916322167e+00 1.541982864e+00 1.195688811e+00 
1.908553100e+00 1.543011016e+00 1.214997673e+00 
1.398847470e+00 1.626976744e+00 1.715198305e+00 
1.433820385e+00 1.610428397e+00 1.628525111e+00 
1.433511761e+00 1.611456548e+00 1.621880166e+00 
1.394499644e+00 1.619388005e+00 1.649455082e+00 
1.308232359e+00 1.625018360e+00 1.671203634e+00 
1.301645046e+00 1.616058752e+00 1.629568400e+00 
1.895509622e+00 1.651897185e+00 1.840120058e+00 
1.579187455e+00 1.548788250e+00 1.247724829e+00 
1.431765502e+00 1.578800490e+00 1.426351861e+00 
